  0.30237416E+002
  0.30242894E+002
  0.30247077E+002
  0.30250354E+002
  0.30252962E+002
  0.30255063E+002
  0.30256772E+002
  0.30258172E+002
  0.30259326E+002
  0.30260284E+002
  0.30261082E+002
  0.30261754E+002
  0.30262320E+002
  0.30262802E+002
  0.30263214E+002
  0.30263570E+002
  0.30263881E+002
  0.30264154E+002
  0.30264397E+002
  0.30264617E+002
  0.30264817E+002
  0.30265003E+002
  0.30265178E+002
  0.30265344E+002
  0.30265504E+002
  0.30265661E+002
  0.30265815E+002
  0.30265968E+002
  0.30266122E+002
  0.30266277E+002
  0.30266434E+002
  0.30266595E+002
  0.30266758E+002
  0.30266926E+002
  0.30267098E+002
  0.30267274E+002
  0.30267455E+002
  0.30267641E+002
  0.30267831E+002
  0.30268026E+002
  0.30268226E+002
  0.30268431E+002
  0.30268639E+002
  0.30268852E+002
  0.30269069E+002
  0.30269289E+002
  0.30269513E+002
  0.30269740E+002
  0.30269969E+002
  0.30270201E+002
  0.30270434E+002
  0.30270669E+002
  0.30270904E+002
  0.30271140E+002
  0.30271375E+002
  0.30271610E+002
  0.30271844E+002
  0.30272075E+002
  0.30272304E+002
  0.30272530E+002
  0.30272753E+002
  0.30272970E+002
  0.30273183E+002
  0.30273391E+002
  0.30273592E+002
  0.30273786E+002
  0.30273973E+002
  0.30274151E+002
  0.30274322E+002
  0.30274483E+002
  0.30274634E+002
  0.30274775E+002
  0.30274905E+002
  0.30275024E+002
  0.30275132E+002
  0.30275227E+002
  0.30275311E+002
  0.30275381E+002
  0.30275438E+002
  0.30275483E+002
  0.30275513E+002
  0.30275530E+002
  0.30275533E+002
  0.30275521E+002
  0.30275496E+002
  0.30275456E+002
  0.30275402E+002
  0.30275334E+002
  0.30275252E+002
  0.30275155E+002
  0.30275045E+002
  0.30274921E+002
  0.30274784E+002
  0.30274633E+002
  0.30274469E+002
  0.30274293E+002
  0.30274104E+002
  0.30273903E+002
  0.30273691E+002
  0.30273467E+002
  0.30273232E+002
  0.30272987E+002
  0.30272732E+002
  0.30272467E+002
  0.30272192E+002
  0.30271909E+002
  0.30271617E+002
  0.30271317E+002
  0.30271009E+002
  0.30270693E+002
  0.30270371E+002
  0.30270042E+002
  0.30269706E+002
  0.30269365E+002
  0.30269018E+002
  0.30268665E+002
  0.30268308E+002
  0.30267946E+002
  0.30267579E+002
  0.30267208E+002
  0.30266834E+002
  0.30266455E+002
  0.30266074E+002
  0.30265689E+002
  0.30265301E+002
  0.30264911E+002
  0.30264519E+002
  0.30264124E+002
  0.30263728E+002
  0.30263330E+002
  0.30262930E+002
  0.30262529E+002
  0.30262127E+002
  0.30261725E+002
  0.30261322E+002
  0.30260918E+002
  0.30260514E+002
  0.30260111E+002
  0.30259707E+002
  0.30259304E+002
  0.30258902E+002
  0.30258500E+002
  0.30258099E+002
  0.30257700E+002
  0.30257302E+002
  0.30256905E+002
  0.30256511E+002
  0.30256118E+002
  0.30255727E+002
  0.30255339E+002
  0.30254953E+002
  0.30254570E+002
  0.30254190E+002
  0.30253812E+002
  0.30253438E+002
  0.30253067E+002
  0.30252699E+002
  0.30252335E+002
  0.30251975E+002
  0.30251618E+002
  0.30251265E+002
  0.30250917E+002
  0.30250572E+002
  0.30250232E+002
  0.30249896E+002
  0.30249565E+002
  0.30249239E+002
  0.30248917E+002
  0.30248600E+002
  0.30248287E+002
  0.30247980E+002
  0.30247677E+002
  0.30247380E+002
  0.30247088E+002
  0.30246801E+002
  0.30246519E+002
  0.30246242E+002
  0.30245970E+002
  0.30245704E+002
  0.30245443E+002
  0.30245188E+002
  0.30244937E+002
  0.30244692E+002
  0.30244452E+002
  0.30244218E+002
  0.30243989E+002
  0.30243765E+002
  0.30243547E+002
  0.30243333E+002
  0.30243125E+002
  0.30242922E+002
  0.30242724E+002
  0.30242532E+002
  0.30242344E+002
  0.30242161E+002
  0.30241983E+002
  0.30241811E+002
  0.30241643E+002
  0.30241479E+002
  0.30241321E+002
