  0.15071015E+001  0.10298380E+001  0.70413230E+001  0.11137142E+003
  0.15064333E+001  0.10297189E+001  0.70414990E+001  0.11139394E+003
  0.15046469E+001  0.10315014E+001  0.70490307E+001  0.11140314E+003
  0.15025685E+001  0.10340806E+001  0.70436194E+001  0.11142116E+003
  0.15016959E+001  0.10348868E+001  0.70434737E+001  0.11143181E+003
  0.15005828E+001  0.10359057E+001  0.70532269E+001  0.11143055E+003
  0.15002028E+001  0.10346824E+001  0.70613918E+001  0.11143082E+003
  0.15001732E+001  0.10320568E+001  0.70668153E+001  0.11143365E+003
  0.15000673E+001  0.10319553E+001  0.70740701E+001  0.11143122E+003
  0.15016754E+001  0.10302331E+001  0.70795131E+001  0.11142973E+003
  0.15005900E+001  0.10311608E+001  0.70820291E+001  0.11143056E+003
  0.15000968E+001  0.10317792E+001  0.70819383E+001  0.11143321E+003
  0.15000278E+001  0.10316733E+001  0.70828247E+001  0.11143477E+003
  0.15000445E+001  0.10310303E+001  0.70857339E+001  0.11143441E+003
  0.15000581E+001  0.10308844E+001  0.70859186E+001  0.11143601E+003
  0.14986486E+001  0.10322246E+001  0.70860437E+001  0.11143738E+003
  0.14986540E+001  0.10321420E+001  0.70861042E+001  0.11143864E+003
  0.14992318E+001  0.10315189E+001  0.70862097E+001  0.11143967E+003
  0.15009338E+001  0.10297849E+001  0.70863034E+001  0.11144058E+003
  0.15007890E+001  0.10299027E+001  0.70903004E+001  0.11137929E+003
  0.15008207E+001  0.10298583E+001  0.70900173E+001  0.11138573E+003
  0.15008234E+001  0.10298616E+001  0.70865258E+001  0.11144282E+003
  0.15008369E+001  0.10298603E+001  0.70865765E+001  0.11144345E+003
  0.15008496E+001  0.10296505E+001  0.70868362E+001  0.11144405E+003
  0.15008630E+001  0.10296556E+001  0.70890108E+001  0.11144250E+003
  0.15008762E+001  0.10296613E+001  0.70890551E+001  0.11144306E+003
  0.15008893E+001  0.10296694E+001  0.70890961E+001  0.11144362E+003
  0.15009023E+001  0.10296786E+001  0.70891354E+001  0.11144417E+003
  0.15008524E+001  0.10297511E+001  0.70891730E+001  0.11144472E+003
  0.15008649E+001  0.10297619E+001  0.70890079E+001  0.11144549E+003
  0.15008773E+001  0.10297732E+001  0.70890431E+001  0.11144606E+003
  0.15008894E+001  0.10297849E+001  0.70890770E+001  0.11144664E+003
  0.15009013E+001  0.10297974E+001  0.70891095E+001  0.11144724E+003
  0.15009130E+001  0.10298087E+001  0.70891423E+001  0.11144785E+003
  0.15008178E+001  0.10299286E+001  0.70891723E+001  0.11144849E+003
  0.15008289E+001  0.10299424E+001  0.70892013E+001  0.11144914E+003
  0.15009465E+001  0.10298515E+001  0.70892277E+001  0.11144981E+003
  0.15009572E+001  0.10298660E+001  0.70892548E+001  0.11145050E+003
  0.15009676E+001  0.10298807E+001  0.70892811E+001  0.11145121E+003
  0.15009777E+001  0.10298956E+001  0.70893068E+001  0.11145194E+003
  0.15009876E+001  0.10299107E+001  0.70893320E+001  0.11145269E+003
  0.15009973E+001  0.10299261E+001  0.70893566E+001  0.11145346E+003
  0.15010066E+001  0.10299413E+001  0.70893809E+001  0.11145424E+003
  0.15010157E+001  0.10299566E+001  0.70894050E+001  0.11145505E+003
  0.15010267E+001  0.10299697E+001  0.70894290E+001  0.11145586E+003
  0.15010352E+001  0.10299849E+001  0.70896553E+001  0.11145650E+003
  0.15010435E+001  0.10299999E+001  0.70896793E+001  0.11145734E+003
  0.15010516E+001  0.10300146E+001  0.70897035E+001  0.11145820E+003
  0.15010593E+001  0.10300293E+001  0.70897278E+001  0.11145907E+003
  0.15011510E+001  0.10299594E+001  0.70897523E+001  0.11145995E+003
  0.15011582E+001  0.10299735E+001  0.70897770E+001  0.11146084E+003
  0.15011651E+001  0.10299873E+001  0.70898019E+001  0.11146173E+003
  0.15011717E+001  0.10300008E+001  0.70898272E+001  0.11146263E+003
  0.15011779E+001  0.10300140E+001  0.70898527E+001  0.11146353E+003
  0.15011839E+001  0.10300268E+001  0.70898784E+001  0.11146443E+003
  0.15011894E+001  0.10300393E+001  0.70899044E+001  0.11146532E+003
  0.15011947E+001  0.10300515E+001  0.70899305E+001  0.11146621E+003
  0.15011995E+001  0.10300633E+001  0.70899568E+001  0.11146710E+003
  0.15012040E+001  0.10300748E+001  0.70899832E+001  0.11146797E+003
  0.15012094E+001  0.10300845E+001  0.70900097E+001  0.11146883E+003
  0.15012131E+001  0.10300963E+001  0.70900350E+001  0.11146968E+003
  0.15012163E+001  0.10301066E+001  0.70900613E+001  0.11147051E+003
  0.15012191E+001  0.10301166E+001  0.70900875E+001  0.11147132E+003
  0.15012215E+001  0.10301262E+001  0.70901134E+001  0.11147212E+003
  0.15012233E+001  0.10301354E+001  0.70901389E+001  0.11147288E+003
  0.15012247E+001  0.10301443E+001  0.70901640E+001  0.11147362E+003
  0.15012256E+001  0.10301526E+001  0.70901886E+001  0.11147434E+003
  0.15012259E+001  0.10301606E+001  0.70902125E+001  0.11147502E+003
  0.15012257E+001  0.10303835E+001  0.70900203E+001  0.11147567E+003
  0.15012250E+001  0.10303905E+001  0.70900428E+001  0.11147629E+003
  0.15012324E+001  0.10303884E+001  0.70900643E+001  0.11147686E+003
  0.15012305E+001  0.10303943E+001  0.70900850E+001  0.11147740E+003
  0.15012282E+001  0.10303996E+001  0.70901046E+001  0.11147790E+003
  0.15012252E+001  0.10304041E+001  0.70901233E+001  0.11147836E+003
  0.15012217E+001  0.10304080E+001  0.70901410E+001  0.11147877E+003
  0.15012177E+001  0.10304112E+001  0.70901575E+001  0.11147914E+003
  0.15012340E+001  0.10303946E+001  0.70901710E+001  0.11147946E+003
  0.15012297E+001  0.10303978E+001  0.70901829E+001  0.11147973E+003
  0.15012241E+001  0.10304012E+001  0.70901936E+001  0.11147995E+003
  0.15012179E+001  0.10304036E+001  0.70902032E+001  0.11148012E+003
  0.15012113E+001  0.10304051E+001  0.70902118E+001  0.11148024E+003
  0.15012042E+001  0.10304150E+001  0.70902102E+001  0.11148030E+003
  0.15011966E+001  0.10304147E+001  0.70902167E+001  0.11148032E+003
  0.15011887E+001  0.10304135E+001  0.70902222E+001  0.11148027E+003
  0.15011804E+001  0.10304114E+001  0.70902267E+001  0.11148018E+003
  0.15011717E+001  0.10304084E+001  0.70902302E+001  0.11148003E+003
  0.15011627E+001  0.10304046E+001  0.70902327E+001  0.11147982E+003
  0.15011534E+001  0.10303999E+001  0.70902341E+001  0.11147956E+003
  0.15011438E+001  0.10303945E+001  0.70902345E+001  0.11147925E+003
  0.15011340E+001  0.10303884E+001  0.70902338E+001  0.11147888E+003
  0.15011241E+001  0.10303815E+001  0.70902321E+001  0.11147846E+003
  0.15011139E+001  0.10303739E+001  0.70902294E+001  0.11147798E+003
  0.15011037E+001  0.10303658E+001  0.70902256E+001  0.11147745E+003
  0.15010933E+001  0.10303570E+001  0.70902207E+001  0.11147687E+003
  0.15010829E+001  0.10303477E+001  0.70902147E+001  0.11147625E+003
  0.15010725E+001  0.10303379E+001  0.70902076E+001  0.11147557E+003
  0.15010620E+001  0.10303276E+001  0.70901994E+001  0.11147484E+003
  0.15010515E+001  0.10303169E+001  0.70901901E+001  0.11147407E+003
  0.15010411E+001  0.10303059E+001  0.70901796E+001  0.11147325E+003
  0.15010306E+001  0.10302948E+001  0.70901677E+001  0.11147239E+003
  0.15010203E+001  0.10302831E+001  0.70901549E+001  0.11147148E+003
  0.15010100E+001  0.10302710E+001  0.70901410E+001  0.11147054E+003
  0.15009998E+001  0.10302588E+001  0.70901260E+001  0.11146956E+003
  0.15009898E+001  0.10302464E+001  0.70901098E+001  0.11146853E+003
  0.15009798E+001  0.10302338E+001  0.70900924E+001  0.11146748E+003
  0.15009699E+001  0.10302210E+001  0.70900739E+001  0.11146638E+003
  0.15009602E+001  0.10302082E+001  0.70900542E+001  0.11146526E+003
  0.15009505E+001  0.10301953E+001  0.70900333E+001  0.11146410E+003
  0.15009410E+001  0.10301824E+001  0.70900112E+001  0.11146291E+003
  0.15009316E+001  0.10301694E+001  0.70899880E+001  0.11146170E+003
  0.15009223E+001  0.10301565E+001  0.70899637E+001  0.11146045E+003
  0.15009131E+001  0.10301437E+001  0.70899382E+001  0.11145919E+003
  0.15009041E+001  0.10301309E+001  0.70899115E+001  0.11145789E+003
  0.15008951E+001  0.10301183E+001  0.70898838E+001  0.11145658E+003
  0.15008863E+001  0.10301058E+001  0.70898549E+001  0.11145524E+003
  0.15008775E+001  0.10300934E+001  0.70898250E+001  0.11145388E+003
  0.15008689E+001  0.10300813E+001  0.70897940E+001  0.11145250E+003
  0.15008603E+001  0.10300693E+001  0.70897620E+001  0.11145110E+003
  0.15008518E+001  0.10300576E+001  0.70897290E+001  0.11144969E+003
  0.15008434E+001  0.10300462E+001  0.70896951E+001  0.11144826E+003
  0.15008351E+001  0.10300350E+001  0.70896603E+001  0.11144682E+003
  0.15008269E+001  0.10300241E+001  0.70896246E+001  0.11144536E+003
  0.15008187E+001  0.10300135E+001  0.70895882E+001  0.11144389E+003
  0.15008106E+001  0.10300032E+001  0.70895511E+001  0.11144240E+003
  0.15008026E+001  0.10299933E+001  0.70895133E+001  0.11144091E+003
  0.15007946E+001  0.10299837E+001  0.70894750E+001  0.11143941E+003
  0.15007868E+001  0.10299744E+001  0.70894362E+001  0.11143789E+003
  0.15007790E+001  0.10299655E+001  0.70893971E+001  0.11143637E+003
  0.15007714E+001  0.10299570E+001  0.70893577E+001  0.11143484E+003
  0.15007638E+001  0.10299488E+001  0.70893182E+001  0.11143330E+003
  0.15007564E+001  0.10299410E+001  0.70892786E+001  0.11143176E+003
  0.15007491E+001  0.10299336E+001  0.70892391E+001  0.11143021E+003
  0.15007419E+001  0.10299265E+001  0.70891997E+001  0.11142866E+003
  0.15007349E+001  0.10299198E+001  0.70891607E+001  0.11142710E+003
  0.15007281E+001  0.10299135E+001  0.70891221E+001  0.11142554E+003
  0.15007214E+001  0.10299074E+001  0.70890840E+001  0.11142397E+003
  0.15007150E+001  0.10299018E+001  0.70890466E+001  0.11142241E+003
  0.15007087E+001  0.10298965E+001  0.70890099E+001  0.11142084E+003
  0.15007027E+001  0.10298915E+001  0.70889741E+001  0.11141927E+003
  0.15006969E+001  0.10298868E+001  0.70889393E+001  0.11141771E+003
  0.15006914E+001  0.10298824E+001  0.70889057E+001  0.11141614E+003
  0.15006861E+001  0.10298783E+001  0.70888732E+001  0.11141458E+003
  0.15006811E+001  0.10298746E+001  0.70888420E+001  0.11141301E+003
  0.15006764E+001  0.10298710E+001  0.70888121E+001  0.11141145E+003
  0.15006721E+001  0.10298678E+001  0.70887837E+001  0.11140990E+003
  0.15006680E+001  0.10298648E+001  0.70887567E+001  0.11140835E+003
  0.15006642E+001  0.10298621E+001  0.70887314E+001  0.11140680E+003
  0.15006607E+001  0.10298595E+001  0.70887076E+001  0.11140526E+003
  0.15006576E+001  0.10298573E+001  0.70886854E+001  0.11140372E+003
  0.15006548E+001  0.10298552E+001  0.70886650E+001  0.11140220E+003
  0.15006523E+001  0.10298533E+001  0.70886461E+001  0.11140068E+003
  0.15006502E+001  0.10298516E+001  0.70886290E+001  0.11139916E+003
  0.15006483E+001  0.10298501E+001  0.70886135E+001  0.11139766E+003
  0.15006468E+001  0.10298488E+001  0.70885997E+001  0.11139617E+003
  0.15006456E+001  0.10298477E+001  0.70885875E+001  0.11139468E+003
  0.15006447E+001  0.10298467E+001  0.70885769E+001  0.11139321E+003
  0.15006441E+001  0.10298459E+001  0.70885679E+001  0.11139175E+003
  0.15006437E+001  0.10298452E+001  0.70885605E+001  0.11139030E+003
  0.15006436E+001  0.10298446E+001  0.70885545E+001  0.11138887E+003
  0.15006438E+001  0.10298442E+001  0.70885499E+001  0.11138745E+003
  0.15006442E+001  0.10298439E+001  0.70885466E+001  0.11138604E+003
  0.15006449E+001  0.10298437E+001  0.70885447E+001  0.11138465E+003
  0.15006457E+001  0.10298436E+001  0.70885440E+001  0.11138327E+003
  0.15006468E+001  0.10298437E+001  0.70885444E+001  0.11138191E+003
  0.15006480E+001  0.10298438E+001  0.70885459E+001  0.11138056E+003
  0.15006494E+001  0.10298440E+001  0.70885484E+001  0.11137923E+003
  0.15006509E+001  0.10298443E+001  0.70885518E+001  0.11137792E+003
  0.15006526E+001  0.10298447E+001  0.70885561E+001  0.11137663E+003
  0.15006544E+001  0.10298452E+001  0.70885611E+001  0.11137535E+003
  0.15006562E+001  0.10298457E+001  0.70885669E+001  0.11137409E+003
  0.15006582E+001  0.10298463E+001  0.70885733E+001  0.11137286E+003
  0.15006602E+001  0.10298469E+001  0.70885802E+001  0.11137164E+003
  0.15006623E+001  0.10298476E+001  0.70885876E+001  0.11137044E+003
  0.15006644E+001  0.10298483E+001  0.70885954E+001  0.11136926E+003
  0.15006666E+001  0.10298491E+001  0.70886036E+001  0.11136810E+003
  0.15006687E+001  0.10298499E+001  0.70886121E+001  0.11136696E+003
  0.15006709E+001  0.10298507E+001  0.70886208E+001  0.11136584E+003
  0.15006731E+001  0.10298515E+001  0.70886297E+001  0.11136474E+003
  0.15006752E+001  0.10298524E+001  0.70886387E+001  0.11136366E+003
  0.15006773E+001  0.10298533E+001  0.70886477E+001  0.11136261E+003
  0.15006794E+001  0.10298542E+001  0.70886569E+001  0.11136157E+003
  0.15006815E+001  0.10298551E+001  0.70886660E+001  0.11136056E+003
  0.15006835E+001  0.10298560E+001  0.70886750E+001  0.11135957E+003
  0.15006855E+001  0.10298569E+001  0.70886840E+001  0.11135860E+003
  0.15006874E+001  0.10298578E+001  0.70886928E+001  0.11135765E+003
  0.15006892E+001  0.10298587E+001  0.70887016E+001  0.11135672E+003
  0.15006910E+001  0.10298595E+001  0.70887101E+001  0.11135581E+003
  0.15006928E+001  0.10298604E+001  0.70887185E+001  0.11135493E+003
  0.15006944E+001  0.10298613E+001  0.70887267E+001  0.11135406E+003
  0.15006960E+001  0.10298621E+001  0.70887346E+001  0.11135322E+003
  0.15006976E+001  0.10298629E+001  0.70887423E+001  0.11135240E+003
  0.15006990E+001  0.10298637E+001  0.70887498E+001  0.11135160E+003
  0.15007004E+001  0.10298645E+001  0.70887571E+001  0.11135082E+003
  0.15007018E+001  0.10298652E+001  0.70887640E+001  0.11135006E+003
  0.15007030E+001  0.10298660E+001  0.70887707E+001  0.11134932E+003
  0.15007042E+001  0.10298667E+001  0.70887772E+001  0.11134860E+003
  0.15007054E+001  0.10298674E+001  0.70887834E+001  0.11134790E+003
  0.15007065E+001  0.10298680E+001  0.70887893E+001  0.11134722E+003
  0.15007075E+001  0.10298687E+001  0.70887950E+001  0.11134656E+003
  0.15007084E+001  0.10298693E+001  0.70888004E+001  0.11134592E+003
