  0.36544153E-001  0.37207889E+000  0.31419242E+001  0.11739913E+003
  0.36572056E-001  0.37223105E+000  0.31420044E+001  0.11742078E+003
  0.36593900E-001  0.37235722E+000  0.31420603E+001  0.11743731E+003
  0.36602711E-001  0.37246892E+000  0.31421021E+001  0.11745026E+003
  0.36607075E-001  0.37256161E+000  0.31421360E+001  0.11746056E+003
  0.36610816E-001  0.37263501E+000  0.31421661E+001  0.11746885E+003
  0.36613173E-001  0.37269293E+000  0.31421946E+001  0.11747560E+003
  0.36615535E-001  0.37273658E+000  0.31422232E+001  0.11748113E+003
  0.36617845E-001  0.37276823E+000  0.31422526E+001  0.11748568E+003
  0.36620057E-001  0.37278982E+000  0.31422836E+001  0.11748946E+003
  0.36622124E-001  0.37280301E+000  0.31423163E+001  0.11749260E+003
  0.36624024E-001  0.37280916E+000  0.31423511E+001  0.11749524E+003
  0.36625744E-001  0.37280943E+000  0.31423878E+001  0.11749747E+003
  0.36626594E-001  0.37280548E+000  0.31424266E+001  0.11749936E+003
  0.36627182E-001  0.37279753E+000  0.31424672E+001  0.11750098E+003
  0.36627559E-001  0.37278624E+000  0.31425097E+001  0.11750237E+003
  0.36627755E-001  0.37277218E+000  0.31425539E+001  0.11750358E+003
  0.36627798E-001  0.37275580E+000  0.31425998E+001  0.11750465E+003
  0.36627713E-001  0.37273750E+000  0.31426471E+001  0.11750559E+003
  0.36626857E-001  0.37271829E+000  0.31426958E+001  0.11750644E+003
  0.36623048E-001  0.37270068E+000  0.31427458E+001  0.11750721E+003
  0.36619205E-001  0.37268200E+000  0.31427969E+001  0.11750793E+003
  0.36615360E-001  0.37266245E+000  0.31428490E+001  0.11750860E+003
  0.36611539E-001  0.37264208E+000  0.31429022E+001  0.11750924E+003
  0.36607764E-001  0.37262093E+000  0.31429565E+001  0.11750985E+003
  0.36604052E-001  0.37259918E+000  0.31430118E+001  0.11751044E+003
  0.36600418E-001  0.37257703E+000  0.31430678E+001  0.11751103E+003
  0.36596874E-001  0.37255463E+000  0.31431245E+001  0.11751161E+003
  0.36593427E-001  0.37253211E+000  0.31431819E+001  0.11751219E+003
  0.36590087E-001  0.37250961E+000  0.31432397E+001  0.11751278E+003
  0.36586858E-001  0.37248722E+000  0.31432979E+001  0.11751338E+003
  0.36583746E-001  0.37246504E+000  0.31433565E+001  0.11751399E+003
  0.36580754E-001  0.37244316E+000  0.31434154E+001  0.11751461E+003
  0.36577883E-001  0.37242164E+000  0.31434744E+001  0.11751524E+003
  0.36575136E-001  0.37240056E+000  0.31435336E+001  0.11751590E+003
  0.36572514E-001  0.37237996E+000  0.31435929E+001  0.11751657E+003
  0.36570016E-001  0.37235990E+000  0.31436521E+001  0.11751725E+003
  0.36567642E-001  0.37234042E+000  0.31437112E+001  0.11751796E+003
  0.36565392E-001  0.37232156E+000  0.31437701E+001  0.11751868E+003
  0.36563265E-001  0.37230334E+000  0.31438286E+001  0.11751942E+003
  0.36561259E-001  0.37228563E+000  0.31438869E+001  0.11752019E+003
  0.36559372E-001  0.37226838E+000  0.31439449E+001  0.11752096E+003
  0.36557603E-001  0.37225164E+000  0.31440024E+001  0.11752176E+003
  0.36555949E-001  0.37223542E+000  0.31440593E+001  0.11752257E+003
  0.36554408E-001  0.37221976E+000  0.31441154E+001  0.11752340E+003
  0.36552978E-001  0.37220468E+000  0.31441705E+001  0.11752424E+003
  0.36551656E-001  0.37219021E+000  0.31442246E+001  0.11752510E+003
  0.36550440E-001  0.37217637E+000  0.31442775E+001  0.11752597E+003
  0.36549326E-001  0.37216319E+000  0.31443290E+001  0.11752685E+003
  0.36548312E-001  0.37215069E+000  0.31443789E+001  0.11752774E+003
  0.36547395E-001  0.37213889E+000  0.31444273E+001  0.11752864E+003
  0.36546570E-001  0.37212782E+000  0.31444739E+001  0.11752954E+003
  0.36545834E-001  0.37211749E+000  0.31445187E+001  0.11753045E+003
  0.36545182E-001  0.37210792E+000  0.31445616E+001  0.11753136E+003
  0.36544611E-001  0.37209914E+000  0.31446024E+001  0.11753227E+003
  0.36544115E-001  0.37209114E+000  0.31446412E+001  0.11753318E+003
  0.36543689E-001  0.37208396E+000  0.31446777E+001  0.11753408E+003
  0.36543328E-001  0.37207759E+000  0.31447121E+001  0.11753498E+003
  0.36543025E-001  0.37207203E+000  0.31447441E+001  0.11753587E+003
  0.36542775E-001  0.37206730E+000  0.31447738E+001  0.11753675E+003
  0.36542572E-001  0.37206339E+000  0.31448012E+001  0.11753762E+003
  0.36542409E-001  0.37207417E+000  0.31448122E+001  0.11753847E+003
  0.36542280E-001  0.37208330E+000  0.31448233E+001  0.11753930E+003
  0.36542180E-001  0.37209066E+000  0.31448345E+001  0.11754011E+003
  0.36542102E-001  0.37209633E+000  0.31448457E+001  0.11754090E+003
  0.36542042E-001  0.37210037E+000  0.31448569E+001  0.11754166E+003
  0.36541994E-001  0.37210286E+000  0.31448681E+001  0.11754239E+003
  0.36541956E-001  0.37210387E+000  0.31448790E+001  0.11754310E+003
  0.36541922E-001  0.37210348E+000  0.31448898E+001  0.11754377E+003
  0.36541890E-001  0.37210176E+000  0.31449003E+001  0.11754440E+003
  0.36541857E-001  0.37209881E+000  0.31449105E+001  0.11754500E+003
  0.36541822E-001  0.37209467E+000  0.31449204E+001  0.11754556E+003
  0.36541783E-001  0.37208943E+000  0.31449299E+001  0.11754607E+003
  0.36541739E-001  0.37208315E+000  0.31449391E+001  0.11754655E+003
  0.36541689E-001  0.37208022E+000  0.31449435E+001  0.11754698E+003
  0.36541634E-001  0.37208456E+000  0.31449392E+001  0.11754736E+003
  0.36541584E-001  0.37208896E+000  0.31449337E+001  0.11754769E+003
  0.36541545E-001  0.37209335E+000  0.31449268E+001  0.11754798E+003
  0.36541518E-001  0.37209766E+000  0.31449187E+001  0.11754821E+003
  0.36541504E-001  0.37210182E+000  0.31449095E+001  0.11754839E+003
  0.36541504E-001  0.37210578E+000  0.31448991E+001  0.11754852E+003
  0.36541515E-001  0.37210947E+000  0.31448878E+001  0.11754860E+003
  0.36541538E-001  0.37211286E+000  0.31448754E+001  0.11754862E+003
  0.36541571E-001  0.37211588E+000  0.31448619E+001  0.11754858E+003
  0.36541611E-001  0.37211851E+000  0.31448474E+001  0.11754849E+003
  0.36541658E-001  0.37212070E+000  0.31448319E+001  0.11754834E+003
  0.36541709E-001  0.37212244E+000  0.31448152E+001  0.11754814E+003
  0.36541760E-001  0.37212371E+000  0.31447975E+001  0.11754789E+003
  0.36541811E-001  0.37212448E+000  0.31447786E+001  0.11754758E+003
  0.36541857E-001  0.37212476E+000  0.31447584E+001  0.11754721E+003
  0.36541897E-001  0.37212454E+000  0.31447370E+001  0.11754679E+003
  0.36541929E-001  0.37212383E+000  0.31447143E+001  0.11754632E+003
  0.36541950E-001  0.37212263E+000  0.31446902E+001  0.11754579E+003
  0.36541960E-001  0.37212097E+000  0.31446647E+001  0.11754522E+003
  0.36541957E-001  0.37211886E+000  0.31446378E+001  0.11754459E+003
  0.36541940E-001  0.37211633E+000  0.31446094E+001  0.11754392E+003
  0.36541910E-001  0.37211340E+000  0.31445794E+001  0.11754320E+003
  0.36541866E-001  0.37211011E+000  0.31445479E+001  0.11754243E+003
  0.36541809E-001  0.37210650E+000  0.31445148E+001  0.11754161E+003
  0.36541741E-001  0.37210260E+000  0.31444801E+001  0.11754076E+003
  0.36541661E-001  0.37209845E+000  0.31444437E+001  0.11753986E+003
  0.36541572E-001  0.37209409E+000  0.31444057E+001  0.11753892E+003
  0.36541476E-001  0.37208958E+000  0.31443661E+001  0.11753794E+003
  0.36541374E-001  0.37208495E+000  0.31443249E+001  0.11753693E+003
  0.36541268E-001  0.37208025E+000  0.31442820E+001  0.11753588E+003
  0.36541160E-001  0.37207552E+000  0.31442375E+001  0.11753479E+003
  0.36541051E-001  0.37207080E+000  0.31441914E+001  0.11753368E+003
  0.36540944E-001  0.37206614E+000  0.31441437E+001  0.11753253E+003
  0.36540840E-001  0.37206158E+000  0.31440946E+001  0.11753135E+003
  0.36540741E-001  0.37205715E+000  0.31440439E+001  0.11753015E+003
  0.36540649E-001  0.37205289E+000  0.31439919E+001  0.11752891E+003
  0.36540564E-001  0.37204883E+000  0.31439385E+001  0.11752765E+003
  0.36540488E-001  0.37204499E+000  0.31438839E+001  0.11752637E+003
  0.36540422E-001  0.37204141E+000  0.31438280E+001  0.11752506E+003
  0.36540366E-001  0.37203810E+000  0.31437711E+001  0.11752374E+003
  0.36540321E-001  0.37203507E+000  0.31437132E+001  0.11752239E+003
  0.36540289E-001  0.37203235E+000  0.31436545E+001  0.11752102E+003
  0.36540268E-001  0.37202994E+000  0.31435950E+001  0.11751963E+003
  0.36540259E-001  0.37202784E+000  0.31435349E+001  0.11751823E+003
  0.36540262E-001  0.37202607E+000  0.31434743E+001  0.11751681E+003
  0.36540277E-001  0.37202460E+000  0.31434134E+001  0.11751537E+003
  0.36540303E-001  0.37202345E+000  0.31433523E+001  0.11751392E+003
  0.36540340E-001  0.37202261E+000  0.31432912E+001  0.11751245E+003
  0.36540388E-001  0.37202206E+000  0.31432303E+001  0.11751098E+003
  0.36540446E-001  0.37202179E+000  0.31431696E+001  0.11750949E+003
  0.36540513E-001  0.37202179E+000  0.31431093E+001  0.11750799E+003
  0.36540589E-001  0.37202204E+000  0.31430497E+001  0.11750648E+003
  0.36540672E-001  0.37202252E+000  0.31429908E+001  0.11750496E+003
  0.36540763E-001  0.37202322E+000  0.31429327E+001  0.11750343E+003
  0.36540859E-001  0.37202412E+000  0.31428757E+001  0.11750189E+003
  0.36540961E-001  0.37202520E+000  0.31428199E+001  0.11750035E+003
  0.36541068E-001  0.37202644E+000  0.31427654E+001  0.11749880E+003
  0.36541178E-001  0.37202782E+000  0.31427122E+001  0.11749724E+003
  0.36541291E-001  0.37202932E+000  0.31426606E+001  0.11749568E+003
  0.36541406E-001  0.37203093E+000  0.31426106E+001  0.11749412E+003
  0.36541522E-001  0.37203261E+000  0.31425623E+001  0.11749255E+003
  0.36541640E-001  0.37203437E+000  0.31425158E+001  0.11749098E+003
  0.36541757E-001  0.37203618E+000  0.31424711E+001  0.11748941E+003
  0.36541874E-001  0.37203803E+000  0.31424282E+001  0.11748783E+003
  0.36541990E-001  0.37203990E+000  0.31423873E+001  0.11748626E+003
  0.36542105E-001  0.37204177E+000  0.31423484E+001  0.11748469E+003
  0.36542217E-001  0.37204365E+000  0.31423114E+001  0.11748312E+003
  0.36542328E-001  0.37204551E+000  0.31422764E+001  0.11748155E+003
  0.36542435E-001  0.37204735E+000  0.31422434E+001  0.11747998E+003
  0.36542540E-001  0.37204916E+000  0.31422123E+001  0.11747842E+003
  0.36542641E-001  0.37205093E+000  0.31421832E+001  0.11747686E+003
  0.36542738E-001  0.37205265E+000  0.31421559E+001  0.11747531E+003
  0.36542832E-001  0.37205433E+000  0.31421305E+001  0.11747376E+003
  0.36542923E-001  0.37205595E+000  0.31421069E+001  0.11747222E+003
  0.36543009E-001  0.37205750E+000  0.31420851E+001  0.11747069E+003
  0.36543091E-001  0.37205900E+000  0.31420649E+001  0.11746916E+003
  0.36543170E-001  0.37206043E+000  0.31420463E+001  0.11746765E+003
  0.36543244E-001  0.37206180E+000  0.31420293E+001  0.11746614E+003
  0.36543314E-001  0.37206310E+000  0.31420138E+001  0.11746464E+003
  0.36543381E-001  0.37206433E+000  0.31419997E+001  0.11746316E+003
  0.36543443E-001  0.37206549E+000  0.31419870E+001  0.11746169E+003
  0.36543502E-001  0.37206659E+000  0.31419755E+001  0.11746023E+003
  0.36543557E-001  0.37206762E+000  0.31419651E+001  0.11745878E+003
  0.36543608E-001  0.37206859E+000  0.31419559E+001  0.11745734E+003
  0.36543656E-001  0.37206950E+000  0.31419477E+001  0.11745593E+003
  0.36543701E-001  0.37207034E+000  0.31419405E+001  0.11745452E+003
  0.36543742E-001  0.37207113E+000  0.31419342E+001  0.11745313E+003
  0.36543780E-001  0.37207186E+000  0.31419286E+001  0.11745176E+003
  0.36543816E-001  0.37207253E+000  0.31419239E+001  0.11745040E+003
  0.36543848E-001  0.37207316E+000  0.31419198E+001  0.11744906E+003
  0.36543878E-001  0.37207373E+000  0.31419163E+001  0.11744774E+003
  0.36543905E-001  0.37207426E+000  0.31419134E+001  0.11744644E+003
  0.36543930E-001  0.37207475E+000  0.31419110E+001  0.11744515E+003
  0.36543953E-001  0.37207519E+000  0.31419091E+001  0.11744388E+003
  0.36543974E-001  0.37207559E+000  0.31419076E+001  0.11744264E+003
  0.36543992E-001  0.37207596E+000  0.31419064E+001  0.11744141E+003
  0.36544009E-001  0.37207629E+000  0.31419056E+001  0.11744020E+003
  0.36544025E-001  0.37207659E+000  0.31419050E+001  0.11743901E+003
  0.36544038E-001  0.37207686E+000  0.31419047E+001  0.11743784E+003
  0.36544051E-001  0.37207711E+000  0.31419046E+001  0.11743669E+003
  0.36544062E-001  0.37207733E+000  0.31419046E+001  0.11743556E+003
  0.36544072E-001  0.37207752E+000  0.31419049E+001  0.11743446E+003
  0.36544081E-001  0.37207770E+000  0.31419052E+001  0.11743337E+003
  0.36544089E-001  0.37207785E+000  0.31419056E+001  0.11743230E+003
  0.36544096E-001  0.37207799E+000  0.31419061E+001  0.11743126E+003
  0.36544103E-001  0.37207811E+000  0.31419067E+001  0.11743024E+003
  0.36544108E-001  0.37207822E+000  0.31419073E+001  0.11742923E+003
  0.36544114E-001  0.37207831E+000  0.31419080E+001  0.11742825E+003
  0.36544118E-001  0.37207840E+000  0.31419087E+001  0.11742729E+003
  0.36544122E-001  0.37207847E+000  0.31419094E+001  0.11742635E+003
  0.36544126E-001  0.37207853E+000  0.31419101E+001  0.11742544E+003
  0.36544129E-001  0.37207859E+000  0.31419108E+001  0.11742454E+003
  0.36544133E-001  0.37207864E+000  0.31419114E+001  0.11742367E+003
  0.36544135E-001  0.37207868E+000  0.31419121E+001  0.11742281E+003
  0.36544138E-001  0.37207872E+000  0.31419127E+001  0.11742198E+003
  0.36544141E-001  0.37207875E+000  0.31419134E+001  0.11742117E+003
  0.36544143E-001  0.37207878E+000  0.31419140E+001  0.11742037E+003
  0.36544145E-001  0.37207880E+000  0.31419145E+001  0.11741960E+003
  0.36544147E-001  0.37207883E+000  0.31419151E+001  0.11741885E+003
  0.36544150E-001  0.37207885E+000  0.31419156E+001  0.11741812E+003
  0.36544152E-001  0.37207887E+000  0.31419161E+001  0.11741741E+003
  0.36544154E-001  0.37207889E+000  0.31419166E+001  0.11741672E+003
  0.36544157E-001  0.37207891E+000  0.31419171E+001  0.11741604E+003
  0.36544160E-001  0.37207893E+000  0.31419175E+001  0.11741539E+003
  0.36544162E-001  0.37207895E+000  0.31419179E+001  0.11741476E+003
