  0.10556793E+000
  0.10608657E+000
  0.10635012E+000
  0.10649788E+000
  0.10658385E+000
  0.10663412E+000
  0.10666269E+000
  0.10667779E+000
  0.10668440E+000
  0.10668549E+000
  0.10668301E+000
  0.10667842E+000
  0.10667263E+000
  0.10666620E+000
  0.10665951E+000
  0.10665281E+000
  0.10664624E+000
  0.10663992E+000
  0.10663394E+000
  0.10662832E+000
  0.10662311E+000
  0.10661831E+000
  0.10661393E+000
  0.10660995E+000
  0.10660637E+000
  0.10660318E+000
  0.10660035E+000
  0.10659787E+000
  0.10659571E+000
  0.10659386E+000
  0.10659229E+000
  0.10659098E+000
  0.10658991E+000
  0.10658907E+000
  0.10658842E+000
  0.10658796E+000
  0.10658766E+000
  0.10658750E+000
  0.10658747E+000
  0.10658755E+000
  0.10658772E+000
  0.10658798E+000
  0.10658831E+000
  0.10658870E+000
  0.10658913E+000
  0.10658961E+000
  0.10659011E+000
  0.10659063E+000
  0.10659117E+000
  0.10659171E+000
  0.10659226E+000
  0.10659281E+000
  0.10659335E+000
  0.10659388E+000
  0.10659440E+000
  0.10659490E+000
  0.10659539E+000
  0.10659585E+000
  0.10659628E+000
  0.10659669E+000
  0.10659708E+000
  0.10659743E+000
  0.10659775E+000
  0.10659804E+000
  0.10659830E+000
  0.10659852E+000
  0.10659871E+000
  0.10659886E+000
  0.10659898E+000
  0.10659906E+000
  0.10659910E+000
  0.10659911E+000
  0.10659909E+000
  0.10659903E+000
  0.10659893E+000
  0.10659880E+000
  0.10659863E+000
  0.10659844E+000
  0.10659820E+000
  0.10659794E+000
  0.10659764E+000
  0.10659732E+000
  0.10659696E+000
  0.10659656E+000
  0.10659614E+000
  0.10659568E+000
  0.10659519E+000
  0.10659467E+000
  0.10659412E+000
  0.10659353E+000
  0.10659292E+000
  0.10659227E+000
  0.10659158E+000
  0.10659087E+000
  0.10659012E+000
  0.10658934E+000
  0.10658853E+000
  0.10658769E+000
  0.10658682E+000
  0.10658592E+000
  0.10658499E+000
  0.10658403E+000
  0.10658305E+000
  0.10658204E+000
  0.10658100E+000
  0.10657994E+000
  0.10657885E+000
  0.10657774E+000
  0.10657661E+000
  0.10657546E+000
  0.10657428E+000
  0.10657309E+000
  0.10657188E+000
  0.10657065E+000
  0.10656941E+000
  0.10656815E+000
  0.10656687E+000
  0.10656558E+000
  0.10656427E+000
  0.10656296E+000
  0.10656162E+000
  0.10656028E+000
  0.10655893E+000
  0.10655756E+000
  0.10655619E+000
  0.10655480E+000
  0.10655341E+000
  0.10655200E+000
  0.10655059E+000
  0.10654917E+000
  0.10654775E+000
  0.10654631E+000
  0.10654488E+000
  0.10654343E+000
  0.10654198E+000
  0.10654053E+000
  0.10653907E+000
  0.10653761E+000
  0.10653614E+000
  0.10653467E+000
  0.10653320E+000
  0.10653173E+000
  0.10653026E+000
  0.10652879E+000
  0.10652731E+000
  0.10652584E+000
  0.10652437E+000
  0.10652290E+000
  0.10652144E+000
  0.10651998E+000
  0.10651852E+000
  0.10651706E+000
  0.10651561E+000
  0.10651417E+000
  0.10651273E+000
  0.10651130E+000
  0.10650988E+000
  0.10650847E+000
  0.10650706E+000
  0.10650566E+000
  0.10650428E+000
  0.10650290E+000
  0.10650154E+000
  0.10650019E+000
  0.10649885E+000
  0.10649752E+000
  0.10649620E+000
  0.10649490E+000
  0.10649362E+000
  0.10649235E+000
  0.10649109E+000
  0.10648985E+000
  0.10648863E+000
  0.10648742E+000
  0.10648623E+000
  0.10648506E+000
  0.10648390E+000
  0.10648276E+000
  0.10648164E+000
  0.10648054E+000
  0.10647946E+000
  0.10647840E+000
  0.10647735E+000
  0.10647633E+000
  0.10647532E+000
  0.10647434E+000
  0.10647337E+000
  0.10647242E+000
  0.10647150E+000
  0.10647059E+000
  0.10646970E+000
  0.10646884E+000
  0.10646799E+000
  0.10646716E+000
  0.10646635E+000
  0.10646556E+000
  0.10646479E+000
  0.10646404E+000
  0.10646331E+000
  0.10646261E+000
