  0.15876857E+001
  0.15856930E+001
  0.15842042E+001
  0.15830749E+001
  0.15822173E+001
  0.15815716E+001
  0.15810943E+001
  0.15807523E+001
  0.15805195E+001
  0.15803759E+001
  0.15803046E+001
  0.15802923E+001
  0.15803283E+001
  0.15804037E+001
  0.15805113E+001
  0.15806454E+001
  0.15808009E+001
  0.15809739E+001
  0.15811610E+001
  0.15813596E+001
  0.15815673E+001
  0.15817822E+001
  0.15820029E+001
  0.15822279E+001
  0.15824561E+001
  0.15826867E+001
  0.15829188E+001
  0.15831517E+001
  0.15833850E+001
  0.15836180E+001
  0.15838502E+001
  0.15840814E+001
  0.15843112E+001
  0.15845391E+001
  0.15847650E+001
  0.15849884E+001
  0.15852090E+001
  0.15854267E+001
  0.15856411E+001
  0.15858519E+001
  0.15860588E+001
  0.15862616E+001
  0.15864599E+001
  0.15866534E+001
  0.15868419E+001
  0.15870251E+001
  0.15872026E+001
  0.15873741E+001
  0.15875394E+001
  0.15876982E+001
  0.15878503E+001
  0.15879953E+001
  0.15881330E+001
  0.15882633E+001
  0.15883859E+001
  0.15885006E+001
  0.15886074E+001
  0.15887060E+001
  0.15887965E+001
  0.15888787E+001
  0.15889526E+001
  0.15890183E+001
  0.15890758E+001
  0.15891251E+001
  0.15891663E+001
  0.15891997E+001
  0.15892253E+001
  0.15892433E+001
  0.15892541E+001
  0.15892577E+001
  0.15892546E+001
  0.15892449E+001
  0.15892291E+001
  0.15892075E+001
  0.15891804E+001
  0.15891484E+001
  0.15891116E+001
  0.15890707E+001
  0.15890261E+001
  0.15889781E+001
  0.15889273E+001
  0.15888741E+001
  0.15888190E+001
  0.15887624E+001
  0.15887047E+001
  0.15886465E+001
  0.15885880E+001
  0.15885297E+001
  0.15884719E+001
  0.15884149E+001
  0.15883592E+001
  0.15883048E+001
  0.15882521E+001
  0.15882013E+001
  0.15881524E+001
  0.15881058E+001
  0.15880613E+001
  0.15880192E+001
  0.15879795E+001
  0.15879422E+001
  0.15879072E+001
  0.15878747E+001
  0.15878444E+001
  0.15878164E+001
  0.15877907E+001
  0.15877670E+001
  0.15877454E+001
  0.15877258E+001
  0.15877080E+001
  0.15876920E+001
  0.15876776E+001
  0.15876648E+001
  0.15876534E+001
  0.15876434E+001
  0.15876347E+001
  0.15876271E+001
  0.15876207E+001
  0.15876152E+001
  0.15876106E+001
  0.15876069E+001
  0.15876040E+001
  0.15876017E+001
  0.15876001E+001
  0.15875991E+001
  0.15875986E+001
  0.15875985E+001
  0.15875989E+001
  0.15875996E+001
  0.15876007E+001
  0.15876020E+001
  0.15876036E+001
  0.15876055E+001
  0.15876075E+001
  0.15876097E+001
  0.15876120E+001
  0.15876145E+001
  0.15876170E+001
  0.15876196E+001
  0.15876223E+001
  0.15876250E+001
  0.15876277E+001
  0.15876304E+001
  0.15876332E+001
  0.15876359E+001
  0.15876386E+001
  0.15876413E+001
  0.15876439E+001
  0.15876465E+001
  0.15876490E+001
  0.15876515E+001
  0.15876539E+001
  0.15876563E+001
  0.15876585E+001
  0.15876607E+001
  0.15876628E+001
  0.15876649E+001
  0.15876668E+001
  0.15876687E+001
  0.15876705E+001
  0.15876722E+001
  0.15876738E+001
  0.15876753E+001
  0.15876768E+001
  0.15876782E+001
  0.15876794E+001
  0.15876807E+001
  0.15876818E+001
  0.15876828E+001
  0.15876838E+001
  0.15876847E+001
  0.15876856E+001
  0.15876863E+001
  0.15876870E+001
  0.15876877E+001
  0.15876883E+001
  0.15876888E+001
  0.15876893E+001
  0.15876897E+001
  0.15876901E+001
  0.15876904E+001
  0.15876907E+001
  0.15876909E+001
  0.15876911E+001
  0.15876913E+001
  0.15876914E+001
  0.15876915E+001
  0.15876916E+001
  0.15876916E+001
  0.15876916E+001
  0.15876916E+001
  0.15876916E+001
  0.15876916E+001
  0.15876915E+001
  0.15876915E+001
  0.15876914E+001
  0.15876913E+001
  0.15876912E+001
  0.15876911E+001
  0.15876910E+001
  0.15876908E+001
