  0.11304208E+001  0.57753024E+000  0.89457270E+000  0.37482194E+001
  0.11231135E+001  0.57477899E+000  0.90138060E+000  0.37434994E+001
  0.11168777E+001  0.57283679E+000  0.90784986E+000  0.37392528E+001
  0.11119330E+001  0.57494871E+000  0.90517050E+000  0.37402477E+001
  0.11102857E+001  0.57420368E+000  0.90395142E+000  0.37404288E+001
  0.11026701E+001  0.58048618E+000  0.90408387E+000  0.37390467E+001
  0.11015912E+001  0.57598775E+000  0.90864884E+000  0.37381500E+001
  0.11010427E+001  0.57374297E+000  0.91062297E+000  0.37376009E+001
  0.11002418E+001  0.57390099E+000  0.91102111E+000  0.37369146E+001
  0.11000069E+001  0.57073265E+000  0.91380909E+000  0.37369554E+001
  0.10970061E+001  0.57338411E+000  0.91376464E+000  0.37370640E+001
  0.10966563E+001  0.57320130E+000  0.91410806E+000  0.37372041E+001
  0.10960958E+001  0.57362255E+000  0.91421563E+000  0.37373795E+001
  0.10960868E+001  0.57151096E+000  0.91632779E+000  0.37376896E+001
  0.10960207E+001  0.57114460E+000  0.91683454E+000  0.37380459E+001
  0.10912456E+001  0.57598340E+000  0.91690798E+000  0.37384450E+001
  0.10913262E+001  0.57598413E+000  0.91698301E+000  0.37389107E+001
  0.10913902E+001  0.57600830E+000  0.91712983E+000  0.37393678E+001
  0.10915144E+001  0.57606194E+000  0.91722486E+000  0.37398435E+001
  0.10914733E+001  0.57628470E+000  0.91769530E+000  0.37384115E+001
  0.10916192E+001  0.57633281E+000  0.91780151E+000  0.37390862E+001
  0.10917814E+001  0.57640438E+000  0.91760728E+000  0.37413364E+001
  0.10919608E+001  0.57647215E+000  0.91773420E+000  0.37418448E+001
  0.10921471E+001  0.57614599E+000  0.91826411E+000  0.37423547E+001
  0.10923422E+001  0.57621857E+000  0.91839009E+000  0.37428740E+001
  0.10925433E+001  0.57626040E+000  0.91856147E+000  0.37433821E+001
  0.10927493E+001  0.57633579E+000  0.91870321E+000  0.37438873E+001
  0.10929594E+001  0.57641211E+000  0.91884708E+000  0.37443889E+001
  0.10929765E+001  0.57668520E+000  0.91899258E+000  0.37448860E+001
  0.10931759E+001  0.57677888E+000  0.91895744E+000  0.37455600E+001
  0.10933933E+001  0.57685655E+000  0.91910498E+000  0.37460466E+001
  0.10936119E+001  0.57692891E+000  0.91925835E+000  0.37465271E+001
  0.10938309E+001  0.57700645E+000  0.91940661E+000  0.37470012E+001
  0.10940500E+001  0.57708194E+000  0.91955654E+000  0.37474685E+001
  0.10936172E+001  0.57781005E+000  0.91970443E+000  0.37479286E+001
  0.10938345E+001  0.57788645E+000  0.91985179E+000  0.37483812E+001
  0.10947019E+001  0.57731217E+000  0.91999666E+000  0.37488259E+001
  0.10949158E+001  0.57738683E+000  0.92014235E+000  0.37492624E+001
  0.10951272E+001  0.57746053E+000  0.92028691E+000  0.37496902E+001
  0.10953356E+001  0.57753315E+000  0.92043018E+000  0.37501091E+001
  0.10955405E+001  0.57760458E+000  0.92057198E+000  0.37505186E+001
  0.10957416E+001  0.57768006E+000  0.92070676E+000  0.37509184E+001
  0.10959382E+001  0.57774875E+000  0.92084510E+000  0.37513079E+001
  0.10961301E+001  0.57781588E+000  0.92098145E+000  0.37516867E+001
  0.10963180E+001  0.57788013E+000  0.92111563E+000  0.37520543E+001
  0.10964991E+001  0.57794381E+000  0.92143018E+000  0.37522276E+001
  0.10966740E+001  0.57800561E+000  0.92155960E+000  0.37525714E+001
  0.10968591E+001  0.57804882E+000  0.92168633E+000  0.37529026E+001
  0.10970208E+001  0.57810647E+000  0.92181017E+000  0.37532207E+001
  0.10973729E+001  0.57796424E+000  0.92193093E+000  0.37535253E+001
  0.10975200E+001  0.57801724E+000  0.92204841E+000  0.37538159E+001
  0.10976593E+001  0.57806780E+000  0.92216241E+000  0.37540921E+001
  0.10977905E+001  0.57811584E+000  0.92227272E+000  0.37543535E+001
  0.10979134E+001  0.57816128E+000  0.92237915E+000  0.37545997E+001
  0.10980279E+001  0.57820405E+000  0.92248147E+000  0.37548306E+001
  0.10981337E+001  0.57824407E+000  0.92257949E+000  0.37550457E+001
  0.10982307E+001  0.57828131E+000  0.92267300E+000  0.37552449E+001
  0.10983190E+001  0.57831571E+000  0.92276179E+000  0.37554280E+001
  0.10983984E+001  0.57834725E+000  0.92284567E+000  0.37555950E+001
  0.10984690E+001  0.57837595E+000  0.92292444E+000  0.37557457E+001
  0.10985310E+001  0.57842331E+000  0.92297634E+000  0.37558803E+001
  0.10985843E+001  0.57844623E+000  0.92304435E+000  0.37559988E+001
  0.10986292E+001  0.57846654E+000  0.92310651E+000  0.37561012E+001
  0.10986659E+001  0.57848380E+000  0.92316315E+000  0.37561879E+001
  0.10986946E+001  0.57850941E+000  0.92320280E+000  0.37562589E+001
  0.10987156E+001  0.57852119E+000  0.92324760E+000  0.37563147E+001
  0.10987293E+001  0.57853043E+000  0.92328628E+000  0.37563556E+001
  0.10987359E+001  0.57853700E+000  0.92331899E+000  0.37563819E+001
  0.10987359E+001  0.57894339E+000  0.92294336E+000  0.37563941E+001
  0.10987295E+001  0.57894517E+000  0.92296395E+000  0.37563926E+001
  0.10987229E+001  0.57893914E+000  0.92297862E+000  0.37563781E+001
  0.10987053E+001  0.57893650E+000  0.92298747E+000  0.37563509E+001
  0.10986827E+001  0.57893183E+000  0.92299067E+000  0.37563117E+001
  0.10986555E+001  0.57892528E+000  0.92298842E+000  0.37562612E+001
  0.10986243E+001  0.57891699E+000  0.92298096E+000  0.37562000E+001
  0.10985893E+001  0.57890709E+000  0.92296855E+000  0.37561289E+001
  0.10985512E+001  0.57889576E+000  0.92295148E+000  0.37560486E+001
  0.10985118E+001  0.57888167E+000  0.92293009E+000  0.37559598E+001
  0.10984685E+001  0.57886808E+000  0.92290476E+000  0.37558635E+001
  0.10984231E+001  0.57885351E+000  0.92287589E+000  0.37557605E+001
  0.10983763E+001  0.57883813E+000  0.92284386E+000  0.37556515E+001
  0.10983282E+001  0.57884619E+000  0.92278497E+000  0.37555376E+001
  0.10982794E+001  0.57882963E+000  0.92274784E+000  0.37554197E+001
  0.10982301E+001  0.57881269E+000  0.92270879E+000  0.37552985E+001
  0.10981806E+001  0.57879552E+000  0.92266819E+000  0.37551751E+001
  0.10981314E+001  0.57877824E+000  0.92262646E+000  0.37550502E+001
  0.10980826E+001  0.57876098E+000  0.92258396E+000  0.37549248E+001
  0.10980346E+001  0.57874384E+000  0.92254104E+000  0.37547996E+001
  0.10979876E+001  0.57872692E+000  0.92249805E+000  0.37546754E+001
  0.10979417E+001  0.57871032E+000  0.92245529E+000  0.37545529E+001
  0.10978972E+001  0.57869411E+000  0.92241303E+000  0.37544327E+001
  0.10978543E+001  0.57867836E+000  0.92237154E+000  0.37543155E+001
  0.10978130E+001  0.57866313E+000  0.92233102E+000  0.37542017E+001
  0.10977735E+001  0.57864846E+000  0.92229169E+000  0.37540918E+001
  0.10977359E+001  0.57863439E+000  0.92225369E+000  0.37539862E+001
  0.10977002E+001  0.57862096E+000  0.92221717E+000  0.37538852E+001
  0.10976665E+001  0.57860816E+000  0.92218224E+000  0.37537889E+001
  0.10976348E+001  0.57859603E+000  0.92214896E+000  0.37536976E+001
  0.10976052E+001  0.57858455E+000  0.92211741E+000  0.37536114E+001
  0.10975775E+001  0.57857415E+000  0.92208719E+000  0.37535303E+001
  0.10975519E+001  0.57856398E+000  0.92205916E+000  0.37534544E+001
  0.10975282E+001  0.57855444E+000  0.92203289E+000  0.37533836E+001
  0.10975064E+001  0.57854551E+000  0.92200837E+000  0.37533178E+001
  0.10974865E+001  0.57853719E+000  0.92198556E+000  0.37532569E+001
  0.10974685E+001  0.57852943E+000  0.92196442E+000  0.37532008E+001
  0.10974521E+001  0.57852223E+000  0.92194489E+000  0.37531493E+001
  0.10974374E+001  0.57851555E+000  0.92192691E+000  0.37531023E+001
  0.10974244E+001  0.57850937E+000  0.92191041E+000  0.37530595E+001
  0.10974128E+001  0.57850366E+000  0.92189531E+000  0.37530207E+001
  0.10974027E+001  0.57849840E+000  0.92188154E+000  0.37529857E+001
  0.10973939E+001  0.57849357E+000  0.92186903E+000  0.37529544E+001
  0.10973863E+001  0.57848913E+000  0.92185768E+000  0.37529264E+001
  0.10973800E+001  0.57848507E+000  0.92184743E+000  0.37529017E+001
  0.10973748E+001  0.57848137E+000  0.92183819E+000  0.37528798E+001
  0.10973706E+001  0.57847800E+000  0.92182990E+000  0.37528608E+001
  0.10973674E+001  0.57847495E+000  0.92182247E+000  0.37528443E+001
  0.10973650E+001  0.57847220E+000  0.92181585E+000  0.37528301E+001
  0.10973634E+001  0.57846973E+000  0.92180995E+000  0.37528182E+001
  0.10973626E+001  0.57846754E+000  0.92180472E+000  0.37528082E+001
  0.10973625E+001  0.57846560E+000  0.92180010E+000  0.37528000E+001
  0.10973629E+001  0.57846390E+000  0.92179603E+000  0.37527936E+001
  0.10973639E+001  0.57846244E+000  0.92179246E+000  0.37527886E+001
  0.10973654E+001  0.57846119E+000  0.92178934E+000  0.37527851E+001
  0.10973673E+001  0.57846015E+000  0.92178663E+000  0.37527827E+001
  0.10973696E+001  0.57845932E+000  0.92178428E+000  0.37527815E+001
  0.10973722E+001  0.57845868E+000  0.92178227E+000  0.37527814E+001
  0.10973751E+001  0.57845821E+000  0.92178055E+000  0.37527821E+001
  0.10973783E+001  0.57845793E+000  0.92177909E+000  0.37527836E+001
  0.10973817E+001  0.57845780E+000  0.92177787E+000  0.37527859E+001
  0.10973852E+001  0.57845783E+000  0.92177687E+000  0.37527887E+001
  0.10973888E+001  0.57845801E+000  0.92177604E+000  0.37527922E+001
  0.10973926E+001  0.57845832E+000  0.92177539E+000  0.37527961E+001
  0.10973964E+001  0.57845876E+000  0.92177489E+000  0.37528004E+001
  0.10974003E+001  0.57845933E+000  0.92177452E+000  0.37528051E+001
  0.10974042E+001  0.57846000E+000  0.92177427E+000  0.37528101E+001
  0.10974081E+001  0.57846078E+000  0.92177412E+000  0.37528153E+001
  0.10974120E+001  0.57846165E+000  0.92177407E+000  0.37528208E+001
  0.10974158E+001  0.57846260E+000  0.92177411E+000  0.37528264E+001
  0.10974196E+001  0.57846363E+000  0.92177421E+000  0.37528321E+001
  0.10974234E+001  0.57846473E+000  0.92177439E+000  0.37528379E+001
  0.10974270E+001  0.57846588E+000  0.92177462E+000  0.37528438E+001
  0.10974306E+001  0.57846708E+000  0.92177491E+000  0.37528497E+001
  0.10974341E+001  0.57846833E+000  0.92177524E+000  0.37528556E+001
  0.10974374E+001  0.57846960E+000  0.92177562E+000  0.37528615E+001
  0.10974407E+001  0.57847090E+000  0.92177603E+000  0.37528673E+001
  0.10974438E+001  0.57847222E+000  0.92177647E+000  0.37528731E+001
  0.10974469E+001  0.57847355E+000  0.92177694E+000  0.37528788E+001
  0.10974498E+001  0.57847488E+000  0.92177743E+000  0.37528844E+001
  0.10974525E+001  0.57847620E+000  0.92177795E+000  0.37528899E+001
  0.10974552E+001  0.57847752E+000  0.92177847E+000  0.37528953E+001
  0.10974577E+001  0.57847883E+000  0.92177901E+000  0.37529005E+001
  0.10974602E+001  0.57848011E+000  0.92177956E+000  0.37529057E+001
  0.10974625E+001  0.57848138E+000  0.92178012E+000  0.37529106E+001
  0.10974646E+001  0.57848261E+000  0.92178067E+000  0.37529154E+001
  0.10974667E+001  0.57848381E+000  0.92178123E+000  0.37529201E+001
  0.10974686E+001  0.57848498E+000  0.92178179E+000  0.37529245E+001
  0.10974704E+001  0.57848612E+000  0.92178234E+000  0.37529289E+001
  0.10974721E+001  0.57848721E+000  0.92178288E+000  0.37529330E+001
  0.10974738E+001  0.57848826E+000  0.92178342E+000  0.37529369E+001
  0.10974753E+001  0.57848927E+000  0.92178395E+000  0.37529407E+001
  0.10974767E+001  0.57849024E+000  0.92178446E+000  0.37529443E+001
  0.10974780E+001  0.57849116E+000  0.92178496E+000  0.37529477E+001
  0.10974792E+001  0.57849204E+000  0.92178544E+000  0.37529510E+001
  0.10974803E+001  0.57849287E+000  0.92178591E+000  0.37529540E+001
  0.10974813E+001  0.57849366E+000  0.92178636E+000  0.37529569E+001
  0.10974823E+001  0.57849441E+000  0.92178679E+000  0.37529596E+001
  0.10974832E+001  0.57849511E+000  0.92178720E+000  0.37529621E+001
  0.10974840E+001  0.57849577E+000  0.92178760E+000  0.37529645E+001
  0.10974847E+001  0.57849639E+000  0.92178797E+000  0.37529667E+001
  0.10974854E+001  0.57849697E+000  0.92178832E+000  0.37529687E+001
  0.10974860E+001  0.57849751E+000  0.92178865E+000  0.37529706E+001
  0.10974866E+001  0.57849801E+000  0.92178896E+000  0.37529723E+001
  0.10974871E+001  0.57849847E+000  0.92178925E+000  0.37529738E+001
  0.10974875E+001  0.57849890E+000  0.92178952E+000  0.37529753E+001
  0.10974879E+001  0.57849930E+000  0.92178977E+000  0.37529765E+001
  0.10974883E+001  0.57849967E+000  0.92178999E+000  0.37529777E+001
  0.10974886E+001  0.57850000E+000  0.92179020E+000  0.37529787E+001
  0.10974889E+001  0.57850031E+000  0.92179039E+000  0.37529796E+001
  0.10974891E+001  0.57850059E+000  0.92179057E+000  0.37529804E+001
  0.10974894E+001  0.57850085E+000  0.92179072E+000  0.37529810E+001
  0.10974895E+001  0.57850108E+000  0.92179086E+000  0.37529816E+001
  0.10974897E+001  0.57850129E+000  0.92179098E+000  0.37529821E+001
  0.10974899E+001  0.57850148E+000  0.92179109E+000  0.37529824E+001
  0.10974900E+001  0.57850165E+000  0.92179119E+000  0.37529827E+001
  0.10974901E+001  0.57850180E+000  0.92179127E+000  0.37529829E+001
  0.10974902E+001  0.57850194E+000  0.92179134E+000  0.37529830E+001
  0.10974902E+001  0.57850206E+000  0.92179140E+000  0.37529831E+001
  0.10974903E+001  0.57850217E+000  0.92179145E+000  0.37529830E+001
  0.10974903E+001  0.57850227E+000  0.92179149E+000  0.37529829E+001
  0.10974903E+001  0.57850235E+000  0.92179152E+000  0.37529828E+001
  0.10974904E+001  0.57850243E+000  0.92179155E+000  0.37529826E+001
  0.10974904E+001  0.57850249E+000  0.92179157E+000  0.37529824E+001
  0.10974904E+001  0.57850255E+000  0.92179158E+000  0.37529821E+001
  0.10974904E+001  0.57850260E+000  0.92179159E+000  0.37529818E+001
  0.10974904E+001  0.57850264E+000  0.92179159E+000  0.37529814E+001
  0.10974904E+001  0.57850268E+000  0.92179159E+000  0.37529810E+001
  0.10974904E+001  0.57850271E+000  0.92179158E+000  0.37529806E+001
  0.10974903E+001  0.57850274E+000  0.92179157E+000  0.37529802E+001
  0.10974903E+001  0.57850276E+000  0.92179156E+000  0.37529797E+001
  0.10974903E+001  0.57850276E+000  0.92179153E+000  0.37529793E+001
