 -0.15576191E+000  0.23181266E+000  0.22812896E+001  0.39934029E+001
 -0.15597422E+000  0.23102803E+000  0.22795898E+001  0.39881289E+001
 -0.15613340E+000  0.23039155E+000  0.22781848E+001  0.39843742E+001
 -0.15624263E+000  0.22987416E+000  0.22770369E+001  0.39816316E+001
 -0.15631856E+000  0.22946478E+000  0.22761120E+001  0.39796114E+001
 -0.15637113E+000  0.22914994E+000  0.22753797E+001  0.39781285E+001
 -0.15640401E+000  0.22891366E+000  0.22748127E+001  0.39770554E+001
 -0.15642274E+000  0.22874496E+000  0.22743865E+001  0.39763008E+001
 -0.15643014E+000  0.22863282E+000  0.22740792E+001  0.39757967E+001
 -0.15642732E+000  0.22856788E+000  0.22738725E+001  0.39754910E+001
 -0.15641663E+000  0.22854222E+000  0.22737502E+001  0.39753430E+001
 -0.15640001E+000  0.22854920E+000  0.22736992E+001  0.39753213E+001
 -0.15637887E+000  0.22858320E+000  0.22737081E+001  0.39754011E+001
 -0.15635336E+000  0.22863861E+000  0.22737673E+001  0.39755626E+001
 -0.15632513E+000  0.22871228E+000  0.22738687E+001  0.39757899E+001
 -0.15629493E+000  0.22880097E+000  0.22740058E+001  0.39760701E+001
 -0.15626328E+000  0.22890191E+000  0.22741727E+001  0.39763928E+001
 -0.15623066E+000  0.22901281E+000  0.22743646E+001  0.39767494E+001
 -0.15619741E+000  0.22913172E+000  0.22745775E+001  0.39771329E+001
 -0.15616311E+000  0.22925633E+000  0.22748080E+001  0.39775377E+001
 -0.15612572E+000  0.22938301E+000  0.22750533E+001  0.39779591E+001
 -0.15608836E+000  0.22951354E+000  0.22753109E+001  0.39783934E+001
 -0.15605123E+000  0.22964696E+000  0.22755789E+001  0.39788374E+001
 -0.15601452E+000  0.22978258E+000  0.22758553E+001  0.39792886E+001
 -0.15597837E+000  0.22991980E+000  0.22761386E+001  0.39797450E+001
 -0.15594291E+000  0.23005796E+000  0.22764275E+001  0.39802048E+001
 -0.15590823E+000  0.23019643E+000  0.22767209E+001  0.39806665E+001
 -0.15587444E+000  0.23033472E+000  0.22770180E+001  0.39811292E+001
 -0.15584158E+000  0.23047235E+000  0.22773178E+001  0.39815918E+001
 -0.15580972E+000  0.23060893E+000  0.22776196E+001  0.39820534E+001
 -0.15577891E+000  0.23074411E+000  0.22779227E+001  0.39825136E+001
 -0.15574916E+000  0.23087758E+000  0.22782263E+001  0.39829716E+001
 -0.15572052E+000  0.23100904E+000  0.22785298E+001  0.39834269E+001
 -0.15569299E+000  0.23113824E+000  0.22788325E+001  0.39838792E+001
 -0.15566660E+000  0.23126496E+000  0.22791339E+001  0.39843280E+001
 -0.15564135E+000  0.23138897E+000  0.22794334E+001  0.39847729E+001
 -0.15561725E+000  0.23151008E+000  0.22797303E+001  0.39852136E+001
 -0.15559429E+000  0.23162811E+000  0.22800240E+001  0.39856495E+001
 -0.15557249E+000  0.23174289E+000  0.22803141E+001  0.39860804E+001
 -0.15555184E+000  0.23185425E+000  0.22805999E+001  0.39865057E+001
 -0.15553235E+000  0.23196223E+000  0.22808808E+001  0.39869250E+001
 -0.15551399E+000  0.23206675E+000  0.22811562E+001  0.39873378E+001
 -0.15549678E+000  0.23216766E+000  0.22814255E+001  0.39877436E+001
 -0.15548072E+000  0.23226482E+000  0.22816883E+001  0.39881418E+001
 -0.15546578E+000  0.23235809E+000  0.22819441E+001  0.39885317E+001
 -0.15545197E+000  0.23244734E+000  0.22821925E+001  0.39889129E+001
 -0.15543929E+000  0.23253245E+000  0.22824329E+001  0.39892846E+001
 -0.15542772E+000  0.23261329E+000  0.22826651E+001  0.39896463E+001
 -0.15541727E+000  0.23268976E+000  0.22828885E+001  0.39899972E+001
 -0.15540791E+000  0.23276176E+000  0.22831028E+001  0.39903368E+001
 -0.15539965E+000  0.23282921E+000  0.22833076E+001  0.39906644E+001
 -0.15539246E+000  0.23289203E+000  0.22835027E+001  0.39909794E+001
 -0.15538633E+000  0.23295017E+000  0.22836876E+001  0.39912812E+001
 -0.15538126E+000  0.23300359E+000  0.22838620E+001  0.39915693E+001
 -0.15537721E+000  0.23305226E+000  0.22840258E+001  0.39918431E+001
 -0.15537416E+000  0.23309618E+000  0.22841787E+001  0.39921022E+001
 -0.15537210E+000  0.23313537E+000  0.22843206E+001  0.39923461E+001
 -0.15537098E+000  0.23316986E+000  0.22844512E+001  0.39925744E+001
 -0.15537078E+000  0.23319972E+000  0.22845706E+001  0.39927868E+001
 -0.15537147E+000  0.23322503E+000  0.22846787E+001  0.39929830E+001
 -0.15537301E+000  0.23324588E+000  0.22847754E+001  0.39931627E+001
 -0.15537536E+000  0.23324860E+000  0.22848747E+001  0.39933257E+001
 -0.15537847E+000  0.23324956E+000  0.22849604E+001  0.39934720E+001
 -0.15538230E+000  0.23324904E+000  0.22850326E+001  0.39936014E+001
 -0.15538682E+000  0.23324713E+000  0.22850915E+001  0.39937140E+001
 -0.15539197E+000  0.23324392E+000  0.22851374E+001  0.39938098E+001
 -0.15539771E+000  0.23323952E+000  0.22851708E+001  0.39938890E+001
 -0.15540399E+000  0.23323402E+000  0.22851921E+001  0.39939517E+001
 -0.15541077E+000  0.23322754E+000  0.22852017E+001  0.39939983E+001
 -0.15541801E+000  0.23322018E+000  0.22852001E+001  0.39940291E+001
 -0.15542566E+000  0.23321204E+000  0.22851878E+001  0.39940446E+001
 -0.15543368E+000  0.23320324E+000  0.22851654E+001  0.39940453E+001
 -0.15544202E+000  0.23319386E+000  0.22851334E+001  0.39940317E+001
 -0.15545065E+000  0.23318402E+000  0.22850925E+001  0.39940046E+001
 -0.15545953E+000  0.23316948E+000  0.22850475E+001  0.39939648E+001
 -0.15546861E+000  0.23314651E+000  0.22850030E+001  0.39939130E+001
 -0.15547782E+000  0.23312240E+000  0.22849522E+001  0.39938502E+001
 -0.15548713E+000  0.23309736E+000  0.22848959E+001  0.39937774E+001
 -0.15549652E+000  0.23307156E+000  0.22848344E+001  0.39936955E+001
 -0.15550597E+000  0.23304518E+000  0.22847683E+001  0.39936055E+001
 -0.15551546E+000  0.23301837E+000  0.22846982E+001  0.39935087E+001
 -0.15552496E+000  0.23299129E+000  0.22846246E+001  0.39934061E+001
 -0.15553442E+000  0.23296405E+000  0.22845480E+001  0.39932989E+001
 -0.15554384E+000  0.23293678E+000  0.22844691E+001  0.39931880E+001
 -0.15555316E+000  0.23290957E+000  0.22843882E+001  0.39930748E+001
 -0.15556238E+000  0.23288252E+000  0.22843060E+001  0.39929602E+001
 -0.15557145E+000  0.23285571E+000  0.22842229E+001  0.39928452E+001
 -0.15558036E+000  0.23282920E+000  0.22841394E+001  0.39927309E+001
 -0.15558909E+000  0.23280305E+000  0.22840559E+001  0.39926181E+001
 -0.15559760E+000  0.23277730E+000  0.22839727E+001  0.39925078E+001
 -0.15560590E+000  0.23275199E+000  0.22838904E+001  0.39924006E+001
 -0.15561395E+000  0.23272714E+000  0.22838092E+001  0.39922973E+001
 -0.15562174E+000  0.23270278E+000  0.22837294E+001  0.39921985E+001
 -0.15562927E+000  0.23267889E+000  0.22836512E+001  0.39921047E+001
 -0.15563653E+000  0.23265550E+000  0.22835750E+001  0.39920163E+001
 -0.15564351E+000  0.23263259E+000  0.22835008E+001  0.39919336E+001
 -0.15565020E+000  0.23261014E+000  0.22834288E+001  0.39918570E+001
 -0.15565661E+000  0.23258814E+000  0.22833593E+001  0.39917866E+001
 -0.15566275E+000  0.23256658E+000  0.22832921E+001  0.39917226E+001
 -0.15566860E+000  0.23254541E+000  0.22832275E+001  0.39916649E+001
 -0.15567418E+000  0.23252463E+000  0.22831654E+001  0.39916135E+001
 -0.15567949E+000  0.23250419E+000  0.22831059E+001  0.39915685E+001
 -0.15568453E+000  0.23248408E+000  0.22830489E+001  0.39915296E+001
 -0.15568933E+000  0.23246425E+000  0.22829945E+001  0.39914968E+001
 -0.15569387E+000  0.23244469E+000  0.22829425E+001  0.39914698E+001
 -0.15569818E+000  0.23242537E+000  0.22828930E+001  0.39914484E+001
 -0.15570227E+000  0.23240626E+000  0.22828458E+001  0.39914324E+001
 -0.15570613E+000  0.23238735E+000  0.22828009E+001  0.39914215E+001
 -0.15570978E+000  0.23236861E+000  0.22827581E+001  0.39914155E+001
 -0.15571324E+000  0.23235003E+000  0.22827174E+001  0.39914141E+001
 -0.15571650E+000  0.23233161E+000  0.22826787E+001  0.39914171E+001
 -0.15571959E+000  0.23231333E+000  0.22826418E+001  0.39914240E+001
 -0.15572250E+000  0.23229520E+000  0.22826067E+001  0.39914348E+001
 -0.15572524E+000  0.23227721E+000  0.22825732E+001  0.39914491E+001
 -0.15572783E+000  0.23225937E+000  0.22825411E+001  0.39914667E+001
 -0.15573027E+000  0.23224169E+000  0.22825104E+001  0.39914872E+001
 -0.15573257E+000  0.23222418E+000  0.22824810E+001  0.39915106E+001
 -0.15573474E+000  0.23220686E+000  0.22824526E+001  0.39915365E+001
 -0.15573677E+000  0.23218974E+000  0.22824253E+001  0.39915648E+001
 -0.15573869E+000  0.23217285E+000  0.22823988E+001  0.39915952E+001
 -0.15574049E+000  0.23215619E+000  0.22823731E+001  0.39916276E+001
 -0.15574218E+000  0.23213980E+000  0.22823481E+001  0.39916617E+001
 -0.15574377E+000  0.23212370E+000  0.22823236E+001  0.39916975E+001
 -0.15574526E+000  0.23210792E+000  0.22822996E+001  0.39917346E+001
 -0.15574666E+000  0.23209246E+000  0.22822759E+001  0.39917730E+001
 -0.15574796E+000  0.23207737E+000  0.22822526E+001  0.39918126E+001
 -0.15574918E+000  0.23206265E+000  0.22822294E+001  0.39918532E+001
 -0.15575032E+000  0.23204833E+000  0.22822064E+001  0.39918946E+001
 -0.15575138E+000  0.23203443E+000  0.22821835E+001  0.39919367E+001
 -0.15575237E+000  0.23202096E+000  0.22821606E+001  0.39919795E+001
 -0.15575329E+000  0.23200795E+000  0.22821377E+001  0.39920227E+001
 -0.15575415E+000  0.23199540E+000  0.22821148E+001  0.39920664E+001
 -0.15575494E+000  0.23198332E+000  0.22820919E+001  0.39921103E+001
 -0.15575567E+000  0.23197173E+000  0.22820688E+001  0.39921544E+001
 -0.15575634E+000  0.23196063E+000  0.22820458E+001  0.39921985E+001
 -0.15575696E+000  0.23195002E+000  0.22820226E+001  0.39922426E+001
 -0.15575753E+000  0.23193991E+000  0.22819995E+001  0.39922867E+001
 -0.15575806E+000  0.23193029E+000  0.22819762E+001  0.39923305E+001
 -0.15575853E+000  0.23192117E+000  0.22819530E+001  0.39923739E+001
 -0.15575897E+000  0.23191253E+000  0.22819298E+001  0.39924171E+001
 -0.15575936E+000  0.23190438E+000  0.22819066E+001  0.39924597E+001
 -0.15575972E+000  0.23189670E+000  0.22818835E+001  0.39925018E+001
 -0.15576004E+000  0.23188948E+000  0.22818605E+001  0.39925433E+001
 -0.15576033E+000  0.23188271E+000  0.22818377E+001  0.39925841E+001
 -0.15576059E+000  0.23187638E+000  0.22818151E+001  0.39926241E+001
 -0.15576083E+000  0.23187048E+000  0.22817927E+001  0.39926633E+001
 -0.15576103E+000  0.23186498E+000  0.22817706E+001  0.39927017E+001
 -0.15576121E+000  0.23185988E+000  0.22817488E+001  0.39927391E+001
 -0.15576137E+000  0.23185516E+000  0.22817273E+001  0.39927755E+001
 -0.15576151E+000  0.23185080E+000  0.22817063E+001  0.39928109E+001
 -0.15576163E+000  0.23184678E+000  0.22816857E+001  0.39928453E+001
 -0.15576173E+000  0.23184309E+000  0.22816656E+001  0.39928786E+001
 -0.15576182E+000  0.23183970E+000  0.22816460E+001  0.39929107E+001
 -0.15576189E+000  0.23183661E+000  0.22816269E+001  0.39929417E+001
 -0.15576195E+000  0.23183379E+000  0.22816084E+001  0.39929716E+001
 -0.15576200E+000  0.23183124E+000  0.22815904E+001  0.39930003E+001
 -0.15576204E+000  0.23182892E+000  0.22815731E+001  0.39930279E+001
 -0.15576207E+000  0.23182682E+000  0.22815563E+001  0.39930542E+001
 -0.15576210E+000  0.23182493E+000  0.22815402E+001  0.39930794E+001
 -0.15576211E+000  0.23182324E+000  0.22815247E+001  0.39931034E+001
 -0.15576212E+000  0.23182172E+000  0.22815098E+001  0.39931262E+001
 -0.15576213E+000  0.23182037E+000  0.22814956E+001  0.39931480E+001
 -0.15576213E+000  0.23181917E+000  0.22814821E+001  0.39931685E+001
 -0.15576213E+000  0.23181811E+000  0.22814691E+001  0.39931880E+001
 -0.15576212E+000  0.23181717E+000  0.22814568E+001  0.39932064E+001
 -0.15576212E+000  0.23181635E+000  0.22814451E+001  0.39932238E+001
 -0.15576211E+000  0.23181562E+000  0.22814340E+001  0.39932401E+001
 -0.15576210E+000  0.23181500E+000  0.22814235E+001  0.39932554E+001
 -0.15576209E+000  0.23181445E+000  0.22814136E+001  0.39932698E+001
 -0.15576208E+000  0.23181398E+000  0.22814043E+001  0.39932832E+001
 -0.15576207E+000  0.23181358E+000  0.22813955E+001  0.39932957E+001
 -0.15576206E+000  0.23181324E+000  0.22813872E+001  0.39933074E+001
 -0.15576205E+000  0.23181295E+000  0.22813795E+001  0.39933183E+001
 -0.15576204E+000  0.23181270E+000  0.22813722E+001  0.39933283E+001
 -0.15576203E+000  0.23181249E+000  0.22813655E+001  0.39933376E+001
 -0.15576203E+000  0.23181232E+000  0.22813591E+001  0.39933463E+001
 -0.15576202E+000  0.23181218E+000  0.22813532E+001  0.39933542E+001
 -0.15576202E+000  0.23181206E+000  0.22813477E+001  0.39933615E+001
 -0.15576201E+000  0.23181197E+000  0.22813426E+001  0.39933681E+001
 -0.15576201E+000  0.23181189E+000  0.22813379E+001  0.39933743E+001
 -0.15576201E+000  0.23181183E+000  0.22813335E+001  0.39933798E+001
 -0.15576201E+000  0.23181178E+000  0.22813294E+001  0.39933849E+001
 -0.15576201E+000  0.23181174E+000  0.22813256E+001  0.39933895E+001
 -0.15576201E+000  0.23181171E+000  0.22813222E+001  0.39933937E+001
 -0.15576201E+000  0.23181169E+000  0.22813190E+001  0.39933974E+001
 -0.15576201E+000  0.23181167E+000  0.22813160E+001  0.39934008E+001
 -0.15576202E+000  0.23181165E+000  0.22813133E+001  0.39934038E+001
 -0.15576202E+000  0.23181164E+000  0.22813108E+001  0.39934065E+001
 -0.15576202E+000  0.23181163E+000  0.22813085E+001  0.39934089E+001
 -0.15576203E+000  0.23181162E+000  0.22813064E+001  0.39934110E+001
 -0.15576203E+000  0.23181162E+000  0.22813045E+001  0.39934129E+001
 -0.15576204E+000  0.23181161E+000  0.22813028E+001  0.39934145E+001
 -0.15576204E+000  0.23181161E+000  0.22813012E+001  0.39934159E+001
 -0.15576205E+000  0.23181161E+000  0.22812997E+001  0.39934171E+001
 -0.15576205E+000  0.23181160E+000  0.22812984E+001  0.39934181E+001
 -0.15576206E+000  0.23181160E+000  0.22812972E+001  0.39934190E+001
 -0.15576206E+000  0.23181160E+000  0.22812961E+001  0.39934197E+001
 -0.15576207E+000  0.23181159E+000  0.22812951E+001  0.39934202E+001
 -0.15576208E+000  0.23181157E+000  0.22812942E+001  0.39934207E+001
 -0.15576209E+000  0.23181155E+000  0.22812934E+001  0.39934210E+001
