 -0.50351565E-001
 -0.50432871E-001
 -0.50494237E-001
 -0.50539663E-001
 -0.50572378E-001
 -0.50594965E-001
 -0.50609476E-001
 -0.50617561E-001
 -0.50620545E-001
 -0.50619175E-001
 -0.50614462E-001
 -0.50607227E-001
 -0.50598092E-001
 -0.50587541E-001
 -0.50575953E-001
 -0.50563629E-001
 -0.50550807E-001
 -0.50537675E-001
 -0.50524386E-001
 -0.50511085E-001
 -0.50497889E-001
 -0.50484851E-001
 -0.50472020E-001
 -0.50459437E-001
 -0.50447140E-001
 -0.50435159E-001
 -0.50423520E-001
 -0.50412244E-001
 -0.50401347E-001
 -0.50390841E-001
 -0.50380737E-001
 -0.50371040E-001
 -0.50361755E-001
 -0.50352884E-001
 -0.50344428E-001
 -0.50336384E-001
 -0.50328750E-001
 -0.50321524E-001
 -0.50314699E-001
 -0.50308271E-001
 -0.50302234E-001
 -0.50296583E-001
 -0.50291311E-001
 -0.50286411E-001
 -0.50281877E-001
 -0.50277704E-001
 -0.50273884E-001
 -0.50270413E-001
 -0.50267282E-001
 -0.50264488E-001
 -0.50262022E-001
 -0.50259880E-001
 -0.50258054E-001
 -0.50256537E-001
 -0.50255322E-001
 -0.50254401E-001
 -0.50253765E-001
 -0.50253405E-001
 -0.50253310E-001
 -0.50253471E-001
 -0.50253876E-001
 -0.50254514E-001
 -0.50255371E-001
 -0.50256435E-001
 -0.50257693E-001
 -0.50259131E-001
 -0.50260736E-001
 -0.50262493E-001
 -0.50264390E-001
 -0.50266412E-001
 -0.50268546E-001
 -0.50270778E-001
 -0.50273097E-001
 -0.50275490E-001
 -0.50277944E-001
 -0.50280448E-001
 -0.50283002E-001
 -0.50285586E-001
 -0.50288187E-001
 -0.50290795E-001
 -0.50293399E-001
 -0.50295991E-001
 -0.50298562E-001
 -0.50301102E-001
 -0.50303605E-001
 -0.50306063E-001
 -0.50308467E-001
 -0.50310813E-001
 -0.50313093E-001
 -0.50315303E-001
 -0.50317439E-001
 -0.50319495E-001
 -0.50321470E-001
 -0.50323361E-001
 -0.50325167E-001
 -0.50326885E-001
 -0.50328517E-001
 -0.50330063E-001
 -0.50331523E-001
 -0.50332899E-001
 -0.50334193E-001
 -0.50335407E-001
 -0.50336543E-001
 -0.50337605E-001
 -0.50338596E-001
 -0.50339519E-001
 -0.50340376E-001
 -0.50341172E-001
 -0.50341910E-001
 -0.50342593E-001
 -0.50343225E-001
 -0.50343808E-001
 -0.50344346E-001
 -0.50344842E-001
 -0.50345300E-001
 -0.50345721E-001
 -0.50346108E-001
 -0.50346464E-001
 -0.50346792E-001
 -0.50347094E-001
 -0.50347371E-001
 -0.50347626E-001
 -0.50347861E-001
 -0.50348078E-001
 -0.50348278E-001
 -0.50348462E-001
 -0.50348632E-001
 -0.50348790E-001
 -0.50348936E-001
 -0.50349071E-001
 -0.50349197E-001
 -0.50349314E-001
 -0.50349424E-001
 -0.50349526E-001
 -0.50349622E-001
 -0.50349712E-001
 -0.50349797E-001
 -0.50349877E-001
 -0.50349952E-001
 -0.50350024E-001
 -0.50350092E-001
 -0.50350156E-001
 -0.50350217E-001
 -0.50350276E-001
 -0.50350332E-001
 -0.50350385E-001
 -0.50350436E-001
 -0.50350485E-001
 -0.50350532E-001
 -0.50350577E-001
 -0.50350621E-001
 -0.50350662E-001
 -0.50350702E-001
 -0.50350741E-001
 -0.50350778E-001
 -0.50350814E-001
 -0.50350849E-001
 -0.50350882E-001
 -0.50350914E-001
 -0.50350945E-001
 -0.50350975E-001
 -0.50351004E-001
 -0.50351032E-001
 -0.50351059E-001
 -0.50351085E-001
 -0.50351110E-001
 -0.50351134E-001
 -0.50351157E-001
 -0.50351179E-001
 -0.50351201E-001
 -0.50351222E-001
 -0.50351242E-001
 -0.50351261E-001
 -0.50351280E-001
 -0.50351298E-001
 -0.50351315E-001
 -0.50351332E-001
 -0.50351348E-001
 -0.50351364E-001
 -0.50351378E-001
 -0.50351393E-001
 -0.50351406E-001
 -0.50351419E-001
 -0.50351432E-001
 -0.50351444E-001
 -0.50351455E-001
 -0.50351466E-001
 -0.50351477E-001
 -0.50351487E-001
 -0.50351496E-001
 -0.50351505E-001
 -0.50351514E-001
 -0.50351522E-001
 -0.50351529E-001
 -0.50351537E-001
 -0.50351544E-001
 -0.50351550E-001
 -0.50351558E-001
 -0.50351565E-001
 -0.50351572E-001
