  0.16380372E+001
  0.16361259E+001
  0.16346984E+001
  0.16336145E+001
  0.16327897E+001
  0.16321666E+001
  0.16317038E+001
  0.16313698E+001
  0.16311401E+001
  0.16309951E+001
  0.16309191E+001
  0.16308995E+001
  0.16309263E+001
  0.16309912E+001
  0.16310873E+001
  0.16312090E+001
  0.16313517E+001
  0.16315116E+001
  0.16316854E+001
  0.16318707E+001
  0.16320652E+001
  0.16322671E+001
  0.16324749E+001
  0.16326873E+001
  0.16329033E+001
  0.16331219E+001
  0.16333423E+001
  0.16335640E+001
  0.16337863E+001
  0.16340088E+001
  0.16342310E+001
  0.16344525E+001
  0.16346729E+001
  0.16348920E+001
  0.16351094E+001
  0.16353247E+001
  0.16355378E+001
  0.16357482E+001
  0.16359558E+001
  0.16361602E+001
  0.16363610E+001
  0.16365582E+001
  0.16367512E+001
  0.16369398E+001
  0.16371238E+001
  0.16373028E+001
  0.16374764E+001
  0.16376445E+001
  0.16378067E+001
  0.16379627E+001
  0.16381123E+001
  0.16382552E+001
  0.16383911E+001
  0.16385198E+001
  0.16386412E+001
  0.16387550E+001
  0.16388611E+001
  0.16389594E+001
  0.16390498E+001
  0.16391321E+001
  0.16392065E+001
  0.16392728E+001
  0.16393311E+001
  0.16393815E+001
  0.16394240E+001
  0.16394588E+001
  0.16394860E+001
  0.16395058E+001
  0.16395185E+001
  0.16395241E+001
  0.16395231E+001
  0.16395157E+001
  0.16395022E+001
  0.16394830E+001
  0.16394584E+001
  0.16394288E+001
  0.16393946E+001
  0.16393563E+001
  0.16393143E+001
  0.16392689E+001
  0.16392207E+001
  0.16391701E+001
  0.16391176E+001
  0.16390635E+001
  0.16390083E+001
  0.16389525E+001
  0.16388964E+001
  0.16388405E+001
  0.16387850E+001
  0.16387302E+001
  0.16386766E+001
  0.16386243E+001
  0.16385736E+001
  0.16385246E+001
  0.16384776E+001
  0.16384326E+001
  0.16383898E+001
  0.16383493E+001
  0.16383110E+001
  0.16382751E+001
  0.16382414E+001
  0.16382101E+001
  0.16381809E+001
  0.16381540E+001
  0.16381293E+001
  0.16381065E+001
  0.16380858E+001
  0.16380670E+001
  0.16380499E+001
  0.16380346E+001
  0.16380208E+001
  0.16380086E+001
  0.16379978E+001
  0.16379883E+001
  0.16379800E+001
  0.16379729E+001
  0.16379668E+001
  0.16379617E+001
  0.16379574E+001
  0.16379540E+001
  0.16379514E+001
  0.16379494E+001
  0.16379480E+001
  0.16379472E+001
  0.16379468E+001
  0.16379470E+001
  0.16379475E+001
  0.16379484E+001
  0.16379496E+001
  0.16379511E+001
  0.16379528E+001
  0.16379548E+001
  0.16379569E+001
  0.16379592E+001
  0.16379616E+001
  0.16379642E+001
  0.16379668E+001
  0.16379695E+001
  0.16379722E+001
  0.16379750E+001
  0.16379778E+001
  0.16379806E+001
  0.16379834E+001
  0.16379862E+001
  0.16379889E+001
  0.16379917E+001
  0.16379944E+001
  0.16379970E+001
  0.16379996E+001
  0.16380021E+001
  0.16380045E+001
  0.16380069E+001
  0.16380092E+001
  0.16380115E+001
  0.16380136E+001
  0.16380157E+001
  0.16380177E+001
  0.16380196E+001
  0.16380214E+001
  0.16380231E+001
  0.16380248E+001
  0.16380263E+001
  0.16380278E+001
  0.16380292E+001
  0.16380305E+001
  0.16380318E+001
  0.16380329E+001
  0.16380340E+001
  0.16380350E+001
  0.16380359E+001
  0.16380368E+001
  0.16380376E+001
  0.16380383E+001
  0.16380390E+001
  0.16380396E+001
  0.16380401E+001
  0.16380406E+001
  0.16380410E+001
  0.16380414E+001
  0.16380418E+001
  0.16380421E+001
  0.16380423E+001
  0.16380425E+001
  0.16380427E+001
  0.16380428E+001
  0.16380430E+001
  0.16380430E+001
  0.16380431E+001
  0.16380431E+001
  0.16380431E+001
  0.16380431E+001
  0.16380431E+001
  0.16380431E+001
  0.16380430E+001
  0.16380429E+001
  0.16380428E+001
  0.16380428E+001
  0.16380427E+001
  0.16380425E+001
  0.16380424E+001
