  0.12537902E+001
  0.12533335E+001
  0.12530653E+001
  0.12528789E+001
  0.12527397E+001
  0.12526322E+001
  0.12525483E+001
  0.12524823E+001
  0.12524296E+001
  0.12523886E+001
  0.12523571E+001
  0.12523331E+001
  0.12523153E+001
  0.12523025E+001
  0.12522939E+001
  0.12522887E+001
  0.12522865E+001
  0.12522866E+001
  0.12522888E+001
  0.12522927E+001
  0.12522979E+001
  0.12523044E+001
  0.12523118E+001
  0.12523200E+001
  0.12523289E+001
  0.12523384E+001
  0.12523484E+001
  0.12523587E+001
  0.12523693E+001
  0.12523802E+001
  0.12523912E+001
  0.12524023E+001
  0.12524135E+001
  0.12524247E+001
  0.12524360E+001
  0.12524472E+001
  0.12524583E+001
  0.12524695E+001
  0.12524805E+001
  0.12524914E+001
  0.12525022E+001
  0.12525128E+001
  0.12525233E+001
  0.12525337E+001
  0.12525439E+001
  0.12525539E+001
  0.12525637E+001
  0.12525733E+001
  0.12525826E+001
  0.12525918E+001
  0.12526007E+001
  0.12526093E+001
  0.12526177E+001
  0.12526258E+001
  0.12526337E+001
  0.12526412E+001
  0.12526485E+001
  0.12526554E+001
  0.12526620E+001
  0.12526683E+001
  0.12526742E+001
  0.12526798E+001
  0.12526851E+001
  0.12526900E+001
  0.12526946E+001
  0.12526989E+001
  0.12527028E+001
  0.12527064E+001
  0.12527096E+001
  0.12527125E+001
  0.12527150E+001
  0.12527172E+001
  0.12527191E+001
  0.12527207E+001
  0.12527220E+001
  0.12527229E+001
  0.12527236E+001
  0.12527239E+001
  0.12527240E+001
  0.12527238E+001
  0.12527234E+001
  0.12527227E+001
  0.12527217E+001
  0.12527205E+001
  0.12527191E+001
  0.12527175E+001
  0.12527157E+001
  0.12527138E+001
  0.12527116E+001
  0.12527093E+001
  0.12527069E+001
  0.12527043E+001
  0.12527016E+001
  0.12526988E+001
  0.12526959E+001
  0.12526929E+001
  0.12526898E+001
  0.12526867E+001
  0.12526834E+001
  0.12526802E+001
  0.12526768E+001
  0.12526734E+001
  0.12526700E+001
  0.12526665E+001
  0.12526629E+001
  0.12526593E+001
  0.12526557E+001
  0.12526521E+001
  0.12526484E+001
  0.12526447E+001
  0.12526409E+001
  0.12526372E+001
  0.12526334E+001
  0.12526295E+001
  0.12526257E+001
  0.12526218E+001
  0.12526178E+001
  0.12526139E+001
  0.12526099E+001
  0.12526059E+001
  0.12526019E+001
  0.12525978E+001
  0.12525937E+001
  0.12525896E+001
  0.12525855E+001
  0.12525813E+001
  0.12525772E+001
  0.12525730E+001
  0.12525687E+001
  0.12525645E+001
  0.12525602E+001
  0.12525559E+001
  0.12525516E+001
  0.12525473E+001
  0.12525430E+001
  0.12525386E+001
  0.12525343E+001
  0.12525299E+001
  0.12525255E+001
  0.12525211E+001
  0.12525167E+001
  0.12525122E+001
  0.12525078E+001
  0.12525034E+001
  0.12524990E+001
  0.12524945E+001
  0.12524901E+001
  0.12524857E+001
  0.12524813E+001
  0.12524768E+001
  0.12524724E+001
  0.12524681E+001
  0.12524637E+001
  0.12524593E+001
  0.12524550E+001
  0.12524506E+001
  0.12524463E+001
  0.12524420E+001
  0.12524378E+001
  0.12524335E+001
  0.12524293E+001
  0.12524251E+001
  0.12524210E+001
  0.12524169E+001
  0.12524128E+001
  0.12524088E+001
  0.12524048E+001
  0.12524008E+001
  0.12523969E+001
  0.12523930E+001
  0.12523892E+001
  0.12523854E+001
  0.12523817E+001
  0.12523780E+001
  0.12523743E+001
  0.12523707E+001
  0.12523672E+001
  0.12523637E+001
  0.12523603E+001
  0.12523569E+001
  0.12523536E+001
  0.12523504E+001
  0.12523472E+001
  0.12523440E+001
  0.12523410E+001
  0.12523379E+001
  0.12523350E+001
  0.12523321E+001
  0.12523292E+001
  0.12523265E+001
  0.12523237E+001
  0.12523211E+001
  0.12523185E+001
  0.12523159E+001
  0.12523135E+001
  0.12523110E+001
  0.12523087E+001
  0.12523064E+001
  0.12523041E+001
  0.12523019E+001
