  0.19567262E+001
  0.19971738E+001
  0.20007962E+001
  0.19972664E+001
  0.19922110E+001
  0.19870644E+001
  0.19822271E+001
  0.19778841E+001
  0.19741509E+001
  0.19710934E+001
  0.19685347E+001
  0.19663835E+001
  0.19645712E+001
  0.19630414E+001
  0.19617469E+001
  0.19606492E+001
  0.19597165E+001
  0.19589225E+001
  0.19582457E+001
  0.19575738E+001
  0.19567846E+001
  0.19559414E+001
  0.19550916E+001
  0.19542686E+001
  0.19534955E+001
  0.19527869E+001
  0.19521508E+001
  0.19515908E+001
  0.19511067E+001
  0.19506961E+001
  0.19503547E+001
  0.19500773E+001
  0.19498582E+001
  0.19496913E+001
  0.19495707E+001
  0.19494907E+001
  0.19494458E+001
  0.19494313E+001
  0.19494426E+001
  0.19494759E+001
  0.19495276E+001
  0.19495949E+001
  0.19496752E+001
  0.19497664E+001
  0.19498669E+001
  0.19499750E+001
  0.19500898E+001
  0.19502102E+001
  0.19503355E+001
  0.19504651E+001
  0.19505987E+001
  0.19507357E+001
  0.19508760E+001
  0.19510192E+001
  0.19511651E+001
  0.19513135E+001
  0.19514642E+001
  0.19516170E+001
  0.19517718E+001
  0.19519282E+001
  0.19520862E+001
  0.19522455E+001
  0.19524058E+001
  0.19525669E+001
  0.19527286E+001
  0.19528907E+001
  0.19530529E+001
  0.19532149E+001
  0.19533765E+001
  0.19535376E+001
  0.19536977E+001
  0.19538567E+001
  0.19540144E+001
  0.19541706E+001
  0.19543249E+001
  0.19544772E+001
  0.19545556E+001
  0.19545958E+001
  0.19546220E+001
  0.19546428E+001
  0.19546616E+001
  0.19546795E+001
  0.19546967E+001
  0.19547134E+001
  0.19547296E+001
  0.19547451E+001
  0.19547601E+001
  0.19547743E+001
  0.19547879E+001
  0.19548008E+001
  0.19548129E+001
  0.19548242E+001
  0.19548348E+001
  0.19548446E+001
  0.19548537E+001
  0.19548620E+001
  0.19548696E+001
  0.19548765E+001
  0.19548827E+001
  0.19548882E+001
  0.19548931E+001
  0.19548974E+001
  0.19549011E+001
  0.19549043E+001
  0.19549069E+001
  0.19549091E+001
  0.19549108E+001
  0.19549121E+001
  0.19549130E+001
  0.19549135E+001
  0.19549136E+001
  0.19549134E+001
  0.19549129E+001
  0.19549121E+001
  0.19549111E+001
  0.19549098E+001
  0.19549082E+001
  0.19549064E+001
  0.19549044E+001
  0.19549021E+001
  0.19548997E+001
  0.19548970E+001
  0.19548942E+001
  0.19548912E+001
  0.19548880E+001
  0.19548847E+001
  0.19548812E+001
  0.19548775E+001
  0.19548737E+001
  0.19548698E+001
  0.19548657E+001
  0.19548614E+001
  0.19548570E+001
  0.19548525E+001
  0.19548479E+001
  0.19548431E+001
  0.19548382E+001
  0.19548332E+001
  0.19548281E+001
  0.19548229E+001
  0.19548175E+001
  0.19548121E+001
  0.19548066E+001
  0.19548010E+001
  0.19547953E+001
  0.19547896E+001
  0.19547838E+001
  0.19547779E+001
  0.19547719E+001
  0.19547659E+001
  0.19547599E+001
  0.19547538E+001
  0.19547477E+001
  0.19547415E+001
  0.19547354E+001
  0.19547292E+001
  0.19547229E+001
  0.19547167E+001
  0.19547105E+001
  0.19547043E+001
  0.19546980E+001
  0.19546918E+001
  0.19546856E+001
  0.19546795E+001
  0.19546733E+001
  0.19546672E+001
  0.19546611E+001
  0.19546551E+001
  0.19546490E+001
  0.19546431E+001
  0.19546372E+001
  0.19546313E+001
  0.19546255E+001
  0.19546198E+001
  0.19546141E+001
  0.19546085E+001
  0.19546029E+001
  0.19545974E+001
  0.19545920E+001
  0.19545867E+001
  0.19545815E+001
  0.19545763E+001
  0.19545712E+001
  0.19545662E+001
  0.19545613E+001
  0.19545565E+001
  0.19545517E+001
  0.19545471E+001
  0.19545425E+001
  0.19545381E+001
  0.19545337E+001
  0.19545294E+001
  0.19545252E+001
  0.19545211E+001
  0.19545171E+001
  0.19545132E+001
  0.19545094E+001
  0.19545056E+001
  0.19545021E+001
  0.19544986E+001
