  0.60020346E+000
  0.60088488E+000
  0.60123446E+000
  0.60139657E+000
  0.60144844E+000
  0.60143402E+000
  0.60137950E+000
  0.60130077E+000
  0.60120967E+000
  0.60105660E+000
  0.60087185E+000
  0.60067878E+000
  0.60049029E+000
  0.60031286E+000
  0.60014929E+000
  0.60000039E+000
  0.59986586E+000
  0.59974485E+000
  0.59963629E+000
  0.59954309E+000
  0.59946793E+000
  0.59940503E+000
  0.59935081E+000
  0.59930303E+000
  0.59926028E+000
  0.59922166E+000
  0.59918660E+000
  0.59915468E+000
  0.59912563E+000
  0.59909922E+000
  0.59907527E+000
  0.59905364E+000
  0.59903418E+000
  0.59901677E+000
  0.59900128E+000
  0.59898759E+000
  0.59897560E+000
  0.59896517E+000
  0.59895621E+000
  0.59894858E+000
  0.59894220E+000
  0.59893694E+000
  0.59893271E+000
  0.59892940E+000
  0.59892692E+000
  0.59892518E+000
  0.59892410E+000
  0.59892359E+000
  0.59892359E+000
  0.59892402E+000
  0.59892484E+000
  0.59892599E+000
  0.59892742E+000
  0.59892910E+000
  0.59893098E+000
  0.59893304E+000
  0.59893525E+000
  0.59893759E+000
  0.59894003E+000
  0.59894256E+000
  0.59894516E+000
  0.59894782E+000
  0.59895052E+000
  0.59895325E+000
  0.59895601E+000
  0.59895879E+000
  0.59896157E+000
  0.59896435E+000
  0.59896713E+000
  0.59896990E+000
  0.59897265E+000
  0.59897539E+000
  0.59897810E+000
  0.59898080E+000
  0.59898346E+000
  0.59898611E+000
  0.59899063E+000
  0.59899567E+000
  0.59900072E+000
  0.59900568E+000
  0.59901055E+000
  0.59901531E+000
  0.59901996E+000
  0.59902450E+000
  0.59902891E+000
  0.59903319E+000
  0.59903734E+000
  0.59904134E+000
  0.59904520E+000
  0.59904890E+000
  0.59905244E+000
  0.59905583E+000
  0.59905904E+000
  0.59906210E+000
  0.59906498E+000
  0.59906770E+000
  0.59907025E+000
  0.59907263E+000
  0.59907486E+000
  0.59907692E+000
  0.59907883E+000
  0.59908059E+000
  0.59908221E+000
  0.59908368E+000
  0.59908503E+000
  0.59908625E+000
  0.59908734E+000
  0.59908833E+000
  0.59908921E+000
  0.59908998E+000
  0.59909067E+000
  0.59909126E+000
  0.59909177E+000
  0.59909221E+000
  0.59909258E+000
  0.59909288E+000
  0.59909312E+000
  0.59909330E+000
  0.59909344E+000
  0.59909352E+000
  0.59909357E+000
  0.59909358E+000
  0.59909355E+000
  0.59909350E+000
  0.59909341E+000
  0.59909330E+000
  0.59909317E+000
  0.59909302E+000
  0.59909285E+000
  0.59909267E+000
  0.59909247E+000
  0.59909227E+000
  0.59909206E+000
  0.59909184E+000
  0.59909161E+000
  0.59909138E+000
  0.59909115E+000
  0.59909092E+000
  0.59909069E+000
  0.59909046E+000
  0.59909023E+000
  0.59909001E+000
  0.59908979E+000
  0.59908958E+000
  0.59908937E+000
  0.59908916E+000
  0.59908897E+000
  0.59908878E+000
  0.59908860E+000
  0.59908842E+000
  0.59908826E+000
  0.59908810E+000
  0.59908795E+000
  0.59908782E+000
  0.59908768E+000
  0.59908756E+000
  0.59908745E+000
  0.59908735E+000
  0.59908725E+000
  0.59908716E+000
  0.59908708E+000
  0.59908701E+000
  0.59908695E+000
  0.59908689E+000
  0.59908684E+000
  0.59908680E+000
  0.59908676E+000
  0.59908673E+000
  0.59908671E+000
  0.59908669E+000
  0.59908668E+000
  0.59908667E+000
  0.59908667E+000
  0.59908667E+000
  0.59908667E+000
  0.59908668E+000
  0.59908669E+000
  0.59908670E+000
  0.59908672E+000
  0.59908673E+000
  0.59908675E+000
  0.59908677E+000
  0.59908680E+000
  0.59908682E+000
  0.59908684E+000
  0.59908687E+000
  0.59908689E+000
  0.59908692E+000
  0.59908694E+000
  0.59908697E+000
  0.59908699E+000
  0.59908701E+000
  0.59908704E+000
  0.59908706E+000
  0.59908708E+000
  0.59908710E+000
  0.59908713E+000
  0.59908715E+000
  0.59908718E+000
  0.59908719E+000
