  0.66330822E+000  0.85366306E+000  0.97589038E+000  0.25222996E+001
  0.66261792E+000  0.85354329E+000  0.97585605E+000  0.25213171E+001
  0.66212315E+000  0.85331178E+000  0.97608594E+000  0.25207407E+001
  0.66176787E+000  0.85328612E+000  0.97593209E+000  0.25205299E+001
  0.66157740E+000  0.85317452E+000  0.97581555E+000  0.25203917E+001
  0.66091044E+000  0.85362874E+000  0.97576169E+000  0.25202284E+001
  0.66076720E+000  0.85337797E+000  0.97592796E+000  0.25201202E+001
  0.66068173E+000  0.85324294E+000  0.97595896E+000  0.25200461E+001
  0.66059953E+000  0.85320302E+000  0.97594073E+000  0.25199754E+001
  0.66054202E+000  0.85297359E+000  0.97607384E+000  0.25199654E+001
  0.66036418E+000  0.85306651E+000  0.97605127E+000  0.25199468E+001
  0.66031362E+000  0.85304774E+000  0.97603513E+000  0.25199363E+001
  0.66026836E+000  0.85304310E+000  0.97601955E+000  0.25199304E+001
  0.66024590E+000  0.85293645E+000  0.97609576E+000  0.25199321E+001
  0.66022644E+000  0.85291260E+000  0.97609825E+000  0.25199385E+001
  0.65989390E+000  0.85322135E+000  0.97609171E+000  0.25199482E+001
  0.65988524E+000  0.85321195E+000  0.97608540E+000  0.25199636E+001
  0.65988278E+000  0.85320175E+000  0.97608416E+000  0.25199781E+001
  0.65988363E+000  0.85319426E+000  0.97608332E+000  0.25199943E+001
  0.65987919E+000  0.85319096E+000  0.97598056E+000  0.25192590E+001
  0.65988119E+000  0.85318352E+000  0.97599837E+000  0.25193467E+001
  0.65988610E+000  0.85318191E+000  0.97609977E+000  0.25200499E+001
  0.65989159E+000  0.85318210E+000  0.97610371E+000  0.25200700E+001
  0.65989834E+000  0.85317109E+000  0.97612041E+000  0.25200905E+001
  0.65990620E+000  0.85317259E+000  0.97612594E+000  0.25201114E+001
  0.65991498E+000  0.85317174E+000  0.97613485E+000  0.25201325E+001
  0.65992454E+000  0.85317412E+000  0.97614141E+000  0.25201538E+001
  0.65993473E+000  0.85317683E+000  0.97614836E+000  0.25201752E+001
  0.65993257E+000  0.85319270E+000  0.97615564E+000  0.25201967E+001
  0.65994333E+000  0.85319629E+000  0.97615871E+000  0.25202226E+001
  0.65995484E+000  0.85319963E+000  0.97616644E+000  0.25202441E+001
  0.65996663E+000  0.85320251E+000  0.97617490E+000  0.25202654E+001
  0.65997863E+000  0.85320607E+000  0.97618286E+000  0.25202867E+001
  0.65999077E+000  0.85320965E+000  0.97619093E+000  0.25203078E+001
  0.65998249E+000  0.85323382E+000  0.97619899E+000  0.25203289E+001
  0.65999475E+000  0.85323751E+000  0.97620704E+000  0.25203497E+001
  0.66002754E+000  0.85322073E+000  0.97621502E+000  0.25203704E+001
  0.66003976E+000  0.85322442E+000  0.97622301E+000  0.25203909E+001
  0.66005191E+000  0.85322808E+000  0.97623094E+000  0.25204113E+001
  0.66006394E+000  0.85323171E+000  0.97623880E+000  0.25204314E+001
  0.66007582E+000  0.85323531E+000  0.97624657E+000  0.25204513E+001
  0.66008752E+000  0.85323946E+000  0.97625367E+000  0.25204710E+001
  0.66009902E+000  0.85324296E+000  0.97626126E+000  0.25204904E+001
  0.66011028E+000  0.85324642E+000  0.97626875E+000  0.25205096E+001
  0.66012016E+000  0.85325093E+000  0.97627614E+000  0.25205286E+001
  0.66013088E+000  0.85325426E+000  0.97628790E+000  0.25205428E+001
  0.66014130E+000  0.85325752E+000  0.97629506E+000  0.25205611E+001
  0.66015180E+000  0.85326031E+000  0.97630210E+000  0.25205792E+001
  0.66016154E+000  0.85326343E+000  0.97630902E+000  0.25205969E+001
  0.66018398E+000  0.85325342E+000  0.97631581E+000  0.25206143E+001
  0.66019298E+000  0.85325639E+000  0.97632247E+000  0.25206312E+001
  0.66020159E+000  0.85325927E+000  0.97632900E+000  0.25206478E+001
  0.66020979E+000  0.85326207E+000  0.97633538E+000  0.25206640E+001
  0.66021757E+000  0.85326478E+000  0.97634161E+000  0.25206797E+001
  0.66022492E+000  0.85326741E+000  0.97634769E+000  0.25206950E+001
  0.66023184E+000  0.85326994E+000  0.97635362E+000  0.25207098E+001
  0.66023831E+000  0.85327238E+000  0.97635937E+000  0.25207241E+001
  0.66024433E+000  0.85327473E+000  0.97636495E+000  0.25207378E+001
  0.66024991E+000  0.85327697E+000  0.97637036E+000  0.25207510E+001
  0.66025505E+000  0.85327912E+000  0.97637557E+000  0.25207636E+001
  0.66025974E+000  0.85328377E+000  0.97637800E+000  0.25207757E+001
  0.66026401E+000  0.85328572E+000  0.97638282E+000  0.25207871E+001
  0.66026785E+000  0.85328758E+000  0.97638741E+000  0.25207979E+001
  0.66027128E+000  0.85328933E+000  0.97639181E+000  0.25208081E+001
  0.66027431E+000  0.85329123E+000  0.97639572E+000  0.25208176E+001
  0.66027696E+000  0.85329277E+000  0.97639967E+000  0.25208265E+001
  0.66027923E+000  0.85329427E+000  0.97640332E+000  0.25208347E+001
  0.66028115E+000  0.85329561E+000  0.97640681E+000  0.25208422E+001
  0.66028274E+000  0.85330890E+000  0.97639799E+000  0.25208490E+001
  0.66028401E+000  0.85331004E+000  0.97640100E+000  0.25208552E+001
  0.66028519E+000  0.85331089E+000  0.97640376E+000  0.25208606E+001
  0.66028589E+000  0.85331183E+000  0.97640628E+000  0.25208653E+001
  0.66028633E+000  0.85331269E+000  0.97640855E+000  0.25208693E+001
  0.66028653E+000  0.85331346E+000  0.97641059E+000  0.25208726E+001
  0.66028652E+000  0.85331414E+000  0.97641238E+000  0.25208752E+001
  0.66028630E+000  0.85331474E+000  0.97641395E+000  0.25208771E+001
  0.66028596E+000  0.85331523E+000  0.97641524E+000  0.25208782E+001
  0.66028543E+000  0.85331570E+000  0.97641629E+000  0.25208787E+001
  0.66028472E+000  0.85331612E+000  0.97641714E+000  0.25208784E+001
  0.66028389E+000  0.85331648E+000  0.97641777E+000  0.25208775E+001
  0.66028293E+000  0.85331678E+000  0.97641821E+000  0.25208759E+001
  0.66028188E+000  0.85332287E+000  0.97641262E+000  0.25208736E+001
  0.66028075E+000  0.85332305E+000  0.97641270E+000  0.25208707E+001
  0.66027954E+000  0.85332319E+000  0.97641261E+000  0.25208671E+001
  0.66027828E+000  0.85332329E+000  0.97641236E+000  0.25208629E+001
  0.66027698E+000  0.85332334E+000  0.97641197E+000  0.25208582E+001
  0.66027564E+000  0.85332335E+000  0.97641144E+000  0.25208528E+001
  0.66027428E+000  0.85332333E+000  0.97641080E+000  0.25208470E+001
  0.66027292E+000  0.85332328E+000  0.97641004E+000  0.25208406E+001
  0.66027155E+000  0.85332320E+000  0.97640918E+000  0.25208337E+001
  0.66027019E+000  0.85332310E+000  0.97640823E+000  0.25208263E+001
  0.66026884E+000  0.85332297E+000  0.97640721E+000  0.25208185E+001
  0.66026752E+000  0.85332283E+000  0.97640611E+000  0.25208103E+001
  0.66026623E+000  0.85332266E+000  0.97640495E+000  0.25208017E+001
  0.66026498E+000  0.85332249E+000  0.97640373E+000  0.25207928E+001
  0.66026376E+000  0.85332230E+000  0.97640247E+000  0.25207834E+001
  0.66026259E+000  0.85332209E+000  0.97640117E+000  0.25207738E+001
  0.66026147E+000  0.85332188E+000  0.97639983E+000  0.25207638E+001
  0.66026039E+000  0.85332166E+000  0.97639846E+000  0.25207536E+001
  0.66025937E+000  0.85332144E+000  0.97639705E+000  0.25207431E+001
  0.66025840E+000  0.85332121E+000  0.97639564E+000  0.25207323E+001
  0.66025747E+000  0.85332097E+000  0.97639420E+000  0.25207213E+001
  0.66025661E+000  0.85332072E+000  0.97639275E+000  0.25207101E+001
  0.66025579E+000  0.85332047E+000  0.97639129E+000  0.25206986E+001
  0.66025503E+000  0.85332022E+000  0.97638982E+000  0.25206870E+001
  0.66025431E+000  0.85331997E+000  0.97638833E+000  0.25206751E+001
  0.66025365E+000  0.85331971E+000  0.97638684E+000  0.25206631E+001
  0.66025303E+000  0.85331945E+000  0.97638534E+000  0.25206508E+001
  0.66025245E+000  0.85331919E+000  0.97638384E+000  0.25206384E+001
  0.66025192E+000  0.85331892E+000  0.97638233E+000  0.25206259E+001
  0.66025143E+000  0.85331866E+000  0.97638082E+000  0.25206132E+001
  0.66025098E+000  0.85331840E+000  0.97637930E+000  0.25206003E+001
  0.66025057E+000  0.85331813E+000  0.97637779E+000  0.25205872E+001
  0.66025019E+000  0.85331787E+000  0.97637627E+000  0.25205741E+001
  0.66024984E+000  0.85331761E+000  0.97637475E+000  0.25205607E+001
  0.66024952E+000  0.85331735E+000  0.97637322E+000  0.25205472E+001
  0.66024923E+000  0.85331710E+000  0.97637170E+000  0.25205336E+001
  0.66024897E+000  0.85331684E+000  0.97637018E+000  0.25205199E+001
  0.66024873E+000  0.85331659E+000  0.97636866E+000  0.25205060E+001
  0.66024851E+000  0.85331635E+000  0.97636713E+000  0.25204919E+001
  0.66024831E+000  0.85331610E+000  0.97636562E+000  0.25204778E+001
  0.66024813E+000  0.85331587E+000  0.97636410E+000  0.25204635E+001
  0.66024796E+000  0.85331563E+000  0.97636259E+000  0.25204491E+001
  0.66024781E+000  0.85331541E+000  0.97636108E+000  0.25204345E+001
  0.66024767E+000  0.85331519E+000  0.97635958E+000  0.25204199E+001
  0.66024754E+000  0.85331497E+000  0.97635808E+000  0.25204051E+001
  0.66024742E+000  0.85331476E+000  0.97635659E+000  0.25203902E+001
  0.66024730E+000  0.85331456E+000  0.97635511E+000  0.25203752E+001
  0.66024720E+000  0.85331436E+000  0.97635364E+000  0.25203601E+001
  0.66024710E+000  0.85331417E+000  0.97635218E+000  0.25203448E+001
  0.66024701E+000  0.85331399E+000  0.97635073E+000  0.25203295E+001
  0.66024692E+000  0.85331381E+000  0.97634929E+000  0.25203140E+001
  0.66024683E+000  0.85331365E+000  0.97634786E+000  0.25202985E+001
  0.66024675E+000  0.85331348E+000  0.97634645E+000  0.25202829E+001
  0.66024667E+000  0.85331333E+000  0.97634505E+000  0.25202672E+001
  0.66024659E+000  0.85331318E+000  0.97634367E+000  0.25202514E+001
  0.66024651E+000  0.85331303E+000  0.97634231E+000  0.25202355E+001
  0.66024643E+000  0.85331290E+000  0.97634097E+000  0.25202195E+001
  0.66024635E+000  0.85331276E+000  0.97633964E+000  0.25202035E+001
  0.66024627E+000  0.85331264E+000  0.97633834E+000  0.25201874E+001
  0.66024619E+000  0.85331252E+000  0.97633705E+000  0.25201712E+001
  0.66024611E+000  0.85331240E+000  0.97633579E+000  0.25201550E+001
  0.66024603E+000  0.85331229E+000  0.97633456E+000  0.25201387E+001
  0.66024595E+000  0.85331219E+000  0.97633334E+000  0.25201224E+001
  0.66024587E+000  0.85331209E+000  0.97633215E+000  0.25201061E+001
  0.66024579E+000  0.85331199E+000  0.97633099E+000  0.25200897E+001
  0.66024571E+000  0.85331190E+000  0.97632985E+000  0.25200733E+001
  0.66024563E+000  0.85331181E+000  0.97632874E+000  0.25200569E+001
  0.66024555E+000  0.85331173E+000  0.97632766E+000  0.25200404E+001
  0.66024546E+000  0.85331165E+000  0.97632660E+000  0.25200240E+001
  0.66024538E+000  0.85331157E+000  0.97632558E+000  0.25200076E+001
  0.66024530E+000  0.85331150E+000  0.97632458E+000  0.25199911E+001
  0.66024522E+000  0.85331143E+000  0.97632361E+000  0.25199747E+001
  0.66024514E+000  0.85331136E+000  0.97632267E+000  0.25199584E+001
  0.66024506E+000  0.85331129E+000  0.97632176E+000  0.25199420E+001
  0.66024499E+000  0.85331123E+000  0.97632087E+000  0.25199257E+001
  0.66024491E+000  0.85331117E+000  0.97632002E+000  0.25199095E+001
  0.66024483E+000  0.85331111E+000  0.97631920E+000  0.25198933E+001
  0.66024476E+000  0.85331106E+000  0.97631840E+000  0.25198772E+001
  0.66024469E+000  0.85331100E+000  0.97631764E+000  0.25198611E+001
  0.66024462E+000  0.85331095E+000  0.97631690E+000  0.25198451E+001
  0.66024455E+000  0.85331090E+000  0.97631619E+000  0.25198292E+001
  0.66024448E+000  0.85331086E+000  0.97631551E+000  0.25198134E+001
  0.66024442E+000  0.85331081E+000  0.97631486E+000  0.25197978E+001
  0.66024435E+000  0.85331077E+000  0.97631423E+000  0.25197822E+001
  0.66024429E+000  0.85331072E+000  0.97631364E+000  0.25197667E+001
  0.66024423E+000  0.85331068E+000  0.97631306E+000  0.25197514E+001
  0.66024418E+000  0.85331064E+000  0.97631252E+000  0.25197362E+001
  0.66024412E+000  0.85331061E+000  0.97631199E+000  0.25197211E+001
  0.66024407E+000  0.85331057E+000  0.97631150E+000  0.25197062E+001
  0.66024402E+000  0.85331054E+000  0.97631102E+000  0.25196914E+001
  0.66024397E+000  0.85331050E+000  0.97631057E+000  0.25196768E+001
  0.66024392E+000  0.85331047E+000  0.97631014E+000  0.25196624E+001
  0.66024388E+000  0.85331044E+000  0.97630974E+000  0.25196481E+001
  0.66024384E+000  0.85331041E+000  0.97630935E+000  0.25196340E+001
  0.66024380E+000  0.85331039E+000  0.97630899E+000  0.25196201E+001
  0.66024376E+000  0.85331036E+000  0.97630864E+000  0.25196064E+001
  0.66024372E+000  0.85331034E+000  0.97630831E+000  0.25195929E+001
  0.66024369E+000  0.85331031E+000  0.97630801E+000  0.25195796E+001
  0.66024366E+000  0.85331029E+000  0.97630771E+000  0.25195664E+001
  0.66024363E+000  0.85331027E+000  0.97630744E+000  0.25195535E+001
  0.66024360E+000  0.85331025E+000  0.97630718E+000  0.25195408E+001
  0.66024357E+000  0.85331023E+000  0.97630694E+000  0.25195283E+001
  0.66024354E+000  0.85331021E+000  0.97630671E+000  0.25195160E+001
  0.66024352E+000  0.85331020E+000  0.97630649E+000  0.25195040E+001
  0.66024350E+000  0.85331018E+000  0.97630629E+000  0.25194921E+001
  0.66024347E+000  0.85331016E+000  0.97630610E+000  0.25194805E+001
  0.66024345E+000  0.85331015E+000  0.97630592E+000  0.25194691E+001
  0.66024344E+000  0.85331014E+000  0.97630575E+000  0.25194580E+001
  0.66024342E+000  0.85331012E+000  0.97630560E+000  0.25194470E+001
  0.66024340E+000  0.85331011E+000  0.97630545E+000  0.25194363E+001
  0.66024339E+000  0.85331010E+000  0.97630531E+000  0.25194258E+001
  0.66024337E+000  0.85331009E+000  0.97630518E+000  0.25194156E+001
  0.66024336E+000  0.85331008E+000  0.97630506E+000  0.25194056E+001
  0.66024335E+000  0.85331007E+000  0.97630495E+000  0.25193958E+001
  0.66024333E+000  0.85331006E+000  0.97630485E+000  0.25193862E+001
  0.66024332E+000  0.85331005E+000  0.97630475E+000  0.25193769E+001
  0.66024331E+000  0.85331005E+000  0.97630466E+000  0.25193678E+001
  0.66024330E+000  0.85331004E+000  0.97630458E+000  0.25193589E+001
  0.66024327E+000  0.85331002E+000  0.97630448E+000  0.25193503E+001
