 -0.44238951E+000
 -0.44426112E+000
 -0.44524613E+000
 -0.44582408E+000
 -0.44618124E+000
 -0.44640784E+000
 -0.44655282E+000
 -0.44664518E+000
 -0.44670271E+000
 -0.44673627E+000
 -0.44675323E+000
 -0.44675910E+000
 -0.44675748E+000
 -0.44675079E+000
 -0.44674070E+000
 -0.44672838E+000
 -0.44671468E+000
 -0.44670025E+000
 -0.44668556E+000
 -0.44667096E+000
 -0.44665670E+000
 -0.44664296E+000
 -0.44662989E+000
 -0.44661758E+000
 -0.44660608E+000
 -0.44659542E+000
 -0.44658561E+000
 -0.44657666E+000
 -0.44656855E+000
 -0.44656126E+000
 -0.44655476E+000
 -0.44654903E+000
 -0.44654401E+000
 -0.44653968E+000
 -0.44653599E+000
 -0.44653290E+000
 -0.44653036E+000
 -0.44652834E+000
 -0.44652680E+000
 -0.44652569E+000
 -0.44652499E+000
 -0.44652464E+000
 -0.44652462E+000
 -0.44652491E+000
 -0.44652546E+000
 -0.44652625E+000
 -0.44652726E+000
 -0.44652847E+000
 -0.44652985E+000
 -0.44653138E+000
 -0.44653305E+000
 -0.44653483E+000
 -0.44653671E+000
 -0.44653868E+000
 -0.44654071E+000
 -0.44654279E+000
 -0.44654492E+000
 -0.44654706E+000
 -0.44654921E+000
 -0.44655136E+000
 -0.44655348E+000
 -0.44655556E+000
 -0.44655760E+000
 -0.44655957E+000
 -0.44656147E+000
 -0.44656328E+000
 -0.44656499E+000
 -0.44656659E+000
 -0.44656807E+000
 -0.44656943E+000
 -0.44657065E+000
 -0.44657173E+000
 -0.44657266E+000
 -0.44657345E+000
 -0.44657407E+000
 -0.44657454E+000
 -0.44657486E+000
 -0.44657500E+000
 -0.44657499E+000
 -0.44657481E+000
 -0.44657446E+000
 -0.44657395E+000
 -0.44657327E+000
 -0.44657242E+000
 -0.44657140E+000
 -0.44657020E+000
 -0.44656883E+000
 -0.44656729E+000
 -0.44656557E+000
 -0.44656367E+000
 -0.44656160E+000
 -0.44655935E+000
 -0.44655692E+000
 -0.44655431E+000
 -0.44655153E+000
 -0.44654858E+000
 -0.44654545E+000
 -0.44654216E+000
 -0.44653870E+000
 -0.44653508E+000
 -0.44653130E+000
 -0.44652737E+000
 -0.44652328E+000
 -0.44651906E+000
 -0.44651469E+000
 -0.44651019E+000
 -0.44650557E+000
 -0.44650081E+000
 -0.44649595E+000
 -0.44649096E+000
 -0.44648587E+000
 -0.44648068E+000
 -0.44647539E+000
 -0.44647000E+000
 -0.44646453E+000
 -0.44645897E+000
 -0.44645333E+000
 -0.44644762E+000
 -0.44644184E+000
 -0.44643599E+000
 -0.44643007E+000
 -0.44642410E+000
 -0.44641807E+000
 -0.44641199E+000
 -0.44640586E+000
 -0.44639968E+000
 -0.44639346E+000
 -0.44638719E+000
 -0.44638089E+000
 -0.44637456E+000
 -0.44636820E+000
 -0.44636180E+000
 -0.44635538E+000
 -0.44634894E+000
 -0.44634248E+000
 -0.44633600E+000
 -0.44632950E+000
 -0.44632299E+000
 -0.44631648E+000
 -0.44630995E+000
 -0.44630342E+000
 -0.44629689E+000
 -0.44629037E+000
 -0.44628384E+000
 -0.44627732E+000
 -0.44627082E+000
 -0.44626432E+000
 -0.44625784E+000
 -0.44625138E+000
 -0.44624494E+000
 -0.44623852E+000
 -0.44623213E+000
 -0.44622577E+000
 -0.44621944E+000
 -0.44621314E+000
 -0.44620689E+000
 -0.44620067E+000
 -0.44619449E+000
 -0.44618836E+000
 -0.44618228E+000
 -0.44617625E+000
 -0.44617027E+000
 -0.44616435E+000
 -0.44615848E+000
 -0.44615268E+000
 -0.44614693E+000
 -0.44614125E+000
 -0.44613563E+000
 -0.44613009E+000
 -0.44612461E+000
 -0.44611920E+000
 -0.44611387E+000
 -0.44610861E+000
 -0.44610343E+000
 -0.44609833E+000
 -0.44609330E+000
 -0.44608836E+000
 -0.44608349E+000
 -0.44607871E+000
 -0.44607401E+000
 -0.44606940E+000
 -0.44606487E+000
 -0.44606043E+000
 -0.44605607E+000
 -0.44605179E+000
 -0.44604761E+000
 -0.44604351E+000
 -0.44603950E+000
 -0.44603557E+000
 -0.44603173E+000
 -0.44602798E+000
 -0.44602432E+000
 -0.44602074E+000
 -0.44601724E+000
 -0.44601383E+000
 -0.44601051E+000
 -0.44600727E+000
 -0.44600411E+000
 -0.44600104E+000
 -0.44599807E+000
