  0.52607896E+000
  0.52624936E+000
  0.52635715E+000
  0.52643965E+000
  0.52650646E+000
  0.52656151E+000
  0.52660693E+000
  0.52664431E+000
  0.52667561E+000
  0.52670099E+000
  0.52672144E+000
  0.52673781E+000
  0.52675078E+000
  0.52676091E+000
  0.52676865E+000
  0.52677437E+000
  0.52677839E+000
  0.52678096E+000
  0.52678232E+000
  0.52678265E+000
  0.52678213E+000
  0.52678086E+000
  0.52677897E+000
  0.52677656E+000
  0.52677369E+000
  0.52677045E+000
  0.52676690E+000
  0.52676310E+000
  0.52675909E+000
  0.52675492E+000
  0.52675062E+000
  0.52674623E+000
  0.52674177E+000
  0.52673727E+000
  0.52673274E+000
  0.52672821E+000
  0.52672368E+000
  0.52671918E+000
  0.52671472E+000
  0.52671030E+000
  0.52670594E+000
  0.52670164E+000
  0.52669741E+000
  0.52669326E+000
  0.52668919E+000
  0.52668520E+000
  0.52668131E+000
  0.52667752E+000
  0.52667382E+000
  0.52667024E+000
  0.52666676E+000
  0.52666340E+000
  0.52666015E+000
  0.52665702E+000
  0.52665402E+000
  0.52665114E+000
  0.52664839E+000
  0.52664576E+000
  0.52664327E+000
  0.52664091E+000
  0.52663868E+000
  0.52663657E+000
  0.52663460E+000
  0.52663276E+000
  0.52663105E+000
  0.52662946E+000
  0.52662800E+000
  0.52662666E+000
  0.52662544E+000
  0.52662433E+000
  0.52662334E+000
  0.52662246E+000
  0.52662169E+000
  0.52662102E+000
  0.52662045E+000
  0.52661998E+000
  0.52661960E+000
  0.52661931E+000
  0.52661910E+000
  0.52661897E+000
  0.52661892E+000
  0.52661894E+000
  0.52661903E+000
  0.52661918E+000
  0.52661938E+000
  0.52661964E+000
  0.52661995E+000
  0.52662031E+000
  0.52662070E+000
  0.52662113E+000
  0.52662159E+000
  0.52662208E+000
  0.52662260E+000
  0.52662313E+000
  0.52662368E+000
  0.52662425E+000
  0.52662483E+000
  0.52662542E+000
  0.52662602E+000
  0.52662663E+000
  0.52662723E+000
  0.52662785E+000
  0.52662846E+000
  0.52662908E+000
  0.52662969E+000
  0.52663031E+000
  0.52663092E+000
  0.52663153E+000
  0.52663214E+000
  0.52663275E+000
  0.52663336E+000
  0.52663396E+000
  0.52663456E+000
  0.52663515E+000
  0.52663575E+000
  0.52663634E+000
  0.52663692E+000
  0.52663750E+000
  0.52663808E+000
  0.52663866E+000
  0.52663923E+000
  0.52663979E+000
  0.52664036E+000
  0.52664091E+000
  0.52664146E+000
  0.52664201E+000
  0.52664256E+000
  0.52664309E+000
  0.52664363E+000
  0.52664415E+000
  0.52664467E+000
  0.52664519E+000
  0.52664570E+000
  0.52664620E+000
  0.52664670E+000
  0.52664719E+000
  0.52664768E+000
  0.52664815E+000
  0.52664862E+000
  0.52664909E+000
  0.52664954E+000
  0.52664999E+000
  0.52665043E+000
  0.52665086E+000
  0.52665129E+000
  0.52665171E+000
  0.52665212E+000
  0.52665252E+000
  0.52665291E+000
  0.52665329E+000
  0.52665367E+000
  0.52665404E+000
  0.52665439E+000
  0.52665474E+000
  0.52665509E+000
  0.52665542E+000
  0.52665574E+000
  0.52665606E+000
  0.52665637E+000
  0.52665666E+000
  0.52665695E+000
  0.52665724E+000
  0.52665751E+000
  0.52665777E+000
  0.52665803E+000
  0.52665828E+000
  0.52665852E+000
  0.52665875E+000
  0.52665898E+000
  0.52665920E+000
  0.52665941E+000
  0.52665961E+000
  0.52665981E+000
  0.52666000E+000
  0.52666018E+000
  0.52666035E+000
  0.52666052E+000
  0.52666069E+000
  0.52666084E+000
  0.52666099E+000
  0.52666114E+000
  0.52666128E+000
  0.52666141E+000
  0.52666154E+000
  0.52666166E+000
  0.52666178E+000
  0.52666189E+000
  0.52666200E+000
  0.52666210E+000
  0.52666220E+000
  0.52666230E+000
  0.52666239E+000
  0.52666247E+000
  0.52666256E+000
  0.52666264E+000
  0.52666271E+000
  0.52666278E+000
  0.52666285E+000
  0.52666292E+000
  0.52666299E+000
