  0.17875242E+001
  0.17852796E+001
  0.17836539E+001
  0.17824472E+001
  0.17815289E+001
  0.17808190E+001
  0.17802603E+001
  0.17798144E+001
  0.17794571E+001
  0.17791657E+001
  0.17789305E+001
  0.17787340E+001
  0.17785737E+001
  0.17784397E+001
  0.17783293E+001
  0.17782369E+001
  0.17781600E+001
  0.17780947E+001
  0.17780404E+001
  0.17779940E+001
  0.17779547E+001
  0.17779214E+001
  0.17778923E+001
  0.17778671E+001
  0.17778450E+001
  0.17778252E+001
  0.17778075E+001
  0.17777913E+001
  0.17777763E+001
  0.17777623E+001
  0.17777490E+001
  0.17777362E+001
  0.17777238E+001
  0.17777117E+001
  0.17776997E+001
  0.17776879E+001
  0.17776761E+001
  0.17776643E+001
  0.17776526E+001
  0.17776408E+001
  0.17776290E+001
  0.17776171E+001
  0.17776053E+001
  0.17775934E+001
  0.17775814E+001
  0.17775695E+001
  0.17775576E+001
  0.17775457E+001
  0.17775339E+001
  0.17775220E+001
  0.17775103E+001
  0.17774986E+001
  0.17774870E+001
  0.17774755E+001
  0.17774640E+001
  0.17774527E+001
  0.17774415E+001
  0.17774304E+001
  0.17774194E+001
  0.17774085E+001
  0.17773978E+001
  0.17773871E+001
  0.17773766E+001
  0.17773663E+001
  0.17773561E+001
  0.17773460E+001
  0.17773361E+001
  0.17773263E+001
  0.17773166E+001
  0.17773071E+001
  0.17772977E+001
  0.17772885E+001
  0.17772794E+001
  0.17772705E+001
  0.17772617E+001
  0.17772530E+001
  0.17772445E+001
  0.17772361E+001
  0.17772278E+001
  0.17772197E+001
  0.17772117E+001
  0.17772038E+001
  0.17771960E+001
  0.17771884E+001
  0.17771809E+001
  0.17771735E+001
  0.17771662E+001
  0.17771590E+001
  0.17771519E+001
  0.17771448E+001
  0.17771379E+001
  0.17771311E+001
  0.17771243E+001
  0.17771175E+001
  0.17771109E+001
  0.17771043E+001
  0.17770977E+001
  0.17770911E+001
  0.17770846E+001
  0.17770781E+001
  0.17770717E+001
  0.17770652E+001
  0.17770588E+001
  0.17770523E+001
  0.17770459E+001
  0.17770394E+001
  0.17770329E+001
  0.17770265E+001
  0.17770200E+001
  0.17770135E+001
  0.17770069E+001
  0.17770004E+001
  0.17769938E+001
  0.17769872E+001
  0.17769806E+001
  0.17769739E+001
  0.17769672E+001
  0.17769605E+001
  0.17769537E+001
  0.17769470E+001
  0.17769401E+001
  0.17769333E+001
  0.17769264E+001
  0.17769195E+001
  0.17769126E+001
  0.17769056E+001
  0.17768986E+001
  0.17768916E+001
  0.17768846E+001
  0.17768775E+001
  0.17768704E+001
  0.17768633E+001
  0.17768562E+001
  0.17768491E+001
  0.17768419E+001
  0.17768348E+001
  0.17768276E+001
  0.17768204E+001
  0.17768132E+001
  0.17768061E+001
  0.17767989E+001
  0.17767917E+001
  0.17767846E+001
  0.17767774E+001
  0.17767703E+001
  0.17767631E+001
  0.17767560E+001
  0.17767489E+001
  0.17767419E+001
  0.17767348E+001
  0.17767278E+001
  0.17767209E+001
  0.17767140E+001
  0.17767071E+001
  0.17767002E+001
  0.17766934E+001
  0.17766867E+001
  0.17766800E+001
  0.17766733E+001
  0.17766667E+001
  0.17766602E+001
  0.17766537E+001
  0.17766473E+001
  0.17766410E+001
  0.17766347E+001
  0.17766285E+001
  0.17766224E+001
  0.17766164E+001
  0.17766104E+001
  0.17766045E+001
  0.17765987E+001
  0.17765930E+001
  0.17765874E+001
  0.17765818E+001
  0.17765764E+001
  0.17765710E+001
  0.17765657E+001
  0.17765606E+001
  0.17765555E+001
  0.17765505E+001
  0.17765456E+001
  0.17765408E+001
  0.17765361E+001
  0.17765314E+001
  0.17765269E+001
  0.17765225E+001
  0.17765182E+001
  0.17765139E+001
  0.17765098E+001
  0.17765058E+001
  0.17765018E+001
  0.17764980E+001
  0.17764943E+001
  0.17764906E+001
  0.17764870E+001
  0.17764836E+001
  0.17764802E+001
  0.17764769E+001
  0.17764737E+001
  0.17764706E+001
