 -0.11921776E+000  0.60389155E+000  0.54232138E+001  0.12139254E+003
 -0.11940217E+000  0.60325908E+000  0.54215942E+001  0.12140891E+003
 -0.11953950E+000  0.60274877E+000  0.54202451E+001  0.12142169E+003
 -0.11963992E+000  0.60234308E+000  0.54191389E+001  0.12143189E+003
 -0.11971148E+000  0.60202639E+000  0.54182480E+001  0.12144017E+003
 -0.11976031E+000  0.60178495E+000  0.54175457E+001  0.12144698E+003
 -0.11979083E+000  0.60160658E+000  0.54170073E+001  0.12145266E+003
 -0.11980720E+000  0.60148154E+000  0.54166096E+001  0.12145743E+003
 -0.11981230E+000  0.60140105E+000  0.54163319E+001  0.12146148E+003
 -0.11980726E+000  0.60135770E+000  0.54161561E+001  0.12146495E+003
 -0.11979451E+000  0.60134523E+000  0.54160666E+001  0.12146795E+003
 -0.11977598E+000  0.60135836E+000  0.54160503E+001  0.12147057E+003
 -0.11975312E+000  0.60139263E+000  0.54160959E+001  0.12147287E+003
 -0.11972676E+000  0.60144409E+000  0.54161938E+001  0.12147493E+003
 -0.11969795E+000  0.60150982E+000  0.54163360E+001  0.12147677E+003
 -0.11966737E+000  0.60158722E+000  0.54165155E+001  0.12147844E+003
 -0.11963553E+000  0.60167409E+000  0.54167266E+001  0.12147998E+003
 -0.11960286E+000  0.60176861E+000  0.54169643E+001  0.12148140E+003
 -0.11956969E+000  0.60186922E+000  0.54172246E+001  0.12148272E+003
 -0.11953626E+000  0.60197463E+000  0.54175038E+001  0.12148398E+003
 -0.11950267E+000  0.60208369E+000  0.54177990E+001  0.12148517E+003
 -0.11946915E+000  0.60219554E+000  0.54181078E+001  0.12148632E+003
 -0.11943587E+000  0.60230941E+000  0.54184279E+001  0.12148744E+003
 -0.11940298E+000  0.60242466E+000  0.54187575E+001  0.12148852E+003
 -0.11937061E+000  0.60254073E+000  0.54190951E+001  0.12148959E+003
 -0.11933886E+000  0.60265714E+000  0.54194392E+001  0.12149065E+003
 -0.11930782E+000  0.60277346E+000  0.54197887E+001  0.12149169E+003
 -0.11927756E+000  0.60288934E+000  0.54201425E+001  0.12149274E+003
 -0.11924815E+000  0.60300446E+000  0.54204997E+001  0.12149379E+003
 -0.11921964E+000  0.60311854E+000  0.54208593E+001  0.12149484E+003
 -0.11919205E+000  0.60323133E+000  0.54212206E+001  0.12149589E+003
 -0.11916542E+000  0.60334262E+000  0.54215828E+001  0.12149696E+003
 -0.11913977E+000  0.60345219E+000  0.54219451E+001  0.12149804E+003
 -0.11911511E+000  0.60355988E+000  0.54223070E+001  0.12149912E+003
 -0.11909146E+000  0.60366551E+000  0.54226675E+001  0.12150022E+003
 -0.11906884E+000  0.60376893E+000  0.54230262E+001  0.12150134E+003
 -0.11904723E+000  0.60386998E+000  0.54233823E+001  0.12150247E+003
 -0.11902665E+000  0.60396853E+000  0.54237352E+001  0.12150361E+003
 -0.11900710E+000  0.60406445E+000  0.54240842E+001  0.12150476E+003
 -0.11898858E+000  0.60415759E+000  0.54244286E+001  0.12150593E+003
 -0.11897109E+000  0.60424786E+000  0.54247678E+001  0.12150711E+003
 -0.11895462E+000  0.60433514E+000  0.54251011E+001  0.12150830E+003
 -0.11893918E+000  0.60441930E+000  0.54254279E+001  0.12150950E+003
 -0.11892477E+000  0.60450025E+000  0.54257476E+001  0.12151071E+003
 -0.11891137E+000  0.60457785E+000  0.54260595E+001  0.12151193E+003
 -0.11889900E+000  0.60465202E+000  0.54263630E+001  0.12151316E+003
 -0.11888763E+000  0.60472266E+000  0.54266575E+001  0.12151439E+003
 -0.11887728E+000  0.60478966E+000  0.54269425E+001  0.12151562E+003
 -0.11886794E+000  0.60485295E+000  0.54272174E+001  0.12151685E+003
 -0.11885960E+000  0.60491245E+000  0.54274817E+001  0.12151808E+003
 -0.11885225E+000  0.60496810E+000  0.54277349E+001  0.12151930E+003
 -0.11884589E+000  0.60501985E+000  0.54279766E+001  0.12152052E+003
 -0.11884050E+000  0.60506766E+000  0.54282063E+001  0.12152173E+003
 -0.11883607E+000  0.60511151E+000  0.54284236E+001  0.12152293E+003
 -0.11883260E+000  0.60515140E+000  0.54286283E+001  0.12152411E+003
 -0.11883005E+000  0.60518732E+000  0.54288199E+001  0.12152528E+003
 -0.11882841E+000  0.60521933E+000  0.54289983E+001  0.12152643E+003
 -0.11882765E+000  0.60524745E+000  0.54291633E+001  0.12152756E+003
 -0.11882776E+000  0.60527176E+000  0.54293147E+001  0.12152866E+003
 -0.11882870E+000  0.60529233E+000  0.54294525E+001  0.12152973E+003
 -0.11883044E+000  0.60530927E+000  0.54295765E+001  0.12153078E+003
 -0.11883295E+000  0.60532276E+000  0.54296869E+001  0.12153179E+003
 -0.11883619E+000  0.60533286E+000  0.54297837E+001  0.12153277E+003
 -0.11884012E+000  0.60533971E+000  0.54298670E+001  0.12153371E+003
 -0.11884472E+000  0.60534346E+000  0.54299372E+001  0.12153461E+003
 -0.11884993E+000  0.60534429E+000  0.54299944E+001  0.12153547E+003
 -0.11885571E+000  0.60534237E+000  0.54300389E+001  0.12153628E+003
 -0.11886204E+000  0.60533789E+000  0.54300711E+001  0.12153705E+003
 -0.11886885E+000  0.60533102E+000  0.54300915E+001  0.12153776E+003
 -0.11887612E+000  0.60532194E+000  0.54301004E+001  0.12153843E+003
 -0.11888380E+000  0.60531085E+000  0.54300983E+001  0.12153904E+003
 -0.11889185E+000  0.60529791E+000  0.54300858E+001  0.12153960E+003
 -0.11890024E+000  0.60528329E+000  0.54300633E+001  0.12154011E+003
 -0.11890891E+000  0.60526717E+000  0.54300315E+001  0.12154055E+003
 -0.11891784E+000  0.60524971E+000  0.54299910E+001  0.12154094E+003
 -0.11892698E+000  0.60523107E+000  0.54299422E+001  0.12154127E+003
 -0.11893624E+000  0.60521136E+000  0.54298859E+001  0.12154154E+003
 -0.11894558E+000  0.60519070E+000  0.54298226E+001  0.12154175E+003
 -0.11895500E+000  0.60516922E+000  0.54297531E+001  0.12154191E+003
 -0.11896447E+000  0.60514700E+000  0.54296778E+001  0.12154200E+003
 -0.11897396E+000  0.60512415E+000  0.54295973E+001  0.12154203E+003
 -0.11898344E+000  0.60510076E+000  0.54295123E+001  0.12154200E+003
 -0.11899289E+000  0.60507691E+000  0.54294234E+001  0.12154191E+003
 -0.11900226E+000  0.60505266E+000  0.54293310E+001  0.12154177E+003
 -0.11901155E+000  0.60502807E+000  0.54292357E+001  0.12154157E+003
 -0.11902072E+000  0.60500322E+000  0.54291379E+001  0.12154131E+003
 -0.11902974E+000  0.60497815E+000  0.54290382E+001  0.12154099E+003
 -0.11903860E+000  0.60495290E+000  0.54289369E+001  0.12154062E+003
 -0.11904728E+000  0.60492753E+000  0.54288344E+001  0.12154019E+003
 -0.11905575E+000  0.60490206E+000  0.54287312E+001  0.12153972E+003
 -0.11906400E+000  0.60487653E+000  0.54286274E+001  0.12153919E+003
 -0.11907202E+000  0.60485097E+000  0.54285235E+001  0.12153862E+003
 -0.11907979E+000  0.60482541E+000  0.54284196E+001  0.12153799E+003
 -0.11908731E+000  0.60479986E+000  0.54283160E+001  0.12153732E+003
 -0.11909457E+000  0.60477436E+000  0.54282128E+001  0.12153661E+003
 -0.11910157E+000  0.60474891E+000  0.54281102E+001  0.12153585E+003
 -0.11910829E+000  0.60472354E+000  0.54280083E+001  0.12153505E+003
 -0.11911475E+000  0.60469826E+000  0.54279072E+001  0.12153421E+003
 -0.11912094E+000  0.60467307E+000  0.54278069E+001  0.12153334E+003
 -0.11912686E+000  0.60464801E+000  0.54277076E+001  0.12153242E+003
 -0.11913252E+000  0.60462308E+000  0.54276092E+001  0.12153147E+003
 -0.11913791E+000  0.60459829E+000  0.54275117E+001  0.12153049E+003
 -0.11914306E+000  0.60457366E+000  0.54274151E+001  0.12152947E+003
 -0.11914795E+000  0.60454920E+000  0.54273194E+001  0.12152843E+003
 -0.11915261E+000  0.60452494E+000  0.54272245E+001  0.12152735E+003
 -0.11915703E+000  0.60450089E+000  0.54271305E+001  0.12152624E+003
 -0.11916122E+000  0.60447706E+000  0.54270372E+001  0.12152511E+003
 -0.11916519E+000  0.60445349E+000  0.54269446E+001  0.12152395E+003
 -0.11916894E+000  0.60443019E+000  0.54268527E+001  0.12152277E+003
 -0.11917250E+000  0.60440718E+000  0.54267614E+001  0.12152156E+003
 -0.11917585E+000  0.60438450E+000  0.54266706E+001  0.12152033E+003
 -0.11917902E+000  0.60436216E+000  0.54265804E+001  0.12151908E+003
 -0.11918201E+000  0.60434019E+000  0.54264906E+001  0.12151781E+003
 -0.11918482E+000  0.60431862E+000  0.54264012E+001  0.12151651E+003
 -0.11918746E+000  0.60429747E+000  0.54263122E+001  0.12151520E+003
 -0.11918995E+000  0.60427676E+000  0.54262236E+001  0.12151387E+003
 -0.11919228E+000  0.60425653E+000  0.54261354E+001  0.12151253E+003
 -0.11919447E+000  0.60423680E+000  0.54260476E+001  0.12151117E+003
 -0.11919651E+000  0.60421758E+000  0.54259602E+001  0.12150979E+003
 -0.11919843E+000  0.60419891E+000  0.54258732E+001  0.12150840E+003
 -0.11920021E+000  0.60418080E+000  0.54257866E+001  0.12150700E+003
 -0.11920188E+000  0.60416326E+000  0.54257004E+001  0.12150558E+003
 -0.11920343E+000  0.60414631E+000  0.54256149E+001  0.12150415E+003
 -0.11920487E+000  0.60412997E+000  0.54255299E+001  0.12150271E+003
 -0.11920621E+000  0.60411425E+000  0.54254455E+001  0.12150126E+003
 -0.11920745E+000  0.60409915E+000  0.54253619E+001  0.12149980E+003
 -0.11920859E+000  0.60408468E+000  0.54252791E+001  0.12149833E+003
 -0.11920965E+000  0.60407085E+000  0.54251971E+001  0.12149685E+003
 -0.11921062E+000  0.60405765E+000  0.54251162E+001  0.12149537E+003
 -0.11921151E+000  0.60404509E+000  0.54250363E+001  0.12149387E+003
 -0.11921233E+000  0.60403315E+000  0.54249576E+001  0.12149237E+003
 -0.11921308E+000  0.60402184E+000  0.54248802E+001  0.12149087E+003
 -0.11921376E+000  0.60401114E+000  0.54248041E+001  0.12148935E+003
 -0.11921438E+000  0.60400105E+000  0.54247295E+001  0.12148784E+003
 -0.11921494E+000  0.60399156E+000  0.54246564E+001  0.12148632E+003
 -0.11921544E+000  0.60398264E+000  0.54245849E+001  0.12148479E+003
 -0.11921589E+000  0.60397428E+000  0.54245152E+001  0.12148327E+003
 -0.11921630E+000  0.60396647E+000  0.54244473E+001  0.12148174E+003
 -0.11921666E+000  0.60395920E+000  0.54243812E+001  0.12148021E+003
 -0.11921698E+000  0.60395243E+000  0.54243171E+001  0.12147868E+003
 -0.11921726E+000  0.60394615E+000  0.54242550E+001  0.12147715E+003
 -0.11921750E+000  0.60394035E+000  0.54241949E+001  0.12147562E+003
 -0.11921772E+000  0.60393499E+000  0.54241370E+001  0.12147409E+003
 -0.11921790E+000  0.60393006E+000  0.54240811E+001  0.12147257E+003
 -0.11921805E+000  0.60392554E+000  0.54240274E+001  0.12147104E+003
 -0.11921819E+000  0.60392141E+000  0.54239759E+001  0.12146952E+003
 -0.11921829E+000  0.60391764E+000  0.54239265E+001  0.12146801E+003
 -0.11921838E+000  0.60391421E+000  0.54238793E+001  0.12146650E+003
 -0.11921845E+000  0.60391110E+000  0.54238343E+001  0.12146499E+003
 -0.11921850E+000  0.60390830E+000  0.54237914E+001  0.12146350E+003
 -0.11921854E+000  0.60390578E+000  0.54237506E+001  0.12146201E+003
 -0.11921856E+000  0.60390352E+000  0.54237119E+001  0.12146052E+003
 -0.11921858E+000  0.60390150E+000  0.54236753E+001  0.12145905E+003
 -0.11921858E+000  0.60389971E+000  0.54236407E+001  0.12145759E+003
 -0.11921857E+000  0.60389812E+000  0.54236081E+001  0.12145613E+003
 -0.11921856E+000  0.60389673E+000  0.54235774E+001  0.12145469E+003
 -0.11921854E+000  0.60389550E+000  0.54235485E+001  0.12145325E+003
 -0.11921852E+000  0.60389444E+000  0.54235214E+001  0.12145183E+003
 -0.11921849E+000  0.60389352E+000  0.54234961E+001  0.12145042E+003
 -0.11921846E+000  0.60389273E+000  0.54234724E+001  0.12144903E+003
 -0.11921842E+000  0.60389206E+000  0.54234503E+001  0.12144765E+003
 -0.11921839E+000  0.60389150E+000  0.54234298E+001  0.12144628E+003
 -0.11921835E+000  0.60389103E+000  0.54234107E+001  0.12144493E+003
 -0.11921831E+000  0.60389064E+000  0.54233930E+001  0.12144359E+003
 -0.11921828E+000  0.60389033E+000  0.54233766E+001  0.12144227E+003
 -0.11921824E+000  0.60389008E+000  0.54233614E+001  0.12144097E+003
 -0.11921820E+000  0.60388989E+000  0.54233475E+001  0.12143968E+003
 -0.11921817E+000  0.60388974E+000  0.54233346E+001  0.12143841E+003
 -0.11921814E+000  0.60388964E+000  0.54233227E+001  0.12143715E+003
 -0.11921811E+000  0.60388958E+000  0.54233119E+001  0.12143592E+003
 -0.11921808E+000  0.60388954E+000  0.54233019E+001  0.12143470E+003
 -0.11921805E+000  0.60388953E+000  0.54232928E+001  0.12143351E+003
 -0.11921803E+000  0.60388954E+000  0.54232845E+001  0.12143233E+003
 -0.11921800E+000  0.60388957E+000  0.54232769E+001  0.12143117E+003
 -0.11921798E+000  0.60388960E+000  0.54232700E+001  0.12143003E+003
 -0.11921796E+000  0.60388965E+000  0.54232638E+001  0.12142891E+003
 -0.11921795E+000  0.60388970E+000  0.54232581E+001  0.12142781E+003
 -0.11921793E+000  0.60388976E+000  0.54232529E+001  0.12142673E+003
 -0.11921792E+000  0.60388982E+000  0.54232482E+001  0.12142567E+003
 -0.11921791E+000  0.60388988E+000  0.54232440E+001  0.12142463E+003
 -0.11921790E+000  0.60388994E+000  0.54232402E+001  0.12142362E+003
 -0.11921790E+000  0.60389000E+000  0.54232367E+001  0.12142262E+003
 -0.11921789E+000  0.60389005E+000  0.54232336E+001  0.12142164E+003
 -0.11921789E+000  0.60389011E+000  0.54232309E+001  0.12142069E+003
 -0.11921789E+000  0.60389015E+000  0.54232283E+001  0.12141975E+003
 -0.11921789E+000  0.60389020E+000  0.54232261E+001  0.12141884E+003
 -0.11921789E+000  0.60389024E+000  0.54232241E+001  0.12141795E+003
 -0.11921789E+000  0.60389028E+000  0.54232223E+001  0.12141707E+003
 -0.11921789E+000  0.60389031E+000  0.54232206E+001  0.12141622E+003
 -0.11921789E+000  0.60389034E+000  0.54232192E+001  0.12141539E+003
 -0.11921789E+000  0.60389037E+000  0.54232179E+001  0.12141458E+003
 -0.11921789E+000  0.60389039E+000  0.54232167E+001  0.12141379E+003
 -0.11921790E+000  0.60389041E+000  0.54232157E+001  0.12141302E+003
 -0.11921790E+000  0.60389043E+000  0.54232148E+001  0.12141227E+003
 -0.11921790E+000  0.60389045E+000  0.54232140E+001  0.12141154E+003
 -0.11921791E+000  0.60389047E+000  0.54232133E+001  0.12141083E+003
 -0.11921791E+000  0.60389049E+000  0.54232127E+001  0.12141014E+003
 -0.11921791E+000  0.60389050E+000  0.54232122E+001  0.12140947E+003
 -0.11921792E+000  0.60389050E+000  0.54232117E+001  0.12140881E+003
 -0.11921793E+000  0.60389050E+000  0.54232113E+001  0.12140818E+003
