  0.63573970E+000
  0.63593630E+000
  0.63606562E+000
  0.63616569E+000
  0.63624707E+000
  0.63631422E+000
  0.63636961E+000
  0.63641514E+000
  0.63645313E+000
  0.63648394E+000
  0.63650878E+000
  0.63652870E+000
  0.63654450E+000
  0.63655683E+000
  0.63656624E+000
  0.63657320E+000
  0.63657808E+000
  0.63658121E+000
  0.63658283E+000
  0.63658320E+000
  0.63658252E+000
  0.63658093E+000
  0.63657857E+000
  0.63657556E+000
  0.63657200E+000
  0.63656797E+000
  0.63656357E+000
  0.63655885E+000
  0.63655387E+000
  0.63654869E+000
  0.63654335E+000
  0.63653789E+000
  0.63653234E+000
  0.63652673E+000
  0.63652109E+000
  0.63651543E+000
  0.63650979E+000
  0.63650417E+000
  0.63649859E+000
  0.63649306E+000
  0.63648760E+000
  0.63648221E+000
  0.63647691E+000
  0.63647170E+000
  0.63646659E+000
  0.63646159E+000
  0.63645670E+000
  0.63645193E+000
  0.63644728E+000
  0.63644277E+000
  0.63643839E+000
  0.63643415E+000
  0.63643005E+000
  0.63642610E+000
  0.63642231E+000
  0.63641866E+000
  0.63641518E+000
  0.63641185E+000
  0.63640869E+000
  0.63640569E+000
  0.63640285E+000
  0.63640017E+000
  0.63639765E+000
  0.63639530E+000
  0.63639310E+000
  0.63639107E+000
  0.63638918E+000
  0.63638745E+000
  0.63638587E+000
  0.63638443E+000
  0.63638314E+000
  0.63638198E+000
  0.63638096E+000
  0.63638006E+000
  0.63637930E+000
  0.63637865E+000
  0.63637812E+000
  0.63637770E+000
  0.63637738E+000
  0.63637717E+000
  0.63637705E+000
  0.63637702E+000
  0.63637708E+000
  0.63637721E+000
  0.63637742E+000
  0.63637769E+000
  0.63637803E+000
  0.63637842E+000
  0.63637887E+000
  0.63637935E+000
  0.63637988E+000
  0.63638044E+000
  0.63638104E+000
  0.63638166E+000
  0.63638230E+000
  0.63638296E+000
  0.63638363E+000
  0.63638432E+000
  0.63638501E+000
  0.63638572E+000
  0.63638643E+000
  0.63638714E+000
  0.63638785E+000
  0.63638856E+000
  0.63638928E+000
  0.63638999E+000
  0.63639069E+000
  0.63639140E+000
  0.63639210E+000
  0.63639280E+000
  0.63639349E+000
  0.63639418E+000
  0.63639486E+000
  0.63639554E+000
  0.63639622E+000
  0.63639688E+000
  0.63639755E+000
  0.63639820E+000
  0.63639885E+000
  0.63639950E+000
  0.63640014E+000
  0.63640077E+000
  0.63640140E+000
  0.63640202E+000
  0.63640264E+000
  0.63640325E+000
  0.63640385E+000
  0.63640445E+000
  0.63640504E+000
  0.63640562E+000
  0.63640620E+000
  0.63640677E+000
  0.63640733E+000
  0.63640789E+000
  0.63640843E+000
  0.63640897E+000
  0.63640951E+000
  0.63641003E+000
  0.63641055E+000
  0.63641106E+000
  0.63641156E+000
  0.63641205E+000
  0.63641254E+000
  0.63641301E+000
  0.63641348E+000
  0.63641394E+000
  0.63641439E+000
  0.63641483E+000
  0.63641527E+000
  0.63641569E+000
  0.63641610E+000
  0.63641651E+000
  0.63641691E+000
  0.63641729E+000
  0.63641767E+000
  0.63641804E+000
  0.63641840E+000
  0.63641875E+000
  0.63641910E+000
  0.63641943E+000
  0.63641975E+000
  0.63642007E+000
  0.63642037E+000
  0.63642067E+000
  0.63642096E+000
  0.63642124E+000
  0.63642151E+000
  0.63642178E+000
  0.63642203E+000
  0.63642228E+000
  0.63642252E+000
  0.63642275E+000
  0.63642297E+000
  0.63642319E+000
  0.63642340E+000
  0.63642360E+000
  0.63642379E+000
  0.63642398E+000
  0.63642416E+000
  0.63642434E+000
  0.63642451E+000
  0.63642467E+000
  0.63642482E+000
  0.63642497E+000
  0.63642512E+000
  0.63642525E+000
  0.63642539E+000
  0.63642552E+000
  0.63642564E+000
  0.63642576E+000
  0.63642587E+000
  0.63642598E+000
  0.63642608E+000
  0.63642618E+000
  0.63642627E+000
  0.63642637E+000
  0.63642645E+000
  0.63642653E+000
  0.63642662E+000
  0.63642671E+000
