  0.90442616E+000
  0.90467358E+000
  0.90483633E+000
  0.90496226E+000
  0.90506468E+000
  0.90514920E+000
  0.90521890E+000
  0.90527620E+000
  0.90532401E+000
  0.90536278E+000
  0.90539404E+000
  0.90541912E+000
  0.90543899E+000
  0.90545451E+000
  0.90546636E+000
  0.90547512E+000
  0.90548126E+000
  0.90548519E+000
  0.90548724E+000
  0.90548770E+000
  0.90548684E+000
  0.90548484E+000
  0.90548187E+000
  0.90547808E+000
  0.90547360E+000
  0.90546854E+000
  0.90546299E+000
  0.90545705E+000
  0.90545079E+000
  0.90544427E+000
  0.90543755E+000
  0.90543068E+000
  0.90542369E+000
  0.90541663E+000
  0.90540953E+000
  0.90540242E+000
  0.90539531E+000
  0.90538824E+000
  0.90538121E+000
  0.90537426E+000
  0.90536739E+000
  0.90536061E+000
  0.90535394E+000
  0.90534738E+000
  0.90534095E+000
  0.90533465E+000
  0.90532850E+000
  0.90532249E+000
  0.90531665E+000
  0.90531096E+000
  0.90530545E+000
  0.90530012E+000
  0.90529496E+000
  0.90528999E+000
  0.90528522E+000
  0.90528063E+000
  0.90527625E+000
  0.90527206E+000
  0.90526808E+000
  0.90526430E+000
  0.90526073E+000
  0.90525736E+000
  0.90525419E+000
  0.90525123E+000
  0.90524846E+000
  0.90524590E+000
  0.90524353E+000
  0.90524135E+000
  0.90523936E+000
  0.90523755E+000
  0.90523592E+000
  0.90523447E+000
  0.90523318E+000
  0.90523205E+000
  0.90523109E+000
  0.90523027E+000
  0.90522961E+000
  0.90522908E+000
  0.90522868E+000
  0.90522841E+000
  0.90522826E+000
  0.90522823E+000
  0.90522830E+000
  0.90522847E+000
  0.90522873E+000
  0.90522907E+000
  0.90522950E+000
  0.90522999E+000
  0.90523055E+000
  0.90523116E+000
  0.90523182E+000
  0.90523253E+000
  0.90523328E+000
  0.90523406E+000
  0.90523487E+000
  0.90523570E+000
  0.90523654E+000
  0.90523741E+000
  0.90523828E+000
  0.90523917E+000
  0.90524006E+000
  0.90524096E+000
  0.90524185E+000
  0.90524275E+000
  0.90524365E+000
  0.90524454E+000
  0.90524543E+000
  0.90524632E+000
  0.90524720E+000
  0.90524808E+000
  0.90524895E+000
  0.90524982E+000
  0.90525068E+000
  0.90525153E+000
  0.90525238E+000
  0.90525322E+000
  0.90525406E+000
  0.90525488E+000
  0.90525570E+000
  0.90525652E+000
  0.90525732E+000
  0.90525812E+000
  0.90525891E+000
  0.90525969E+000
  0.90526047E+000
  0.90526123E+000
  0.90526199E+000
  0.90526274E+000
  0.90526349E+000
  0.90526422E+000
  0.90526495E+000
  0.90526566E+000
  0.90526637E+000
  0.90526707E+000
  0.90526776E+000
  0.90526844E+000
  0.90526911E+000
  0.90526977E+000
  0.90527042E+000
  0.90527106E+000
  0.90527169E+000
  0.90527231E+000
  0.90527292E+000
  0.90527352E+000
  0.90527411E+000
  0.90527469E+000
  0.90527526E+000
  0.90527581E+000
  0.90527636E+000
  0.90527689E+000
  0.90527741E+000
  0.90527792E+000
  0.90527842E+000
  0.90527891E+000
  0.90527938E+000
  0.90527985E+000
  0.90528030E+000
  0.90528074E+000
  0.90528118E+000
  0.90528159E+000
  0.90528200E+000
  0.90528240E+000
  0.90528278E+000
  0.90528316E+000
  0.90528352E+000
  0.90528388E+000
  0.90528422E+000
  0.90528455E+000
  0.90528487E+000
  0.90528518E+000
  0.90528548E+000
  0.90528577E+000
  0.90528606E+000
  0.90528633E+000
  0.90528659E+000
  0.90528684E+000
  0.90528709E+000
  0.90528733E+000
  0.90528755E+000
  0.90528777E+000
  0.90528798E+000
  0.90528819E+000
  0.90528838E+000
  0.90528857E+000
  0.90528875E+000
  0.90528893E+000
  0.90528909E+000
  0.90528925E+000
  0.90528941E+000
  0.90528956E+000
  0.90528970E+000
  0.90528983E+000
  0.90528997E+000
  0.90529009E+000
  0.90529021E+000
  0.90529032E+000
  0.90529043E+000
  0.90529054E+000
  0.90529064E+000
  0.90529075E+000
