  0.31825102E+002
  0.31828587E+002
  0.31831281E+002
  0.31833428E+002
  0.31835179E+002
  0.31836635E+002
  0.31837866E+002
  0.31838924E+002
  0.31839845E+002
  0.31840659E+002
  0.31841387E+002
  0.31842046E+002
  0.31842648E+002
  0.31843205E+002
  0.31843725E+002
  0.31844216E+002
  0.31844681E+002
  0.31845128E+002
  0.31845558E+002
  0.31845976E+002
  0.31846385E+002
  0.31846786E+002
  0.31847181E+002
  0.31847572E+002
  0.31847960E+002
  0.31848347E+002
  0.31848734E+002
  0.31849120E+002
  0.31849507E+002
  0.31849895E+002
  0.31850284E+002
  0.31850676E+002
  0.31851069E+002
  0.31851465E+002
  0.31851863E+002
  0.31852262E+002
  0.31852664E+002
  0.31853067E+002
  0.31853472E+002
  0.31853878E+002
  0.31854285E+002
  0.31854692E+002
  0.31855099E+002
  0.31855506E+002
  0.31855911E+002
  0.31856314E+002
  0.31856716E+002
  0.31857114E+002
  0.31857509E+002
  0.31857899E+002
  0.31858284E+002
  0.31858664E+002
  0.31859037E+002
  0.31859403E+002
  0.31859761E+002
  0.31860111E+002
  0.31860451E+002
  0.31860781E+002
  0.31861101E+002
  0.31861409E+002
  0.31861705E+002
  0.31861989E+002
  0.31862259E+002
  0.31862516E+002
  0.31862758E+002
  0.31862986E+002
  0.31863198E+002
  0.31863395E+002
  0.31863576E+002
  0.31863740E+002
  0.31863888E+002
  0.31864020E+002
  0.31864134E+002
  0.31864232E+002
  0.31864312E+002
  0.31864376E+002
  0.31864422E+002
  0.31864452E+002
  0.31864465E+002
  0.31864461E+002
  0.31864440E+002
  0.31864404E+002
  0.31864352E+002
  0.31864284E+002
  0.31864201E+002
  0.31864103E+002
  0.31863990E+002
  0.31863864E+002
  0.31863724E+002
  0.31863570E+002
  0.31863404E+002
  0.31863226E+002
  0.31863036E+002
  0.31862834E+002
  0.31862622E+002
  0.31862399E+002
  0.31862165E+002
  0.31861922E+002
  0.31861670E+002
  0.31861409E+002
  0.31861139E+002
  0.31860862E+002
  0.31860576E+002
  0.31860283E+002
  0.31859983E+002
  0.31859676E+002
  0.31859362E+002
  0.31859042E+002
  0.31858717E+002
  0.31858385E+002
  0.31858048E+002
  0.31857706E+002
  0.31857360E+002
  0.31857008E+002
  0.31856652E+002
  0.31856292E+002
  0.31855928E+002
  0.31855561E+002
  0.31855190E+002
  0.31854815E+002
  0.31854437E+002
  0.31854057E+002
  0.31853674E+002
  0.31853288E+002
  0.31852900E+002
  0.31852510E+002
  0.31852118E+002
  0.31851724E+002
  0.31851328E+002
  0.31850932E+002
  0.31850534E+002
  0.31850135E+002
  0.31849735E+002
  0.31849335E+002
  0.31848934E+002
  0.31848533E+002
  0.31848131E+002
  0.31847730E+002
  0.31847329E+002
  0.31846929E+002
  0.31846529E+002
  0.31846130E+002
  0.31845733E+002
  0.31845336E+002
  0.31844941E+002
  0.31844547E+002
  0.31844155E+002
  0.31843765E+002
  0.31843377E+002
  0.31842991E+002
  0.31842607E+002
  0.31842226E+002
  0.31841848E+002
  0.31841473E+002
  0.31841101E+002
  0.31840732E+002
  0.31840366E+002
  0.31840004E+002
  0.31839645E+002
  0.31839290E+002
  0.31838939E+002
  0.31838592E+002
  0.31838249E+002
  0.31837910E+002
  0.31837576E+002
  0.31837246E+002
  0.31836920E+002
  0.31836600E+002
  0.31836283E+002
  0.31835972E+002
  0.31835665E+002
  0.31835364E+002
  0.31835067E+002
  0.31834775E+002
  0.31834489E+002
  0.31834207E+002
  0.31833931E+002
  0.31833660E+002
  0.31833394E+002
  0.31833134E+002
  0.31832878E+002
  0.31832628E+002
  0.31832383E+002
  0.31832144E+002
  0.31831909E+002
  0.31831680E+002
  0.31831457E+002
  0.31831238E+002
  0.31831025E+002
  0.31830817E+002
  0.31830614E+002
  0.31830416E+002
  0.31830223E+002
  0.31830035E+002
  0.31829853E+002
  0.31829675E+002
  0.31829502E+002
  0.31829334E+002
  0.31829170E+002
  0.31829012E+002
