  0.53182286E-005
  0.55366084E-005
  0.56343027E-005
  0.56588762E-005
  0.56431169E-005
  0.56080733E-005
  0.55662990E-005
  0.55246714E-005
  0.54865388E-005
  0.54532030E-005
  0.54248419E-005
  0.54011083E-005
  0.53814299E-005
  0.53652032E-005
  0.53518585E-005
  0.53409018E-005
  0.53319141E-005
  0.53245500E-005
  0.53185234E-005
  0.53136040E-005
  0.53096015E-005
  0.53063611E-005
  0.53037568E-005
  0.53016829E-005
  0.53000524E-005
  0.52987926E-005
  0.52978424E-005
  0.52971504E-005
  0.52966731E-005
  0.52963735E-005
  0.52962203E-005
  0.52961867E-005
  0.52962499E-005
  0.52963907E-005
  0.52965927E-005
  0.52968423E-005
  0.52971278E-005
  0.52974399E-005
  0.52977706E-005
  0.52981139E-005
  0.52984648E-005
  0.52988194E-005
  0.52991748E-005
  0.52995292E-005
  0.52998811E-005
  0.53002297E-005
  0.53005745E-005
  0.53009156E-005
  0.53012531E-005
  0.53015877E-005
  0.53019196E-005
  0.53022495E-005
  0.53025781E-005
  0.53029059E-005
  0.53032336E-005
  0.53035617E-005
  0.53038908E-005
  0.53042211E-005
  0.53045531E-005
  0.53048870E-005
  0.53052230E-005
  0.53055614E-005
  0.53059021E-005
  0.53062451E-005
  0.53065904E-005
  0.53069379E-005
  0.53072873E-005
  0.53076384E-005
  0.53079909E-005
  0.53083445E-005
  0.53086987E-005
  0.53090531E-005
  0.53094072E-005
  0.53097605E-005
  0.53101124E-005
  0.53104623E-005
  0.53108096E-005
  0.53111536E-005
  0.53114936E-005
  0.53118290E-005
  0.53121591E-005
  0.53124831E-005
  0.53128006E-005
  0.53131108E-005
  0.53134132E-005
  0.53137072E-005
  0.53139924E-005
  0.53142683E-005
  0.53145346E-005
  0.53147909E-005
  0.53150371E-005
  0.53152729E-005
  0.53154983E-005
  0.53157132E-005
  0.53159176E-005
  0.53161116E-005
  0.53162953E-005
  0.53164689E-005
  0.53166325E-005
  0.53167864E-005
  0.53169309E-005
  0.53170662E-005
  0.53171925E-005
  0.53173103E-005
  0.53174199E-005
  0.53175216E-005
  0.53176156E-005
  0.53177025E-005
  0.53177825E-005
  0.53178559E-005
  0.53179232E-005
  0.53179846E-005
  0.53180404E-005
  0.53180910E-005
  0.53181367E-005
  0.53181779E-005
  0.53182147E-005
  0.53182474E-005
  0.53182765E-005
  0.53183020E-005
  0.53183242E-005
  0.53183435E-005
  0.53183599E-005
  0.53183738E-005
  0.53183854E-005
  0.53183947E-005
  0.53184021E-005
  0.53184076E-005
  0.53184116E-005
  0.53184140E-005
  0.53184151E-005
  0.53184149E-005
  0.53184137E-005
  0.53184116E-005
  0.53184086E-005
  0.53184049E-005
  0.53184005E-005
  0.53183956E-005
  0.53183903E-005
  0.53183845E-005
  0.53183785E-005
  0.53183722E-005
  0.53183658E-005
  0.53183593E-005
  0.53183527E-005
  0.53183461E-005
  0.53183395E-005
  0.53183330E-005
  0.53183266E-005
  0.53183203E-005
  0.53183142E-005
  0.53183082E-005
  0.53183025E-005
  0.53182970E-005
  0.53182918E-005
  0.53182867E-005
  0.53182820E-005
  0.53182775E-005
  0.53182732E-005
  0.53182692E-005
  0.53182655E-005
  0.53182621E-005
  0.53182589E-005
  0.53182560E-005
  0.53182533E-005
  0.53182508E-005
  0.53182486E-005
  0.53182465E-005
  0.53182447E-005
  0.53182431E-005
  0.53182417E-005
  0.53182405E-005
  0.53182394E-005
  0.53182384E-005
  0.53182376E-005
  0.53182370E-005
  0.53182364E-005
  0.53182359E-005
  0.53182356E-005
  0.53182352E-005
  0.53182350E-005
  0.53182348E-005
  0.53182347E-005
  0.53182346E-005
  0.53182345E-005
  0.53182344E-005
  0.53182344E-005
  0.53182343E-005
  0.53182343E-005
  0.53182342E-005
  0.53182341E-005
  0.53182340E-005
  0.53182339E-005
  0.53182337E-005
  0.53182335E-005
  0.53182333E-005
  0.53182331E-005
  0.53182328E-005
  0.53182326E-005
  0.53182328E-005
