  0.14115454E+000
  0.14229566E+000
  0.14298993E+000
  0.14338574E+000
  0.14358583E+000
  0.14365877E+000
  0.14364893E+000
  0.14358658E+000
  0.14349104E+000
  0.14333903E+000
  0.14315785E+000
  0.14296805E+000
  0.14278101E+000
  0.14260287E+000
  0.14243659E+000
  0.14228332E+000
  0.14214315E+000
  0.14201560E+000
  0.14189987E+000
  0.14179762E+000
  0.14171023E+000
  0.14163384E+000
  0.14156593E+000
  0.14150483E+000
  0.14144943E+000
  0.14139892E+000
  0.14135272E+000
  0.14131039E+000
  0.14127157E+000
  0.14123595E+000
  0.14120329E+000
  0.14117335E+000
  0.14114593E+000
  0.14112086E+000
  0.14109796E+000
  0.14107709E+000
  0.14105810E+000
  0.14104086E+000
  0.14102526E+000
  0.14101117E+000
  0.14099850E+000
  0.14098715E+000
  0.14097702E+000
  0.14096803E+000
  0.14096009E+000
  0.14095315E+000
  0.14094711E+000
  0.14094194E+000
  0.14093755E+000
  0.14093391E+000
  0.14093096E+000
  0.14092865E+000
  0.14092695E+000
  0.14092582E+000
  0.14092522E+000
  0.14092511E+000
  0.14092547E+000
  0.14092627E+000
  0.14092748E+000
  0.14092907E+000
  0.14093101E+000
  0.14093330E+000
  0.14093589E+000
  0.14093876E+000
  0.14094190E+000
  0.14094529E+000
  0.14094889E+000
  0.14095270E+000
  0.14095668E+000
  0.14096084E+000
  0.14096513E+000
  0.14096956E+000
  0.14097410E+000
  0.14097873E+000
  0.14098345E+000
  0.14098823E+000
  0.14099425E+000
  0.14100064E+000
  0.14100708E+000
  0.14101349E+000
  0.14101985E+000
  0.14102615E+000
  0.14103236E+000
  0.14103847E+000
  0.14104447E+000
  0.14105034E+000
  0.14105606E+000
  0.14106163E+000
  0.14106702E+000
  0.14107224E+000
  0.14107726E+000
  0.14108209E+000
  0.14108671E+000
  0.14109113E+000
  0.14109533E+000
  0.14109933E+000
  0.14110311E+000
  0.14110668E+000
  0.14111005E+000
  0.14111322E+000
  0.14111619E+000
  0.14111897E+000
  0.14112157E+000
  0.14112399E+000
  0.14112624E+000
  0.14112833E+000
  0.14113027E+000
  0.14113206E+000
  0.14113371E+000
  0.14113523E+000
  0.14113663E+000
  0.14113792E+000
  0.14113910E+000
  0.14114019E+000
  0.14114118E+000
  0.14114208E+000
  0.14114291E+000
  0.14114366E+000
  0.14114435E+000
  0.14114498E+000
  0.14114555E+000
  0.14114606E+000
  0.14114654E+000
  0.14114697E+000
  0.14114736E+000
  0.14114771E+000
  0.14114804E+000
  0.14114833E+000
  0.14114860E+000
  0.14114885E+000
  0.14114908E+000
  0.14114929E+000
  0.14114949E+000
  0.14114967E+000
  0.14114984E+000
  0.14114999E+000
  0.14115014E+000
  0.14115028E+000
  0.14115042E+000
  0.14115054E+000
  0.14115067E+000
  0.14115078E+000
  0.14115090E+000
  0.14115101E+000
  0.14115111E+000
  0.14115122E+000
  0.14115132E+000
  0.14115142E+000
  0.14115152E+000
  0.14115161E+000
  0.14115171E+000
  0.14115180E+000
  0.14115189E+000
  0.14115198E+000
  0.14115207E+000
  0.14115216E+000
  0.14115225E+000
  0.14115234E+000
  0.14115242E+000
  0.14115251E+000
  0.14115259E+000
  0.14115267E+000
  0.14115275E+000
  0.14115283E+000
  0.14115290E+000
  0.14115298E+000
  0.14115305E+000
  0.14115312E+000
  0.14115320E+000
  0.14115326E+000
  0.14115333E+000
  0.14115340E+000
  0.14115346E+000
  0.14115352E+000
  0.14115358E+000
  0.14115364E+000
  0.14115369E+000
  0.14115375E+000
  0.14115380E+000
  0.14115385E+000
  0.14115390E+000
  0.14115394E+000
  0.14115399E+000
  0.14115403E+000
  0.14115407E+000
  0.14115411E+000
  0.14115415E+000
  0.14115418E+000
  0.14115421E+000
  0.14115425E+000
  0.14115428E+000
  0.14115430E+000
  0.14115433E+000
  0.14115435E+000
  0.14115438E+000
  0.14115440E+000
  0.14115442E+000
  0.14115444E+000
  0.14115447E+000
  0.14115450E+000
