  0.13124710E+000
  0.13121921E+000
  0.13119883E+000
  0.13118349E+000
  0.13117162E+000
  0.13116217E+000
  0.13115448E+000
  0.13114809E+000
  0.13114269E+000
  0.13113805E+000
  0.13113401E+000
  0.13113044E+000
  0.13112723E+000
  0.13112432E+000
  0.13112164E+000
  0.13111913E+000
  0.13111676E+000
  0.13111449E+000
  0.13111229E+000
  0.13111014E+000
  0.13110802E+000
  0.13110592E+000
  0.13110382E+000
  0.13110173E+000
  0.13109962E+000
  0.13109751E+000
  0.13109538E+000
  0.13109324E+000
  0.13109108E+000
  0.13108892E+000
  0.13108675E+000
  0.13108458E+000
  0.13108241E+000
  0.13108026E+000
  0.13107813E+000
  0.13107602E+000
  0.13107396E+000
  0.13107195E+000
  0.13107001E+000
  0.13106814E+000
  0.13106635E+000
  0.13106467E+000
  0.13106309E+000
  0.13106165E+000
  0.13106034E+000
  0.13105919E+000
  0.13105819E+000
  0.13105738E+000
  0.13105675E+000
  0.13105632E+000
  0.13105610E+000
  0.13105610E+000
  0.13105632E+000
  0.13105677E+000
  0.13105746E+000
  0.13105840E+000
  0.13105957E+000
  0.13106100E+000
  0.13106267E+000
  0.13106458E+000
  0.13106674E+000
  0.13106913E+000
  0.13107176E+000
  0.13107460E+000
  0.13107767E+000
  0.13108094E+000
  0.13108440E+000
  0.13108805E+000
  0.13109186E+000
  0.13109584E+000
  0.13109995E+000
  0.13110419E+000
  0.13110853E+000
  0.13111298E+000
  0.13111750E+000
  0.13112208E+000
  0.13112671E+000
  0.13113136E+000
  0.13113604E+000
  0.13114071E+000
  0.13114536E+000
  0.13114999E+000
  0.13115457E+000
  0.13115910E+000
  0.13116356E+000
  0.13116795E+000
  0.13117224E+000
  0.13117644E+000
  0.13118053E+000
  0.13118452E+000
  0.13118838E+000
  0.13119212E+000
  0.13119573E+000
  0.13119921E+000
  0.13120256E+000
  0.13120577E+000
  0.13120884E+000
  0.13121177E+000
  0.13121457E+000
  0.13121723E+000
  0.13121976E+000
  0.13122215E+000
  0.13122441E+000
  0.13122655E+000
  0.13122855E+000
  0.13123044E+000
  0.13123220E+000
  0.13123386E+000
  0.13123540E+000
  0.13123683E+000
  0.13123816E+000
  0.13123939E+000
  0.13124053E+000
  0.13124158E+000
  0.13124254E+000
  0.13124342E+000
  0.13124423E+000
  0.13124496E+000
  0.13124562E+000
  0.13124621E+000
  0.13124675E+000
  0.13124722E+000
  0.13124765E+000
  0.13124802E+000
  0.13124834E+000
  0.13124863E+000
  0.13124887E+000
  0.13124907E+000
  0.13124924E+000
  0.13124938E+000
  0.13124948E+000
  0.13124957E+000
  0.13124962E+000
  0.13124966E+000
  0.13124967E+000
  0.13124967E+000
  0.13124965E+000
  0.13124962E+000
  0.13124958E+000
  0.13124953E+000
  0.13124946E+000
  0.13124939E+000
  0.13124931E+000
  0.13124923E+000
  0.13124914E+000
  0.13124906E+000
  0.13124896E+000
  0.13124887E+000
  0.13124878E+000
  0.13124868E+000
  0.13124859E+000
  0.13124850E+000
  0.13124841E+000
  0.13124832E+000
  0.13124824E+000
  0.13124816E+000
  0.13124808E+000
  0.13124801E+000
  0.13124794E+000
  0.13124787E+000
  0.13124781E+000
  0.13124775E+000
  0.13124769E+000
  0.13124764E+000
  0.13124759E+000
  0.13124755E+000
  0.13124751E+000
  0.13124747E+000
  0.13124744E+000
  0.13124741E+000
  0.13124738E+000
  0.13124735E+000
  0.13124733E+000
  0.13124731E+000
  0.13124730E+000
  0.13124728E+000
  0.13124727E+000
  0.13124726E+000
  0.13124725E+000
  0.13124724E+000
  0.13124723E+000
  0.13124723E+000
  0.13124722E+000
  0.13124722E+000
  0.13124722E+000
  0.13124721E+000
  0.13124721E+000
  0.13124721E+000
  0.13124720E+000
  0.13124720E+000
  0.13124720E+000
  0.13124719E+000
  0.13124719E+000
  0.13124719E+000
  0.13124718E+000
  0.13124718E+000
  0.13124717E+000
  0.13124716E+000
  0.13124715E+000
  0.13124715E+000
