  0.46626308E-001
  0.48540902E-001
  0.49397413E-001
  0.49612856E-001
  0.49474690E-001
  0.49167453E-001
  0.48801207E-001
  0.48436247E-001
  0.48101928E-001
  0.47809665E-001
  0.47561015E-001
  0.47352936E-001
  0.47180411E-001
  0.47038147E-001
  0.46921151E-001
  0.46825091E-001
  0.46746293E-001
  0.46681730E-001
  0.46628893E-001
  0.46585763E-001
  0.46550672E-001
  0.46522263E-001
  0.46499430E-001
  0.46481248E-001
  0.46466953E-001
  0.46455908E-001
  0.46447577E-001
  0.46441510E-001
  0.46437325E-001
  0.46434699E-001
  0.46433355E-001
  0.46433061E-001
  0.46433615E-001
  0.46434850E-001
  0.46436621E-001
  0.46438809E-001
  0.46441312E-001
  0.46444048E-001
  0.46446948E-001
  0.46449958E-001
  0.46453034E-001
  0.46456142E-001
  0.46459259E-001
  0.46462365E-001
  0.46465451E-001
  0.46468507E-001
  0.46471530E-001
  0.46474521E-001
  0.46477480E-001
  0.46480413E-001
  0.46483323E-001
  0.46486215E-001
  0.46489096E-001
  0.46491971E-001
  0.46494843E-001
  0.46497720E-001
  0.46500605E-001
  0.46503501E-001
  0.46506411E-001
  0.46509339E-001
  0.46512285E-001
  0.46515251E-001
  0.46518238E-001
  0.46521246E-001
  0.46524273E-001
  0.46527319E-001
  0.46530383E-001
  0.46533461E-001
  0.46536552E-001
  0.46539652E-001
  0.46542757E-001
  0.46545865E-001
  0.46548969E-001
  0.46552067E-001
  0.46555152E-001
  0.46558219E-001
  0.46561264E-001
  0.46564280E-001
  0.46567261E-001
  0.46570201E-001
  0.46573095E-001
  0.46575936E-001
  0.46578720E-001
  0.46581440E-001
  0.46584090E-001
  0.46586668E-001
  0.46589169E-001
  0.46591588E-001
  0.46593922E-001
  0.46596169E-001
  0.46598327E-001
  0.46600395E-001
  0.46602371E-001
  0.46604255E-001
  0.46606047E-001
  0.46607748E-001
  0.46609359E-001
  0.46610880E-001
  0.46612315E-001
  0.46613664E-001
  0.46614931E-001
  0.46616117E-001
  0.46617225E-001
  0.46618258E-001
  0.46619218E-001
  0.46620110E-001
  0.46620934E-001
  0.46621696E-001
  0.46622397E-001
  0.46623041E-001
  0.46623631E-001
  0.46624169E-001
  0.46624658E-001
  0.46625102E-001
  0.46625503E-001
  0.46625864E-001
  0.46626186E-001
  0.46626473E-001
  0.46626728E-001
  0.46626952E-001
  0.46627147E-001
  0.46627315E-001
  0.46627460E-001
  0.46627582E-001
  0.46627683E-001
  0.46627765E-001
  0.46627829E-001
  0.46627878E-001
  0.46627912E-001
  0.46627934E-001
  0.46627943E-001
  0.46627942E-001
  0.46627931E-001
  0.46627913E-001
  0.46627886E-001
  0.46627854E-001
  0.46627815E-001
  0.46627773E-001
  0.46627726E-001
  0.46627675E-001
  0.46627623E-001
  0.46627568E-001
  0.46627511E-001
  0.46627454E-001
  0.46627396E-001
  0.46627338E-001
  0.46627280E-001
  0.46627223E-001
  0.46627167E-001
  0.46627112E-001
  0.46627059E-001
  0.46627007E-001
  0.46626956E-001
  0.46626908E-001
  0.46626862E-001
  0.46626818E-001
  0.46626776E-001
  0.46626737E-001
  0.46626700E-001
  0.46626665E-001
  0.46626632E-001
  0.46626602E-001
  0.46626574E-001
  0.46626548E-001
  0.46626524E-001
  0.46626503E-001
  0.46626483E-001
  0.46626466E-001
  0.46626450E-001
  0.46626436E-001
  0.46626423E-001
  0.46626412E-001
  0.46626403E-001
  0.46626395E-001
  0.46626388E-001
  0.46626382E-001
  0.46626377E-001
  0.46626373E-001
  0.46626369E-001
  0.46626367E-001
  0.46626365E-001
  0.46626363E-001
  0.46626362E-001
  0.46626361E-001
  0.46626360E-001
  0.46626360E-001
  0.46626359E-001
  0.46626359E-001
  0.46626358E-001
  0.46626357E-001
  0.46626357E-001
  0.46626356E-001
  0.46626355E-001
  0.46626353E-001
  0.46626352E-001
  0.46626350E-001
  0.46626347E-001
  0.46626345E-001
  0.46626343E-001
  0.46626345E-001
