  0.21475755E+000
  0.22442203E+000
  0.22429745E+000
  0.22287942E+000
  0.22146925E+000
  0.22026227E+000
  0.21924153E+000
  0.21838570E+000
  0.21769160E+000
  0.21718286E+000
  0.21679091E+000
  0.21648076E+000
  0.21623129E+000
  0.21602809E+000
  0.21586083E+000
  0.21572206E+000
  0.21560623E+000
  0.21550908E+000
  0.21542728E+000
  0.21532806E+000
  0.21517513E+000
  0.21499151E+000
  0.21479427E+000
  0.21459568E+000
  0.21440428E+000
  0.21422578E+000
  0.21406367E+000
  0.21391984E+000
  0.21379494E+000
  0.21368879E+000
  0.21360060E+000
  0.21352920E+000
  0.21347318E+000
  0.21343103E+000
  0.21340117E+000
  0.21338210E+000
  0.21337238E+000
  0.21337067E+000
  0.21337576E+000
  0.21338658E+000
  0.21340219E+000
  0.21342178E+000
  0.21344466E+000
  0.21347027E+000
  0.21349813E+000
  0.21352786E+000
  0.21355916E+000
  0.21359178E+000
  0.21362554E+000
  0.21366029E+000
  0.21369592E+000
  0.21373235E+000
  0.21376950E+000
  0.21380733E+000
  0.21384577E+000
  0.21388479E+000
  0.21392435E+000
  0.21396440E+000
  0.21400491E+000
  0.21404582E+000
  0.21408709E+000
  0.21412868E+000
  0.21417052E+000
  0.21421257E+000
  0.21425477E+000
  0.21429705E+000
  0.21433936E+000
  0.21438164E+000
  0.21442383E+000
  0.21446587E+000
  0.21450770E+000
  0.21454926E+000
  0.21459049E+000
  0.21463133E+000
  0.21467173E+000
  0.21471163E+000
  0.21472838E+000
  0.21473342E+000
  0.21473429E+000
  0.21473374E+000
  0.21473277E+000
  0.21473172E+000
  0.21473072E+000
  0.21472980E+000
  0.21472896E+000
  0.21472819E+000
  0.21472751E+000
  0.21472689E+000
  0.21472634E+000
  0.21472585E+000
  0.21472542E+000
  0.21472503E+000
  0.21472470E+000
  0.21472441E+000
  0.21472417E+000
  0.21472397E+000
  0.21472381E+000
  0.21472370E+000
  0.21472363E+000
  0.21472361E+000
  0.21472363E+000
  0.21472369E+000
  0.21472380E+000
  0.21472395E+000
  0.21472414E+000
  0.21472438E+000
  0.21472467E+000
  0.21472499E+000
  0.21472536E+000
  0.21472577E+000
  0.21472622E+000
  0.21472671E+000
  0.21472723E+000
  0.21472779E+000
  0.21472838E+000
  0.21472900E+000
  0.21472965E+000
  0.21473032E+000
  0.21473102E+000
  0.21473173E+000
  0.21473246E+000
  0.21473320E+000
  0.21473395E+000
  0.21473471E+000
  0.21473548E+000
  0.21473625E+000
  0.21473701E+000
  0.21473778E+000
  0.21473854E+000
  0.21473929E+000
  0.21474004E+000
  0.21474077E+000
  0.21474149E+000
  0.21474220E+000
  0.21474289E+000
  0.21474357E+000
  0.21474423E+000
  0.21474487E+000
  0.21474549E+000
  0.21474609E+000
  0.21474668E+000
  0.21474724E+000
  0.21474778E+000
  0.21474830E+000
  0.21474880E+000
  0.21474928E+000
  0.21474974E+000
  0.21475018E+000
  0.21475060E+000
  0.21475100E+000
  0.21475138E+000
  0.21475174E+000
  0.21475209E+000
  0.21475242E+000
  0.21475273E+000
  0.21475302E+000
  0.21475330E+000
  0.21475356E+000
  0.21475381E+000
  0.21475405E+000
  0.21475427E+000
  0.21475447E+000
  0.21475467E+000
  0.21475485E+000
  0.21475503E+000
  0.21475519E+000
  0.21475534E+000
  0.21475549E+000
  0.21475562E+000
  0.21475574E+000
  0.21475586E+000
  0.21475597E+000
  0.21475607E+000
  0.21475617E+000
  0.21475626E+000
  0.21475634E+000
  0.21475642E+000
  0.21475650E+000
  0.21475657E+000
  0.21475663E+000
  0.21475669E+000
  0.21475675E+000
  0.21475680E+000
  0.21475685E+000
  0.21475690E+000
  0.21475694E+000
  0.21475699E+000
  0.21475703E+000
  0.21475707E+000
  0.21475710E+000
  0.21475714E+000
  0.21475717E+000
  0.21475720E+000
  0.21475723E+000
  0.21475726E+000
  0.21475729E+000
  0.21475732E+000
  0.21475735E+000
  0.21475739E+000
  0.21475744E+000
