  0.26138386E+000
  0.27296293E+000
  0.27369486E+000
  0.27249227E+000
  0.27094394E+000
  0.26942972E+000
  0.26804274E+000
  0.26682195E+000
  0.26579353E+000
  0.26499253E+000
  0.26435192E+000
  0.26383369E+000
  0.26341170E+000
  0.26306624E+000
  0.26278198E+000
  0.26254716E+000
  0.26235252E+000
  0.26219081E+000
  0.26205617E+000
  0.26191383E+000
  0.26172581E+000
  0.26151377E+000
  0.26129370E+000
  0.26107692E+000
  0.26087123E+000
  0.26068169E+000
  0.26051125E+000
  0.26036135E+000
  0.26023226E+000
  0.26012348E+000
  0.26003395E+000
  0.25996226E+000
  0.25990680E+000
  0.25986588E+000
  0.25983779E+000
  0.25982091E+000
  0.25981369E+000
  0.25981472E+000
  0.25982271E+000
  0.25983654E+000
  0.25985522E+000
  0.25987792E+000
  0.25990392E+000
  0.25993263E+000
  0.25996358E+000
  0.25999637E+000
  0.26003069E+000
  0.26006630E+000
  0.26010302E+000
  0.26014071E+000
  0.26017925E+000
  0.26021857E+000
  0.26025860E+000
  0.26029930E+000
  0.26034061E+000
  0.26038251E+000
  0.26042495E+000
  0.26046790E+000
  0.26051132E+000
  0.26055516E+000
  0.26059938E+000
  0.26064393E+000
  0.26068876E+000
  0.26073382E+000
  0.26077904E+000
  0.26082437E+000
  0.26086974E+000
  0.26091510E+000
  0.26096038E+000
  0.26100552E+000
  0.26105045E+000
  0.26109512E+000
  0.26113945E+000
  0.26118340E+000
  0.26122688E+000
  0.26126985E+000
  0.26128964E+000
  0.26129770E+000
  0.26130155E+000
  0.26130394E+000
  0.26130586E+000
  0.26130766E+000
  0.26130944E+000
  0.26131124E+000
  0.26131305E+000
  0.26131486E+000
  0.26131668E+000
  0.26131848E+000
  0.26132027E+000
  0.26132202E+000
  0.26132374E+000
  0.26132543E+000
  0.26132707E+000
  0.26132866E+000
  0.26133021E+000
  0.26133171E+000
  0.26133317E+000
  0.26133458E+000
  0.26133595E+000
  0.26133727E+000
  0.26133856E+000
  0.26133981E+000
  0.26134102E+000
  0.26134221E+000
  0.26134336E+000
  0.26134449E+000
  0.26134560E+000
  0.26134669E+000
  0.26134776E+000
  0.26134881E+000
  0.26134985E+000
  0.26135088E+000
  0.26135189E+000
  0.26135289E+000
  0.26135389E+000
  0.26135487E+000
  0.26135584E+000
  0.26135680E+000
  0.26135774E+000
  0.26135868E+000
  0.26135960E+000
  0.26136051E+000
  0.26136141E+000
  0.26136229E+000
  0.26136316E+000
  0.26136401E+000
  0.26136484E+000
  0.26136566E+000
  0.26136645E+000
  0.26136723E+000
  0.26136798E+000
  0.26136871E+000
  0.26136943E+000
  0.26137011E+000
  0.26137078E+000
  0.26137142E+000
  0.26137205E+000
  0.26137264E+000
  0.26137322E+000
  0.26137377E+000
  0.26137430E+000
  0.26137481E+000
  0.26137529E+000
  0.26137575E+000
  0.26137620E+000
  0.26137662E+000
  0.26137702E+000
  0.26137740E+000
  0.26137777E+000
  0.26137811E+000
  0.26137844E+000
  0.26137875E+000
  0.26137904E+000
  0.26137932E+000
  0.26137959E+000
  0.26137984E+000
  0.26138008E+000
  0.26138030E+000
  0.26138051E+000
  0.26138071E+000
  0.26138090E+000
  0.26138108E+000
  0.26138124E+000
  0.26138140E+000
  0.26138155E+000
  0.26138169E+000
  0.26138183E+000
  0.26138195E+000
  0.26138207E+000
  0.26138218E+000
  0.26138229E+000
  0.26138238E+000
  0.26138248E+000
  0.26138256E+000
  0.26138265E+000
  0.26138273E+000
  0.26138280E+000
  0.26138287E+000
  0.26138293E+000
  0.26138300E+000
  0.26138306E+000
  0.26138311E+000
  0.26138316E+000
  0.26138321E+000
  0.26138326E+000
  0.26138330E+000
  0.26138335E+000
  0.26138339E+000
  0.26138342E+000
  0.26138346E+000
  0.26138349E+000
  0.26138353E+000
  0.26138356E+000
  0.26138359E+000
  0.26138362E+000
  0.26138364E+000
  0.26138367E+000
  0.26138370E+000
  0.26138374E+000
  0.26138378E+000
