  0.88682554E+000
  0.88685294E+000
  0.88687471E+000
  0.88689181E+000
  0.88690516E+000
  0.88691547E+000
  0.88692330E+000
  0.88692909E+000
  0.88693318E+000
  0.88693585E+000
  0.88693737E+000
  0.88693794E+000
  0.88693771E+000
  0.88693683E+000
  0.88693541E+000
  0.88693354E+000
  0.88693131E+000
  0.88692877E+000
  0.88692598E+000
  0.88692299E+000
  0.88691983E+000
  0.88691654E+000
  0.88691314E+000
  0.88690966E+000
  0.88690611E+000
  0.88690251E+000
  0.88689888E+000
  0.88689522E+000
  0.88689156E+000
  0.88688789E+000
  0.88688424E+000
  0.88688060E+000
  0.88687698E+000
  0.88687339E+000
  0.88686984E+000
  0.88686633E+000
  0.88686287E+000
  0.88685946E+000
  0.88685611E+000
  0.88685282E+000
  0.88684960E+000
  0.88684645E+000
  0.88684338E+000
  0.88684040E+000
  0.88683750E+000
  0.88683470E+000
  0.88683199E+000
  0.88682939E+000
  0.88682689E+000
  0.88682451E+000
  0.88682223E+000
  0.88682008E+000
  0.88681805E+000
  0.88681614E+000
  0.88681436E+000
  0.88681271E+000
  0.88681119E+000
  0.88680980E+000
  0.88680854E+000
  0.88680742E+000
  0.88680642E+000
  0.88680556E+000
  0.88680483E+000
  0.88680422E+000
  0.88680374E+000
  0.88680338E+000
  0.88680313E+000
  0.88680300E+000
  0.88680298E+000
  0.88680307E+000
  0.88680326E+000
  0.88680354E+000
  0.88680391E+000
  0.88680437E+000
  0.88680491E+000
  0.88680552E+000
  0.88680620E+000
  0.88680695E+000
  0.88680775E+000
  0.88680860E+000
  0.88680950E+000
  0.88681045E+000
  0.88681143E+000
  0.88681244E+000
  0.88681348E+000
  0.88681455E+000
  0.88681563E+000
  0.88681672E+000
  0.88681783E+000
  0.88681894E+000
  0.88682006E+000
  0.88682118E+000
  0.88682229E+000
  0.88682340E+000
  0.88682451E+000
  0.88682560E+000
  0.88682669E+000
  0.88682776E+000
  0.88682882E+000
  0.88682986E+000
  0.88683090E+000
  0.88683191E+000
  0.88683291E+000
  0.88683389E+000
  0.88683485E+000
  0.88683580E+000
  0.88683673E+000
  0.88683764E+000
  0.88683853E+000
  0.88683940E+000
  0.88684025E+000
  0.88684108E+000
  0.88684189E+000
  0.88684269E+000
  0.88684346E+000
  0.88684421E+000
  0.88684493E+000
  0.88684564E+000
  0.88684633E+000
  0.88684699E+000
  0.88684763E+000
  0.88684824E+000
  0.88684883E+000
  0.88684940E+000
  0.88684995E+000
  0.88685047E+000
  0.88685096E+000
  0.88685143E+000
  0.88685187E+000
  0.88685228E+000
  0.88685267E+000
  0.88685303E+000
  0.88685337E+000
  0.88685368E+000
  0.88685396E+000
  0.88685421E+000
  0.88685444E+000
  0.88685463E+000
  0.88685480E+000
  0.88685494E+000
  0.88685506E+000
  0.88685515E+000
  0.88685521E+000
  0.88685524E+000
  0.88685525E+000
  0.88685523E+000
  0.88685518E+000
  0.88685511E+000
  0.88685502E+000
  0.88685490E+000
  0.88685476E+000
  0.88685460E+000
  0.88685441E+000
  0.88685420E+000
  0.88685398E+000
  0.88685373E+000
  0.88685346E+000
  0.88685318E+000
  0.88685288E+000
  0.88685256E+000
  0.88685222E+000
  0.88685188E+000
  0.88685151E+000
  0.88685114E+000
  0.88685075E+000
  0.88685036E+000
  0.88684995E+000
  0.88684954E+000
  0.88684911E+000
  0.88684868E+000
  0.88684824E+000
  0.88684780E+000
  0.88684735E+000
  0.88684690E+000
  0.88684644E+000
  0.88684599E+000
  0.88684553E+000
  0.88684507E+000
  0.88684461E+000
  0.88684415E+000
  0.88684369E+000
  0.88684323E+000
  0.88684277E+000
  0.88684232E+000
  0.88684187E+000
  0.88684142E+000
  0.88684098E+000
  0.88684054E+000
  0.88684011E+000
  0.88683968E+000
  0.88683926E+000
  0.88683884E+000
  0.88683843E+000
  0.88683803E+000
  0.88683763E+000
  0.88683724E+000
  0.88683685E+000
  0.88683648E+000
  0.88683611E+000
  0.88683574E+000
