  0.35732473E+000
  0.35729842E+000
  0.35729149E+000
  0.35729407E+000
  0.35730174E+000
  0.35731128E+000
  0.35732243E+000
  0.35733292E+000
  0.35734317E+000
  0.35735173E+000
  0.35735902E+000
  0.35736506E+000
  0.35737061E+000
  0.35737585E+000
  0.35738064E+000
  0.35738347E+000
  0.35738702E+000
  0.35738963E+000
  0.35739225E+000
  0.35739470E+000
  0.35739633E+000
  0.35739790E+000
  0.35739931E+000
  0.35740030E+000
  0.35740131E+000
  0.35740211E+000
  0.35740274E+000
  0.35740332E+000
  0.35740386E+000
  0.35740450E+000
  0.35740497E+000
  0.35740532E+000
  0.35740557E+000
  0.35740591E+000
  0.35740632E+000
  0.35740667E+000
  0.35740686E+000
  0.35740718E+000
  0.35740766E+000
  0.35740799E+000
  0.35740812E+000
  0.35740854E+000
  0.35740910E+000
  0.35740955E+000
  0.35740997E+000
  0.35741030E+000
  0.35741078E+000
  0.35741122E+000
  0.35741169E+000
  0.35741206E+000
  0.35741261E+000
  0.35741316E+000
  0.35741369E+000
  0.35741416E+000
  0.35741472E+000
  0.35741514E+000
  0.35741556E+000
  0.35741608E+000
  0.35741646E+000
  0.35741680E+000
  0.35741792E+000
  0.35741838E+000
  0.35741874E+000
  0.35741912E+000
  0.35741995E+000
  0.35742028E+000
  0.35741990E+000
  0.35742062E+000
  0.35742042E+000
  0.35742058E+000
  0.35742076E+000
  0.35742105E+000
  0.35742113E+000
  0.35742105E+000
  0.35742105E+000
  0.35742097E+000
  0.35742091E+000
  0.35742115E+000
  0.35742095E+000
  0.35742072E+000
  0.35741937E+000
  0.35741916E+000
  0.35741880E+000
  0.35741836E+000
  0.35741787E+000
  0.35741732E+000
  0.35741661E+000
  0.35741600E+000
  0.35741534E+000
  0.35741478E+000
  0.35741410E+000
  0.35741338E+000
  0.35741254E+000
  0.35741165E+000
  0.35741072E+000
  0.35740986E+000
  0.35740901E+000
  0.35740814E+000
  0.35740696E+000
  0.35740603E+000
  0.35740506E+000
  0.35740407E+000
  0.35740309E+000
  0.35740209E+000
  0.35740102E+000
  0.35739998E+000
  0.35739890E+000
  0.35739773E+000
  0.35739660E+000
  0.35739544E+000
  0.35739429E+000
  0.35739305E+000
  0.35739186E+000
  0.35739062E+000
  0.35738938E+000
  0.35738813E+000
  0.35738686E+000
  0.35738558E+000
  0.35738428E+000
  0.35738296E+000
  0.35738163E+000
  0.35738026E+000
  0.35737888E+000
  0.35737749E+000
  0.35737609E+000
  0.35737466E+000
  0.35737322E+000
  0.35737176E+000
  0.35737029E+000
  0.35736878E+000
  0.35736727E+000
  0.35736575E+000
  0.35736421E+000
  0.35736265E+000
  0.35736107E+000
  0.35735948E+000
  0.35735787E+000
  0.35735625E+000
  0.35735462E+000
  0.35735297E+000
  0.35735130E+000
  0.35734963E+000
  0.35734794E+000
  0.35734624E+000
  0.35734453E+000
  0.35734282E+000
  0.35734109E+000
  0.35733936E+000
  0.35733761E+000
  0.35733585E+000
  0.35733409E+000
  0.35733233E+000
  0.35733056E+000
  0.35732879E+000
  0.35732701E+000
  0.35732523E+000
  0.35732346E+000
  0.35732168E+000
  0.35731990E+000
  0.35731813E+000
  0.35731636E+000
  0.35731459E+000
  0.35731283E+000
  0.35731107E+000
  0.35730932E+000
  0.35730759E+000
  0.35730586E+000
  0.35730414E+000
  0.35730243E+000
  0.35730073E+000
  0.35729905E+000
  0.35729738E+000
  0.35729573E+000
  0.35729409E+000
  0.35729247E+000
  0.35729086E+000
  0.35728928E+000
  0.35728771E+000
  0.35728617E+000
  0.35728464E+000
  0.35728314E+000
  0.35728166E+000
  0.35728019E+000
  0.35727876E+000
  0.35727734E+000
  0.35727595E+000
  0.35727458E+000
  0.35727324E+000
  0.35727192E+000
  0.35727063E+000
  0.35726936E+000
  0.35726812E+000
  0.35726690E+000
  0.35726571E+000
  0.35726455E+000
  0.35726341E+000
  0.35726230E+000
  0.35726121E+000
  0.35726015E+000
  0.35725911E+000
