 -0.82433473E+000 -0.64308161E+000 -0.27719921E+000 -0.66076871E-004  0.84371337E-001  0.17428241E+001  0.12063646E+002  0.59173118E+002  0.13400207E+003  0.34790471E+003  0.65682841E+003
 -0.82462258E+000 -0.64367217E+000 -0.27744138E+000 -0.67180625E-004  0.84185265E-001  0.17416704E+001  0.12061462E+002  0.59172961E+002  0.13400104E+003  0.34790266E+003  0.65682074E+003
 -0.82482359E+000 -0.64412292E+000 -0.27763287E+000 -0.67716611E-004  0.84042675E-001  0.17407173E+001  0.12059562E+002  0.59172935E+002  0.13400078E+003  0.34790196E+003  0.65681684E+003
 -0.82495656E+000 -0.64445614E+000 -0.27778145E+000 -0.67932432E-004  0.82362699E-001  0.17399431E+001  0.12057967E+002  0.59172941E+002  0.13400077E+003  0.34790182E+003  0.65681575E+003
 -0.82503733E+000 -0.64469145E+000 -0.27789407E+000 -0.67967685E-004  0.80619595E-001  0.17393249E+001  0.12056662E+002  0.59172958E+002  0.13400086E+003  0.34790193E+003  0.65681628E+003
 -0.82507812E+000 -0.64484626E+000 -0.27797673E+000 -0.67904969E-004  0.79435563E-001  0.17388409E+001  0.12055621E+002  0.59172977E+002  0.13400097E+003  0.34790216E+003  0.65681752E+003
 -0.82508868E+000 -0.64493561E+000 -0.27803450E+000 -0.67793554E-004  0.79150261E-001  0.17384716E+001  0.12054815E+002  0.59172995E+002  0.13400110E+003  0.34790243E+003  0.65681898E+003
 -0.82507662E+000 -0.64497222E+000 -0.27807161E+000 -0.67662198E-004  0.78998834E-001  0.17381997E+001  0.12054216E+002  0.59173012E+002  0.13400122E+003  0.34790272E+003  0.65682042E+003
 -0.82504786E+000 -0.64496667E+000 -0.27809162E+000 -0.67526954E-004  0.78953620E-001  0.17380105E+001  0.12053796E+002  0.59173028E+002  0.13400134E+003  0.34790299E+003  0.65682173E+003
 -0.82500696E+000 -0.64492773E+000 -0.27809747E+000 -0.67396158E-004  0.78991868E-001  0.17378912E+001  0.12053532E+002  0.59173042E+002  0.13400144E+003  0.34790325E+003  0.65682287E+003
 -0.82495740E+000 -0.64486254E+000 -0.27809166E+000 -0.67273521E-004  0.79095105E-001  0.17378308E+001  0.12053403E+002  0.59173054E+002  0.13400154E+003  0.34790349E+003  0.65682386E+003
 -0.82490187E+000 -0.64477698E+000 -0.27807627E+000 -0.67160296E-004  0.79248359E-001  0.17378201E+001  0.12053389E+002  0.59173065E+002  0.13400163E+003  0.34790370E+003  0.65682470E+003
 -0.82484231E+000 -0.64467572E+000 -0.27805301E+000 -0.67056382E-004  0.79439626E-001  0.17378514E+001  0.12053475E+002  0.59173075E+002  0.13400171E+003  0.34790388E+003  0.65682541E+003
 -0.82478027E+000 -0.64456261E+000 -0.27802336E+000 -0.66961133E-004  0.80007350E-001  0.17379180E+001  0.12053647E+002  0.59173083E+002  0.13400177E+003  0.34790405E+003  0.65682601E+003
 -0.82471685E+000 -0.64444072E+000 -0.27798854E+000 -0.66873675E-004  0.80638513E-001  0.17380144E+001  0.12053891E+002  0.59173090E+002  0.13400183E+003  0.34790419E+003  0.65682652E+003
 -0.82465291E+000 -0.64431257E+000 -0.27794960E+000 -0.66793140E-004  0.81306822E-001  0.17381358E+001  0.12054198E+002  0.59173096E+002  0.13400188E+003  0.34790432E+003  0.65682694E+003
 -0.82458905E+000 -0.64418016E+000 -0.27790741E+000 -0.66718725E-004  0.82000049E-001  0.17382784E+001  0.12054559E+002  0.59173102E+002  0.13400193E+003  0.34790443E+003  0.65682730E+003
 -0.82452573E+000 -0.64404509E+000 -0.27786270E+000 -0.66649736E-004  0.82708733E-001  0.17384387E+001  0.12054966E+002  0.59173106E+002  0.13400197E+003  0.34790452E+003  0.65682761E+003
 -0.82446327E+000 -0.64390862E+000 -0.27781610E+000 -0.66585569E-004  0.83425579E-001  0.17386138E+001  0.12055411E+002  0.59173110E+002  0.13400200E+003  0.34790460E+003  0.65682786E+003
 -0.82440191E+000 -0.64377180E+000 -0.27776814E+000 -0.66525731E-004  0.84015314E-001  0.17388014E+001  0.12055890E+002  0.59173114E+002  0.13400203E+003  0.34790467E+003  0.65682808E+003
 -0.82434179E+000 -0.64363539E+000 -0.27771925E+000 -0.66469797E-004  0.84047554E-001  0.17389992E+001  0.12056397E+002  0.59173117E+002  0.13400205E+003  0.34790473E+003  0.65682826E+003
 -0.82428302E+000 -0.64350001E+000 -0.27766982E+000 -0.66417416E-004  0.84079652E-001  0.17392054E+001  0.12056927E+002  0.59173119E+002  0.13400207E+003  0.34790478E+003  0.65682841E+003
 -0.82422564E+000 -0.64336615E+000 -0.27762017E+000 -0.66368295E-004  0.84111483E-001  0.17394185E+001  0.12057478E+002  0.59173122E+002  0.13400209E+003  0.34790482E+003  0.65682854E+003
 -0.82416967E+000 -0.64323415E+000 -0.27757058E+000 -0.66322179E-004  0.84142948E-001  0.17396374E+001  0.12058046E+002  0.59173123E+002  0.13400210E+003  0.34790486E+003  0.65682865E+003
 -0.82411512E+000 -0.64310428E+000 -0.27752128E+000 -0.66278855E-004  0.84173965E-001  0.17398612E+001  0.12058629E+002  0.59173125E+002  0.13400212E+003  0.34790489E+003  0.65682874E+003
 -0.82406195E+000 -0.64297674E+000 -0.27747247E+000 -0.66238139E-004  0.84204475E-001  0.17400886E+001  0.12059224E+002  0.59173126E+002  0.13400213E+003  0.34790491E+003  0.65682881E+003
 -0.82401013E+000 -0.64285167E+000 -0.27742434E+000 -0.66199871E-004  0.84234424E-001  0.17403184E+001  0.12059829E+002  0.59173128E+002  0.13400213E+003  0.34790494E+003  0.65682887E+003
 -0.82395963E+000 -0.64272916E+000 -0.27737703E+000 -0.66163909E-004  0.84263775E-001  0.17405496E+001  0.12060443E+002  0.59173128E+002  0.13400214E+003  0.34790495E+003  0.65682892E+003
 -0.82391040E+000 -0.64260930E+000 -0.27733070E+000 -0.66130133E-004  0.84292493E-001  0.17407812E+001  0.12061065E+002  0.59173129E+002  0.13400215E+003  0.34790497E+003  0.65682897E+003
 -0.82386240E+000 -0.64249213E+000 -0.27728545E+000 -0.66098434E-004  0.84320552E-001  0.17410125E+001  0.12061692E+002  0.59173130E+002  0.13400215E+003  0.34790498E+003  0.65682900E+003
 -0.82381559E+000 -0.64237769E+000 -0.27724139E+000 -0.66068711E-004  0.84347930E-001  0.17412426E+001  0.12062325E+002  0.59173130E+002  0.13400216E+003  0.34790499E+003  0.65682903E+003
 -0.82376994E+000 -0.64226602E+000 -0.27719862E+000 -0.66040877E-004  0.84374607E-001  0.17414710E+001  0.12062963E+002  0.59173131E+002  0.13400216E+003  0.34790500E+003  0.65682905E+003
 -0.82372541E+000 -0.64215716E+000 -0.27715721E+000 -0.66014850E-004  0.84400567E-001  0.17416970E+001  0.12063603E+002  0.59173131E+002  0.13400216E+003  0.34790501E+003  0.65682907E+003
 -0.82368199E+000 -0.64205113E+000 -0.27711725E+000 -0.65990554E-004  0.84425796E-001  0.17419201E+001  0.12064247E+002  0.59173132E+002  0.13400217E+003  0.34790501E+003  0.65682908E+003
 -0.82363964E+000 -0.64194798E+000 -0.27707880E+000 -0.65967918E-004  0.84450282E-001  0.17421399E+001  0.12064892E+002  0.59173132E+002  0.13400217E+003  0.34790502E+003  0.65682909E+003
 -0.82359838E+000 -0.64184778E+000 -0.27704192E+000 -0.65946876E-004  0.84474012E-001  0.17423560E+001  0.12065538E+002  0.59173132E+002  0.13400217E+003  0.34790502E+003  0.65682910E+003
 -0.82355820E+000 -0.64175059E+000 -0.27700665E+000 -0.65927363E-004  0.84496976E-001  0.17425680E+001  0.12066184E+002  0.59173132E+002  0.13400217E+003  0.34790503E+003  0.65682911E+003
 -0.82351911E+000 -0.64165649E+000 -0.27697304E+000 -0.65909319E-004  0.84519163E-001  0.17427756E+001  0.12066830E+002  0.59173133E+002  0.13400217E+003  0.34790503E+003  0.65682911E+003
 -0.82348114E+000 -0.64156559E+000 -0.27694112E+000 -0.65892683E-004  0.84540563E-001  0.17429784E+001  0.12067473E+002  0.59173133E+002  0.13400217E+003  0.34790503E+003  0.65682912E+003
 -0.82344433E+000 -0.64147801E+000 -0.27691092E+000 -0.65877398E-004  0.84561166E-001  0.17431761E+001  0.12068113E+002  0.59173133E+002  0.13400217E+003  0.34790504E+003  0.65682912E+003
 -0.82340872E+000 -0.64139386E+000 -0.27688248E+000 -0.65863408E-004  0.84580963E-001  0.17433691E+001  0.12068748E+002  0.59173133E+002  0.13400217E+003  0.34790504E+003  0.65682912E+003
 -0.82337437E+000 -0.64131329E+000 -0.27685580E+000 -0.65850659E-004  0.84599943E-001  0.17435572E+001  0.12069378E+002  0.59173133E+002  0.13400217E+003  0.34790504E+003  0.65682913E+003
 -0.82334136E+000 -0.64123647E+000 -0.27683090E+000 -0.65839098E-004  0.84618097E-001  0.17437401E+001  0.12070001E+002  0.59173133E+002  0.13400217E+003  0.34790504E+003  0.65682913E+003
 -0.82330976E+000 -0.64116354E+000 -0.27680778E+000 -0.65828673E-004  0.84635416E-001  0.17439176E+001  0.12070615E+002  0.59173133E+002  0.13400217E+003  0.34790504E+003  0.65682913E+003
 -0.82327967E+000 -0.64109470E+000 -0.27678645E+000 -0.65819336E-004  0.84651890E-001  0.17440894E+001  0.12071219E+002  0.59173134E+002  0.13400217E+003  0.34790504E+003  0.65682913E+003
 -0.82325118E+000 -0.64103010E+000 -0.27676691E+000 -0.65811037E-004  0.84667511E-001  0.17442552E+001  0.12071812E+002  0.59173134E+002  0.13400217E+003  0.34790505E+003  0.65682913E+003
 -0.82322440E+000 -0.64096992E+000 -0.27674913E+000 -0.65803731E-004  0.84682271E-001  0.17444147E+001  0.12072391E+002  0.59173134E+002  0.13400218E+003  0.34790505E+003  0.65682913E+003
 -0.82319944E+000 -0.64091433E+000 -0.27673312E+000 -0.65797375E-004  0.84696164E-001  0.17445676E+001  0.12072957E+002  0.59173134E+002  0.13400218E+003  0.34790505E+003  0.65682913E+003
 -0.82317642E+000 -0.64086350E+000 -0.27671885E+000 -0.65791925E-004  0.84709186E-001  0.17447137E+001  0.12073508E+002  0.59173134E+002  0.13400218E+003  0.34790505E+003  0.65682914E+003
 -0.82315544E+000 -0.64081757E+000 -0.27670629E+000 -0.65787342E-004  0.84721333E-001  0.17448526E+001  0.12074043E+002  0.59173134E+002  0.13400218E+003  0.34790505E+003  0.65682914E+003
 -0.82313662E+000 -0.64077668E+000 -0.27669542E+000 -0.65783587E-004  0.84732606E-001  0.17449841E+001  0.12074560E+002  0.59173134E+002  0.13400218E+003  0.34790505E+003  0.65682914E+003
 -0.82312004E+000 -0.64074095E+000 -0.27668620E+000 -0.65780623E-004  0.84743007E-001  0.17451081E+001  0.12075059E+002  0.59173134E+002  0.13400218E+003  0.34790506E+003  0.65682914E+003
 -0.82310582E+000 -0.64071047E+000 -0.27667859E+000 -0.65778415E-004  0.84752542E-001  0.17452242E+001  0.12075539E+002  0.59173134E+002  0.13400218E+003  0.34790506E+003  0.65682914E+003
 -0.82309403E+000 -0.64068531E+000 -0.27667255E+000 -0.65776929E-004  0.84761220E-001  0.17453322E+001  0.12076000E+002  0.59173134E+002  0.13400218E+003  0.34790506E+003  0.65682914E+003
 -0.82308473E+000 -0.64066551E+000 -0.27666803E+000 -0.65776132E-004  0.84769054E-001  0.17454322E+001  0.12076440E+002  0.59173135E+002  0.13400218E+003  0.34790506E+003  0.65682915E+003
 -0.82307798E+000 -0.64065109E+000 -0.27666498E+000 -0.65775991E-004  0.84776060E-001  0.17455238E+001  0.12076860E+002  0.59173135E+002  0.13400218E+003  0.34790506E+003  0.65682915E+003
 -0.82307380E+000 -0.64064204E+000 -0.27666335E+000 -0.65776474E-004  0.84782257E-001  0.17456072E+001  0.12077258E+002  0.59173135E+002  0.13400218E+003  0.34790506E+003  0.65682915E+003
 -0.82307223E+000 -0.64063832E+000 -0.27666307E+000 -0.65777550E-004  0.84787667E-001  0.17456821E+001  0.12077635E+002  0.59173135E+002  0.13400218E+003  0.34790507E+003  0.65682915E+003
 -0.82307324E+000 -0.64063983E+000 -0.27666408E+000 -0.65779188E-004  0.84792313E-001  0.17457487E+001  0.12077989E+002  0.59173135E+002  0.13400218E+003  0.34790507E+003  0.65682915E+003
 -0.82307681E+000 -0.64064650E+000 -0.27666633E+000 -0.65781357E-004  0.84796220E-001  0.17458070E+001  0.12078321E+002  0.59173135E+002  0.13400218E+003  0.34790507E+003  0.65682916E+003
 -0.82308290E+000 -0.64065817E+000 -0.27666974E+000 -0.65784026E-004  0.84799414E-001  0.17458571E+001  0.12078630E+002  0.59173135E+002  0.13400218E+003  0.34790507E+003  0.65682916E+003
 -0.82309144E+000 -0.64067469E+000 -0.27667425E+000 -0.65787164E-004  0.84801917E-001  0.17458671E+001  0.12078915E+002  0.59173135E+002  0.13400218E+003  0.34790507E+003  0.65682916E+003
 -0.82310235E+000 -0.64069588E+000 -0.27667979E+000 -0.65790741E-004  0.84803753E-001  0.17458750E+001  0.12079176E+002  0.59173135E+002  0.13400218E+003  0.34790508E+003  0.65682916E+003
 -0.82311553E+000 -0.64072153E+000 -0.27668629E+000 -0.65794727E-004  0.84804943E-001  0.17458811E+001  0.12079413E+002  0.59173135E+002  0.13400218E+003  0.34790508E+003  0.65682916E+003
 -0.82313087E+000 -0.64075141E+000 -0.27669368E+000 -0.65799090E-004  0.84805502E-001  0.17458855E+001  0.12079626E+002  0.59173135E+002  0.13400218E+003  0.34790508E+003  0.65682917E+003
 -0.82314825E+000 -0.64078528E+000 -0.27670189E+000 -0.65803801E-004  0.84805445E-001  0.17458883E+001  0.12079814E+002  0.59173135E+002  0.13400218E+003  0.34790508E+003  0.65682917E+003
 -0.82316753E+000 -0.64082288E+000 -0.27671084E+000 -0.65808830E-004  0.84804782E-001  0.17458895E+001  0.12079978E+002  0.59173135E+002  0.13400218E+003  0.34790508E+003  0.65682917E+003
 -0.82318856E+000 -0.64086394E+000 -0.27672048E+000 -0.65814149E-004  0.84803517E-001  0.17458893E+001  0.12080118E+002  0.59173136E+002  0.13400218E+003  0.34790509E+003  0.65682917E+003
 -0.82321121E+000 -0.64090817E+000 -0.27673074E+000 -0.65819728E-004  0.84801653E-001  0.17458878E+001  0.12080232E+002  0.59173136E+002  0.13400218E+003  0.34790509E+003  0.65682918E+003
 -0.82323533E+000 -0.64095531E+000 -0.27674154E+000 -0.65825539E-004  0.84799188E-001  0.17458849E+001  0.12080323E+002  0.59173136E+002  0.13400218E+003  0.34790509E+003  0.65682918E+003
 -0.82326077E+000 -0.64100506E+000 -0.27675282E+000 -0.65831557E-004  0.84796120E-001  0.17458809E+001  0.12080389E+002  0.59173136E+002  0.13400218E+003  0.34790509E+003  0.65682918E+003
 -0.82328737E+000 -0.64105715E+000 -0.27676453E+000 -0.65837754E-004  0.84792443E-001  0.17458757E+001  0.12080432E+002  0.59173136E+002  0.13400218E+003  0.34790509E+003  0.65682918E+003
 -0.82331500E+000 -0.64111128E+000 -0.27677659E+000 -0.65844105E-004  0.84788151E-001  0.17458696E+001  0.12080451E+002  0.59173136E+002  0.13400218E+003  0.34790509E+003  0.65682918E+003
 -0.82334352E+000 -0.64116719E+000 -0.27678896E+000 -0.65850587E-004  0.84783239E-001  0.17458625E+001  0.12080448E+002  0.59173136E+002  0.13400218E+003  0.34790510E+003  0.65682919E+003
 -0.82337278E+000 -0.64122460E+000 -0.27680157E+000 -0.65857175E-004  0.84777702E-001  0.17458446E+001  0.12080422E+002  0.59173135E+002  0.13400218E+003  0.34790510E+003  0.65682919E+003
 -0.82340266E+000 -0.64128326E+000 -0.27681438E+000 -0.65863848E-004  0.84771541E-001  0.17458072E+001  0.12080374E+002  0.59173135E+002  0.13400218E+003  0.34790510E+003  0.65682919E+003
 -0.82343304E+000 -0.64134290E+000 -0.27682733E+000 -0.65870582E-004  0.84764757E-001  0.17457669E+001  0.12080306E+002  0.59173135E+002  0.13400218E+003  0.34790510E+003  0.65682919E+003
 -0.82346380E+000 -0.64140328E+000 -0.27684036E+000 -0.65877357E-004  0.84757358E-001  0.17457242E+001  0.12080219E+002  0.59173135E+002  0.13400218E+003  0.34790510E+003  0.65682919E+003
 -0.82349480E+000 -0.64146415E+000 -0.27685344E+000 -0.65884149E-004  0.84749358E-001  0.17456793E+001  0.12080112E+002  0.59173135E+002  0.13400218E+003  0.34790510E+003  0.65682919E+003
 -0.82352595E+000 -0.64152529E+000 -0.27686651E+000 -0.65890941E-004  0.84740777E-001  0.17456327E+001  0.12079987E+002  0.59173135E+002  0.13400218E+003  0.34790510E+003  0.65682920E+003
 -0.82355715E+000 -0.64158649E+000 -0.27687952E+000 -0.65897713E-004  0.84731640E-001  0.17455847E+001  0.12079845E+002  0.59173135E+002  0.13400218E+003  0.34790510E+003  0.65682920E+003
 -0.82358829E+000 -0.64164754E+000 -0.27689243E+000 -0.65904448E-004  0.84721982E-001  0.17455354E+001  0.12079688E+002  0.59173135E+002  0.13400218E+003  0.34790510E+003  0.65682920E+003
 -0.82361929E+000 -0.64170825E+000 -0.27690522E+000 -0.65911130E-004  0.84711843E-001  0.17454852E+001  0.12079516E+002  0.59173135E+002  0.13400218E+003  0.34790511E+003  0.65682920E+003
 -0.82365005E+000 -0.64176845E+000 -0.27691784E+000 -0.65917742E-004  0.84701271E-001  0.17454342E+001  0.12079331E+002  0.59173135E+002  0.13400218E+003  0.34790511E+003  0.65682920E+003
 -0.82368049E+000 -0.64182795E+000 -0.27693026E+000 -0.65924269E-004  0.84690319E-001  0.17453827E+001  0.12079134E+002  0.59173135E+002  0.13400218E+003  0.34790511E+003  0.65682920E+003
 -0.82371054E+000 -0.64188660E+000 -0.27694246E+000 -0.65930696E-004  0.84679046E-001  0.17453309E+001  0.12078926E+002  0.59173135E+002  0.13400218E+003  0.34790511E+003  0.65682920E+003
 -0.82374012E+000 -0.64194426E+000 -0.27695441E+000 -0.65937011E-004  0.84667512E-001  0.17452789E+001  0.12078709E+002  0.59173134E+002  0.13400218E+003  0.34790511E+003  0.65682920E+003
 -0.82376916E+000 -0.64200078E+000 -0.27696609E+000 -0.65943200E-004  0.84655782E-001  0.17452268E+001  0.12078483E+002  0.59173134E+002  0.13400218E+003  0.34790511E+003  0.65682920E+003
 -0.82379762E+000 -0.64205603E+000 -0.27697748E+000 -0.65949252E-004  0.84643921E-001  0.17451748E+001  0.12078251E+002  0.59173134E+002  0.13400218E+003  0.34790511E+003  0.65682920E+003
 -0.82382542E+000 -0.64210992E+000 -0.27698855E+000 -0.65955158E-004  0.84631992E-001  0.17451229E+001  0.12078012E+002  0.59173134E+002  0.13400218E+003  0.34790511E+003  0.65682920E+003
 -0.82385253E+000 -0.64216235E+000 -0.27699930E+000 -0.65960910E-004  0.84620059E-001  0.17450713E+001  0.12077768E+002  0.59173134E+002  0.13400218E+003  0.34790511E+003  0.65682920E+003
 -0.82387889E+000 -0.64221322E+000 -0.27700972E+000 -0.65966500E-004  0.84608180E-001  0.17450200E+001  0.12077520E+002  0.59173134E+002  0.13400218E+003  0.34790510E+003  0.65682920E+003
 -0.82390447E+000 -0.64226248E+000 -0.27701978E+000 -0.65971924E-004  0.84596411E-001  0.17449691E+001  0.12077270E+002  0.59173133E+002  0.13400217E+003  0.34790510E+003  0.65682920E+003
 -0.82392925E+000 -0.64231006E+000 -0.27702950E+000 -0.65977177E-004  0.84584803E-001  0.17449185E+001  0.12077017E+002  0.59173133E+002  0.13400217E+003  0.34790510E+003  0.65682920E+003
 -0.82395318E+000 -0.64235592E+000 -0.27703885E+000 -0.65982257E-004  0.84573401E-001  0.17448683E+001  0.12076763E+002  0.59173133E+002  0.13400217E+003  0.34790510E+003  0.65682920E+003
 -0.82397626E+000 -0.64240003E+000 -0.27704785E+000 -0.65987160E-004  0.84562246E-001  0.17448186E+001  0.12076509E+002  0.59173133E+002  0.13400217E+003  0.34790510E+003  0.65682919E+003
 -0.82399847E+000 -0.64244238E+000 -0.27705648E+000 -0.65991888E-004  0.84551371E-001  0.17447692E+001  0.12076255E+002  0.59173133E+002  0.13400217E+003  0.34790510E+003  0.65682919E+003
 -0.82401980E+000 -0.64248295E+000 -0.27706476E+000 -0.65996440E-004  0.84540807E-001  0.17447203E+001  0.12076001E+002  0.59173132E+002  0.13400217E+003  0.34790510E+003  0.65682919E+003
 -0.82404025E+000 -0.64252175E+000 -0.27707269E+000 -0.66000818E-004  0.84530576E-001  0.17446717E+001  0.12075748E+002  0.59173132E+002  0.13400217E+003  0.34790510E+003  0.65682919E+003
 -0.82405981E+000 -0.64255879E+000 -0.27708026E+000 -0.66005023E-004  0.84520699E-001  0.17446234E+001  0.12075497E+002  0.59173132E+002  0.13400217E+003  0.34790510E+003  0.65682919E+003
 -0.82407848E+000 -0.64259408E+000 -0.27708750E+000 -0.66009059E-004  0.84511189E-001  0.17445755E+001  0.12075248E+002  0.59173132E+002  0.13400217E+003  0.34790509E+003  0.65682919E+003
 -0.82409629E+000 -0.64262766E+000 -0.27709440E+000 -0.66012928E-004  0.84502057E-001  0.17445279E+001  0.12075001E+002  0.59173132E+002  0.13400217E+003  0.34790509E+003  0.65682919E+003
 -0.82411323E+000 -0.64265956E+000 -0.27710097E+000 -0.66016634E-004  0.84493308E-001  0.17444805E+001  0.12074756E+002  0.59173131E+002  0.13400216E+003  0.34790509E+003  0.65682919E+003
 -0.82412932E+000 -0.64268982E+000 -0.27710722E+000 -0.66020181E-004  0.84484947E-001  0.17444333E+001  0.12074514E+002  0.59173131E+002  0.13400216E+003  0.34790509E+003  0.65682918E+003
 -0.82414458E+000 -0.64271847E+000 -0.27711317E+000 -0.66023573E-004  0.84476973E-001  0.17443864E+001  0.12074274E+002  0.59173131E+002  0.13400216E+003  0.34790509E+003  0.65682918E+003
 -0.82415903E+000 -0.64274557E+000 -0.27711882E+000 -0.66026814E-004  0.84469385E-001  0.17443396E+001  0.12074038E+002  0.59173131E+002  0.13400216E+003  0.34790509E+003  0.65682918E+003
 -0.82417268E+000 -0.64277116E+000 -0.27712419E+000 -0.66029909E-004  0.84462178E-001  0.17442930E+001  0.12073804E+002  0.59173130E+002  0.13400216E+003  0.34790508E+003  0.65682918E+003
 -0.82418557E+000 -0.64279529E+000 -0.27712927E+000 -0.66032862E-004  0.84455345E-001  0.17442466E+001  0.12073573E+002  0.59173130E+002  0.13400216E+003  0.34790508E+003  0.65682918E+003
 -0.82419771E+000 -0.64281802E+000 -0.27713409E+000 -0.66035678E-004  0.84448880E-001  0.17442003E+001  0.12073345E+002  0.59173130E+002  0.13400216E+003  0.34790508E+003  0.65682917E+003
 -0.82420913E+000 -0.64283939E+000 -0.27713866E+000 -0.66038360E-004  0.84442773E-001  0.17441542E+001  0.12073119E+002  0.59173130E+002  0.13400216E+003  0.34790508E+003  0.65682917E+003
 -0.82421985E+000 -0.64285946E+000 -0.27714297E+000 -0.66040913E-004  0.84437014E-001  0.17441082E+001  0.12072897E+002  0.59173129E+002  0.13400215E+003  0.34790507E+003  0.65682917E+003
 -0.82422991E+000 -0.64287829E+000 -0.27714705E+000 -0.66043342E-004  0.84431594E-001  0.17440624E+001  0.12072677E+002  0.59173129E+002  0.13400215E+003  0.34790507E+003  0.65682916E+003
 -0.82423932E+000 -0.64289592E+000 -0.27715090E+000 -0.66045650E-004  0.84426499E-001  0.17440168E+001  0.12072459E+002  0.59173129E+002  0.13400215E+003  0.34790507E+003  0.65682916E+003
 -0.82424811E+000 -0.64291241E+000 -0.27715454E+000 -0.66047842E-004  0.84421720E-001  0.17439715E+001  0.12072244E+002  0.59173129E+002  0.13400215E+003  0.34790506E+003  0.65682916E+003
 -0.82425631E+000 -0.64292781E+000 -0.27715796E+000 -0.66049922E-004  0.84417243E-001  0.17439265E+001  0.12072032E+002  0.59173129E+002  0.13400215E+003  0.34790506E+003  0.65682916E+003
 -0.82426395E+000 -0.64294218E+000 -0.27716119E+000 -0.66051893E-004  0.84413057E-001  0.17438818E+001  0.12071822E+002  0.59173128E+002  0.13400215E+003  0.34790506E+003  0.65682915E+003
 -0.82427105E+000 -0.64295555E+000 -0.27716422E+000 -0.66053758E-004  0.84409149E-001  0.17438374E+001  0.12071614E+002  0.59173128E+002  0.13400215E+003  0.34790505E+003  0.65682915E+003
 -0.82427764E+000 -0.64296798E+000 -0.27716708E+000 -0.66055523E-004  0.84405507E-001  0.17437936E+001  0.12071408E+002  0.59173128E+002  0.13400215E+003  0.34790505E+003  0.65682915E+003
 -0.82428375E+000 -0.64297952E+000 -0.27716975E+000 -0.66057190E-004  0.84402118E-001  0.17437502E+001  0.12071204E+002  0.59173128E+002  0.13400214E+003  0.34790505E+003  0.65682914E+003
 -0.82428939E+000 -0.64299022E+000 -0.27717226E+000 -0.66058763E-004  0.84398971E-001  0.17437074E+001  0.12071001E+002  0.59173127E+002  0.13400214E+003  0.34790504E+003  0.65682914E+003
 -0.82429459E+000 -0.64300011E+000 -0.27717461E+000 -0.66060245E-004  0.84396054E-001  0.17436653E+001  0.12070801E+002  0.59173127E+002  0.13400214E+003  0.34790504E+003  0.65682913E+003
 -0.82429938E+000 -0.64300924E+000 -0.27717681E+000 -0.66061640E-004  0.84393355E-001  0.17436239E+001  0.12070602E+002  0.59173127E+002  0.13400214E+003  0.34790504E+003  0.65682913E+003
 -0.82430378E+000 -0.64301765E+000 -0.27717887E+000 -0.66062950E-004  0.84390863E-001  0.17435832E+001  0.12070405E+002  0.59173127E+002  0.13400214E+003  0.34790503E+003  0.65682912E+003
 -0.82430782E+000 -0.64302539E+000 -0.27718078E+000 -0.66064180E-004  0.84388566E-001  0.17435434E+001  0.12070209E+002  0.59173127E+002  0.13400214E+003  0.34790503E+003  0.65682912E+003
 -0.82431150E+000 -0.64303249E+000 -0.27718257E+000 -0.66065331E-004  0.84386454E-001  0.17435045E+001  0.12070015E+002  0.59173126E+002  0.13400213E+003  0.34790503E+003  0.65682911E+003
 -0.82431487E+000 -0.64303899E+000 -0.27718423E+000 -0.66066408E-004  0.84384516E-001  0.17434665E+001  0.12069822E+002  0.59173126E+002  0.13400213E+003  0.34790502E+003  0.65682911E+003
 -0.82431792E+000 -0.64304492E+000 -0.27718577E+000 -0.66067413E-004  0.84382742E-001  0.17434295E+001  0.12069630E+002  0.59173126E+002  0.13400213E+003  0.34790502E+003  0.65682910E+003
 -0.82432069E+000 -0.64305033E+000 -0.27718719E+000 -0.66068349E-004  0.84381123E-001  0.17433937E+001  0.12069441E+002  0.59173126E+002  0.13400213E+003  0.34790501E+003  0.65682910E+003
 -0.82432320E+000 -0.64305524E+000 -0.27718851E+000 -0.66069220E-004  0.84379648E-001  0.17433589E+001  0.12069252E+002  0.59173125E+002  0.13400213E+003  0.34790501E+003  0.65682909E+003
 -0.82432545E+000 -0.64305968E+000 -0.27718972E+000 -0.66070027E-004  0.84378309E-001  0.17433253E+001  0.12069065E+002  0.59173125E+002  0.13400213E+003  0.34790500E+003  0.65682909E+003
 -0.82432748E+000 -0.64306369E+000 -0.27719084E+000 -0.66070775E-004  0.84377098E-001  0.17432929E+001  0.12068880E+002  0.59173125E+002  0.13400213E+003  0.34790500E+003  0.65682908E+003
 -0.82432929E+000 -0.64306730E+000 -0.27719187E+000 -0.66071466E-004  0.84376006E-001  0.17432617E+001  0.12068696E+002  0.59173125E+002  0.13400212E+003  0.34790500E+003  0.65682908E+003
 -0.82433089E+000 -0.64307053E+000 -0.27719281E+000 -0.66072102E-004  0.84375024E-001  0.17432318E+001  0.12068514E+002  0.59173125E+002  0.13400212E+003  0.34790499E+003  0.65682907E+003
 -0.82433232E+000 -0.64307340E+000 -0.27719367E+000 -0.66072687E-004  0.84374146E-001  0.17432031E+001  0.12068335E+002  0.59173124E+002  0.13400212E+003  0.34790499E+003  0.65682906E+003
 -0.82433357E+000 -0.64307596E+000 -0.27719446E+000 -0.66073223E-004  0.84373363E-001  0.17431757E+001  0.12068157E+002  0.59173124E+002  0.13400212E+003  0.34790498E+003  0.65682906E+003
 -0.82433466E+000 -0.64307821E+000 -0.27719517E+000 -0.66073713E-004  0.84372670E-001  0.17431496E+001  0.12067981E+002  0.59173124E+002  0.13400212E+003  0.34790498E+003  0.65682905E+003
 -0.82433561E+000 -0.64308019E+000 -0.27719581E+000 -0.66074159E-004  0.84372060E-001  0.17431248E+001  0.12067808E+002  0.59173124E+002  0.13400212E+003  0.34790497E+003  0.65682904E+003
 -0.82433642E+000 -0.64308191E+000 -0.27719639E+000 -0.66074564E-004  0.84371525E-001  0.17431012E+001  0.12067637E+002  0.59173124E+002  0.13400212E+003  0.34790497E+003  0.65682904E+003
 -0.82433712E+000 -0.64308339E+000 -0.27719691E+000 -0.66074930E-004  0.84371060E-001  0.17430789E+001  0.12067468E+002  0.59173124E+002  0.13400212E+003  0.34790496E+003  0.65682903E+003
 -0.82433770E+000 -0.64308466E+000 -0.27719738E+000 -0.66075260E-004  0.84370660E-001  0.17430579E+001  0.12067303E+002  0.59173123E+002  0.13400211E+003  0.34790496E+003  0.65682902E+003
 -0.82433818E+000 -0.64308573E+000 -0.27719779E+000 -0.66075556E-004  0.84370319E-001  0.17430381E+001  0.12067140E+002  0.59173123E+002  0.13400211E+003  0.34790495E+003  0.65682901E+003
 -0.82433857E+000 -0.64308662E+000 -0.27719816E+000 -0.66075821E-004  0.84370032E-001  0.17430194E+001  0.12066981E+002  0.59173123E+002  0.13400211E+003  0.34790495E+003  0.65682901E+003
 -0.82433887E+000 -0.64308735E+000 -0.27719848E+000 -0.66076056E-004  0.84369795E-001  0.17430020E+001  0.12066825E+002  0.59173123E+002  0.13400211E+003  0.34790494E+003  0.65682900E+003
 -0.82433910E+000 -0.64308793E+000 -0.27719877E+000 -0.66076264E-004  0.84369601E-001  0.17429857E+001  0.12066673E+002  0.59173123E+002  0.13400211E+003  0.34790494E+003  0.65682899E+003
 -0.82433926E+000 -0.64308838E+000 -0.27719901E+000 -0.66076447E-004  0.84369448E-001  0.17429705E+001  0.12066524E+002  0.59173123E+002  0.13400211E+003  0.34790493E+003  0.65682898E+003
 -0.82433937E+000 -0.64308870E+000 -0.27719922E+000 -0.66076606E-004  0.84369331E-001  0.17429563E+001  0.12066379E+002  0.59173122E+002  0.13400211E+003  0.34790493E+003  0.65682897E+003
 -0.82433942E+000 -0.64308893E+000 -0.27719940E+000 -0.66076744E-004  0.84369247E-001  0.17429432E+001  0.12066237E+002  0.59173122E+002  0.13400211E+003  0.34790492E+003  0.65682897E+003
 -0.82433942E+000 -0.64308905E+000 -0.27719955E+000 -0.66076862E-004  0.84369191E-001  0.17429310E+001  0.12066100E+002  0.59173122E+002  0.13400210E+003  0.34790492E+003  0.65682896E+003
 -0.82433939E+000 -0.64308910E+000 -0.27719967E+000 -0.66076963E-004  0.84369161E-001  0.17429198E+001  0.12065967E+002  0.59173122E+002  0.13400210E+003  0.34790492E+003  0.65682895E+003
 -0.82433932E+000 -0.64308907E+000 -0.27719977E+000 -0.66077047E-004  0.84369153E-001  0.17429095E+001  0.12065839E+002  0.59173122E+002  0.13400210E+003  0.34790491E+003  0.65682894E+003
 -0.82433922E+000 -0.64308898E+000 -0.27719985E+000 -0.66077117E-004  0.84369165E-001  0.17429000E+001  0.12065715E+002  0.59173122E+002  0.13400210E+003  0.34790491E+003  0.65682893E+003
 -0.82433909E+000 -0.64308883E+000 -0.27719991E+000 -0.66077174E-004  0.84369193E-001  0.17428913E+001  0.12065595E+002  0.59173122E+002  0.13400210E+003  0.34790490E+003  0.65682892E+003
 -0.82433895E+000 -0.64308864E+000 -0.27719996E+000 -0.66077218E-004  0.84369236E-001  0.17428834E+001  0.12065479E+002  0.59173122E+002  0.13400210E+003  0.34790490E+003  0.65682891E+003
 -0.82433878E+000 -0.64308841E+000 -0.27719999E+000 -0.66077252E-004  0.84369291E-001  0.17428761E+001  0.12065368E+002  0.59173121E+002  0.13400210E+003  0.34790489E+003  0.65682890E+003
 -0.82433860E+000 -0.64308815E+000 -0.27720000E+000 -0.66077277E-004  0.84369356E-001  0.17428696E+001  0.12065262E+002  0.59173121E+002  0.13400210E+003  0.34790489E+003  0.65682889E+003
 -0.82433842E+000 -0.64308786E+000 -0.27720001E+000 -0.66077294E-004  0.84369429E-001  0.17428637E+001  0.12065160E+002  0.59173121E+002  0.13400210E+003  0.34790488E+003  0.65682889E+003
 -0.82433822E+000 -0.64308756E+000 -0.27720000E+000 -0.66077303E-004  0.84369509E-001  0.17428583E+001  0.12065062E+002  0.59173121E+002  0.13400209E+003  0.34790488E+003  0.65682888E+003
 -0.82433802E+000 -0.64308724E+000 -0.27719999E+000 -0.66077307E-004  0.84369593E-001  0.17428535E+001  0.12064969E+002  0.59173121E+002  0.13400209E+003  0.34790487E+003  0.65682887E+003
 -0.82433782E+000 -0.64308692E+000 -0.27719997E+000 -0.66077305E-004  0.84369680E-001  0.17428492E+001  0.12064881E+002  0.59173121E+002  0.13400209E+003  0.34790487E+003  0.65682886E+003
 -0.82433762E+000 -0.64308659E+000 -0.27719995E+000 -0.66077299E-004  0.84369769E-001  0.17428454E+001  0.12064796E+002  0.59173121E+002  0.13400209E+003  0.34790487E+003  0.65682885E+003
 -0.82433742E+000 -0.64308626E+000 -0.27719992E+000 -0.66077289E-004  0.84369859E-001  0.17428420E+001  0.12064716E+002  0.59173121E+002  0.13400209E+003  0.34790486E+003  0.65682884E+003
 -0.82433722E+000 -0.64308593E+000 -0.27719989E+000 -0.66077276E-004  0.84369949E-001  0.17428389E+001  0.12064640E+002  0.59173120E+002  0.13400209E+003  0.34790486E+003  0.65682883E+003
 -0.82433703E+000 -0.64308561E+000 -0.27719985E+000 -0.66077262E-004  0.84370038E-001  0.17428363E+001  0.12064569E+002  0.59173120E+002  0.13400209E+003  0.34790485E+003  0.65682882E+003
 -0.82433685E+000 -0.64308529E+000 -0.27719981E+000 -0.66077245E-004  0.84370125E-001  0.17428339E+001  0.12064501E+002  0.59173120E+002  0.13400209E+003  0.34790485E+003  0.65682881E+003
 -0.82433667E+000 -0.64308499E+000 -0.27719978E+000 -0.66077227E-004  0.84370210E-001  0.17428319E+001  0.12064437E+002  0.59173120E+002  0.13400209E+003  0.34790484E+003  0.65682880E+003
 -0.82433650E+000 -0.64308470E+000 -0.27719974E+000 -0.66077208E-004  0.84370291E-001  0.17428301E+001  0.12064377E+002  0.59173120E+002  0.13400209E+003  0.34790484E+003  0.65682879E+003
 -0.82433634E+000 -0.64308442E+000 -0.27719970E+000 -0.66077189E-004  0.84370369E-001  0.17428285E+001  0.12064320E+002  0.59173120E+002  0.13400209E+003  0.34790484E+003  0.65682879E+003
 -0.82433619E+000 -0.64308416E+000 -0.27719966E+000 -0.66077170E-004  0.84370444E-001  0.17428272E+001  0.12064268E+002  0.59173120E+002  0.13400209E+003  0.34790483E+003  0.65682878E+003
 -0.82433605E+000 -0.64308391E+000 -0.27719963E+000 -0.66077151E-004  0.84370514E-001  0.17428261E+001  0.12064218E+002  0.59173120E+002  0.13400209E+003  0.34790483E+003  0.65682877E+003
 -0.82433592E+000 -0.64308368E+000 -0.27719959E+000 -0.66077133E-004  0.84370579E-001  0.17428251E+001  0.12064171E+002  0.59173120E+002  0.13400208E+003  0.34790483E+003  0.65682876E+003
 -0.82433579E+000 -0.64308347E+000 -0.27719956E+000 -0.66077115E-004  0.84370641E-001  0.17428243E+001  0.12064128E+002  0.59173120E+002  0.13400208E+003  0.34790482E+003  0.65682875E+003
 -0.82433568E+000 -0.64308328E+000 -0.27719953E+000 -0.66077098E-004  0.84370698E-001  0.17428236E+001  0.12064088E+002  0.59173120E+002  0.13400208E+003  0.34790482E+003  0.65682874E+003
 -0.82433558E+000 -0.64308310E+000 -0.27719950E+000 -0.66077082E-004  0.84370750E-001  0.17428230E+001  0.12064050E+002  0.59173120E+002  0.13400208E+003  0.34790481E+003  0.65682873E+003
 -0.82433549E+000 -0.64308294E+000 -0.27719948E+000 -0.66077067E-004  0.84370798E-001  0.17428226E+001  0.12064015E+002  0.59173119E+002  0.13400208E+003  0.34790481E+003  0.65682872E+003
 -0.82433541E+000 -0.64308280E+000 -0.27719945E+000 -0.66077054E-004  0.84370841E-001  0.17428222E+001  0.12063983E+002  0.59173119E+002  0.13400208E+003  0.34790481E+003  0.65682871E+003
 -0.82433533E+000 -0.64308267E+000 -0.27719943E+000 -0.66077042E-004  0.84370880E-001  0.17428219E+001  0.12063953E+002  0.59173119E+002  0.13400208E+003  0.34790480E+003  0.65682871E+003
 -0.82433527E+000 -0.64308256E+000 -0.27719941E+000 -0.66077031E-004  0.84370915E-001  0.17428217E+001  0.12063925E+002  0.59173119E+002  0.13400208E+003  0.34790480E+003  0.65682870E+003
 -0.82433522E+000 -0.64308247E+000 -0.27719940E+000 -0.66077021E-004  0.84370946E-001  0.17428215E+001  0.12063899E+002  0.59173119E+002  0.13400208E+003  0.34790480E+003  0.65682869E+003
 -0.82433517E+000 -0.64308239E+000 -0.27719939E+000 -0.66077013E-004  0.84370973E-001  0.17428214E+001  0.12063875E+002  0.59173119E+002  0.13400208E+003  0.34790479E+003  0.65682868E+003
 -0.82433513E+000 -0.64308233E+000 -0.27719937E+000 -0.66077005E-004  0.84370997E-001  0.17428213E+001  0.12063854E+002  0.59173119E+002  0.13400208E+003  0.34790479E+003  0.65682867E+003
 -0.82433510E+000 -0.64308228E+000 -0.27719937E+000 -0.66076999E-004  0.84371017E-001  0.17428212E+001  0.12063833E+002  0.59173119E+002  0.13400208E+003  0.34790479E+003  0.65682867E+003
 -0.82433508E+000 -0.64308224E+000 -0.27719936E+000 -0.66076994E-004  0.84371035E-001  0.17428212E+001  0.12063815E+002  0.59173119E+002  0.13400208E+003  0.34790479E+003  0.65682866E+003
 -0.82433506E+000 -0.64308221E+000 -0.27719935E+000 -0.66076990E-004  0.84371049E-001  0.17428212E+001  0.12063798E+002  0.59173119E+002  0.13400208E+003  0.34790478E+003  0.65682865E+003
 -0.82433505E+000 -0.64308219E+000 -0.27719935E+000 -0.66076987E-004  0.84371062E-001  0.17428212E+001  0.12063782E+002  0.59173119E+002  0.13400208E+003  0.34790478E+003  0.65682864E+003
 -0.82433504E+000 -0.64308218E+000 -0.27719935E+000 -0.66076985E-004  0.84371072E-001  0.17428212E+001  0.12063768E+002  0.59173119E+002  0.13400208E+003  0.34790478E+003  0.65682864E+003
 -0.82433503E+000 -0.64308218E+000 -0.27719935E+000 -0.66076983E-004  0.84371081E-001  0.17428212E+001  0.12063755E+002  0.59173119E+002  0.13400208E+003  0.34790478E+003  0.65682863E+003
 -0.82433504E+000 -0.64308218E+000 -0.27719935E+000 -0.66076983E-004  0.84371088E-001  0.17428212E+001  0.12063743E+002  0.59173119E+002  0.13400208E+003  0.34790477E+003  0.65682862E+003
 -0.82433504E+000 -0.64308220E+000 -0.27719935E+000 -0.66076982E-004  0.84371094E-001  0.17428212E+001  0.12063732E+002  0.59173119E+002  0.13400207E+003  0.34790477E+003  0.65682862E+003
 -0.82433505E+000 -0.64308221E+000 -0.27719936E+000 -0.66076982E-004  0.84371099E-001  0.17428213E+001  0.12063722E+002  0.59173119E+002  0.13400207E+003  0.34790477E+003  0.65682861E+003
 -0.82433505E+000 -0.64308224E+000 -0.27719936E+000 -0.66076983E-004  0.84371103E-001  0.17428213E+001  0.12063713E+002  0.59173119E+002  0.13400207E+003  0.34790477E+003  0.65682860E+003
 -0.82433507E+000 -0.64308226E+000 -0.27719937E+000 -0.66076984E-004  0.84371106E-001  0.17428213E+001  0.12063705E+002  0.59173119E+002  0.13400207E+003  0.34790476E+003  0.65682860E+003
 -0.82433508E+000 -0.64308229E+000 -0.27719937E+000 -0.66076984E-004  0.84371110E-001  0.17428213E+001  0.12063698E+002  0.59173119E+002  0.13400207E+003  0.34790476E+003  0.65682859E+003
 -0.82433509E+000 -0.64308232E+000 -0.27719938E+000 -0.66076985E-004  0.84371113E-001  0.17428214E+001  0.12063691E+002  0.59173119E+002  0.13400207E+003  0.34790476E+003  0.65682858E+003
 -0.82433511E+000 -0.64308235E+000 -0.27719938E+000 -0.66076986E-004  0.84371116E-001  0.17428214E+001  0.12063685E+002  0.59173118E+002  0.13400207E+003  0.34790476E+003  0.65682858E+003
 -0.82433512E+000 -0.64308238E+000 -0.27719939E+000 -0.66076988E-004  0.84371120E-001  0.17428214E+001  0.12063679E+002  0.59173118E+002  0.13400207E+003  0.34790476E+003  0.65682857E+003
 -0.82433514E+000 -0.64308242E+000 -0.27719940E+000 -0.66076989E-004  0.84371124E-001  0.17428215E+001  0.12063675E+002  0.59173118E+002  0.13400207E+003  0.34790475E+003  0.65682857E+003
 -0.82433516E+000 -0.64308246E+000 -0.27719940E+000 -0.66076990E-004  0.84371128E-001  0.17428215E+001  0.12063670E+002  0.59173118E+002  0.13400207E+003  0.34790475E+003  0.65682856E+003
 -0.82433518E+000 -0.64308251E+000 -0.27719941E+000 -0.66076993E-004  0.84371132E-001  0.17428215E+001  0.12063666E+002  0.59173118E+002  0.13400207E+003  0.34790475E+003  0.65682855E+003
 -0.82433522E+000 -0.64308258E+000 -0.27719943E+000 -0.66076998E-004  0.84371134E-001  0.17428216E+001  0.12063663E+002  0.59173118E+002  0.13400207E+003  0.34790475E+003  0.65682855E+003
 -0.82433523E+000 -0.64308260E+000 -0.27719944E+000 -0.66077006E-004  0.84371136E-001  0.17428216E+001  0.12063659E+002  0.59173118E+002  0.13400207E+003  0.34790475E+003  0.65682854E+003
