  0.00000000E+000  0.00000000E+000  0.00000000E+000  0.00000000E+000  0.42174581E-001  0.36748790E+000  0.69433515E+001  0.46552187E+002  0.11381362E+003  0.30126422E+003  0.59143845E+003
  0.00000000E+000  0.00000000E+000  0.00000000E+000  0.00000000E+000  0.42194399E-001  0.36757234E+000  0.69445861E+001  0.46561321E+002  0.11383534E+003  0.30132238E+003  0.59154492E+003
  0.00000000E+000  0.00000000E+000  0.00000000E+000  0.00000000E+000  0.42210370E-001  0.36764087E+000  0.69455682E+001  0.46568393E+002  0.11385194E+003  0.30136669E+003  0.59162606E+003
  0.00000000E+000  0.00000000E+000  0.00000000E+000  0.00000000E+000  0.42223308E-001  0.36769686E+000  0.69463627E+001  0.46574047E+002  0.11386504E+003  0.30140151E+003  0.59168960E+003
  0.00000000E+000  0.00000000E+000  0.00000000E+000  0.00000000E+000  0.42233826E-001  0.36774274E+000  0.69470119E+001  0.46578648E+002  0.11387561E+003  0.30142948E+003  0.59174040E+003
  0.00000000E+000  0.00000000E+000  0.00000000E+000  0.00000000E+000  0.42242399E-001  0.36778035E+000  0.69475460E+001  0.46582431E+002  0.11388426E+003  0.30145231E+003  0.59178167E+003
  0.00000000E+000  0.00000000E+000  0.00000000E+000  0.00000000E+000  0.42249403E-001  0.36781118E+000  0.69479877E+001  0.46585569E+002  0.11389142E+003  0.30147120E+003  0.59181567E+003
  0.00000000E+000  0.00000000E+000  0.00000000E+000  0.00000000E+000  0.42255135E-001  0.36783639E+000  0.69483546E+001  0.46588188E+002  0.11389740E+003  0.30148699E+003  0.59184399E+003
  0.00000000E+000  0.00000000E+000  0.00000000E+000  0.00000000E+000  0.42259834E-001  0.36785696E+000  0.69486602E+001  0.46590382E+002  0.11390242E+003  0.30150031E+003  0.59186782E+003
  0.00000000E+000  0.00000000E+000  0.00000000E+000  0.00000000E+000  0.42263694E-001  0.36787368E+000  0.69489158E+001  0.46592230E+002  0.11390666E+003  0.30151164E+003  0.59188806E+003
  0.00000000E+000  0.00000000E+000  0.00000000E+000  0.00000000E+000  0.42266870E-001  0.36788719E+000  0.69491301E+001  0.46593798E+002  0.11391028E+003  0.30152135E+003  0.59190538E+003
  0.00000000E+000  0.00000000E+000  0.00000000E+000  0.00000000E+000  0.42269494E-001  0.36789806E+000  0.69493104E+001  0.46595138E+002  0.11391339E+003  0.30152975E+003  0.59192036E+003
  0.00000000E+000  0.00000000E+000  0.00000000E+000  0.00000000E+000  0.42271668E-001  0.36790672E+000  0.69494625E+001  0.46596290E+002  0.11391607E+003  0.30153706E+003  0.59193340E+003
  0.00000000E+000  0.00000000E+000  0.00000000E+000  0.00000000E+000  0.42273481E-001  0.36791357E+000  0.69495912E+001  0.46597289E+002  0.11391841E+003  0.30154350E+003  0.59194486E+003
  0.00000000E+000  0.00000000E+000  0.00000000E+000  0.00000000E+000  0.42275003E-001  0.36791893E+000  0.69497005E+001  0.46598161E+002  0.11392046E+003  0.30154920E+003  0.59195501E+003
  0.00000000E+000  0.00000000E+000  0.00000000E+000  0.00000000E+000  0.42276294E-001  0.36792306E+000  0.69497937E+001  0.46598929E+002  0.11392227E+003  0.30155431E+003  0.59196410E+003
  0.00000000E+000  0.00000000E+000  0.00000000E+000  0.00000000E+000  0.42277402E-001  0.36792620E+000  0.69498736E+001  0.46599611E+002  0.11392390E+003  0.30155893E+003  0.59197231E+003
  0.00000000E+000  0.00000000E+000  0.00000000E+000  0.00000000E+000  0.42278368E-001  0.36792854E+000  0.69499426E+001  0.46600224E+002  0.11392537E+003  0.30156315E+003  0.59197980E+003
  0.00000000E+000  0.00000000E+000  0.00000000E+000  0.00000000E+000  0.42279224E-001  0.36793023E+000  0.69500024E+001  0.46600780E+002  0.11392671E+003  0.30156705E+003  0.59198670E+003
  0.00000000E+000  0.00000000E+000  0.00000000E+000  0.00000000E+000  0.42279999E-001  0.36793141E+000  0.69500549E+001  0.46601290E+002  0.11392795E+003  0.30157068E+003  0.59199313E+003
  0.00000000E+000  0.00000000E+000  0.00000000E+000  0.00000000E+000  0.42280716E-001  0.36793221E+000  0.69501012E+001  0.46601763E+002  0.11392911E+003  0.30157410E+003  0.59199917E+003
  0.00000000E+000  0.00000000E+000  0.00000000E+000  0.00000000E+000  0.42281395E-001  0.36793272E+000  0.69501427E+001  0.46602207E+002  0.11393020E+003  0.30157735E+003  0.59200491E+003
  0.00000000E+000  0.00000000E+000  0.00000000E+000  0.00000000E+000  0.42282052E-001  0.36793302E+000  0.69501803E+001  0.46602629E+002  0.11393125E+003  0.30158047E+003  0.59201040E+003
  0.00000000E+000  0.00000000E+000  0.00000000E+000  0.00000000E+000  0.42282701E-001  0.36793319E+000  0.69502148E+001  0.46603034E+002  0.11393226E+003  0.30158350E+003  0.59201572E+003
  0.00000000E+000  0.00000000E+000  0.00000000E+000  0.00000000E+000  0.42283355E-001  0.36793329E+000  0.69502470E+001  0.46603427E+002  0.11393324E+003  0.30158646E+003  0.59202090E+003
  0.00000000E+000  0.00000000E+000  0.00000000E+000  0.00000000E+000  0.42284024E-001  0.36793337E+000  0.69502775E+001  0.46603813E+002  0.11393420E+003  0.30158937E+003  0.59202599E+003
  0.00000000E+000  0.00000000E+000  0.00000000E+000  0.00000000E+000  0.42284718E-001  0.36793348E+000  0.69503069E+001  0.46604193E+002  0.11393516E+003  0.30159226E+003  0.59203101E+003
  0.00000000E+000  0.00000000E+000  0.00000000E+000  0.00000000E+000  0.42285445E-001  0.36793367E+000  0.69503355E+001  0.46604573E+002  0.11393611E+003  0.30159514E+003  0.59203602E+003
  0.00000000E+000  0.00000000E+000  0.00000000E+000  0.00000000E+000  0.42286213E-001  0.36793397E+000  0.69503637E+001  0.46604953E+002  0.11393707E+003  0.30159802E+003  0.59204102E+003
  0.00000000E+000  0.00000000E+000  0.00000000E+000  0.00000000E+000  0.42287028E-001  0.36793440E+000  0.69503921E+001  0.46605336E+002  0.11393804E+003  0.30160092E+003  0.59204604E+003
  0.00000000E+000  0.00000000E+000  0.00000000E+000  0.00000000E+000  0.42287896E-001  0.36793501E+000  0.69504207E+001  0.46605725E+002  0.11393901E+003  0.30160385E+003  0.59205110E+003
  0.00000000E+000  0.00000000E+000  0.00000000E+000  0.00000000E+000  0.42288824E-001  0.36793581E+000  0.69504499E+001  0.46606119E+002  0.11394001E+003  0.30160682E+003  0.59205622E+003
  0.00000000E+000  0.00000000E+000  0.00000000E+000  0.00000000E+000  0.42289814E-001  0.36793682E+000  0.69504800E+001  0.46606522E+002  0.11394102E+003  0.30160983E+003  0.59206141E+003
  0.00000000E+000  0.00000000E+000  0.00000000E+000  0.00000000E+000  0.42290873E-001  0.36793806E+000  0.69505110E+001  0.46606933E+002  0.11394205E+003  0.30161290E+003  0.59206668E+003
  0.00000000E+000  0.00000000E+000  0.00000000E+000  0.00000000E+000  0.42292004E-001  0.36793955E+000  0.69505432E+001  0.46607354E+002  0.11394311E+003  0.30161602E+003  0.59207204E+003
  0.00000000E+000  0.00000000E+000  0.00000000E+000  0.00000000E+000  0.42293210E-001  0.36794131E+000  0.69505767E+001  0.46607785E+002  0.11394419E+003  0.30161921E+003  0.59207751E+003
  0.00000000E+000  0.00000000E+000  0.00000000E+000  0.00000000E+000  0.42294493E-001  0.36794333E+000  0.69506117E+001  0.46608226E+002  0.11394530E+003  0.30162246E+003  0.59208308E+003
  0.00000000E+000  0.00000000E+000  0.00000000E+000  0.00000000E+000  0.42295855E-001  0.36794564E+000  0.69506483E+001  0.46608679E+002  0.11394643E+003  0.30162577E+003  0.59208876E+003
  0.00000000E+000  0.00000000E+000  0.00000000E+000  0.00000000E+000  0.42297298E-001  0.36794824E+000  0.69506865E+001  0.46609143E+002  0.11394759E+003  0.30162916E+003  0.59209456E+003
  0.00000000E+000  0.00000000E+000  0.00000000E+000  0.00000000E+000  0.42298822E-001  0.36795114E+000  0.69507264E+001  0.46609617E+002  0.11394877E+003  0.30163262E+003  0.59210047E+003
  0.00000000E+000  0.00000000E+000  0.00000000E+000  0.00000000E+000  0.42300425E-001  0.36795433E+000  0.69507680E+001  0.46610103E+002  0.11394998E+003  0.30163615E+003  0.59210650E+003
  0.00000000E+000  0.00000000E+000  0.00000000E+000  0.00000000E+000  0.42302108E-001  0.36795781E+000  0.69508115E+001  0.46610599E+002  0.11395122E+003  0.30163976E+003  0.59211266E+003
  0.00000000E+000  0.00000000E+000  0.00000000E+000  0.00000000E+000  0.42303867E-001  0.36796160E+000  0.69508568E+001  0.46611105E+002  0.11395249E+003  0.30164343E+003  0.59211893E+003
  0.00000000E+000  0.00000000E+000  0.00000000E+000  0.00000000E+000  0.42305699E-001  0.36796568E+000  0.69509040E+001  0.46611621E+002  0.11395377E+003  0.30164717E+003  0.59212531E+003
  0.00000000E+000  0.00000000E+000  0.00000000E+000  0.00000000E+000  0.42307599E-001  0.36797004E+000  0.69509529E+001  0.46612146E+002  0.11395508E+003  0.30165098E+003  0.59213182E+003
  0.00000000E+000  0.00000000E+000  0.00000000E+000  0.00000000E+000  0.42309562E-001  0.36797468E+000  0.69510037E+001  0.46612679E+002  0.11395642E+003  0.30165486E+003  0.59213843E+003
  0.00000000E+000  0.00000000E+000  0.00000000E+000  0.00000000E+000  0.42311579E-001  0.36797960E+000  0.69510561E+001  0.46613219E+002  0.11395777E+003  0.30165880E+003  0.59214515E+003
  0.00000000E+000  0.00000000E+000  0.00000000E+000  0.00000000E+000  0.42313644E-001  0.36798476E+000  0.69511103E+001  0.46613766E+002  0.11395914E+003  0.30166280E+003  0.59215197E+003
  0.00000000E+000  0.00000000E+000  0.00000000E+000  0.00000000E+000  0.42315746E-001  0.36799018E+000  0.69511660E+001  0.46614319E+002  0.11396053E+003  0.30166686E+003  0.59215888E+003
  0.00000000E+000  0.00000000E+000  0.00000000E+000  0.00000000E+000  0.42317873E-001  0.36799581E+000  0.69512231E+001  0.46614875E+002  0.11396193E+003  0.30167096E+003  0.59216589E+003
  0.00000000E+000  0.00000000E+000  0.00000000E+000  0.00000000E+000  0.42320014E-001  0.36800166E+000  0.69512816E+001  0.46615435E+002  0.11396334E+003  0.30167512E+003  0.59217298E+003
  0.00000000E+000  0.00000000E+000  0.00000000E+000  0.00000000E+000  0.42322155E-001  0.36800769E+000  0.69513413E+001  0.46615996E+002  0.11396477E+003  0.30167931E+003  0.59218014E+003
  0.00000000E+000  0.00000000E+000  0.00000000E+000  0.00000000E+000  0.42324280E-001  0.36801388E+000  0.69514021E+001  0.46616558E+002  0.11396620E+003  0.30168355E+003  0.59218737E+003
  0.00000000E+000  0.00000000E+000  0.00000000E+000  0.00000000E+000  0.42326372E-001  0.36802021E+000  0.69514636E+001  0.46617118E+002  0.11396763E+003  0.30168781E+003  0.59219466E+003
  0.00000000E+000  0.00000000E+000  0.00000000E+000  0.00000000E+000  0.42328414E-001  0.36802666E+000  0.69515258E+001  0.46617676E+002  0.11396906E+003  0.30169211E+003  0.59220200E+003
  0.00000000E+000  0.00000000E+000  0.00000000E+000  0.00000000E+000  0.42330387E-001  0.36803318E+000  0.69515885E+001  0.46618230E+002  0.11397050E+003  0.30169642E+003  0.59220937E+003
  0.00000000E+000  0.00000000E+000  0.00000000E+000  0.00000000E+000  0.42332270E-001  0.36803977E+000  0.69516513E+001  0.46618778E+002  0.11397192E+003  0.30170074E+003  0.59221677E+003
  0.00000000E+000  0.00000000E+000  0.00000000E+000  0.00000000E+000  0.42334044E-001  0.36804638E+000  0.69517142E+001  0.46619318E+002  0.11397334E+003  0.30170506E+003  0.59222419E+003
  0.00000000E+000  0.00000000E+000  0.00000000E+000  0.00000000E+000  0.42335686E-001  0.36805298E+000  0.69517767E+001  0.46619850E+002  0.11397475E+003  0.30170939E+003  0.59223161E+003
  0.00000000E+000  0.00000000E+000  0.00000000E+000  0.00000000E+000  0.42337175E-001  0.36805955E+000  0.69518387E+001  0.46620370E+002  0.11397614E+003  0.30171370E+003  0.59223903E+003
  0.00000000E+000  0.00000000E+000  0.00000000E+000  0.00000000E+000  0.42338489E-001  0.36806604E+000  0.69518999E+001  0.46620878E+002  0.11397751E+003  0.30171800E+003  0.59224642E+003
  0.00000000E+000  0.00000000E+000  0.00000000E+000  0.00000000E+000  0.42339606E-001  0.36807244E+000  0.69519601E+001  0.46621372E+002  0.11397886E+003  0.30172226E+003  0.59225378E+003
  0.00000000E+000  0.00000000E+000  0.00000000E+000  0.00000000E+000  0.42340505E-001  0.36807869E+000  0.69520189E+001  0.46621850E+002  0.11398019E+003  0.30172650E+003  0.59226110E+003
  0.00000000E+000  0.00000000E+000  0.00000000E+000  0.00000000E+000  0.42341166E-001  0.36808477E+000  0.69520760E+001  0.46622310E+002  0.11398148E+003  0.30173069E+003  0.59226836E+003
  0.00000000E+000  0.00000000E+000  0.00000000E+000  0.00000000E+000  0.42341568E-001  0.36809066E+000  0.69521313E+001  0.46622751E+002  0.11398274E+003  0.30173482E+003  0.59227554E+003
  0.00000000E+000  0.00000000E+000  0.00000000E+000  0.00000000E+000  0.42341695E-001  0.36809631E+000  0.69521843E+001  0.46623171E+002  0.11398396E+003  0.30173890E+003  0.59228265E+003
  0.00000000E+000  0.00000000E+000  0.00000000E+000  0.00000000E+000  0.42341530E-001  0.36810169E+000  0.69522349E+001  0.46623568E+002  0.11398514E+003  0.30174291E+003  0.59228965E+003
  0.00000000E+000  0.00000000E+000  0.00000000E+000  0.00000000E+000  0.42341059E-001  0.36810679E+000  0.69522827E+001  0.46623941E+002  0.11398627E+003  0.30174683E+003  0.59229655E+003
  0.00000000E+000  0.00000000E+000  0.00000000E+000  0.00000000E+000  0.42340269E-001  0.36811155E+000  0.69523276E+001  0.46624289E+002  0.11398736E+003  0.30175067E+003  0.59230332E+003
  0.00000000E+000  0.00000000E+000  0.00000000E+000  0.00000000E+000  0.42339153E-001  0.36811597E+000  0.69523692E+001  0.46624609E+002  0.11398839E+003  0.30175442E+003  0.59230996E+003
  0.00000000E+000  0.00000000E+000  0.00000000E+000  0.00000000E+000  0.42337704E-001  0.36812002E+000  0.69524072E+001  0.46624900E+002  0.11398937E+003  0.30175806E+003  0.59231645E+003
  0.00000000E+000  0.00000000E+000  0.00000000E+000  0.00000000E+000  0.42335918E-001  0.36812366E+000  0.69524415E+001  0.46625162E+002  0.11399029E+003  0.30176159E+003  0.59232278E+003
  0.00000000E+000  0.00000000E+000  0.00000000E+000  0.00000000E+000  0.42333794E-001  0.36812687E+000  0.69524718E+001  0.46625392E+002  0.11399115E+003  0.30176499E+003  0.59232894E+003
  0.00000000E+000  0.00000000E+000  0.00000000E+000  0.00000000E+000  0.42331337E-001  0.36812964E+000  0.69524979E+001  0.46625589E+002  0.11399194E+003  0.30176827E+003  0.59233492E+003
  0.00000000E+000  0.00000000E+000  0.00000000E+000  0.00000000E+000  0.42328552E-001  0.36813193E+000  0.69525196E+001  0.46625752E+002  0.11399266E+003  0.30177141E+003  0.59234071E+003
  0.00000000E+000  0.00000000E+000  0.00000000E+000  0.00000000E+000  0.42325448E-001  0.36813374E+000  0.69525366E+001  0.46625881E+002  0.11399331E+003  0.30177441E+003  0.59234630E+003
  0.00000000E+000  0.00000000E+000  0.00000000E+000  0.00000000E+000  0.42322039E-001  0.36813503E+000  0.69525489E+001  0.46625973E+002  0.11399389E+003  0.30177726E+003  0.59235168E+003
  0.00000000E+000  0.00000000E+000  0.00000000E+000  0.00000000E+000  0.42318345E-001  0.36813580E+000  0.69525562E+001  0.46626027E+002  0.11399439E+003  0.30177996E+003  0.59235684E+003
  0.00000000E+000  0.00000000E+000  0.00000000E+000  0.00000000E+000  0.42314390E-001  0.36813602E+000  0.69525584E+001  0.46626044E+002  0.11399480E+003  0.30178249E+003  0.59236178E+003
  0.00000000E+000  0.00000000E+000  0.00000000E+000  0.00000000E+000  0.42310200E-001  0.36813567E+000  0.69525554E+001  0.46626021E+002  0.11399514E+003  0.30178485E+003  0.59236648E+003
  0.00000000E+000  0.00000000E+000  0.00000000E+000  0.00000000E+000  0.42305807E-001  0.36813475E+000  0.69525470E+001  0.46625958E+002  0.11399540E+003  0.30178704E+003  0.59237095E+003
  0.00000000E+000  0.00000000E+000  0.00000000E+000  0.00000000E+000  0.42301242E-001  0.36813322E+000  0.69525332E+001  0.46625854E+002  0.11399556E+003  0.30178905E+003  0.59237518E+003
  0.00000000E+000  0.00000000E+000  0.00000000E+000  0.00000000E+000  0.42296537E-001  0.36813108E+000  0.69525140E+001  0.46625709E+002  0.11399564E+003  0.30179088E+003  0.59237916E+003
  0.00000000E+000  0.00000000E+000  0.00000000E+000  0.00000000E+000  0.42291725E-001  0.36812831E+000  0.69524892E+001  0.46625522E+002  0.11399563E+003  0.30179252E+003  0.59238289E+003
  0.00000000E+000  0.00000000E+000  0.00000000E+000  0.00000000E+000  0.42286837E-001  0.36812490E+000  0.69524589E+001  0.46625292E+002  0.11399554E+003  0.30179398E+003  0.59238637E+003
  0.00000000E+000  0.00000000E+000  0.00000000E+000  0.00000000E+000  0.42281903E-001  0.36812084E+000  0.69524231E+001  0.46625020E+002  0.11399535E+003  0.30179524E+003  0.59238959E+003
  0.00000000E+000  0.00000000E+000  0.00000000E+000  0.00000000E+000  0.42276951E-001  0.36811611E+000  0.69523817E+001  0.46624705E+002  0.11399506E+003  0.30179630E+003  0.59239255E+003
  0.00000000E+000  0.00000000E+000  0.00000000E+000  0.00000000E+000  0.42272007E-001  0.36811070E+000  0.69523349E+001  0.46624348E+002  0.11399469E+003  0.30179717E+003  0.59239525E+003
  0.00000000E+000  0.00000000E+000  0.00000000E+000  0.00000000E+000  0.42267095E-001  0.36810460E+000  0.69522827E+001  0.46623947E+002  0.11399422E+003  0.30179784E+003  0.59239770E+003
  0.00000000E+000  0.00000000E+000  0.00000000E+000  0.00000000E+000  0.42262237E-001  0.36809781E+000  0.69522252E+001  0.46623505E+002  0.11399366E+003  0.30179831E+003  0.59239989E+003
  0.00000000E+000  0.00000000E+000  0.00000000E+000  0.00000000E+000  0.42257452E-001  0.36809033E+000  0.69521625E+001  0.46623020E+002  0.11399301E+003  0.30179858E+003  0.59240182E+003
  0.00000000E+000  0.00000000E+000  0.00000000E+000  0.00000000E+000  0.42252758E-001  0.36808215E+000  0.69520948E+001  0.46622495E+002  0.11399226E+003  0.30179865E+003  0.59240350E+003
  0.00000000E+000  0.00000000E+000  0.00000000E+000  0.00000000E+000  0.42248168E-001  0.36807328E+000  0.69520222E+001  0.46621929E+002  0.11399143E+003  0.30179851E+003  0.59240492E+003
  0.00000000E+000  0.00000000E+000  0.00000000E+000  0.00000000E+000  0.42243695E-001  0.36806372E+000  0.69519449E+001  0.46621323E+002  0.11399050E+003  0.30179818E+003  0.59240609E+003
  0.00000000E+000  0.00000000E+000  0.00000000E+000  0.00000000E+000  0.42239352E-001  0.36805349E+000  0.69518630E+001  0.46620679E+002  0.11398948E+003  0.30179765E+003  0.59240701E+003
  0.00000000E+000  0.00000000E+000  0.00000000E+000  0.00000000E+000  0.42235145E-001  0.36804259E+000  0.69517767E+001  0.46619998E+002  0.11398838E+003  0.30179692E+003  0.59240768E+003
  0.00000000E+000  0.00000000E+000  0.00000000E+000  0.00000000E+000  0.42231084E-001  0.36803106E+000  0.69516862E+001  0.46619281E+002  0.11398719E+003  0.30179599E+003  0.59240811E+003
  0.00000000E+000  0.00000000E+000  0.00000000E+000  0.00000000E+000  0.42227174E-001  0.36801891E+000  0.69515917E+001  0.46618529E+002  0.11398592E+003  0.30179486E+003  0.59240829E+003
  0.00000000E+000  0.00000000E+000  0.00000000E+000  0.00000000E+000  0.42223419E-001  0.36800617E+000  0.69514933E+001  0.46617744E+002  0.11398456E+003  0.30179354E+003  0.59240823E+003
  0.00000000E+000  0.00000000E+000  0.00000000E+000  0.00000000E+000  0.42219821E-001  0.36799288E+000  0.69513914E+001  0.46616928E+002  0.11398313E+003  0.30179203E+003  0.59240794E+003
  0.00000000E+000  0.00000000E+000  0.00000000E+000  0.00000000E+000  0.42216384E-001  0.36797908E+000  0.69512859E+001  0.46616083E+002  0.11398162E+003  0.30179032E+003  0.59240740E+003
  0.00000000E+000  0.00000000E+000  0.00000000E+000  0.00000000E+000  0.42213108E-001  0.36796480E+000  0.69511773E+001  0.46615209E+002  0.11398003E+003  0.30178843E+003  0.59240664E+003
  0.00000000E+000  0.00000000E+000  0.00000000E+000  0.00000000E+000  0.42209993E-001  0.36795009E+000  0.69510655E+001  0.46614310E+002  0.11397838E+003  0.30178635E+003  0.59240564E+003
  0.00000000E+000  0.00000000E+000  0.00000000E+000  0.00000000E+000  0.42207039E-001  0.36793501E+000  0.69509509E+001  0.46613386E+002  0.11397665E+003  0.30178408E+003  0.59240442E+003
  0.00000000E+000  0.00000000E+000  0.00000000E+000  0.00000000E+000  0.42204242E-001  0.36791960E+000  0.69508334E+001  0.46612440E+002  0.11397485E+003  0.30178163E+003  0.59240296E+003
  0.00000000E+000  0.00000000E+000  0.00000000E+000  0.00000000E+000  0.42201602E-001  0.36790391E+000  0.69507134E+001  0.46611474E+002  0.11397300E+003  0.30177901E+003  0.59240128E+003
  0.00000000E+000  0.00000000E+000  0.00000000E+000  0.00000000E+000  0.42199114E-001  0.36788801E+000  0.69505910E+001  0.46610490E+002  0.11397108E+003  0.30177620E+003  0.59239937E+003
  0.00000000E+000  0.00000000E+000  0.00000000E+000  0.00000000E+000  0.42196777E-001  0.36787196E+000  0.69504662E+001  0.46609489E+002  0.11396911E+003  0.30177322E+003  0.59239724E+003
  0.00000000E+000  0.00000000E+000  0.00000000E+000  0.00000000E+000  0.42194585E-001  0.36785580E+000  0.69503392E+001  0.46608474E+002  0.11396708E+003  0.30177007E+003  0.59239488E+003
  0.00000000E+000  0.00000000E+000  0.00000000E+000  0.00000000E+000  0.42192535E-001  0.36783961E+000  0.69502101E+001  0.46607446E+002  0.11396500E+003  0.30176674E+003  0.59239230E+003
  0.00000000E+000  0.00000000E+000  0.00000000E+000  0.00000000E+000  0.42190621E-001  0.36782343E+000  0.69500791E+001  0.46606407E+002  0.11396287E+003  0.30176325E+003  0.59238949E+003
  0.00000000E+000  0.00000000E+000  0.00000000E+000  0.00000000E+000  0.42188840E-001  0.36780732E+000  0.69499461E+001  0.46605360E+002  0.11396070E+003  0.30175960E+003  0.59238646E+003
  0.00000000E+000  0.00000000E+000  0.00000000E+000  0.00000000E+000  0.42187185E-001  0.36779134E+000  0.69498114E+001  0.46604306E+002  0.11395849E+003  0.30175579E+003  0.59238321E+003
  0.00000000E+000  0.00000000E+000  0.00000000E+000  0.00000000E+000  0.42185653E-001  0.36777553E+000  0.69496750E+001  0.46603246E+002  0.11395623E+003  0.30175182E+003  0.59237973E+003
  0.00000000E+000  0.00000000E+000  0.00000000E+000  0.00000000E+000  0.42184237E-001  0.36775996E+000  0.69495370E+001  0.46602183E+002  0.11395395E+003  0.30174770E+003  0.59237602E+003
  0.00000000E+000  0.00000000E+000  0.00000000E+000  0.00000000E+000  0.42182932E-001  0.36774466E+000  0.69493975E+001  0.46601118E+002  0.11395163E+003  0.30174342E+003  0.59237209E+003
  0.00000000E+000  0.00000000E+000  0.00000000E+000  0.00000000E+000  0.42181732E-001  0.36772968E+000  0.69492565E+001  0.46600053E+002  0.11394929E+003  0.30173900E+003  0.59236792E+003
  0.00000000E+000  0.00000000E+000  0.00000000E+000  0.00000000E+000  0.42180633E-001  0.36771506E+000  0.69491142E+001  0.46598989E+002  0.11394692E+003  0.30173444E+003  0.59236353E+003
  0.00000000E+000  0.00000000E+000  0.00000000E+000  0.00000000E+000  0.42179629E-001  0.36770083E+000  0.69489706E+001  0.46597927E+002  0.11394453E+003  0.30172973E+003  0.59235891E+003
  0.00000000E+000  0.00000000E+000  0.00000000E+000  0.00000000E+000  0.42178715E-001  0.36768702E+000  0.69488259E+001  0.46596870E+002  0.11394212E+003  0.30172489E+003  0.59235406E+003
  0.00000000E+000  0.00000000E+000  0.00000000E+000  0.00000000E+000  0.42177885E-001  0.36767367E+000  0.69486801E+001  0.46595818E+002  0.11393969E+003  0.30171992E+003  0.59234897E+003
  0.00000000E+000  0.00000000E+000  0.00000000E+000  0.00000000E+000  0.42177135E-001  0.36766079E+000  0.69485334E+001  0.46594772E+002  0.11393726E+003  0.30171482E+003  0.59234365E+003
  0.00000000E+000  0.00000000E+000  0.00000000E+000  0.00000000E+000  0.42176459E-001  0.36764841E+000  0.69483858E+001  0.46593733E+002  0.11393481E+003  0.30170959E+003  0.59233810E+003
  0.00000000E+000  0.00000000E+000  0.00000000E+000  0.00000000E+000  0.42175853E-001  0.36763653E+000  0.69482376E+001  0.46592704E+002  0.11393236E+003  0.30170425E+003  0.59233231E+003
  0.00000000E+000  0.00000000E+000  0.00000000E+000  0.00000000E+000  0.42175312E-001  0.36762518E+000  0.69480889E+001  0.46591684E+002  0.11392990E+003  0.30169879E+003  0.59232629E+003
  0.00000000E+000  0.00000000E+000  0.00000000E+000  0.00000000E+000  0.42174832E-001  0.36761436E+000  0.69479398E+001  0.46590674E+002  0.11392744E+003  0.30169323E+003  0.59232003E+003
  0.00000000E+000  0.00000000E+000  0.00000000E+000  0.00000000E+000  0.42174408E-001  0.36760407E+000  0.69477906E+001  0.46589675E+002  0.11392499E+003  0.30168755E+003  0.59231354E+003
  0.00000000E+000  0.00000000E+000  0.00000000E+000  0.00000000E+000  0.42174037E-001  0.36759431E+000  0.69476413E+001  0.46588688E+002  0.11392254E+003  0.30168178E+003  0.59230681E+003
  0.00000000E+000  0.00000000E+000  0.00000000E+000  0.00000000E+000  0.42173714E-001  0.36758509E+000  0.69474923E+001  0.46587713E+002  0.11392010E+003  0.30167591E+003  0.59229985E+003
  0.00000000E+000  0.00000000E+000  0.00000000E+000  0.00000000E+000  0.42173435E-001  0.36757639E+000  0.69473436E+001  0.46586751E+002  0.11391766E+003  0.30166996E+003  0.59229266E+003
  0.00000000E+000  0.00000000E+000  0.00000000E+000  0.00000000E+000  0.42173198E-001  0.36756822E+000  0.69471956E+001  0.46585803E+002  0.11391524E+003  0.30166391E+003  0.59228523E+003
  0.00000000E+000  0.00000000E+000  0.00000000E+000  0.00000000E+000  0.42172998E-001  0.36756055E+000  0.69470483E+001  0.46584868E+002  0.11391284E+003  0.30165779E+003  0.59227757E+003
  0.00000000E+000  0.00000000E+000  0.00000000E+000  0.00000000E+000  0.42172833E-001  0.36755338E+000  0.69469022E+001  0.46583948E+002  0.11391045E+003  0.30165160E+003  0.59226968E+003
  0.00000000E+000  0.00000000E+000  0.00000000E+000  0.00000000E+000  0.42172699E-001  0.36754669E+000  0.69467574E+001  0.46583042E+002  0.11390808E+003  0.30164534E+003  0.59226157E+003
  0.00000000E+000  0.00000000E+000  0.00000000E+000  0.00000000E+000  0.42172594E-001  0.36754048E+000  0.69466141E+001  0.46582150E+002  0.11390573E+003  0.30163902E+003  0.59225324E+003
  0.00000000E+000  0.00000000E+000  0.00000000E+000  0.00000000E+000  0.42172514E-001  0.36753471E+000  0.69464725E+001  0.46581273E+002  0.11390340E+003  0.30163264E+003  0.59224469E+003
  0.00000000E+000  0.00000000E+000  0.00000000E+000  0.00000000E+000  0.42172458E-001  0.36752938E+000  0.69463330E+001  0.46580411E+002  0.11390109E+003  0.30162621E+003  0.59223592E+003
  0.00000000E+000  0.00000000E+000  0.00000000E+000  0.00000000E+000  0.42172423E-001  0.36752447E+000  0.69461957E+001  0.46579563E+002  0.11389881E+003  0.30161974E+003  0.59222694E+003
  0.00000000E+000  0.00000000E+000  0.00000000E+000  0.00000000E+000  0.42172406E-001  0.36751996E+000  0.69460608E+001  0.46578730E+002  0.11389656E+003  0.30161324E+003  0.59221776E+003
  0.00000000E+000  0.00000000E+000  0.00000000E+000  0.00000000E+000  0.42172406E-001  0.36751583E+000  0.69459286E+001  0.46577912E+002  0.11389434E+003  0.30160670E+003  0.59220838E+003
  0.00000000E+000  0.00000000E+000  0.00000000E+000  0.00000000E+000  0.42172421E-001  0.36751205E+000  0.69457993E+001  0.46577109E+002  0.11389215E+003  0.30160014E+003  0.59219880E+003
  0.00000000E+000  0.00000000E+000  0.00000000E+000  0.00000000E+000  0.42172448E-001  0.36750862E+000  0.69456730E+001  0.46576321E+002  0.11388998E+003  0.30159355E+003  0.59218904E+003
  0.00000000E+000  0.00000000E+000  0.00000000E+000  0.00000000E+000  0.42172487E-001  0.36750550E+000  0.69455499E+001  0.46575547E+002  0.11388785E+003  0.30158696E+003  0.59217910E+003
  0.00000000E+000  0.00000000E+000  0.00000000E+000  0.00000000E+000  0.42172535E-001  0.36750269E+000  0.69454302E+001  0.46574787E+002  0.11388575E+003  0.30158036E+003  0.59216898E+003
  0.00000000E+000  0.00000000E+000  0.00000000E+000  0.00000000E+000  0.42172591E-001  0.36750016E+000  0.69453140E+001  0.46574042E+002  0.11388369E+003  0.30157376E+003  0.59215870E+003
  0.00000000E+000  0.00000000E+000  0.00000000E+000  0.00000000E+000  0.42172654E-001  0.36749789E+000  0.69452014E+001  0.46573311E+002  0.11388166E+003  0.30156716E+003  0.59214826E+003
  0.00000000E+000  0.00000000E+000  0.00000000E+000  0.00000000E+000  0.42172722E-001  0.36749586E+000  0.69450927E+001  0.46572595E+002  0.11387966E+003  0.30156058E+003  0.59213767E+003
  0.00000000E+000  0.00000000E+000  0.00000000E+000  0.00000000E+000  0.42172795E-001  0.36749407E+000  0.69449877E+001  0.46571892E+002  0.11387770E+003  0.30155401E+003  0.59212694E+003
  0.00000000E+000  0.00000000E+000  0.00000000E+000  0.00000000E+000  0.42172871E-001  0.36749248E+000  0.69448867E+001  0.46571204E+002  0.11387578E+003  0.30154747E+003  0.59211609E+003
  0.00000000E+000  0.00000000E+000  0.00000000E+000  0.00000000E+000  0.42172950E-001  0.36749109E+000  0.69447896E+001  0.46570529E+002  0.11387389E+003  0.30154095E+003  0.59210511E+003
  0.00000000E+000  0.00000000E+000  0.00000000E+000  0.00000000E+000  0.42173030E-001  0.36748987E+000  0.69446966E+001  0.46569869E+002  0.11387204E+003  0.30153447E+003  0.59209401E+003
  0.00000000E+000  0.00000000E+000  0.00000000E+000  0.00000000E+000  0.42173111E-001  0.36748882E+000  0.69446076E+001  0.46569222E+002  0.11387022E+003  0.30152803E+003  0.59208282E+003
  0.00000000E+000  0.00000000E+000  0.00000000E+000  0.00000000E+000  0.42173192E-001  0.36748791E+000  0.69445226E+001  0.46568588E+002  0.11386844E+003  0.30152163E+003  0.59207154E+003
  0.00000000E+000  0.00000000E+000  0.00000000E+000  0.00000000E+000  0.42173273E-001  0.36748714E+000  0.69444416E+001  0.46567969E+002  0.11386670E+003  0.30151528E+003  0.59206018E+003
  0.00000000E+000  0.00000000E+000  0.00000000E+000  0.00000000E+000  0.42173352E-001  0.36748650E+000  0.69443645E+001  0.46567363E+002  0.11386499E+003  0.30150899E+003  0.59204874E+003
  0.00000000E+000  0.00000000E+000  0.00000000E+000  0.00000000E+000  0.42173430E-001  0.36748596E+000  0.69442914E+001  0.46566770E+002  0.11386332E+003  0.30150275E+003  0.59203725E+003
  0.00000000E+000  0.00000000E+000  0.00000000E+000  0.00000000E+000  0.42173506E-001  0.36748552E+000  0.69442222E+001  0.46566192E+002  0.11386168E+003  0.30149657E+003  0.59202571E+003
  0.00000000E+000  0.00000000E+000  0.00000000E+000  0.00000000E+000  0.42173580E-001  0.36748517E+000  0.69441567E+001  0.46565626E+002  0.11386008E+003  0.30149046E+003  0.59201413E+003
  0.00000000E+000  0.00000000E+000  0.00000000E+000  0.00000000E+000  0.42173651E-001  0.36748490E+000  0.69440950E+001  0.46565075E+002  0.11385852E+003  0.30148442E+003  0.59200253E+003
  0.00000000E+000  0.00000000E+000  0.00000000E+000  0.00000000E+000  0.42173719E-001  0.36748469E+000  0.69440368E+001  0.46564537E+002  0.11385699E+003  0.30147846E+003  0.59199091E+003
  0.00000000E+000  0.00000000E+000  0.00000000E+000  0.00000000E+000  0.42173785E-001  0.36748455E+000  0.69439822E+001  0.46564012E+002  0.11385549E+003  0.30147257E+003  0.59197928E+003
  0.00000000E+000  0.00000000E+000  0.00000000E+000  0.00000000E+000  0.42173847E-001  0.36748446E+000  0.69439309E+001  0.46563502E+002  0.11385403E+003  0.30146676E+003  0.59196766E+003
  0.00000000E+000  0.00000000E+000  0.00000000E+000  0.00000000E+000  0.42173905E-001  0.36748442E+000  0.69438830E+001  0.46563005E+002  0.11385261E+003  0.30146103E+003  0.59195606E+003
  0.00000000E+000  0.00000000E+000  0.00000000E+000  0.00000000E+000  0.42173961E-001  0.36748441E+000  0.69438381E+001  0.46562521E+002  0.11385122E+003  0.30145539E+003  0.59194448E+003
  0.00000000E+000  0.00000000E+000  0.00000000E+000  0.00000000E+000  0.42174013E-001  0.36748444E+000  0.69437964E+001  0.46562051E+002  0.11384986E+003  0.30144984E+003  0.59193294E+003
  0.00000000E+000  0.00000000E+000  0.00000000E+000  0.00000000E+000  0.42174061E-001  0.36748450E+000  0.69437575E+001  0.46561595E+002  0.11384853E+003  0.30144437E+003  0.59192144E+003
  0.00000000E+000  0.00000000E+000  0.00000000E+000  0.00000000E+000  0.42174106E-001  0.36748457E+000  0.69437213E+001  0.46561153E+002  0.11384724E+003  0.30143900E+003  0.59191000E+003
  0.00000000E+000  0.00000000E+000  0.00000000E+000  0.00000000E+000  0.42174148E-001  0.36748467E+000  0.69436878E+001  0.46560724E+002  0.11384598E+003  0.30143371E+003  0.59189863E+003
  0.00000000E+000  0.00000000E+000  0.00000000E+000  0.00000000E+000  0.42174186E-001  0.36748478E+000  0.69436568E+001  0.46560309E+002  0.11384475E+003  0.30142853E+003  0.59188733E+003
  0.00000000E+000  0.00000000E+000  0.00000000E+000  0.00000000E+000  0.42174222E-001  0.36748490E+000  0.69436281E+001  0.46559907E+002  0.11384356E+003  0.30142343E+003  0.59187611E+003
  0.00000000E+000  0.00000000E+000  0.00000000E+000  0.00000000E+000  0.42174254E-001  0.36748503E+000  0.69436017E+001  0.46559518E+002  0.11384239E+003  0.30141844E+003  0.59186499E+003
  0.00000000E+000  0.00000000E+000  0.00000000E+000  0.00000000E+000  0.42174283E-001  0.36748516E+000  0.69435774E+001  0.46559143E+002  0.11384126E+003  0.30141354E+003  0.59185397E+003
  0.00000000E+000  0.00000000E+000  0.00000000E+000  0.00000000E+000  0.42174309E-001  0.36748530E+000  0.69435550E+001  0.46558782E+002  0.11384016E+003  0.30140874E+003  0.59184305E+003
  0.00000000E+000  0.00000000E+000  0.00000000E+000  0.00000000E+000  0.42174332E-001  0.36748543E+000  0.69435345E+001  0.46558433E+002  0.11383908E+003  0.30140404E+003  0.59183225E+003
  0.00000000E+000  0.00000000E+000  0.00000000E+000  0.00000000E+000  0.42174354E-001  0.36748557E+000  0.69435158E+001  0.46558098E+002  0.11383804E+003  0.30139943E+003  0.59182157E+003
  0.00000000E+000  0.00000000E+000  0.00000000E+000  0.00000000E+000  0.42174372E-001  0.36748570E+000  0.69434986E+001  0.46557775E+002  0.11383702E+003  0.30139493E+003  0.59181101E+003
  0.00000000E+000  0.00000000E+000  0.00000000E+000  0.00000000E+000  0.42174389E-001  0.36748583E+000  0.69434830E+001  0.46557465E+002  0.11383604E+003  0.30139052E+003  0.59180060E+003
  0.00000000E+000  0.00000000E+000  0.00000000E+000  0.00000000E+000  0.42174403E-001  0.36748595E+000  0.69434687E+001  0.46557168E+002  0.11383508E+003  0.30138621E+003  0.59179032E+003
  0.00000000E+000  0.00000000E+000  0.00000000E+000  0.00000000E+000  0.42174416E-001  0.36748607E+000  0.69434557E+001  0.46556883E+002  0.11383415E+003  0.30138200E+003  0.59178018E+003
  0.00000000E+000  0.00000000E+000  0.00000000E+000  0.00000000E+000  0.42174427E-001  0.36748618E+000  0.69434440E+001  0.46556610E+002  0.11383325E+003  0.30137789E+003  0.59177020E+003
  0.00000000E+000  0.00000000E+000  0.00000000E+000  0.00000000E+000  0.42174436E-001  0.36748628E+000  0.69434333E+001  0.46556349E+002  0.11383238E+003  0.30137387E+003  0.59176037E+003
  0.00000000E+000  0.00000000E+000  0.00000000E+000  0.00000000E+000  0.42174444E-001  0.36748638E+000  0.69434236E+001  0.46556100E+002  0.11383154E+003  0.30136995E+003  0.59175070E+003
  0.00000000E+000  0.00000000E+000  0.00000000E+000  0.00000000E+000  0.42174451E-001  0.36748647E+000  0.69434149E+001  0.46555862E+002  0.11383072E+003  0.30136613E+003  0.59174119E+003
  0.00000000E+000  0.00000000E+000  0.00000000E+000  0.00000000E+000  0.42174457E-001  0.36748656E+000  0.69434070E+001  0.46555635E+002  0.11382993E+003  0.30136240E+003  0.59173184E+003
  0.00000000E+000  0.00000000E+000  0.00000000E+000  0.00000000E+000  0.42174462E-001  0.36748664E+000  0.69433999E+001  0.46555419E+002  0.11382916E+003  0.30135877E+003  0.59172266E+003
  0.00000000E+000  0.00000000E+000  0.00000000E+000  0.00000000E+000  0.42174467E-001  0.36748671E+000  0.69433936E+001  0.46555214E+002  0.11382842E+003  0.30135523E+003  0.59171366E+003
  0.00000000E+000  0.00000000E+000  0.00000000E+000  0.00000000E+000  0.42174471E-001  0.36748678E+000  0.69433878E+001  0.46555018E+002  0.11382771E+003  0.30135179E+003  0.59170482E+003
  0.00000000E+000  0.00000000E+000  0.00000000E+000  0.00000000E+000  0.42174475E-001  0.36748684E+000  0.69433827E+001  0.46554833E+002  0.11382702E+003  0.30134843E+003  0.59169616E+003
  0.00000000E+000  0.00000000E+000  0.00000000E+000  0.00000000E+000  0.42174478E-001  0.36748690E+000  0.69433781E+001  0.46554657E+002  0.11382635E+003  0.30134517E+003  0.59168768E+003
  0.00000000E+000  0.00000000E+000  0.00000000E+000  0.00000000E+000  0.42174481E-001  0.36748695E+000  0.69433740E+001  0.46554491E+002  0.11382571E+003  0.30134199E+003  0.59167937E+003
  0.00000000E+000  0.00000000E+000  0.00000000E+000  0.00000000E+000  0.42174484E-001  0.36748700E+000  0.69433704E+001  0.46554334E+002  0.11382509E+003  0.30133891E+003  0.59167124E+003
  0.00000000E+000  0.00000000E+000  0.00000000E+000  0.00000000E+000  0.42174488E-001  0.36748704E+000  0.69433671E+001  0.46554185E+002  0.11382450E+003  0.30133591E+003  0.59166329E+003
  0.00000000E+000  0.00000000E+000  0.00000000E+000  0.00000000E+000  0.42174491E-001  0.36748708E+000  0.69433642E+001  0.46554044E+002  0.11382393E+003  0.30133300E+003  0.59165552E+003
  0.00000000E+000  0.00000000E+000  0.00000000E+000  0.00000000E+000  0.42174495E-001  0.36748712E+000  0.69433617E+001  0.46553912E+002  0.11382338E+003  0.30133017E+003  0.59164792E+003
  0.00000000E+000  0.00000000E+000  0.00000000E+000  0.00000000E+000  0.42174499E-001  0.36748716E+000  0.69433594E+001  0.46553787E+002  0.11382286E+003  0.30132743E+003  0.59164050E+003
  0.00000000E+000  0.00000000E+000  0.00000000E+000  0.00000000E+000  0.42174503E-001  0.36748720E+000  0.69433575E+001  0.46553670E+002  0.11382235E+003  0.30132477E+003  0.59163327E+003
  0.00000000E+000  0.00000000E+000  0.00000000E+000  0.00000000E+000  0.42174508E-001  0.36748724E+000  0.69433557E+001  0.46553560E+002  0.11382187E+003  0.30132219E+003  0.59162620E+003
  0.00000000E+000  0.00000000E+000  0.00000000E+000  0.00000000E+000  0.42174513E-001  0.36748727E+000  0.69433542E+001  0.46553456E+002  0.11382141E+003  0.30131969E+003  0.59161932E+003
  0.00000000E+000  0.00000000E+000  0.00000000E+000  0.00000000E+000  0.42174519E-001  0.36748731E+000  0.69433529E+001  0.46553359E+002  0.11382096E+003  0.30131727E+003  0.59161261E+003
  0.00000000E+000  0.00000000E+000  0.00000000E+000  0.00000000E+000  0.42174525E-001  0.36748735E+000  0.69433518E+001  0.46553269E+002  0.11382054E+003  0.30131493E+003  0.59160607E+003
