  0.15699534E+000  0.20517242E+000  0.39624498E+000  0.59877714E+000  0.91358422E+000  0.10530299E+001  0.15590385E+001  0.34479961E+001  0.50304143E+001  0.87903695E+001  0.14124125E+002
  0.15725918E+000  0.20504427E+000  0.39664224E+000  0.59921518E+000  0.91338304E+000  0.10529763E+001  0.15596119E+001  0.34510631E+001  0.50285733E+001  0.87570453E+001  0.14059001E+002
  0.15747297E+000  0.20506216E+000  0.39681425E+000  0.59957844E+000  0.91346598E+000  0.10529329E+001  0.15602526E+001  0.34554677E+001  0.50257760E+001  0.87346903E+001  0.14010945E+002
  0.15786256E+000  0.20517581E+000  0.39732627E+000  0.60003445E+000  0.91356217E+000  0.10529433E+001  0.15608932E+001  0.34566381E+001  0.50269853E+001  0.87188165E+001  0.13974118E+002
  0.15771942E+000  0.20510439E+000  0.39760943E+000  0.60033871E+000  0.91356599E+000  0.10529030E+001  0.15614229E+001  0.34594865E+001  0.50274689E+001  0.87041373E+001  0.13945196E+002
  0.15782777E+000  0.20503991E+000  0.39785970E+000  0.60065239E+000  0.91346784E+000  0.10529007E+001  0.15616881E+001  0.34600439E+001  0.50288492E+001  0.86925747E+001  0.13922110E+002
  0.15779703E+000  0.20502042E+000  0.39804207E+000  0.60085369E+000  0.91354988E+000  0.10528193E+001  0.15619676E+001  0.34624491E+001  0.50284587E+001  0.86821528E+001  0.13903548E+002
  0.15777453E+000  0.20500440E+000  0.39824026E+000  0.60108317E+000  0.91354781E+000  0.10528734E+001  0.15622068E+001  0.34649172E+001  0.50293633E+001  0.86742375E+001  0.13888376E+002
  0.15787460E+000  0.20500631E+000  0.39839385E+000  0.60127693E+000  0.91353954E+000  0.10528770E+001  0.15623311E+001  0.34670354E+001  0.50296186E+001  0.86674442E+001  0.13875989E+002
  0.15780129E+000  0.20501804E+000  0.39852908E+000  0.60140741E+000  0.91355922E+000  0.10528396E+001  0.15625046E+001  0.34677191E+001  0.50301493E+001  0.86624971E+001  0.13865764E+002
  0.15775583E+000  0.20502833E+000  0.39863846E+000  0.60156533E+000  0.91357486E+000  0.10528179E+001  0.15627163E+001  0.34683344E+001  0.50306850E+001  0.86581832E+001  0.13857344E+002
  0.15771534E+000  0.20503337E+000  0.39873898E+000  0.60167689E+000  0.91353319E+000  0.10528574E+001  0.15627123E+001  0.34685706E+001  0.50311033E+001  0.86540925E+001  0.13850311E+002
  0.15776307E+000  0.20502562E+000  0.39882408E+000  0.60176144E+000  0.91350311E+000  0.10528214E+001  0.15628989E+001  0.34688333E+001  0.50314862E+001  0.86516417E+001  0.13844528E+002
  0.15772848E+000  0.20503719E+000  0.39890310E+000  0.60157991E+000  0.91356924E+000  0.10528305E+001  0.15630444E+001  0.34689965E+001  0.50318130E+001  0.86494355E+001  0.13839643E+002
  0.15768102E+000  0.20500866E+000  0.39896096E+000  0.60142337E+000  0.91354077E+000  0.10528406E+001  0.15629716E+001  0.34692966E+001  0.50320924E+001  0.86472947E+001  0.13835614E+002
  0.15767718E+000  0.20500472E+000  0.39904363E+000  0.60134072E+000  0.91356629E+000  0.10528512E+001  0.15631397E+001  0.34695844E+001  0.50323306E+001  0.86430360E+001  0.13832244E+002
  0.15770059E+000  0.20499321E+000  0.39905918E+000  0.60125311E+000  0.91355132E+000  0.10528468E+001  0.15630404E+001  0.34696720E+001  0.50325944E+001  0.86425305E+001  0.13829442E+002
  0.15768380E+000  0.20498730E+000  0.39910035E+000  0.60140135E+000  0.91356367E+000  0.10528430E+001  0.15630702E+001  0.34697892E+001  0.50327015E+001  0.86421053E+001  0.13827086E+002
  0.15766965E+000  0.20498178E+000  0.39921366E+000  0.60152773E+000  0.91356393E+000  0.10528398E+001  0.15630923E+001  0.34698342E+001  0.50328485E+001  0.86418175E+001  0.13825137E+002
  0.15767246E+000  0.20497854E+000  0.39922159E+000  0.60152631E+000  0.91356892E+000  0.10528389E+001  0.15629748E+001  0.34698331E+001  0.50329731E+001  0.86381927E+001  0.13823499E+002
  0.15767059E+000  0.20497842E+000  0.39925944E+000  0.60147630E+000  0.91357307E+000  0.10528347E+001  0.15629525E+001  0.34698129E+001  0.50330786E+001  0.86376415E+001  0.13822138E+002
  0.15765401E+000  0.20497643E+000  0.39928995E+000  0.60142813E+000  0.91354241E+000  0.10528328E+001  0.15631181E+001  0.34698159E+001  0.50331678E+001  0.86371838E+001  0.13821030E+002
  0.15763711E+000  0.20497464E+000  0.39927949E+000  0.60139405E+000  0.91354328E+000  0.10528311E+001  0.15631164E+001  0.34698406E+001  0.50332427E+001  0.86367986E+001  0.13820057E+002
  0.15764833E+000  0.20497741E+000  0.39924904E+000  0.60136513E+000  0.91354397E+000  0.10528298E+001  0.15631110E+001  0.34698605E+001  0.50333056E+001  0.86364767E+001  0.13819265E+002
  0.15763157E+000  0.20497212E+000  0.39925201E+000  0.60134822E+000  0.91354449E+000  0.10528286E+001  0.15632124E+001  0.34698768E+001  0.50333582E+001  0.86362074E+001  0.13818603E+002
  0.15762932E+000  0.20497097E+000  0.39927465E+000  0.60132729E+000  0.91354487E+000  0.10528277E+001  0.15631772E+001  0.34698901E+001  0.50334018E+001  0.86359794E+001  0.13818045E+002
  0.15762738E+000  0.20497570E+000  0.39936541E+000  0.60130940E+000  0.91354818E+000  0.10528269E+001  0.15631381E+001  0.34699010E+001  0.50335306E+001  0.86357868E+001  0.13817576E+002
  0.15762568E+000  0.20497412E+000  0.39933063E+000  0.60129391E+000  0.91357234E+000  0.10528262E+001  0.15630963E+001  0.34698476E+001  0.50335238E+001  0.86356224E+001  0.13817178E+002
  0.15762420E+000  0.20496901E+000  0.39933279E+000  0.60128881E+000  0.91356765E+000  0.10528257E+001  0.15630599E+001  0.34698504E+001  0.50335180E+001  0.86354807E+001  0.13816838E+002
  0.15762828E+000  0.20496825E+000  0.39933047E+000  0.60128661E+000  0.91356134E+000  0.10528269E+001  0.15630204E+001  0.34698522E+001  0.50335128E+001  0.86353567E+001  0.13816542E+002
  0.15764133E+000  0.20496755E+000  0.39937012E+000  0.60128509E+000  0.91355887E+000  0.10528411E+001  0.15630181E+001  0.34698533E+001  0.50335239E+001  0.86352472E+001  0.13816284E+002
  0.15762071E+000  0.20496691E+000  0.39933718E+000  0.60128455E+000  0.91356546E+000  0.10528312E+001  0.15630122E+001  0.34698539E+001  0.50335361E+001  0.86351484E+001  0.13816054E+002
  0.15761978E+000  0.20496648E+000  0.39936502E+000  0.60128333E+000  0.91356994E+000  0.10528410E+001  0.15630035E+001  0.34698539E+001  0.50335455E+001  0.86350579E+001  0.13815845E+002
  0.15761893E+000  0.20496604E+000  0.39938432E+000  0.60128152E+000  0.91357263E+000  0.10528242E+001  0.15629926E+001  0.34698537E+001  0.50335526E+001  0.86349732E+001  0.13815653E+002
  0.15761815E+000  0.20496551E+000  0.39929831E+000  0.60127923E+000  0.91354725E+000  0.10528240E+001  0.15629800E+001  0.34698533E+001  0.50335578E+001  0.86348930E+001  0.13815472E+002
  0.15761742E+000  0.20496490E+000  0.39929484E+000  0.60127652E+000  0.91354588E+000  0.10528239E+001  0.15629660E+001  0.34698528E+001  0.50335615E+001  0.86348152E+001  0.13815298E+002
  0.15761673E+000  0.20496431E+000  0.39929056E+000  0.60127346E+000  0.91357252E+000  0.10528421E+001  0.15629508E+001  0.34698523E+001  0.50335638E+001  0.86347390E+001  0.13815129E+002
  0.15761608E+000  0.20496388E+000  0.39928555E+000  0.60127008E+000  0.91357044E+000  0.10528357E+001  0.15629345E+001  0.34698519E+001  0.50335652E+001  0.86346632E+001  0.13814962E+002
  0.15761545E+000  0.20496347E+000  0.39927994E+000  0.60126645E+000  0.91356762E+000  0.10528275E+001  0.15629174E+001  0.34698517E+001  0.50335658E+001  0.86345873E+001  0.13814796E+002
  0.15761483E+000  0.20496307E+000  0.39938218E+000  0.60126258E+000  0.91356419E+000  0.10528237E+001  0.15628995E+001  0.34698518E+001  0.50335656E+001  0.86345106E+001  0.13814628E+002
  0.15761423E+000  0.20496269E+000  0.39926525E+000  0.60125850E+000  0.91356026E+000  0.10528237E+001  0.15628809E+001  0.34698522E+001  0.50335650E+001  0.86344327E+001  0.13814459E+002
  0.15761364E+000  0.20496233E+000  0.39925642E+000  0.60125425E+000  0.91355592E+000  0.10528360E+001  0.15628616E+001  0.34698530E+001  0.50336301E+001  0.86343534E+001  0.13814286E+002
  0.15761305E+000  0.20496197E+000  0.39924869E+000  0.60124983E+000  0.91355125E+000  0.10528291E+001  0.15628418E+001  0.34698543E+001  0.50336092E+001  0.86342725E+001  0.13814110E+002
  0.15761246E+000  0.20496162E+000  0.39924210E+000  0.60124526E+000  0.91354630E+000  0.10528237E+001  0.15628215E+001  0.34698561E+001  0.50335890E+001  0.86341900E+001  0.13813931E+002
  0.15761187E+000  0.20496129E+000  0.39923668E+000  0.60124056E+000  0.91357280E+000  0.10528237E+001  0.15628007E+001  0.34698585E+001  0.50335694E+001  0.86341053E+001  0.13813747E+002
  0.15761129E+000  0.20496095E+000  0.39923244E+000  0.60123574E+000  0.91357138E+000  0.10528236E+001  0.15629500E+001  0.34698616E+001  0.50335578E+001  0.86340190E+001  0.13813560E+002
  0.15763283E+000  0.20496063E+000  0.39922934E+000  0.60123083E+000  0.91356995E+000  0.10528236E+001  0.15629264E+001  0.34698653E+001  0.50335559E+001  0.86339312E+001  0.13813369E+002
  0.15762803E+000  0.20496031E+000  0.39922724E+000  0.60122582E+000  0.91356880E+000  0.10528237E+001  0.15629015E+001  0.34698697E+001  0.50335540E+001  0.86338414E+001  0.13813173E+002
  0.15762318E+000  0.20496000E+000  0.39922522E+000  0.60122074E+000  0.91356701E+000  0.10528237E+001  0.15628756E+001  0.34698748E+001  0.50335994E+001  0.86337504E+001  0.13812975E+002
  0.15761828E+000  0.20495969E+000  0.39922319E+000  0.60121558E+000  0.91356724E+000  0.10528237E+001  0.15628488E+001  0.34698806E+001  0.50335862E+001  0.86336576E+001  0.13812773E+002
  0.15761335E+000  0.20495939E+000  0.39922115E+000  0.60121037E+000  0.91356398E+000  0.10528237E+001  0.15628214E+001  0.34698871E+001  0.50335738E+001  0.86335635E+001  0.13812568E+002
  0.15760840E+000  0.20495909E+000  0.39921875E+000  0.60120512E+000  0.91356246E+000  0.10528237E+001  0.15627937E+001  0.34698946E+001  0.50335622E+001  0.86334683E+001  0.13812361E+002
  0.15760711E+000  0.20495880E+000  0.39921659E+000  0.60119983E+000  0.91356092E+000  0.10528237E+001  0.15627657E+001  0.34699025E+001  0.50335516E+001  0.86333719E+001  0.13812150E+002
  0.15760651E+000  0.20495852E+000  0.39921443E+000  0.60119453E+000  0.91355938E+000  0.10528237E+001  0.15627378E+001  0.34699103E+001  0.50335421E+001  0.86332744E+001  0.13811938E+002
  0.15760591E+000  0.20495823E+000  0.39921226E+000  0.60118922E+000  0.91355784E+000  0.10528237E+001  0.15627099E+001  0.34699179E+001  0.50335401E+001  0.86331762E+001  0.13811723E+002
  0.15760530E+000  0.20495796E+000  0.39921075E+000  0.60118392E+000  0.91355629E+000  0.10528237E+001  0.15626824E+001  0.34699714E+001  0.50335382E+001  0.86330772E+001  0.13811507E+002
  0.15760471E+000  0.20496612E+000  0.39920847E+000  0.60117863E+000  0.91355475E+000  0.10528237E+001  0.15626598E+001  0.34700547E+001  0.50335363E+001  0.86329776E+001  0.13811289E+002
  0.15760411E+000  0.20496391E+000  0.39920618E+000  0.60117337E+000  0.91355320E+000  0.10528237E+001  0.15626542E+001  0.34700361E+001  0.50335344E+001  0.86328776E+001  0.13811070E+002
  0.15760351E+000  0.20496173E+000  0.39920391E+000  0.60116815E+000  0.91355167E+000  0.10528237E+001  0.15626490E+001  0.34700696E+001  0.50335325E+001  0.86327772E+001  0.13810851E+002
  0.15760292E+000  0.20496493E+000  0.39920255E+000  0.60116298E+000  0.91357285E+000  0.10528237E+001  0.15626442E+001  0.34700958E+001  0.50335306E+001  0.86326766E+001  0.13810631E+002
  0.15760234E+000  0.20496337E+000  0.39920027E+000  0.60121312E+000  0.91356763E+000  0.10528366E+001  0.15626397E+001  0.34701076E+001  0.50335287E+001  0.86325761E+001  0.13810411E+002
  0.15760176E+000  0.20496184E+000  0.39919801E+000  0.60120701E+000  0.91356240E+000  0.10528289E+001  0.15626356E+001  0.34701609E+001  0.50335268E+001  0.86324756E+001  0.13810191E+002
  0.15760118E+000  0.20496035E+000  0.39919577E+000  0.60120094E+000  0.91355719E+000  0.10528331E+001  0.15626318E+001  0.34703111E+001  0.50335249E+001  0.86323755E+001  0.13809971E+002
  0.15760061E+000  0.20496385E+000  0.39919357E+000  0.60119490E+000  0.91355199E+000  0.10528249E+001  0.15626282E+001  0.34703449E+001  0.50335231E+001  0.86322758E+001  0.13809753E+002
  0.15760005E+000  0.20496201E+000  0.39919277E+000  0.60118891E+000  0.91354683E+000  0.10528342E+001  0.15626249E+001  0.34704051E+001  0.50335298E+001  0.86321766E+001  0.13809536E+002
  0.15759949E+000  0.20496023E+000  0.39919060E+000  0.60118298E+000  0.91354171E+000  0.10528236E+001  0.15626219E+001  0.34706216E+001  0.50335234E+001  0.86320782E+001  0.13809320E+002
  0.15759894E+000  0.20495850E+000  0.39918846E+000  0.60117713E+000  0.91353985E+000  0.10528358E+001  0.15626190E+001  0.34706431E+001  0.50335186E+001  0.86319807E+001  0.13809106E+002
  0.15759840E+000  0.20495681E+000  0.39918636E+000  0.60117136E+000  0.91353846E+000  0.10528330E+001  0.15626164E+001  0.34708810E+001  0.50335154E+001  0.86318842E+001  0.13808895E+002
  0.15759787E+000  0.20495519E+000  0.39918431E+000  0.60116569E+000  0.91353709E+000  0.10528327E+001  0.15626140E+001  0.34708565E+001  0.50335135E+001  0.86317889E+001  0.13808686E+002
  0.15759735E+000  0.20495367E+000  0.39918230E+000  0.60116012E+000  0.91353574E+000  0.10528275E+001  0.15626117E+001  0.34708357E+001  0.50344026E+001  0.86316949E+001  0.13808479E+002
  0.15759683E+000  0.20495348E+000  0.39918034E+000  0.60118538E+000  0.91356927E+000  0.10528248E+001  0.15626097E+001  0.34709006E+001  0.50344726E+001  0.86316024E+001  0.13808277E+002
  0.15759633E+000  0.20495329E+000  0.39917843E+000  0.60117855E+000  0.91356248E+000  0.10528236E+001  0.15626077E+001  0.34708799E+001  0.50345365E+001  0.86315114E+001  0.13808077E+002
  0.15759583E+000  0.20495311E+000  0.39917656E+000  0.60117188E+000  0.91355583E+000  0.10528236E+001  0.15626060E+001  0.34708624E+001  0.50345942E+001  0.86314222E+001  0.13807881E+002
  0.15759534E+000  0.20495293E+000  0.39917481E+000  0.60116537E+000  0.91354932E+000  0.10528236E+001  0.15626043E+001  0.34708479E+001  0.50346457E+001  0.86313347E+001  0.13807689E+002
  0.15759487E+000  0.20495275E+000  0.39917317E+000  0.60115903E+000  0.91354296E+000  0.10528236E+001  0.15626028E+001  0.34708934E+001  0.50346911E+001  0.86312493E+001  0.13807502E+002
  0.15759440E+000  0.20495258E+000  0.39917157E+000  0.60115287E+000  0.91353675E+000  0.10528236E+001  0.15626013E+001  0.34708792E+001  0.50347302E+001  0.86311658E+001  0.13807319E+002
  0.15759395E+000  0.20495242E+000  0.39917001E+000  0.60114689E+000  0.91357286E+000  0.10528236E+001  0.15626000E+001  0.34708674E+001  0.50347436E+001  0.86310845E+001  0.13807141E+002
  0.15759351E+000  0.20495226E+000  0.39917021E+000  0.60114109E+000  0.91356866E+000  0.10528236E+001  0.15625987E+001  0.34708576E+001  0.50347161E+001  0.86310054E+001  0.13806967E+002
  0.15759308E+000  0.20495210E+000  0.39916869E+000  0.60113548E+000  0.91356460E+000  0.10528236E+001  0.15625975E+001  0.34708878E+001  0.50346894E+001  0.86309286E+001  0.13806799E+002
  0.15759267E+000  0.20495194E+000  0.39916709E+000  0.60113007E+000  0.91356067E+000  0.10528236E+001  0.15625964E+001  0.34708778E+001  0.50346637E+001  0.86308542E+001  0.13806636E+002
  0.15759227E+000  0.20495179E+000  0.39916555E+000  0.60112484E+000  0.91355687E+000  0.10528236E+001  0.15625953E+001  0.34708691E+001  0.50346387E+001  0.86307823E+001  0.13806478E+002
  0.15759188E+000  0.20495164E+000  0.39916407E+000  0.60111981E+000  0.91355322E+000  0.10528332E+001  0.15625943E+001  0.34708613E+001  0.50346146E+001  0.86307129E+001  0.13806326E+002
  0.15759150E+000  0.20495150E+000  0.39916263E+000  0.60111497E+000  0.91354971E+000  0.10528295E+001  0.15625933E+001  0.34708543E+001  0.50345911E+001  0.86306460E+001  0.13806179E+002
  0.15759114E+000  0.20495136E+000  0.39916126E+000  0.60111032E+000  0.91354633E+000  0.10528260E+001  0.15625923E+001  0.34708476E+001  0.50345683E+001  0.86305818E+001  0.13806039E+002
  0.15759080E+000  0.20495122E+000  0.39915994E+000  0.60110587E+000  0.91354310E+000  0.10528237E+001  0.15625913E+001  0.34708409E+001  0.50345460E+001  0.86305202E+001  0.13805904E+002
  0.15759047E+000  0.20495108E+000  0.39915868E+000  0.60110161E+000  0.91354001E+000  0.10528237E+001  0.15625903E+001  0.34708340E+001  0.50345244E+001  0.86304612E+001  0.13805774E+002
  0.15759015E+000  0.20495095E+000  0.39915748E+000  0.60109754E+000  0.91353707E+000  0.10528237E+001  0.15625894E+001  0.34708265E+001  0.50345032E+001  0.86304049E+001  0.13805651E+002
  0.15758985E+000  0.20495081E+000  0.39915633E+000  0.60109366E+000  0.91353427E+000  0.10528237E+001  0.15625884E+001  0.34708181E+001  0.50344825E+001  0.86303512E+001  0.13805534E+002
  0.15758957E+000  0.20495069E+000  0.39915524E+000  0.60108996E+000  0.91353160E+000  0.10528237E+001  0.15625874E+001  0.34708087E+001  0.50344622E+001  0.86303002E+001  0.13805422E+002
  0.15758929E+000  0.20495056E+000  0.39915419E+000  0.60108643E+000  0.91352907E+000  0.10528237E+001  0.15625864E+001  0.34707980E+001  0.50344422E+001  0.86302518E+001  0.13805316E+002
  0.15758904E+000  0.20495043E+000  0.39915320E+000  0.60108308E+000  0.91352668E+000  0.10528237E+001  0.15625854E+001  0.34707859E+001  0.50350112E+001  0.86302060E+001  0.13805216E+002
  0.15758879E+000  0.20495031E+000  0.39915225E+000  0.60107991E+000  0.91352645E+000  0.10528237E+001  0.15625844E+001  0.34707721E+001  0.50349718E+001  0.86301628E+001  0.13805121E+002
  0.15758856E+000  0.20495019E+000  0.39915136E+000  0.60107689E+000  0.91352633E+000  0.10528237E+001  0.15625833E+001  0.34707593E+001  0.50349342E+001  0.86301220E+001  0.13805032E+002
  0.15758835E+000  0.20495007E+000  0.39915051E+000  0.60107404E+000  0.91352621E+000  0.10528237E+001  0.15625823E+001  0.34707478E+001  0.50348983E+001  0.86300837E+001  0.13804948E+002
  0.15758814E+000  0.20494995E+000  0.39914971E+000  0.60107133E+000  0.91352610E+000  0.10528237E+001  0.15625811E+001  0.34707352E+001  0.50348639E+001  0.86300478E+001  0.13804869E+002
  0.15758795E+000  0.20494983E+000  0.39914895E+000  0.60106878E+000  0.91352599E+000  0.10528237E+001  0.15625800E+001  0.34707213E+001  0.50348310E+001  0.86300141E+001  0.13804795E+002
  0.15758777E+000  0.20495797E+000  0.39914823E+000  0.60106636E+000  0.91352588E+000  0.10528237E+001  0.15625788E+001  0.34707062E+001  0.50342913E+001  0.86299827E+001  0.13804726E+002
  0.15758761E+000  0.20495760E+000  0.39914755E+000  0.60106407E+000  0.91352578E+000  0.10528237E+001  0.15625776E+001  0.34706899E+001  0.50342199E+001  0.86299534E+001  0.13804662E+002
  0.15758745E+000  0.20495726E+000  0.39914691E+000  0.60106192E+000  0.91352569E+000  0.10528237E+001  0.15625763E+001  0.34706724E+001  0.50341447E+001  0.86299261E+001  0.13804602E+002
  0.15758730E+000  0.20495695E+000  0.39914631E+000  0.60105988E+000  0.91352560E+000  0.10528325E+001  0.15625751E+001  0.34706539E+001  0.50340655E+001  0.86299008E+001  0.13804547E+002
  0.15758717E+000  0.20495665E+000  0.39914574E+000  0.60105796E+000  0.91352551E+000  0.10528285E+001  0.15625737E+001  0.34706342E+001  0.50339827E+001  0.86298774E+001  0.13804496E+002
  0.15758704E+000  0.20495637E+000  0.39914521E+000  0.60105615E+000  0.91352543E+000  0.10528248E+001  0.15625724E+001  0.34706135E+001  0.50338960E+001  0.86298558E+001  0.13804448E+002
  0.15758692E+000  0.20495611E+000  0.39914470E+000  0.60105444E+000  0.91352535E+000  0.10528237E+001  0.15625710E+001  0.34705656E+001  0.50338058E+001  0.86298359E+001  0.13804405E+002
  0.15758681E+000  0.20495586E+000  0.39914423E+000  0.60105283E+000  0.91352528E+000  0.10528237E+001  0.15625696E+001  0.34704534E+001  0.50334245E+001  0.86298175E+001  0.13804364E+002
  0.15758671E+000  0.20495563E+000  0.39914378E+000  0.60105131E+000  0.91352521E+000  0.10528237E+001  0.15625682E+001  0.34703260E+001  0.50334213E+001  0.86298007E+001  0.13804328E+002
  0.15758662E+000  0.20495542E+000  0.39914336E+000  0.60104988E+000  0.91352514E+000  0.10528237E+001  0.15625667E+001  0.34700901E+001  0.50334181E+001  0.86297854E+001  0.13804294E+002
  0.15758653E+000  0.20495521E+000  0.39914297E+000  0.60104853E+000  0.91352507E+000  0.10528237E+001  0.15625652E+001  0.34700788E+001  0.50334149E+001  0.86297713E+001  0.13804263E+002
  0.15758645E+000  0.20495503E+000  0.39914260E+000  0.60104725E+000  0.91352501E+000  0.10528237E+001  0.15625637E+001  0.34698439E+001  0.50334115E+001  0.86297585E+001  0.13804235E+002
  0.15758637E+000  0.20495485E+000  0.39914225E+000  0.60104605E+000  0.91352495E+000  0.10528237E+001  0.15625622E+001  0.34698426E+001  0.50334082E+001  0.86297469E+001  0.13804209E+002
  0.15761954E+000  0.20495468E+000  0.39914192E+000  0.60104492E+000  0.91352490E+000  0.10528237E+001  0.15625606E+001  0.34698412E+001  0.50334048E+001  0.86297364E+001  0.13804186E+002
  0.15761923E+000  0.20495453E+000  0.39914161E+000  0.60104385E+000  0.91352484E+000  0.10528237E+001  0.15625591E+001  0.34698398E+001  0.50334013E+001  0.86297270E+001  0.13804165E+002
  0.15761894E+000  0.20495439E+000  0.39914132E+000  0.60104284E+000  0.91352479E+000  0.10528237E+001  0.15625575E+001  0.34698383E+001  0.50333978E+001  0.86297184E+001  0.13804147E+002
  0.15761868E+000  0.20495425E+000  0.39914105E+000  0.60104188E+000  0.91352475E+000  0.10528237E+001  0.15625559E+001  0.34698368E+001  0.50333943E+001  0.86297108E+001  0.13804130E+002
  0.15761845E+000  0.20495412E+000  0.39914079E+000  0.60104098E+000  0.91352470E+000  0.10528237E+001  0.15625544E+001  0.34698353E+001  0.50333907E+001  0.86297040E+001  0.13804115E+002
  0.15761824E+000  0.20495400E+000  0.39914055E+000  0.60104019E+000  0.91352465E+000  0.10528237E+001  0.15625528E+001  0.34698337E+001  0.50333871E+001  0.86296980E+001  0.13804101E+002
  0.15761805E+000  0.20495389E+000  0.39914032E+000  0.60103949E+000  0.91352461E+000  0.10528237E+001  0.15625512E+001  0.34698321E+001  0.50333834E+001  0.86296926E+001  0.13804090E+002
  0.15761789E+000  0.20495379E+000  0.39914010E+000  0.60103882E+000  0.91352457E+000  0.10528237E+001  0.15625496E+001  0.34698025E+001  0.50333797E+001  0.86296879E+001  0.13804079E+002
  0.15761775E+000  0.20495369E+000  0.39913990E+000  0.60103818E+000  0.91352453E+000  0.10528237E+001  0.15625480E+001  0.34696251E+001  0.50333759E+001  0.86296838E+001  0.13804070E+002
  0.15761762E+000  0.20495360E+000  0.39913971E+000  0.60103757E+000  0.91352450E+000  0.10528237E+001  0.15625464E+001  0.34696220E+001  0.50333721E+001  0.86296802E+001  0.13804062E+002
  0.15761751E+000  0.20495351E+000  0.39913953E+000  0.60103699E+000  0.91352446E+000  0.10528237E+001  0.15625449E+001  0.34696186E+001  0.50333683E+001  0.86296771E+001  0.13804055E+002
  0.15761741E+000  0.20495343E+000  0.39913936E+000  0.60103643E+000  0.91352443E+000  0.10528237E+001  0.15625433E+001  0.34696150E+001  0.50333644E+001  0.86296745E+001  0.13804049E+002
  0.15761733E+000  0.20495335E+000  0.39913920E+000  0.60103590E+000  0.91352440E+000  0.10528237E+001  0.15625417E+001  0.34696112E+001  0.50333605E+001  0.86296723E+001  0.13804044E+002
  0.15761726E+000  0.20495328E+000  0.39913904E+000  0.60103539E+000  0.91352436E+000  0.10528237E+001  0.15625402E+001  0.34696074E+001  0.50333566E+001  0.86296705E+001  0.13804040E+002
  0.15761720E+000  0.20495322E+000  0.39913890E+000  0.60103490E+000  0.91352433E+000  0.10528237E+001  0.15625387E+001  0.34696035E+001  0.50333526E+001  0.86296690E+001  0.13804037E+002
  0.15761716E+000  0.20495315E+000  0.39913876E+000  0.60103443E+000  0.91352431E+000  0.10528237E+001  0.15625371E+001  0.34695780E+001  0.50333486E+001  0.86296678E+001  0.13804034E+002
  0.15761712E+000  0.20495309E+000  0.39913863E+000  0.60103397E+000  0.91352428E+000  0.10528237E+001  0.15625356E+001  0.34695773E+001  0.50333446E+001  0.86296669E+001  0.13804032E+002
  0.15761709E+000  0.20495304E+000  0.39913850E+000  0.60103354E+000  0.91352425E+000  0.10528237E+001  0.15625342E+001  0.34695766E+001  0.50333406E+001  0.86296662E+001  0.13804030E+002
  0.15761706E+000  0.20495299E+000  0.39913838E+000  0.60103312E+000  0.91352423E+000  0.10528237E+001  0.15625327E+001  0.34695760E+001  0.50333365E+001  0.86296658E+001  0.13804029E+002
  0.15761705E+000  0.20495294E+000  0.39913827E+000  0.60103271E+000  0.91352420E+000  0.10528237E+001  0.15625312E+001  0.34695753E+001  0.50333325E+001  0.86296656E+001  0.13804028E+002
  0.15761704E+000  0.20495290E+000  0.39913816E+000  0.60103232E+000  0.91352418E+000  0.10528237E+001  0.15625298E+001  0.34695747E+001  0.50333284E+001  0.86296655E+001  0.13804028E+002
  0.15761703E+000  0.20495286E+000  0.39913805E+000  0.60103194E+000  0.91352416E+000  0.10528237E+001  0.15625284E+001  0.34695741E+001  0.50333243E+001  0.86296656E+001  0.13804028E+002
  0.15761703E+000  0.20495282E+000  0.39913795E+000  0.60103157E+000  0.91352414E+000  0.10528237E+001  0.15625270E+001  0.34695547E+001  0.50333202E+001  0.86296659E+001  0.13804028E+002
  0.15761704E+000  0.20495278E+000  0.39913785E+000  0.60103122E+000  0.91352412E+000  0.10528237E+001  0.15625256E+001  0.34695018E+001  0.50333161E+001  0.86296663E+001  0.13804029E+002
  0.15761705E+000  0.20495275E+000  0.39913776E+000  0.60103087E+000  0.91352410E+000  0.10528237E+001  0.15625243E+001  0.34694323E+001  0.50333121E+001  0.86296667E+001  0.13804030E+002
  0.15761706E+000  0.20495272E+000  0.39913767E+000  0.60103054E+000  0.91352408E+000  0.10528237E+001  0.15625229E+001  0.34694289E+001  0.50333080E+001  0.86296673E+001  0.13804031E+002
  0.15761707E+000  0.20495269E+000  0.39913758E+000  0.60103021E+000  0.91352406E+000  0.10528237E+001  0.15625216E+001  0.34694256E+001  0.50333039E+001  0.86296680E+001  0.13804032E+002
  0.15761709E+000  0.20495267E+000  0.39913749E+000  0.60102990E+000  0.91352405E+000  0.10528237E+001  0.15625203E+001  0.34692955E+001  0.50332999E+001  0.86296687E+001  0.13804034E+002
  0.15761711E+000  0.20495264E+000  0.39913741E+000  0.60102959E+000  0.91352403E+000  0.10528236E+001  0.15625190E+001  0.34692711E+001  0.50332958E+001  0.86296695E+001  0.13804035E+002
  0.15761713E+000  0.20495262E+000  0.39913733E+000  0.60102929E+000  0.91352401E+000  0.10528236E+001  0.15625178E+001  0.34690558E+001  0.50332918E+001  0.86296703E+001  0.13804037E+002
  0.15761715E+000  0.20495260E+000  0.39913726E+000  0.60102900E+000  0.91352400E+000  0.10528236E+001  0.15625165E+001  0.34690253E+001  0.50332878E+001  0.86296712E+001  0.13804038E+002
  0.15761717E+000  0.20495258E+000  0.39913718E+000  0.60102871E+000  0.91352398E+000  0.10528236E+001  0.15625153E+001  0.34689952E+001  0.50332839E+001  0.86296721E+001  0.13804040E+002
  0.15761719E+000  0.20495257E+000  0.39913711E+000  0.60102844E+000  0.91352397E+000  0.10528236E+001  0.15625141E+001  0.34689657E+001  0.50332799E+001  0.86296730E+001  0.13804042E+002
  0.15761721E+000  0.20495255E+000  0.39913704E+000  0.60102817E+000  0.91352396E+000  0.10528236E+001  0.15625130E+001  0.34689367E+001  0.50332760E+001  0.86296739E+001  0.13804044E+002
  0.15761724E+000  0.20495254E+000  0.39913697E+000  0.60102790E+000  0.91352394E+000  0.10528236E+001  0.15625118E+001  0.34688540E+001  0.50332721E+001  0.86296749E+001  0.13804046E+002
  0.15761726E+000  0.20495253E+000  0.39913691E+000  0.60102765E+000  0.91352393E+000  0.10528236E+001  0.15625107E+001  0.34688481E+001  0.50332683E+001  0.86296758E+001  0.13804047E+002
  0.15761729E+000  0.20495252E+000  0.39913684E+000  0.60102739E+000  0.91352392E+000  0.10528236E+001  0.15625096E+001  0.34688424E+001  0.50332645E+001  0.86296768E+001  0.13804049E+002
  0.15761731E+000  0.20495251E+000  0.39913678E+000  0.60102715E+000  0.91352391E+000  0.10528236E+001  0.15625085E+001  0.34688368E+001  0.50332607E+001  0.86296777E+001  0.13804051E+002
  0.15761733E+000  0.20495250E+000  0.39913672E+000  0.60102691E+000  0.91352390E+000  0.10528236E+001  0.15625074E+001  0.34688312E+001  0.50332570E+001  0.86296786E+001  0.13804053E+002
  0.15761736E+000  0.20495249E+000  0.39913666E+000  0.60102668E+000  0.91352389E+000  0.10528236E+001  0.15625064E+001  0.34688258E+001  0.50332533E+001  0.86296795E+001  0.13804055E+002
  0.15761738E+000  0.20495248E+000  0.39913661E+000  0.60102646E+000  0.91352388E+000  0.10528236E+001  0.15625054E+001  0.34688204E+001  0.50332497E+001  0.86296804E+001  0.13804056E+002
  0.15761740E+000  0.20495248E+000  0.39913655E+000  0.60102624E+000  0.91352387E+000  0.10528236E+001  0.15625043E+001  0.34688151E+001  0.50332461E+001  0.86296813E+001  0.13804058E+002
  0.15761742E+000  0.20495247E+000  0.39913650E+000  0.60102602E+000  0.91352386E+000  0.10528236E+001  0.15625034E+001  0.34688100E+001  0.50332425E+001  0.86296821E+001  0.13804060E+002
  0.15761744E+000  0.20495247E+000  0.39913645E+000  0.60102581E+000  0.91352385E+000  0.10528236E+001  0.15625024E+001  0.34688049E+001  0.50332391E+001  0.86296829E+001  0.13804061E+002
  0.15761747E+000  0.20495246E+000  0.39913640E+000  0.60102561E+000  0.91352384E+000  0.10528236E+001  0.15625015E+001  0.34687954E+001  0.50332356E+001  0.86296837E+001  0.13804063E+002
  0.15761748E+000  0.20495246E+000  0.39913635E+000  0.60102542E+000  0.91352383E+000  0.10528236E+001  0.15625006E+001  0.34687796E+001  0.50332323E+001  0.86296844E+001  0.13804064E+002
  0.15761750E+000  0.20495246E+000  0.39913631E+000  0.60102523E+000  0.91352382E+000  0.10528236E+001  0.15624997E+001  0.34687642E+001  0.50332289E+001  0.86296852E+001  0.13804065E+002
  0.15761752E+000  0.20495245E+000  0.39913626E+000  0.60102504E+000  0.91352381E+000  0.10528236E+001  0.15624988E+001  0.34687491E+001  0.50332257E+001  0.86296858E+001  0.13804067E+002
  0.15761754E+000  0.20495245E+000  0.39913622E+000  0.60102486E+000  0.91352380E+000  0.10528236E+001  0.15624980E+001  0.34687344E+001  0.50332224E+001  0.86296865E+001  0.13804068E+002
  0.15761755E+000  0.20495245E+000  0.39913618E+000  0.60102469E+000  0.91352380E+000  0.10528236E+001  0.15624971E+001  0.34687199E+001  0.50332193E+001  0.86296871E+001  0.13804069E+002
  0.15761757E+000  0.20495245E+000  0.39913614E+000  0.60102452E+000  0.91352379E+000  0.10528236E+001  0.15624963E+001  0.34687058E+001  0.50332162E+001  0.86296877E+001  0.13804070E+002
  0.15761758E+000  0.20495244E+000  0.39913610E+000  0.60102436E+000  0.91352378E+000  0.10528236E+001  0.15624956E+001  0.34686920E+001  0.50332131E+001  0.86296882E+001  0.13804071E+002
  0.15761759E+000  0.20495244E+000  0.39913607E+000  0.60102421E+000  0.91352378E+000  0.10528236E+001  0.15624948E+001  0.34686785E+001  0.50332102E+001  0.86296887E+001  0.13804072E+002
  0.15761761E+000  0.20495244E+000  0.39913604E+000  0.60102406E+000  0.91352377E+000  0.10528236E+001  0.15624941E+001  0.34686653E+001  0.50332072E+001  0.86296892E+001  0.13804073E+002
  0.15761762E+000  0.20495244E+000  0.39913600E+000  0.60102391E+000  0.91352376E+000  0.10528236E+001  0.15624934E+001  0.34686524E+001  0.50332044E+001  0.86296896E+001  0.13804073E+002
  0.15761763E+000  0.20495244E+000  0.39913597E+000  0.60102378E+000  0.91352376E+000  0.10528236E+001  0.15624927E+001  0.34686398E+001  0.50332016E+001  0.86290503E+001  0.13804074E+002
  0.15761764E+000  0.20495244E+000  0.39913594E+000  0.60102364E+000  0.91352375E+000  0.10528236E+001  0.15624920E+001  0.34686276E+001  0.50331988E+001  0.86284118E+001  0.13804075E+002
  0.15761765E+000  0.20495244E+000  0.39913591E+000  0.60102351E+000  0.91352375E+000  0.10528236E+001  0.15624914E+001  0.34686156E+001  0.50331961E+001  0.86277828E+001  0.13804075E+002
  0.15761765E+000  0.20495244E+000  0.39913589E+000  0.60102339E+000  0.91352374E+000  0.10528236E+001  0.15624907E+001  0.34686039E+001  0.50331935E+001  0.86271635E+001  0.13804075E+002
  0.15761766E+000  0.20495243E+000  0.39913586E+000  0.60102327E+000  0.91352373E+000  0.10528236E+001  0.15624901E+001  0.34685926E+001  0.50331909E+001  0.86265541E+001  0.13804076E+002
  0.15761767E+000  0.20495243E+000  0.39913584E+000  0.60102316E+000  0.91352373E+000  0.10528236E+001  0.15624896E+001  0.34685815E+001  0.50331884E+001  0.86255952E+001  0.13804076E+002
  0.15761767E+000  0.20495243E+000  0.39913581E+000  0.60102305E+000  0.91352372E+000  0.10528236E+001  0.15624890E+001  0.34685707E+001  0.50331859E+001  0.86255923E+001  0.13804076E+002
  0.15761768E+000  0.20495243E+000  0.39913579E+000  0.60102295E+000  0.91352372E+000  0.10528236E+001  0.15624885E+001  0.34685602E+001  0.50331835E+001  0.86255894E+001  0.13804077E+002
  0.15761768E+000  0.20495243E+000  0.39913577E+000  0.60102285E+000  0.91352372E+000  0.10528236E+001  0.15624880E+001  0.34685499E+001  0.50331812E+001  0.86255865E+001  0.13804077E+002
  0.15761768E+000  0.20495243E+000  0.39913575E+000  0.60102276E+000  0.91352371E+000  0.10528236E+001  0.15624875E+001  0.34685441E+001  0.50331789E+001  0.86255837E+001  0.13804077E+002
  0.15761769E+000  0.20495243E+000  0.39913573E+000  0.60102267E+000  0.91352371E+000  0.10528236E+001  0.15624870E+001  0.34685425E+001  0.50331767E+001  0.86255809E+001  0.13804077E+002
  0.15761769E+000  0.20495243E+000  0.39913571E+000  0.60102259E+000  0.91352370E+000  0.10528236E+001  0.15624866E+001  0.34685409E+001  0.50331745E+001  0.86255781E+001  0.13804077E+002
  0.15761769E+000  0.20495242E+000  0.39913570E+000  0.60102251E+000  0.91352370E+000  0.10528236E+001  0.15624861E+001  0.34685393E+001  0.50331724E+001  0.86255754E+001  0.13804077E+002
  0.15761769E+000  0.20495242E+000  0.39913568E+000  0.60102243E+000  0.91352370E+000  0.10528236E+001  0.15624857E+001  0.34685378E+001  0.50331703E+001  0.86255727E+001  0.13804077E+002
  0.15761769E+000  0.20495242E+000  0.39913567E+000  0.60102236E+000  0.91352369E+000  0.10528236E+001  0.15624854E+001  0.34685364E+001  0.50331683E+001  0.86255700E+001  0.13804077E+002
  0.15761769E+000  0.20495242E+000  0.39913565E+000  0.60102229E+000  0.91352369E+000  0.10528236E+001  0.15624850E+001  0.34685350E+001  0.50331663E+001  0.86255674E+001  0.13804077E+002
  0.15761769E+000  0.20495242E+000  0.39913564E+000  0.60102223E+000  0.91352369E+000  0.10528236E+001  0.15624846E+001  0.34685336E+001  0.50331644E+001  0.86255649E+001  0.13804077E+002
  0.15761769E+000  0.20495242E+000  0.39913563E+000  0.60102217E+000  0.91352368E+000  0.10528236E+001  0.15624843E+001  0.34685323E+001  0.50331625E+001  0.86255623E+001  0.13804077E+002
  0.15761769E+000  0.20495242E+000  0.39913561E+000  0.60102211E+000  0.91352368E+000  0.10528236E+001  0.15624840E+001  0.34685310E+001  0.50331586E+001  0.86255599E+001  0.13804076E+002
  0.15761769E+000  0.20495241E+000  0.39913560E+000  0.60102206E+000  0.91352368E+000  0.10528236E+001  0.15624837E+001  0.34685298E+001  0.50331475E+001  0.86255574E+001  0.13804076E+002
  0.15761769E+000  0.20495241E+000  0.39913559E+000  0.60102201E+000  0.91352367E+000  0.10528236E+001  0.15624834E+001  0.34685286E+001  0.50331368E+001  0.86255551E+001  0.13804076E+002
  0.15761769E+000  0.20495241E+000  0.39913558E+000  0.60102196E+000  0.91352367E+000  0.10528236E+001  0.15624831E+001  0.34685274E+001  0.50331263E+001  0.86255527E+001  0.13804076E+002
  0.15761769E+000  0.20495241E+000  0.39913557E+000  0.60102191E+000  0.91352367E+000  0.10528236E+001  0.15624829E+001  0.34685263E+001  0.50331162E+001  0.86255505E+001  0.13804075E+002
  0.15761769E+000  0.20495241E+000  0.39913556E+000  0.60102187E+000  0.91352367E+000  0.10528236E+001  0.15624826E+001  0.34685252E+001  0.50331063E+001  0.86255482E+001  0.13804075E+002
  0.15761769E+000  0.20495241E+000  0.39913556E+000  0.60102183E+000  0.91352367E+000  0.10528236E+001  0.15624824E+001  0.34685241E+001  0.50330968E+001  0.86255460E+001  0.13804075E+002
  0.15761768E+000  0.20495241E+000  0.39913555E+000  0.60102180E+000  0.91352366E+000  0.10528236E+001  0.15624822E+001  0.34685231E+001  0.50330875E+001  0.86255439E+001  0.13804075E+002
  0.15761768E+000  0.20495240E+000  0.39913554E+000  0.60102176E+000  0.91352366E+000  0.10528236E+001  0.15624820E+001  0.34685222E+001  0.50330785E+001  0.86255419E+001  0.13804074E+002
  0.15761768E+000  0.20495240E+000  0.39913554E+000  0.60102173E+000  0.91352366E+000  0.10528236E+001  0.15624818E+001  0.34685212E+001  0.50330698E+001  0.86255398E+001  0.13804074E+002
  0.15761768E+000  0.20495240E+000  0.39913553E+000  0.60102170E+000  0.91352366E+000  0.10528236E+001  0.15624816E+001  0.34685203E+001  0.50330614E+001  0.86255379E+001  0.13804074E+002
  0.15761768E+000  0.20495240E+000  0.39913552E+000  0.60102167E+000  0.91352366E+000  0.10528236E+001  0.15624814E+001  0.34685194E+001  0.50330533E+001  0.86255359E+001  0.13804074E+002
  0.15761768E+000  0.20495240E+000  0.39913552E+000  0.60102165E+000  0.91352366E+000  0.10528236E+001  0.15624813E+001  0.34685186E+001  0.50330454E+001  0.86255341E+001  0.13804073E+002
  0.15761767E+000  0.20495240E+000  0.39913551E+000  0.60102162E+000  0.91352365E+000  0.10528236E+001  0.15624811E+001  0.34685178E+001  0.50330378E+001  0.86255323E+001  0.13804073E+002
  0.15761767E+000  0.20495240E+000  0.39913551E+000  0.60102160E+000  0.91352365E+000  0.10528236E+001  0.15624810E+001  0.34685170E+001  0.50330305E+001  0.86255305E+001  0.13804073E+002
  0.15761767E+000  0.20495240E+000  0.39913550E+000  0.60102158E+000  0.91352365E+000  0.10528236E+001  0.15624809E+001  0.34685163E+001  0.50330234E+001  0.86255287E+001  0.13804072E+002
  0.15761766E+000  0.20495239E+000  0.39913549E+000  0.60102155E+000  0.91352365E+000  0.10528236E+001  0.15624808E+001  0.34685155E+001  0.50330165E+001  0.86255270E+001  0.13804072E+002
  0.15761765E+000  0.20495239E+000  0.39913550E+000  0.60102154E+000  0.91352365E+000  0.10528236E+001  0.15624807E+001  0.34685148E+001  0.50330099E+001  0.86255252E+001  0.13804071E+002
