  0.30854297E+000  0.34353903E+000  0.45355037E+000  0.59491735E+000  0.79207484E+000  0.88507184E+000  0.11852002E+001  0.18609260E+001  0.26142602E+001  0.43772680E+001  0.81230363E+001
  0.30843508E+000  0.34341051E+000  0.45340075E+000  0.59491735E+000  0.79184209E+000  0.88498279E+000  0.11852419E+001  0.18603153E+001  0.26142079E+001  0.43738496E+001  0.81209748E+001
  0.30835395E+000  0.34321474E+000  0.45327166E+000  0.59491735E+000  0.79140366E+000  0.88487636E+000  0.11852840E+001  0.18597396E+001  0.26139150E+001  0.43734126E+001  0.81234740E+001
  0.30827310E+000  0.34312704E+000  0.45312705E+000  0.59491735E+000  0.79104810E+000  0.88482292E+000  0.11853116E+001  0.18593014E+001  0.26135980E+001  0.43731298E+001  0.81218891E+001
  0.30820210E+000  0.34305201E+000  0.45304283E+000  0.59491735E+000  0.79047730E+000  0.88474986E+000  0.11853547E+001  0.18588380E+001  0.26133588E+001  0.43727476E+001  0.81205650E+001
  0.30814030E+000  0.34298795E+000  0.45291008E+000  0.59491735E+000  0.79034575E+000  0.88470893E+000  0.11853806E+001  0.18585664E+001  0.26133808E+001  0.43724680E+001  0.81215679E+001
  0.30808683E+000  0.34293333E+000  0.45284834E+000  0.59491735E+000  0.79023878E+000  0.88466259E+000  0.11852457E+001  0.18582423E+001  0.26130941E+001  0.43722598E+001  0.81205988E+001
  0.30804077E+000  0.34288680E+000  0.45279583E+000  0.59491735E+000  0.79013166E+000  0.88461938E+000  0.11850679E+001  0.18579550E+001  0.26131077E+001  0.43722378E+001  0.81198131E+001
  0.30800119E+000  0.34284720E+000  0.45271477E+000  0.59491735E+000  0.79005028E+000  0.88458524E+000  0.11849157E+001  0.18578143E+001  0.26129332E+001  0.43721002E+001  0.81191752E+001
  0.30796293E+000  0.34281351E+000  0.45267174E+000  0.59491735E+000  0.78998177E+000  0.88456008E+000  0.11847837E+001  0.18576679E+001  0.26130466E+001  0.43719436E+001  0.81186550E+001
  0.30793813E+000  0.34278489E+000  0.45263514E+000  0.59491735E+000  0.78992578E+000  0.88452269E+000  0.11847378E+001  0.18575391E+001  0.26129623E+001  0.43718492E+001  0.81182287E+001
  0.30791328E+000  0.34276059E+000  0.45260404E+000  0.59491735E+000  0.78987993E+000  0.88450842E+000  0.11847456E+001  0.18574320E+001  0.26128299E+001  0.43717467E+001  0.81178776E+001
  0.30789199E+000  0.34273998E+000  0.45257764E+000  0.59491735E+000  0.78984124E+000  0.88448173E+000  0.11847512E+001  0.18573747E+001  0.26127281E+001  0.43716945E+001  0.81175872E+001
  0.30787384E+000  0.34272254E+000  0.45255526E+000  0.59491735E+000  0.78980848E+000  0.88447874E+000  0.11847577E+001  0.18573747E+001  0.26126943E+001  0.43716209E+001  0.81173462E+001
  0.30785832E+000  0.34270781E+000  0.45249714E+000  0.59491735E+000  0.78978070E+000  0.88445988E+000  0.11847624E+001  0.18573145E+001  0.26126656E+001  0.43715617E+001  0.81171458E+001
  0.30784511E+000  0.34260284E+000  0.45248337E+000  0.59491735E+000  0.78975710E+000  0.88445591E+000  0.11848035E+001  0.18572649E+001  0.26126414E+001  0.43715140E+001  0.81169787E+001
  0.30783385E+000  0.34259262E+000  0.45247188E+000  0.59491735E+000  0.78973706E+000  0.88444491E+000  0.11850424E+001  0.18572267E+001  0.26126211E+001  0.43714755E+001  0.81168845E+001
  0.30782429E+000  0.34258412E+000  0.45246233E+000  0.59491735E+000  0.78972003E+000  0.88443587E+000  0.11850367E+001  0.18572017E+001  0.26126041E+001  0.43714444E+001  0.81168454E+001
  0.30781616E+000  0.34257710E+000  0.45245446E+000  0.59491735E+000  0.78970560E+000  0.88442850E+000  0.11849977E+001  0.18571800E+001  0.26125899E+001  0.43718395E+001  0.81168119E+001
  0.30780929E+000  0.34257136E+000  0.45244803E+000  0.59491735E+000  0.79009505E+000  0.88442257E+000  0.11849803E+001  0.18571612E+001  0.26125783E+001  0.43721296E+001  0.81167832E+001
  0.30780348E+000  0.34256671E+000  0.45244283E+000  0.59491735E+000  0.79012528E+000  0.88441788E+000  0.11848993E+001  0.18571365E+001  0.26125688E+001  0.43754736E+001  0.81167587E+001
  0.30779859E+000  0.34256301E+000  0.45243871E+000  0.59491735E+000  0.79033830E+000  0.88441425E+000  0.11848921E+001  0.18571247E+001  0.26125612E+001  0.43768031E+001  0.81167378E+001
  0.30779329E+000  0.34256011E+000  0.45243550E+000  0.59491735E+000  0.79034092E+000  0.88441154E+000  0.11848870E+001  0.18571159E+001  0.26125551E+001  0.43788619E+001  0.81167201E+001
  0.30778997E+000  0.34255791E+000  0.45243308E+000  0.59491735E+000  0.79034499E+000  0.88440961E+000  0.11848838E+001  0.18571197E+001  0.26125505E+001  0.43795940E+001  0.81167050E+001
  0.30778723E+000  0.34255631E+000  0.45243135E+000  0.59491735E+000  0.79035020E+000  0.88440835E+000  0.11848821E+001  0.18571644E+001  0.26125470E+001  0.43800999E+001  0.81166923E+001
  0.30778499E+000  0.34255521E+000  0.45243020E+000  0.59491735E+000  0.79035627E+000  0.88440768E+000  0.11848818E+001  0.18572387E+001  0.26125446E+001  0.43821959E+001  0.81166815E+001
  0.30778316E+000  0.34255456E+000  0.45242956E+000  0.59491735E+000  0.79036695E+000  0.88440750E+000  0.11848826E+001  0.18576506E+001  0.26125431E+001  0.43822145E+001  0.81166724E+001
  0.30778240E+000  0.34255428E+000  0.45242935E+000  0.59491735E+000  0.79039679E+000  0.88440775E+000  0.11848846E+001  0.18576527E+001  0.26125423E+001  0.43822321E+001  0.81166647E+001
  0.30778116E+000  0.34255433E+000  0.45242951E+000  0.59491735E+000  0.79039998E+000  0.88440836E+000  0.11848874E+001  0.18576563E+001  0.26125422E+001  0.43822486E+001  0.81166582E+001
  0.30778018E+000  0.34255464E+000  0.45242999E+000  0.59491735E+000  0.79040328E+000  0.88440929E+000  0.11848911E+001  0.18576612E+001  0.26125427E+001  0.43822639E+001  0.81166527E+001
  0.30777942E+000  0.34255519E+000  0.45243075E+000  0.59491735E+000  0.79040667E+000  0.88441048E+000  0.11848954E+001  0.18576674E+001  0.26125436E+001  0.43822780E+001  0.81166480E+001
  0.30777885E+000  0.34255593E+000  0.45243173E+000  0.59491735E+000  0.79041011E+000  0.88441191E+000  0.11849003E+001  0.18576745E+001  0.26125450E+001  0.43822911E+001  0.81166440E+001
  0.30777843E+000  0.34255684E+000  0.45243292E+000  0.59491735E+000  0.79041360E+000  0.88441353E+000  0.11849056E+001  0.18576826E+001  0.26125467E+001  0.43823031E+001  0.81166405E+001
  0.30777815E+000  0.34255789E+000  0.45243427E+000  0.59491735E+000  0.79041711E+000  0.88441531E+000  0.11849114E+001  0.18576913E+001  0.26125487E+001  0.43823143E+001  0.81166375E+001
  0.30777798E+000  0.34255905E+000  0.45243576E+000  0.59491735E+000  0.79042063E+000  0.88441723E+000  0.11849176E+001  0.18577007E+001  0.26125510E+001  0.43823248E+001  0.81166348E+001
  0.30777789E+000  0.34256031E+000  0.45243738E+000  0.59491735E+000  0.79042415E+000  0.88441928E+000  0.11849240E+001  0.18577107E+001  0.26125535E+001  0.43823347E+001  0.81166323E+001
  0.30777788E+000  0.34256165E+000  0.45243909E+000  0.59491735E+000  0.79042765E+000  0.88440217E+000  0.11849405E+001  0.18577211E+001  0.26125563E+001  0.43823441E+001  0.81166301E+001
  0.30777793E+000  0.34256306E+000  0.45244090E+000  0.59491735E+000  0.79043113E+000  0.88440463E+000  0.11850661E+001  0.18576994E+001  0.26125592E+001  0.43823531E+001  0.81166280E+001
  0.30777803E+000  0.34256452E+000  0.45244277E+000  0.59491735E+000  0.79043457E+000  0.88440718E+000  0.11853180E+001  0.18577087E+001  0.26125622E+001  0.43823618E+001  0.81166260E+001
  0.30777817E+000  0.34256603E+000  0.45244471E+000  0.59491735E+000  0.79043797E+000  0.88440979E+000  0.11853380E+001  0.18577185E+001  0.26125654E+001  0.43823703E+001  0.81166240E+001
  0.30777833E+000  0.34256758E+000  0.45244670E+000  0.59491735E+000  0.79044132E+000  0.88441245E+000  0.11853575E+001  0.18577353E+001  0.26125686E+001  0.43823787E+001  0.81166221E+001
  0.30777852E+000  0.34256915E+000  0.45244874E+000  0.59491735E+000  0.79044463E+000  0.88441517E+000  0.11853765E+001  0.18577445E+001  0.26125720E+001  0.43823869E+001  0.81166202E+001
  0.30777873E+000  0.34257076E+000  0.45245081E+000  0.59491735E+000  0.79044788E+000  0.88441792E+000  0.11853950E+001  0.18577537E+001  0.26125755E+001  0.43823951E+001  0.81166182E+001
  0.30777896E+000  0.34257238E+000  0.45245291E+000  0.59491735E+000  0.79045107E+000  0.88442070E+000  0.11854130E+001  0.18577633E+001  0.26125790E+001  0.43824033E+001  0.81166163E+001
  0.30777481E+000  0.34257402E+000  0.45245505E+000  0.59491735E+000  0.79045420E+000  0.88442351E+000  0.11854304E+001  0.18577744E+001  0.26125826E+001  0.43824114E+001  0.81166143E+001
  0.30777513E+000  0.34257567E+000  0.45245721E+000  0.59491735E+000  0.79045728E+000  0.88442635E+000  0.11854471E+001  0.18577852E+001  0.26125863E+001  0.43824196E+001  0.81166122E+001
  0.30777546E+000  0.34257733E+000  0.45245938E+000  0.59491735E+000  0.79046029E+000  0.88442920E+000  0.11855433E+001  0.18577957E+001  0.26125900E+001  0.43824278E+001  0.81166101E+001
  0.30777579E+000  0.34257900E+000  0.45246158E+000  0.59491735E+000  0.79046323E+000  0.88443208E+000  0.11855477E+001  0.18578058E+001  0.26125938E+001  0.43824360E+001  0.81166080E+001
  0.30778019E+000  0.34258068E+000  0.45246379E+000  0.59491735E+000  0.79046611E+000  0.88443496E+000  0.11854771E+001  0.18578155E+001  0.26125976E+001  0.43824442E+001  0.81166058E+001
  0.30778045E+000  0.34258236E+000  0.45246601E+000  0.59491735E+000  0.79046893E+000  0.88443786E+000  0.11854828E+001  0.18578248E+001  0.26126015E+001  0.43824525E+001  0.81166035E+001
  0.30778071E+000  0.34258404E+000  0.45246824E+000  0.59491735E+000  0.79047167E+000  0.88444077E+000  0.11854886E+001  0.18578337E+001  0.26126054E+001  0.43824609E+001  0.81166012E+001
  0.30778097E+000  0.34258572E+000  0.45247048E+000  0.59491735E+000  0.79047435E+000  0.88444369E+000  0.11854943E+001  0.18578421E+001  0.26126094E+001  0.43824692E+001  0.81165989E+001
  0.30778123E+000  0.34258740E+000  0.45247273E+000  0.59491735E+000  0.79047695E+000  0.88444661E+000  0.11855003E+001  0.18578481E+001  0.26126133E+001  0.43824776E+001  0.81165965E+001
  0.30778149E+000  0.34258908E+000  0.45247498E+000  0.59491735E+000  0.79047948E+000  0.88444954E+000  0.11855065E+001  0.18578574E+001  0.26126173E+001  0.43824860E+001  0.81165940E+001
  0.30778175E+000  0.34259075E+000  0.45247723E+000  0.59491735E+000  0.79048193E+000  0.88445246E+000  0.11855130E+001  0.18578930E+001  0.26126214E+001  0.43824943E+001  0.81165916E+001
  0.30778201E+000  0.34259242E+000  0.45247947E+000  0.59491735E+000  0.79048430E+000  0.88445538E+000  0.11855195E+001  0.18579014E+001  0.26126254E+001  0.43825027E+001  0.81165890E+001
  0.30778227E+000  0.34259407E+000  0.45248172E+000  0.59491735E+000  0.79048660E+000  0.88444425E+000  0.11855261E+001  0.18579107E+001  0.26126294E+001  0.43825110E+001  0.81165865E+001
  0.30778252E+000  0.34259572E+000  0.45248396E+000  0.59491735E+000  0.79048882E+000  0.88444721E+000  0.11855324E+001  0.18579259E+001  0.26126334E+001  0.43825193E+001  0.81165839E+001
  0.30778278E+000  0.34259736E+000  0.45248619E+000  0.59491735E+000  0.79049095E+000  0.88445016E+000  0.11855386E+001  0.18579410E+001  0.26126375E+001  0.43825276E+001  0.81165813E+001
  0.30778303E+000  0.34259898E+000  0.45248842E+000  0.59491735E+000  0.79049301E+000  0.88445309E+000  0.11855448E+001  0.18579560E+001  0.26126415E+001  0.43825358E+001  0.81165786E+001
  0.30778328E+000  0.34260059E+000  0.45249063E+000  0.59482830E+000  0.79049498E+000  0.88445600E+000  0.11855429E+001  0.18579708E+001  0.26126455E+001  0.43825439E+001  0.81165760E+001
  0.30778352E+000  0.34260218E+000  0.45249283E+000  0.59482830E+000  0.79049687E+000  0.88445890E+000  0.11854803E+001  0.18579855E+001  0.26126494E+001  0.43825519E+001  0.81165733E+001
  0.30778377E+000  0.34260376E+000  0.45249501E+000  0.59482830E+000  0.79049868E+000  0.88446177E+000  0.11854835E+001  0.18580403E+001  0.26126534E+001  0.43825599E+001  0.81165706E+001
  0.30778401E+000  0.34260532E+000  0.45249718E+000  0.59482830E+000  0.79050041E+000  0.88446461E+000  0.11854886E+001  0.18580498E+001  0.26126573E+001  0.43825677E+001  0.81165680E+001
  0.30778425E+000  0.34260686E+000  0.45249933E+000  0.59482829E+000  0.79050205E+000  0.88446743E+000  0.11854952E+001  0.18580593E+001  0.26126611E+001  0.43825753E+001  0.81165653E+001
  0.30778448E+000  0.34260838E+000  0.45250146E+000  0.59482829E+000  0.79050361E+000  0.88447022E+000  0.11854988E+001  0.18580689E+001  0.26126649E+001  0.43825829E+001  0.81165627E+001
  0.30778471E+000  0.34260987E+000  0.45250357E+000  0.59491735E+000  0.79050510E+000  0.88447297E+000  0.11855050E+001  0.18580785E+001  0.26126687E+001  0.43825902E+001  0.81165600E+001
  0.30778494E+000  0.34261135E+000  0.45250565E+000  0.59491735E+000  0.79050650E+000  0.88447569E+000  0.11855098E+001  0.18580881E+001  0.26126724E+001  0.43825974E+001  0.81165574E+001
  0.30778517E+000  0.34261280E+000  0.45250770E+000  0.59491735E+000  0.79050783E+000  0.88447837E+000  0.11855147E+001  0.18580977E+001  0.26126760E+001  0.43826044E+001  0.81165548E+001
  0.30778539E+000  0.34261423E+000  0.45250973E+000  0.59491735E+000  0.79050909E+000  0.88448102E+000  0.11855195E+001  0.18581072E+001  0.26126796E+001  0.43826112E+001  0.81165523E+001
  0.30778561E+000  0.34261563E+000  0.45251173E+000  0.59491735E+000  0.79051031E+000  0.88448362E+000  0.11855243E+001  0.18581167E+001  0.26126831E+001  0.43826178E+001  0.81165498E+001
  0.30778582E+000  0.34261701E+000  0.45243696E+000  0.59491735E+000  0.79051169E+000  0.88448618E+000  0.11855290E+001  0.18581260E+001  0.26126865E+001  0.43836968E+001  0.81165473E+001
  0.30778603E+000  0.34261836E+000  0.45243843E+000  0.59491735E+000  0.79051301E+000  0.88448870E+000  0.11855335E+001  0.18581352E+001  0.26126899E+001  0.43837317E+001  0.81165449E+001
  0.30778623E+000  0.34261968E+000  0.45243987E+000  0.59491735E+000  0.79051425E+000  0.88447770E+000  0.11855383E+001  0.18581442E+001  0.26126931E+001  0.43837659E+001  0.81165426E+001
  0.30778644E+000  0.34262097E+000  0.45244128E+000  0.59491735E+000  0.79051542E+000  0.88448010E+000  0.11855432E+001  0.18581544E+001  0.26126963E+001  0.43837992E+001  0.81165403E+001
  0.30778663E+000  0.34262223E+000  0.45244266E+000  0.59491735E+000  0.79051653E+000  0.88448244E+000  0.11855175E+001  0.18581657E+001  0.26126993E+001  0.43838313E+001  0.81165380E+001
  0.30778683E+000  0.34262347E+000  0.45244401E+000  0.59491735E+000  0.79051757E+000  0.88448472E+000  0.11855211E+001  0.18581766E+001  0.26127023E+001  0.43838619E+001  0.81165359E+001
  0.30778702E+000  0.34262467E+000  0.45244533E+000  0.59491735E+000  0.79051855E+000  0.88448695E+000  0.11855247E+001  0.18581872E+001  0.26127052E+001  0.43842175E+001  0.81165338E+001
  0.30778720E+000  0.34262583E+000  0.45244661E+000  0.59491735E+000  0.79051947E+000  0.88448911E+000  0.11855282E+001  0.18581975E+001  0.26127080E+001  0.43842237E+001  0.81165317E+001
  0.30778739E+000  0.34262696E+000  0.45244785E+000  0.59491735E+000  0.79052034E+000  0.88449120E+000  0.11855316E+001  0.18582074E+001  0.26127106E+001  0.43842304E+001  0.81165298E+001
  0.30778756E+000  0.34262806E+000  0.45244906E+000  0.59491735E+000  0.79052114E+000  0.88449323E+000  0.11855350E+001  0.18582169E+001  0.26127132E+001  0.43842372E+001  0.81165279E+001
  0.30778773E+000  0.34262912E+000  0.45253037E+000  0.59491735E+000  0.79052189E+000  0.88449519E+000  0.11855383E+001  0.18582260E+001  0.26127157E+001  0.43842441E+001  0.81165261E+001
  0.30778790E+000  0.34263014E+000  0.45253155E+000  0.59491735E+000  0.79052258E+000  0.88449709E+000  0.11855415E+001  0.18582348E+001  0.26127180E+001  0.43842510E+001  0.81165244E+001
  0.30778806E+000  0.34263112E+000  0.45253269E+000  0.59491735E+000  0.79052323E+000  0.88449890E+000  0.11854750E+001  0.18582431E+001  0.26127203E+001  0.43842575E+001  0.81165227E+001
  0.30778822E+000  0.34263207E+000  0.45253379E+000  0.59491735E+000  0.79052382E+000  0.88450065E+000  0.11854765E+001  0.18582511E+001  0.26127224E+001  0.43842638E+001  0.81165211E+001
  0.30778837E+000  0.34263297E+000  0.45253484E+000  0.59491735E+000  0.79052453E+000  0.88450232E+000  0.11854780E+001  0.18582587E+001  0.26127245E+001  0.43842695E+001  0.81165196E+001
  0.30778852E+000  0.34263383E+000  0.45253585E+000  0.59491735E+000  0.79052578E+000  0.88450392E+000  0.11854794E+001  0.18582659E+001  0.26127264E+001  0.43842748E+001  0.81165181E+001
  0.30778866E+000  0.34263465E+000  0.45253681E+000  0.59491735E+000  0.79052696E+000  0.88450545E+000  0.11854808E+001  0.18582727E+001  0.26127282E+001  0.43842793E+001  0.81165167E+001
  0.30778879E+000  0.34263542E+000  0.45253773E+000  0.59491735E+000  0.79052807E+000  0.88450690E+000  0.11854821E+001  0.18582791E+001  0.26127299E+001  0.43842831E+001  0.81165154E+001
  0.30778892E+000  0.34263616E+000  0.45253860E+000  0.59491735E+000  0.79052911E+000  0.88450827E+000  0.11854833E+001  0.18582851E+001  0.26127315E+001  0.43842862E+001  0.81165141E+001
  0.30778904E+000  0.34263686E+000  0.45253942E+000  0.59491735E+000  0.79053008E+000  0.88450957E+000  0.11854845E+001  0.18582907E+001  0.26127347E+001  0.43842884E+001  0.81165129E+001
  0.30778916E+000  0.34263751E+000  0.45254020E+000  0.59491735E+000  0.79053099E+000  0.88451080E+000  0.11854856E+001  0.18582959E+001  0.26127386E+001  0.43842897E+001  0.81165118E+001
  0.30778927E+000  0.34263813E+000  0.45254093E+000  0.59491735E+000  0.79053183E+000  0.88451196E+000  0.11854866E+001  0.18583365E+001  0.26127422E+001  0.43842901E+001  0.81165107E+001
  0.30778937E+000  0.34263871E+000  0.45254162E+000  0.59491735E+000  0.79053261E+000  0.88451304E+000  0.11854876E+001  0.18583399E+001  0.26127456E+001  0.43842895E+001  0.81165097E+001
  0.30778947E+000  0.34263925E+000  0.45254227E+000  0.59491735E+000  0.79053333E+000  0.88451406E+000  0.11854886E+001  0.18583431E+001  0.26127488E+001  0.43842880E+001  0.81165087E+001
  0.30778956E+000  0.34263975E+000  0.45254287E+000  0.59491735E+000  0.79053399E+000  0.88451502E+000  0.11854894E+001  0.18583460E+001  0.26127518E+001  0.43842855E+001  0.81165077E+001
  0.30778965E+000  0.34264022E+000  0.45254344E+000  0.59491735E+000  0.79053459E+000  0.88451591E+000  0.11854902E+001  0.18583486E+001  0.26127545E+001  0.43842820E+001  0.81165068E+001
  0.30778973E+000  0.34264066E+000  0.45254397E+000  0.59491735E+000  0.79053513E+000  0.88451673E+000  0.11854910E+001  0.18583510E+001  0.26127571E+001  0.43842776E+001  0.81165060E+001
  0.30778980E+000  0.34264106E+000  0.45254445E+000  0.59491735E+000  0.79053563E+000  0.88451750E+000  0.11854917E+001  0.18583531E+001  0.26127594E+001  0.43842722E+001  0.81165051E+001
  0.30778987E+000  0.34264143E+000  0.45254491E+000  0.59491735E+000  0.79053607E+000  0.88451821E+000  0.11854923E+001  0.18583551E+001  0.26127616E+001  0.43842659E+001  0.81165043E+001
  0.30778994E+000  0.34264177E+000  0.45254533E+000  0.59491735E+000  0.79053647E+000  0.88451887E+000  0.11854929E+001  0.18583568E+001  0.26127636E+001  0.43842586E+001  0.81165036E+001
  0.30779000E+000  0.34264209E+000  0.45254571E+000  0.59491735E+000  0.79053682E+000  0.88451948E+000  0.11854934E+001  0.18583584E+001  0.26127654E+001  0.43830811E+001  0.81165029E+001
  0.30779005E+000  0.34264238E+000  0.45254607E+000  0.59491735E+000  0.79053712E+000  0.88452003E+000  0.11854939E+001  0.18583597E+001  0.26127671E+001  0.43826672E+001  0.81165022E+001
  0.30779010E+000  0.34264264E+000  0.45254640E+000  0.59491735E+000  0.79053738E+000  0.88452054E+000  0.11854943E+001  0.18583609E+001  0.26127686E+001  0.43826637E+001  0.81165015E+001
  0.30779015E+000  0.34264288E+000  0.45254670E+000  0.59491735E+000  0.79053761E+000  0.88452101E+000  0.11854947E+001  0.18583619E+001  0.26127699E+001  0.43826600E+001  0.81165008E+001
  0.30779019E+000  0.34264309E+000  0.45254697E+000  0.59491735E+000  0.79053780E+000  0.88450767E+000  0.11854951E+001  0.18583628E+001  0.26127711E+001  0.43826560E+001  0.81165002E+001
  0.30779023E+000  0.34264329E+000  0.45254722E+000  0.59491735E+000  0.79053795E+000  0.88450804E+000  0.11854954E+001  0.18583636E+001  0.26127722E+001  0.43826518E+001  0.81164996E+001
  0.30779027E+000  0.34264347E+000  0.45254744E+000  0.59491735E+000  0.79053807E+000  0.88450837E+000  0.11854957E+001  0.18582572E+001  0.26127732E+001  0.43826473E+001  0.81164990E+001
  0.30779030E+000  0.34264362E+000  0.45254765E+000  0.59491735E+000  0.79053816E+000  0.88450867E+000  0.11854959E+001  0.18582461E+001  0.26127741E+001  0.43826426E+001  0.81164984E+001
  0.30779033E+000  0.34264376E+000  0.45254783E+000  0.59491735E+000  0.79053822E+000  0.88450894E+000  0.11854961E+001  0.18582351E+001  0.26127749E+001  0.43826377E+001  0.81164978E+001
  0.30779036E+000  0.34264389E+000  0.45254800E+000  0.59491735E+000  0.79053825E+000  0.88450918E+000  0.11854963E+001  0.18581201E+001  0.26127755E+001  0.43826325E+001  0.81164973E+001
  0.30779039E+000  0.34264400E+000  0.45254815E+000  0.59491735E+000  0.79053826E+000  0.88450939E+000  0.11854832E+001  0.18581204E+001  0.26127761E+001  0.43826271E+001  0.81164967E+001
  0.30779041E+000  0.34264410E+000  0.45254828E+000  0.59491735E+000  0.79053824E+000  0.88450957E+000  0.11854449E+001  0.18581205E+001  0.26127766E+001  0.43826215E+001  0.81164961E+001
  0.30779043E+000  0.34264418E+000  0.45254840E+000  0.59491735E+000  0.79053821E+000  0.88450973E+000  0.11854359E+001  0.18581206E+001  0.26127770E+001  0.43826156E+001  0.81164956E+001
  0.30779045E+000  0.34264425E+000  0.45254851E+000  0.59491735E+000  0.79053815E+000  0.88450987E+000  0.11854271E+001  0.18581207E+001  0.26127773E+001  0.43826096E+001  0.81164950E+001
  0.30779046E+000  0.34264431E+000  0.45254860E+000  0.59491735E+000  0.79053808E+000  0.88450999E+000  0.11854186E+001  0.18581207E+001  0.26127776E+001  0.43826033E+001  0.81164944E+001
  0.30779048E+000  0.34264437E+000  0.45254868E+000  0.59491735E+000  0.79053799E+000  0.88451010E+000  0.11854104E+001  0.18581206E+001  0.26127778E+001  0.43825969E+001  0.81164938E+001
  0.30779049E+000  0.34264441E+000  0.45254875E+000  0.59491735E+000  0.79053788E+000  0.88451018E+000  0.11854023E+001  0.18581205E+001  0.26127779E+001  0.43825902E+001  0.81164933E+001
  0.30779050E+000  0.34264444E+000  0.45254881E+000  0.59491735E+000  0.79053776E+000  0.88451025E+000  0.11853945E+001  0.18581203E+001  0.26127780E+001  0.43825834E+001  0.81164927E+001
  0.30779051E+000  0.34264447E+000  0.45254886E+000  0.59491735E+000  0.79053763E+000  0.88451030E+000  0.11853869E+001  0.18581202E+001  0.26127781E+001  0.43825763E+001  0.81164921E+001
  0.30779052E+000  0.34264449E+000  0.45254890E+000  0.59491735E+000  0.79053749E+000  0.88451035E+000  0.11853796E+001  0.18581200E+001  0.26127781E+001  0.43825691E+001  0.81164915E+001
  0.30779052E+000  0.34264451E+000  0.45254894E+000  0.59491735E+000  0.79053733E+000  0.88451038E+000  0.11853724E+001  0.18581197E+001  0.26127780E+001  0.43825617E+001  0.81164908E+001
  0.30779053E+000  0.34264451E+000  0.45254897E+000  0.59491735E+000  0.79053717E+000  0.88451040E+000  0.11853654E+001  0.18581194E+001  0.26127780E+001  0.43825542E+001  0.81164902E+001
  0.30779053E+000  0.34264452E+000  0.45254899E+000  0.59491735E+000  0.79053700E+000  0.88451041E+000  0.11853476E+001  0.18581191E+001  0.26127779E+001  0.43825465E+001  0.81164895E+001
  0.30779054E+000  0.34264452E+000  0.45254901E+000  0.59491735E+000  0.79053683E+000  0.88451041E+000  0.11853368E+001  0.18581188E+001  0.26127777E+001  0.43825386E+001  0.81164889E+001
  0.30779054E+000  0.34264451E+000  0.45254902E+000  0.59491735E+000  0.79053665E+000  0.88451040E+000  0.11852751E+001  0.18581185E+001  0.26127776E+001  0.43825306E+001  0.81164882E+001
  0.30779055E+000  0.34264450E+000  0.45254903E+000  0.59491735E+000  0.79053646E+000  0.88451039E+000  0.11852751E+001  0.18581181E+001  0.26127774E+001  0.43825225E+001  0.81164875E+001
  0.30779055E+000  0.34264449E+000  0.45254903E+000  0.59491735E+000  0.79053627E+000  0.88451037E+000  0.11852751E+001  0.18581178E+001  0.26127772E+001  0.43825142E+001  0.81164867E+001
  0.30779055E+000  0.34264448E+000  0.45254903E+000  0.59491735E+000  0.79053607E+000  0.88451035E+000  0.11852751E+001  0.18581174E+001  0.26127770E+001  0.43825058E+001  0.81164860E+001
  0.30779055E+000  0.34264446E+000  0.45254903E+000  0.59491735E+000  0.79053588E+000  0.88451032E+000  0.11852751E+001  0.18581170E+001  0.26127767E+001  0.43824972E+001  0.81164852E+001
  0.30779055E+000  0.34264444E+000  0.45254902E+000  0.59491735E+000  0.79053568E+000  0.88451029E+000  0.11852750E+001  0.18581166E+001  0.26127765E+001  0.43824886E+001  0.81164844E+001
  0.30779055E+000  0.34264442E+000  0.45254902E+000  0.59491735E+000  0.79053547E+000  0.88451025E+000  0.11852750E+001  0.18581162E+001  0.26127762E+001  0.43824798E+001  0.81164836E+001
  0.30779055E+000  0.34264440E+000  0.45254901E+000  0.59491735E+000  0.79053527E+000  0.88451021E+000  0.11852749E+001  0.18581158E+001  0.26127759E+001  0.43824710E+001  0.81164827E+001
  0.30779055E+000  0.34264438E+000  0.45254900E+000  0.59491735E+000  0.79053507E+000  0.88451017E+000  0.11852749E+001  0.18581154E+001  0.26127757E+001  0.43824620E+001  0.81164819E+001
  0.30779055E+000  0.34264436E+000  0.45254898E+000  0.59491735E+000  0.79053487E+000  0.88451013E+000  0.11852748E+001  0.18581150E+001  0.26127754E+001  0.43824530E+001  0.81164810E+001
  0.30779055E+000  0.34264433E+000  0.45254897E+000  0.59491735E+000  0.79053467E+000  0.88451008E+000  0.11852748E+001  0.18581145E+001  0.26127751E+001  0.43824439E+001  0.81164801E+001
  0.30779055E+000  0.34264431E+000  0.45254895E+000  0.59491735E+000  0.79053447E+000  0.88451004E+000  0.11852747E+001  0.18581141E+001  0.26127748E+001  0.43824347E+001  0.81164791E+001
  0.30779055E+000  0.34264428E+000  0.45254894E+000  0.59491735E+000  0.79053427E+000  0.88450999E+000  0.11852746E+001  0.18581137E+001  0.26127745E+001  0.43824255E+001  0.81164782E+001
  0.30779054E+000  0.34264426E+000  0.45254892E+000  0.59491735E+000  0.79053407E+000  0.88450994E+000  0.11852745E+001  0.18581133E+001  0.26127742E+001  0.43824162E+001  0.81164772E+001
  0.30779054E+000  0.34264423E+000  0.45254890E+000  0.59491735E+000  0.79053387E+000  0.88450990E+000  0.11852745E+001  0.18581129E+001  0.26127739E+001  0.43824069E+001  0.81164762E+001
  0.30779054E+000  0.34264421E+000  0.45254889E+000  0.59491735E+000  0.79053368E+000  0.88450985E+000  0.11852744E+001  0.18581125E+001  0.26127736E+001  0.43823975E+001  0.81164752E+001
  0.30779054E+000  0.34264418E+000  0.45254887E+000  0.59491735E+000  0.79053349E+000  0.88450980E+000  0.11852743E+001  0.18581121E+001  0.26127733E+001  0.43823881E+001  0.81164741E+001
  0.30779054E+000  0.34264416E+000  0.45254885E+000  0.59491735E+000  0.79053331E+000  0.88450975E+000  0.11852742E+001  0.18581117E+001  0.26127730E+001  0.43823787E+001  0.81164730E+001
  0.30779054E+000  0.34264414E+000  0.45254884E+000  0.59491735E+000  0.79053312E+000  0.88450971E+000  0.11852741E+001  0.18581113E+001  0.26127727E+001  0.43823693E+001  0.81164719E+001
  0.30779053E+000  0.34264411E+000  0.45254882E+000  0.59491735E+000  0.79053294E+000  0.88450966E+000  0.11852741E+001  0.18581109E+001  0.26127724E+001  0.43823599E+001  0.81164708E+001
  0.30779053E+000  0.34264409E+000  0.45254880E+000  0.59491735E+000  0.79053277E+000  0.88450962E+000  0.11852740E+001  0.18581105E+001  0.26127722E+001  0.43823505E+001  0.81164697E+001
  0.30779053E+000  0.34264407E+000  0.45254878E+000  0.59491735E+000  0.79053259E+000  0.88450958E+000  0.11852739E+001  0.18581102E+001  0.26127719E+001  0.43823412E+001  0.81164685E+001
  0.30779053E+000  0.34264404E+000  0.45254877E+000  0.59491735E+000  0.79053243E+000  0.88450953E+000  0.11852738E+001  0.18581098E+001  0.26127716E+001  0.43823318E+001  0.81164674E+001
  0.30779053E+000  0.34264402E+000  0.45254875E+000  0.59491735E+000  0.79053226E+000  0.88450949E+000  0.11852738E+001  0.18581095E+001  0.26127713E+001  0.43823225E+001  0.81164662E+001
  0.30779052E+000  0.34264400E+000  0.45254874E+000  0.59491735E+000  0.79053210E+000  0.88450945E+000  0.11852737E+001  0.18581091E+001  0.26127711E+001  0.43823132E+001  0.81164650E+001
  0.30779052E+000  0.34264398E+000  0.45254872E+000  0.59491735E+000  0.79053195E+000  0.88450942E+000  0.11852736E+001  0.18581088E+001  0.26127708E+001  0.43823039E+001  0.81164637E+001
  0.30779052E+000  0.34264397E+000  0.45254871E+000  0.59491735E+000  0.79053180E+000  0.88450938E+000  0.11852736E+001  0.18581085E+001  0.26127706E+001  0.43806476E+001  0.81164625E+001
  0.30779052E+000  0.34264395E+000  0.45254869E+000  0.59491735E+000  0.79053165E+000  0.88450934E+000  0.11852735E+001  0.18581081E+001  0.26127703E+001  0.43805284E+001  0.81164613E+001
  0.30779052E+000  0.34264393E+000  0.45254868E+000  0.59491735E+000  0.79053151E+000  0.88450931E+000  0.11852734E+001  0.18581078E+001  0.26127701E+001  0.43804100E+001  0.81164600E+001
  0.30779052E+000  0.34264392E+000  0.45254867E+000  0.59491735E+000  0.79053138E+000  0.88450928E+000  0.11852734E+001  0.18581075E+001  0.26127699E+001  0.43802926E+001  0.81164587E+001
  0.30779051E+000  0.34264390E+000  0.45254866E+000  0.59491735E+000  0.79053125E+000  0.88450925E+000  0.11852733E+001  0.18581072E+001  0.26127697E+001  0.43801762E+001  0.81164574E+001
  0.30779051E+000  0.34264389E+000  0.45254865E+000  0.59491735E+000  0.79053112E+000  0.88450922E+000  0.11852733E+001  0.18581070E+001  0.26127695E+001  0.43800609E+001  0.81164562E+001
  0.30779051E+000  0.34264387E+000  0.45254864E+000  0.59491735E+000  0.79053100E+000  0.88450920E+000  0.11852732E+001  0.18581067E+001  0.26127693E+001  0.43798983E+001  0.81164549E+001
  0.30779051E+000  0.34264386E+000  0.45254863E+000  0.59491735E+000  0.79053089E+000  0.88450917E+000  0.11852732E+001  0.18581064E+001  0.26127691E+001  0.43796305E+001  0.81164536E+001
  0.30779051E+000  0.34264385E+000  0.45254862E+000  0.59491735E+000  0.79053077E+000  0.88450915E+000  0.11852732E+001  0.18581062E+001  0.26127689E+001  0.43793659E+001  0.81164523E+001
  0.30779051E+000  0.34264384E+000  0.45254861E+000  0.59491735E+000  0.79053067E+000  0.88450913E+000  0.11852731E+001  0.18581059E+001  0.26127687E+001  0.43791045E+001  0.81164509E+001
  0.30779051E+000  0.34264383E+000  0.45254860E+000  0.59491735E+000  0.79053057E+000  0.88450911E+000  0.11852731E+001  0.18581057E+001  0.26127685E+001  0.43790657E+001  0.81164496E+001
  0.30779051E+000  0.34264382E+000  0.45254859E+000  0.59491735E+000  0.79053047E+000  0.88450909E+000  0.11852730E+001  0.18581055E+001  0.26127684E+001  0.43790413E+001  0.81164483E+001
  0.30779050E+000  0.34264381E+000  0.45254859E+000  0.59491735E+000  0.79053038E+000  0.88450907E+000  0.11852730E+001  0.18581052E+001  0.26127682E+001  0.43788784E+001  0.81164470E+001
  0.30779050E+000  0.34264380E+000  0.45254858E+000  0.59491735E+000  0.79053029E+000  0.88450906E+000  0.11852730E+001  0.18581050E+001  0.26127680E+001  0.43786965E+001  0.81164457E+001
  0.30779050E+000  0.34264380E+000  0.45254858E+000  0.59491735E+000  0.79053021E+000  0.88450904E+000  0.11852730E+001  0.18581048E+001  0.26127679E+001  0.43785174E+001  0.81164444E+001
  0.30779050E+000  0.34264379E+000  0.45254857E+000  0.59491735E+000  0.79053013E+000  0.88450903E+000  0.11852729E+001  0.18581046E+001  0.26127677E+001  0.43783412E+001  0.81164431E+001
  0.30779050E+000  0.34264379E+000  0.45254857E+000  0.59491735E+000  0.79053005E+000  0.88450902E+000  0.11852729E+001  0.18581044E+001  0.26127676E+001  0.43781679E+001  0.81164418E+001
  0.30779050E+000  0.34264378E+000  0.45254856E+000  0.59491735E+000  0.79052998E+000  0.88450901E+000  0.11852729E+001  0.18581042E+001  0.26127675E+001  0.43779976E+001  0.81164405E+001
  0.30779050E+000  0.34264378E+000  0.45254856E+000  0.59491735E+000  0.79052992E+000  0.88450900E+000  0.11852729E+001  0.18581041E+001  0.26127674E+001  0.43778304E+001  0.81164392E+001
  0.30779050E+000  0.34264377E+000  0.45254856E+000  0.59491735E+000  0.79052985E+000  0.88450899E+000  0.11852729E+001  0.18581039E+001  0.26127672E+001  0.43776663E+001  0.81164380E+001
  0.30779050E+000  0.34264377E+000  0.45254856E+000  0.59491735E+000  0.79052980E+000  0.88450899E+000  0.11852728E+001  0.18581037E+001  0.26127671E+001  0.43771837E+001  0.81164367E+001
  0.30779050E+000  0.34264377E+000  0.45254855E+000  0.59491735E+000  0.79052974E+000  0.88450898E+000  0.11852728E+001  0.18581036E+001  0.26127670E+001  0.43758274E+001  0.81164354E+001
  0.30779050E+000  0.34264376E+000  0.45254855E+000  0.59491735E+000  0.79052969E+000  0.88450897E+000  0.11852728E+001  0.18580287E+001  0.26127669E+001  0.43757983E+001  0.81164342E+001
  0.30779050E+000  0.34264376E+000  0.45254855E+000  0.59491735E+000  0.79052964E+000  0.88450897E+000  0.11852728E+001  0.18579780E+001  0.26127668E+001  0.43757453E+001  0.81164330E+001
  0.30779050E+000  0.34264376E+000  0.45254855E+000  0.59491735E+000  0.79052959E+000  0.88450897E+000  0.11852728E+001  0.18579287E+001  0.26127667E+001  0.43756618E+001  0.81164318E+001
  0.30779050E+000  0.34264376E+000  0.45254855E+000  0.59491735E+000  0.79052955E+000  0.88450896E+000  0.11852728E+001  0.18578809E+001  0.26127666E+001  0.43755801E+001  0.81164306E+001
  0.30779050E+000  0.34264376E+000  0.45254855E+000  0.59491735E+000  0.79052951E+000  0.88450896E+000  0.11852728E+001  0.18578345E+001  0.26127665E+001  0.43755002E+001  0.81164294E+001
  0.30779050E+000  0.34264376E+000  0.45254855E+000  0.59491735E+000  0.79052948E+000  0.88450896E+000  0.11852728E+001  0.18577896E+001  0.26127665E+001  0.43754221E+001  0.81164282E+001
  0.30779050E+000  0.34264376E+000  0.45254855E+000  0.59491735E+000  0.79052944E+000  0.88450896E+000  0.11852728E+001  0.18577460E+001  0.26127664E+001  0.43753458E+001  0.81164271E+001
  0.30779050E+000  0.34264376E+000  0.45254855E+000  0.59491735E+000  0.79052941E+000  0.88450896E+000  0.11852728E+001  0.18577039E+001  0.26127663E+001  0.43752713E+001  0.81164259E+001
  0.30779050E+000  0.34264376E+000  0.45254855E+000  0.59491735E+000  0.79052938E+000  0.88450896E+000  0.11852728E+001  0.18576631E+001  0.26127662E+001  0.43751986E+001  0.81164248E+001
  0.30779050E+000  0.34264376E+000  0.45254855E+000  0.59491735E+000  0.79052935E+000  0.88450896E+000  0.11852728E+001  0.18576237E+001  0.26127662E+001  0.43751276E+001  0.81164237E+001
  0.30779050E+000  0.34264376E+000  0.45254855E+000  0.59491735E+000  0.79052933E+000  0.88450896E+000  0.11852728E+001  0.18575845E+001  0.26127661E+001  0.43750583E+001  0.81164226E+001
  0.30779050E+000  0.34264376E+000  0.45254855E+000  0.59491735E+000  0.79052930E+000  0.88450896E+000  0.11852728E+001  0.18575354E+001  0.26127660E+001  0.43749908E+001  0.81164216E+001
  0.30779050E+000  0.34264376E+000  0.45254855E+000  0.59491735E+000  0.79052928E+000  0.88450896E+000  0.11852728E+001  0.18575320E+001  0.26127660E+001  0.43749251E+001  0.81164205E+001
  0.30779050E+000  0.34264376E+000  0.45254856E+000  0.59491735E+000  0.79052926E+000  0.88450896E+000  0.11852728E+001  0.18575300E+001  0.26127659E+001  0.43748610E+001  0.81164195E+001
  0.30779050E+000  0.34264376E+000  0.45254856E+000  0.59491735E+000  0.79052924E+000  0.88450896E+000  0.11852728E+001  0.18575280E+001  0.26127659E+001  0.43747986E+001  0.81164185E+001
  0.30779050E+000  0.34264376E+000  0.45254856E+000  0.59491735E+000  0.79052922E+000  0.88450896E+000  0.11852728E+001  0.18575261E+001  0.26127658E+001  0.43747379E+001  0.81164175E+001
  0.30779050E+000  0.34264376E+000  0.45254856E+000  0.59491735E+000  0.79052921E+000  0.88450896E+000  0.11852728E+001  0.18575243E+001  0.26127657E+001  0.43746788E+001  0.81164166E+001
  0.30779050E+000  0.34264376E+000  0.45254856E+000  0.59491735E+000  0.79052919E+000  0.88450896E+000  0.11852728E+001  0.18575225E+001  0.26127657E+001  0.43723595E+001  0.81164156E+001
  0.30779050E+000  0.34264376E+000  0.45254856E+000  0.59491735E+000  0.79052918E+000  0.88450896E+000  0.11852728E+001  0.18575209E+001  0.26127656E+001  0.43723487E+001  0.81164147E+001
  0.30779050E+000  0.34264376E+000  0.45254856E+000  0.59491735E+000  0.79052917E+000  0.88450896E+000  0.11852728E+001  0.18575193E+001  0.26127656E+001  0.43723383E+001  0.81164138E+001
  0.30779050E+000  0.34264376E+000  0.45254856E+000  0.59491735E+000  0.79052915E+000  0.88450896E+000  0.11852728E+001  0.18575177E+001  0.26127655E+001  0.43723281E+001  0.81164129E+001
  0.30779050E+000  0.34264377E+000  0.45254856E+000  0.59491735E+000  0.79052914E+000  0.88450896E+000  0.11852728E+001  0.18575162E+001  0.26127655E+001  0.43723183E+001  0.81164121E+001
  0.30779050E+000  0.34264377E+000  0.45254857E+000  0.59491735E+000  0.79052913E+000  0.88450896E+000  0.11852728E+001  0.18575148E+001  0.26127654E+001  0.43723087E+001  0.81164113E+001
  0.30779050E+000  0.34264377E+000  0.45254857E+000  0.59491735E+000  0.79052912E+000  0.88450896E+000  0.11852728E+001  0.18575135E+001  0.26127654E+001  0.43722994E+001  0.81164105E+001
  0.30779050E+000  0.34264377E+000  0.45254857E+000  0.59491735E+000  0.79052910E+000  0.88450896E+000  0.11852728E+001  0.18575122E+001  0.26127653E+001  0.43722904E+001  0.81164097E+001
  0.30779050E+000  0.34264376E+000  0.45254856E+000  0.59491735E+000  0.79052907E+000  0.88450894E+000  0.11852728E+001  0.18575109E+001  0.26127653E+001  0.43722817E+001  0.81164089E+001
  0.30779050E+000  0.34264375E+000  0.45254855E+000  0.59491735E+000  0.79052905E+000  0.88450893E+000  0.11852727E+001  0.18575096E+001  0.26127652E+001  0.43722732E+001  0.81164082E+001
