 -0.93136838E+000 -0.83200798E+000 -0.54954850E+000 -0.18462065E+000 -0.52196989E-002  0.96542082E-003  0.91442160E+000  0.45470511E+001  0.88191833E+001  0.15860427E+002  0.21714189E+002
 -0.93148241E+000 -0.83222954E+000 -0.55012620E+000 -0.18557053E+000 -0.54150866E-002  0.89809359E-003  0.90972335E+000  0.45430126E+001  0.88133147E+001  0.15846358E+002  0.21700536E+002
 -0.93155618E+000 -0.83239655E+000 -0.55058419E+000 -0.18630765E+000 -0.54472131E-002  0.88403793E-003  0.90646322E+000  0.45396462E+001  0.88083651E+001  0.15834455E+002  0.21688923E+002
 -0.93160071E+000 -0.83251783E+000 -0.55093951E+000 -0.18686926E+000 -0.54447718E-002  0.88595347E-003  0.90432291E+000  0.45368866E+001  0.88042459E+001  0.15824472E+002  0.21679151E+002
 -0.93162439E+000 -0.83260138E+000 -0.55120814E+000 -0.18728656E+000 -0.54313789E-002  0.89255468E-003  0.90302905E+000  0.45346575E+001  0.88008653E+001  0.15816242E+002  0.21671017E+002
 -0.93163328E+000 -0.83265441E+000 -0.55140431E+000 -0.18758555E+000 -0.54140574E-002  0.90022909E-003  0.90235878E+000  0.45328840E+001  0.87981357E+001  0.15809575E+002  0.21664316E+002
 -0.93163179E+000 -0.83268322E+000 -0.55154034E+000 -0.18778774E+000 -0.53954620E-002  0.90770731E-003  0.90213715E+000  0.45314985E+001  0.87959755E+001  0.15804255E+002  0.21658853E+002
 -0.93162310E+000 -0.83269311E+000 -0.55162677E+000 -0.18791085E+000 -0.53771349E-002  0.91452623E-003  0.90222952E+000  0.45304386E+001  0.87943091E+001  0.15800080E+002  0.21654451E+002
 -0.93160945E+000 -0.83268852E+000 -0.55167242E+000 -0.18796961E+000 -0.53601179E-002  0.92066832E-003  0.90253267E+000  0.45296516E+001  0.87930665E+001  0.15796876E+002  0.21650939E+002
 -0.93159246E+000 -0.83267302E+000 -0.55168469E+000 -0.18797625E+000 -0.53441530E-002  0.92616097E-003  0.90296773E+000  0.45290932E+001  0.87921837E+001  0.15794497E+002  0.21648192E+002
 -0.93157330E+000 -0.83264942E+000 -0.55166976E+000 -0.18794087E+000 -0.53292988E-002  0.93099407E-003  0.90347558E+000  0.45287266E+001  0.87916032E+001  0.15792819E+002  0.21646101E+002
 -0.93155283E+000 -0.83261999E+000 -0.55163281E+000 -0.18787255E+000 -0.53157638E-002  0.93520805E-003  0.90400316E+000  0.45285214E+001  0.87912749E+001  0.15791758E+002  0.21644572E+002
 -0.93153163E+000 -0.83258643E+000 -0.55157814E+000 -0.18777813E+000 -0.53035998E-002  0.93887534E-003  0.90451931E+000  0.45284519E+001  0.87911550E+001  0.15791227E+002  0.21643525E+002
 -0.93151013E+000 -0.83255009E+000 -0.55150937E+000 -0.18766324E+000 -0.52927619E-002  0.94206263E-003  0.90501998E+000  0.45284967E+001  0.87912069E+001  0.15791152E+002  0.21642892E+002
 -0.93148863E+000 -0.83251199E+000 -0.55142949E+000 -0.18753255E+000 -0.52831522E-002  0.94482688E-003  0.90550211E+000  0.45286378E+001  0.87914002E+001  0.15791468E+002  0.21642617E+002
 -0.93146733E+000 -0.83247291E+000 -0.55134100E+000 -0.18738992E+000 -0.52746563E-002  0.94723913E-003  0.90596498E+000  0.45288601E+001  0.87917099E+001  0.15792121E+002  0.21642649E+002
 -0.93144639E+000 -0.83243344E+000 -0.55124598E+000 -0.18723853E+000 -0.52671551E-002  0.94935278E-003  0.90640989E+000  0.45291509E+001  0.87921155E+001  0.15793064E+002  0.21642947E+002
 -0.93142589E+000 -0.83239401E+000 -0.55114614E+000 -0.18708105E+000 -0.52605360E-002  0.95121073E-003  0.90683792E+000  0.45294994E+001  0.87926005E+001  0.15794257E+002  0.21643476E+002
 -0.93140589E+000 -0.83235495E+000 -0.55104291E+000 -0.18691966E+000 -0.52546935E-002  0.95284907E-003  0.90724995E+000  0.45298963E+001  0.87931513E+001  0.15795664E+002  0.21644206E+002
 -0.93138644E+000 -0.83231648E+000 -0.55093747E+000 -0.18675620E+000 -0.52491962E-002  0.95434208E-003  0.90764674E+000  0.45303338E+001  0.87937569E+001  0.15797255E+002  0.21645113E+002
 -0.93136754E+000 -0.83227878E+000 -0.55083077E+000 -0.18659217E+000 -0.52435555E-002  0.95576496E-003  0.90802898E+000  0.45308052E+001  0.87944082E+001  0.15799001E+002  0.21646174E+002
 -0.93134922E+000 -0.83224195E+000 -0.55072363E+000 -0.18642884E+000 -0.52379423E-002  0.95710317E-003  0.90839727E+000  0.45313048E+001  0.87950978E+001  0.15800880E+002  0.21647372E+002
 -0.93133146E+000 -0.83220607E+000 -0.55061669E+000 -0.18626728E+000 -0.52324960E-002  0.95834800E-003  0.90875209E+000  0.45318276E+001  0.87958196E+001  0.15802868E+002  0.21648691E+002
 -0.93131426E+000 -0.83217116E+000 -0.55051049E+000 -0.18610835E+000 -0.52273209E-002  0.95949574E-003  0.90909359E+000  0.45323694E+001  0.87965683E+001  0.15804947E+002  0.21650119E+002
 -0.93129763E+000 -0.83213726E+000 -0.55040547E+000 -0.18595280E+000 -0.52224904E-002  0.96054628E-003  0.90942254E+000  0.45329263E+001  0.87973397E+001  0.15807099E+002  0.21651645E+002
 -0.93128153E+000 -0.83210435E+000 -0.55030199E+000 -0.18580125E+000 -0.52180513E-002  0.96150207E-003  0.90973965E+000  0.45334952E+001  0.87981300E+001  0.15809307E+002  0.21653261E+002
 -0.93126597E+000 -0.83207242E+000 -0.55020033E+000 -0.18565419E+000 -0.52140274E-002  0.96236754E-003  0.91004555E+000  0.45340730E+001  0.87989363E+001  0.15811558E+002  0.21654957E+002
 -0.93125093E+000 -0.83204145E+000 -0.55010073E+000 -0.18551206E+000 -0.52104255E-002  0.96314818E-003  0.91034081E+000  0.45346574E+001  0.87997560E+001  0.15813839E+002  0.21656728E+002
 -0.93123640E+000 -0.83201142E+000 -0.55000338E+000 -0.18537521E+000 -0.52072390E-002  0.96385021E-003  0.91062598E+000  0.45352460E+001  0.88005869E+001  0.15816139E+002  0.21658569E+002
 -0.93122237E+000 -0.83198229E+000 -0.54990843E+000 -0.18524390E+000 -0.52044516E-002  0.96448014E-003  0.91090157E+000  0.45358369E+001  0.88014270E+001  0.15818447E+002  0.21660474E+002
 -0.93120883E+000 -0.83195405E+000 -0.54981601E+000 -0.18511837E+000 -0.52020404E-002  0.96504452E-003  0.91116805E+000  0.45364282E+001  0.88022747E+001  0.15820755E+002  0.21662439E+002
 -0.93119578E+000 -0.83192665E+000 -0.54972621E+000 -0.18499876E+000 -0.51999783E-002  0.96554970E-003  0.91142587E+000  0.45370186E+001  0.88031284E+001  0.15823055E+002  0.21664461E+002
 -0.93118320E+000 -0.83190007E+000 -0.54963911E+000 -0.18488520E+000 -0.51982358E-002  0.96600172E-003  0.91167543E+000  0.45376066E+001  0.88039869E+001  0.15825341E+002  0.21666535E+002
 -0.93117109E+000 -0.83187429E+000 -0.54955477E+000 -0.18477773E+000 -0.51967829E-002  0.96640625E-003  0.91191710E+000  0.45381910E+001  0.88048488E+001  0.15827606E+002  0.21668659E+002
 -0.93115946E+000 -0.83184929E+000 -0.54947325E+000 -0.18467639E+000 -0.51955897E-002  0.96676847E-003  0.91215121E+000  0.45387707E+001  0.88057128E+001  0.15829846E+002  0.21670829E+002
 -0.93114829E+000 -0.83182505E+000 -0.54939459E+000 -0.18458115E+000 -0.51946276E-002  0.96709309E-003  0.91237804E+000  0.45393448E+001  0.88065777E+001  0.15832057E+002  0.21673041E+002
 -0.93113758E+000 -0.83180156E+000 -0.54931883E+000 -0.18449197E+000 -0.51938696E-002  0.96738433E-003  0.91259784E+000  0.45399124E+001  0.88074419E+001  0.15834235E+002  0.21675292E+002
 -0.93112735E+000 -0.83177882E+000 -0.54924600E+000 -0.18440874E+000 -0.51932911E-002  0.96764591E-003  0.91281080E+000  0.45404728E+001  0.88083043E+001  0.15836378E+002  0.21677576E+002
 -0.93111758E+000 -0.83175682E+000 -0.54917614E+000 -0.18433136E+000 -0.51928693E-002  0.96788113E-003  0.91301707E+000  0.45410253E+001  0.88091632E+001  0.15838483E+002  0.21679890E+002
 -0.93110829E+000 -0.83173558E+000 -0.54910929E+000 -0.18425969E+000 -0.51925841E-002  0.96809280E-003  0.91321676E+000  0.45415692E+001  0.88100171E+001  0.15840549E+002  0.21682228E+002
 -0.93109947E+000 -0.83171509E+000 -0.54904549E+000 -0.18419355E+000 -0.51924177E-002  0.96828335E-003  0.91340993E+000  0.45421038E+001  0.88108643E+001  0.15842574E+002  0.21684583E+002
 -0.93109115E+000 -0.83169539E+000 -0.54898477E+000 -0.18413278E+000 -0.51923546E-002  0.96845483E-003  0.91359659E+000  0.45426287E+001  0.88117032E+001  0.15844558E+002  0.21686949E+002
 -0.93108331E+000 -0.83167649E+000 -0.54892718E+000 -0.18407719E+000 -0.51923813E-002  0.96860897E-003  0.91377673E+000  0.45431432E+001  0.88125318E+001  0.15846498E+002  0.21689318E+002
 -0.93107599E+000 -0.83165842E+000 -0.54887276E+000 -0.18402657E+000 -0.51924863E-002  0.96874718E-003  0.91395031E+000  0.45436467E+001  0.88133484E+001  0.15848396E+002  0.21691683E+002
 -0.93106918E+000 -0.83164121E+000 -0.54882156E+000 -0.18398072E+000 -0.51926601E-002  0.96887063E-003  0.91411722E+000  0.45441388E+001  0.88141512E+001  0.15850250E+002  0.21694036E+002
 -0.93106290E+000 -0.83162490E+000 -0.54877363E+000 -0.18393943E+000 -0.51928942E-002  0.96898030E-003  0.91427739E+000  0.45446186E+001  0.88149381E+001  0.15852059E+002  0.21696368E+002
 -0.93105716E+000 -0.83160953E+000 -0.54872902E+000 -0.18390250E+000 -0.51931818E-002  0.96907695E-003  0.91443068E+000  0.45450858E+001  0.88157076E+001  0.15853823E+002  0.21698670E+002
 -0.93105199E+000 -0.83159513E+000 -0.54868776E+000 -0.18386974E+000 -0.51935174E-002  0.96916117E-003  0.91457695E+000  0.45455397E+001  0.88164578E+001  0.15855540E+002  0.21700932E+002
 -0.93104738E+000 -0.83158176E+000 -0.54864990E+000 -0.18384093E+000 -0.51938961E-002  0.96923350E-003  0.91471607E+000  0.45459796E+001  0.88171870E+001  0.15857209E+002  0.21703147E+002
 -0.93104335E+000 -0.83156945E+000 -0.54861548E+000 -0.18381589E+000 -0.51943143E-002  0.96929428E-003  0.91484790E+000  0.45464051E+001  0.88178939E+001  0.15858830E+002  0.21705304E+002
 -0.93103993E+000 -0.83155824E+000 -0.54858453E+000 -0.18379444E+000 -0.51947683E-002  0.96934389E-003  0.91497230E+000  0.45468154E+001  0.88185770E+001  0.15860399E+002  0.21707397E+002
 -0.93103712E+000 -0.83154817E+000 -0.54855705E+000 -0.18377639E+000 -0.51952556E-002  0.96938259E-003  0.91508914E+000  0.45472101E+001  0.88192349E+001  0.15861915E+002  0.21709415E+002
 -0.93103493E+000 -0.83153928E+000 -0.54853306E+000 -0.18376158E+000 -0.51957739E-002  0.96941062E-003  0.91519831E+000  0.45475886E+001  0.88198667E+001  0.15863375E+002  0.21711353E+002
 -0.93103337E+000 -0.83153159E+000 -0.54851256E+000 -0.18374985E+000 -0.51963210E-002  0.96942822E-003  0.91529973E+000  0.45479503E+001  0.88204713E+001  0.15864776E+002  0.21713203E+002
 -0.93103245E+000 -0.83152513E+000 -0.54849552E+000 -0.18374102E+000 -0.51968950E-002  0.96943562E-003  0.91539333E+000  0.45482948E+001  0.88210478E+001  0.15866115E+002  0.21714958E+002
 -0.93103218E+000 -0.83151992E+000 -0.54848191E+000 -0.18373495E+000 -0.51974943E-002  0.96943305E-003  0.91547906E+000  0.45486216E+001  0.88215954E+001  0.15867389E+002  0.21716614E+002
 -0.93103254E+000 -0.83151596E+000 -0.54847167E+000 -0.18373150E+000 -0.51981174E-002  0.96942074E-003  0.91555694E+000  0.45489303E+001  0.88221133E+001  0.15868595E+002  0.21718165E+002
 -0.93103355E+000 -0.83151326E+000 -0.54846475E+000 -0.18373051E+000 -0.51987624E-002  0.96939900E-003  0.91562699E+000  0.45492206E+001  0.88226009E+001  0.15869728E+002  0.21719608E+002
 -0.93103520E+000 -0.83151182E+000 -0.54846106E+000 -0.18373184E+000 -0.51994281E-002  0.96936809E-003  0.91568926E+000  0.45494919E+001  0.88230576E+001  0.15870786E+002  0.21720940E+002
 -0.93103747E+000 -0.83151161E+000 -0.54846050E+000 -0.18373537E+000 -0.52001129E-002  0.96932834E-003  0.91574386E+000  0.45497442E+001  0.88234828E+001  0.15871764E+002  0.21722158E+002
 -0.93104035E+000 -0.83151262E+000 -0.54846295E+000 -0.18374094E+000 -0.52008150E-002  0.96928011E-003  0.91579093E+000  0.45499770E+001  0.88238758E+001  0.15872662E+002  0.21723262E+002
 -0.93104383E+000 -0.83151482E+000 -0.54846830E+000 -0.18374843E+000 -0.52015332E-002  0.96922374E-003  0.91583062E+000  0.45501903E+001  0.88242362E+001  0.15873475E+002  0.21724250E+002
 -0.93104788E+000 -0.83151816E+000 -0.54847640E+000 -0.18375772E+000 -0.52022657E-002  0.96915966E-003  0.91586314E+000  0.45503836E+001  0.88245633E+001  0.15874201E+002  0.21725123E+002
 -0.93105248E+000 -0.83152260E+000 -0.54848709E+000 -0.18376866E+000 -0.52030110E-002  0.96908828E-003  0.91588870E+000  0.45505570E+001  0.88248568E+001  0.15874839E+002  0.21725883E+002
 -0.93105761E+000 -0.83152810E+000 -0.54850023E+000 -0.18378114E+000 -0.52037675E-002  0.96901003E-003  0.91590754E+000  0.45507103E+001  0.88251162E+001  0.15875388E+002  0.21726531E+002
 -0.93106322E+000 -0.83153459E+000 -0.54851564E+000 -0.18379503E+000 -0.52045336E-002  0.96892537E-003  0.91591993E+000  0.45508434E+001  0.88253412E+001  0.15875847E+002  0.21727070E+002
 -0.93106930E+000 -0.83154202E+000 -0.54853316E+000 -0.18381021E+000 -0.52053077E-002  0.96883476E-003  0.91592614E+000  0.45509563E+001  0.88255317E+001  0.15876217E+002  0.21727504E+002
 -0.93107580E+000 -0.83155031E+000 -0.54855261E+000 -0.18382657E+000 -0.52060882E-002  0.96873867E-003  0.91592646E+000  0.45510489E+001  0.88256874E+001  0.15876499E+002  0.21727836E+002
 -0.93108269E+000 -0.83155941E+000 -0.54857380E+000 -0.18384399E+000 -0.52068735E-002  0.96863757E-003  0.91592115E+000  0.45511214E+001  0.88258087E+001  0.15876694E+002  0.21728071E+002
 -0.93108994E+000 -0.83156924E+000 -0.54859657E+000 -0.18386237E+000 -0.52076621E-002  0.96853192E-003  0.91591053E+000  0.45511739E+001  0.88258958E+001  0.15876804E+002  0.21728215E+002
 -0.93109750E+000 -0.83157973E+000 -0.54862074E+000 -0.18388159E+000 -0.52084524E-002  0.96842217E-003  0.91589485E+000  0.45512066E+001  0.88259493E+001  0.15876833E+002  0.21728272E+002
 -0.93110534E+000 -0.83159081E+000 -0.54864614E+000 -0.18390155E+000 -0.52092432E-002  0.96830876E-003  0.91587442E+000  0.45512198E+001  0.88259698E+001  0.15876785E+002  0.21728249E+002
 -0.93111343E+000 -0.83160242E+000 -0.54867261E+000 -0.18392216E+000 -0.52100327E-002  0.96819213E-003  0.91584951E+000  0.45512141E+001  0.88259584E+001  0.15876662E+002  0.21728152E+002
 -0.93112172E+000 -0.83161449E+000 -0.54869997E+000 -0.18394332E+000 -0.52108197E-002  0.96807269E-003  0.91582040E+000  0.45511899E+001  0.88259163E+001  0.15876471E+002  0.21727986E+002
 -0.93113018E+000 -0.83162694E+000 -0.54872809E+000 -0.18396495E+000 -0.52116027E-002  0.96795087E-003  0.91578737E+000  0.45511480E+001  0.88258450E+001  0.15876216E+002  0.21727758E+002
 -0.93113878E+000 -0.83163971E+000 -0.54875680E+000 -0.18398694E+000 -0.52123803E-002  0.96782706E-003  0.91575070E+000  0.45510891E+001  0.88257460E+001  0.15875901E+002  0.21727474E+002
 -0.93114747E+000 -0.83165274E+000 -0.54878597E+000 -0.18400922E+000 -0.52128690E-002  0.96773341E-003  0.91571067E+000  0.45510141E+001  0.88256212E+001  0.15875534E+002  0.21727141E+002
 -0.93115623E+000 -0.83166597E+000 -0.54881545E+000 -0.18403170E+000 -0.52132029E-002  0.96765458E-003  0.91566758E+000  0.45509241E+001  0.88254727E+001  0.15875118E+002  0.21726765E+002
 -0.93116502E+000 -0.83167933E+000 -0.54884512E+000 -0.18405430E+000 -0.52134781E-002  0.96758020E-003  0.91562173E+000  0.45508202E+001  0.88253025E+001  0.15874661E+002  0.21726351E+002
 -0.93117381E+000 -0.83169277E+000 -0.54887484E+000 -0.18407693E+000 -0.52137316E-002  0.96750658E-003  0.91557344E+000  0.45507037E+001  0.88251129E+001  0.15874168E+002  0.21725905E+002
 -0.93118257E+000 -0.83170623E+000 -0.54890451E+000 -0.18409952E+000 -0.52139769E-002  0.96743256E-003  0.91552302E+000  0.45505758E+001  0.88249062E+001  0.15873644E+002  0.21725434E+002
 -0.93119127E+000 -0.83171966E+000 -0.54893401E+000 -0.18412200E+000 -0.52142180E-002  0.96735795E-003  0.91547082E+000  0.45504381E+001  0.88246848E+001  0.15873096E+002  0.21724941E+002
 -0.93119988E+000 -0.83173301E+000 -0.54896324E+000 -0.18414430E+000 -0.52144561E-002  0.96728289E-003  0.91541716E+000  0.45502918E+001  0.88244511E+001  0.15872529E+002  0.21724432E+002
 -0.93120837E+000 -0.83174623E+000 -0.54899210E+000 -0.18416635E+000 -0.52146910E-002  0.96720763E-003  0.91536239E+000  0.45501385E+001  0.88242074E+001  0.15871947E+002  0.21723913E+002
 -0.93121672E+000 -0.83175928E+000 -0.54902049E+000 -0.18418808E+000 -0.52149222E-002  0.96713250E-003  0.91530686E+000  0.45499797E+001  0.88239561E+001  0.15871356E+002  0.21723386E+002
 -0.93122491E+000 -0.83177211E+000 -0.54904833E+000 -0.18420942E+000 -0.52151490E-002  0.96705779E-003  0.91525093E+000  0.45498166E+001  0.88236993E+001  0.15870760E+002  0.21722856E+002
 -0.93123291E+000 -0.83178468E+000 -0.54907555E+000 -0.18423033E+000 -0.52153708E-002  0.96698380E-003  0.91519492E+000  0.45496509E+001  0.88234393E+001  0.15870164E+002  0.21722328E+002
 -0.93124070E+000 -0.83179696E+000 -0.54910206E+000 -0.18425073E+000 -0.52155870E-002  0.96691085E-003  0.91513918E+000  0.45494838E+001  0.88231780E+001  0.15869572E+002  0.21721803E+002
 -0.93124826E+000 -0.83180891E+000 -0.54912780E+000 -0.18427058E+000 -0.52157971E-002  0.96683920E-003  0.91508401E+000  0.45493165E+001  0.88229174E+001  0.15868986E+002  0.21721286E+002
 -0.93125557E+000 -0.83182050E+000 -0.54915272E+000 -0.18428984E+000 -0.52160006E-002  0.96676910E-003  0.91502972E+000  0.45491503E+001  0.88226592E+001  0.15868411E+002  0.21720778E+002
 -0.93126263E+000 -0.83183172E+000 -0.54917677E+000 -0.18430846E+000 -0.52161971E-002  0.96670079E-003  0.91497658E+000  0.45489862E+001  0.88224049E+001  0.15867849E+002  0.21720283E+002
 -0.93126941E+000 -0.83184252E+000 -0.54919991E+000 -0.18432642E+000 -0.52163863E-002  0.96663446E-003  0.91492484E+000  0.45488252E+001  0.88221560E+001  0.15867303E+002  0.21719802E+002
 -0.93127592E+000 -0.83185291E+000 -0.54922210E+000 -0.18434367E+000 -0.52165680E-002  0.96657030E-003  0.91487473E+000  0.45486683E+001  0.88219136E+001  0.15866774E+002  0.21719338E+002
 -0.93128214E+000 -0.83186286E+000 -0.54924332E+000 -0.18436021E+000 -0.52167419E-002  0.96650845E-003  0.91482644E+000  0.45485161E+001  0.88216790E+001  0.15866265E+002  0.21718891E+002
 -0.93128807E+000 -0.83187236E+000 -0.54926356E+000 -0.18437602E+000 -0.52169079E-002  0.96644903E-003  0.91478014E+000  0.45483692E+001  0.88214529E+001  0.15865776E+002  0.21718463E+002
 -0.93129370E+000 -0.83188142E+000 -0.54928281E+000 -0.18439109E+000 -0.52170660E-002  0.96639212E-003  0.91473595E+000  0.45482284E+001  0.88212361E+001  0.15865309E+002  0.21718054E+002
 -0.93129904E+000 -0.83189001E+000 -0.54930107E+000 -0.18440541E+000 -0.52172163E-002  0.96633778E-003  0.91469398E+000  0.45480939E+001  0.88210291E+001  0.15864865E+002  0.21717666E+002
 -0.93130409E+000 -0.83189816E+000 -0.54931834E+000 -0.18441899E+000 -0.52173587E-002  0.96628606E-003  0.91465432E+000  0.45479661E+001  0.88208325E+001  0.15864444E+002  0.21717298E+002
 -0.93130885E+000 -0.83190585E+000 -0.54933464E+000 -0.18443184E+000 -0.52174935E-002  0.96623695E-003  0.91461699E+000  0.45478452E+001  0.88206465E+001  0.15864047E+002  0.21716951E+002
 -0.93131332E+000 -0.83191310E+000 -0.54934999E+000 -0.18444397E+000 -0.52176208E-002  0.96619044E-003  0.91458204E+000  0.45477314E+001  0.88204712E+001  0.15863673E+002  0.21716625E+002
 -0.93131752E+000 -0.83191992E+000 -0.54936440E+000 -0.18445538E+000 -0.52177408E-002  0.96614650E-003  0.91454946E+000  0.45476247E+001  0.88203068E+001  0.15863323E+002  0.21716320E+002
 -0.93132145E+000 -0.83192632E+000 -0.54937791E+000 -0.18446611E+000 -0.52178538E-002  0.96610506E-003  0.91451923E+000  0.45475251E+001  0.88201531E+001  0.15862995E+002  0.21716036E+002
 -0.93132512E+000 -0.83193230E+000 -0.54939054E+000 -0.18447618E+000 -0.52179600E-002  0.96606609E-003  0.91449131E+000  0.45474326E+001  0.88200101E+001  0.15862691E+002  0.21715772E+002
 -0.93132853E+000 -0.83193789E+000 -0.54940233E+000 -0.18448560E+000 -0.52180597E-002  0.96602948E-003  0.91446565E+000  0.45473470E+001  0.88198775E+001  0.15862408E+002  0.21715527E+002
 -0.93133171E+000 -0.83194310E+000 -0.54941331E+000 -0.18449441E+000 -0.52181532E-002  0.96599515E-003  0.91444218E+000  0.45472682E+001  0.88197551E+001  0.15862147E+002  0.21715301E+002
 -0.93133466E+000 -0.83194795E+000 -0.54942352E+000 -0.18450263E+000 -0.52182409E-002  0.96596302E-003  0.91442083E+000  0.45471959E+001  0.88196425E+001  0.15861906E+002  0.21715093E+002
 -0.93133740E+000 -0.83195245E+000 -0.54943301E+000 -0.18451028E+000 -0.52183229E-002  0.96593298E-003  0.91440152E+000  0.45471300E+001  0.88195394E+001  0.15861685E+002  0.21714902E+002
 -0.93133992E+000 -0.83195663E+000 -0.54944179E+000 -0.18451741E+000 -0.52183997E-002  0.96590492E-003  0.91438414E+000  0.45470700E+001  0.88194453E+001  0.15861482E+002  0.21714728E+002
 -0.93134225E+000 -0.83196050E+000 -0.54944993E+000 -0.18452403E+000 -0.52184715E-002  0.96587875E-003  0.91436860E+000  0.45470159E+001  0.88193599E+001  0.15861298E+002  0.21714570E+002
 -0.93134440E+000 -0.83196407E+000 -0.54945744E+000 -0.18453018E+000 -0.52185387E-002  0.96585436E-003  0.91435481E+000  0.45469672E+001  0.88192827E+001  0.15861130E+002  0.21714427E+002
 -0.93134638E+000 -0.83196737E+000 -0.54946438E+000 -0.18453588E+000 -0.52186015E-002  0.96583164E-003  0.91434267E+000  0.45469236E+001  0.88192132E+001  0.15860979E+002  0.21714298E+002
 -0.93134820E+000 -0.83197041E+000 -0.54947078E+000 -0.18454116E+000 -0.52186602E-002  0.96581048E-003  0.91433207E+000  0.45468850E+001  0.88191510E+001  0.15860842E+002  0.21714182E+002
 -0.93134986E+000 -0.83197322E+000 -0.54947666E+000 -0.18454606E+000 -0.52187151E-002  0.96579080E-003  0.91432291E+000  0.45468509E+001  0.88190957E+001  0.15860720E+002  0.21714078E+002
 -0.93135139E+000 -0.83197580E+000 -0.54948208E+000 -0.18455059E+000 -0.52187664E-002  0.96577249E-003  0.91431510E+000  0.45468210E+001  0.88190467E+001  0.15860610E+002  0.21713986E+002
 -0.93135279E+000 -0.83197817E+000 -0.54948706E+000 -0.18455477E+000 -0.52188145E-002  0.96575546E-003  0.91430854E+000  0.45467951E+001  0.88190037E+001  0.15860513E+002  0.21713905E+002
 -0.93135406E+000 -0.83198035E+000 -0.54949163E+000 -0.18455865E+000 -0.52188595E-002  0.96573962E-003  0.91430314E+000  0.45467729E+001  0.88189662E+001  0.15860427E+002  0.21713833E+002
 -0.93135523E+000 -0.83198235E+000 -0.54949582E+000 -0.18456223E+000 -0.52189016E-002  0.96572489E-003  0.91429880E+000  0.45467541E+001  0.88189339E+001  0.15860351E+002  0.21713771E+002
 -0.93135630E+000 -0.83198419E+000 -0.54949966E+000 -0.18456555E+000 -0.52189410E-002  0.96571119E-003  0.91429545E+000  0.45467385E+001  0.88189062E+001  0.15860286E+002  0.21713717E+002
 -0.93135727E+000 -0.83198588E+000 -0.54950319E+000 -0.18456861E+000 -0.52189781E-002  0.96569843E-003  0.91429299E+000  0.45467257E+001  0.88188829E+001  0.15860229E+002  0.21713671E+002
 -0.93135815E+000 -0.83198743E+000 -0.54950642E+000 -0.18457145E+000 -0.52190128E-002  0.96568656E-003  0.91429136E+000  0.45467155E+001  0.88188635E+001  0.15860180E+002  0.21713632E+002
 -0.93135896E+000 -0.83198885E+000 -0.54950937E+000 -0.18457408E+000 -0.52190455E-002  0.96567551E-003  0.91429048E+000  0.45467078E+001  0.88188478E+001  0.15860139E+002  0.21713600E+002
 -0.93135970E+000 -0.83199015E+000 -0.54951208E+000 -0.18457651E+000 -0.52190762E-002  0.96566520E-003  0.91429028E+000  0.45467023E+001  0.88188354E+001  0.15860105E+002  0.21713574E+002
 -0.93136036E+000 -0.83199134E+000 -0.54951456E+000 -0.18457877E+000 -0.52191051E-002  0.96565559E-003  0.91429069E+000  0.45466987E+001  0.88188261E+001  0.15860077E+002  0.21713553E+002
 -0.93136097E+000 -0.83199244E+000 -0.54951684E+000 -0.18458087E+000 -0.52191324E-002  0.96564661E-003  0.91429166E+000  0.45466970E+001  0.88188194E+001  0.15860054E+002  0.21713537E+002
 -0.93136153E+000 -0.83199345E+000 -0.54951892E+000 -0.18458282E+000 -0.52191581E-002  0.96563823E-003  0.91429313E+000  0.45466969E+001  0.88188153E+001  0.15860037E+002  0.21713525E+002
 -0.93136203E+000 -0.83199438E+000 -0.54952083E+000 -0.18458463E+000 -0.52191824E-002  0.96563040E-003  0.91429503E+000  0.45466982E+001  0.88188133E+001  0.15860024E+002  0.21713518E+002
 -0.93136249E+000 -0.83199523E+000 -0.54952258E+000 -0.18458633E+000 -0.52192054E-002  0.96562306E-003  0.91429734E+000  0.45467009E+001  0.88188134E+001  0.15860016E+002  0.21713514E+002
 -0.93136291E+000 -0.83199602E+000 -0.54952418E+000 -0.18458791E+000 -0.52192271E-002  0.96561618E-003  0.91429999E+000  0.45467047E+001  0.88188152E+001  0.15860011E+002  0.21713513E+002
 -0.93136330E+000 -0.83199674E+000 -0.54952566E+000 -0.18458939E+000 -0.52192477E-002  0.96560973E-003  0.91430294E+000  0.45467095E+001  0.88188187E+001  0.15860009E+002  0.21713515E+002
 -0.93136364E+000 -0.83199741E+000 -0.54952702E+000 -0.18459078E+000 -0.52192673E-002  0.96560366E-003  0.91430616E+000  0.45467153E+001  0.88188235E+001  0.15860011E+002  0.21713520E+002
 -0.93136396E+000 -0.83199803E+000 -0.54952827E+000 -0.18459209E+000 -0.52192859E-002  0.96559795E-003  0.91430961E+000  0.45467218E+001  0.88188296E+001  0.15860015E+002  0.21713527E+002
 -0.93136426E+000 -0.83199860E+000 -0.54952942E+000 -0.18459332E+000 -0.52193035E-002  0.96559257E-003  0.91431325E+000  0.45467291E+001  0.88188367E+001  0.15860021E+002  0.21713536E+002
 -0.93136452E+000 -0.83199913E+000 -0.54953048E+000 -0.18459448E+000 -0.52193203E-002  0.96558748E-003  0.91431705E+000  0.45467369E+001  0.88188448E+001  0.15860030E+002  0.21713547E+002
 -0.93136477E+000 -0.83199963E+000 -0.54953147E+000 -0.18459558E+000 -0.52193363E-002  0.96558267E-003  0.91432099E+000  0.45467453E+001  0.88188538E+001  0.15860040E+002  0.21713559E+002
 -0.93136500E+000 -0.83200009E+000 -0.54953238E+000 -0.18459662E+000 -0.52193516E-002  0.96557811E-003  0.91432504E+000  0.45467540E+001  0.88188634E+001  0.15860052E+002  0.21713572E+002
 -0.93136520E+000 -0.83200051E+000 -0.54953322E+000 -0.18459762E+000 -0.52193662E-002  0.96557377E-003  0.91432916E+000  0.45467632E+001  0.88188736E+001  0.15860065E+002  0.21713587E+002
 -0.93136539E+000 -0.83200092E+000 -0.54953401E+000 -0.18459856E+000 -0.52193801E-002  0.96556964E-003  0.91433335E+000  0.45467726E+001  0.88188842E+001  0.15860079E+002  0.21713602E+002
 -0.93136557E+000 -0.83200129E+000 -0.54953474E+000 -0.18459946E+000 -0.52193934E-002  0.96556570E-003  0.91433757E+000  0.45467822E+001  0.88188953E+001  0.15860094E+002  0.21713619E+002
 -0.93136573E+000 -0.83200164E+000 -0.54953542E+000 -0.18460032E+000 -0.52194062E-002  0.96556192E-003  0.91434181E+000  0.45467920E+001  0.88189067E+001  0.15860110E+002  0.21713636E+002
 -0.93136589E+000 -0.83200197E+000 -0.54953606E+000 -0.18460115E+000 -0.52194184E-002  0.96555830E-003  0.91434605E+000  0.45468019E+001  0.88189183E+001  0.15860126E+002  0.21713653E+002
 -0.93136603E+000 -0.83200228E+000 -0.54953666E+000 -0.18460194E+000 -0.52194301E-002  0.96555482E-003  0.91435028E+000  0.45468119E+001  0.88189300E+001  0.15860143E+002  0.21713671E+002
 -0.93136616E+000 -0.83200257E+000 -0.54953722E+000 -0.18460270E+000 -0.52194414E-002  0.96555146E-003  0.91435448E+000  0.45468219E+001  0.88189419E+001  0.15860160E+002  0.21713689E+002
 -0.93136628E+000 -0.83200285E+000 -0.54953775E+000 -0.18460343E+000 -0.52194521E-002  0.96554821E-003  0.91435864E+000  0.45468319E+001  0.88189538E+001  0.15860177E+002  0.21713707E+002
 -0.93136639E+000 -0.83200311E+000 -0.54953825E+000 -0.18460413E+000 -0.52194625E-002  0.96554505E-003  0.91436274E+000  0.45468419E+001  0.88189657E+001  0.15860195E+002  0.21713726E+002
 -0.93136650E+000 -0.83200335E+000 -0.54953871E+000 -0.18460481E+000 -0.52194724E-002  0.96554198E-003  0.91436678E+000  0.45468518E+001  0.88189775E+001  0.15860212E+002  0.21713744E+002
 -0.93136660E+000 -0.83200358E+000 -0.54953916E+000 -0.18460547E+000 -0.52194820E-002  0.96553899E-003  0.91437074E+000  0.45468615E+001  0.88189893E+001  0.15860229E+002  0.21713762E+002
 -0.93136669E+000 -0.83200380E+000 -0.54953958E+000 -0.18460610E+000 -0.52194912E-002  0.96553606E-003  0.91437461E+000  0.45468711E+001  0.88190008E+001  0.15860247E+002  0.21713780E+002
 -0.93136678E+000 -0.83200401E+000 -0.54953998E+000 -0.18460671E+000 -0.52195001E-002  0.96553320E-003  0.91437839E+000  0.45468806E+001  0.88190122E+001  0.15860264E+002  0.21713798E+002
 -0.93136686E+000 -0.83200421E+000 -0.54954036E+000 -0.18460730E+000 -0.52195086E-002  0.96553038E-003  0.91438207E+000  0.45468898E+001  0.88190234E+001  0.15860280E+002  0.21713816E+002
 -0.93136694E+000 -0.83200440E+000 -0.54954072E+000 -0.18460787E+000 -0.52195169E-002  0.96552761E-003  0.91438565E+000  0.45468989E+001  0.88190344E+001  0.15860297E+002  0.21713833E+002
 -0.93136701E+000 -0.83200458E+000 -0.54954106E+000 -0.18460842E+000 -0.52195248E-002  0.96552487E-003  0.91438912E+000  0.45469078E+001  0.88190451E+001  0.15860313E+002  0.21713850E+002
 -0.93136708E+000 -0.83200475E+000 -0.54954139E+000 -0.18460896E+000 -0.52195324E-002  0.96552217E-003  0.91439247E+000  0.45469164E+001  0.88190555E+001  0.15860328E+002  0.21713867E+002
 -0.93136714E+000 -0.83200491E+000 -0.54954171E+000 -0.18460947E+000 -0.52195398E-002  0.96551950E-003  0.91439570E+000  0.45469247E+001  0.88190656E+001  0.15860343E+002  0.21713883E+002
 -0.93136720E+000 -0.83200506E+000 -0.54954201E+000 -0.18460997E+000 -0.52195469E-002  0.96551686E-003  0.91439881E+000  0.45469328E+001  0.88190754E+001  0.15860358E+002  0.21713899E+002
 -0.93136726E+000 -0.83200521E+000 -0.54954230E+000 -0.18461045E+000 -0.52195537E-002  0.96551424E-003  0.91440180E+000  0.45469407E+001  0.88190849E+001  0.15860372E+002  0.21713914E+002
 -0.93136731E+000 -0.83200535E+000 -0.54954257E+000 -0.18461092E+000 -0.52195603E-002  0.96551163E-003  0.91440466E+000  0.45469483E+001  0.88190940E+001  0.15860385E+002  0.21713929E+002
 -0.93136737E+000 -0.83200548E+000 -0.54954284E+000 -0.18461137E+000 -0.52195667E-002  0.96550905E-003  0.91440739E+000  0.45469556E+001  0.88191028E+001  0.15860398E+002  0.21713943E+002
 -0.93136742E+000 -0.83200561E+000 -0.54954309E+000 -0.18461181E+000 -0.52195728E-002  0.96550648E-003  0.91440999E+000  0.45469626E+001  0.88191112E+001  0.15860411E+002  0.21713957E+002
 -0.93136746E+000 -0.83200573E+000 -0.54954334E+000 -0.18461223E+000 -0.52195787E-002  0.96550393E-003  0.91441246E+000  0.45469693E+001  0.88191193E+001  0.15860422E+002  0.21713970E+002
 -0.93136751E+000 -0.83200585E+000 -0.54954358E+000 -0.18461264E+000 -0.52195845E-002  0.96550139E-003  0.91441481E+000  0.45469758E+001  0.88191269E+001  0.15860433E+002  0.21713983E+002
 -0.93136755E+000 -0.83200596E+000 -0.54954381E+000 -0.18461303E+000 -0.52195900E-002  0.96549887E-003  0.91441703E+000  0.45469819E+001  0.88191343E+001  0.15860444E+002  0.21713995E+002
 -0.93136759E+000 -0.83200607E+000 -0.54954403E+000 -0.18461341E+000 -0.52195953E-002  0.96549637E-003  0.91441912E+000  0.45469878E+001  0.88191412E+001  0.15860454E+002  0.21714007E+002
 -0.93136763E+000 -0.83200617E+000 -0.54954424E+000 -0.18461378E+000 -0.52196004E-002  0.96549389E-003  0.91442109E+000  0.45469934E+001  0.88191478E+001  0.15860463E+002  0.21714018E+002
 -0.93136767E+000 -0.83200627E+000 -0.54954445E+000 -0.18461413E+000 -0.52196053E-002  0.96549142E-003  0.91442293E+000  0.45469987E+001  0.88191540E+001  0.15860472E+002  0.21714029E+002
 -0.93136770E+000 -0.83200636E+000 -0.54954465E+000 -0.18461447E+000 -0.52196101E-002  0.96548898E-003  0.91442466E+000  0.45470037E+001  0.88191598E+001  0.15860480E+002  0.21714039E+002
 -0.93136774E+000 -0.83200645E+000 -0.54954484E+000 -0.18461480E+000 -0.52196147E-002  0.96548656E-003  0.91442627E+000  0.45470084E+001  0.88191653E+001  0.15860487E+002  0.21714049E+002
 -0.93136777E+000 -0.83200653E+000 -0.54954502E+000 -0.18461512E+000 -0.52196191E-002  0.96548416E-003  0.91442776E+000  0.45470129E+001  0.88191705E+001  0.15860494E+002  0.21714058E+002
 -0.93136781E+000 -0.83200662E+000 -0.54954521E+000 -0.18461542E+000 -0.52196233E-002  0.96548179E-003  0.91442914E+000  0.45470171E+001  0.88191753E+001  0.15860501E+002  0.21714067E+002
 -0.93136784E+000 -0.83200670E+000 -0.54954538E+000 -0.18461572E+000 -0.52196274E-002  0.96547945E-003  0.91443041E+000  0.45470211E+001  0.88191797E+001  0.15860506E+002  0.21714075E+002
 -0.93136787E+000 -0.83200677E+000 -0.54954555E+000 -0.18461600E+000 -0.52196313E-002  0.96547713E-003  0.91443158E+000  0.45470248E+001  0.88191839E+001  0.15860512E+002  0.21714082E+002
 -0.93136790E+000 -0.83200684E+000 -0.54954572E+000 -0.18461627E+000 -0.52196351E-002  0.96547486E-003  0.91443264E+000  0.45470283E+001  0.88191877E+001  0.15860516E+002  0.21714090E+002
 -0.93136793E+000 -0.83200692E+000 -0.54954587E+000 -0.18461653E+000 -0.52196387E-002  0.96547262E-003  0.91443361E+000  0.45470315E+001  0.88191912E+001  0.15860520E+002  0.21714097E+002
 -0.93136795E+000 -0.83200698E+000 -0.54954603E+000 -0.18461678E+000 -0.52196422E-002  0.96547042E-003  0.91443448E+000  0.45470345E+001  0.88191944E+001  0.15860524E+002  0.21714103E+002
 -0.93136798E+000 -0.83200705E+000 -0.54954618E+000 -0.18461702E+000 -0.52196456E-002  0.96546825E-003  0.91443526E+000  0.45470373E+001  0.88191973E+001  0.15860527E+002  0.21714109E+002
 -0.93136801E+000 -0.83200711E+000 -0.54954632E+000 -0.18461725E+000 -0.52196488E-002  0.96546613E-003  0.91443595E+000  0.45470399E+001  0.88192000E+001  0.15860530E+002  0.21714114E+002
 -0.93136803E+000 -0.83200717E+000 -0.54954646E+000 -0.18461747E+000 -0.52196519E-002  0.96546405E-003  0.91443657E+000  0.45470422E+001  0.88192024E+001  0.15860532E+002  0.21714120E+002
 -0.93136806E+000 -0.83200723E+000 -0.54954660E+000 -0.18461768E+000 -0.52196548E-002  0.96546202E-003  0.91443710E+000  0.45470444E+001  0.88192045E+001  0.15860534E+002  0.21714124E+002
 -0.93136808E+000 -0.83200729E+000 -0.54954673E+000 -0.18461788E+000 -0.52196577E-002  0.96546003E-003  0.91443756E+000  0.45470464E+001  0.88192064E+001  0.15860536E+002  0.21714129E+002
 -0.93136811E+000 -0.83200734E+000 -0.54954686E+000 -0.18461808E+000 -0.52196604E-002  0.96545809E-003  0.91443794E+000  0.45470482E+001  0.88192081E+001  0.15860537E+002  0.21714133E+002
 -0.93136813E+000 -0.83200739E+000 -0.54954699E+000 -0.18461826E+000 -0.52196630E-002  0.96545620E-003  0.91443826E+000  0.45470499E+001  0.88192096E+001  0.15860538E+002  0.21714137E+002
 -0.93136815E+000 -0.83200744E+000 -0.54954711E+000 -0.18461844E+000 -0.52196655E-002  0.96545437E-003  0.91443852E+000  0.45470514E+001  0.88192108E+001  0.15860538E+002  0.21714140E+002
 -0.93136818E+000 -0.83200749E+000 -0.54954722E+000 -0.18461861E+000 -0.52196678E-002  0.96545259E-003  0.91443872E+000  0.45470527E+001  0.88192119E+001  0.15860538E+002  0.21714143E+002
 -0.93136820E+000 -0.83200754E+000 -0.54954733E+000 -0.18461877E+000 -0.52196701E-002  0.96545086E-003  0.91443887E+000  0.45470539E+001  0.88192128E+001  0.15860538E+002  0.21714146E+002
 -0.93136822E+000 -0.83200758E+000 -0.54954744E+000 -0.18461892E+000 -0.52196722E-002  0.96544919E-003  0.91443896E+000  0.45470550E+001  0.88192135E+001  0.15860538E+002  0.21714149E+002
 -0.93136824E+000 -0.83200763E+000 -0.54954754E+000 -0.18461907E+000 -0.52196743E-002  0.96544757E-003  0.91443900E+000  0.45470559E+001  0.88192141E+001  0.15860537E+002  0.21714152E+002
 -0.93136826E+000 -0.83200767E+000 -0.54954764E+000 -0.18461921E+000 -0.52196763E-002  0.96544601E-003  0.91443900E+000  0.45470568E+001  0.88192145E+001  0.15860536E+002  0.21714154E+002
 -0.93136828E+000 -0.83200771E+000 -0.54954774E+000 -0.18461934E+000 -0.52196781E-002  0.96544451E-003  0.91443896E+000  0.45470575E+001  0.88192148E+001  0.15860535E+002  0.21714156E+002
 -0.93136830E+000 -0.83200775E+000 -0.54954783E+000 -0.18461946E+000 -0.52196799E-002  0.96544306E-003  0.91443889E+000  0.45470581E+001  0.88192149E+001  0.15860534E+002  0.21714158E+002
 -0.93136831E+000 -0.83200778E+000 -0.54954792E+000 -0.18461958E+000 -0.52196816E-002  0.96544167E-003  0.91443877E+000  0.45470587E+001  0.88192150E+001  0.15860532E+002  0.21714159E+002
 -0.93136833E+000 -0.83200782E+000 -0.54954800E+000 -0.18461969E+000 -0.52196832E-002  0.96544034E-003  0.91443863E+000  0.45470591E+001  0.88192149E+001  0.15860531E+002  0.21714161E+002
 -0.93136835E+000 -0.83200785E+000 -0.54954808E+000 -0.18461980E+000 -0.52196847E-002  0.96543906E-003  0.91443846E+000  0.45470595E+001  0.88192148E+001  0.15860529E+002  0.21714162E+002
 -0.93136836E+000 -0.83200788E+000 -0.54954816E+000 -0.18461990E+000 -0.52196861E-002  0.96543784E-003  0.91443826E+000  0.45470598E+001  0.88192146E+001  0.15860527E+002  0.21714164E+002
 -0.93136838E+000 -0.83200791E+000 -0.54954823E+000 -0.18462000E+000 -0.52196874E-002  0.96543667E-003  0.91443804E+000  0.45470600E+001  0.88192143E+001  0.15860525E+002  0.21714165E+002
 -0.93136839E+000 -0.83200794E+000 -0.54954830E+000 -0.18462008E+000 -0.52196887E-002  0.96543556E-003  0.91443780E+000  0.45470602E+001  0.88192139E+001  0.15860523E+002  0.21714166E+002
 -0.93136841E+000 -0.83200797E+000 -0.54954836E+000 -0.18462017E+000 -0.52196899E-002  0.96543450E-003  0.91443754E+000  0.45470603E+001  0.88192135E+001  0.15860521E+002  0.21714167E+002
 -0.93136842E+000 -0.83200799E+000 -0.54954843E+000 -0.18462025E+000 -0.52196911E-002  0.96543349E-003  0.91443727E+000  0.45470604E+001  0.88192130E+001  0.15860519E+002  0.21714168E+002
 -0.93136843E+000 -0.83200802E+000 -0.54954849E+000 -0.18462033E+000 -0.52196922E-002  0.96543251E-003  0.91443697E+000  0.45470605E+001  0.88192125E+001  0.15860517E+002  0.21714169E+002
 -0.93136845E+000 -0.83200805E+000 -0.54954856E+000 -0.18462041E+000 -0.52196934E-002  0.96543155E-003  0.91443665E+000  0.45470605E+001  0.88192119E+001  0.15860515E+002  0.21714169E+002
 -0.93136847E+000 -0.83200808E+000 -0.54954863E+000 -0.18462050E+000 -0.52196948E-002  0.96543049E-003  0.91443629E+000  0.45470604E+001  0.88192114E+001  0.15860512E+002  0.21714170E+002
 -0.93136848E+000 -0.83200810E+000 -0.54954869E+000 -0.18462058E+000 -0.52196965E-002  0.96542940E-003  0.91443591E+000  0.45470603E+001  0.88192108E+001  0.15860510E+002  0.21714171E+002
