  0.15310904E-001
  0.15211485E-001
  0.15138131E-001
  0.15081922E-001
  0.15037777E-001
  0.15002614E-001
  0.14974240E-001
  0.14951126E-001
  0.14932198E-001
  0.14916571E-001
  0.14903745E-001
  0.14893003E-001
  0.14884134E-001
  0.14876707E-001
  0.14870550E-001
  0.14865401E-001
  0.14861119E-001
  0.14857519E-001
  0.14854540E-001
  0.14852036E-001
  0.14849955E-001
  0.14848226E-001
  0.14846774E-001
  0.14845562E-001
  0.14844551E-001
  0.14843698E-001
  0.14842981E-001
  0.14842372E-001
  0.14841852E-001
  0.14841401E-001
  0.14841006E-001
  0.14840655E-001
  0.14840336E-001
  0.14840042E-001
  0.14839766E-001
  0.14839501E-001
  0.14839243E-001
  0.14838989E-001
  0.14838735E-001
  0.14838480E-001
  0.14838222E-001
  0.14837959E-001
  0.14837691E-001
  0.14837418E-001
  0.14837138E-001
  0.14836852E-001
  0.14836561E-001
  0.14836263E-001
  0.14835961E-001
  0.14835654E-001
  0.14835342E-001
  0.14835025E-001
  0.14834705E-001
  0.14834381E-001
  0.14834054E-001
  0.14833725E-001
  0.14833393E-001
  0.14833060E-001
  0.14832725E-001
  0.14832390E-001
  0.14832055E-001
  0.14831719E-001
  0.14831385E-001
  0.14831052E-001
  0.14830721E-001
  0.14830393E-001
  0.14830067E-001
  0.14829744E-001
  0.14829426E-001
  0.14829112E-001
  0.14828802E-001
  0.14828498E-001
  0.14828200E-001
  0.14827908E-001
  0.14827622E-001
  0.14827343E-001
  0.14827072E-001
  0.14826807E-001
  0.14826551E-001
  0.14826302E-001
  0.14826062E-001
  0.14825830E-001
  0.14825607E-001
  0.14825393E-001
  0.14825187E-001
  0.14824990E-001
  0.14824802E-001
  0.14824623E-001
  0.14824453E-001
  0.14824292E-001
  0.14824139E-001
  0.14823995E-001
  0.14823859E-001
  0.14823731E-001
  0.14823611E-001
  0.14823499E-001
  0.14823394E-001
  0.14823296E-001
  0.14823205E-001
  0.14823121E-001
  0.14823043E-001
  0.14822971E-001
  0.14822904E-001
  0.14822843E-001
  0.14822787E-001
  0.14822736E-001
  0.14822689E-001
  0.14822646E-001
  0.14822607E-001
  0.14822572E-001
  0.14822541E-001
  0.14822512E-001
  0.14822487E-001
  0.14822464E-001
  0.14822444E-001
  0.14822426E-001
  0.14822410E-001
  0.14822396E-001
  0.14822384E-001
  0.14822374E-001
  0.14822365E-001
  0.14822357E-001
  0.14822351E-001
  0.14822346E-001
  0.14822342E-001
  0.14822339E-001
  0.14822337E-001
  0.14822335E-001
  0.14822334E-001
  0.14822334E-001
  0.14822334E-001
  0.14822335E-001
  0.14822336E-001
  0.14822338E-001
  0.14822340E-001
  0.14822342E-001
  0.14822344E-001
  0.14822347E-001
  0.14822350E-001
  0.14822352E-001
  0.14822355E-001
  0.14822358E-001
  0.14822362E-001
  0.14822365E-001
  0.14822368E-001
  0.14822371E-001
  0.14822374E-001
  0.14822377E-001
  0.14822380E-001
  0.14822383E-001
  0.14822386E-001
  0.14822388E-001
  0.14822391E-001
  0.14822394E-001
  0.14822396E-001
  0.14822399E-001
  0.14822401E-001
  0.14822403E-001
  0.14822405E-001
  0.14822407E-001
  0.14822409E-001
  0.14822411E-001
  0.14822412E-001
  0.14822414E-001
  0.14822415E-001
  0.14822416E-001
  0.14822417E-001
  0.14822418E-001
  0.14822419E-001
  0.14822420E-001
  0.14822421E-001
  0.14822422E-001
  0.14822422E-001
  0.14822423E-001
  0.14822423E-001
  0.14822424E-001
  0.14822424E-001
  0.14822424E-001
  0.14822424E-001
  0.14822425E-001
  0.14822425E-001
  0.14822425E-001
  0.14822425E-001
  0.14822425E-001
  0.14822425E-001
  0.14822425E-001
  0.14822425E-001
  0.14822424E-001
  0.14822424E-001
  0.14822424E-001
  0.14822424E-001
  0.14822424E-001
  0.14822424E-001
  0.14822424E-001
  0.14822423E-001
  0.14822423E-001
  0.14822423E-001
  0.14822423E-001
  0.14822422E-001
  0.14822422E-001
