  0.34870260E-002
  0.36847691E-002
  0.38667856E-002
  0.40292860E-002
  0.41720117E-002
  0.42962862E-002
  0.44038012E-002
  0.44964343E-002
  0.45760614E-002
  0.46443292E-002
  0.47029132E-002
  0.47529229E-002
  0.47957483E-002
  0.48322811E-002
  0.48634968E-002
  0.48900918E-002
  0.49127515E-002
  0.49319873E-002
  0.49483422E-002
  0.49621716E-002
  0.49738617E-002
  0.49837128E-002
  0.49919636E-002
  0.49988543E-002
  0.50045792E-002
  0.50092966E-002
  0.50131597E-002
  0.50162901E-002
  0.50187968E-002
  0.50207726E-002
  0.50223014E-002
  0.50234516E-002
  0.50242849E-002
  0.50248536E-002
  0.50252038E-002
  0.50253721E-002
  0.50253933E-002
  0.50252929E-002
  0.50250965E-002
  0.50248219E-002
  0.50244859E-002
  0.50241017E-002
  0.50236800E-002
  0.50232295E-002
  0.50227559E-002
  0.50222665E-002
  0.50217657E-002
  0.50212552E-002
  0.50207398E-002
  0.50202192E-002
  0.50196968E-002
  0.50191734E-002
  0.50186496E-002
  0.50181264E-002
  0.50176050E-002
  0.50170854E-002
  0.50165681E-002
  0.50160544E-002
  0.50155440E-002
  0.50150377E-002
  0.50145362E-002
  0.50140393E-002
  0.50135478E-002
  0.50130623E-002
  0.50125826E-002
  0.50121094E-002
  0.50116429E-002
  0.50111834E-002
  0.50107310E-002
  0.50102860E-002
  0.50098486E-002
  0.50094187E-002
  0.50089965E-002
  0.50085820E-002
  0.50081755E-002
  0.50077768E-002
  0.50073865E-002
  0.50070042E-002
  0.50066307E-002
  0.50062659E-002
  0.50059101E-002
  0.50055640E-002
  0.50052277E-002
  0.50049014E-002
  0.50045860E-002
  0.50042815E-002
  0.50039882E-002
  0.50037067E-002
  0.50034371E-002
  0.50031795E-002
  0.50029342E-002
  0.50027011E-002
  0.50024802E-002
  0.50022715E-002
  0.50020747E-002
  0.50018898E-002
  0.50017163E-002
  0.50015541E-002
  0.50014026E-002
  0.50012617E-002
  0.50011308E-002
  0.50010095E-002
  0.50008974E-002
  0.50007939E-002
  0.50006987E-002
  0.50006113E-002
  0.50005313E-002
  0.50004582E-002
  0.50003916E-002
  0.50003311E-002
  0.50002763E-002
  0.50002267E-002
  0.50001821E-002
  0.50001420E-002
  0.50001061E-002
  0.50000742E-002
  0.50000459E-002
  0.50000208E-002
  0.49999988E-002
  0.49999796E-002
  0.49999630E-002
  0.49999487E-002
  0.49999365E-002
  0.49999263E-002
  0.49999178E-002
  0.49999108E-002
  0.49999054E-002
  0.49999012E-002
  0.49998981E-002
  0.49998961E-002
  0.49998949E-002
  0.49998946E-002
  0.49998950E-002
  0.49998961E-002
  0.49998976E-002
  0.49998997E-002
  0.49999021E-002
  0.49999049E-002
  0.49999079E-002
  0.49999112E-002
  0.49999147E-002
  0.49999183E-002
  0.49999221E-002
  0.49999259E-002
  0.49999297E-002
  0.49999336E-002
  0.49999374E-002
  0.49999412E-002
  0.49999450E-002
  0.49999487E-002
  0.49999522E-002
  0.49999557E-002
  0.49999591E-002
  0.49999624E-002
  0.49999656E-002
  0.49999686E-002
  0.49999714E-002
  0.49999741E-002
  0.49999767E-002
  0.49999791E-002
  0.49999814E-002
  0.49999835E-002
  0.49999855E-002
  0.49999872E-002
  0.49999889E-002
  0.49999905E-002
  0.49999919E-002
  0.49999932E-002
  0.49999943E-002
  0.49999953E-002
  0.49999962E-002
  0.49999970E-002
  0.49999977E-002
  0.49999983E-002
  0.49999987E-002
  0.49999991E-002
  0.49999995E-002
  0.49999997E-002
  0.49999998E-002
  0.49999999E-002
  0.50000000E-002
  0.50000000E-002
  0.49999999E-002
  0.49999998E-002
  0.49999997E-002
  0.49999995E-002
  0.49999993E-002
  0.49999991E-002
  0.49999989E-002
  0.49999986E-002
  0.49999984E-002
  0.49999981E-002
  0.49999979E-002
  0.49999976E-002
  0.49999974E-002
  0.49999971E-002
  0.49999969E-002
  0.49999965E-002
  0.49999942E-002
  0.49999911E-002
