  0.18371626E-001
  0.18569370E-001
  0.18751386E-001
  0.18913886E-001
  0.19056612E-001
  0.19180887E-001
  0.19288402E-001
  0.19381035E-001
  0.19460662E-001
  0.19528930E-001
  0.19587514E-001
  0.19637523E-001
  0.19680349E-001
  0.19716882E-001
  0.19748097E-001
  0.19774692E-001
  0.19797352E-001
  0.19816588E-001
  0.19832943E-001
  0.19846772E-001
  0.19858462E-001
  0.19868313E-001
  0.19876564E-001
  0.19883455E-001
  0.19889180E-001
  0.19893897E-001
  0.19897760E-001
  0.19900890E-001
  0.19903397E-001
  0.19905373E-001
  0.19906902E-001
  0.19908052E-001
  0.19908885E-001
  0.19909454E-001
  0.19909804E-001
  0.19909972E-001
  0.19909994E-001
  0.19909893E-001
  0.19909697E-001
  0.19909422E-001
  0.19909086E-001
  0.19908702E-001
  0.19908280E-001
  0.19907830E-001
  0.19907356E-001
  0.19906867E-001
  0.19906366E-001
  0.19905856E-001
  0.19905340E-001
  0.19904820E-001
  0.19904297E-001
  0.19903774E-001
  0.19903250E-001
  0.19902727E-001
  0.19902205E-001
  0.19901686E-001
  0.19901169E-001
  0.19900655E-001
  0.19900144E-001
  0.19899638E-001
  0.19899137E-001
  0.19898640E-001
  0.19898148E-001
  0.19897663E-001
  0.19897183E-001
  0.19896710E-001
  0.19896243E-001
  0.19895784E-001
  0.19895331E-001
  0.19894886E-001
  0.19894449E-001
  0.19894019E-001
  0.19893597E-001
  0.19893182E-001
  0.19892776E-001
  0.19892377E-001
  0.19891987E-001
  0.19891605E-001
  0.19891231E-001
  0.19890866E-001
  0.19890511E-001
  0.19890164E-001
  0.19889828E-001
  0.19889502E-001
  0.19889186E-001
  0.19888882E-001
  0.19888589E-001
  0.19888307E-001
  0.19888038E-001
  0.19887780E-001
  0.19887535E-001
  0.19887301E-001
  0.19887081E-001
  0.19886872E-001
  0.19886675E-001
  0.19886490E-001
  0.19886317E-001
  0.19886155E-001
  0.19886003E-001
  0.19885862E-001
  0.19885731E-001
  0.19885610E-001
  0.19885498E-001
  0.19885394E-001
  0.19885299E-001
  0.19885212E-001
  0.19885132E-001
  0.19885059E-001
  0.19884992E-001
  0.19884932E-001
  0.19884877E-001
  0.19884827E-001
  0.19884782E-001
  0.19884742E-001
  0.19884707E-001
  0.19884675E-001
  0.19884646E-001
  0.19884621E-001
  0.19884599E-001
  0.19884580E-001
  0.19884563E-001
  0.19884549E-001
  0.19884537E-001
  0.19884527E-001
  0.19884518E-001
  0.19884511E-001
  0.19884506E-001
  0.19884502E-001
  0.19884499E-001
  0.19884496E-001
  0.19884495E-001
  0.19884495E-001
  0.19884495E-001
  0.19884496E-001
  0.19884498E-001
  0.19884500E-001
  0.19884503E-001
  0.19884505E-001
  0.19884508E-001
  0.19884512E-001
  0.19884515E-001
  0.19884519E-001
  0.19884522E-001
  0.19884526E-001
  0.19884530E-001
  0.19884534E-001
  0.19884538E-001
  0.19884542E-001
  0.19884545E-001
  0.19884549E-001
  0.19884553E-001
  0.19884556E-001
  0.19884560E-001
  0.19884563E-001
  0.19884566E-001
  0.19884569E-001
  0.19884572E-001
  0.19884575E-001
  0.19884577E-001
  0.19884580E-001
  0.19884582E-001
  0.19884584E-001
  0.19884586E-001
  0.19884588E-001
  0.19884589E-001
  0.19884591E-001
  0.19884592E-001
  0.19884594E-001
  0.19884595E-001
  0.19884596E-001
  0.19884597E-001
  0.19884597E-001
  0.19884598E-001
  0.19884599E-001
  0.19884599E-001
  0.19884600E-001
  0.19884600E-001
  0.19884600E-001
  0.19884600E-001
  0.19884600E-001
  0.19884600E-001
  0.19884600E-001
  0.19884600E-001
  0.19884600E-001
  0.19884600E-001
  0.19884600E-001
  0.19884600E-001
  0.19884600E-001
  0.19884599E-001
  0.19884599E-001
  0.19884599E-001
  0.19884599E-001
  0.19884598E-001
  0.19884598E-001
  0.19884598E-001
  0.19884598E-001
  0.19884597E-001
  0.19884597E-001
  0.19884595E-001
  0.19884592E-001
