  0.30249348E+002
  0.30230089E+002
  0.30213692E+002
  0.30199770E+002
  0.30187974E+002
  0.30177997E+002
  0.30169570E+002
  0.30162463E+002
  0.30156479E+002
  0.30151449E+002
  0.30147230E+002
  0.30143700E+002
  0.30140758E+002
  0.30138315E+002
  0.30136298E+002
  0.30134646E+002
  0.30133303E+002
  0.30132227E+002
  0.30131378E+002
  0.30130724E+002
  0.30130237E+002
  0.30129894E+002
  0.30129675E+002
  0.30129562E+002
  0.30129541E+002
  0.30129599E+002
  0.30129726E+002
  0.30129913E+002
  0.30130150E+002
  0.30130433E+002
  0.30130754E+002
  0.30131110E+002
  0.30131495E+002
  0.30131906E+002
  0.30132340E+002
  0.30132795E+002
  0.30133269E+002
  0.30133759E+002
  0.30134265E+002
  0.30134784E+002
  0.30135317E+002
  0.30135862E+002
  0.30136418E+002
  0.30136985E+002
  0.30137563E+002
  0.30138151E+002
  0.30138749E+002
  0.30139357E+002
  0.30139973E+002
  0.30140598E+002
  0.30141232E+002
  0.30141874E+002
  0.30142524E+002
  0.30143182E+002
  0.30143847E+002
  0.30144519E+002
  0.30145198E+002
  0.30145882E+002
  0.30146573E+002
  0.30147270E+002
  0.30147971E+002
  0.30148678E+002
  0.30149389E+002
  0.30150104E+002
  0.30150823E+002
  0.30151546E+002
  0.30152272E+002
  0.30153001E+002
  0.30153733E+002
  0.30154467E+002
  0.30155203E+002
  0.30155941E+002
  0.30156680E+002
  0.30157421E+002
  0.30158162E+002
  0.30158904E+002
  0.30159646E+002
  0.30160388E+002
  0.30161130E+002
  0.30161871E+002
  0.30162610E+002
  0.30163349E+002
  0.30164085E+002
  0.30164819E+002
  0.30165551E+002
  0.30166280E+002
  0.30167007E+002
  0.30167731E+002
  0.30168452E+002
  0.30169169E+002
  0.30169884E+002
  0.30170596E+002
  0.30171304E+002
  0.30172010E+002
  0.30172714E+002
  0.30173414E+002
  0.30174113E+002
  0.30174809E+002
  0.30175504E+002
  0.30176197E+002
  0.30176888E+002
  0.30177579E+002
  0.30178268E+002
  0.30178957E+002
  0.30179646E+002
  0.30180334E+002
  0.30181023E+002
  0.30181711E+002
  0.30182401E+002
  0.30183091E+002
  0.30183781E+002
  0.30184473E+002
  0.30185166E+002
  0.30185860E+002
  0.30186555E+002
  0.30187251E+002
  0.30187949E+002
  0.30188648E+002
  0.30189348E+002
  0.30190050E+002
  0.30190753E+002
  0.30191457E+002
  0.30192163E+002
  0.30192869E+002
  0.30193577E+002
  0.30194285E+002
  0.30194994E+002
  0.30195704E+002
  0.30196414E+002
  0.30197124E+002
  0.30197834E+002
  0.30198544E+002
  0.30199254E+002
  0.30199962E+002
  0.30200670E+002
  0.30201377E+002
  0.30202082E+002
  0.30202785E+002
  0.30203486E+002
  0.30204185E+002
  0.30204881E+002
  0.30205574E+002
  0.30206264E+002
  0.30206951E+002
  0.30207633E+002
  0.30208312E+002
  0.30208986E+002
  0.30209655E+002
  0.30210319E+002
  0.30210978E+002
  0.30211631E+002
  0.30212278E+002
  0.30212919E+002
  0.30213553E+002
  0.30214180E+002
  0.30214801E+002
  0.30215414E+002
  0.30216019E+002
  0.30216617E+002
  0.30217206E+002
  0.30217787E+002
  0.30218360E+002
  0.30218924E+002
  0.30219479E+002
  0.30220025E+002
  0.30220562E+002
  0.30221089E+002
  0.30221607E+002
  0.30222115E+002
  0.30222613E+002
  0.30223102E+002
  0.30223581E+002
  0.30224049E+002
  0.30224508E+002
  0.30224956E+002
  0.30225394E+002
  0.30225822E+002
  0.30226240E+002
  0.30226648E+002
  0.30227045E+002
  0.30227432E+002
  0.30227810E+002
  0.30228177E+002
  0.30228534E+002
  0.30228881E+002
  0.30229219E+002
  0.30229546E+002
  0.30229864E+002
  0.30230172E+002
  0.30230471E+002
  0.30230761E+002
  0.30231042E+002
  0.30231313E+002
  0.30231575E+002
  0.30231829E+002
  0.30232074E+002
  0.30232311E+002
  0.30232540E+002
  0.30232760E+002
  0.30232972E+002
