  0.17781292E+001  0.10564230E+001  0.75988463E+001  0.11056401E+003
  0.17326857E+001  0.94416929E+000  0.76819696E+001  0.11056154E+003
  0.17136746E+001  0.90959371E+000  0.75602882E+001  0.11067123E+003
  0.17022807E+001  0.90260591E+000  0.75263464E+001  0.11066786E+003
  0.16934937E+001  0.89919758E+000  0.75013673E+001  0.11065785E+003
  0.16844603E+001  0.89323428E+000  0.74292647E+001  0.11070504E+003
  0.16460845E+001  0.91917815E+000  0.74206484E+001  0.11069238E+003
  0.16400550E+001  0.91346008E+000  0.74115659E+001  0.11068479E+003
  0.15501258E+001  0.99932021E+000  0.73824087E+001  0.11069408E+003
  0.15342029E+001  0.10122243E+001  0.73739581E+001  0.11068542E+003
  0.15326275E+001  0.10099765E+001  0.73593906E+001  0.11068694E+003
  0.15251861E+001  0.10154594E+001  0.73490886E+001  0.11068508E+003
  0.15228495E+001  0.10143871E+001  0.73277364E+001  0.11069807E+003
  0.15197595E+001  0.10169275E+001  0.73245098E+001  0.11069208E+003
  0.15155952E+001  0.10208831E+001  0.73246346E+001  0.11068409E+003
  0.15131957E+001  0.10177209E+001  0.73293997E+001  0.11067828E+003
  0.15114359E+001  0.10173681E+001  0.73245400E+001  0.11067988E+003
  0.15077333E+001  0.10205994E+001  0.73240806E+001  0.11067651E+003
  0.15014860E+001  0.10264715E+001  0.73243405E+001  0.11067323E+003
  0.15014707E+001  0.10262603E+001  0.72404445E+001  0.11075473E+003
  0.15000734E+001  0.10276190E+001  0.72405804E+001  0.11075269E+003
  0.15000663E+001  0.10275763E+001  0.72407193E+001  0.11075123E+003
  0.14995879E+001  0.10280384E+001  0.72220980E+001  0.11076899E+003
  0.14996014E+001  0.10280109E+001  0.71129352E+001  0.11087771E+003
  0.14996132E+001  0.10279853E+001  0.70876742E+001  0.11090290E+003
  0.14996024E+001  0.10280040E+001  0.70876673E+001  0.11090314E+003
  0.14996143E+001  0.10279980E+001  0.70876977E+001  0.11090361E+003
  0.14994741E+001  0.10281483E+001  0.70876843E+001  0.11090436E+003
  0.14994933E+001  0.10281567E+001  0.70876964E+001  0.11090527E+003
  0.14995132E+001  0.10281590E+001  0.70877152E+001  0.11090636E+003
  0.14995338E+001  0.10281732E+001  0.70877226E+001  0.11090760E+003
  0.14995340E+001  0.10282100E+001  0.70877289E+001  0.11090898E+003
  0.14995549E+001  0.10282279E+001  0.70877348E+001  0.11091047E+003
  0.14995771E+001  0.10282460E+001  0.70929856E+001  0.11082942E+003
  0.14995998E+001  0.10282650E+001  0.70877446E+001  0.11091377E+003
  0.14996143E+001  0.10282934E+001  0.70877486E+001  0.11091554E+003
  0.14996378E+001  0.10283138E+001  0.70877522E+001  0.11091739E+003
  0.14996617E+001  0.10283350E+001  0.70877553E+001  0.11091930E+003
  0.14996860E+001  0.10283567E+001  0.70877579E+001  0.11092127E+003
  0.14997106E+001  0.10283790E+001  0.70877602E+001  0.11092330E+003
  0.14997355E+001  0.10284018E+001  0.70877623E+001  0.11092538E+003
  0.14997608E+001  0.10284250E+001  0.70877641E+001  0.11092751E+003
  0.14997864E+001  0.10284488E+001  0.70877657E+001  0.11092969E+003
  0.14998123E+001  0.10284729E+001  0.70877673E+001  0.11093190E+003
  0.14998385E+001  0.10284974E+001  0.70877688E+001  0.11093416E+003
  0.14998735E+001  0.10285136E+001  0.70901089E+001  0.11089958E+003
  0.14999003E+001  0.10285388E+001  0.70899638E+001  0.11090423E+003
  0.14999273E+001  0.10285642E+001  0.70898333E+001  0.11090869E+003
  0.14999545E+001  0.10285899E+001  0.70897174E+001  0.11091297E+003
  0.14999819E+001  0.10286159E+001  0.70896155E+001  0.11091706E+003
  0.15000095E+001  0.10286421E+001  0.70895274E+001  0.11092098E+003
  0.15000373E+001  0.10286686E+001  0.70894525E+001  0.11092474E+003
  0.15000660E+001  0.10286944E+001  0.70893902E+001  0.11092833E+003
  0.15000940E+001  0.10287214E+001  0.70893401E+001  0.11093178E+003
  0.15001220E+001  0.10287485E+001  0.70893014E+001  0.11093508E+003
  0.15001502E+001  0.10287759E+001  0.70892737E+001  0.11093825E+003
  0.15001783E+001  0.10288035E+001  0.70892562E+001  0.11094130E+003
  0.15002063E+001  0.10288323E+001  0.70892476E+001  0.11094424E+003
  0.15002343E+001  0.10288617E+001  0.70892478E+001  0.11094707E+003
  0.15002622E+001  0.10288914E+001  0.70878439E+001  0.11097210E+003
  0.15002900E+001  0.10289307E+001  0.70878453E+001  0.11097483E+003
  0.15003175E+001  0.10289610E+001  0.70878571E+001  0.11097759E+003
  0.15003658E+001  0.10289705E+001  0.70878700E+001  0.11098036E+003
  0.15003928E+001  0.10290012E+001  0.70878842E+001  0.11098315E+003
  0.15004195E+001  0.10290322E+001  0.70878996E+001  0.11098596E+003
  0.15004459E+001  0.10290633E+001  0.70879163E+001  0.11098877E+003
  0.15004718E+001  0.10290945E+001  0.70879342E+001  0.11099160E+003
  0.15004973E+001  0.10291259E+001  0.70879535E+001  0.11099444E+003
  0.15005223E+001  0.10291573E+001  0.70879740E+001  0.11099729E+003
  0.15005468E+001  0.10291887E+001  0.70879960E+001  0.11100015E+003
  0.15005708E+001  0.10292200E+001  0.70880194E+001  0.11100301E+003
  0.15005941E+001  0.10292513E+001  0.70880442E+001  0.11100589E+003
  0.15006169E+001  0.10292824E+001  0.70880705E+001  0.11100876E+003
  0.15006390E+001  0.10293132E+001  0.70880984E+001  0.11101165E+003
  0.15006604E+001  0.10293438E+001  0.70881277E+001  0.11101453E+003
  0.15006811E+001  0.10293740E+001  0.70881587E+001  0.11101742E+003
  0.15007011E+001  0.10294037E+001  0.70881913E+001  0.11102030E+003
  0.15007204E+001  0.10294330E+001  0.70882255E+001  0.11102319E+003
  0.15007389E+001  0.10294617E+001  0.70882613E+001  0.11102607E+003
  0.15007566E+001  0.10294899E+001  0.70882987E+001  0.11102895E+003
  0.15007736E+001  0.10295174E+001  0.70883377E+001  0.11103183E+003
  0.15007898E+001  0.10295443E+001  0.70883783E+001  0.11103470E+003
  0.15008052E+001  0.10295705E+001  0.70884205E+001  0.11103756E+003
  0.15008199E+001  0.10295960E+001  0.70884641E+001  0.11104041E+003
  0.15008338E+001  0.10296207E+001  0.70885091E+001  0.11104325E+003
  0.15008470E+001  0.10296447E+001  0.70885555E+001  0.11104609E+003
  0.15008594E+001  0.10296679E+001  0.70886030E+001  0.11104891E+003
  0.15008711E+001  0.10296903E+001  0.70886517E+001  0.11105172E+003
  0.15008821E+001  0.10297120E+001  0.70887014E+001  0.11105452E+003
  0.15008924E+001  0.10297328E+001  0.70887520E+001  0.11105731E+003
  0.15009021E+001  0.10297529E+001  0.70888033E+001  0.11106009E+003
  0.15009111E+001  0.10297722E+001  0.70888553E+001  0.11106286E+003
  0.15009195E+001  0.10297910E+001  0.70889073E+001  0.11106561E+003
  0.15009274E+001  0.10298087E+001  0.70889600E+001  0.11106836E+003
  0.15009346E+001  0.10298256E+001  0.70890129E+001  0.11107110E+003
  0.15009414E+001  0.10298417E+001  0.70890658E+001  0.11107382E+003
  0.15009476E+001  0.10298571E+001  0.70891185E+001  0.11107654E+003
  0.15009533E+001  0.10298716E+001  0.70891710E+001  0.11107925E+003
  0.15009586E+001  0.10298854E+001  0.70892231E+001  0.11108196E+003
  0.15009634E+001  0.10298984E+001  0.70892745E+001  0.11108466E+003
  0.15009678E+001  0.10299107E+001  0.70893253E+001  0.11108736E+003
  0.15009719E+001  0.10299222E+001  0.70893753E+001  0.11109006E+003
  0.15009755E+001  0.10299330E+001  0.70894242E+001  0.11109275E+003
  0.15009788E+001  0.10299431E+001  0.70894721E+001  0.11109545E+003
  0.15009818E+001  0.10299524E+001  0.70895188E+001  0.11109814E+003
  0.15009844E+001  0.10299611E+001  0.70895642E+001  0.11110084E+003
  0.15009868E+001  0.10299691E+001  0.70896081E+001  0.11110354E+003
  0.15009888E+001  0.10299764E+001  0.70896505E+001  0.11110624E+003
  0.15009906E+001  0.10299831E+001  0.70896914E+001  0.11110895E+003
  0.15009921E+001  0.10299892E+001  0.70897305E+001  0.11111166E+003
  0.15009933E+001  0.10299947E+001  0.70897679E+001  0.11111438E+003
  0.15009943E+001  0.10299996E+001  0.70898034E+001  0.11111711E+003
  0.15009951E+001  0.10300039E+001  0.70898370E+001  0.11111984E+003
  0.15009955E+001  0.10300077E+001  0.70898686E+001  0.11112258E+003
  0.15009958E+001  0.10300110E+001  0.70898982E+001  0.11112533E+003
  0.15009958E+001  0.10300138E+001  0.70899258E+001  0.11112808E+003
  0.15009956E+001  0.10300162E+001  0.70899512E+001  0.11113085E+003
  0.15009951E+001  0.10300181E+001  0.70899744E+001  0.11113362E+003
  0.15009944E+001  0.10300196E+001  0.70899955E+001  0.11113640E+003
  0.15009935E+001  0.10300206E+001  0.70900144E+001  0.11113919E+003
  0.15009923E+001  0.10300214E+001  0.70900310E+001  0.11114198E+003
  0.15009909E+001  0.10300217E+001  0.70900453E+001  0.11114479E+003
  0.15009892E+001  0.10300218E+001  0.70900574E+001  0.11114760E+003
  0.15009873E+001  0.10300215E+001  0.70900673E+001  0.11115042E+003
  0.15009851E+001  0.10300210E+001  0.70900748E+001  0.11115324E+003
  0.15009826E+001  0.10300202E+001  0.70900802E+001  0.11115607E+003
  0.15009800E+001  0.10300192E+001  0.70900833E+001  0.11115891E+003
  0.15009770E+001  0.10300179E+001  0.70900842E+001  0.11116175E+003
  0.15009739E+001  0.10300165E+001  0.70900830E+001  0.11116460E+003
  0.15009704E+001  0.10300149E+001  0.70900797E+001  0.11116745E+003
  0.15009668E+001  0.10300131E+001  0.70900743E+001  0.11117030E+003
  0.15009629E+001  0.10300111E+001  0.70900669E+001  0.11117315E+003
  0.15009588E+001  0.10300091E+001  0.70900575E+001  0.11117600E+003
  0.15009544E+001  0.10300069E+001  0.70900463E+001  0.11117886E+003
  0.15009498E+001  0.10300046E+001  0.70900333E+001  0.11118171E+003
  0.15009451E+001  0.10300022E+001  0.70900186E+001  0.11118455E+003
  0.15009401E+001  0.10299998E+001  0.70900022E+001  0.11118740E+003
  0.15009350E+001  0.10299973E+001  0.70899844E+001  0.11119024E+003
  0.15009297E+001  0.10299947E+001  0.70899652E+001  0.11119307E+003
  0.15009242E+001  0.10299920E+001  0.70899446E+001  0.11119589E+003
  0.15009187E+001  0.10299894E+001  0.70899228E+001  0.11119871E+003
  0.15009130E+001  0.10299866E+001  0.70898999E+001  0.11120151E+003
  0.15009072E+001  0.10299839E+001  0.70898759E+001  0.11120430E+003
  0.15009013E+001  0.10299811E+001  0.70898511E+001  0.11120708E+003
  0.15008953E+001  0.10299784E+001  0.70898255E+001  0.11120985E+003
  0.15008893E+001  0.10299756E+001  0.70897992E+001  0.11121260E+003
  0.15008833E+001  0.10299728E+001  0.70897724E+001  0.11121533E+003
  0.15008772E+001  0.10299700E+001  0.70897451E+001  0.11121804E+003
  0.15008712E+001  0.10299672E+001  0.70897174E+001  0.11122073E+003
  0.15008652E+001  0.10299644E+001  0.70896895E+001  0.11122341E+003
  0.15008592E+001  0.10299616E+001  0.70896615E+001  0.11122605E+003
  0.15008533E+001  0.10299589E+001  0.70896334E+001  0.11122868E+003
  0.15008474E+001  0.10299561E+001  0.70896053E+001  0.11123128E+003
  0.15008416E+001  0.10299534E+001  0.70895774E+001  0.11123385E+003
  0.15008360E+001  0.10299507E+001  0.70895497E+001  0.11123640E+003
  0.15008304E+001  0.10299481E+001  0.70895222E+001  0.11123892E+003
  0.15008250E+001  0.10299455E+001  0.70894951E+001  0.11124140E+003
  0.15008196E+001  0.10299429E+001  0.70894685E+001  0.11124386E+003
  0.15008145E+001  0.10299403E+001  0.70894422E+001  0.11124628E+003
  0.15008095E+001  0.10299378E+001  0.70894166E+001  0.11124867E+003
  0.15008046E+001  0.10299353E+001  0.70893914E+001  0.11125103E+003
  0.15007999E+001  0.10299329E+001  0.70893670E+001  0.11125335E+003
  0.15007953E+001  0.10299305E+001  0.70893431E+001  0.11125564E+003
  0.15007910E+001  0.10299282E+001  0.70893199E+001  0.11125789E+003
  0.15007868E+001  0.10299259E+001  0.70892975E+001  0.11126010E+003
  0.15007827E+001  0.10299237E+001  0.70892757E+001  0.11126228E+003
  0.15007789E+001  0.10299215E+001  0.70892547E+001  0.11126441E+003
  0.15007752E+001  0.10299194E+001  0.70892345E+001  0.11126651E+003
  0.15007717E+001  0.10299174E+001  0.70892150E+001  0.11126857E+003
  0.15007684E+001  0.10299154E+001  0.70891963E+001  0.11127059E+003
  0.15007652E+001  0.10299135E+001  0.70891783E+001  0.11127256E+003
  0.15007622E+001  0.10299117E+001  0.70891611E+001  0.11127450E+003
  0.15007594E+001  0.10299099E+001  0.70891447E+001  0.11127640E+003
  0.15007567E+001  0.10299082E+001  0.70891290E+001  0.11127825E+003
  0.15007541E+001  0.10299065E+001  0.70891140E+001  0.11128006E+003
  0.15007518E+001  0.10299049E+001  0.70890997E+001  0.11128183E+003
  0.15007495E+001  0.10299034E+001  0.70890861E+001  0.11128356E+003
  0.15007474E+001  0.10299020E+001  0.70890732E+001  0.11128525E+003
  0.15007454E+001  0.10299006E+001  0.70890610E+001  0.11128690E+003
  0.15007436E+001  0.10298992E+001  0.70890494E+001  0.11128850E+003
  0.15007419E+001  0.10298980E+001  0.70890384E+001  0.11129007E+003
  0.15007402E+001  0.10298968E+001  0.70890281E+001  0.11129159E+003
  0.15007387E+001  0.10298956E+001  0.70890183E+001  0.11129307E+003
  0.15007373E+001  0.10298945E+001  0.70890090E+001  0.11129451E+003
  0.15007360E+001  0.10298935E+001  0.70890003E+001  0.11129591E+003
  0.15007348E+001  0.10298925E+001  0.70889921E+001  0.11129727E+003
  0.15007337E+001  0.10298916E+001  0.70889844E+001  0.11129859E+003
  0.15007326E+001  0.10298907E+001  0.70889772E+001  0.11129987E+003
  0.15007317E+001  0.10298899E+001  0.70889704E+001  0.11130111E+003
  0.15007308E+001  0.10298891E+001  0.70889640E+001  0.11130232E+003
  0.15007299E+001  0.10298884E+001  0.70889580E+001  0.11130348E+003
  0.15007292E+001  0.10298877E+001  0.70889525E+001  0.11130461E+003
  0.15007284E+001  0.10298871E+001  0.70889472E+001  0.11130570E+003
  0.15007278E+001  0.10298864E+001  0.70889423E+001  0.11130676E+003
  0.15007272E+001  0.10298859E+001  0.70889378E+001  0.11130778E+003
  0.15007266E+001  0.10298854E+001  0.70889335E+001  0.11130877E+003
  0.15007261E+001  0.10298849E+001  0.70889296E+001  0.11130972E+003
  0.15007256E+001  0.10298844E+001  0.70889259E+001  0.11131064E+003
  0.15007252E+001  0.10298840E+001  0.70889224E+001  0.11131152E+003
  0.15007248E+001  0.10298836E+001  0.70889192E+001  0.11131237E+003
