  0.36537211E-001  0.37212603E+000  0.31418596E+001  0.11744688E+003
  0.36563583E-001  0.37226987E+000  0.31406320E+001  0.11737090E+003
  0.36554218E-001  0.37241896E+000  0.31395871E+001  0.11730622E+003
  0.36542132E-001  0.37254501E+000  0.31386992E+001  0.11725131E+003
  0.36535644E-001  0.37264373E+000  0.31379515E+001  0.11720478E+003
  0.36531469E-001  0.37272183E+000  0.31373239E+001  0.11716542E+003
  0.36528273E-001  0.37278352E+000  0.31367989E+001  0.11713218E+003
  0.36525868E-001  0.37283141E+000  0.31363615E+001  0.11710415E+003
  0.36524081E-001  0.37286827E+000  0.31359982E+001  0.11708054E+003
  0.36522764E-001  0.37289598E+000  0.31356980E+001  0.11706069E+003
  0.36521795E-001  0.37291515E+000  0.31354524E+001  0.11704404E+003
  0.36521082E-001  0.37292712E+000  0.31352535E+001  0.11703011E+003
  0.36520554E-001  0.37293300E+000  0.31350945E+001  0.11701850E+003
  0.36520162E-001  0.37293378E+000  0.31349697E+001  0.11700885E+003
  0.36519871E-001  0.37293027E+000  0.31348742E+001  0.11700088E+003
  0.36519655E-001  0.37292315E+000  0.31348038E+001  0.11699435E+003
  0.36519500E-001  0.37291299E+000  0.31347548E+001  0.11698904E+003
  0.36519397E-001  0.37290027E+000  0.31347243E+001  0.11698478E+003
  0.36519341E-001  0.37288539E+000  0.31347097E+001  0.11698141E+003
  0.36519331E-001  0.37286871E+000  0.31347087E+001  0.11697881E+003
  0.36519368E-001  0.37285053E+000  0.31347194E+001  0.11697687E+003
  0.36519452E-001  0.37283112E+000  0.31347401E+001  0.11697550E+003
  0.36519586E-001  0.37281068E+000  0.31347695E+001  0.11697461E+003
  0.36519773E-001  0.37278941E+000  0.31348063E+001  0.11697415E+003
  0.36520015E-001  0.37276756E+000  0.31348494E+001  0.11697404E+003
  0.36520314E-001  0.37274580E+000  0.31348974E+001  0.11697425E+003
  0.36520672E-001  0.37272367E+000  0.31349502E+001  0.11697473E+003
  0.36521091E-001  0.37270127E+000  0.31350070E+001  0.11697544E+003
  0.36521576E-001  0.37267872E+000  0.31350674E+001  0.11697635E+003
  0.36522893E-001  0.37265533E+000  0.31351309E+001  0.11697744E+003
  0.36524289E-001  0.37263193E+000  0.31351971E+001  0.11697868E+003
  0.36525736E-001  0.37260862E+000  0.31352656E+001  0.11698005E+003
  0.36527235E-001  0.37258547E+000  0.31353361E+001  0.11698154E+003
  0.36528782E-001  0.37256254E+000  0.31354084E+001  0.11698314E+003
  0.36530376E-001  0.37253987E+000  0.31354823E+001  0.11698482E+003
  0.36532015E-001  0.37251751E+000  0.31355576E+001  0.11698659E+003
  0.36533695E-001  0.37249551E+000  0.31356340E+001  0.11698843E+003
  0.36535415E-001  0.37247390E+000  0.31357115E+001  0.11699033E+003
  0.36537170E-001  0.37245272E+000  0.31357898E+001  0.11699229E+003
  0.36538959E-001  0.37243199E+000  0.31358688E+001  0.11699431E+003
  0.36540442E-001  0.37241208E+000  0.31359485E+001  0.11699638E+003
  0.36541683E-001  0.37239295E+000  0.31360285E+001  0.11699850E+003
  0.36542962E-001  0.37237434E+000  0.31361089E+001  0.11700066E+003
  0.36544278E-001  0.37235626E+000  0.31361895E+001  0.11700287E+003
  0.36545626E-001  0.37233873E+000  0.31362701E+001  0.11700511E+003
  0.36547003E-001  0.37232178E+000  0.31363507E+001  0.11700740E+003
  0.36548407E-001  0.37230542E+000  0.31364311E+001  0.11700973E+003
  0.36549835E-001  0.37228966E+000  0.31365113E+001  0.11701209E+003
  0.36551283E-001  0.37227453E+000  0.31365913E+001  0.11701449E+003
  0.36552750E-001  0.37226002E+000  0.31366709E+001  0.11701692E+003
  0.36554130E-001  0.37224627E+000  0.31367501E+001  0.11701939E+003
  0.36553760E-001  0.37223493E+000  0.31368289E+001  0.11702189E+003
  0.36553447E-001  0.37222422E+000  0.31369073E+001  0.11702443E+003
  0.36553184E-001  0.37221415E+000  0.31369852E+001  0.11702699E+003
  0.36552967E-001  0.37220473E+000  0.31370627E+001  0.11702958E+003
  0.36552792E-001  0.37219598E+000  0.31371398E+001  0.11703220E+003
  0.36552654E-001  0.37218789E+000  0.31372165E+001  0.11703485E+003
  0.36552550E-001  0.37218049E+000  0.31372928E+001  0.11703752E+003
  0.36552477E-001  0.37217378E+000  0.31373687E+001  0.11704021E+003
  0.36552431E-001  0.37216776E+000  0.31374443E+001  0.11704293E+003
  0.36552409E-001  0.37216244E+000  0.31375195E+001  0.11704567E+003
  0.36552406E-001  0.37215781E+000  0.31375945E+001  0.11704842E+003
  0.36552419E-001  0.37215388E+000  0.31376691E+001  0.11705119E+003
  0.36552444E-001  0.37215064E+000  0.31377435E+001  0.11705398E+003
  0.36552478E-001  0.37214807E+000  0.31378178E+001  0.11705679E+003
  0.36552517E-001  0.37214617E+000  0.31378919E+001  0.11705961E+003
  0.36552559E-001  0.37214490E+000  0.31379659E+001  0.11706244E+003
  0.36552602E-001  0.37214425E+000  0.31380398E+001  0.11706528E+003
  0.36552643E-001  0.37214419E+000  0.31381139E+001  0.11706813E+003
  0.36552682E-001  0.37214468E+000  0.31381880E+001  0.11707100E+003
  0.36552716E-001  0.37214569E+000  0.31382623E+001  0.11707386E+003
  0.36552746E-001  0.37214717E+000  0.31383368E+001  0.11707674E+003
  0.36552770E-001  0.37214908E+000  0.31384117E+001  0.11707962E+003
  0.36552789E-001  0.37215137E+000  0.31384870E+001  0.11708251E+003
  0.36552802E-001  0.37215399E+000  0.31385627E+001  0.11708539E+003
  0.36552810E-001  0.37215690E+000  0.31386389E+001  0.11708828E+003
  0.36552812E-001  0.37216004E+000  0.31387156E+001  0.11709117E+003
  0.36552810E-001  0.37216336E+000  0.31387929E+001  0.11709406E+003
  0.36552804E-001  0.37216680E+000  0.31388708E+001  0.11709694E+003
  0.36552793E-001  0.37217033E+000  0.31389492E+001  0.11709983E+003
  0.36552779E-001  0.37217389E+000  0.31390281E+001  0.11710270E+003
  0.36552761E-001  0.37217745E+000  0.31391076E+001  0.11710557E+003
  0.36552739E-001  0.37218095E+000  0.31391875E+001  0.11710843E+003
  0.36552713E-001  0.37218436E+000  0.31392677E+001  0.11711129E+003
  0.36552683E-001  0.37218764E+000  0.31393483E+001  0.11711413E+003
  0.36552649E-001  0.37219076E+000  0.31394290E+001  0.11711696E+003
  0.36552610E-001  0.37219368E+000  0.31395099E+001  0.11711979E+003
  0.36552564E-001  0.37219638E+000  0.31395907E+001  0.11712260E+003
  0.36552513E-001  0.37219884E+000  0.31396715E+001  0.11712540E+003
  0.36552454E-001  0.37220102E+000  0.31397521E+001  0.11712819E+003
  0.36552388E-001  0.37220292E+000  0.31398324E+001  0.11713096E+003
  0.36552312E-001  0.37220451E+000  0.31399123E+001  0.11713373E+003
  0.36552228E-001  0.37220578E+000  0.31399917E+001  0.11713648E+003
  0.36552133E-001  0.37220672E+000  0.31400705E+001  0.11713923E+003
  0.36552028E-001  0.37220732E+000  0.31401486E+001  0.11714196E+003
  0.36551912E-001  0.37220757E+000  0.31402259E+001  0.11714469E+003
  0.36551784E-001  0.37220747E+000  0.31403024E+001  0.11714740E+003
  0.36551646E-001  0.37220702E+000  0.31403779E+001  0.11715011E+003
  0.36551495E-001  0.37220622E+000  0.31404523E+001  0.11715282E+003
  0.36551334E-001  0.37220508E+000  0.31405256E+001  0.11715552E+003
  0.36551161E-001  0.37220361E+000  0.31405977E+001  0.11715821E+003
  0.36550978E-001  0.37220181E+000  0.31406686E+001  0.11716091E+003
  0.36550785E-001  0.37219970E+000  0.31407380E+001  0.11716360E+003
  0.36550583E-001  0.37219729E+000  0.31408060E+001  0.11716629E+003
  0.36550372E-001  0.37219460E+000  0.31408725E+001  0.11716898E+003
  0.36550154E-001  0.37219164E+000  0.31409374E+001  0.11717167E+003
  0.36549929E-001  0.37218846E+000  0.31410006E+001  0.11717437E+003
  0.36549699E-001  0.37218505E+000  0.31410621E+001  0.11717706E+003
  0.36549465E-001  0.37218145E+000  0.31411218E+001  0.11717976E+003
  0.36549227E-001  0.37217769E+000  0.31411797E+001  0.11718247E+003
  0.36548988E-001  0.37217379E+000  0.31412356E+001  0.11718518E+003
  0.36548748E-001  0.37216977E+000  0.31412895E+001  0.11718790E+003
  0.36548509E-001  0.37216567E+000  0.31413414E+001  0.11719062E+003
  0.36548271E-001  0.37216150E+000  0.31413912E+001  0.11719335E+003
  0.36548036E-001  0.37215730E+000  0.31414389E+001  0.11719609E+003
  0.36547804E-001  0.37215310E+000  0.31414844E+001  0.11719883E+003
  0.36547577E-001  0.37214890E+000  0.31415277E+001  0.11720158E+003
  0.36547356E-001  0.37214475E+000  0.31415688E+001  0.11720434E+003
  0.36547140E-001  0.37214065E+000  0.31416077E+001  0.11720711E+003
  0.36546932E-001  0.37213664E+000  0.31416444E+001  0.11720989E+003
  0.36546731E-001  0.37213272E+000  0.31416788E+001  0.11721267E+003
  0.36546538E-001  0.37212891E+000  0.31417110E+001  0.11721546E+003
  0.36546354E-001  0.37212523E+000  0.31417411E+001  0.11721825E+003
  0.36546178E-001  0.37212168E+000  0.31417689E+001  0.11722106E+003
  0.36546011E-001  0.37211829E+000  0.31417947E+001  0.11722386E+003
  0.36545853E-001  0.37211505E+000  0.31418184E+001  0.11722668E+003
  0.36545705E-001  0.37211197E+000  0.31418400E+001  0.11722949E+003
  0.36545565E-001  0.37210906E+000  0.31418597E+001  0.11723232E+003
  0.36545435E-001  0.37210632E+000  0.31418775E+001  0.11723514E+003
  0.36545313E-001  0.37210375E+000  0.31418935E+001  0.11723797E+003
  0.36545200E-001  0.37210135E+000  0.31419078E+001  0.11724080E+003
  0.36545096E-001  0.37209911E+000  0.31419204E+001  0.11724363E+003
  0.36544999E-001  0.37209704E+000  0.31419315E+001  0.11724646E+003
  0.36544911E-001  0.37209512E+000  0.31419411E+001  0.11724928E+003
  0.36544830E-001  0.37209336E+000  0.31419493E+001  0.11725211E+003
  0.36544756E-001  0.37209175E+000  0.31419563E+001  0.11725493E+003
  0.36544689E-001  0.37209028E+000  0.31419620E+001  0.11725774E+003
  0.36544628E-001  0.37208894E+000  0.31419667E+001  0.11726055E+003
  0.36544573E-001  0.37208773E+000  0.31419704E+001  0.11726336E+003
  0.36544523E-001  0.37208663E+000  0.31419732E+001  0.11726615E+003
  0.36544479E-001  0.37208565E+000  0.31419751E+001  0.11726893E+003
  0.36544440E-001  0.37208478E+000  0.31419764E+001  0.11727171E+003
  0.36544404E-001  0.37208400E+000  0.31419770E+001  0.11727447E+003
  0.36544373E-001  0.37208330E+000  0.31419770E+001  0.11727721E+003
  0.36544346E-001  0.37208269E+000  0.31419766E+001  0.11727994E+003
  0.36544322E-001  0.37208215E+000  0.31419757E+001  0.11728266E+003
  0.36544301E-001  0.37208168E+000  0.31419745E+001  0.11728536E+003
  0.36544282E-001  0.37208128E+000  0.31419730E+001  0.11728804E+003
  0.36544266E-001  0.37208092E+000  0.31419713E+001  0.11729069E+003
  0.36544252E-001  0.37208062E+000  0.31419694E+001  0.11729333E+003
  0.36544240E-001  0.37208036E+000  0.31419673E+001  0.11729595E+003
  0.36544230E-001  0.37208013E+000  0.31419651E+001  0.11729854E+003
  0.36544221E-001  0.37207994E+000  0.31419629E+001  0.11730110E+003
  0.36544214E-001  0.37207979E+000  0.31419607E+001  0.11730364E+003
  0.36544207E-001  0.37207965E+000  0.31419585E+001  0.11730615E+003
  0.36544202E-001  0.37207954E+000  0.31419562E+001  0.11730864E+003
  0.36544197E-001  0.37207945E+000  0.31419541E+001  0.11731109E+003
  0.36544193E-001  0.37207938E+000  0.31419520E+001  0.11731351E+003
  0.36544190E-001  0.37207932E+000  0.31419499E+001  0.11731591E+003
  0.36544187E-001  0.37207927E+000  0.31419480E+001  0.11731827E+003
  0.36544185E-001  0.37207923E+000  0.31419461E+001  0.11732059E+003
  0.36544183E-001  0.37207920E+000  0.31419444E+001  0.11732289E+003
  0.36544181E-001  0.37207918E+000  0.31419427E+001  0.11732514E+003
  0.36544179E-001  0.37207916E+000  0.31419411E+001  0.11732737E+003
  0.36544178E-001  0.37207915E+000  0.31419397E+001  0.11732955E+003
  0.36544177E-001  0.37207914E+000  0.31419383E+001  0.11733170E+003
  0.36544175E-001  0.37207913E+000  0.31419371E+001  0.11733381E+003
  0.36544174E-001  0.37207912E+000  0.31419359E+001  0.11733588E+003
  0.36544173E-001  0.37207911E+000  0.31419349E+001  0.11733792E+003
  0.36544172E-001  0.37207911E+000  0.31419339E+001  0.11733991E+003
  0.36544171E-001  0.37207910E+000  0.31419330E+001  0.11734187E+003
  0.36544170E-001  0.37207910E+000  0.31419322E+001  0.11734378E+003
  0.36544169E-001  0.37207909E+000  0.31419315E+001  0.11734566E+003
  0.36544168E-001  0.37207908E+000  0.31419308E+001  0.11734749E+003
  0.36544167E-001  0.37207908E+000  0.31419302E+001  0.11734928E+003
  0.36544166E-001  0.37207907E+000  0.31419297E+001  0.11735104E+003
  0.36544165E-001  0.37207906E+000  0.31419292E+001  0.11735275E+003
  0.36544164E-001  0.37207905E+000  0.31419287E+001  0.11735442E+003
  0.36544163E-001  0.37207904E+000  0.31419283E+001  0.11735605E+003
  0.36544162E-001  0.37207903E+000  0.31419280E+001  0.11735764E+003
  0.36544161E-001  0.37207902E+000  0.31419276E+001  0.11735919E+003
  0.36544160E-001  0.37207901E+000  0.31419273E+001  0.11736070E+003
  0.36544159E-001  0.37207900E+000  0.31419271E+001  0.11736217E+003
  0.36544158E-001  0.37207899E+000  0.31419268E+001  0.11736360E+003
  0.36544157E-001  0.37207898E+000  0.31419266E+001  0.11736499E+003
  0.36544156E-001  0.37207897E+000  0.31419264E+001  0.11736634E+003
  0.36544155E-001  0.37207896E+000  0.31419262E+001  0.11736765E+003
  0.36544155E-001  0.37207895E+000  0.31419260E+001  0.11736892E+003
  0.36544154E-001  0.37207894E+000  0.31419258E+001  0.11737016E+003
  0.36544154E-001  0.37207894E+000  0.31419256E+001  0.11737135E+003
  0.36544153E-001  0.37207893E+000  0.31419255E+001  0.11737251E+003
  0.36544153E-001  0.37207892E+000  0.31419253E+001  0.11737363E+003
  0.36544153E-001  0.37207891E+000  0.31419252E+001  0.11737472E+003
  0.36544152E-001  0.37207891E+000  0.31419251E+001  0.11737577E+003
  0.36544152E-001  0.37207890E+000  0.31419250E+001  0.11737678E+003
  0.36544152E-001  0.37207890E+000  0.31419248E+001  0.11737776E+003
  0.36544153E-001  0.37207890E+000  0.31419247E+001  0.11737871E+003
  0.36544153E-001  0.37207890E+000  0.31419246E+001  0.11737963E+003
  0.36544155E-001  0.37207890E+000  0.31419245E+001  0.11738051E+003
  0.36544156E-001  0.37207891E+000  0.31419244E+001  0.11738135E+003
