  0.10620636E+000
  0.10624662E+000
  0.10623448E+000
  0.10620397E+000
  0.10616688E+000
  0.10612839E+000
  0.10609148E+000
  0.10605843E+000
  0.10602954E+000
  0.10600467E+000
  0.10598353E+000
  0.10596577E+000
  0.10595103E+000
  0.10593897E+000
  0.10592927E+000
  0.10592163E+000
  0.10591579E+000
  0.10591152E+000
  0.10590860E+000
  0.10590684E+000
  0.10590610E+000
  0.10590622E+000
  0.10590708E+000
  0.10590856E+000
  0.10591057E+000
  0.10591302E+000
  0.10591585E+000
  0.10591898E+000
  0.10592235E+000
  0.10592594E+000
  0.10592968E+000
  0.10593355E+000
  0.10593751E+000
  0.10594155E+000
  0.10594565E+000
  0.10594978E+000
  0.10595395E+000
  0.10595813E+000
  0.10596233E+000
  0.10596654E+000
  0.10597076E+000
  0.10597498E+000
  0.10597922E+000
  0.10598346E+000
  0.10598771E+000
  0.10599197E+000
  0.10599624E+000
  0.10600053E+000
  0.10600482E+000
  0.10600913E+000
  0.10601345E+000
  0.10601778E+000
  0.10602211E+000
  0.10602645E+000
  0.10603079E+000
  0.10603513E+000
  0.10603947E+000
  0.10604380E+000
  0.10604812E+000
  0.10605242E+000
  0.10605671E+000
  0.10606097E+000
  0.10606521E+000
  0.10606942E+000
  0.10607360E+000
  0.10607775E+000
  0.10608186E+000
  0.10608594E+000
  0.10608998E+000
  0.10609397E+000
  0.10609793E+000
  0.10610184E+000
  0.10610571E+000
  0.10610953E+000
  0.10611332E+000
  0.10611705E+000
  0.10612075E+000
  0.10612440E+000
  0.10612800E+000
  0.10613157E+000
  0.10613508E+000
  0.10613856E+000
  0.10614199E+000
  0.10614537E+000
  0.10614871E+000
  0.10615201E+000
  0.10615527E+000
  0.10615848E+000
  0.10616166E+000
  0.10616479E+000
  0.10616788E+000
  0.10617093E+000
  0.10617395E+000
  0.10617693E+000
  0.10617987E+000
  0.10618278E+000
  0.10618566E+000
  0.10618850E+000
  0.10619132E+000
  0.10619412E+000
  0.10619689E+000
  0.10619964E+000
  0.10620236E+000
  0.10620507E+000
  0.10620776E+000
  0.10621044E+000
  0.10621310E+000
  0.10621576E+000
  0.10621840E+000
  0.10622104E+000
  0.10622366E+000
  0.10622629E+000
  0.10622891E+000
  0.10623153E+000
  0.10623414E+000
  0.10623676E+000
  0.10623937E+000
  0.10624199E+000
  0.10624461E+000
  0.10624723E+000
  0.10624986E+000
  0.10625249E+000
  0.10625512E+000
  0.10625776E+000
  0.10626040E+000
  0.10626305E+000
  0.10626570E+000
  0.10626836E+000
  0.10627102E+000
  0.10627368E+000
  0.10627635E+000
  0.10627902E+000
  0.10628170E+000
  0.10628438E+000
  0.10628706E+000
  0.10628974E+000
  0.10629243E+000
  0.10629511E+000
  0.10629779E+000
  0.10630047E+000
  0.10630315E+000
  0.10630583E+000
  0.10630850E+000
  0.10631117E+000
  0.10631383E+000
  0.10631648E+000
  0.10631912E+000
  0.10632176E+000
  0.10632438E+000
  0.10632699E+000
  0.10632959E+000
  0.10633217E+000
  0.10633474E+000
  0.10633729E+000
  0.10633982E+000
  0.10634234E+000
  0.10634483E+000
  0.10634730E+000
  0.10634975E+000
  0.10635218E+000
  0.10635458E+000
  0.10635695E+000
  0.10635930E+000
  0.10636162E+000
  0.10636391E+000
  0.10636617E+000
  0.10636840E+000
  0.10637060E+000
  0.10637276E+000
  0.10637489E+000
  0.10637699E+000
  0.10637905E+000
  0.10638108E+000
  0.10638307E+000
  0.10638503E+000
  0.10638694E+000
  0.10638882E+000
  0.10639067E+000
  0.10639247E+000
  0.10639424E+000
  0.10639596E+000
  0.10639765E+000
  0.10639930E+000
  0.10640091E+000
  0.10640248E+000
  0.10640401E+000
  0.10640551E+000
  0.10640696E+000
  0.10640838E+000
  0.10640975E+000
  0.10641109E+000
  0.10641239E+000
  0.10641366E+000
  0.10641488E+000
  0.10641607E+000
  0.10641723E+000
  0.10641834E+000
  0.10641942E+000
  0.10642047E+000
  0.10642148E+000
