  0.11898287E+001  0.55518181E+000  0.89684152E+000  0.37088912E+001
  0.11646058E+001  0.57218541E+000  0.89328532E+000  0.37128245E+001
  0.11432314E+001  0.57925271E+000  0.90503589E+000  0.37090781E+001
  0.11347271E+001  0.57974504E+000  0.90523437E+000  0.37118095E+001
  0.11265818E+001  0.57691459E+000  0.90843231E+000  0.37154957E+001
  0.11241405E+001  0.56721118E+000  0.91022734E+000  0.37225668E+001
  0.11171694E+001  0.56901456E+000  0.91338955E+000  0.37219655E+001
  0.11053954E+001  0.57954038E+000  0.91298756E+000  0.37215685E+001
  0.11037329E+001  0.58002249E+000  0.91138095E+000  0.37227756E+001
  0.11017495E+001  0.57631145E+000  0.91541820E+000  0.37232434E+001
  0.11008712E+001  0.57463963E+000  0.91485522E+000  0.37254942E+001
  0.11002775E+001  0.57206965E+000  0.91436942E+000  0.37285562E+001
  0.10998071E+001  0.57139549E+000  0.91035856E+000  0.37333555E+001
  0.10991740E+001  0.57177158E+000  0.90990169E+000  0.37339075E+001
  0.10963668E+001  0.57445104E+000  0.91002800E+000  0.37339105E+001
  0.10957569E+001  0.57238827E+000  0.91254373E+000  0.37342072E+001
  0.10955752E+001  0.57051898E+000  0.91427239E+000  0.37347862E+001
  0.10950747E+001  0.57060823E+000  0.91461555E+000  0.37352103E+001
  0.10949136E+001  0.57078389E+000  0.91474904E+000  0.37355024E+001
  0.10950096E+001  0.57071258E+000  0.91540262E+000  0.37353363E+001
  0.10903989E+001  0.57551928E+000  0.91549779E+000  0.37356189E+001
  0.10905555E+001  0.57554105E+000  0.91563690E+000  0.37359278E+001
  0.10906809E+001  0.57564669E+000  0.91583590E+000  0.37361696E+001
  0.10908583E+001  0.57571172E+000  0.91648327E+000  0.37359906E+001
  0.10910306E+001  0.57579019E+000  0.91667127E+000  0.37362962E+001
  0.10912197E+001  0.57586619E+000  0.91677669E+000  0.37366991E+001
  0.10914193E+001  0.57592150E+000  0.91692139E+000  0.37370980E+001
  0.10914398E+001  0.57618016E+000  0.91703544E+000  0.37375249E+001
  0.10916487E+001  0.57625564E+000  0.91716779E+000  0.37379468E+001
  0.10918610E+001  0.57630767E+000  0.91732652E+000  0.37383782E+001
  0.10920760E+001  0.57638500E+000  0.91746228E+000  0.37388180E+001
  0.10922930E+001  0.57646287E+000  0.91759942E+000  0.37392651E+001
  0.10925100E+001  0.57654249E+000  0.91773764E+000  0.37397184E+001
  0.10927296E+001  0.57662065E+000  0.91834136E+000  0.37376087E+001
  0.10929495E+001  0.57669878E+000  0.91801636E+000  0.37406400E+001
  0.10931640E+001  0.57678226E+000  0.91815643E+000  0.37411065E+001
  0.10933835E+001  0.57685997E+000  0.91829672E+000  0.37415755E+001
  0.10936020E+001  0.57693729E+000  0.91843707E+000  0.37420462E+001
  0.10938191E+001  0.57701414E+000  0.91857732E+000  0.37425177E+001
  0.10940344E+001  0.57709041E+000  0.91871731E+000  0.37429890E+001
  0.10942475E+001  0.57716599E+000  0.91885690E+000  0.37434595E+001
  0.10944579E+001  0.57724080E+000  0.91899595E+000  0.37439281E+001
  0.10946652E+001  0.57731473E+000  0.91913433E+000  0.37443940E+001
  0.10948690E+001  0.57738770E+000  0.91927187E+000  0.37448565E+001
  0.10950690E+001  0.57745958E+000  0.91940846E+000  0.37453145E+001
  0.10952702E+001  0.57752479E+000  0.91975162E+000  0.37446197E+001
  0.10954612E+001  0.57759422E+000  0.91987280E+000  0.37451386E+001
  0.10956472E+001  0.57766227E+000  0.91999382E+000  0.37456436E+001
  0.10958278E+001  0.57772882E+000  0.92011449E+000  0.37461342E+001
  0.10960027E+001  0.57779378E+000  0.92023460E+000  0.37466098E+001
  0.10961715E+001  0.57785703E+000  0.92035391E+000  0.37470699E+001
  0.10963339E+001  0.57791847E+000  0.92047218E+000  0.37475141E+001
  0.10964913E+001  0.57797641E+000  0.92058915E+000  0.37479421E+001
  0.10966402E+001  0.57803394E+000  0.92070457E+000  0.37483534E+001
  0.10967820E+001  0.57808936E+000  0.92081815E+000  0.37487480E+001
  0.10969165E+001  0.57814260E+000  0.92092962E+000  0.37491254E+001
  0.10970437E+001  0.57819358E+000  0.92103870E+000  0.37494855E+001
  0.10971633E+001  0.57824225E+000  0.92114508E+000  0.37498281E+001
  0.10972753E+001  0.57828856E+000  0.92124850E+000  0.37501531E+001
  0.10973798E+001  0.57833243E+000  0.92122287E+000  0.37511550E+001
  0.10974766E+001  0.57839795E+000  0.92129484E+000  0.37514476E+001
  0.10975659E+001  0.57843683E+000  0.92138660E+000  0.37517255E+001
  0.10976479E+001  0.57847308E+000  0.92147381E+000  0.37519884E+001
  0.10977224E+001  0.57850688E+000  0.92155628E+000  0.37522363E+001
  0.10977898E+001  0.57853813E+000  0.92163384E+000  0.37524689E+001
  0.10978503E+001  0.57856685E+000  0.92170635E+000  0.37526861E+001
  0.10979039E+001  0.57859306E+000  0.92177368E+000  0.37528879E+001
  0.10979511E+001  0.57861681E+000  0.92183574E+000  0.37530743E+001
  0.10979921E+001  0.57863814E+000  0.92189246E+000  0.37532453E+001
  0.10980271E+001  0.57865710E+000  0.92194383E+000  0.37534011E+001
  0.10980565E+001  0.57867376E+000  0.92198984E+000  0.37535418E+001
  0.10980805E+001  0.57868822E+000  0.92203056E+000  0.37536677E+001
  0.10980995E+001  0.57870054E+000  0.92206606E+000  0.37537791E+001
  0.10981139E+001  0.57871083E+000  0.92209647E+000  0.37538763E+001
  0.10981238E+001  0.57871920E+000  0.92212194E+000  0.37539597E+001
  0.10981298E+001  0.57872576E+000  0.92214267E+000  0.37540300E+001
  0.10981320E+001  0.57873062E+000  0.92215889E+000  0.37540875E+001
  0.10981309E+001  0.57873391E+000  0.92217084E+000  0.37541330E+001
  0.10981267E+001  0.57873576E+000  0.92217879E+000  0.37541671E+001
  0.10981197E+001  0.57873629E+000  0.92218304E+000  0.37541905E+001
  0.10981103E+001  0.57873563E+000  0.92218390E+000  0.37542040E+001
  0.10980987E+001  0.57873392E+000  0.92218168E+000  0.37542084E+001
  0.10980852E+001  0.57873127E+000  0.92217670E+000  0.37542045E+001
  0.10980702E+001  0.57872781E+000  0.92216930E+000  0.37541931E+001
  0.10980537E+001  0.57872366E+000  0.92215978E+000  0.37541751E+001
  0.10980361E+001  0.57871893E+000  0.92214848E+000  0.37541514E+001
  0.10980177E+001  0.57871372E+000  0.92213567E+000  0.37541227E+001
  0.10979985E+001  0.57870814E+000  0.92212166E+000  0.37540899E+001
  0.10979788E+001  0.57870227E+000  0.92210672E+000  0.37540537E+001
  0.10979588E+001  0.57869620E+000  0.92209110E+000  0.37540148E+001
  0.10979387E+001  0.57868999E+000  0.92207503E+000  0.37539739E+001
  0.10979185E+001  0.57868373E+000  0.92205873E+000  0.37539316E+001
  0.10978984E+001  0.57867787E+000  0.92204196E+000  0.37538884E+001
  0.10978785E+001  0.57867164E+000  0.92202574E+000  0.37538449E+001
  0.10978590E+001  0.57866549E+000  0.92200979E+000  0.37538014E+001
  0.10978398E+001  0.57865946E+000  0.92199422E+000  0.37537583E+001
  0.10978212E+001  0.57865358E+000  0.92197916E+000  0.37537159E+001
  0.10978030E+001  0.57864786E+000  0.92196468E+000  0.37536744E+001
  0.10977854E+001  0.57864232E+000  0.92195084E+000  0.37536342E+001
  0.10977684E+001  0.57863697E+000  0.92193770E+000  0.37535952E+001
  0.10977520E+001  0.57863182E+000  0.92192529E+000  0.37535578E+001
  0.10977363E+001  0.57862686E+000  0.92191364E+000  0.37535218E+001
  0.10977213E+001  0.57862209E+000  0.92190275E+000  0.37534874E+001
  0.10977069E+001  0.57861752E+000  0.92189261E+000  0.37534546E+001
  0.10976931E+001  0.57861312E+000  0.92188323E+000  0.37534234E+001
  0.10976801E+001  0.57860890E+000  0.92187458E+000  0.37533938E+001
  0.10976676E+001  0.57860484E+000  0.92186663E+000  0.37533657E+001
  0.10976558E+001  0.57860093E+000  0.92185937E+000  0.37533391E+001
  0.10976447E+001  0.57859717E+000  0.92185275E+000  0.37533139E+001
  0.10976341E+001  0.57859354E+000  0.92184675E+000  0.37532901E+001
  0.10976241E+001  0.57859003E+000  0.92184132E+000  0.37532676E+001
  0.10976147E+001  0.57858663E+000  0.92183643E+000  0.37532464E+001
  0.10976058E+001  0.57858333E+000  0.92183204E+000  0.37532263E+001
  0.10975975E+001  0.57858013E+000  0.92182811E+000  0.37532074E+001
  0.10975896E+001  0.57857701E+000  0.92182461E+000  0.37531895E+001
  0.10975823E+001  0.57857398E+000  0.92182150E+000  0.37531726E+001
  0.10975754E+001  0.57857101E+000  0.92181874E+000  0.37531565E+001
  0.10975689E+001  0.57856812E+000  0.92181630E+000  0.37531414E+001
  0.10975629E+001  0.57856529E+000  0.92181415E+000  0.37531270E+001
  0.10975572E+001  0.57856253E+000  0.92181226E+000  0.37531134E+001
  0.10975520E+001  0.57855983E+000  0.92181061E+000  0.37531005E+001
  0.10975471E+001  0.57855719E+000  0.92180915E+000  0.37530882E+001
  0.10975426E+001  0.57855461E+000  0.92180788E+000  0.37530766E+001
  0.10975383E+001  0.57855208E+000  0.92180677E+000  0.37530655E+001
  0.10975344E+001  0.57854962E+000  0.92180579E+000  0.37530550E+001
  0.10975308E+001  0.57854722E+000  0.92180494E+000  0.37530449E+001
  0.10975275E+001  0.57854489E+000  0.92180418E+000  0.37530354E+001
  0.10975244E+001  0.57854261E+000  0.92180352E+000  0.37530263E+001
  0.10975215E+001  0.57854041E+000  0.92180293E+000  0.37530176E+001
  0.10975189E+001  0.57853827E+000  0.92180241E+000  0.37530093E+001
  0.10975165E+001  0.57853621E+000  0.92180194E+000  0.37530013E+001
  0.10975143E+001  0.57853421E+000  0.92180151E+000  0.37529938E+001
  0.10975123E+001  0.57853229E+000  0.92180111E+000  0.37529865E+001
  0.10975104E+001  0.57853044E+000  0.92180075E+000  0.37529796E+001
  0.10975087E+001  0.57852867E+000  0.92180041E+000  0.37529730E+001
  0.10975072E+001  0.57852698E+000  0.92180008E+000  0.37529667E+001
  0.10975058E+001  0.57852536E+000  0.92179978E+000  0.37529607E+001
  0.10975045E+001  0.57852382E+000  0.92179948E+000  0.37529550E+001
  0.10975033E+001  0.57852236E+000  0.92179919E+000  0.37529496E+001
  0.10975023E+001  0.57852097E+000  0.92179891E+000  0.37529444E+001
  0.10975013E+001  0.57851966E+000  0.92179863E+000  0.37529394E+001
  0.10975004E+001  0.57851843E+000  0.92179836E+000  0.37529347E+001
  0.10974997E+001  0.57851726E+000  0.92179810E+000  0.37529303E+001
  0.10974989E+001  0.57851617E+000  0.92179783E+000  0.37529260E+001
  0.10974983E+001  0.57851515E+000  0.92179757E+000  0.37529221E+001
  0.10974977E+001  0.57851420E+000  0.92179732E+000  0.37529183E+001
  0.10974972E+001  0.57851331E+000  0.92179707E+000  0.37529148E+001
  0.10974967E+001  0.57851248E+000  0.92179682E+000  0.37529114E+001
  0.10974963E+001  0.57851171E+000  0.92179658E+000  0.37529083E+001
  0.10974959E+001  0.57851100E+000  0.92179635E+000  0.37529054E+001
  0.10974955E+001  0.57851035E+000  0.92179612E+000  0.37529027E+001
  0.10974952E+001  0.57850974E+000  0.92179590E+000  0.37529002E+001
  0.10974949E+001  0.57850919E+000  0.92179568E+000  0.37528979E+001
  0.10974946E+001  0.57850868E+000  0.92179547E+000  0.37528957E+001
  0.10974944E+001  0.57850821E+000  0.92179527E+000  0.37528938E+001
  0.10974942E+001  0.57850778E+000  0.92179508E+000  0.37528920E+001
  0.10974940E+001  0.57850739E+000  0.92179490E+000  0.37528904E+001
  0.10974938E+001  0.57850703E+000  0.92179473E+000  0.37528890E+001
  0.10974936E+001  0.57850670E+000  0.92179456E+000  0.37528878E+001
  0.10974934E+001  0.57850640E+000  0.92179440E+000  0.37528867E+001
  0.10974933E+001  0.57850613E+000  0.92179425E+000  0.37528857E+001
  0.10974931E+001  0.57850589E+000  0.92179411E+000  0.37528849E+001
  0.10974930E+001  0.57850566E+000  0.92179398E+000  0.37528843E+001
  0.10974929E+001  0.57850546E+000  0.92179386E+000  0.37528838E+001
  0.10974928E+001  0.57850528E+000  0.92179374E+000  0.37528834E+001
  0.10974927E+001  0.57850511E+000  0.92179364E+000  0.37528832E+001
  0.10974926E+001  0.57850496E+000  0.92179353E+000  0.37528831E+001
  0.10974925E+001  0.57850482E+000  0.92179344E+000  0.37528831E+001
  0.10974924E+001  0.57850469E+000  0.92179335E+000  0.37528832E+001
  0.10974923E+001  0.57850458E+000  0.92179327E+000  0.37528834E+001
  0.10974922E+001  0.57850447E+000  0.92179319E+000  0.37528837E+001
  0.10974921E+001  0.57850438E+000  0.92179312E+000  0.37528842E+001
  0.10974921E+001  0.57850429E+000  0.92179306E+000  0.37528847E+001
  0.10974920E+001  0.57850421E+000  0.92179300E+000  0.37528853E+001
  0.10974919E+001  0.57850413E+000  0.92179294E+000  0.37528859E+001
  0.10974919E+001  0.57850407E+000  0.92179289E+000  0.37528867E+001
  0.10974918E+001  0.57850400E+000  0.92179284E+000  0.37528875E+001
  0.10974917E+001  0.57850394E+000  0.92179279E+000  0.37528884E+001
  0.10974917E+001  0.57850389E+000  0.92179274E+000  0.37528893E+001
  0.10974916E+001  0.57850384E+000  0.92179270E+000  0.37528903E+001
  0.10974916E+001  0.57850379E+000  0.92179266E+000  0.37528914E+001
  0.10974915E+001  0.57850375E+000  0.92179263E+000  0.37528925E+001
  0.10974914E+001  0.57850370E+000  0.92179259E+000  0.37528936E+001
  0.10974914E+001  0.57850367E+000  0.92179256E+000  0.37528948E+001
  0.10974914E+001  0.57850363E+000  0.92179253E+000  0.37528960E+001
  0.10974913E+001  0.57850359E+000  0.92179250E+000  0.37528972E+001
  0.10974913E+001  0.57850356E+000  0.92179247E+000  0.37528985E+001
  0.10974912E+001  0.57850353E+000  0.92179244E+000  0.37528997E+001
  0.10974912E+001  0.57850350E+000  0.92179242E+000  0.37529010E+001
  0.10974911E+001  0.57850348E+000  0.92179239E+000  0.37529023E+001
  0.10974911E+001  0.57850345E+000  0.92179237E+000  0.37529037E+001
  0.10974911E+001  0.57850343E+000  0.92179235E+000  0.37529050E+001
  0.10974910E+001  0.57850340E+000  0.92179232E+000  0.37529063E+001
  0.10974910E+001  0.57850338E+000  0.92179230E+000  0.37529077E+001
  0.10974910E+001  0.57850336E+000  0.92179228E+000  0.37529090E+001
  0.10974910E+001  0.57850334E+000  0.92179226E+000  0.37529103E+001
  0.10974909E+001  0.57850332E+000  0.92179224E+000  0.37529116E+001
  0.10974909E+001  0.57850330E+000  0.92179221E+000  0.37529129E+001
  0.10974908E+001  0.57850327E+000  0.92179216E+000  0.37529142E+001
  0.10974907E+001  0.57850323E+000  0.92179210E+000  0.37529154E+001
