 -0.15576091E+000  0.23177659E+000  0.22815528E+001  0.39931748E+001
 -0.15606191E+000  0.23052851E+000  0.22784936E+001  0.39899408E+001
 -0.15626158E+000  0.22947768E+000  0.22759670E+001  0.39874150E+001
 -0.15640629E+000  0.22861945E+000  0.22738873E+001  0.39854156E+001
 -0.15651654E+000  0.22793148E+000  0.22721786E+001  0.39838309E+001
 -0.15659803E+000  0.22738421E+000  0.22707839E+001  0.39825758E+001
 -0.15665616E+000  0.22695390E+000  0.22696546E+001  0.39815868E+001
 -0.15669573E+000  0.22662145E+000  0.22687500E+001  0.39808161E+001
 -0.15672046E+000  0.22637082E+000  0.22680355E+001  0.39802262E+001
 -0.15673325E+000  0.22618856E+000  0.22674810E+001  0.39797863E+001
 -0.15673641E+000  0.22606335E+000  0.22670614E+001  0.39794719E+001
 -0.15673137E+000  0.22598571E+000  0.22667554E+001  0.39792631E+001
 -0.15671918E+000  0.22594773E+000  0.22665448E+001  0.39791433E+001
 -0.15670169E+000  0.22594275E+000  0.22664145E+001  0.39790991E+001
 -0.15668027E+000  0.22596518E+000  0.22663521E+001  0.39791194E+001
 -0.15665592E+000  0.22601037E+000  0.22663467E+001  0.39791950E+001
 -0.15662941E+000  0.22607438E+000  0.22663897E+001  0.39793182E+001
 -0.15660133E+000  0.22615394E+000  0.22664734E+001  0.39794827E+001
 -0.15657218E+000  0.22624628E+000  0.22665916E+001  0.39796832E+001
 -0.15654233E+000  0.22634908E+000  0.22667391E+001  0.39799153E+001
 -0.15651208E+000  0.22646037E+000  0.22669113E+001  0.39801753E+001
 -0.15648170E+000  0.22657848E+000  0.22671045E+001  0.39804600E+001
 -0.15645138E+000  0.22670202E+000  0.22673157E+001  0.39807668E+001
 -0.15642129E+000  0.22682980E+000  0.22675420E+001  0.39810934E+001
 -0.15639157E+000  0.22696082E+000  0.22677811E+001  0.39814379E+001
 -0.15636234E+000  0.22709420E+000  0.22680313E+001  0.39817986E+001
 -0.15633369E+000  0.22722922E+000  0.22682906E+001  0.39821741E+001
 -0.15630566E+000  0.22736524E+000  0.22685577E+001  0.39825630E+001
 -0.15627831E+000  0.22750172E+000  0.22688313E+001  0.39829642E+001
 -0.15625229E+000  0.22763881E+000  0.22691102E+001  0.39833766E+001
 -0.15622705E+000  0.22777551E+000  0.22693935E+001  0.39837994E+001
 -0.15620260E+000  0.22791142E+000  0.22696801E+001  0.39842314E+001
 -0.15617898E+000  0.22804626E+000  0.22699693E+001  0.39846720E+001
 -0.15615621E+000  0.22817975E+000  0.22702603E+001  0.39851201E+001
 -0.15613429E+000  0.22831166E+000  0.22705524E+001  0.39855750E+001
 -0.15611322E+000  0.22844178E+000  0.22708449E+001  0.39860358E+001
 -0.15609302E+000  0.22856992E+000  0.22711372E+001  0.39865016E+001
 -0.15607366E+000  0.22869593E+000  0.22714288E+001  0.39869715E+001
 -0.15605514E+000  0.22881964E+000  0.22717190E+001  0.39874447E+001
 -0.15603744E+000  0.22894092E+000  0.22720074E+001  0.39879203E+001
 -0.15602009E+000  0.22905920E+000  0.22722935E+001  0.39883972E+001
 -0.15600316E+000  0.22917445E+000  0.22725769E+001  0.39888745E+001
 -0.15598703E+000  0.22928693E+000  0.22728571E+001  0.39893513E+001
 -0.15597166E+000  0.22939656E+000  0.22731337E+001  0.39898265E+001
 -0.15595704E+000  0.22950324E+000  0.22734063E+001  0.39902991E+001
 -0.15594316E+000  0.22960687E+000  0.22736746E+001  0.39907681E+001
 -0.15593000E+000  0.22970737E+000  0.22739382E+001  0.39912325E+001
 -0.15591753E+000  0.22980466E+000  0.22741967E+001  0.39916911E+001
 -0.15590575E+000  0.22989867E+000  0.22744498E+001  0.39921432E+001
 -0.15589463E+000  0.22998932E+000  0.22746972E+001  0.39925875E+001
 -0.15588406E+000  0.23007646E+000  0.22749386E+001  0.39930232E+001
 -0.15587233E+000  0.23015835E+000  0.22751736E+001  0.39934492E+001
 -0.15586128E+000  0.23023679E+000  0.22754020E+001  0.39938648E+001
 -0.15585087E+000  0.23031174E+000  0.22756236E+001  0.39942688E+001
 -0.15584111E+000  0.23038320E+000  0.22758381E+001  0.39946605E+001
 -0.15583196E+000  0.23045115E+000  0.22760452E+001  0.39950390E+001
 -0.15582341E+000  0.23051562E+000  0.22762449E+001  0.39954035E+001
 -0.15581543E+000  0.23057661E+000  0.22764368E+001  0.39957532E+001
 -0.15580799E+000  0.23063419E+000  0.22766211E+001  0.39960874E+001
 -0.15580109E+000  0.23068840E+000  0.22767974E+001  0.39964054E+001
 -0.15579470E+000  0.23073932E+000  0.22769659E+001  0.39967065E+001
 -0.15578880E+000  0.23078703E+000  0.22771265E+001  0.39969902E+001
 -0.15578339E+000  0.23083164E+000  0.22772792E+001  0.39972558E+001
 -0.15577843E+000  0.23087328E+000  0.22774240E+001  0.39975030E+001
 -0.15577390E+000  0.23091206E+000  0.22775612E+001  0.39977313E+001
 -0.15576980E+000  0.23094813E+000  0.22776908E+001  0.39979404E+001
 -0.15576608E+000  0.23098165E+000  0.22778130E+001  0.39981301E+001
 -0.15576274E+000  0.23101277E+000  0.22779279E+001  0.39983001E+001
 -0.15575975E+000  0.23104165E+000  0.22780358E+001  0.39984503E+001
 -0.15575710E+000  0.23106848E+000  0.22781368E+001  0.39985809E+001
 -0.15575476E+000  0.23109340E+000  0.22782313E+001  0.39986920E+001
 -0.15575273E+000  0.23111660E+000  0.22783194E+001  0.39987837E+001
 -0.15575097E+000  0.23113823E+000  0.22784015E+001  0.39988565E+001
 -0.15574949E+000  0.23115847E+000  0.22784778E+001  0.39989106E+001
 -0.15574825E+000  0.23117745E+000  0.22785487E+001  0.39989468E+001
 -0.15574725E+000  0.23119533E+000  0.22786145E+001  0.39989657E+001
 -0.15574648E+000  0.23121224E+000  0.22786754E+001  0.39989679E+001
 -0.15574591E+000  0.23122831E+000  0.22787319E+001  0.39989544E+001
 -0.15574554E+000  0.23124366E+000  0.22787842E+001  0.39989260E+001
 -0.15574535E+000  0.23125841E+000  0.22788328E+001  0.39988838E+001
 -0.15574532E+000  0.23127263E+000  0.22788779E+001  0.39988287E+001
 -0.15574545E+000  0.23128644E+000  0.22789199E+001  0.39987618E+001
 -0.15574572E+000  0.23129989E+000  0.22789592E+001  0.39986844E+001
 -0.15574612E+000  0.23131308E+000  0.22789961E+001  0.39985974E+001
 -0.15574662E+000  0.23132606E+000  0.22790309E+001  0.39985020E+001
 -0.15574721E+000  0.23133889E+000  0.22790640E+001  0.39983993E+001
 -0.15574789E+000  0.23135161E+000  0.22790957E+001  0.39982905E+001
 -0.15574863E+000  0.23136427E+000  0.22791262E+001  0.39981764E+001
 -0.15574942E+000  0.23137690E+000  0.22791559E+001  0.39980582E+001
 -0.15575025E+000  0.23138953E+000  0.22791849E+001  0.39979368E+001
 -0.15575110E+000  0.23140218E+000  0.22792136E+001  0.39978129E+001
 -0.15575196E+000  0.23141488E+000  0.22792422E+001  0.39976875E+001
 -0.15575283E+000  0.23142762E+000  0.22792707E+001  0.39975612E+001
 -0.15575368E+000  0.23144042E+000  0.22792994E+001  0.39974347E+001
 -0.15575452E+000  0.23145328E+000  0.22793284E+001  0.39973085E+001
 -0.15575534E+000  0.23146619E+000  0.22793578E+001  0.39971831E+001
 -0.15575612E+000  0.23147915E+000  0.22793878E+001  0.39970590E+001
 -0.15575687E+000  0.23149213E+000  0.22794183E+001  0.39969364E+001
 -0.15575757E+000  0.23150513E+000  0.22794495E+001  0.39968157E+001
 -0.15575823E+000  0.23151812E+000  0.22794813E+001  0.39966972E+001
 -0.15575885E+000  0.23153109E+000  0.22795138E+001  0.39965809E+001
 -0.15575942E+000  0.23154400E+000  0.22795471E+001  0.39964670E+001
 -0.15575994E+000  0.23155682E+000  0.22795810E+001  0.39963557E+001
 -0.15576042E+000  0.23156954E+000  0.22796156E+001  0.39962469E+001
 -0.15576084E+000  0.23158211E+000  0.22796510E+001  0.39961407E+001
 -0.15576123E+000  0.23159451E+000  0.22796869E+001  0.39960371E+001
 -0.15576157E+000  0.23160671E+000  0.22797235E+001  0.39959361E+001
 -0.15576187E+000  0.23161868E+000  0.22797607E+001  0.39958377E+001
 -0.15576213E+000  0.23163038E+000  0.22797985E+001  0.39957418E+001
 -0.15576236E+000  0.23164179E+000  0.22798367E+001  0.39956484E+001
 -0.15576255E+000  0.23165288E+000  0.22798754E+001  0.39955574E+001
 -0.15576272E+000  0.23166363E+000  0.22799144E+001  0.39954688E+001
 -0.15576285E+000  0.23167402E+000  0.22799539E+001  0.39953825E+001
 -0.15576297E+000  0.23168402E+000  0.22799936E+001  0.39952985E+001
 -0.15576305E+000  0.23169361E+000  0.22800335E+001  0.39952167E+001
 -0.15576312E+000  0.23170279E+000  0.22800736E+001  0.39951371E+001
 -0.15576317E+000  0.23171154E+000  0.22801138E+001  0.39950595E+001
 -0.15576321E+000  0.23171985E+000  0.22801540E+001  0.39949841E+001
 -0.15576323E+000  0.23172772E+000  0.22801942E+001  0.39949107E+001
 -0.15576324E+000  0.23173515E+000  0.22802343E+001  0.39948393E+001
 -0.15576324E+000  0.23174213E+000  0.22802742E+001  0.39947699E+001
 -0.15576324E+000  0.23174866E+000  0.22803139E+001  0.39947024E+001
 -0.15576322E+000  0.23175476E+000  0.22803533E+001  0.39946368E+001
 -0.15576320E+000  0.23176044E+000  0.22803923E+001  0.39945732E+001
 -0.15576318E+000  0.23176569E+000  0.22804308E+001  0.39945115E+001
 -0.15576315E+000  0.23177054E+000  0.22804689E+001  0.39944517E+001
 -0.15576312E+000  0.23177500E+000  0.22805063E+001  0.39943937E+001
 -0.15576308E+000  0.23177908E+000  0.22805432E+001  0.39943376E+001
 -0.15576305E+000  0.23178280E+000  0.22805793E+001  0.39942834E+001
 -0.15576301E+000  0.23178619E+000  0.22806146E+001  0.39942311E+001
 -0.15576297E+000  0.23178925E+000  0.22806492E+001  0.39941806E+001
 -0.15576293E+000  0.23179201E+000  0.22806828E+001  0.39941319E+001
 -0.15576290E+000  0.23179449E+000  0.22807156E+001  0.39940851E+001
 -0.15576286E+000  0.23179671E+000  0.22807473E+001  0.39940401E+001
 -0.15576282E+000  0.23179868E+000  0.22807781E+001  0.39939969E+001
 -0.15576278E+000  0.23180043E+000  0.22808079E+001  0.39939555E+001
 -0.15576275E+000  0.23180198E+000  0.22808366E+001  0.39939159E+001
 -0.15576271E+000  0.23180333E+000  0.22808642E+001  0.39938780E+001
 -0.15576268E+000  0.23180452E+000  0.22808907E+001  0.39938419E+001
 -0.15576264E+000  0.23180555E+000  0.22809162E+001  0.39938075E+001
 -0.15576261E+000  0.23180645E+000  0.22809405E+001  0.39937747E+001
 -0.15576257E+000  0.23180722E+000  0.22809637E+001  0.39937437E+001
 -0.15576254E+000  0.23180789E+000  0.22809858E+001  0.39937142E+001
 -0.15576251E+000  0.23180846E+000  0.22810067E+001  0.39936863E+001
 -0.15576248E+000  0.23180895E+000  0.22810266E+001  0.39936600E+001
 -0.15576245E+000  0.23180936E+000  0.22810455E+001  0.39936352E+001
 -0.15576242E+000  0.23180971E+000  0.22810633E+001  0.39936118E+001
 -0.15576239E+000  0.23181001E+000  0.22810800E+001  0.39935898E+001
 -0.15576236E+000  0.23181026E+000  0.22810958E+001  0.39935692E+001
 -0.15576233E+000  0.23181047E+000  0.22811106E+001  0.39935499E+001
 -0.15576230E+000  0.23181065E+000  0.22811245E+001  0.39935318E+001
 -0.15576227E+000  0.23181080E+000  0.22811375E+001  0.39935150E+001
 -0.15576225E+000  0.23181093E+000  0.22811496E+001  0.39934994E+001
 -0.15576222E+000  0.23181105E+000  0.22811609E+001  0.39934848E+001
 -0.15576220E+000  0.23181115E+000  0.22811714E+001  0.39934713E+001
 -0.15576217E+000  0.23181123E+000  0.22811811E+001  0.39934589E+001
 -0.15576215E+000  0.23181131E+000  0.22811902E+001  0.39934473E+001
 -0.15576213E+000  0.23181139E+000  0.22811986E+001  0.39934367E+001
 -0.15576211E+000  0.23181145E+000  0.22812063E+001  0.39934270E+001
 -0.15576209E+000  0.23181152E+000  0.22812135E+001  0.39934180E+001
 -0.15576207E+000  0.23181158E+000  0.22812201E+001  0.39934099E+001
 -0.15576205E+000  0.23181164E+000  0.22812261E+001  0.39934024E+001
 -0.15576203E+000  0.23181170E+000  0.22812317E+001  0.39933956E+001
 -0.15576202E+000  0.23181176E+000  0.22812368E+001  0.39933895E+001
 -0.15576200E+000  0.23181181E+000  0.22812415E+001  0.39933839E+001
 -0.15576199E+000  0.23181187E+000  0.22812458E+001  0.39933789E+001
 -0.15576198E+000  0.23181193E+000  0.22812498E+001  0.39933745E+001
 -0.15576197E+000  0.23181198E+000  0.22812534E+001  0.39933705E+001
 -0.15576195E+000  0.23181204E+000  0.22812567E+001  0.39933669E+001
 -0.15576195E+000  0.23181209E+000  0.22812597E+001  0.39933638E+001
 -0.15576194E+000  0.23181214E+000  0.22812624E+001  0.39933611E+001
 -0.15576193E+000  0.23181219E+000  0.22812649E+001  0.39933587E+001
 -0.15576192E+000  0.23181224E+000  0.22812672E+001  0.39933566E+001
 -0.15576192E+000  0.23181229E+000  0.22812692E+001  0.39933549E+001
 -0.15576191E+000  0.23181233E+000  0.22812711E+001  0.39933534E+001
 -0.15576191E+000  0.23181237E+000  0.22812728E+001  0.39933522E+001
 -0.15576190E+000  0.23181241E+000  0.22812744E+001  0.39933513E+001
 -0.15576190E+000  0.23181244E+000  0.22812758E+001  0.39933506E+001
 -0.15576190E+000  0.23181247E+000  0.22812770E+001  0.39933500E+001
 -0.15576190E+000  0.23181250E+000  0.22812782E+001  0.39933497E+001
 -0.15576190E+000  0.23181252E+000  0.22812793E+001  0.39933495E+001
 -0.15576190E+000  0.23181255E+000  0.22812802E+001  0.39933495E+001
 -0.15576190E+000  0.23181256E+000  0.22812811E+001  0.39933496E+001
 -0.15576190E+000  0.23181258E+000  0.22812818E+001  0.39933499E+001
 -0.15576190E+000  0.23181259E+000  0.22812825E+001  0.39933503E+001
 -0.15576190E+000  0.23181260E+000  0.22812832E+001  0.39933507E+001
 -0.15576191E+000  0.23181260E+000  0.22812838E+001  0.39933513E+001
 -0.15576191E+000  0.23181261E+000  0.22812843E+001  0.39933520E+001
 -0.15576191E+000  0.23181261E+000  0.22812847E+001  0.39933527E+001
 -0.15576192E+000  0.23181260E+000  0.22812852E+001  0.39933535E+001
 -0.15576192E+000  0.23181260E+000  0.22812856E+001  0.39933544E+001
 -0.15576192E+000  0.23181259E+000  0.22812859E+001  0.39933553E+001
 -0.15576193E+000  0.23181259E+000  0.22812862E+001  0.39933563E+001
 -0.15576193E+000  0.23181258E+000  0.22812865E+001  0.39933573E+001
 -0.15576193E+000  0.23181257E+000  0.22812867E+001  0.39933583E+001
 -0.15576194E+000  0.23181255E+000  0.22812869E+001  0.39933593E+001
 -0.15576194E+000  0.23181254E+000  0.22812871E+001  0.39933604E+001
 -0.15576195E+000  0.23181251E+000  0.22812873E+001  0.39933615E+001
 -0.15576196E+000  0.23181247E+000  0.22812874E+001  0.39933626E+001
 -0.15576198E+000  0.23181240E+000  0.22812874E+001  0.39933637E+001
