 -0.50351565E-001
 -0.50436763E-001
 -0.50502686E-001
 -0.50553069E-001
 -0.50590941E-001
 -0.50618749E-001
 -0.50638466E-001
 -0.50651674E-001
 -0.50659656E-001
 -0.50663452E-001
 -0.50663902E-001
 -0.50661565E-001
 -0.50656862E-001
 -0.50650403E-001
 -0.50642642E-001
 -0.50633923E-001
 -0.50624512E-001
 -0.50614615E-001
 -0.50604398E-001
 -0.50593990E-001
 -0.50583496E-001
 -0.50573000E-001
 -0.50562571E-001
 -0.50552264E-001
 -0.50542123E-001
 -0.50532184E-001
 -0.50522476E-001
 -0.50513034E-001
 -0.50503873E-001
 -0.50494999E-001
 -0.50486416E-001
 -0.50478131E-001
 -0.50470146E-001
 -0.50462464E-001
 -0.50455085E-001
 -0.50448006E-001
 -0.50441227E-001
 -0.50434741E-001
 -0.50428544E-001
 -0.50422630E-001
 -0.50416992E-001
 -0.50411623E-001
 -0.50406516E-001
 -0.50401663E-001
 -0.50397056E-001
 -0.50392689E-001
 -0.50388555E-001
 -0.50384646E-001
 -0.50380957E-001
 -0.50377481E-001
 -0.50374213E-001
 -0.50371146E-001
 -0.50368277E-001
 -0.50365598E-001
 -0.50363106E-001
 -0.50360795E-001
 -0.50358660E-001
 -0.50356700E-001
 -0.50354907E-001
 -0.50353274E-001
 -0.50351795E-001
 -0.50350463E-001
 -0.50349273E-001
 -0.50348219E-001
 -0.50347294E-001
 -0.50346492E-001
 -0.50345807E-001
 -0.50345233E-001
 -0.50344764E-001
 -0.50344393E-001
 -0.50344116E-001
 -0.50343925E-001
 -0.50343816E-001
 -0.50343784E-001
 -0.50343822E-001
 -0.50343926E-001
 -0.50344091E-001
 -0.50344311E-001
 -0.50344582E-001
 -0.50344898E-001
 -0.50345255E-001
 -0.50345646E-001
 -0.50346068E-001
 -0.50346514E-001
 -0.50346979E-001
 -0.50347459E-001
 -0.50347948E-001
 -0.50348442E-001
 -0.50348935E-001
 -0.50349424E-001
 -0.50349905E-001
 -0.50350373E-001
 -0.50350826E-001
 -0.50351260E-001
 -0.50351674E-001
 -0.50352066E-001
 -0.50352433E-001
 -0.50352775E-001
 -0.50353091E-001
 -0.50353380E-001
 -0.50353643E-001
 -0.50353880E-001
 -0.50354091E-001
 -0.50354277E-001
 -0.50354438E-001
 -0.50354576E-001
 -0.50354692E-001
 -0.50354786E-001
 -0.50354861E-001
 -0.50354916E-001
 -0.50354955E-001
 -0.50354977E-001
 -0.50354984E-001
 -0.50354978E-001
 -0.50354959E-001
 -0.50354928E-001
 -0.50354888E-001
 -0.50354838E-001
 -0.50354780E-001
 -0.50354715E-001
 -0.50354644E-001
 -0.50354567E-001
 -0.50354486E-001
 -0.50354401E-001
 -0.50354313E-001
 -0.50354223E-001
 -0.50354130E-001
 -0.50354037E-001
 -0.50353942E-001
 -0.50353847E-001
 -0.50353753E-001
 -0.50353659E-001
 -0.50353566E-001
 -0.50353474E-001
 -0.50353384E-001
 -0.50353295E-001
 -0.50353209E-001
 -0.50353124E-001
 -0.50353042E-001
 -0.50352962E-001
 -0.50352885E-001
 -0.50352810E-001
 -0.50352739E-001
 -0.50352669E-001
 -0.50352603E-001
 -0.50352539E-001
 -0.50352478E-001
 -0.50352420E-001
 -0.50352365E-001
 -0.50352312E-001
 -0.50352262E-001
 -0.50352215E-001
 -0.50352170E-001
 -0.50352127E-001
 -0.50352087E-001
 -0.50352049E-001
 -0.50352013E-001
 -0.50351980E-001
 -0.50351948E-001
 -0.50351919E-001
 -0.50351891E-001
 -0.50351866E-001
 -0.50351842E-001
 -0.50351819E-001
 -0.50351799E-001
 -0.50351779E-001
 -0.50351761E-001
 -0.50351745E-001
 -0.50351729E-001
 -0.50351715E-001
 -0.50351702E-001
 -0.50351690E-001
 -0.50351679E-001
 -0.50351669E-001
 -0.50351660E-001
 -0.50351651E-001
 -0.50351644E-001
 -0.50351637E-001
 -0.50351630E-001
 -0.50351625E-001
 -0.50351620E-001
 -0.50351615E-001
 -0.50351611E-001
 -0.50351607E-001
 -0.50351604E-001
 -0.50351601E-001
 -0.50351598E-001
 -0.50351596E-001
 -0.50351594E-001
 -0.50351592E-001
 -0.50351590E-001
 -0.50351589E-001
 -0.50351588E-001
 -0.50351587E-001
 -0.50351586E-001
 -0.50351585E-001
 -0.50351585E-001
 -0.50351586E-001
 -0.50351589E-001
 -0.50351593E-001
