  0.19569209E+001
  0.19876579E+001
  0.19939622E+001
  0.19930553E+001
  0.19895126E+001
  0.19850816E+001
  0.19806313E+001
  0.19765110E+001
  0.19728296E+001
  0.19695998E+001
  0.19667840E+001
  0.19644044E+001
  0.19624718E+001
  0.19608871E+001
  0.19595784E+001
  0.19584911E+001
  0.19575832E+001
  0.19568218E+001
  0.19561811E+001
  0.19556404E+001
  0.19551833E+001
  0.19547962E+001
  0.19544682E+001
  0.19541901E+001
  0.19539544E+001
  0.19537546E+001
  0.19535854E+001
  0.19533836E+001
  0.19531475E+001
  0.19529008E+001
  0.19526603E+001
  0.19524373E+001
  0.19522390E+001
  0.19520691E+001
  0.19519292E+001
  0.19518189E+001
  0.19517367E+001
  0.19516804E+001
  0.19516472E+001
  0.19516343E+001
  0.19516388E+001
  0.19516579E+001
  0.19516891E+001
  0.19517303E+001
  0.19517794E+001
  0.19518347E+001
  0.19518950E+001
  0.19519591E+001
  0.19520261E+001
  0.19520954E+001
  0.19521663E+001
  0.19522385E+001
  0.19523117E+001
  0.19523856E+001
  0.19524602E+001
  0.19525352E+001
  0.19526106E+001
  0.19526596E+001
  0.19526896E+001
  0.19527095E+001
  0.19527243E+001
  0.19527368E+001
  0.19527486E+001
  0.19527603E+001
  0.19527723E+001
  0.19527848E+001
  0.19527978E+001
  0.19528114E+001
  0.19528256E+001
  0.19528402E+001
  0.19528553E+001
  0.19528708E+001
  0.19528866E+001
  0.19529027E+001
  0.19529190E+001
  0.19529355E+001
  0.19529521E+001
  0.19529687E+001
  0.19529854E+001
  0.19530019E+001
  0.19530184E+001
  0.19530348E+001
  0.19530509E+001
  0.19530668E+001
  0.19530825E+001
  0.19530978E+001
  0.19531128E+001
  0.19531275E+001
  0.19531418E+001
  0.19531557E+001
  0.19531692E+001
  0.19531824E+001
  0.19531951E+001
  0.19532075E+001
  0.19532196E+001
  0.19532312E+001
  0.19532426E+001
  0.19532537E+001
  0.19532644E+001
  0.19532749E+001
  0.19532852E+001
  0.19532953E+001
  0.19533052E+001
  0.19533149E+001
  0.19533246E+001
  0.19533341E+001
  0.19533435E+001
  0.19533529E+001
  0.19533622E+001
  0.19533715E+001
  0.19533809E+001
  0.19533902E+001
  0.19533996E+001
  0.19534090E+001
  0.19534186E+001
  0.19534281E+001
  0.19534378E+001
  0.19534476E+001
  0.19534575E+001
  0.19534675E+001
  0.19534776E+001
  0.19534878E+001
  0.19534982E+001
  0.19535087E+001
  0.19535193E+001
  0.19535300E+001
  0.19535409E+001
  0.19535519E+001
  0.19535631E+001
  0.19535743E+001
  0.19535857E+001
  0.19535972E+001
  0.19536088E+001
  0.19536205E+001
  0.19536323E+001
  0.19536443E+001
  0.19536563E+001
  0.19536683E+001
  0.19536805E+001
  0.19536927E+001
  0.19537050E+001
  0.19537174E+001
  0.19537298E+001
  0.19537422E+001
  0.19537547E+001
  0.19537672E+001
  0.19537797E+001
  0.19537922E+001
  0.19538047E+001
  0.19538172E+001
  0.19538297E+001
  0.19538422E+001
  0.19538546E+001
  0.19538670E+001
  0.19538793E+001
  0.19538916E+001
  0.19539038E+001
  0.19539160E+001
  0.19539281E+001
  0.19539400E+001
  0.19539519E+001
  0.19539637E+001
  0.19539753E+001
  0.19539869E+001
  0.19539983E+001
  0.19540096E+001
  0.19540208E+001
  0.19540318E+001
  0.19540427E+001
  0.19540534E+001
  0.19540639E+001
  0.19540743E+001
  0.19540846E+001
  0.19540946E+001
  0.19541045E+001
  0.19541142E+001
  0.19541237E+001
  0.19541331E+001
  0.19541422E+001
  0.19541512E+001
  0.19541600E+001
  0.19541686E+001
  0.19541769E+001
  0.19541851E+001
  0.19541931E+001
  0.19542009E+001
  0.19542085E+001
  0.19542160E+001
  0.19542232E+001
  0.19542302E+001
  0.19542370E+001
  0.19542437E+001
  0.19542501E+001
  0.19542564E+001
  0.19542624E+001
  0.19542683E+001
  0.19542740E+001
  0.19542796E+001
  0.19542850E+001
  0.19542902E+001
