  0.60057529E+000
  0.60100061E+000
  0.60122432E+000
  0.60132282E+000
  0.60134419E+000
  0.60131870E+000
  0.60126567E+000
  0.60119683E+000
  0.60111966E+000
  0.60103883E+000
  0.60095723E+000
  0.60085454E+000
  0.60070824E+000
  0.60054732E+000
  0.60038722E+000
  0.60023571E+000
  0.60009631E+000
  0.59997016E+000
  0.59985708E+000
  0.59975630E+000
  0.59966675E+000
  0.59958731E+000
  0.59951686E+000
  0.59945440E+000
  0.59939900E+000
  0.59934985E+000
  0.59930624E+000
  0.59926997E+000
  0.59923982E+000
  0.59921387E+000
  0.59919103E+000
  0.59917061E+000
  0.59915221E+000
  0.59913557E+000
  0.59912052E+000
  0.59910692E+000
  0.59909466E+000
  0.59908365E+000
  0.59907380E+000
  0.59906503E+000
  0.59905724E+000
  0.59905036E+000
  0.59904431E+000
  0.59903901E+000
  0.59903438E+000
  0.59903036E+000
  0.59902686E+000
  0.59902385E+000
  0.59902125E+000
  0.59901901E+000
  0.59901708E+000
  0.59901544E+000
  0.59901403E+000
  0.59901283E+000
  0.59901181E+000
  0.59901095E+000
  0.59901022E+000
  0.59901045E+000
  0.59901115E+000
  0.59901205E+000
  0.59901305E+000
  0.59901411E+000
  0.59901524E+000
  0.59901642E+000
  0.59901764E+000
  0.59901891E+000
  0.59902022E+000
  0.59902158E+000
  0.59902297E+000
  0.59902441E+000
  0.59902588E+000
  0.59902740E+000
  0.59902896E+000
  0.59903056E+000
  0.59903220E+000
  0.59903389E+000
  0.59903562E+000
  0.59903739E+000
  0.59903921E+000
  0.59904106E+000
  0.59904294E+000
  0.59904485E+000
  0.59904679E+000
  0.59904874E+000
  0.59905071E+000
  0.59905267E+000
  0.59905463E+000
  0.59905658E+000
  0.59905850E+000
  0.59906039E+000
  0.59906224E+000
  0.59906404E+000
  0.59906580E+000
  0.59906749E+000
  0.59906912E+000
  0.59907069E+000
  0.59907218E+000
  0.59907360E+000
  0.59907496E+000
  0.59907623E+000
  0.59907744E+000
  0.59907857E+000
  0.59907963E+000
  0.59908062E+000
  0.59908154E+000
  0.59908240E+000
  0.59908320E+000
  0.59908394E+000
  0.59908463E+000
  0.59908526E+000
  0.59908584E+000
  0.59908637E+000
  0.59908686E+000
  0.59908731E+000
  0.59908772E+000
  0.59908810E+000
  0.59908843E+000
  0.59908874E+000
  0.59908902E+000
  0.59908927E+000
  0.59908950E+000
  0.59908970E+000
  0.59908988E+000
  0.59909003E+000
  0.59909017E+000
  0.59909029E+000
  0.59909040E+000
  0.59909048E+000
  0.59909056E+000
  0.59909062E+000
  0.59909066E+000
  0.59909070E+000
  0.59909072E+000
  0.59909073E+000
  0.59909073E+000
  0.59909073E+000
  0.59909071E+000
  0.59909069E+000
  0.59909066E+000
  0.59909062E+000
  0.59909058E+000
  0.59909053E+000
  0.59909048E+000
  0.59909042E+000
  0.59909036E+000
  0.59909029E+000
  0.59909023E+000
  0.59909015E+000
  0.59909008E+000
  0.59909001E+000
  0.59908993E+000
  0.59908985E+000
  0.59908977E+000
  0.59908969E+000
  0.59908961E+000
  0.59908953E+000
  0.59908945E+000
  0.59908937E+000
  0.59908929E+000
  0.59908922E+000
  0.59908914E+000
  0.59908907E+000
  0.59908899E+000
  0.59908892E+000
  0.59908885E+000
  0.59908879E+000
  0.59908872E+000
  0.59908866E+000
  0.59908859E+000
  0.59908854E+000
  0.59908848E+000
  0.59908842E+000
  0.59908837E+000
  0.59908832E+000
  0.59908827E+000
  0.59908823E+000
  0.59908818E+000
  0.59908814E+000
  0.59908810E+000
  0.59908806E+000
  0.59908802E+000
  0.59908799E+000
  0.59908796E+000
  0.59908793E+000
  0.59908790E+000
  0.59908787E+000
  0.59908784E+000
  0.59908782E+000
  0.59908780E+000
  0.59908777E+000
  0.59908775E+000
  0.59908773E+000
  0.59908771E+000
  0.59908770E+000
  0.59908768E+000
  0.59908767E+000
  0.59908765E+000
  0.59908764E+000
  0.59908764E+000
  0.59908763E+000
