  0.66845334E+000  0.85157638E+000  0.97592467E+000  0.25198820E+001
  0.66589460E+000  0.85303111E+000  0.97558682E+000  0.25186867E+001
  0.66401806E+000  0.85380641E+000  0.97572897E+000  0.25175912E+001
  0.66338765E+000  0.85366293E+000  0.97570016E+000  0.25167141E+001
  0.66290442E+000  0.85330648E+000  0.97585772E+000  0.25160001E+001
  0.66263210E+000  0.85279009E+000  0.97596299E+000  0.25155178E+001
  0.66210650E+000  0.85284190E+000  0.97605266E+000  0.25149265E+001
  0.66124374E+000  0.85342157E+000  0.97603051E+000  0.25144184E+001
  0.66095974E+000  0.85352068E+000  0.97588458E+000  0.25140728E+001
  0.66079658E+000  0.85329648E+000  0.97603347E+000  0.25137501E+001
  0.66071067E+000  0.85318412E+000  0.97589427E+000  0.25136218E+001
  0.66062260E+000  0.85302324E+000  0.97588372E+000  0.25134962E+001
  0.66056696E+000  0.85293285E+000  0.97573791E+000  0.25134735E+001
  0.66048119E+000  0.85295888E+000  0.97568723E+000  0.25133284E+001
  0.66032746E+000  0.85306351E+000  0.97566749E+000  0.25131915E+001
  0.66028103E+000  0.85294018E+000  0.97577431E+000  0.25130908E+001
  0.66025580E+000  0.85285365E+000  0.97582366E+000  0.25130253E+001
  0.66019958E+000  0.85286912E+000  0.97582094E+000  0.25129711E+001
  0.66017274E+000  0.85287311E+000  0.97581962E+000  0.25129234E+001
  0.66016831E+000  0.85286425E+000  0.97583780E+000  0.25128687E+001
  0.65984965E+000  0.85317816E+000  0.97583393E+000  0.25128463E+001
  0.65985072E+000  0.85317413E+000  0.97583360E+000  0.25128347E+001
  0.65984567E+000  0.85318067E+000  0.97583525E+000  0.25128304E+001
  0.65985017E+000  0.85317926E+000  0.97584844E+000  0.25128247E+001
  0.65985565E+000  0.85317955E+000  0.97585104E+000  0.25128371E+001
  0.65986237E+000  0.85318055E+000  0.97585390E+000  0.25128560E+001
  0.65987026E+000  0.85317692E+000  0.97586281E+000  0.25128796E+001
  0.65987438E+000  0.85318276E+000  0.97586530E+000  0.25129104E+001
  0.65988374E+000  0.85318482E+000  0.97587043E+000  0.25129426E+001
  0.65989363E+000  0.85318131E+000  0.97588186E+000  0.25129782E+001
  0.65990397E+000  0.85318390E+000  0.97588777E+000  0.25130168E+001
  0.65991461E+000  0.85318672E+000  0.97589396E+000  0.25130581E+001
  0.65992556E+000  0.85318964E+000  0.97590038E+000  0.25131017E+001
  0.65993674E+000  0.85319264E+000  0.97576185E+000  0.25121460E+001
  0.65994808E+000  0.85319570E+000  0.97591368E+000  0.25131948E+001
  0.65995932E+000  0.85319900E+000  0.97592048E+000  0.25132438E+001
  0.65997080E+000  0.85320212E+000  0.97592732E+000  0.25132943E+001
  0.65998229E+000  0.85320525E+000  0.97593418E+000  0.25133460E+001
  0.65999375E+000  0.85320837E+000  0.97594104E+000  0.25133988E+001
  0.66000515E+000  0.85321148E+000  0.97594788E+000  0.25134526E+001
  0.66001644E+000  0.85321456E+000  0.97595468E+000  0.25135072E+001
  0.66002762E+000  0.85321760E+000  0.97596144E+000  0.25135627E+001
  0.66003864E+000  0.85322061E+000  0.97596815E+000  0.25136188E+001
  0.66004948E+000  0.85322358E+000  0.97597480E+000  0.25136755E+001
  0.66006012E+000  0.85322651E+000  0.97598139E+000  0.25137327E+001
  0.66007073E+000  0.85322920E+000  0.97592323E+000  0.25133434E+001
  0.66008091E+000  0.85323203E+000  0.97593375E+000  0.25134295E+001
  0.66009082E+000  0.85323481E+000  0.97594380E+000  0.25135132E+001
  0.66010045E+000  0.85323754E+000  0.97595338E+000  0.25135944E+001
  0.66010978E+000  0.85324021E+000  0.97596250E+000  0.25136731E+001
  0.66011880E+000  0.85324283E+000  0.97597119E+000  0.25137495E+001
  0.66012749E+000  0.85324539E+000  0.97597945E+000  0.25138234E+001
  0.66013587E+000  0.85324787E+000  0.97598730E+000  0.25138951E+001
  0.66014387E+000  0.85325031E+000  0.97599475E+000  0.25139645E+001
  0.66015151E+000  0.85325268E+000  0.97600182E+000  0.25140317E+001
  0.66015879E+000  0.85325499E+000  0.97600852E+000  0.25140968E+001
  0.66016569E+000  0.85325723E+000  0.97601488E+000  0.25141599E+001
  0.66017222E+000  0.85325941E+000  0.97602087E+000  0.25142209E+001
  0.66017837E+000  0.85326152E+000  0.97602653E+000  0.25142800E+001
  0.66018415E+000  0.85326356E+000  0.97607094E+000  0.25146074E+001
  0.66018956E+000  0.85327138E+000  0.97607031E+000  0.25146640E+001
  0.66019460E+000  0.85327327E+000  0.97607542E+000  0.25147200E+001
  0.66019934E+000  0.85327502E+000  0.97608040E+000  0.25147755E+001
  0.66020367E+000  0.85327676E+000  0.97608527E+000  0.25148302E+001
  0.66020766E+000  0.85327841E+000  0.97609002E+000  0.25148843E+001
  0.66021133E+000  0.85327998E+000  0.97609464E+000  0.25149377E+001
  0.66021468E+000  0.85328148E+000  0.97609914E+000  0.25149903E+001
  0.66021773E+000  0.85328289E+000  0.97610350E+000  0.25150421E+001
  0.66022049E+000  0.85328423E+000  0.97610773E+000  0.25150930E+001
  0.66022298E+000  0.85328548E+000  0.97611183E+000  0.25151432E+001
  0.66022522E+000  0.85328667E+000  0.97611580E+000  0.25151924E+001
  0.66022721E+000  0.85328778E+000  0.97611964E+000  0.25152407E+001
  0.66022899E+000  0.85328881E+000  0.97612336E+000  0.25152881E+001
  0.66023055E+000  0.85328978E+000  0.97612694E+000  0.25153345E+001
  0.66023192E+000  0.85329069E+000  0.97613040E+000  0.25153800E+001
  0.66023311E+000  0.85329153E+000  0.97613375E+000  0.25154246E+001
  0.66023414E+000  0.85329231E+000  0.97613698E+000  0.25154681E+001
  0.66023502E+000  0.85329304E+000  0.97614010E+000  0.25155108E+001
  0.66023575E+000  0.85329371E+000  0.97614313E+000  0.25155524E+001
  0.66023637E+000  0.85329434E+000  0.97614605E+000  0.25155931E+001
  0.66023686E+000  0.85329492E+000  0.97614889E+000  0.25156328E+001
  0.66023726E+000  0.85329547E+000  0.97615165E+000  0.25156717E+001
  0.66023757E+000  0.85329597E+000  0.97615433E+000  0.25157096E+001
  0.66023779E+000  0.85329645E+000  0.97615695E+000  0.25157466E+001
  0.66023794E+000  0.85329689E+000  0.97615951E+000  0.25157827E+001
  0.66023803E+000  0.85329730E+000  0.97616202E+000  0.25158180E+001
  0.66023806E+000  0.85329769E+000  0.97616449E+000  0.25158525E+001
  0.66023805E+000  0.85329807E+000  0.97616693E+000  0.25158862E+001
  0.66023800E+000  0.85329842E+000  0.97616933E+000  0.25159192E+001
  0.66023792E+000  0.85329875E+000  0.97617172E+000  0.25159515E+001
  0.66023782E+000  0.85329908E+000  0.97617409E+000  0.25159832E+001
  0.66023769E+000  0.85329939E+000  0.97617645E+000  0.25160143E+001
  0.66023756E+000  0.85329970E+000  0.97617880E+000  0.25160447E+001
  0.66023741E+000  0.85329999E+000  0.97618116E+000  0.25160747E+001
  0.66023727E+000  0.85330027E+000  0.97618352E+000  0.25161042E+001
  0.66023712E+000  0.85330055E+000  0.97618588E+000  0.25161333E+001
  0.66023697E+000  0.85330083E+000  0.97618826E+000  0.25161620E+001
  0.66023684E+000  0.85330109E+000  0.97619064E+000  0.25161904E+001
  0.66023671E+000  0.85330136E+000  0.97619304E+000  0.25162184E+001
  0.66023659E+000  0.85330162E+000  0.97619545E+000  0.25162462E+001
  0.66023648E+000  0.85330187E+000  0.97619787E+000  0.25162738E+001
  0.66023639E+000  0.85330212E+000  0.97620030E+000  0.25163012E+001
  0.66023631E+000  0.85330237E+000  0.97620273E+000  0.25163284E+001
  0.66023625E+000  0.85330262E+000  0.97620518E+000  0.25163556E+001
  0.66023620E+000  0.85330286E+000  0.97620763E+000  0.25163826E+001
  0.66023617E+000  0.85330309E+000  0.97621008E+000  0.25164095E+001
  0.66023615E+000  0.85330332E+000  0.97621254E+000  0.25164365E+001
  0.66023615E+000  0.85330355E+000  0.97621499E+000  0.25164634E+001
  0.66023617E+000  0.85330377E+000  0.97621744E+000  0.25164903E+001
  0.66023620E+000  0.85330399E+000  0.97621989E+000  0.25165172E+001
  0.66023624E+000  0.85330420E+000  0.97622232E+000  0.25165442E+001
  0.66023630E+000  0.85330440E+000  0.97622474E+000  0.25165713E+001
  0.66023636E+000  0.85330460E+000  0.97622714E+000  0.25165985E+001
  0.66023645E+000  0.85330479E+000  0.97622952E+000  0.25166258E+001
  0.66023654E+000  0.85330498E+000  0.97623189E+000  0.25166531E+001
  0.66023664E+000  0.85330516E+000  0.97623423E+000  0.25166807E+001
  0.66023676E+000  0.85330534E+000  0.97623654E+000  0.25167083E+001
  0.66023688E+000  0.85330551E+000  0.97623883E+000  0.25167361E+001
  0.66023701E+000  0.85330567E+000  0.97624108E+000  0.25167641E+001
  0.66023715E+000  0.85330583E+000  0.97624330E+000  0.25167922E+001
  0.66023730E+000  0.85330598E+000  0.97624549E+000  0.25168205E+001
  0.66023745E+000  0.85330613E+000  0.97624764E+000  0.25168490E+001
  0.66023761E+000  0.85330627E+000  0.97624975E+000  0.25168776E+001
  0.66023778E+000  0.85330640E+000  0.97625182E+000  0.25169064E+001
  0.66023794E+000  0.85330653E+000  0.97625384E+000  0.25169354E+001
  0.66023811E+000  0.85330666E+000  0.97625583E+000  0.25169646E+001
  0.66023828E+000  0.85330678E+000  0.97625777E+000  0.25169940E+001
  0.66023846E+000  0.85330690E+000  0.97625967E+000  0.25170235E+001
  0.66023863E+000  0.85330702E+000  0.97626152E+000  0.25170533E+001
  0.66023881E+000  0.85330713E+000  0.97626332E+000  0.25170832E+001
  0.66023899E+000  0.85330724E+000  0.97626507E+000  0.25171132E+001
  0.66023916E+000  0.85330734E+000  0.97626678E+000  0.25171434E+001
  0.66023933E+000  0.85330744E+000  0.97626844E+000  0.25171738E+001
  0.66023951E+000  0.85330754E+000  0.97627005E+000  0.25172043E+001
  0.66023968E+000  0.85330764E+000  0.97627161E+000  0.25172349E+001
  0.66023984E+000  0.85330773E+000  0.97627313E+000  0.25172657E+001
  0.66024001E+000  0.85330782E+000  0.97627459E+000  0.25172966E+001
  0.66024017E+000  0.85330791E+000  0.97627600E+000  0.25173276E+001
  0.66024032E+000  0.85330800E+000  0.97627737E+000  0.25173586E+001
  0.66024048E+000  0.85330808E+000  0.97627869E+000  0.25173898E+001
  0.66024062E+000  0.85330816E+000  0.97627996E+000  0.25174210E+001
  0.66024077E+000  0.85330824E+000  0.97628118E+000  0.25174523E+001
  0.66024091E+000  0.85330832E+000  0.97628236E+000  0.25174836E+001
  0.66024104E+000  0.85330840E+000  0.97628349E+000  0.25175149E+001
  0.66024117E+000  0.85330847E+000  0.97628457E+000  0.25175462E+001
  0.66024130E+000  0.85330854E+000  0.97628562E+000  0.25175775E+001
  0.66024141E+000  0.85330861E+000  0.97628661E+000  0.25176088E+001
  0.66024153E+000  0.85330868E+000  0.97628757E+000  0.25176400E+001
  0.66024164E+000  0.85330875E+000  0.97628848E+000  0.25176712E+001
  0.66024174E+000  0.85330881E+000  0.97628935E+000  0.25177023E+001
  0.66024184E+000  0.85330887E+000  0.97629018E+000  0.25177333E+001
  0.66024194E+000  0.85330893E+000  0.97629098E+000  0.25177642E+001
  0.66024202E+000  0.85330899E+000  0.97629173E+000  0.25177950E+001
  0.66024211E+000  0.85330905E+000  0.97629245E+000  0.25178256E+001
  0.66024219E+000  0.85330910E+000  0.97629313E+000  0.25178560E+001
  0.66024226E+000  0.85330915E+000  0.97629378E+000  0.25178863E+001
  0.66024234E+000  0.85330920E+000  0.97629440E+000  0.25179164E+001
  0.66024240E+000  0.85330925E+000  0.97629498E+000  0.25179462E+001
  0.66024246E+000  0.85330929E+000  0.97629554E+000  0.25179758E+001
  0.66024252E+000  0.85330934E+000  0.97629606E+000  0.25180052E+001
  0.66024258E+000  0.85330938E+000  0.97629655E+000  0.25180343E+001
  0.66024263E+000  0.85330942E+000  0.97629702E+000  0.25180631E+001
  0.66024268E+000  0.85330945E+000  0.97629746E+000  0.25180916E+001
  0.66024272E+000  0.85330949E+000  0.97629788E+000  0.25181198E+001
  0.66024276E+000  0.85330952E+000  0.97629827E+000  0.25181476E+001
  0.66024280E+000  0.85330955E+000  0.97629864E+000  0.25181751E+001
  0.66024284E+000  0.85330958E+000  0.97629899E+000  0.25182023E+001
  0.66024287E+000  0.85330961E+000  0.97629932E+000  0.25182291E+001
  0.66024290E+000  0.85330964E+000  0.97629963E+000  0.25182555E+001
  0.66024293E+000  0.85330966E+000  0.97629991E+000  0.25182815E+001
  0.66024296E+000  0.85330969E+000  0.97630018E+000  0.25183072E+001
  0.66024298E+000  0.85330971E+000  0.97630044E+000  0.25183324E+001
  0.66024300E+000  0.85330973E+000  0.97630067E+000  0.25183571E+001
  0.66024302E+000  0.85330975E+000  0.97630090E+000  0.25183815E+001
  0.66024304E+000  0.85330976E+000  0.97630110E+000  0.25184054E+001
  0.66024306E+000  0.85330978E+000  0.97630130E+000  0.25184289E+001
  0.66024308E+000  0.85330980E+000  0.97630148E+000  0.25184519E+001
  0.66024309E+000  0.85330981E+000  0.97630165E+000  0.25184744E+001
  0.66024310E+000  0.85330982E+000  0.97630180E+000  0.25184965E+001
  0.66024312E+000  0.85330984E+000  0.97630195E+000  0.25185182E+001
  0.66024313E+000  0.85330985E+000  0.97630209E+000  0.25185393E+001
  0.66024314E+000  0.85330986E+000  0.97630221E+000  0.25185600E+001
  0.66024315E+000  0.85330987E+000  0.97630233E+000  0.25185802E+001
  0.66024316E+000  0.85330988E+000  0.97630244E+000  0.25185999E+001
  0.66024316E+000  0.85330989E+000  0.97630254E+000  0.25186192E+001
  0.66024317E+000  0.85330989E+000  0.97630263E+000  0.25186379E+001
  0.66024318E+000  0.85330990E+000  0.97630272E+000  0.25186562E+001
  0.66024318E+000  0.85330991E+000  0.97630280E+000  0.25186740E+001
  0.66024319E+000  0.85330991E+000  0.97630287E+000  0.25186913E+001
  0.66024319E+000  0.85330992E+000  0.97630294E+000  0.25187082E+001
  0.66024320E+000  0.85330992E+000  0.97630300E+000  0.25187246E+001
  0.66024320E+000  0.85330993E+000  0.97630306E+000  0.25187405E+001
  0.66024320E+000  0.85330993E+000  0.97630311E+000  0.25187560E+001
  0.66024321E+000  0.85330993E+000  0.97630316E+000  0.25187710E+001
  0.66024321E+000  0.85330994E+000  0.97630321E+000  0.25187855E+001
  0.66024321E+000  0.85330994E+000  0.97630325E+000  0.25187996E+001
  0.66024322E+000  0.85330994E+000  0.97630329E+000  0.25188133E+001
  0.66024322E+000  0.85330995E+000  0.97630333E+000  0.25188265E+001
  0.66024322E+000  0.85330995E+000  0.97630336E+000  0.25188393E+001
  0.66024321E+000  0.85330994E+000  0.97630337E+000  0.25188516E+001
