  0.70208051E+000  0.85433342E+000  0.10401709E+001  0.24192515E+001
  0.70188923E+000  0.85416330E+000  0.10394883E+001  0.24176584E+001
  0.70177638E+000  0.85397677E+000  0.10389635E+001  0.24164280E+001
  0.70172799E+000  0.85377676E+000  0.10385364E+001  0.24154237E+001
  0.70162876E+000  0.85366911E+000  0.10381808E+001  0.24145900E+001
  0.70153006E+000  0.85359536E+000  0.10378849E+001  0.24138927E+001
  0.70144914E+000  0.85353164E+000  0.10376378E+001  0.24133090E+001
  0.70138294E+000  0.85347619E+000  0.10374322E+001  0.24128229E+001
  0.70132906E+000  0.85343263E+000  0.10372572E+001  0.24124189E+001
  0.70128556E+000  0.85340030E+000  0.10371071E+001  0.24120837E+001
  0.70124968E+000  0.85337032E+000  0.10369847E+001  0.24118061E+001
  0.70122004E+000  0.85334229E+000  0.10368860E+001  0.24115774E+001
  0.70119845E+000  0.85331586E+000  0.10368069E+001  0.24113900E+001
  0.70118320E+000  0.85329077E+000  0.10367444E+001  0.24112373E+001
  0.70117304E+000  0.85326677E+000  0.10366959E+001  0.24111142E+001
  0.70116703E+000  0.85324368E+000  0.10366592E+001  0.24110164E+001
  0.70116442E+000  0.85322135E+000  0.10366326E+001  0.24109400E+001
  0.70116463E+000  0.85319965E+000  0.10366146E+001  0.24108818E+001
  0.70116717E+000  0.85317850E+000  0.10366039E+001  0.24108393E+001
  0.70117163E+000  0.85315784E+000  0.10365995E+001  0.24108101E+001
  0.70117769E+000  0.85313761E+000  0.10366003E+001  0.24107925E+001
  0.70118504E+000  0.85311779E+000  0.10366056E+001  0.24107847E+001
  0.70119346E+000  0.85309837E+000  0.10366148E+001  0.24107853E+001
  0.70120274E+000  0.85307935E+000  0.10366272E+001  0.24107933E+001
  0.70121269E+000  0.85306137E+000  0.10366417E+001  0.24108076E+001
  0.70122318E+000  0.85304870E+000  0.10366535E+001  0.24108274E+001
  0.70123407E+000  0.85303661E+000  0.10366671E+001  0.24108519E+001
  0.70124521E+000  0.85302508E+000  0.10366821E+001  0.24108805E+001
  0.70125655E+000  0.85301410E+000  0.10366982E+001  0.24109128E+001
  0.70125434E+000  0.85301733E+000  0.10367152E+001  0.24109482E+001
  0.70125200E+000  0.85302128E+000  0.10367329E+001  0.24109863E+001
  0.70124993E+000  0.85302549E+000  0.10367510E+001  0.24110270E+001
  0.70124809E+000  0.85302994E+000  0.10367695E+001  0.24110697E+001
  0.70124644E+000  0.85303460E+000  0.10367882E+001  0.24111144E+001
  0.70124495E+000  0.85303946E+000  0.10368070E+001  0.24111608E+001
  0.70124360E+000  0.85304449E+000  0.10368258E+001  0.24112087E+001
  0.70124236E+000  0.85304968E+000  0.10368445E+001  0.24112580E+001
  0.70124121E+000  0.85305499E+000  0.10368630E+001  0.24113085E+001
  0.70124013E+000  0.85306041E+000  0.10368814E+001  0.24113600E+001
  0.70123910E+000  0.85306591E+000  0.10368996E+001  0.24114125E+001
  0.70124174E+000  0.85306786E+000  0.10369175E+001  0.24114658E+001
  0.70124733E+000  0.85306692E+000  0.10369353E+001  0.24115198E+001
  0.70125277E+000  0.85306618E+000  0.10369527E+001  0.24115745E+001
  0.70125806E+000  0.85306560E+000  0.10369700E+001  0.24116297E+001
  0.70126319E+000  0.85306516E+000  0.10369870E+001  0.24116853E+001
  0.70126816E+000  0.85306486E+000  0.10370038E+001  0.24117414E+001
  0.70127296E+000  0.85306468E+000  0.10370204E+001  0.24117977E+001
  0.70127759E+000  0.85306459E+000  0.10370367E+001  0.24118542E+001
  0.70128206E+000  0.85306459E+000  0.10370529E+001  0.24119109E+001
  0.70128635E+000  0.85306466E+000  0.10370688E+001  0.24119676E+001
  0.70129057E+000  0.85306469E+000  0.10370845E+001  0.24120243E+001
  0.70129655E+000  0.85306286E+000  0.10370999E+001  0.24120810E+001
  0.70130231E+000  0.85306113E+000  0.10371151E+001  0.24121375E+001
  0.70130785E+000  0.85305948E+000  0.10371300E+001  0.24121939E+001
  0.70131319E+000  0.85305791E+000  0.10371446E+001  0.24122501E+001
  0.70131832E+000  0.85305640E+000  0.10371589E+001  0.24123059E+001
  0.70132327E+000  0.85305494E+000  0.10371729E+001  0.24123614E+001
  0.70132802E+000  0.85305352E+000  0.10371866E+001  0.24124165E+001
  0.70133260E+000  0.85305215E+000  0.10371999E+001  0.24124712E+001
  0.70133701E+000  0.85305079E+000  0.10372129E+001  0.24125253E+001
  0.70134128E+000  0.85304946E+000  0.10372256E+001  0.24125789E+001
  0.70134540E+000  0.85304813E+000  0.10372378E+001  0.24126319E+001
  0.70134939E+000  0.85304681E+000  0.10372498E+001  0.24126843E+001
  0.70135325E+000  0.85304549E+000  0.10372613E+001  0.24127359E+001
  0.70135700E+000  0.85304417E+000  0.10372725E+001  0.24127867E+001
  0.70136065E+000  0.85304284E+000  0.10372833E+001  0.24128368E+001
  0.70136419E+000  0.85304152E+000  0.10372938E+001  0.24128860E+001
  0.70136764E+000  0.85304019E+000  0.10373040E+001  0.24129344E+001
  0.70137099E+000  0.85303886E+000  0.10373138E+001  0.24129819E+001
  0.70137426E+000  0.85303755E+000  0.10373233E+001  0.24130284E+001
  0.70137744E+000  0.85303626E+000  0.10373324E+001  0.24130739E+001
  0.70138054E+000  0.85303499E+000  0.10373413E+001  0.24131185E+001
  0.70138355E+000  0.85303375E+000  0.10373499E+001  0.24131620E+001
  0.70138648E+000  0.85303257E+000  0.10373582E+001  0.24132046E+001
  0.70138931E+000  0.85303143E+000  0.10373662E+001  0.24132461E+001
  0.70139205E+000  0.85303037E+000  0.10373739E+001  0.24132866E+001
  0.70139469E+000  0.85302938E+000  0.10373814E+001  0.24133261E+001
  0.70139723E+000  0.85302847E+000  0.10373887E+001  0.24133645E+001
  0.70139966E+000  0.85302766E+000  0.10373958E+001  0.24134019E+001
  0.70140199E+000  0.85302695E+000  0.10374026E+001  0.24134383E+001
  0.70140420E+000  0.85302634E+000  0.10374093E+001  0.24134737E+001
  0.70140631E+000  0.85302584E+000  0.10374157E+001  0.24135081E+001
  0.70140830E+000  0.85302546E+000  0.10374220E+001  0.24135416E+001
  0.70141017E+000  0.85302520E+000  0.10374282E+001  0.24135742E+001
  0.70141192E+000  0.85302505E+000  0.10374342E+001  0.24136059E+001
  0.70141356E+000  0.85302502E+000  0.10374401E+001  0.24136367E+001
  0.70141509E+000  0.85302510E+000  0.10374459E+001  0.24136667E+001
  0.70141650E+000  0.85302529E+000  0.10374515E+001  0.24136959E+001
  0.70141781E+000  0.85302559E+000  0.10374571E+001  0.24137244E+001
  0.70141901E+000  0.85302600E+000  0.10374626E+001  0.24137523E+001
  0.70142011E+000  0.85302650E+000  0.10374681E+001  0.24137795E+001
  0.70142111E+000  0.85302709E+000  0.10374735E+001  0.24138061E+001
  0.70142202E+000  0.85302777E+000  0.10374788E+001  0.24138322E+001
  0.70142284E+000  0.85302853E+000  0.10374841E+001  0.24138578E+001
  0.70142359E+000  0.85302936E+000  0.10374894E+001  0.24138829E+001
  0.70142425E+000  0.85303025E+000  0.10374947E+001  0.24139077E+001
  0.70142485E+000  0.85303120E+000  0.10374999E+001  0.24139321E+001
  0.70142538E+000  0.85303221E+000  0.10375051E+001  0.24139562E+001
  0.70142585E+000  0.85303326E+000  0.10375103E+001  0.24139801E+001
  0.70142626E+000  0.85303434E+000  0.10375155E+001  0.24140038E+001
  0.70142663E+000  0.85303546E+000  0.10375207E+001  0.24140272E+001
  0.70142695E+000  0.85303660E+000  0.10375259E+001  0.24140506E+001
  0.70142722E+000  0.85303777E+000  0.10375311E+001  0.24140738E+001
  0.70142746E+000  0.85303894E+000  0.10375362E+001  0.24140970E+001
  0.70142767E+000  0.85304013E+000  0.10375414E+001  0.24141201E+001
  0.70142784E+000  0.85304131E+000  0.10375465E+001  0.24141432E+001
  0.70142799E+000  0.85304250E+000  0.10375516E+001  0.24141664E+001
  0.70142812E+000  0.85304368E+000  0.10375567E+001  0.24141895E+001
  0.70142822E+000  0.85304485E+000  0.10375618E+001  0.24142128E+001
  0.70142831E+000  0.85304600E+000  0.10375668E+001  0.24142362E+001
  0.70142837E+000  0.85304714E+000  0.10375719E+001  0.24142596E+001
  0.70142842E+000  0.85304825E+000  0.10375768E+001  0.24142832E+001
  0.70142846E+000  0.85304934E+000  0.10375818E+001  0.24143070E+001
  0.70142849E+000  0.85305041E+000  0.10375867E+001  0.24143309E+001
  0.70142851E+000  0.85305144E+000  0.10375916E+001  0.24143550E+001
  0.70142852E+000  0.85305245E+000  0.10375964E+001  0.24143793E+001
  0.70142852E+000  0.85305342E+000  0.10376012E+001  0.24144038E+001
  0.70142852E+000  0.85305435E+000  0.10376059E+001  0.24144285E+001
  0.70142851E+000  0.85305525E+000  0.10376106E+001  0.24144535E+001
  0.70142850E+000  0.85305611E+000  0.10376152E+001  0.24144787E+001
  0.70142848E+000  0.85305693E+000  0.10376197E+001  0.24145041E+001
  0.70142846E+000  0.85305772E+000  0.10376241E+001  0.24145298E+001
  0.70142844E+000  0.85305846E+000  0.10376285E+001  0.24145558E+001
  0.70142841E+000  0.85305917E+000  0.10376328E+001  0.24145820E+001
  0.70142839E+000  0.85305984E+000  0.10376370E+001  0.24146085E+001
  0.70142836E+000  0.85306047E+000  0.10376412E+001  0.24146352E+001
  0.70142833E+000  0.85306106E+000  0.10376452E+001  0.24146622E+001
  0.70142831E+000  0.85306161E+000  0.10376491E+001  0.24146895E+001
  0.70142828E+000  0.85306213E+000  0.10376530E+001  0.24147170E+001
  0.70142826E+000  0.85306261E+000  0.10376567E+001  0.24147448E+001
  0.70142823E+000  0.85306306E+000  0.10376603E+001  0.24147729E+001
  0.70142821E+000  0.85306347E+000  0.10376638E+001  0.24148012E+001
  0.70142819E+000  0.85306385E+000  0.10376673E+001  0.24148297E+001
  0.70142817E+000  0.85306420E+000  0.10376705E+001  0.24148585E+001
  0.70142815E+000  0.85306452E+000  0.10376737E+001  0.24148874E+001
  0.70142813E+000  0.85306482E+000  0.10376768E+001  0.24149166E+001
  0.70142811E+000  0.85306509E+000  0.10376797E+001  0.24149460E+001
  0.70142810E+000  0.85306533E+000  0.10376826E+001  0.24149756E+001
  0.70142809E+000  0.85306555E+000  0.10376853E+001  0.24150054E+001
  0.70142808E+000  0.85306575E+000  0.10376879E+001  0.24150353E+001
  0.70142807E+000  0.85306593E+000  0.10376903E+001  0.24150654E+001
  0.70142806E+000  0.85306609E+000  0.10376927E+001  0.24150956E+001
  0.70142805E+000  0.85306623E+000  0.10376949E+001  0.24151259E+001
  0.70142805E+000  0.85306636E+000  0.10376971E+001  0.24151563E+001
  0.70142805E+000  0.85306647E+000  0.10376991E+001  0.24151868E+001
  0.70142805E+000  0.85306657E+000  0.10377010E+001  0.24152174E+001
  0.70142805E+000  0.85306665E+000  0.10377028E+001  0.24152480E+001
  0.70142805E+000  0.85306673E+000  0.10377045E+001  0.24152786E+001
  0.70142805E+000  0.85306680E+000  0.10377061E+001  0.24153092E+001
  0.70142805E+000  0.85306685E+000  0.10377076E+001  0.24153397E+001
  0.70142806E+000  0.85306690E+000  0.10377090E+001  0.24153703E+001
  0.70142806E+000  0.85306694E+000  0.10377103E+001  0.24154007E+001
  0.70142807E+000  0.85306698E+000  0.10377115E+001  0.24154311E+001
  0.70142808E+000  0.85306701E+000  0.10377127E+001  0.24154614E+001
  0.70142808E+000  0.85306704E+000  0.10377138E+001  0.24154916E+001
  0.70142809E+000  0.85306706E+000  0.10377148E+001  0.24155216E+001
  0.70142810E+000  0.85306707E+000  0.10377157E+001  0.24155514E+001
  0.70142811E+000  0.85306709E+000  0.10377165E+001  0.24155811E+001
  0.70142812E+000  0.85306710E+000  0.10377173E+001  0.24156105E+001
  0.70142812E+000  0.85306711E+000  0.10377181E+001  0.24156398E+001
  0.70142813E+000  0.85306712E+000  0.10377188E+001  0.24156687E+001
  0.70142814E+000  0.85306713E+000  0.10377194E+001  0.24156975E+001
  0.70142815E+000  0.85306713E+000  0.10377200E+001  0.24157259E+001
  0.70142816E+000  0.85306714E+000  0.10377205E+001  0.24157540E+001
  0.70142817E+000  0.85306714E+000  0.10377210E+001  0.24157819E+001
  0.70142817E+000  0.85306714E+000  0.10377214E+001  0.24158094E+001
  0.70142818E+000  0.85306715E+000  0.10377219E+001  0.24158365E+001
  0.70142819E+000  0.85306715E+000  0.10377222E+001  0.24158633E+001
  0.70142819E+000  0.85306715E+000  0.10377226E+001  0.24158897E+001
  0.70142820E+000  0.85306715E+000  0.10377229E+001  0.24159158E+001
  0.70142820E+000  0.85306716E+000  0.10377232E+001  0.24159414E+001
  0.70142821E+000  0.85306716E+000  0.10377235E+001  0.24159666E+001
  0.70142821E+000  0.85306716E+000  0.10377237E+001  0.24159914E+001
  0.70142822E+000  0.85306717E+000  0.10377239E+001  0.24160158E+001
  0.70142822E+000  0.85306717E+000  0.10377241E+001  0.24160398E+001
  0.70142822E+000  0.85306717E+000  0.10377243E+001  0.24160633E+001
  0.70142823E+000  0.85306717E+000  0.10377245E+001  0.24160863E+001
  0.70142823E+000  0.85306718E+000  0.10377247E+001  0.24161089E+001
  0.70142823E+000  0.85306718E+000  0.10377248E+001  0.24161311E+001
  0.70142823E+000  0.85306719E+000  0.10377249E+001  0.24161527E+001
  0.70142823E+000  0.85306719E+000  0.10377250E+001  0.24161739E+001
  0.70142823E+000  0.85306719E+000  0.10377251E+001  0.24161946E+001
  0.70142823E+000  0.85306720E+000  0.10377252E+001  0.24162148E+001
  0.70142823E+000  0.85306720E+000  0.10377253E+001  0.24162346E+001
  0.70142823E+000  0.85306720E+000  0.10377254E+001  0.24162539E+001
  0.70142823E+000  0.85306721E+000  0.10377255E+001  0.24162727E+001
  0.70142823E+000  0.85306721E+000  0.10377256E+001  0.24162910E+001
  0.70142823E+000  0.85306722E+000  0.10377256E+001  0.24163088E+001
  0.70142823E+000  0.85306722E+000  0.10377257E+001  0.24163262E+001
  0.70142823E+000  0.85306722E+000  0.10377257E+001  0.24163431E+001
  0.70142823E+000  0.85306723E+000  0.10377258E+001  0.24163595E+001
  0.70142823E+000  0.85306723E+000  0.10377258E+001  0.24163754E+001
  0.70142823E+000  0.85306723E+000  0.10377258E+001  0.24163909E+001
  0.70142823E+000  0.85306723E+000  0.10377259E+001  0.24164059E+001
  0.70142822E+000  0.85306724E+000  0.10377259E+001  0.24164205E+001
  0.70142822E+000  0.85306724E+000  0.10377259E+001  0.24164346E+001
  0.70142822E+000  0.85306724E+000  0.10377259E+001  0.24164483E+001
  0.70142822E+000  0.85306725E+000  0.10377260E+001  0.24164615E+001
  0.70142822E+000  0.85306725E+000  0.10377260E+001  0.24164744E+001
  0.70142821E+000  0.85306725E+000  0.10377260E+001  0.24164867E+001
