 -0.44521622E+000
 -0.44528919E+000
 -0.44519272E+000
 -0.44504295E+000
 -0.44487875E+000
 -0.44471647E+000
 -0.44456488E+000
 -0.44443016E+000
 -0.44431267E+000
 -0.44421145E+000
 -0.44412506E+000
 -0.44405201E+000
 -0.44399078E+000
 -0.44393998E+000
 -0.44389830E+000
 -0.44386460E+000
 -0.44383783E+000
 -0.44381710E+000
 -0.44380160E+000
 -0.44379061E+000
 -0.44378351E+000
 -0.44377977E+000
 -0.44377891E+000
 -0.44378051E+000
 -0.44378420E+000
 -0.44378969E+000
 -0.44379668E+000
 -0.44380494E+000
 -0.44381426E+000
 -0.44382447E+000
 -0.44383542E+000
 -0.44384697E+000
 -0.44385903E+000
 -0.44387151E+000
 -0.44388433E+000
 -0.44389744E+000
 -0.44391079E+000
 -0.44392436E+000
 -0.44393811E+000
 -0.44395204E+000
 -0.44396613E+000
 -0.44398039E+000
 -0.44399479E+000
 -0.44400936E+000
 -0.44402408E+000
 -0.44403896E+000
 -0.44405400E+000
 -0.44406919E+000
 -0.44408455E+000
 -0.44410005E+000
 -0.44411571E+000
 -0.44413150E+000
 -0.44414742E+000
 -0.44416347E+000
 -0.44417961E+000
 -0.44419585E+000
 -0.44421216E+000
 -0.44422854E+000
 -0.44424495E+000
 -0.44426140E+000
 -0.44427785E+000
 -0.44429430E+000
 -0.44431073E+000
 -0.44432712E+000
 -0.44434347E+000
 -0.44435975E+000
 -0.44437596E+000
 -0.44439209E+000
 -0.44440813E+000
 -0.44442407E+000
 -0.44443991E+000
 -0.44445564E+000
 -0.44447125E+000
 -0.44448675E+000
 -0.44450213E+000
 -0.44451739E+000
 -0.44453253E+000
 -0.44454754E+000
 -0.44456243E+000
 -0.44457718E+000
 -0.44459181E+000
 -0.44460631E+000
 -0.44462067E+000
 -0.44463490E+000
 -0.44464899E+000
 -0.44466294E+000
 -0.44467676E+000
 -0.44469043E+000
 -0.44470397E+000
 -0.44471737E+000
 -0.44473063E+000
 -0.44474376E+000
 -0.44475675E+000
 -0.44476961E+000
 -0.44478235E+000
 -0.44479498E+000
 -0.44480748E+000
 -0.44481988E+000
 -0.44483217E+000
 -0.44484437E+000
 -0.44485648E+000
 -0.44486850E+000
 -0.44488045E+000
 -0.44489233E+000
 -0.44490415E+000
 -0.44491592E+000
 -0.44492764E+000
 -0.44493931E+000
 -0.44495095E+000
 -0.44496257E+000
 -0.44497416E+000
 -0.44498573E+000
 -0.44499729E+000
 -0.44500884E+000
 -0.44502039E+000
 -0.44503193E+000
 -0.44504349E+000
 -0.44505504E+000
 -0.44506661E+000
 -0.44507819E+000
 -0.44508978E+000
 -0.44510138E+000
 -0.44511300E+000
 -0.44512464E+000
 -0.44513630E+000
 -0.44514797E+000
 -0.44515966E+000
 -0.44517136E+000
 -0.44518308E+000
 -0.44519481E+000
 -0.44520656E+000
 -0.44521831E+000
 -0.44523007E+000
 -0.44524184E+000
 -0.44525360E+000
 -0.44526537E+000
 -0.44527713E+000
 -0.44528889E+000
 -0.44530063E+000
 -0.44531235E+000
 -0.44532406E+000
 -0.44533574E+000
 -0.44534740E+000
 -0.44535902E+000
 -0.44537060E+000
 -0.44538214E+000
 -0.44539363E+000
 -0.44540507E+000
 -0.44541645E+000
 -0.44542777E+000
 -0.44543902E+000
 -0.44545020E+000
 -0.44546129E+000
 -0.44547231E+000
 -0.44548324E+000
 -0.44549407E+000
 -0.44550481E+000
 -0.44551544E+000
 -0.44552597E+000
 -0.44553638E+000
 -0.44554668E+000
 -0.44555685E+000
 -0.44556690E+000
 -0.44557682E+000
 -0.44558660E+000
 -0.44559625E+000
 -0.44560575E+000
 -0.44561512E+000
 -0.44562433E+000
 -0.44563339E+000
 -0.44564230E+000
 -0.44565105E+000
 -0.44565965E+000
 -0.44566808E+000
 -0.44567635E+000
 -0.44568446E+000
 -0.44569240E+000
 -0.44570018E+000
 -0.44570778E+000
 -0.44571522E+000
 -0.44572249E+000
 -0.44572958E+000
 -0.44573651E+000
 -0.44574327E+000
 -0.44574986E+000
 -0.44575628E+000
 -0.44576253E+000
 -0.44576861E+000
 -0.44577452E+000
 -0.44578027E+000
 -0.44578586E+000
 -0.44579128E+000
 -0.44579654E+000
 -0.44580165E+000
 -0.44580659E+000
 -0.44581138E+000
 -0.44581602E+000
 -0.44582050E+000
 -0.44582484E+000
 -0.44582903E+000
