  0.11425008E+001
  0.11429254E+001
  0.11432491E+001
  0.11435120E+001
  0.11437300E+001
  0.11439111E+001
  0.11440624E+001
  0.11441885E+001
  0.11442931E+001
  0.11443797E+001
  0.11444515E+001
  0.11445109E+001
  0.11445590E+001
  0.11445978E+001
  0.11446289E+001
  0.11446533E+001
  0.11446723E+001
  0.11446867E+001
  0.11446971E+001
  0.11447041E+001
  0.11447084E+001
  0.11447103E+001
  0.11447101E+001
  0.11447083E+001
  0.11447050E+001
  0.11447005E+001
  0.11446950E+001
  0.11446887E+001
  0.11446816E+001
  0.11446741E+001
  0.11446660E+001
  0.11446576E+001
  0.11446489E+001
  0.11446400E+001
  0.11446309E+001
  0.11446217E+001
  0.11446125E+001
  0.11446032E+001
  0.11445940E+001
  0.11445848E+001
  0.11445756E+001
  0.11445666E+001
  0.11445576E+001
  0.11445487E+001
  0.11445400E+001
  0.11445313E+001
  0.11445229E+001
  0.11445146E+001
  0.11445064E+001
  0.11444984E+001
  0.11444906E+001
  0.11444830E+001
  0.11444755E+001
  0.11444682E+001
  0.11444612E+001
  0.11444543E+001
  0.11444476E+001
  0.11444412E+001
  0.11444349E+001
  0.11444288E+001
  0.11444230E+001
  0.11444173E+001
  0.11444119E+001
  0.11444066E+001
  0.11444016E+001
  0.11443967E+001
  0.11443920E+001
  0.11443875E+001
  0.11443832E+001
  0.11443791E+001
  0.11443751E+001
  0.11443713E+001
  0.11443676E+001
  0.11443641E+001
  0.11443608E+001
  0.11443575E+001
  0.11443544E+001
  0.11443514E+001
  0.11443486E+001
  0.11443458E+001
  0.11443431E+001
  0.11443406E+001
  0.11443381E+001
  0.11443357E+001
  0.11443334E+001
  0.11443312E+001
  0.11443290E+001
  0.11443268E+001
  0.11443247E+001
  0.11443227E+001
  0.11443207E+001
  0.11443187E+001
  0.11443168E+001
  0.11443149E+001
  0.11443130E+001
  0.11443111E+001
  0.11443092E+001
  0.11443074E+001
  0.11443055E+001
  0.11443037E+001
  0.11443019E+001
  0.11443000E+001
  0.11442982E+001
  0.11442964E+001
  0.11442946E+001
  0.11442928E+001
  0.11442910E+001
  0.11442893E+001
  0.11442875E+001
  0.11442857E+001
  0.11442840E+001
  0.11442822E+001
  0.11442805E+001
  0.11442788E+001
  0.11442771E+001
  0.11442754E+001
  0.11442737E+001
  0.11442721E+001
  0.11442704E+001
  0.11442688E+001
  0.11442672E+001
  0.11442656E+001
  0.11442640E+001
  0.11442624E+001
  0.11442609E+001
  0.11442594E+001
  0.11442579E+001
  0.11442564E+001
  0.11442549E+001
  0.11442535E+001
  0.11442521E+001
  0.11442507E+001
  0.11442493E+001
  0.11442480E+001
  0.11442467E+001
  0.11442454E+001
  0.11442441E+001
  0.11442429E+001
  0.11442417E+001
  0.11442405E+001
  0.11442393E+001
  0.11442382E+001
  0.11442370E+001
  0.11442360E+001
  0.11442349E+001
  0.11442339E+001
  0.11442328E+001
  0.11442319E+001
  0.11442309E+001
  0.11442300E+001
  0.11442291E+001
  0.11442282E+001
  0.11442273E+001
  0.11442265E+001
  0.11442257E+001
  0.11442249E+001
  0.11442241E+001
  0.11442234E+001
  0.11442227E+001
  0.11442220E+001
  0.11442213E+001
  0.11442207E+001
  0.11442201E+001
  0.11442195E+001
  0.11442189E+001
  0.11442184E+001
  0.11442178E+001
  0.11442173E+001
  0.11442168E+001
  0.11442163E+001
  0.11442159E+001
  0.11442154E+001
  0.11442150E+001
  0.11442146E+001
  0.11442142E+001
  0.11442138E+001
  0.11442135E+001
  0.11442131E+001
  0.11442128E+001
  0.11442125E+001
  0.11442122E+001
  0.11442119E+001
  0.11442116E+001
  0.11442113E+001
  0.11442111E+001
  0.11442109E+001
  0.11442106E+001
  0.11442104E+001
  0.11442102E+001
  0.11442100E+001
  0.11442098E+001
  0.11442096E+001
  0.11442095E+001
  0.11442093E+001
  0.11442091E+001
  0.11442090E+001
  0.11442089E+001
  0.11442087E+001
  0.11442086E+001
  0.11442085E+001
