  0.52585190E+000
  0.52605500E+000
  0.52620687E+000
  0.52632964E+000
  0.52643114E+000
  0.52651537E+000
  0.52658558E+000
  0.52664410E+000
  0.52669271E+000
  0.52673297E+000
  0.52676646E+000
  0.52679424E+000
  0.52681675E+000
  0.52683493E+000
  0.52684949E+000
  0.52686101E+000
  0.52686997E+000
  0.52687679E+000
  0.52688178E+000
  0.52688523E+000
  0.52688738E+000
  0.52688843E+000
  0.52688855E+000
  0.52688788E+000
  0.52688655E+000
  0.52688467E+000
  0.52688232E+000
  0.52687960E+000
  0.52687657E+000
  0.52687327E+000
  0.52686977E+000
  0.52686610E+000
  0.52686230E+000
  0.52685841E+000
  0.52685444E+000
  0.52685043E+000
  0.52684640E+000
  0.52684235E+000
  0.52683832E+000
  0.52683430E+000
  0.52683031E+000
  0.52682636E+000
  0.52682245E+000
  0.52681859E+000
  0.52681479E+000
  0.52681105E+000
  0.52680737E+000
  0.52680376E+000
  0.52680023E+000
  0.52679676E+000
  0.52679338E+000
  0.52679007E+000
  0.52678685E+000
  0.52678370E+000
  0.52678065E+000
  0.52677768E+000
  0.52677479E+000
  0.52677200E+000
  0.52676930E+000
  0.52676668E+000
  0.52676415E+000
  0.52676172E+000
  0.52675936E+000
  0.52675710E+000
  0.52675492E+000
  0.52675282E+000
  0.52675080E+000
  0.52674886E+000
  0.52674700E+000
  0.52674521E+000
  0.52674349E+000
  0.52674184E+000
  0.52674025E+000
  0.52673873E+000
  0.52673726E+000
  0.52673585E+000
  0.52673449E+000
  0.52673319E+000
  0.52673193E+000
  0.52673071E+000
  0.52672953E+000
  0.52672840E+000
  0.52672730E+000
  0.52672623E+000
  0.52672518E+000
  0.52672417E+000
  0.52672318E+000
  0.52672221E+000
  0.52672125E+000
  0.52672032E+000
  0.52671939E+000
  0.52671848E+000
  0.52671757E+000
  0.52671667E+000
  0.52671578E+000
  0.52671489E+000
  0.52671400E+000
  0.52671311E+000
  0.52671223E+000
  0.52671135E+000
  0.52671046E+000
  0.52670958E+000
  0.52670870E+000
  0.52670781E+000
  0.52670693E+000
  0.52670605E+000
  0.52670517E+000
  0.52670429E+000
  0.52670341E+000
  0.52670254E+000
  0.52670166E+000
  0.52670080E+000
  0.52669993E+000
  0.52669907E+000
  0.52669822E+000
  0.52669737E+000
  0.52669653E+000
  0.52669569E+000
  0.52669487E+000
  0.52669405E+000
  0.52669324E+000
  0.52669243E+000
  0.52669164E+000
  0.52669086E+000
  0.52669009E+000
  0.52668932E+000
  0.52668857E+000
  0.52668783E+000
  0.52668710E+000
  0.52668639E+000
  0.52668568E+000
  0.52668499E+000
  0.52668431E+000
  0.52668364E+000
  0.52668299E+000
  0.52668235E+000
  0.52668172E+000
  0.52668110E+000
  0.52668050E+000
  0.52667992E+000
  0.52667934E+000
  0.52667878E+000
  0.52667824E+000
  0.52667771E+000
  0.52667719E+000
  0.52667668E+000
  0.52667619E+000
  0.52667572E+000
  0.52667525E+000
  0.52667480E+000
  0.52667437E+000
  0.52667394E+000
  0.52667353E+000
  0.52667314E+000
  0.52667275E+000
  0.52667238E+000
  0.52667202E+000
  0.52667167E+000
  0.52667133E+000
  0.52667101E+000
  0.52667070E+000
  0.52667040E+000
  0.52667010E+000
  0.52666982E+000
  0.52666956E+000
  0.52666930E+000
  0.52666905E+000
  0.52666881E+000
  0.52666858E+000
  0.52666836E+000
  0.52666815E+000
  0.52666794E+000
  0.52666775E+000
  0.52666756E+000
  0.52666738E+000
  0.52666721E+000
  0.52666705E+000
  0.52666689E+000
  0.52666674E+000
  0.52666660E+000
  0.52666647E+000
  0.52666634E+000
  0.52666621E+000
  0.52666610E+000
  0.52666598E+000
  0.52666588E+000
  0.52666578E+000
  0.52666568E+000
  0.52666559E+000
  0.52666550E+000
  0.52666542E+000
  0.52666534E+000
  0.52666526E+000
  0.52666519E+000
  0.52666513E+000
  0.52666506E+000
  0.52666500E+000
  0.52666494E+000
  0.52666489E+000
  0.52666485E+000
