  0.61513997E+000  0.10048072E+001  0.12182654E+001  0.40066302E+001
  0.61621286E+000  0.10054978E+001  0.12211580E+001  0.40400025E+001
  0.61711194E+000  0.10060465E+001  0.12235421E+001  0.40686618E+001
  0.61787020E+000  0.10065069E+001  0.12255552E+001  0.40931831E+001
  0.61851150E+000  0.10068918E+001  0.12272653E+001  0.41141221E+001
  0.61905388E+000  0.10072141E+001  0.12287110E+001  0.41319863E+001
  0.61951096E+000  0.10074866E+001  0.12299369E+001  0.41472104E+001
  0.61989502E+000  0.10077183E+001  0.12309784E+001  0.41601748E+001
  0.62021689E+000  0.10079170E+001  0.12318611E+001  0.41712123E+001
  0.62048368E+000  0.10080900E+001  0.12326098E+001  0.41806066E+001
  0.62070910E+000  0.10082374E+001  0.12332447E+001  0.41886036E+001
  0.62089976E+000  0.10083637E+001  0.12337823E+001  0.41954071E+001
  0.62106093E+000  0.10084689E+001  0.12342372E+001  0.42011976E+001
  0.62119708E+000  0.10085566E+001  0.12346219E+001  0.42061237E+001
  0.62131176E+000  0.10086301E+001  0.12349474E+001  0.42103130E+001
  0.62140837E+000  0.10086914E+001  0.12352227E+001  0.42138731E+001
  0.62148961E+000  0.10087422E+001  0.12354551E+001  0.42168968E+001
  0.62155773E+000  0.10087842E+001  0.12356510E+001  0.42194618E+001
  0.62161468E+000  0.10088189E+001  0.12358157E+001  0.42216358E+001
  0.62166207E+000  0.10088473E+001  0.12359529E+001  0.42234757E+001
  0.62170128E+000  0.10088705E+001  0.12360670E+001  0.42250300E+001
  0.62173360E+000  0.10088891E+001  0.12361620E+001  0.42263397E+001
  0.62176005E+000  0.10089038E+001  0.12362404E+001  0.42274401E+001
  0.62178148E+000  0.10089151E+001  0.12363044E+001  0.42283626E+001
  0.62179865E+000  0.10089236E+001  0.12363560E+001  0.42291332E+001
  0.62181219E+000  0.10089298E+001  0.12363976E+001  0.42297740E+001
  0.62182266E+000  0.10089339E+001  0.12364308E+001  0.42303045E+001
  0.62183052E+000  0.10089364E+001  0.12364569E+001  0.42307414E+001
  0.62183620E+000  0.10089374E+001  0.12364770E+001  0.42310993E+001
  0.62184003E+000  0.10089373E+001  0.12364921E+001  0.42313906E+001
  0.62184233E+000  0.10089361E+001  0.12365030E+001  0.42316262E+001
  0.62184336E+000  0.10089341E+001  0.12365104E+001  0.42318153E+001
  0.62184334E+000  0.10089315E+001  0.12365150E+001  0.42319659E+001
  0.62184248E+000  0.10089284E+001  0.12362738E+001  0.42300945E+001
  0.62184093E+000  0.10089248E+001  0.12365176E+001  0.42321782E+001
  0.62183884E+000  0.10089209E+001  0.12365165E+001  0.42322506E+001
  0.62183633E+000  0.10089168E+001  0.12365143E+001  0.42323065E+001
  0.62183350E+000  0.10089125E+001  0.12365111E+001  0.42323492E+001
  0.62183043E+000  0.10089082E+001  0.12365073E+001  0.42323819E+001
  0.62182720E+000  0.10089037E+001  0.12365030E+001  0.42324068E+001
  0.62182388E+000  0.10088992E+001  0.12364984E+001  0.42324260E+001
  0.62182049E+000  0.10088948E+001  0.12364936E+001  0.42324412E+001
  0.62181710E+000  0.10088904E+001  0.12364887E+001  0.42324535E+001
  0.62181372E+000  0.10088860E+001  0.12364837E+001  0.42324641E+001
  0.62181039E+000  0.10088817E+001  0.12364788E+001  0.42324736E+001
  0.62180714E+000  0.10088775E+001  0.12363655E+001  0.42315946E+001
  0.62180396E+000  0.10088734E+001  0.12363676E+001  0.42316598E+001
  0.62180089E+000  0.10088694E+001  0.12363692E+001  0.42317199E+001
  0.62179793E+000  0.10088655E+001  0.12363703E+001  0.42317753E+001
  0.62179508E+000  0.10088618E+001  0.12363710E+001  0.42318264E+001
  0.62179237E+000  0.10088582E+001  0.12363712E+001  0.42318736E+001
  0.62178979E+000  0.10088547E+001  0.12363711E+001  0.42319170E+001
  0.62178734E+000  0.10088514E+001  0.12363707E+001  0.42319570E+001
  0.62178504E+000  0.10088482E+001  0.12363699E+001  0.42319939E+001
  0.62178288E+000  0.10088452E+001  0.12363689E+001  0.42320278E+001
  0.62178087E+000  0.10088423E+001  0.12363676E+001  0.42320591E+001
  0.62177900E+000  0.10088396E+001  0.12363661E+001  0.42320879E+001
  0.62177728E+000  0.10088370E+001  0.12363645E+001  0.42321145E+001
  0.62177570E+000  0.10088346E+001  0.12363627E+001  0.42321391E+001
  0.62177426E+000  0.10088324E+001  0.12364263E+001  0.42326986E+001
  0.62177297E+000  0.10088303E+001  0.12364246E+001  0.42327220E+001
  0.62177181E+000  0.10088284E+001  0.12364231E+001  0.42327463E+001
  0.62177079E+000  0.10088267E+001  0.12364219E+001  0.42327716E+001
  0.62176990E+000  0.10088251E+001  0.12364208E+001  0.42327977E+001
  0.62176914E+000  0.10088236E+001  0.12364200E+001  0.42328246E+001
  0.62176850E+000  0.10088223E+001  0.12364194E+001  0.42328523E+001
  0.62176798E+000  0.10088212E+001  0.12364191E+001  0.42328806E+001
  0.62176756E+000  0.10088202E+001  0.12364190E+001  0.42329096E+001
  0.62176726E+000  0.10088193E+001  0.12364190E+001  0.42329392E+001
  0.62176705E+000  0.10088186E+001  0.12364193E+001  0.42329693E+001
  0.62176694E+000  0.10088180E+001  0.12364198E+001  0.42329999E+001
  0.62176692E+000  0.10088175E+001  0.12364205E+001  0.42330308E+001
  0.62176698E+000  0.10088171E+001  0.12364214E+001  0.42330621E+001
  0.62176712E+000  0.10088168E+001  0.12364225E+001  0.42330936E+001
  0.62176733E+000  0.10088166E+001  0.12364237E+001  0.42331253E+001
  0.62176761E+000  0.10088165E+001  0.12364251E+001  0.42331571E+001
  0.62176795E+000  0.10088165E+001  0.12364267E+001  0.42331891E+001
  0.62176834E+000  0.10088166E+001  0.12364285E+001  0.42332211E+001
  0.62176879E+000  0.10088167E+001  0.12364304E+001  0.42332531E+001
  0.62176929E+000  0.10088169E+001  0.12364324E+001  0.42332851E+001
  0.62176983E+000  0.10088171E+001  0.12364346E+001  0.42333172E+001
  0.62177041E+000  0.10088174E+001  0.12364370E+001  0.42333492E+001
  0.62177103E+000  0.10088177E+001  0.12364395E+001  0.42333812E+001
  0.62177169E+000  0.10088181E+001  0.12364421E+001  0.42334132E+001
  0.62177238E+000  0.10088185E+001  0.12364448E+001  0.42334453E+001
  0.62177310E+000  0.10088190E+001  0.12364477E+001  0.42334774E+001
  0.62177385E+000  0.10088195E+001  0.12364507E+001  0.42335096E+001
  0.62177463E+000  0.10088200E+001  0.12364538E+001  0.42335418E+001
  0.62177543E+000  0.10088206E+001  0.12364570E+001  0.42335742E+001
  0.62177625E+000  0.10088211E+001  0.12364602E+001  0.42336068E+001
  0.62177710E+000  0.10088217E+001  0.12364636E+001  0.42336396E+001
  0.62177796E+000  0.10088223E+001  0.12364671E+001  0.42336725E+001
  0.62177883E+000  0.10088230E+001  0.12364706E+001  0.42337058E+001
  0.62177972E+000  0.10088236E+001  0.12364742E+001  0.42337393E+001
  0.62178062E+000  0.10088243E+001  0.12364779E+001  0.42337731E+001
  0.62178153E+000  0.10088249E+001  0.12364817E+001  0.42338073E+001
  0.62178245E+000  0.10088256E+001  0.12364855E+001  0.42338418E+001
  0.62178338E+000  0.10088263E+001  0.12364893E+001  0.42338766E+001
  0.62178431E+000  0.10088269E+001  0.12364932E+001  0.42339119E+001
  0.62178524E+000  0.10088276E+001  0.12364971E+001  0.42339475E+001
  0.62178618E+000  0.10088283E+001  0.12365010E+001  0.42339835E+001
  0.62178711E+000  0.10088289E+001  0.12365049E+001  0.42340200E+001
  0.62178805E+000  0.10088296E+001  0.12365089E+001  0.42340569E+001
  0.62178898E+000  0.10088303E+001  0.12365129E+001  0.42340942E+001
  0.62178991E+000  0.10088309E+001  0.12365168E+001  0.42341320E+001
  0.62179084E+000  0.10088316E+001  0.12365208E+001  0.42341702E+001
  0.62179175E+000  0.10088323E+001  0.12365247E+001  0.42342089E+001
  0.62179267E+000  0.10088329E+001  0.12365287E+001  0.42342481E+001
  0.62179357E+000  0.10088335E+001  0.12365326E+001  0.42342877E+001
  0.62179446E+000  0.10088341E+001  0.12365365E+001  0.42343278E+001
  0.62179535E+000  0.10088348E+001  0.12365403E+001  0.42343683E+001
  0.62179622E+000  0.10088354E+001  0.12365442E+001  0.42344093E+001
  0.62179709E+000  0.10088360E+001  0.12365480E+001  0.42344508E+001
  0.62179794E+000  0.10088365E+001  0.12365517E+001  0.42344928E+001
  0.62179878E+000  0.10088371E+001  0.12365554E+001  0.42345352E+001
  0.62179961E+000  0.10088377E+001  0.12365591E+001  0.42345780E+001
  0.62180043E+000  0.10088382E+001  0.12365627E+001  0.42346214E+001
  0.62180123E+000  0.10088387E+001  0.12365662E+001  0.42346651E+001
  0.62180201E+000  0.10088392E+001  0.12365697E+001  0.42347093E+001
  0.62180278E+000  0.10088397E+001  0.12365731E+001  0.42347539E+001
  0.62180354E+000  0.10088402E+001  0.12365765E+001  0.42347989E+001
  0.62180428E+000  0.10088407E+001  0.12365798E+001  0.42348443E+001
  0.62180500E+000  0.10088411E+001  0.12365830E+001  0.42348901E+001
  0.62180571E+000  0.10088416E+001  0.12365862E+001  0.42349363E+001
  0.62180641E+000  0.10088420E+001  0.12365893E+001  0.42349829E+001
  0.62180708E+000  0.10088424E+001  0.12365923E+001  0.42350298E+001
  0.62180774E+000  0.10088428E+001  0.12365953E+001  0.42350770E+001
  0.62180838E+000  0.10088432E+001  0.12365981E+001  0.42351245E+001
  0.62180900E+000  0.10088436E+001  0.12366009E+001  0.42351723E+001
  0.62180961E+000  0.10088440E+001  0.12366037E+001  0.42352204E+001
  0.62181020E+000  0.10088443E+001  0.12366063E+001  0.42352688E+001
  0.62181077E+000  0.10088446E+001  0.12366089E+001  0.42353173E+001
  0.62181132E+000  0.10088450E+001  0.12366114E+001  0.42353661E+001
  0.62181186E+000  0.10088453E+001  0.12366138E+001  0.42354151E+001
  0.62181238E+000  0.10088456E+001  0.12366161E+001  0.42354642E+001
  0.62181288E+000  0.10088459E+001  0.12366184E+001  0.42355135E+001
  0.62181336E+000  0.10088461E+001  0.12366206E+001  0.42355628E+001
  0.62181383E+000  0.10088464E+001  0.12366227E+001  0.42356123E+001
  0.62181427E+000  0.10088466E+001  0.12366247E+001  0.42356618E+001
  0.62181471E+000  0.10088469E+001  0.12366267E+001  0.42357113E+001
  0.62181512E+000  0.10088471E+001  0.12366286E+001  0.42357609E+001
  0.62181552E+000  0.10088473E+001  0.12366304E+001  0.42358104E+001
  0.62181590E+000  0.10088475E+001  0.12366321E+001  0.42358598E+001
  0.62181626E+000  0.10088477E+001  0.12366338E+001  0.42359092E+001
  0.62181661E+000  0.10088479E+001  0.12366354E+001  0.42359585E+001
  0.62181695E+000  0.10088481E+001  0.12366370E+001  0.42360076E+001
  0.62181726E+000  0.10088483E+001  0.12366384E+001  0.42360566E+001
  0.62181757E+000  0.10088485E+001  0.12366398E+001  0.42361054E+001
  0.62181786E+000  0.10088486E+001  0.12366412E+001  0.42361539E+001
  0.62181813E+000  0.10088488E+001  0.12366425E+001  0.42362023E+001
  0.62181839E+000  0.10088489E+001  0.12366437E+001  0.42362503E+001
  0.62181864E+000  0.10088491E+001  0.12366449E+001  0.42362980E+001
  0.62181887E+000  0.10088492E+001  0.12366460E+001  0.42363454E+001
  0.62181909E+000  0.10088493E+001  0.12366470E+001  0.42363924E+001
  0.62181930E+000  0.10088494E+001  0.12366480E+001  0.42364391E+001
  0.62181950E+000  0.10088495E+001  0.12366490E+001  0.42364853E+001
  0.62181969E+000  0.10088496E+001  0.12366499E+001  0.42365311E+001
  0.62181986E+000  0.10088497E+001  0.12366507E+001  0.42365764E+001
  0.62182003E+000  0.10088498E+001  0.12366515E+001  0.42366212E+001
  0.62182018E+000  0.10088499E+001  0.12366523E+001  0.42366656E+001
  0.62182033E+000  0.10088500E+001  0.12366530E+001  0.42367094E+001
  0.62182047E+000  0.10088501E+001  0.12366537E+001  0.42367526E+001
  0.62182059E+000  0.10088502E+001  0.12366544E+001  0.42367953E+001
  0.62182071E+000  0.10088502E+001  0.12366550E+001  0.42368374E+001
  0.62182083E+000  0.10088503E+001  0.12366556E+001  0.42368789E+001
  0.62182093E+000  0.10088504E+001  0.12366561E+001  0.42369197E+001
  0.62182103E+000  0.10088504E+001  0.12366566E+001  0.42369599E+001
  0.62182112E+000  0.10088505E+001  0.12366571E+001  0.42369995E+001
  0.62182120E+000  0.10088505E+001  0.12366575E+001  0.42370383E+001
  0.62182128E+000  0.10088506E+001  0.12366580E+001  0.42370765E+001
  0.62182136E+000  0.10088506E+001  0.12366583E+001  0.42371140E+001
  0.62182142E+000  0.10088507E+001  0.12366587E+001  0.42371508E+001
  0.62182149E+000  0.10088507E+001  0.12366591E+001  0.42371868E+001
  0.62182155E+000  0.10088507E+001  0.12366594E+001  0.42372222E+001
  0.62182160E+000  0.10088508E+001  0.12366597E+001  0.42372568E+001
  0.62182165E+000  0.10088508E+001  0.12366600E+001  0.42372906E+001
  0.62182170E+000  0.10088508E+001  0.12366602E+001  0.42373238E+001
  0.62182174E+000  0.10088509E+001  0.12366605E+001  0.42373561E+001
  0.62182178E+000  0.10088509E+001  0.12366607E+001  0.42373877E+001
  0.62182181E+000  0.10088509E+001  0.12366609E+001  0.42374186E+001
  0.62182185E+000  0.10088509E+001  0.12366611E+001  0.42374487E+001
  0.62182188E+000  0.10088510E+001  0.12366613E+001  0.42374781E+001
  0.62182190E+000  0.10088510E+001  0.12366615E+001  0.42375067E+001
  0.62182193E+000  0.10088510E+001  0.12366616E+001  0.42375345E+001
  0.62182195E+000  0.10088510E+001  0.12366618E+001  0.42375617E+001
  0.62182197E+000  0.10088510E+001  0.12366619E+001  0.42375880E+001
  0.62182199E+000  0.10088511E+001  0.12366621E+001  0.42376136E+001
  0.62182201E+000  0.10088511E+001  0.12366622E+001  0.42376385E+001
  0.62182203E+000  0.10088511E+001  0.12366623E+001  0.42376627E+001
  0.62182204E+000  0.10088511E+001  0.12366624E+001  0.42376862E+001
  0.62182206E+000  0.10088511E+001  0.12366625E+001  0.42377089E+001
  0.62182207E+000  0.10088511E+001  0.12366626E+001  0.42377309E+001
  0.62182208E+000  0.10088511E+001  0.12366626E+001  0.42377523E+001
  0.62182209E+000  0.10088511E+001  0.12366627E+001  0.42377729E+001
  0.62182210E+000  0.10088511E+001  0.12366628E+001  0.42377929E+001
  0.62182211E+000  0.10088511E+001  0.12366628E+001  0.42378123E+001
  0.62182211E+000  0.10088511E+001  0.12366629E+001  0.42378310E+001
  0.62182212E+000  0.10088511E+001  0.12366629E+001  0.42378490E+001
  0.62182212E+000  0.10088511E+001  0.12366630E+001  0.42378662E+001
  0.62182213E+000  0.10088512E+001  0.12366630E+001  0.42378827E+001
