 -0.11922370E+000  0.60390262E+000  0.54234124E+001  0.12144006E+003
 -0.11949832E+000  0.60279838E+000  0.54191257E+001  0.12136085E+003
 -0.11970736E+000  0.60189664E+000  0.54155541E+001  0.12129364E+003
 -0.11986416E+000  0.60116446E+000  0.54125865E+001  0.12123672E+003
 -0.11998090E+000  0.60057521E+000  0.54101301E+001  0.12118861E+003
 -0.12006657E+000  0.60010604E+000  0.54081078E+001  0.12114800E+003
 -0.12012789E+000  0.59973743E+000  0.54064535E+001  0.12111377E+003
 -0.12016986E+000  0.59945286E+000  0.54051116E+001  0.12108497E+003
 -0.12019637E+000  0.59923909E+000  0.54040337E+001  0.12106077E+003
 -0.12021048E+000  0.59908454E+000  0.54031790E+001  0.12104048E+003
 -0.12021462E+000  0.59897849E+000  0.54025138E+001  0.12102352E+003
 -0.12021029E+000  0.59891282E+000  0.54020088E+001  0.12100938E+003
 -0.12019862E+000  0.59888073E+000  0.54016393E+001  0.12099764E+003
 -0.12018153E+000  0.59887653E+000  0.54013843E+001  0.12098795E+003
 -0.12016040E+000  0.59889545E+000  0.54012263E+001  0.12098000E+003
 -0.12013626E+000  0.59893352E+000  0.54011505E+001  0.12097355E+003
 -0.12010991E+000  0.59898737E+000  0.54011445E+001  0.12096836E+003
 -0.12008194E+000  0.59905421E+000  0.54011977E+001  0.12096426E+003
 -0.12005284E+000  0.59913167E+000  0.54013013E+001  0.12096109E+003
 -0.12002300E+000  0.59921779E+000  0.54014478E+001  0.12095873E+003
 -0.11999271E+000  0.59931090E+000  0.54016307E+001  0.12095705E+003
 -0.11996224E+000  0.59940960E+000  0.54018446E+001  0.12095596E+003
 -0.11993179E+000  0.59951270E+000  0.54020851E+001  0.12095538E+003
 -0.11990152E+000  0.59961922E+000  0.54023482E+001  0.12095524E+003
 -0.11987156E+000  0.59972838E+000  0.54026305E+001  0.12095548E+003
 -0.11984203E+000  0.59984000E+000  0.54029287E+001  0.12095605E+003
 -0.11981302E+000  0.59995288E+000  0.54032408E+001  0.12095690E+003
 -0.11978457E+000  0.60006651E+000  0.54035647E+001  0.12095800E+003
 -0.11975673E+000  0.60018044E+000  0.54038987E+001  0.12095931E+003
 -0.11972940E+000  0.60029414E+000  0.54042411E+001  0.12096081E+003
 -0.11970276E+000  0.60040743E+000  0.54045905E+001  0.12096248E+003
 -0.11967687E+000  0.60052005E+000  0.54049457E+001  0.12096428E+003
 -0.11965175E+000  0.60063173E+000  0.54053054E+001  0.12096622E+003
 -0.11962743E+000  0.60074229E+000  0.54056687E+001  0.12096826E+003
 -0.11960391E+000  0.60085153E+000  0.54060347E+001  0.12097040E+003
 -0.11958121E+000  0.60095929E+000  0.54064025E+001  0.12097262E+003
 -0.11955932E+000  0.60106543E+000  0.54067712E+001  0.12097493E+003
 -0.11953824E+000  0.60116982E+000  0.54071402E+001  0.12097730E+003
 -0.11951797E+000  0.60127235E+000  0.54075088E+001  0.12097974E+003
 -0.11949848E+000  0.60137291E+000  0.54078763E+001  0.12098223E+003
 -0.11947965E+000  0.60147128E+000  0.54082420E+001  0.12098478E+003
 -0.11946148E+000  0.60156740E+000  0.54086055E+001  0.12098737E+003
 -0.11944406E+000  0.60166127E+000  0.54089660E+001  0.12099001E+003
 -0.11942738E+000  0.60175282E+000  0.54093232E+001  0.12099269E+003
 -0.11941142E+000  0.60184198E+000  0.54096764E+001  0.12099541E+003
 -0.11939616E+000  0.60192866E+000  0.54100253E+001  0.12099817E+003
 -0.11938159E+000  0.60201280E+000  0.54103693E+001  0.12100096E+003
 -0.11936769E+000  0.60209433E+000  0.54107080E+001  0.12100378E+003
 -0.11935446E+000  0.60217320E+000  0.54110411E+001  0.12100663E+003
 -0.11934188E+000  0.60224935E+000  0.54113681E+001  0.12100951E+003
 -0.11932993E+000  0.60232273E+000  0.54116886E+001  0.12101242E+003
 -0.11931857E+000  0.60239328E+000  0.54120025E+001  0.12101534E+003
 -0.11930783E+000  0.60246101E+000  0.54123093E+001  0.12101829E+003
 -0.11929769E+000  0.60252589E+000  0.54126088E+001  0.12102126E+003
 -0.11928814E+000  0.60258793E+000  0.54129008E+001  0.12102424E+003
 -0.11927917E+000  0.60264713E+000  0.54131850E+001  0.12102724E+003
 -0.11927076E+000  0.60270351E+000  0.54134613E+001  0.12103025E+003
 -0.11926288E+000  0.60275710E+000  0.54137296E+001  0.12103327E+003
 -0.11925552E+000  0.60280797E+000  0.54139898E+001  0.12103630E+003
 -0.11924866E+000  0.60285616E+000  0.54142417E+001  0.12103933E+003
 -0.11924229E+000  0.60290175E+000  0.54144854E+001  0.12104237E+003
 -0.11923640E+000  0.60294484E+000  0.54147209E+001  0.12104541E+003
 -0.11923097E+000  0.60298553E+000  0.54149483E+001  0.12104845E+003
 -0.11922598E+000  0.60302392E+000  0.54151676E+001  0.12105149E+003
 -0.11922143E+000  0.60306013E+000  0.54153790E+001  0.12105452E+003
 -0.11921728E+000  0.60309430E+000  0.54155827E+001  0.12105755E+003
 -0.11921352E+000  0.60312655E+000  0.54157789E+001  0.12106057E+003
 -0.11921014E+000  0.60315702E+000  0.54159678E+001  0.12106358E+003
 -0.11920711E+000  0.60318584E+000  0.54161496E+001  0.12106658E+003
 -0.11920442E+000  0.60321316E+000  0.54163248E+001  0.12106958E+003
 -0.11920205E+000  0.60323909E+000  0.54164935E+001  0.12107256E+003
 -0.11919998E+000  0.60326377E+000  0.54166562E+001  0.12107552E+003
 -0.11919820E+000  0.60328731E+000  0.54168132E+001  0.12107848E+003
 -0.11919670E+000  0.60330984E+000  0.54169648E+001  0.12108142E+003
 -0.11919545E+000  0.60333144E+000  0.54171114E+001  0.12108434E+003
 -0.11919444E+000  0.60335223E+000  0.54172534E+001  0.12108725E+003
 -0.11919366E+000  0.60337228E+000  0.54173911E+001  0.12109014E+003
 -0.11919310E+000  0.60339167E+000  0.54175248E+001  0.12109301E+003
 -0.11919273E+000  0.60341047E+000  0.54176550E+001  0.12109587E+003
 -0.11919255E+000  0.60342874E+000  0.54177820E+001  0.12109871E+003
 -0.11919255E+000  0.60344653E+000  0.54179060E+001  0.12110153E+003
 -0.11919269E+000  0.60346388E+000  0.54180275E+001  0.12110433E+003
 -0.11919298E+000  0.60348084E+000  0.54181466E+001  0.12110712E+003
 -0.11919340E+000  0.60349744E+000  0.54182638E+001  0.12110988E+003
 -0.11919393E+000  0.60351370E+000  0.54183791E+001  0.12111263E+003
 -0.11919456E+000  0.60352964E+000  0.54184930E+001  0.12111536E+003
 -0.11919528E+000  0.60354529E+000  0.54186055E+001  0.12111808E+003
 -0.11919606E+000  0.60356065E+000  0.54187169E+001  0.12112077E+003
 -0.11919691E+000  0.60357573E+000  0.54188274E+001  0.12112346E+003
 -0.11919779E+000  0.60359055E+000  0.54189371E+001  0.12112612E+003
 -0.11919871E+000  0.60360510E+000  0.54190461E+001  0.12112878E+003
 -0.11919965E+000  0.60361939E+000  0.54191545E+001  0.12113142E+003
 -0.11920060E+000  0.60363340E+000  0.54192624E+001  0.12113404E+003
 -0.11920155E+000  0.60364714E+000  0.54193699E+001  0.12113666E+003
 -0.11920249E+000  0.60366060E+000  0.54194770E+001  0.12113927E+003
 -0.11920343E+000  0.60367376E+000  0.54195838E+001  0.12114187E+003
 -0.11920434E+000  0.60368662E+000  0.54196902E+001  0.12114446E+003
 -0.11920522E+000  0.60369915E+000  0.54197962E+001  0.12114705E+003
 -0.11920608E+000  0.60371136E+000  0.54199018E+001  0.12114963E+003
 -0.11920690E+000  0.60372321E+000  0.54200069E+001  0.12115222E+003
 -0.11920769E+000  0.60373470E+000  0.54201116E+001  0.12115480E+003
 -0.11920844E+000  0.60374581E+000  0.54202156E+001  0.12115737E+003
 -0.11920916E+000  0.60375652E+000  0.54203190E+001  0.12115995E+003
 -0.11920983E+000  0.60376682E+000  0.54204217E+001  0.12116254E+003
 -0.11921047E+000  0.60377671E+000  0.54205235E+001  0.12116512E+003
 -0.11921108E+000  0.60378616E+000  0.54206243E+001  0.12116771E+003
 -0.11921164E+000  0.60379517E+000  0.54207242E+001  0.12117030E+003
 -0.11921217E+000  0.60380373E+000  0.54208229E+001  0.12117290E+003
 -0.11921267E+000  0.60381183E+000  0.54209203E+001  0.12117551E+003
 -0.11921313E+000  0.60381948E+000  0.54210164E+001  0.12117812E+003
 -0.11921357E+000  0.60382667E+000  0.54211109E+001  0.12118074E+003
 -0.11921397E+000  0.60383340E+000  0.54212039E+001  0.12118337E+003
 -0.11921435E+000  0.60383968E+000  0.54212952E+001  0.12118600E+003
 -0.11921469E+000  0.60384552E+000  0.54213848E+001  0.12118865E+003
 -0.11921502E+000  0.60385092E+000  0.54214724E+001  0.12119131E+003
 -0.11921532E+000  0.60385589E+000  0.54215580E+001  0.12119397E+003
 -0.11921560E+000  0.60386045E+000  0.54216415E+001  0.12119664E+003
 -0.11921585E+000  0.60386460E+000  0.54217228E+001  0.12119933E+003
 -0.11921609E+000  0.60386838E+000  0.54218019E+001  0.12120202E+003
 -0.11921631E+000  0.60387178E+000  0.54218787E+001  0.12120473E+003
 -0.11921651E+000  0.60387484E+000  0.54219530E+001  0.12120744E+003
 -0.11921670E+000  0.60387757E+000  0.54220249E+001  0.12121016E+003
 -0.11921687E+000  0.60387999E+000  0.54220943E+001  0.12121289E+003
 -0.11921702E+000  0.60388212E+000  0.54221612E+001  0.12121563E+003
 -0.11921716E+000  0.60388398E+000  0.54222255E+001  0.12121837E+003
 -0.11921729E+000  0.60388559E+000  0.54222873E+001  0.12122113E+003
 -0.11921741E+000  0.60388697E+000  0.54223464E+001  0.12122389E+003
 -0.11921752E+000  0.60388814E+000  0.54224029E+001  0.12122665E+003
 -0.11921761E+000  0.60388913E+000  0.54224568E+001  0.12122942E+003
 -0.11921770E+000  0.60388994E+000  0.54225082E+001  0.12123220E+003
 -0.11921777E+000  0.60389060E+000  0.54225570E+001  0.12123498E+003
 -0.11921784E+000  0.60389112E+000  0.54226033E+001  0.12123776E+003
 -0.11921790E+000  0.60389153E+000  0.54226471E+001  0.12124054E+003
 -0.11921795E+000  0.60389183E+000  0.54226884E+001  0.12124332E+003
 -0.11921799E+000  0.60389204E+000  0.54227275E+001  0.12124610E+003
 -0.11921803E+000  0.60389218E+000  0.54227642E+001  0.12124888E+003
 -0.11921806E+000  0.60389225E+000  0.54227986E+001  0.12125166E+003
 -0.11921808E+000  0.60389227E+000  0.54228309E+001  0.12125443E+003
 -0.11921810E+000  0.60389225E+000  0.54228611E+001  0.12125720E+003
 -0.11921812E+000  0.60389219E+000  0.54228893E+001  0.12125996E+003
 -0.11921813E+000  0.60389210E+000  0.54229156E+001  0.12126271E+003
 -0.11921813E+000  0.60389200E+000  0.54229400E+001  0.12126545E+003
 -0.11921814E+000  0.60389189E+000  0.54229627E+001  0.12126818E+003
 -0.11921814E+000  0.60389176E+000  0.54229838E+001  0.12127090E+003
 -0.11921813E+000  0.60389164E+000  0.54230032E+001  0.12127360E+003
 -0.11921812E+000  0.60389152E+000  0.54230212E+001  0.12127629E+003
 -0.11921811E+000  0.60389140E+000  0.54230378E+001  0.12127897E+003
 -0.11921810E+000  0.60389128E+000  0.54230530E+001  0.12128163E+003
 -0.11921809E+000  0.60389118E+000  0.54230671E+001  0.12128426E+003
 -0.11921808E+000  0.60389109E+000  0.54230800E+001  0.12128688E+003
 -0.11921806E+000  0.60389101E+000  0.54230918E+001  0.12128948E+003
 -0.11921804E+000  0.60389094E+000  0.54231026E+001  0.12129205E+003
 -0.11921803E+000  0.60389088E+000  0.54231125E+001  0.12129460E+003
 -0.11921801E+000  0.60389083E+000  0.54231216E+001  0.12129713E+003
 -0.11921799E+000  0.60389080E+000  0.54231298E+001  0.12129962E+003
 -0.11921797E+000  0.60389078E+000  0.54231374E+001  0.12130210E+003
 -0.11921795E+000  0.60389077E+000  0.54231443E+001  0.12130454E+003
 -0.11921794E+000  0.60389076E+000  0.54231505E+001  0.12130695E+003
 -0.11921792E+000  0.60389077E+000  0.54231562E+001  0.12130933E+003
 -0.11921790E+000  0.60389079E+000  0.54231614E+001  0.12131168E+003
 -0.11921789E+000  0.60389081E+000  0.54231662E+001  0.12131400E+003
 -0.11921787E+000  0.60389084E+000  0.54231705E+001  0.12131629E+003
 -0.11921785E+000  0.60389088E+000  0.54231744E+001  0.12131854E+003
 -0.11921784E+000  0.60389092E+000  0.54231780E+001  0.12132075E+003
 -0.11921783E+000  0.60389096E+000  0.54231812E+001  0.12132293E+003
 -0.11921781E+000  0.60389101E+000  0.54231842E+001  0.12132508E+003
 -0.11921780E+000  0.60389105E+000  0.54231869E+001  0.12132718E+003
 -0.11921779E+000  0.60389110E+000  0.54231893E+001  0.12132925E+003
 -0.11921778E+000  0.60389115E+000  0.54231915E+001  0.12133128E+003
 -0.11921777E+000  0.60389120E+000  0.54231936E+001  0.12133327E+003
 -0.11921777E+000  0.60389124E+000  0.54231954E+001  0.12133523E+003
 -0.11921776E+000  0.60389129E+000  0.54231971E+001  0.12133714E+003
 -0.11921775E+000  0.60389133E+000  0.54231987E+001  0.12133901E+003
 -0.11921775E+000  0.60389137E+000  0.54232001E+001  0.12134085E+003
 -0.11921774E+000  0.60389141E+000  0.54232013E+001  0.12134264E+003
 -0.11921774E+000  0.60389144E+000  0.54232025E+001  0.12134439E+003
 -0.11921774E+000  0.60389147E+000  0.54232036E+001  0.12134610E+003
 -0.11921774E+000  0.60389149E+000  0.54232045E+001  0.12134777E+003
 -0.11921774E+000  0.60389152E+000  0.54232054E+001  0.12134940E+003
 -0.11921774E+000  0.60389153E+000  0.54232062E+001  0.12135099E+003
 -0.11921774E+000  0.60389155E+000  0.54232069E+001  0.12135254E+003
 -0.11921774E+000  0.60389156E+000  0.54232075E+001  0.12135405E+003
 -0.11921774E+000  0.60389157E+000  0.54232081E+001  0.12135552E+003
 -0.11921774E+000  0.60389157E+000  0.54232087E+001  0.12135695E+003
 -0.11921775E+000  0.60389157E+000  0.54232091E+001  0.12135834E+003
 -0.11921775E+000  0.60389157E+000  0.54232096E+001  0.12135969E+003
 -0.11921775E+000  0.60389157E+000  0.54232099E+001  0.12136100E+003
 -0.11921776E+000  0.60389156E+000  0.54232103E+001  0.12136227E+003
 -0.11921776E+000  0.60389155E+000  0.54232106E+001  0.12136351E+003
 -0.11921776E+000  0.60389154E+000  0.54232108E+001  0.12136470E+003
 -0.11921777E+000  0.60389153E+000  0.54232110E+001  0.12136586E+003
 -0.11921777E+000  0.60389151E+000  0.54232112E+001  0.12136699E+003
 -0.11921777E+000  0.60389150E+000  0.54232114E+001  0.12136807E+003
 -0.11921778E+000  0.60389149E+000  0.54232115E+001  0.12136913E+003
 -0.11921778E+000  0.60389147E+000  0.54232117E+001  0.12137014E+003
 -0.11921778E+000  0.60389145E+000  0.54232118E+001  0.12137112E+003
 -0.11921779E+000  0.60389143E+000  0.54232118E+001  0.12137207E+003
 -0.11921780E+000  0.60389141E+000  0.54232119E+001  0.12137299E+003
 -0.11921781E+000  0.60389137E+000  0.54232119E+001  0.12137387E+003
 -0.11921782E+000  0.60389131E+000  0.54232118E+001  0.12137472E+003
