  0.63547923E+000
  0.63571542E+000
  0.63589546E+000
  0.63604169E+000
  0.63616292E+000
  0.63626371E+000
  0.63634784E+000
  0.63641797E+000
  0.63647616E+000
  0.63652430E+000
  0.63656428E+000
  0.63659730E+000
  0.63662406E+000
  0.63664565E+000
  0.63666291E+000
  0.63667653E+000
  0.63668709E+000
  0.63669506E+000
  0.63670085E+000
  0.63670479E+000
  0.63670716E+000
  0.63670820E+000
  0.63670812E+000
  0.63670709E+000
  0.63670526E+000
  0.63670276E+000
  0.63669970E+000
  0.63669618E+000
  0.63669227E+000
  0.63668805E+000
  0.63668358E+000
  0.63667890E+000
  0.63667406E+000
  0.63666910E+000
  0.63666405E+000
  0.63665895E+000
  0.63665381E+000
  0.63664866E+000
  0.63664352E+000
  0.63663839E+000
  0.63663330E+000
  0.63662825E+000
  0.63662326E+000
  0.63661833E+000
  0.63661346E+000
  0.63660867E+000
  0.63660396E+000
  0.63659934E+000
  0.63659480E+000
  0.63659036E+000
  0.63658601E+000
  0.63658176E+000
  0.63657762E+000
  0.63657358E+000
  0.63656964E+000
  0.63656582E+000
  0.63656211E+000
  0.63655851E+000
  0.63655503E+000
  0.63655166E+000
  0.63654840E+000
  0.63654525E+000
  0.63654222E+000
  0.63653930E+000
  0.63653648E+000
  0.63653378E+000
  0.63653118E+000
  0.63652868E+000
  0.63652628E+000
  0.63652398E+000
  0.63652177E+000
  0.63651965E+000
  0.63651761E+000
  0.63651566E+000
  0.63651379E+000
  0.63651199E+000
  0.63651026E+000
  0.63650860E+000
  0.63650701E+000
  0.63650547E+000
  0.63650399E+000
  0.63650257E+000
  0.63650119E+000
  0.63649986E+000
  0.63649857E+000
  0.63649732E+000
  0.63649610E+000
  0.63649492E+000
  0.63649376E+000
  0.63649262E+000
  0.63649151E+000
  0.63649041E+000
  0.63648933E+000
  0.63648827E+000
  0.63648721E+000
  0.63648616E+000
  0.63648513E+000
  0.63648409E+000
  0.63648307E+000
  0.63648205E+000
  0.63648103E+000
  0.63648002E+000
  0.63647901E+000
  0.63647801E+000
  0.63647700E+000
  0.63647601E+000
  0.63647501E+000
  0.63647402E+000
  0.63647304E+000
  0.63647206E+000
  0.63647109E+000
  0.63647012E+000
  0.63646916E+000
  0.63646820E+000
  0.63646725E+000
  0.63646631E+000
  0.63646538E+000
  0.63646445E+000
  0.63646354E+000
  0.63646263E+000
  0.63646173E+000
  0.63646084E+000
  0.63645997E+000
  0.63645910E+000
  0.63645824E+000
  0.63645740E+000
  0.63645656E+000
  0.63645574E+000
  0.63645493E+000
  0.63645413E+000
  0.63645335E+000
  0.63645258E+000
  0.63645182E+000
  0.63645107E+000
  0.63645034E+000
  0.63644962E+000
  0.63644891E+000
  0.63644822E+000
  0.63644754E+000
  0.63644688E+000
  0.63644623E+000
  0.63644560E+000
  0.63644498E+000
  0.63644437E+000
  0.63644378E+000
  0.63644320E+000
  0.63644264E+000
  0.63644209E+000
  0.63644156E+000
  0.63644104E+000
  0.63644054E+000
  0.63644005E+000
  0.63643957E+000
  0.63643911E+000
  0.63643866E+000
  0.63643822E+000
  0.63643780E+000
  0.63643739E+000
  0.63643700E+000
  0.63643661E+000
  0.63643625E+000
  0.63643589E+000
  0.63643554E+000
  0.63643521E+000
  0.63643489E+000
  0.63643458E+000
  0.63643428E+000
  0.63643399E+000
  0.63643372E+000
  0.63643345E+000
  0.63643319E+000
  0.63643295E+000
  0.63643271E+000
  0.63643249E+000
  0.63643227E+000
  0.63643206E+000
  0.63643186E+000
  0.63643167E+000
  0.63643149E+000
  0.63643131E+000
  0.63643114E+000
  0.63643098E+000
  0.63643083E+000
  0.63643068E+000
  0.63643054E+000
  0.63643041E+000
  0.63643028E+000
  0.63643016E+000
  0.63643004E+000
  0.63642993E+000
  0.63642983E+000
  0.63642973E+000
  0.63642964E+000
  0.63642955E+000
  0.63642946E+000
  0.63642938E+000
  0.63642930E+000
  0.63642923E+000
  0.63642916E+000
  0.63642910E+000
