  0.14115454E+000
  0.14216990E+000
  0.14281859E+000
  0.14321522E+000
  0.14343999E+000
  0.14354750E+000
  0.14357518E+000
  0.14354985E+000
  0.14349022E+000
  0.14340939E+000
  0.14331637E+000
  0.14320320E+000
  0.14305909E+000
  0.14290482E+000
  0.14275173E+000
  0.14260574E+000
  0.14246967E+000
  0.14234456E+000
  0.14223045E+000
  0.14212687E+000
  0.14203309E+000
  0.14194828E+000
  0.14187163E+000
  0.14180232E+000
  0.14173964E+000
  0.14168290E+000
  0.14163150E+000
  0.14158641E+000
  0.14154673E+000
  0.14151114E+000
  0.14147882E+000
  0.14144923E+000
  0.14142202E+000
  0.14139694E+000
  0.14137378E+000
  0.14135241E+000
  0.14133266E+000
  0.14131444E+000
  0.14129762E+000
  0.14128211E+000
  0.14126780E+000
  0.14125462E+000
  0.14124247E+000
  0.14123127E+000
  0.14122096E+000
  0.14121146E+000
  0.14120272E+000
  0.14119466E+000
  0.14118724E+000
  0.14118041E+000
  0.14117412E+000
  0.14116833E+000
  0.14116300E+000
  0.14115811E+000
  0.14115361E+000
  0.14114949E+000
  0.14114572E+000
  0.14114279E+000
  0.14114039E+000
  0.14113835E+000
  0.14113658E+000
  0.14113506E+000
  0.14113378E+000
  0.14113271E+000
  0.14113184E+000
  0.14113117E+000
  0.14113068E+000
  0.14113037E+000
  0.14113021E+000
  0.14113021E+000
  0.14113036E+000
  0.14113064E+000
  0.14113106E+000
  0.14113161E+000
  0.14113227E+000
  0.14113304E+000
  0.14113392E+000
  0.14113489E+000
  0.14113595E+000
  0.14113709E+000
  0.14113829E+000
  0.14113956E+000
  0.14114087E+000
  0.14114223E+000
  0.14114360E+000
  0.14114500E+000
  0.14114639E+000
  0.14114778E+000
  0.14114916E+000
  0.14115050E+000
  0.14115181E+000
  0.14115308E+000
  0.14115430E+000
  0.14115546E+000
  0.14115656E+000
  0.14115759E+000
  0.14115856E+000
  0.14115946E+000
  0.14116028E+000
  0.14116104E+000
  0.14116172E+000
  0.14116234E+000
  0.14116288E+000
  0.14116337E+000
  0.14116378E+000
  0.14116414E+000
  0.14116444E+000
  0.14116468E+000
  0.14116487E+000
  0.14116502E+000
  0.14116511E+000
  0.14116517E+000
  0.14116518E+000
  0.14116516E+000
  0.14116510E+000
  0.14116501E+000
  0.14116490E+000
  0.14116476E+000
  0.14116460E+000
  0.14116442E+000
  0.14116421E+000
  0.14116400E+000
  0.14116377E+000
  0.14116353E+000
  0.14116328E+000
  0.14116302E+000
  0.14116275E+000
  0.14116248E+000
  0.14116220E+000
  0.14116193E+000
  0.14116165E+000
  0.14116137E+000
  0.14116110E+000
  0.14116082E+000
  0.14116055E+000
  0.14116028E+000
  0.14116002E+000
  0.14115976E+000
  0.14115951E+000
  0.14115927E+000
  0.14115903E+000
  0.14115879E+000
  0.14115857E+000
  0.14115835E+000
  0.14115814E+000
  0.14115794E+000
  0.14115774E+000
  0.14115755E+000
  0.14115737E+000
  0.14115720E+000
  0.14115704E+000
  0.14115688E+000
  0.14115673E+000
  0.14115659E+000
  0.14115645E+000
  0.14115633E+000
  0.14115621E+000
  0.14115609E+000
  0.14115599E+000
  0.14115588E+000
  0.14115579E+000
  0.14115570E+000
  0.14115561E+000
  0.14115554E+000
  0.14115546E+000
  0.14115539E+000
  0.14115533E+000
  0.14115527E+000
  0.14115521E+000
  0.14115516E+000
  0.14115511E+000
  0.14115507E+000
  0.14115503E+000
  0.14115499E+000
  0.14115495E+000
  0.14115492E+000
  0.14115489E+000
  0.14115486E+000
  0.14115484E+000
  0.14115482E+000
  0.14115480E+000
  0.14115478E+000
  0.14115476E+000
  0.14115474E+000
  0.14115473E+000
  0.14115471E+000
  0.14115470E+000
  0.14115469E+000
  0.14115468E+000
  0.14115467E+000
  0.14115466E+000
  0.14115465E+000
  0.14115465E+000
  0.14115464E+000
  0.14115464E+000
  0.14115463E+000
  0.14115463E+000
  0.14115463E+000
  0.14115463E+000
  0.14115464E+000
