  0.13136257E+000
  0.13137777E+000
  0.13139513E+000
  0.13141155E+000
  0.13142578E+000
  0.13143738E+000
  0.13144637E+000
  0.13145295E+000
  0.13145741E+000
  0.13146004E+000
  0.13146114E+000
  0.13146094E+000
  0.13145966E+000
  0.13145747E+000
  0.13145454E+000
  0.13145097E+000
  0.13144688E+000
  0.13144234E+000
  0.13143742E+000
  0.13143220E+000
  0.13142670E+000
  0.13142098E+000
  0.13141506E+000
  0.13140899E+000
  0.13140277E+000
  0.13139644E+000
  0.13139002E+000
  0.13138352E+000
  0.13137696E+000
  0.13137034E+000
  0.13136370E+000
  0.13135703E+000
  0.13135035E+000
  0.13134368E+000
  0.13133702E+000
  0.13133038E+000
  0.13132379E+000
  0.13131725E+000
  0.13131077E+000
  0.13130437E+000
  0.13129805E+000
  0.13129184E+000
  0.13128574E+000
  0.13127977E+000
  0.13127393E+000
  0.13126824E+000
  0.13126272E+000
  0.13125737E+000
  0.13125221E+000
  0.13124725E+000
  0.13124249E+000
  0.13123794E+000
  0.13123362E+000
  0.13122953E+000
  0.13122567E+000
  0.13122206E+000
  0.13121869E+000
  0.13121557E+000
  0.13121271E+000
  0.13121009E+000
  0.13120772E+000
  0.13120561E+000
  0.13120374E+000
  0.13120211E+000
  0.13120071E+000
  0.13119955E+000
  0.13119862E+000
  0.13119790E+000
  0.13119739E+000
  0.13119708E+000
  0.13119696E+000
  0.13119702E+000
  0.13119726E+000
  0.13119766E+000
  0.13119821E+000
  0.13119890E+000
  0.13119972E+000
  0.13120066E+000
  0.13120171E+000
  0.13120285E+000
  0.13120408E+000
  0.13120539E+000
  0.13120676E+000
  0.13120819E+000
  0.13120966E+000
  0.13121117E+000
  0.13121270E+000
  0.13121424E+000
  0.13121579E+000
  0.13121734E+000
  0.13121888E+000
  0.13122040E+000
  0.13122190E+000
  0.13122337E+000
  0.13122480E+000
  0.13122620E+000
  0.13122755E+000
  0.13122886E+000
  0.13123012E+000
  0.13123133E+000
  0.13123249E+000
  0.13123360E+000
  0.13123465E+000
  0.13123565E+000
  0.13123659E+000
  0.13123749E+000
  0.13123833E+000
  0.13123912E+000
  0.13123986E+000
  0.13124056E+000
  0.13124120E+000
  0.13124181E+000
  0.13124237E+000
  0.13124288E+000
  0.13124336E+000
  0.13124380E+000
  0.13124421E+000
  0.13124458E+000
  0.13124492E+000
  0.13124523E+000
  0.13124551E+000
  0.13124576E+000
  0.13124599E+000
  0.13124619E+000
  0.13124637E+000
  0.13124654E+000
  0.13124668E+000
  0.13124681E+000
  0.13124692E+000
  0.13124701E+000
  0.13124709E+000
  0.13124716E+000
  0.13124722E+000
  0.13124727E+000
  0.13124731E+000
  0.13124734E+000
  0.13124736E+000
  0.13124738E+000
  0.13124739E+000
  0.13124739E+000
  0.13124740E+000
  0.13124739E+000
  0.13124739E+000
  0.13124738E+000
  0.13124737E+000
  0.13124735E+000
  0.13124734E+000
  0.13124732E+000
  0.13124731E+000
  0.13124729E+000
  0.13124727E+000
  0.13124726E+000
  0.13124724E+000
  0.13124722E+000
  0.13124721E+000
  0.13124719E+000
  0.13124718E+000
  0.13124716E+000
  0.13124715E+000
  0.13124714E+000
  0.13124713E+000
  0.13124712E+000
  0.13124711E+000
  0.13124710E+000
  0.13124709E+000
  0.13124709E+000
  0.13124708E+000
  0.13124708E+000
  0.13124707E+000
  0.13124707E+000
  0.13124707E+000
  0.13124707E+000
  0.13124707E+000
  0.13124707E+000
  0.13124707E+000
  0.13124707E+000
  0.13124707E+000
  0.13124708E+000
  0.13124708E+000
  0.13124708E+000
  0.13124709E+000
  0.13124709E+000
  0.13124709E+000
  0.13124710E+000
  0.13124710E+000
  0.13124710E+000
  0.13124711E+000
  0.13124711E+000
  0.13124711E+000
  0.13124711E+000
  0.13124712E+000
  0.13124712E+000
  0.13124712E+000
  0.13124712E+000
  0.13124712E+000
  0.13124712E+000
  0.13124712E+000
  0.13124713E+000
  0.13124713E+000
  0.13124713E+000
