  0.21471859E+000
  0.22044546E+000
  0.22062526E+000
  0.21990123E+000
  0.21911189E+000
  0.21840953E+000
  0.21782646E+000
  0.21734089E+000
  0.21692482E+000
  0.21655928E+000
  0.21623051E+000
  0.21596021E+000
  0.21577054E+000
  0.21563233E+000
  0.21552847E+000
  0.21544840E+000
  0.21538529E+000
  0.21533467E+000
  0.21529347E+000
  0.21525957E+000
  0.21523141E+000
  0.21520784E+000
  0.21518798E+000
  0.21517111E+000
  0.21515668E+000
  0.21514422E+000
  0.21513333E+000
  0.21510495E+000
  0.21505970E+000
  0.21500611E+000
  0.21495024E+000
  0.21489627E+000
  0.21484690E+000
  0.21480375E+000
  0.21476760E+000
  0.21473868E+000
  0.21471676E+000
  0.21470137E+000
  0.21469186E+000
  0.21468750E+000
  0.21468755E+000
  0.21469129E+000
  0.21469805E+000
  0.21470723E+000
  0.21471830E+000
  0.21473083E+000
  0.21474444E+000
  0.21475885E+000
  0.21477383E+000
  0.21478919E+000
  0.21480482E+000
  0.21482061E+000
  0.21483649E+000
  0.21485243E+000
  0.21486838E+000
  0.21488434E+000
  0.21490029E+000
  0.21490777E+000
  0.21490920E+000
  0.21490744E+000
  0.21490405E+000
  0.21489992E+000
  0.21489550E+000
  0.21489103E+000
  0.21488665E+000
  0.21488242E+000
  0.21487836E+000
  0.21487448E+000
  0.21487078E+000
  0.21486726E+000
  0.21486390E+000
  0.21486070E+000
  0.21485764E+000
  0.21485472E+000
  0.21485192E+000
  0.21484922E+000
  0.21484663E+000
  0.21484411E+000
  0.21484168E+000
  0.21483931E+000
  0.21483700E+000
  0.21483474E+000
  0.21483252E+000
  0.21483034E+000
  0.21482819E+000
  0.21482606E+000
  0.21482397E+000
  0.21482189E+000
  0.21481983E+000
  0.21481780E+000
  0.21481578E+000
  0.21481378E+000
  0.21481180E+000
  0.21480984E+000
  0.21480791E+000
  0.21480600E+000
  0.21480412E+000
  0.21480227E+000
  0.21480045E+000
  0.21479867E+000
  0.21479692E+000
  0.21479521E+000
  0.21479354E+000
  0.21479192E+000
  0.21479034E+000
  0.21478880E+000
  0.21478732E+000
  0.21478588E+000
  0.21478449E+000
  0.21478315E+000
  0.21478185E+000
  0.21478062E+000
  0.21477943E+000
  0.21477829E+000
  0.21477720E+000
  0.21477616E+000
  0.21477517E+000
  0.21477422E+000
  0.21477332E+000
  0.21477247E+000
  0.21477166E+000
  0.21477089E+000
  0.21477017E+000
  0.21476948E+000
  0.21476884E+000
  0.21476822E+000
  0.21476765E+000
  0.21476710E+000
  0.21476659E+000
  0.21476610E+000
  0.21476565E+000
  0.21476522E+000
  0.21476482E+000
  0.21476443E+000
  0.21476407E+000
  0.21476373E+000
  0.21476341E+000
  0.21476311E+000
  0.21476283E+000
  0.21476255E+000
  0.21476230E+000
  0.21476206E+000
  0.21476183E+000
  0.21476161E+000
  0.21476140E+000
  0.21476120E+000
  0.21476101E+000
  0.21476083E+000
  0.21476066E+000
  0.21476050E+000
  0.21476034E+000
  0.21476019E+000
  0.21476005E+000
  0.21475992E+000
  0.21475979E+000
  0.21475966E+000
  0.21475954E+000
  0.21475943E+000
  0.21475932E+000
  0.21475922E+000
  0.21475912E+000
  0.21475902E+000
  0.21475893E+000
  0.21475885E+000
  0.21475877E+000
  0.21475869E+000
  0.21475861E+000
  0.21475854E+000
  0.21475848E+000
  0.21475841E+000
  0.21475835E+000
  0.21475829E+000
  0.21475824E+000
  0.21475819E+000
  0.21475814E+000
  0.21475809E+000
  0.21475805E+000
  0.21475801E+000
  0.21475797E+000
  0.21475794E+000
  0.21475790E+000
  0.21475787E+000
  0.21475784E+000
  0.21475782E+000
  0.21475779E+000
  0.21475777E+000
  0.21475775E+000
  0.21475773E+000
  0.21475771E+000
  0.21475769E+000
  0.21475768E+000
  0.21475767E+000
  0.21475765E+000
  0.21475764E+000
  0.21475763E+000
  0.21475763E+000
  0.21475762E+000
  0.21475761E+000
  0.21475761E+000
  0.21475762E+000
