  0.46665270E-001
  0.49831045E-001
  0.51329386E-001
  0.51727911E-001
  0.51495418E-001
  0.50959840E-001
  0.50323818E-001
  0.49698541E-001
  0.49136300E-001
  0.48655120E-001
  0.48255071E-001
  0.47928087E-001
  0.47663281E-001
  0.47449704E-001
  0.47277590E-001
  0.47138749E-001
  0.47026532E-001
  0.46935643E-001
  0.46861892E-001
  0.46801983E-001
  0.46753305E-001
  0.46713791E-001
  0.46681788E-001
  0.46655962E-001
  0.46635232E-001
  0.46618713E-001
  0.46605673E-001
  0.46595508E-001
  0.46587711E-001
  0.46581858E-001
  0.46577591E-001
  0.46574611E-001
  0.46572661E-001
  0.46571529E-001
  0.46571033E-001
  0.46571025E-001
  0.46571379E-001
  0.46571992E-001
  0.46572779E-001
  0.46573674E-001
  0.46574624E-001
  0.46575587E-001
  0.46576534E-001
  0.46577442E-001
  0.46578296E-001
  0.46579089E-001
  0.46579815E-001
  0.46580474E-001
  0.46581070E-001
  0.46581607E-001
  0.46582092E-001
  0.46582530E-001
  0.46582931E-001
  0.46583302E-001
  0.46583651E-001
  0.46583986E-001
  0.46584314E-001
  0.46584643E-001
  0.46584979E-001
  0.46585327E-001
  0.46585694E-001
  0.46586085E-001
  0.46586503E-001
  0.46586952E-001
  0.46587437E-001
  0.46587958E-001
  0.46588519E-001
  0.46589121E-001
  0.46589765E-001
  0.46590452E-001
  0.46591181E-001
  0.46591954E-001
  0.46592769E-001
  0.46593624E-001
  0.46594518E-001
  0.46595449E-001
  0.46596413E-001
  0.46597409E-001
  0.46598431E-001
  0.46599476E-001
  0.46600540E-001
  0.46601618E-001
  0.46602706E-001
  0.46603798E-001
  0.46604890E-001
  0.46605977E-001
  0.46607054E-001
  0.46608118E-001
  0.46609163E-001
  0.46610187E-001
  0.46611185E-001
  0.46612155E-001
  0.46613094E-001
  0.46614001E-001
  0.46614873E-001
  0.46615708E-001
  0.46616507E-001
  0.46617268E-001
  0.46617991E-001
  0.46618676E-001
  0.46619323E-001
  0.46619932E-001
  0.46620505E-001
  0.46621042E-001
  0.46621544E-001
  0.46622013E-001
  0.46622448E-001
  0.46622853E-001
  0.46623227E-001
  0.46623572E-001
  0.46623891E-001
  0.46624183E-001
  0.46624451E-001
  0.46624695E-001
  0.46624918E-001
  0.46625120E-001
  0.46625303E-001
  0.46625468E-001
  0.46625616E-001
  0.46625749E-001
  0.46625867E-001
  0.46625972E-001
  0.46626065E-001
  0.46626146E-001
  0.46626216E-001
  0.46626278E-001
  0.46626330E-001
  0.46626374E-001
  0.46626412E-001
  0.46626443E-001
  0.46626467E-001
  0.46626487E-001
  0.46626502E-001
  0.46626513E-001
  0.46626519E-001
  0.46626523E-001
  0.46626524E-001
  0.46626522E-001
  0.46626519E-001
  0.46626513E-001
  0.46626506E-001
  0.46626498E-001
  0.46626488E-001
  0.46626478E-001
  0.46626468E-001
  0.46626457E-001
  0.46626445E-001
  0.46626434E-001
  0.46626423E-001
  0.46626412E-001
  0.46626401E-001
  0.46626390E-001
  0.46626380E-001
  0.46626370E-001
  0.46626361E-001
  0.46626352E-001
  0.46626344E-001
  0.46626336E-001
  0.46626329E-001
  0.46626323E-001
  0.46626317E-001
  0.46626312E-001
  0.46626308E-001
  0.46626304E-001
  0.46626300E-001
  0.46626297E-001
  0.46626295E-001
  0.46626293E-001
  0.46626292E-001
  0.46626291E-001
  0.46626291E-001
  0.46626291E-001
  0.46626291E-001
  0.46626292E-001
  0.46626293E-001
  0.46626294E-001
  0.46626295E-001
  0.46626297E-001
  0.46626299E-001
  0.46626300E-001
  0.46626302E-001
  0.46626304E-001
  0.46626306E-001
  0.46626308E-001
  0.46626310E-001
  0.46626312E-001
  0.46626314E-001
  0.46626315E-001
  0.46626317E-001
  0.46626318E-001
  0.46626319E-001
  0.46626320E-001
  0.46626321E-001
  0.46626322E-001
  0.46626323E-001
  0.46626323E-001
  0.46626324E-001
  0.46626325E-001
  0.46626327E-001
  0.46626333E-001
