  0.53226726E-005
  0.56837631E-005
  0.58546648E-005
  0.59001209E-005
  0.58736025E-005
  0.58125142E-005
  0.57399691E-005
  0.56686496E-005
  0.56045200E-005
  0.55496363E-005
  0.55040064E-005
  0.54667104E-005
  0.54365064E-005
  0.54121457E-005
  0.53925142E-005
  0.53766779E-005
  0.53638784E-005
  0.53535115E-005
  0.53450995E-005
  0.53382661E-005
  0.53327139E-005
  0.53282070E-005
  0.53245567E-005
  0.53216110E-005
  0.53192465E-005
  0.53173622E-005
  0.53158749E-005
  0.53147155E-005
  0.53138262E-005
  0.53131586E-005
  0.53126719E-005
  0.53123319E-005
  0.53121095E-005
  0.53119804E-005
  0.53119239E-005
  0.53119230E-005
  0.53119633E-005
  0.53120332E-005
  0.53121230E-005
  0.53122251E-005
  0.53123334E-005
  0.53124433E-005
  0.53125513E-005
  0.53126548E-005
  0.53127523E-005
  0.53128427E-005
  0.53129255E-005
  0.53130007E-005
  0.53130687E-005
  0.53131300E-005
  0.53131852E-005
  0.53132352E-005
  0.53132809E-005
  0.53133232E-005
  0.53133630E-005
  0.53134012E-005
  0.53134387E-005
  0.53134762E-005
  0.53135145E-005
  0.53135543E-005
  0.53135961E-005
  0.53136407E-005
  0.53136884E-005
  0.53137396E-005
  0.53137949E-005
  0.53138543E-005
  0.53139183E-005
  0.53139870E-005
  0.53140604E-005
  0.53141388E-005
  0.53142220E-005
  0.53143101E-005
  0.53144031E-005
  0.53145006E-005
  0.53146026E-005
  0.53147088E-005
  0.53148188E-005
  0.53149323E-005
  0.53150489E-005
  0.53151681E-005
  0.53152895E-005
  0.53154124E-005
  0.53155365E-005
  0.53156611E-005
  0.53157856E-005
  0.53159096E-005
  0.53160325E-005
  0.53161538E-005
  0.53162730E-005
  0.53163897E-005
  0.53165036E-005
  0.53166143E-005
  0.53167214E-005
  0.53168248E-005
  0.53169242E-005
  0.53170196E-005
  0.53171107E-005
  0.53171974E-005
  0.53172799E-005
  0.53173580E-005
  0.53174318E-005
  0.53175014E-005
  0.53175667E-005
  0.53176279E-005
  0.53176852E-005
  0.53177386E-005
  0.53177883E-005
  0.53178344E-005
  0.53178771E-005
  0.53179165E-005
  0.53179528E-005
  0.53179862E-005
  0.53180167E-005
  0.53180446E-005
  0.53180700E-005
  0.53180930E-005
  0.53181139E-005
  0.53181327E-005
  0.53181496E-005
  0.53181648E-005
  0.53181783E-005
  0.53181902E-005
  0.53182008E-005
  0.53182100E-005
  0.53182181E-005
  0.53182251E-005
  0.53182311E-005
  0.53182361E-005
  0.53182404E-005
  0.53182439E-005
  0.53182467E-005
  0.53182490E-005
  0.53182507E-005
  0.53182519E-005
  0.53182527E-005
  0.53182531E-005
  0.53182532E-005
  0.53182530E-005
  0.53182526E-005
  0.53182520E-005
  0.53182511E-005
  0.53182502E-005
  0.53182491E-005
  0.53182480E-005
  0.53182468E-005
  0.53182455E-005
  0.53182442E-005
  0.53182429E-005
  0.53182417E-005
  0.53182404E-005
  0.53182391E-005
  0.53182379E-005
  0.53182368E-005
  0.53182356E-005
  0.53182346E-005
  0.53182336E-005
  0.53182326E-005
  0.53182318E-005
  0.53182310E-005
  0.53182303E-005
  0.53182296E-005
  0.53182290E-005
  0.53182285E-005
  0.53182281E-005
  0.53182277E-005
  0.53182274E-005
  0.53182271E-005
  0.53182269E-005
  0.53182268E-005
  0.53182267E-005
  0.53182266E-005
  0.53182266E-005
  0.53182266E-005
  0.53182267E-005
  0.53182268E-005
  0.53182270E-005
  0.53182271E-005
  0.53182273E-005
  0.53182275E-005
  0.53182277E-005
  0.53182279E-005
  0.53182281E-005
  0.53182284E-005
  0.53182286E-005
  0.53182288E-005
  0.53182290E-005
  0.53182292E-005
  0.53182294E-005
  0.53182296E-005
  0.53182297E-005
  0.53182299E-005
  0.53182300E-005
  0.53182301E-005
  0.53182302E-005
  0.53182302E-005
  0.53182303E-005
  0.53182303E-005
  0.53182305E-005
  0.53182308E-005
  0.53182314E-005
