  0.26138386E+000
  0.27027650E+000
  0.27195464E+000
  0.27162915E+000
  0.27060731E+000
  0.26936937E+000
  0.26815028E+000
  0.26703943E+000
  0.26606112E+000
  0.26521440E+000
  0.26448558E+000
  0.26388829E+000
  0.26343382E+000
  0.26308203E+000
  0.26280606E+000
  0.26258715E+000
  0.26241183E+000
  0.26227031E+000
  0.26215536E+000
  0.26206155E+000
  0.26198472E+000
  0.26192164E+000
  0.26186977E+000
  0.26182708E+000
  0.26179191E+000
  0.26176293E+000
  0.26173901E+000
  0.26170046E+000
  0.26164741E+000
  0.26158797E+000
  0.26152784E+000
  0.26147088E+000
  0.26141956E+000
  0.26137527E+000
  0.26133864E+000
  0.26130970E+000
  0.26128814E+000
  0.26127336E+000
  0.26126463E+000
  0.26126117E+000
  0.26126218E+000
  0.26126688E+000
  0.26127459E+000
  0.26128467E+000
  0.26129660E+000
  0.26130991E+000
  0.26132425E+000
  0.26133932E+000
  0.26135490E+000
  0.26137080E+000
  0.26138691E+000
  0.26140314E+000
  0.26141942E+000
  0.26143573E+000
  0.26145203E+000
  0.26146833E+000
  0.26148461E+000
  0.26149242E+000
  0.26149418E+000
  0.26149276E+000
  0.26148975E+000
  0.26148600E+000
  0.26148200E+000
  0.26147798E+000
  0.26147409E+000
  0.26147038E+000
  0.26146688E+000
  0.26146360E+000
  0.26146055E+000
  0.26145771E+000
  0.26145508E+000
  0.26145265E+000
  0.26145041E+000
  0.26144834E+000
  0.26144643E+000
  0.26144467E+000
  0.26144304E+000
  0.26144152E+000
  0.26144011E+000
  0.26143879E+000
  0.26143754E+000
  0.26143636E+000
  0.26143523E+000
  0.26143414E+000
  0.26143308E+000
  0.26143204E+000
  0.26143102E+000
  0.26143001E+000
  0.26142900E+000
  0.26142798E+000
  0.26142696E+000
  0.26142593E+000
  0.26142490E+000
  0.26142385E+000
  0.26142278E+000
  0.26142171E+000
  0.26142063E+000
  0.26141954E+000
  0.26141845E+000
  0.26141735E+000
  0.26141624E+000
  0.26141515E+000
  0.26141405E+000
  0.26141296E+000
  0.26141188E+000
  0.26141082E+000
  0.26140976E+000
  0.26140873E+000
  0.26140771E+000
  0.26140672E+000
  0.26140575E+000
  0.26140480E+000
  0.26140388E+000
  0.26140298E+000
  0.26140211E+000
  0.26140128E+000
  0.26140047E+000
  0.26139969E+000
  0.26139894E+000
  0.26139822E+000
  0.26139753E+000
  0.26139687E+000
  0.26139623E+000
  0.26139563E+000
  0.26139505E+000
  0.26139450E+000
  0.26139398E+000
  0.26139348E+000
  0.26139300E+000
  0.26139255E+000
  0.26139212E+000
  0.26139171E+000
  0.26139132E+000
  0.26139095E+000
  0.26139059E+000
  0.26139026E+000
  0.26138994E+000
  0.26138963E+000
  0.26138934E+000
  0.26138907E+000
  0.26138880E+000
  0.26138855E+000
  0.26138831E+000
  0.26138808E+000
  0.26138787E+000
  0.26138766E+000
  0.26138746E+000
  0.26138727E+000
  0.26138708E+000
  0.26138691E+000
  0.26138674E+000
  0.26138658E+000
  0.26138643E+000
  0.26138629E+000
  0.26138615E+000
  0.26138601E+000
  0.26138589E+000
  0.26138577E+000
  0.26138565E+000
  0.26138554E+000
  0.26138544E+000
  0.26138534E+000
  0.26138524E+000
  0.26138515E+000
  0.26138507E+000
  0.26138498E+000
  0.26138491E+000
  0.26138484E+000
  0.26138477E+000
  0.26138470E+000
  0.26138464E+000
  0.26138458E+000
  0.26138453E+000
  0.26138448E+000
  0.26138443E+000
  0.26138439E+000
  0.26138435E+000
  0.26138431E+000
  0.26138427E+000
  0.26138424E+000
  0.26138421E+000
  0.26138418E+000
  0.26138415E+000
  0.26138412E+000
  0.26138410E+000
  0.26138408E+000
  0.26138406E+000
  0.26138404E+000
  0.26138403E+000
  0.26138401E+000
  0.26138400E+000
  0.26138399E+000
  0.26138397E+000
  0.26138397E+000
  0.26138396E+000
  0.26138395E+000
  0.26138394E+000
  0.26138394E+000
  0.26138394E+000
  0.26138395E+000
