  0.44703115E+000
  0.44889979E+000
  0.45049746E+000
  0.45185707E+000
  0.45301215E+000
  0.45399259E+000
  0.45482564E+000
  0.45553365E+000
  0.45613513E+000
  0.45664545E+000
  0.45707901E+000
  0.45744924E+000
  0.45776179E+000
  0.45802817E+000
  0.45825674E+000
  0.45844993E+000
  0.45861219E+000
  0.45875499E+000
  0.45887439E+000
  0.45897516E+000
  0.45906047E+000
  0.45913330E+000
  0.45919222E+000
  0.45924424E+000
  0.45928644E+000
  0.45932373E+000
  0.45935481E+000
  0.45937953E+000
  0.45940031E+000
  0.45941847E+000
  0.45943267E+000
  0.45944398E+000
  0.45945407E+000
  0.45946292E+000
  0.45946949E+000
  0.45947555E+000
  0.45948008E+000
  0.45948420E+000
  0.45948756E+000
  0.45949068E+000
  0.45949358E+000
  0.45949613E+000
  0.45949868E+000
  0.45950121E+000
  0.45950330E+000
  0.45950543E+000
  0.45950748E+000
  0.45950962E+000
  0.45951188E+000
  0.45951384E+000
  0.45951576E+000
  0.45951753E+000
  0.45951978E+000
  0.45952194E+000
  0.45952424E+000
  0.45952635E+000
  0.45952877E+000
  0.45953110E+000
  0.45953326E+000
  0.45953548E+000
  0.45953795E+000
  0.45954015E+000
  0.45954248E+000
  0.45954431E+000
  0.45954672E+000
  0.45954910E+000
  0.45955136E+000
  0.45955363E+000
  0.45955588E+000
  0.45955797E+000
  0.45956041E+000
  0.45956273E+000
  0.45956457E+000
  0.45956646E+000
  0.45956842E+000
  0.45957044E+000
  0.45957245E+000
  0.45957431E+000
  0.45957613E+000
  0.45957793E+000
  0.45957992E+000
  0.45958157E+000
  0.45958322E+000
  0.45958507E+000
  0.45958671E+000
  0.45958825E+000
  0.45958989E+000
  0.45959078E+000
  0.45959238E+000
  0.45959397E+000
  0.45959559E+000
  0.45959694E+000
  0.45959860E+000
  0.45960019E+000
  0.45960175E+000
  0.45960346E+000
  0.45960515E+000
  0.45960679E+000
  0.45960843E+000
  0.45961015E+000
  0.45961177E+000
  0.45961347E+000
  0.45961520E+000
  0.45961697E+000
  0.45961876E+000
  0.45962062E+000
  0.45962246E+000
  0.45962433E+000
  0.45962631E+000
  0.45962813E+000
  0.45963011E+000
  0.45963214E+000
  0.45963421E+000
  0.45963633E+000
  0.45963838E+000
  0.45964057E+000
  0.45964279E+000
  0.45964506E+000
  0.45964737E+000
  0.45964970E+000
  0.45965198E+000
  0.45965440E+000
  0.45965683E+000
  0.45965932E+000
  0.45966184E+000
  0.45966443E+000
  0.45966702E+000
  0.45966965E+000
  0.45967232E+000
  0.45967502E+000
  0.45967775E+000
  0.45968052E+000
  0.45968331E+000
  0.45968614E+000
  0.45968898E+000
  0.45969185E+000
  0.45969475E+000
  0.45969766E+000
  0.45970060E+000
  0.45970355E+000
  0.45970652E+000
  0.45970950E+000
  0.45971249E+000
  0.45971550E+000
  0.45971851E+000
  0.45972153E+000
  0.45972455E+000
  0.45972757E+000
  0.45973058E+000
  0.45973360E+000
  0.45973661E+000
  0.45973961E+000
  0.45974259E+000
  0.45974558E+000
  0.45974855E+000
  0.45975151E+000
  0.45975445E+000
  0.45975738E+000
  0.45976028E+000
  0.45976315E+000
  0.45976600E+000
  0.45976883E+000
  0.45977162E+000
  0.45977439E+000
  0.45977712E+000
  0.45977982E+000
  0.45978248E+000
  0.45978511E+000
  0.45978769E+000
  0.45979024E+000
  0.45979275E+000
  0.45979522E+000
  0.45979765E+000
  0.45980003E+000
  0.45980236E+000
  0.45980466E+000
  0.45980690E+000
  0.45980911E+000
  0.45981126E+000
  0.45981337E+000
  0.45981543E+000
  0.45981744E+000
  0.45981940E+000
  0.45982132E+000
  0.45982319E+000
  0.45982501E+000
  0.45982678E+000
  0.45982850E+000
  0.45983018E+000
  0.45983181E+000
  0.45983339E+000
  0.45983493E+000
  0.45983642E+000
  0.45983786E+000
  0.45983926E+000
  0.45984062E+000
  0.45984193E+000
  0.45984320E+000
  0.45984441E+000
  0.45984557E+000
