  0.81429030E+000
  0.81427865E+000
  0.81426868E+000
  0.81426019E+000
  0.81425298E+000
  0.81424689E+000
  0.81424177E+000
  0.81423752E+000
  0.81423402E+000
  0.81423115E+000
  0.81422882E+000
  0.81422694E+000
  0.81422546E+000
  0.81422431E+000
  0.81422344E+000
  0.81422280E+000
  0.81422237E+000
  0.81422211E+000
  0.81422200E+000
  0.81422201E+000
  0.81422212E+000
  0.81422232E+000
  0.81422260E+000
  0.81422294E+000
  0.81422333E+000
  0.81422377E+000
  0.81422424E+000
  0.81422474E+000
  0.81422527E+000
  0.81422581E+000
  0.81422637E+000
  0.81422695E+000
  0.81422753E+000
  0.81422811E+000
  0.81422870E+000
  0.81422930E+000
  0.81422988E+000
  0.81423047E+000
  0.81423105E+000
  0.81423163E+000
  0.81423220E+000
  0.81423276E+000
  0.81423330E+000
  0.81423384E+000
  0.81423437E+000
  0.81423487E+000
  0.81423537E+000
  0.81423584E+000
  0.81423630E+000
  0.81423674E+000
  0.81423715E+000
  0.81423754E+000
  0.81423791E+000
  0.81423825E+000
  0.81423856E+000
  0.81423885E+000
  0.81423910E+000
  0.81423932E+000
  0.81423951E+000
  0.81423966E+000
  0.81423977E+000
  0.81423985E+000
  0.81423989E+000
  0.81423989E+000
  0.81423985E+000
  0.81423977E+000
  0.81423965E+000
  0.81423948E+000
  0.81423928E+000
  0.81423903E+000
  0.81423873E+000
  0.81423840E+000
  0.81423802E+000
  0.81423761E+000
  0.81423715E+000
  0.81423665E+000
  0.81423612E+000
  0.81423555E+000
  0.81423494E+000
  0.81423430E+000
  0.81423363E+000
  0.81423293E+000
  0.81423221E+000
  0.81423145E+000
  0.81423068E+000
  0.81422989E+000
  0.81422907E+000
  0.81422824E+000
  0.81422740E+000
  0.81422655E+000
  0.81422569E+000
  0.81422483E+000
  0.81422396E+000
  0.81422310E+000
  0.81422223E+000
  0.81422137E+000
  0.81422051E+000
  0.81421967E+000
  0.81421883E+000
  0.81421801E+000
  0.81421720E+000
  0.81421641E+000
  0.81421564E+000
  0.81421489E+000
  0.81421415E+000
  0.81421345E+000
  0.81421277E+000
  0.81421211E+000
  0.81421148E+000
  0.81421089E+000
  0.81421032E+000
  0.81420979E+000
  0.81420928E+000
  0.81420882E+000
  0.81420839E+000
  0.81420799E+000
  0.81420763E+000
  0.81420731E+000
  0.81420703E+000
  0.81420679E+000
  0.81420659E+000
  0.81420643E+000
  0.81420631E+000
  0.81420623E+000
  0.81420619E+000
  0.81420620E+000
  0.81420624E+000
  0.81420633E+000
  0.81420646E+000
  0.81420664E+000
  0.81420685E+000
  0.81420710E+000
  0.81420740E+000
  0.81420774E+000
  0.81420811E+000
  0.81420853E+000
  0.81420898E+000
  0.81420947E+000
  0.81420999E+000
  0.81421056E+000
  0.81421115E+000
  0.81421178E+000
  0.81421244E+000
  0.81421314E+000
  0.81421386E+000
  0.81421461E+000
  0.81421538E+000
  0.81421619E+000
  0.81421701E+000
  0.81421786E+000
  0.81421874E+000
  0.81421963E+000
  0.81422054E+000
  0.81422146E+000
  0.81422240E+000
  0.81422336E+000
  0.81422432E+000
  0.81422530E+000
  0.81422629E+000
  0.81422728E+000
  0.81422829E+000
  0.81422929E+000
  0.81423030E+000
  0.81423131E+000
  0.81423233E+000
  0.81423334E+000
  0.81423435E+000
  0.81423536E+000
  0.81423636E+000
  0.81423736E+000
  0.81423835E+000
  0.81423934E+000
  0.81424031E+000
  0.81424128E+000
  0.81424224E+000
  0.81424318E+000
  0.81424412E+000
  0.81424504E+000
  0.81424595E+000
  0.81424685E+000
  0.81424773E+000
  0.81424859E+000
  0.81424944E+000
  0.81425028E+000
  0.81425110E+000
  0.81425190E+000
  0.81425268E+000
  0.81425345E+000
  0.81425420E+000
  0.81425493E+000
  0.81425565E+000
  0.81425634E+000
  0.81425702E+000
  0.81425768E+000
  0.81425833E+000
  0.81425895E+000
  0.81425956E+000
  0.81426015E+000
  0.81426072E+000
  0.81426127E+000
