  0.86193873E+000
  0.86223892E+000
  0.86245746E+000
  0.86262011E+000
  0.86274127E+000
  0.86283055E+000
  0.86289491E+000
  0.86293952E+000
  0.86296833E+000
  0.86298447E+000
  0.86299042E+000
  0.86298797E+000
  0.86297853E+000
  0.86296369E+000
  0.86294468E+000
  0.86292245E+000
  0.86289774E+000
  0.86287115E+000
  0.86284316E+000
  0.86281416E+000
  0.86278445E+000
  0.86275430E+000
  0.86272390E+000
  0.86269343E+000
  0.86266304E+000
  0.86263282E+000
  0.86260289E+000
  0.86257331E+000
  0.86254415E+000
  0.86251545E+000
  0.86248726E+000
  0.86245961E+000
  0.86243254E+000
  0.86240607E+000
  0.86238023E+000
  0.86235502E+000
  0.86233047E+000
  0.86230658E+000
  0.86228337E+000
  0.86226083E+000
  0.86223897E+000
  0.86221780E+000
  0.86219731E+000
  0.86217750E+000
  0.86215839E+000
  0.86213995E+000
  0.86212221E+000
  0.86210514E+000
  0.86208876E+000
  0.86207306E+000
  0.86205803E+000
  0.86204368E+000
  0.86202999E+000
  0.86201697E+000
  0.86200461E+000
  0.86199290E+000
  0.86198183E+000
  0.86197140E+000
  0.86196159E+000
  0.86195238E+000
  0.86194377E+000
  0.86193575E+000
  0.86192830E+000
  0.86192142E+000
  0.86191507E+000
  0.86190927E+000
  0.86190398E+000
  0.86189920E+000
  0.86189492E+000
  0.86189111E+000
  0.86188778E+000
  0.86188491E+000
  0.86188249E+000
  0.86188051E+000
  0.86187895E+000
  0.86187780E+000
  0.86187704E+000
  0.86187667E+000
  0.86187665E+000
  0.86187698E+000
  0.86187762E+000
  0.86187856E+000
  0.86187976E+000
  0.86188121E+000
  0.86188288E+000
  0.86188472E+000
  0.86188673E+000
  0.86188886E+000
  0.86189108E+000
  0.86189338E+000
  0.86189573E+000
  0.86189810E+000
  0.86190046E+000
  0.86190281E+000
  0.86190512E+000
  0.86190739E+000
  0.86190958E+000
  0.86191171E+000
  0.86191375E+000
  0.86191570E+000
  0.86191757E+000
  0.86191934E+000
  0.86192101E+000
  0.86192259E+000
  0.86192407E+000
  0.86192546E+000
  0.86192676E+000
  0.86192798E+000
  0.86192911E+000
  0.86193016E+000
  0.86193114E+000
  0.86193205E+000
  0.86193289E+000
  0.86193367E+000
  0.86193439E+000
  0.86193505E+000
  0.86193567E+000
  0.86193624E+000
  0.86193676E+000
  0.86193725E+000
  0.86193769E+000
  0.86193810E+000
  0.86193848E+000
  0.86193883E+000
  0.86193915E+000
  0.86193945E+000
  0.86193972E+000
  0.86193997E+000
  0.86194020E+000
  0.86194041E+000
  0.86194061E+000
  0.86194078E+000
  0.86194095E+000
  0.86194109E+000
  0.86194123E+000
  0.86194135E+000
  0.86194147E+000
  0.86194157E+000
  0.86194166E+000
  0.86194174E+000
  0.86194181E+000
  0.86194188E+000
  0.86194193E+000
  0.86194198E+000
  0.86194203E+000
  0.86194206E+000
  0.86194209E+000
  0.86194211E+000
  0.86194213E+000
  0.86194214E+000
  0.86194215E+000
  0.86194215E+000
  0.86194215E+000
  0.86194215E+000
  0.86194214E+000
  0.86194212E+000
  0.86194210E+000
  0.86194208E+000
  0.86194206E+000
  0.86194203E+000
  0.86194200E+000
  0.86194197E+000
  0.86194193E+000
  0.86194189E+000
  0.86194185E+000
  0.86194181E+000
  0.86194176E+000
  0.86194172E+000
  0.86194167E+000
  0.86194162E+000
  0.86194157E+000
  0.86194152E+000
  0.86194147E+000
  0.86194141E+000
  0.86194136E+000
  0.86194131E+000
  0.86194125E+000
  0.86194120E+000
  0.86194114E+000
  0.86194108E+000
  0.86194103E+000
  0.86194097E+000
  0.86194092E+000
  0.86194086E+000
  0.86194080E+000
  0.86194075E+000
  0.86194069E+000
  0.86194064E+000
  0.86194058E+000
  0.86194053E+000
  0.86194048E+000
  0.86194042E+000
  0.86194037E+000
  0.86194032E+000
  0.86194027E+000
  0.86194022E+000
  0.86194017E+000
  0.86194013E+000
  0.86194009E+000
  0.86194005E+000
