  0.15563553E+000  0.20218169E+000  0.38879247E+000  0.58831866E+000  0.91326042E+000  0.10518445E+001  0.15507635E+001  0.32818269E+001  0.49905525E+001  0.79962149E+001  0.12489296E+002
  0.15574861E+000  0.20204587E+000  0.39029339E+000  0.58997136E+000  0.91329216E+000  0.10520955E+001  0.15515584E+001  0.33219332E+001  0.49923467E+001  0.81028606E+001  0.12684568E+002
  0.15607709E+000  0.20247040E+000  0.39237374E+000  0.59132498E+000  0.91324491E+000  0.10521747E+001  0.15548423E+001  0.33562913E+001  0.49942745E+001  0.82133257E+001  0.12852319E+002
  0.15650119E+000  0.20265834E+000  0.39332509E+000  0.59391583E+000  0.91326199E+000  0.10522954E+001  0.15555657E+001  0.33856071E+001  0.49966430E+001  0.82942190E+001  0.12995947E+002
  0.15671414E+000  0.20340041E+000  0.39564619E+000  0.59448765E+000  0.91327139E+000  0.10523314E+001  0.15561701E+001  0.34107834E+001  0.49980892E+001  0.83142485E+001  0.13118717E+002
  0.15692826E+000  0.20352034E+000  0.39625152E+000  0.59494983E+000  0.91329424E+000  0.10523822E+001  0.15567522E+001  0.34284522E+001  0.49995342E+001  0.83293891E+001  0.13223280E+002
  0.15729726E+000  0.20383192E+000  0.39772830E+000  0.59579424E+000  0.91330582E+000  0.10524996E+001  0.15571976E+001  0.34335800E+001  0.50004184E+001  0.83695176E+001  0.13312553E+002
  0.15743454E+000  0.20406906E+000  0.39793588E+000  0.59625749E+000  0.91353912E+000  0.10525139E+001  0.15583296E+001  0.34441813E+001  0.50011176E+001  0.84053029E+001  0.13388596E+002
  0.15746704E+000  0.20460599E+000  0.39806973E+000  0.59680578E+000  0.91352470E+000  0.10525903E+001  0.15582409E+001  0.34471508E+001  0.50018090E+001  0.84396479E+001  0.13453347E+002
  0.15748807E+000  0.20474441E+000  0.39829673E+000  0.59738042E+000  0.91342224E+000  0.10526386E+001  0.15585165E+001  0.34527255E+001  0.50023813E+001  0.84686848E+001  0.13508467E+002
  0.15772163E+000  0.20478873E+000  0.39839523E+000  0.59823727E+000  0.91355892E+000  0.10526551E+001  0.15600608E+001  0.34590635E+001  0.50032826E+001  0.84936037E+001  0.13555385E+002
  0.15777332E+000  0.20473367E+000  0.39855006E+000  0.59852671E+000  0.91343005E+000  0.10526637E+001  0.15604078E+001  0.34593683E+001  0.50046241E+001  0.85148793E+001  0.13595301E+002
  0.15775726E+000  0.20479592E+000  0.39862509E+000  0.59870157E+000  0.91354048E+000  0.10526676E+001  0.15608400E+001  0.34595088E+001  0.50059690E+001  0.85318219E+001  0.13629266E+002
  0.15774303E+000  0.20484194E+000  0.39870457E+000  0.59897619E+000  0.91355922E+000  0.10526713E+001  0.15609352E+001  0.34595376E+001  0.50153004E+001  0.85444054E+001  0.13658196E+002
  0.15772839E+000  0.20485080E+000  0.39880080E+000  0.59937797E+000  0.91355724E+000  0.10527537E+001  0.15611781E+001  0.34592444E+001  0.50214351E+001  0.85612524E+001  0.13682705E+002
  0.15771241E+000  0.20486563E+000  0.39887657E+000  0.59936562E+000  0.91351399E+000  0.10527526E+001  0.15612499E+001  0.34591423E+001  0.50258532E+001  0.85709950E+001  0.13703562E+002
  0.15769878E+000  0.20487832E+000  0.39891679E+000  0.59977323E+000  0.91353070E+000  0.10527502E+001  0.15612043E+001  0.34591696E+001  0.50272558E+001  0.85806784E+001  0.13721265E+002
  0.15768721E+000  0.20488574E+000  0.39896695E+000  0.60012013E+000  0.91348216E+000  0.10527566E+001  0.15612509E+001  0.34591125E+001  0.50279011E+001  0.85888405E+001  0.13736327E+002
  0.15767733E+000  0.20489319E+000  0.39900765E+000  0.60028790E+000  0.91355733E+000  0.10527850E+001  0.15614042E+001  0.34590668E+001  0.50280086E+001  0.85957964E+001  0.13748973E+002
  0.15766462E+000  0.20490241E+000  0.39903893E+000  0.60065302E+000  0.91357104E+000  0.10528041E+001  0.15617759E+001  0.34591201E+001  0.50281233E+001  0.86018373E+001  0.13759705E+002
  0.15765290E+000  0.20491926E+000  0.39906590E+000  0.60084286E+000  0.91355487E+000  0.10527273E+001  0.15617896E+001  0.34591075E+001  0.50282195E+001  0.86066787E+001  0.13768754E+002
  0.15765413E+000  0.20493928E+000  0.39908339E+000  0.60084589E+000  0.91356781E+000  0.10527379E+001  0.15618318E+001  0.34593065E+001  0.50283002E+001  0.86108729E+001  0.13776363E+002
  0.15760886E+000  0.20493333E+000  0.39910556E+000  0.60102410E+000  0.91353945E+000  0.10527565E+001  0.15620770E+001  0.34591508E+001  0.50283682E+001  0.86140884E+001  0.13782739E+002
  0.15764453E+000  0.20494561E+000  0.39911503E+000  0.60099704E+000  0.91355180E+000  0.10528217E+001  0.15625085E+001  0.34595770E+001  0.50285155E+001  0.86162264E+001  0.13788063E+002
  0.15761602E+000  0.20494937E+000  0.39913133E+000  0.60108283E+000  0.91356490E+000  0.10528222E+001  0.15626322E+001  0.34598722E+001  0.50285683E+001  0.86183630E+001  0.13792503E+002
  0.15763153E+000  0.20495783E+000  0.39914310E+000  0.60109879E+000  0.91352702E+000  0.10528227E+001  0.15626321E+001  0.34601897E+001  0.50286495E+001  0.86213606E+001  0.13796149E+002
  0.15760035E+000  0.20494077E+000  0.39914803E+000  0.60113512E+000  0.91355373E+000  0.10528231E+001  0.15627548E+001  0.34604845E+001  0.50287173E+001  0.86221751E+001  0.13799159E+002
  0.15760617E+000  0.20494396E+000  0.39915624E+000  0.60111922E+000  0.91353198E+000  0.10528318E+001  0.15626078E+001  0.34606824E+001  0.50287509E+001  0.86234303E+001  0.13801616E+002
  0.15762257E+000  0.20495652E+000  0.39914780E+000  0.60099682E+000  0.91353360E+000  0.10528267E+001  0.15625959E+001  0.34607963E+001  0.50287038E+001  0.86245417E+001  0.13803605E+002
  0.15759930E+000  0.20494143E+000  0.39915640E+000  0.60105082E+000  0.91353479E+000  0.10528237E+001  0.15625829E+001  0.34607513E+001  0.50287253E+001  0.86254328E+001  0.13805200E+002
  0.15759896E+000  0.20494162E+000  0.39916356E+000  0.60110044E+000  0.91355899E+000  0.10528239E+001  0.15625690E+001  0.34607577E+001  0.50287436E+001  0.86261390E+001  0.13806463E+002
  0.15759863E+000  0.20494171E+000  0.39916917E+000  0.60113979E+000  0.91355445E+000  0.10528257E+001  0.15625546E+001  0.34607628E+001  0.50287592E+001  0.86266906E+001  0.13807450E+002
  0.15759831E+000  0.20494172E+000  0.39917390E+000  0.60117045E+000  0.91354457E+000  0.10528272E+001  0.15625404E+001  0.34607669E+001  0.50287727E+001  0.86271138E+001  0.13808207E+002
  0.15759800E+000  0.20494167E+000  0.39917668E+000  0.60116180E+000  0.91356024E+000  0.10528282E+001  0.15622982E+001  0.34607701E+001  0.50287843E+001  0.86274310E+001  0.13808775E+002
  0.15759770E+000  0.20494157E+000  0.39916818E+000  0.60117537E+000  0.91357173E+000  0.10528286E+001  0.15625182E+001  0.34607727E+001  0.50287945E+001  0.86276612E+001  0.13809186E+002
  0.15759741E+000  0.20494142E+000  0.39916901E+000  0.60107158E+000  0.91354869E+000  0.10528287E+001  0.15625115E+001  0.34607747E+001  0.50288036E+001  0.86278207E+001  0.13809471E+002
  0.15759713E+000  0.20494125E+000  0.39916936E+000  0.60107488E+000  0.91355279E+000  0.10528284E+001  0.15625051E+001  0.34607764E+001  0.50288118E+001  0.86279233E+001  0.13809654E+002
  0.15759685E+000  0.20494105E+000  0.39916931E+000  0.60107604E+000  0.91355503E+000  0.10528279E+001  0.15624982E+001  0.34607778E+001  0.50288192E+001  0.86279804E+001  0.13809756E+002
  0.15759657E+000  0.20494084E+000  0.39916895E+000  0.60107547E+000  0.91355580E+000  0.10528272E+001  0.15624905E+001  0.34607790E+001  0.50288262E+001  0.86280018E+001  0.13809793E+002
  0.15759630E+000  0.20494062E+000  0.39916835E+000  0.60107354E+000  0.91355539E+000  0.10528263E+001  0.15624815E+001  0.34607802E+001  0.50288327E+001  0.86279952E+001  0.13809781E+002
  0.15759603E+000  0.20494040E+000  0.39916755E+000  0.60107052E+000  0.91355408E+000  0.10528254E+001  0.15624714E+001  0.34607813E+001  0.50288390E+001  0.86279673E+001  0.13809730E+002
  0.15759576E+000  0.20494018E+000  0.39916661E+000  0.60106669E+000  0.91355206E+000  0.10528243E+001  0.15624602E+001  0.34607824E+001  0.50288451E+001  0.86279233E+001  0.13809650E+002
  0.15759550E+000  0.20493995E+000  0.39916555E+000  0.60106223E+000  0.91354952E+000  0.10528241E+001  0.15624481E+001  0.34607836E+001  0.50288511E+001  0.86278674E+001  0.13809549E+002
  0.15759524E+000  0.20493973E+000  0.39916442E+000  0.60105732E+000  0.91354660E+000  0.10528240E+001  0.15624351E+001  0.34607849E+001  0.50288578E+001  0.86278030E+001  0.13809433E+002
  0.15759498E+000  0.20493952E+000  0.39916324E+000  0.60105209E+000  0.91354339E+000  0.10528240E+001  0.15624214E+001  0.34607864E+001  0.50288844E+001  0.86277327E+001  0.13809306E+002
  0.15759472E+000  0.20493931E+000  0.39916203E+000  0.60112306E+000  0.91357096E+000  0.10528240E+001  0.15623234E+001  0.34607880E+001  0.50289107E+001  0.86276587E+001  0.13809173E+002
  0.15759446E+000  0.20493911E+000  0.39916079E+000  0.60111385E+000  0.91356682E+000  0.10528240E+001  0.15623136E+001  0.34607898E+001  0.50289365E+001  0.86275825E+001  0.13809035E+002
  0.15759421E+000  0.20493892E+000  0.39915956E+000  0.60110479E+000  0.91356257E+000  0.10528239E+001  0.15623036E+001  0.34607917E+001  0.50289618E+001  0.86275052E+001  0.13808895E+002
  0.15759395E+000  0.20493873E+000  0.39917076E+000  0.60109597E+000  0.91355829E+000  0.10528239E+001  0.15622937E+001  0.34607939E+001  0.50289867E+001  0.86274277E+001  0.13808755E+002
  0.15759371E+000  0.20493856E+000  0.39916938E+000  0.60108741E+000  0.91355400E+000  0.10528239E+001  0.15622838E+001  0.34607964E+001  0.50290112E+001  0.86273505E+001  0.13808615E+002
  0.15759346E+000  0.20493840E+000  0.39916897E+000  0.60107918E+000  0.91354974E+000  0.10528239E+001  0.15622742E+001  0.34607990E+001  0.50290352E+001  0.86272743E+001  0.13808477E+002
  0.15759321E+000  0.20493824E+000  0.39916751E+000  0.60107129E+000  0.91354552E+000  0.10528239E+001  0.15622698E+001  0.34608019E+001  0.50290589E+001  0.86271993E+001  0.13808342E+002
  0.15759297E+000  0.20493809E+000  0.39916606E+000  0.60106376E+000  0.91357112E+000  0.10528238E+001  0.15622654E+001  0.34608049E+001  0.50290821E+001  0.86271257E+001  0.13808208E+002
  0.15759274E+000  0.20493796E+000  0.39916464E+000  0.60105662E+000  0.91356735E+000  0.10528238E+001  0.15622612E+001  0.34608083E+001  0.50291050E+001  0.86270537E+001  0.13808077E+002
  0.15759250E+000  0.20493783E+000  0.39916325E+000  0.60104989E+000  0.91356364E+000  0.10528238E+001  0.15622570E+001  0.34608118E+001  0.50291276E+001  0.86269834E+001  0.13807950E+002
  0.15759228E+000  0.20493771E+000  0.39916188E+000  0.60104356E+000  0.91356000E+000  0.10528238E+001  0.15622529E+001  0.34608156E+001  0.50291428E+001  0.86269148E+001  0.13807825E+002
  0.15759205E+000  0.20493761E+000  0.39916054E+000  0.60103763E+000  0.91355644E+000  0.10528238E+001  0.15622489E+001  0.34608197E+001  0.50291555E+001  0.86268480E+001  0.13807703E+002
  0.15759183E+000  0.20493751E+000  0.39915923E+000  0.60103213E+000  0.91355296E+000  0.10528237E+001  0.15622450E+001  0.34608239E+001  0.50291689E+001  0.86267830E+001  0.13807585E+002
  0.15759162E+000  0.20493742E+000  0.39915796E+000  0.60102704E+000  0.91354956E+000  0.10528237E+001  0.15622412E+001  0.34608820E+001  0.50291830E+001  0.86267198E+001  0.13807470E+002
  0.15759141E+000  0.20493735E+000  0.39915672E+000  0.60102236E+000  0.91354624E+000  0.10528237E+001  0.15623030E+001  0.34608733E+001  0.50291978E+001  0.86266584E+001  0.13807357E+002
  0.15759120E+000  0.20493728E+000  0.39915552E+000  0.60101810E+000  0.91354301E+000  0.10528371E+001  0.15623013E+001  0.34608647E+001  0.50292133E+001  0.86265988E+001  0.13807248E+002
  0.15759100E+000  0.20493722E+000  0.39915436E+000  0.60101423E+000  0.91353987E+000  0.10528351E+001  0.15622999E+001  0.34608564E+001  0.50292296E+001  0.86265408E+001  0.13807142E+002
  0.15759080E+000  0.20493717E+000  0.39915331E+000  0.60101075E+000  0.91357166E+000  0.10528331E+001  0.15622989E+001  0.34608482E+001  0.50292466E+001  0.86264847E+001  0.13807039E+002
  0.15759061E+000  0.20493714E+000  0.39915229E+000  0.60100767E+000  0.91356907E+000  0.10528312E+001  0.15622982E+001  0.34608402E+001  0.50292643E+001  0.86264302E+001  0.13806939E+002
  0.15759042E+000  0.20493711E+000  0.39915131E+000  0.60100495E+000  0.91356654E+000  0.10528294E+001  0.15622977E+001  0.34608328E+001  0.50292828E+001  0.86263772E+001  0.13806842E+002
  0.15759023E+000  0.20493709E+000  0.39915035E+000  0.60100258E+000  0.91356408E+000  0.10528275E+001  0.15622975E+001  0.34608330E+001  0.50293021E+001  0.86263258E+001  0.13806747E+002
  0.15759005E+000  0.20493708E+000  0.39914943E+000  0.60100057E+000  0.91356169E+000  0.10528257E+001  0.15622975E+001  0.34608329E+001  0.50293221E+001  0.86262759E+001  0.13806655E+002
  0.15758988E+000  0.20493708E+000  0.39914854E+000  0.60099888E+000  0.91355936E+000  0.10528239E+001  0.15622977E+001  0.34608325E+001  0.50293429E+001  0.86262273E+001  0.13806565E+002
  0.15758970E+000  0.20493709E+000  0.39914768E+000  0.60099749E+000  0.91355709E+000  0.10528236E+001  0.15622982E+001  0.34608318E+001  0.50293646E+001  0.86261800E+001  0.13806477E+002
  0.15758953E+000  0.20493710E+000  0.39914685E+000  0.60099640E+000  0.91355487E+000  0.10528236E+001  0.15622988E+001  0.34608307E+001  0.50293870E+001  0.86261338E+001  0.13806391E+002
  0.15758936E+000  0.20493713E+000  0.39914604E+000  0.60099559E+000  0.91355270E+000  0.10528236E+001  0.15622996E+001  0.34608294E+001  0.50294103E+001  0.86260887E+001  0.13806307E+002
  0.15758919E+000  0.20493716E+000  0.39914526E+000  0.60099503E+000  0.91355057E+000  0.10528236E+001  0.15623006E+001  0.34608276E+001  0.50294344E+001  0.86260444E+001  0.13806225E+002
  0.15758903E+000  0.20493719E+000  0.39914450E+000  0.60099470E+000  0.91354848E+000  0.10528236E+001  0.15623018E+001  0.34608255E+001  0.50294594E+001  0.86260009E+001  0.13806144E+002
  0.15758887E+000  0.20493724E+000  0.39914376E+000  0.60099458E+000  0.91354643E+000  0.10528236E+001  0.15623030E+001  0.34608231E+001  0.50294851E+001  0.86259581E+001  0.13806064E+002
  0.15758871E+000  0.20493729E+000  0.39914304E+000  0.60099467E+000  0.91354440E+000  0.10528236E+001  0.15623044E+001  0.34608202E+001  0.50295118E+001  0.86259159E+001  0.13805984E+002
  0.15758855E+000  0.20493734E+000  0.39914233E+000  0.60099493E+000  0.91354239E+000  0.10528236E+001  0.15623060E+001  0.34608170E+001  0.50295392E+001  0.86258741E+001  0.13805906E+002
  0.15758840E+000  0.20493740E+000  0.39914165E+000  0.60099536E+000  0.91354041E+000  0.10528236E+001  0.15623076E+001  0.34608133E+001  0.50295675E+001  0.86258328E+001  0.13805828E+002
  0.15758824E+000  0.20493747E+000  0.39914098E+000  0.60099593E+000  0.91353845E+000  0.10528236E+001  0.15623093E+001  0.34608058E+001  0.50295967E+001  0.86257917E+001  0.13805751E+002
  0.15758809E+000  0.20493754E+000  0.39914033E+000  0.60099664E+000  0.91353650E+000  0.10528236E+001  0.15623112E+001  0.34607982E+001  0.50296267E+001  0.86257511E+001  0.13805674E+002
  0.15758795E+000  0.20493761E+000  0.39913970E+000  0.60099748E+000  0.91353458E+000  0.10528236E+001  0.15623131E+001  0.34607913E+001  0.50296576E+001  0.86257108E+001  0.13805598E+002
  0.15758780E+000  0.20493769E+000  0.39913908E+000  0.60099843E+000  0.91353267E+000  0.10528236E+001  0.15623151E+001  0.34607851E+001  0.50296894E+001  0.86256709E+001  0.13805522E+002
  0.15758766E+000  0.20493777E+000  0.39913849E+000  0.60099949E+000  0.91353078E+000  0.10528236E+001  0.15623171E+001  0.34607797E+001  0.50301094E+001  0.86256314E+001  0.13805447E+002
  0.15758753E+000  0.20493786E+000  0.39913791E+000  0.60100065E+000  0.91352892E+000  0.10528236E+001  0.15623192E+001  0.34607750E+001  0.50301002E+001  0.86255925E+001  0.13805373E+002
  0.15758740E+000  0.20493795E+000  0.39913735E+000  0.60100190E+000  0.91352709E+000  0.10528236E+001  0.15623214E+001  0.34607711E+001  0.50300929E+001  0.86255541E+001  0.13805300E+002
  0.15758727E+000  0.20493804E+000  0.39913682E+000  0.60100325E+000  0.91352530E+000  0.10528236E+001  0.15623236E+001  0.34607679E+001  0.50300875E+001  0.86255165E+001  0.13805228E+002
  0.15758715E+000  0.20495810E+000  0.39913631E+000  0.60100468E+000  0.91352354E+000  0.10528236E+001  0.15623259E+001  0.34607656E+001  0.50300840E+001  0.86254798E+001  0.13805157E+002
  0.15758703E+000  0.20495761E+000  0.39913582E+000  0.60100620E+000  0.91352297E+000  0.10528236E+001  0.15623282E+001  0.34607641E+001  0.50300824E+001  0.86254439E+001  0.13805088E+002
  0.15758692E+000  0.20495713E+000  0.39913537E+000  0.60100780E+000  0.91352294E+000  0.10528236E+001  0.15623306E+001  0.34607633E+001  0.50300827E+001  0.86254092E+001  0.13805021E+002
  0.15758681E+000  0.20495668E+000  0.39913493E+000  0.60100948E+000  0.91352291E+000  0.10528235E+001  0.15623329E+001  0.34607634E+001  0.50300849E+001  0.86253757E+001  0.13804956E+002
  0.15758671E+000  0.20495625E+000  0.39913453E+000  0.60101124E+000  0.91352288E+000  0.10528235E+001  0.15623354E+001  0.34607642E+001  0.50300890E+001  0.86253435E+001  0.13804893E+002
  0.15758661E+000  0.20495584E+000  0.39913416E+000  0.60101307E+000  0.91352285E+000  0.10528235E+001  0.15623378E+001  0.34607658E+001  0.50300949E+001  0.86253126E+001  0.13804832E+002
  0.15758652E+000  0.20495546E+000  0.39913381E+000  0.60101504E+000  0.91352283E+000  0.10528235E+001  0.15623403E+001  0.34607681E+001  0.50301026E+001  0.86252832E+001  0.13804774E+002
  0.15758644E+000  0.20495510E+000  0.39913349E+000  0.60101595E+000  0.91352281E+000  0.10528344E+001  0.15623428E+001  0.34607711E+001  0.50301806E+001  0.86252553E+001  0.13804719E+002
  0.15758636E+000  0.20495477E+000  0.39913320E+000  0.60101442E+000  0.91352279E+000  0.10528313E+001  0.15623453E+001  0.34607748E+001  0.50302909E+001  0.86252289E+001  0.13804666E+002
  0.15758628E+000  0.20495446E+000  0.39913294E+000  0.60101303E+000  0.91352277E+000  0.10528283E+001  0.15623478E+001  0.34607791E+001  0.50304025E+001  0.86252042E+001  0.13804615E+002
  0.15758622E+000  0.20495418E+000  0.39913271E+000  0.60101176E+000  0.91352276E+000  0.10528255E+001  0.15623503E+001  0.34607840E+001  0.50305156E+001  0.86251810E+001  0.13804568E+002
  0.15758615E+000  0.20495392E+000  0.39913250E+000  0.60101062E+000  0.91352275E+000  0.10528235E+001  0.15623528E+001  0.34607895E+001  0.50306302E+001  0.86251594E+001  0.13804523E+002
  0.15758609E+000  0.20495368E+000  0.39913231E+000  0.60100961E+000  0.91352274E+000  0.10528236E+001  0.15623554E+001  0.34607955E+001  0.50307462E+001  0.86251395E+001  0.13804481E+002
  0.15758604E+000  0.20495346E+000  0.39913216E+000  0.60100870E+000  0.91352274E+000  0.10528236E+001  0.15623579E+001  0.34608020E+001  0.50308637E+001  0.86251210E+001  0.13804441E+002
  0.15758599E+000  0.20495326E+000  0.39913202E+000  0.60100792E+000  0.91352274E+000  0.10528236E+001  0.15623605E+001  0.34608652E+001  0.50309827E+001  0.86251041E+001  0.13804404E+002
  0.15758595E+000  0.20495309E+000  0.39913191E+000  0.60100723E+000  0.91352274E+000  0.10528236E+001  0.15623631E+001  0.34609068E+001  0.50311032E+001  0.86250888E+001  0.13804370E+002
  0.15758591E+000  0.20495293E+000  0.39913182E+000  0.60100665E+000  0.91352274E+000  0.10528236E+001  0.15623656E+001  0.34609278E+001  0.50311450E+001  0.86250748E+001  0.13804337E+002
  0.15758587E+000  0.20495278E+000  0.39913174E+000  0.60100617E+000  0.91352274E+000  0.10528236E+001  0.15623681E+001  0.34609499E+001  0.50311551E+001  0.86250622E+001  0.13804308E+002
  0.15758583E+000  0.20495265E+000  0.39913169E+000  0.60100577E+000  0.91352275E+000  0.10528236E+001  0.15623707E+001  0.34609728E+001  0.50311663E+001  0.86250510E+001  0.13804280E+002
  0.15758580E+000  0.20495254E+000  0.39913165E+000  0.60100546E+000  0.91352275E+000  0.10528236E+001  0.15623732E+001  0.34609964E+001  0.50313563E+001  0.86250411E+001  0.13804254E+002
  0.15761952E+000  0.20495244E+000  0.39913163E+000  0.60100522E+000  0.91352276E+000  0.10528236E+001  0.15623757E+001  0.34610208E+001  0.50313505E+001  0.86250324E+001  0.13804231E+002
  0.15761931E+000  0.20495236E+000  0.39913163E+000  0.60100506E+000  0.91352277E+000  0.10528236E+001  0.15623783E+001  0.34610458E+001  0.50313463E+001  0.86250249E+001  0.13804209E+002
  0.15761913E+000  0.20495228E+000  0.39913163E+000  0.60100496E+000  0.91352278E+000  0.10528236E+001  0.15623808E+001  0.34611049E+001  0.50313437E+001  0.86250185E+001  0.13804190E+002
  0.15761896E+000  0.20495222E+000  0.39913165E+000  0.60100492E+000  0.91352280E+000  0.10528236E+001  0.15623832E+001  0.34612016E+001  0.50313424E+001  0.86250132E+001  0.13804171E+002
  0.15761880E+000  0.20495216E+000  0.39913168E+000  0.60100494E+000  0.91352281E+000  0.10528236E+001  0.15623857E+001  0.34612985E+001  0.50313424E+001  0.86250089E+001  0.13804155E+002
  0.15761866E+000  0.20495212E+000  0.39913173E+000  0.60100501E+000  0.91352282E+000  0.10528236E+001  0.15623882E+001  0.34614497E+001  0.50313436E+001  0.86250056E+001  0.13804140E+002
  0.15761853E+000  0.20495208E+000  0.39913178E+000  0.60100515E+000  0.91352284E+000  0.10528236E+001  0.15623906E+001  0.34615774E+001  0.50313457E+001  0.86250031E+001  0.13804126E+002
  0.15761841E+000  0.20495205E+000  0.39913184E+000  0.60100539E+000  0.91352286E+000  0.10528236E+001  0.15623930E+001  0.34615943E+001  0.50313488E+001  0.86250015E+001  0.13804114E+002
  0.15761831E+000  0.20495202E+000  0.39913190E+000  0.60100566E+000  0.91352287E+000  0.10528236E+001  0.15623954E+001  0.34616113E+001  0.50313526E+001  0.86250007E+001  0.13804103E+002
  0.15761821E+000  0.20495201E+000  0.39913198E+000  0.60100595E+000  0.91352289E+000  0.10528236E+001  0.15623977E+001  0.34617845E+001  0.50313572E+001  0.86250006E+001  0.13804093E+002
  0.15761813E+000  0.20495199E+000  0.39913206E+000  0.60100627E+000  0.91352291E+000  0.10528236E+001  0.15624001E+001  0.34620814E+001  0.50313967E+001  0.86250013E+001  0.13804084E+002
  0.15761805E+000  0.20495199E+000  0.39913214E+000  0.60100661E+000  0.91352293E+000  0.10528236E+001  0.15624024E+001  0.34623400E+001  0.50314107E+001  0.86250026E+001  0.13804076E+002
  0.15761798E+000  0.20495198E+000  0.39913223E+000  0.60100697E+000  0.91352295E+000  0.10528236E+001  0.15624047E+001  0.34626026E+001  0.50314252E+001  0.86250045E+001  0.13804069E+002
  0.15761792E+000  0.20495198E+000  0.39913232E+000  0.60100734E+000  0.91352297E+000  0.10528236E+001  0.15624069E+001  0.34626118E+001  0.50314402E+001  0.86250071E+001  0.13804062E+002
  0.15761787E+000  0.20495198E+000  0.39913242E+000  0.60100773E+000  0.91352299E+000  0.10528236E+001  0.15624091E+001  0.34626210E+001  0.50314555E+001  0.86250101E+001  0.13804057E+002
  0.15761782E+000  0.20495199E+000  0.39913252E+000  0.60100813E+000  0.91352301E+000  0.10528236E+001  0.15624113E+001  0.34626302E+001  0.50314713E+001  0.86250137E+001  0.13804052E+002
  0.15761778E+000  0.20495200E+000  0.39913262E+000  0.60100853E+000  0.91352303E+000  0.10528236E+001  0.15624135E+001  0.34626393E+001  0.50314873E+001  0.86250177E+001  0.13804047E+002
  0.15761774E+000  0.20495200E+000  0.39913272E+000  0.60100894E+000  0.91352305E+000  0.10528236E+001  0.15624156E+001  0.34628684E+001  0.50315036E+001  0.86250222E+001  0.13804044E+002
  0.15761771E+000  0.20495202E+000  0.39913282E+000  0.60100936E+000  0.91352307E+000  0.10528236E+001  0.15624177E+001  0.34629389E+001  0.50315201E+001  0.86250271E+001  0.13804041E+002
  0.15761769E+000  0.20495203E+000  0.39913292E+000  0.60100978E+000  0.91352309E+000  0.10528236E+001  0.15624198E+001  0.34630089E+001  0.50315368E+001  0.86250323E+001  0.13804038E+002
  0.15761766E+000  0.20495204E+000  0.39913303E+000  0.60101020E+000  0.91352311E+000  0.10528236E+001  0.15624218E+001  0.34630903E+001  0.50315536E+001  0.86250379E+001  0.13804036E+002
  0.15761765E+000  0.20495205E+000  0.39913313E+000  0.60101062E+000  0.91352313E+000  0.10528236E+001  0.15624238E+001  0.34630955E+001  0.50315705E+001  0.86250438E+001  0.13804034E+002
  0.15761763E+000  0.20495207E+000  0.39913323E+000  0.60101104E+000  0.91352315E+000  0.10528236E+001  0.15624257E+001  0.34631008E+001  0.50315874E+001  0.86250500E+001  0.13804033E+002
  0.15761762E+000  0.20495208E+000  0.39913333E+000  0.60101145E+000  0.91352317E+000  0.10528236E+001  0.15624276E+001  0.34631060E+001  0.50316044E+001  0.86250565E+001  0.13804031E+002
  0.15761761E+000  0.20495210E+000  0.39913344E+000  0.60101187E+000  0.91352319E+000  0.10528236E+001  0.15624295E+001  0.34631112E+001  0.50316227E+001  0.86250632E+001  0.13804031E+002
  0.15761760E+000  0.20495211E+000  0.39913353E+000  0.60101227E+000  0.91352320E+000  0.10528236E+001  0.15624313E+001  0.34631164E+001  0.50316446E+001  0.86250701E+001  0.13804030E+002
  0.15761759E+000  0.20495213E+000  0.39913363E+000  0.60101268E+000  0.91352322E+000  0.10528236E+001  0.15624331E+001  0.34632788E+001  0.50316665E+001  0.86250772E+001  0.13804030E+002
  0.15761759E+000  0.20495214E+000  0.39913373E+000  0.60101307E+000  0.91352324E+000  0.10528236E+001  0.15624349E+001  0.34632887E+001  0.50316882E+001  0.86250844E+001  0.13804029E+002
  0.15761759E+000  0.20495216E+000  0.39913382E+000  0.60101346E+000  0.91352326E+000  0.10528236E+001  0.15624366E+001  0.34632984E+001  0.50317099E+001  0.86250919E+001  0.13804029E+002
  0.15761759E+000  0.20495217E+000  0.39913391E+000  0.60101384E+000  0.91352327E+000  0.10528236E+001  0.15624383E+001  0.34633081E+001  0.50317314E+001  0.86250994E+001  0.13804030E+002
  0.15761759E+000  0.20495219E+000  0.39913400E+000  0.60101421E+000  0.91352329E+000  0.10528236E+001  0.15624399E+001  0.34633325E+001  0.50317528E+001  0.86251071E+001  0.13804030E+002
  0.15761759E+000  0.20495220E+000  0.39913408E+000  0.60101458E+000  0.91352331E+000  0.10528236E+001  0.15624415E+001  0.34634495E+001  0.50317740E+001  0.86251149E+001  0.13804030E+002
  0.15761759E+000  0.20495221E+000  0.39913416E+000  0.60101493E+000  0.91352332E+000  0.10528236E+001  0.15624432E+001  0.34635647E+001  0.50317950E+001  0.86251228E+001  0.13804031E+002
  0.15761759E+000  0.20495223E+000  0.39913424E+000  0.60101527E+000  0.91352334E+000  0.10528236E+001  0.15624448E+001  0.34636780E+001  0.50318159E+001  0.86251307E+001  0.13804031E+002
  0.15761759E+000  0.20495224E+000  0.39913432E+000  0.60101560E+000  0.91352335E+000  0.10528236E+001  0.15624463E+001  0.34637895E+001  0.50318366E+001  0.86251387E+001  0.13804032E+002
  0.15761760E+000  0.20495225E+000  0.39913439E+000  0.60101593E+000  0.91352337E+000  0.10528236E+001  0.15624478E+001  0.34638990E+001  0.50318570E+001  0.86251467E+001  0.13804033E+002
  0.15761760E+000  0.20495226E+000  0.39913446E+000  0.60101624E+000  0.91352338E+000  0.10528236E+001  0.15624493E+001  0.34642414E+001  0.50318778E+001  0.86251547E+001  0.13804034E+002
  0.15761761E+000  0.20495227E+000  0.39913453E+000  0.60101654E+000  0.91352339E+000  0.10528236E+001  0.15624507E+001  0.34644507E+001  0.50319018E+001  0.86251628E+001  0.13804035E+002
  0.15761761E+000  0.20495228E+000  0.39913459E+000  0.60101682E+000  0.91352341E+000  0.10528236E+001  0.15624521E+001  0.34645730E+001  0.50319256E+001  0.86251708E+001  0.13804036E+002
  0.15761762E+000  0.20495229E+000  0.39913465E+000  0.60101710E+000  0.91352342E+000  0.10528236E+001  0.15624534E+001  0.34646929E+001  0.50319490E+001  0.86251789E+001  0.13804036E+002
  0.15761762E+000  0.20495230E+000  0.39913471E+000  0.60101737E+000  0.91352343E+000  0.10528236E+001  0.15624547E+001  0.34648103E+001  0.50319721E+001  0.86251869E+001  0.13804037E+002
  0.15761763E+000  0.20495231E+000  0.39913477E+000  0.60101762E+000  0.91352344E+000  0.10528236E+001  0.15624559E+001  0.34649210E+001  0.50319948E+001  0.86251949E+001  0.13804038E+002
  0.15761763E+000  0.20495232E+000  0.39913482E+000  0.60101787E+000  0.91352346E+000  0.10528236E+001  0.15624571E+001  0.34650202E+001  0.50320172E+001  0.86252028E+001  0.13804039E+002
  0.15761764E+000  0.20495233E+000  0.39913487E+000  0.60101810E+000  0.91352347E+000  0.10528236E+001  0.15624583E+001  0.34651172E+001  0.50320393E+001  0.86252107E+001  0.13804040E+002
  0.15761764E+000  0.20495233E+000  0.39913492E+000  0.60101832E+000  0.91352348E+000  0.10528236E+001  0.15624594E+001  0.34652119E+001  0.50320609E+001  0.86252185E+001  0.13804041E+002
  0.15761765E+000  0.20495234E+000  0.39913496E+000  0.60101853E+000  0.91352349E+000  0.10528236E+001  0.15624604E+001  0.34653044E+001  0.50320822E+001  0.86252262E+001  0.13804042E+002
  0.15761765E+000  0.20495235E+000  0.39913500E+000  0.60101873E+000  0.91352350E+000  0.10528236E+001  0.15624615E+001  0.34653946E+001  0.50321031E+001  0.86252339E+001  0.13804043E+002
  0.15761765E+000  0.20495235E+000  0.39913504E+000  0.60101892E+000  0.91352351E+000  0.10528236E+001  0.15624624E+001  0.34656865E+001  0.50321235E+001  0.86252415E+001  0.13804044E+002
  0.15761766E+000  0.20495236E+000  0.39913508E+000  0.60101910E+000  0.91352351E+000  0.10528236E+001  0.15624634E+001  0.34669316E+001  0.50322338E+001  0.86252490E+001  0.13804045E+002
  0.15761766E+000  0.20495236E+000  0.39913511E+000  0.60101927E+000  0.91352352E+000  0.10528236E+001  0.15624643E+001  0.34669699E+001  0.50322910E+001  0.86252564E+001  0.13804046E+002
  0.15761767E+000  0.20495237E+000  0.39913514E+000  0.60101943E+000  0.91352353E+000  0.10528236E+001  0.15624651E+001  0.34670072E+001  0.50323003E+001  0.86252637E+001  0.13804047E+002
  0.15761767E+000  0.20495237E+000  0.39913517E+000  0.60101958E+000  0.91352354E+000  0.10528236E+001  0.15624660E+001  0.34670434E+001  0.50323094E+001  0.86252709E+001  0.13804048E+002
  0.15761767E+000  0.20495238E+000  0.39913520E+000  0.60101972E+000  0.91352355E+000  0.10528236E+001  0.15624668E+001  0.34670786E+001  0.50323183E+001  0.86252780E+001  0.13804049E+002
  0.15761768E+000  0.20495238E+000  0.39913523E+000  0.60101985E+000  0.91352355E+000  0.10528236E+001  0.15624675E+001  0.34671128E+001  0.50323270E+001  0.86252849E+001  0.13804049E+002
  0.15761768E+000  0.20495238E+000  0.39913525E+000  0.60101998E+000  0.91352356E+000  0.10528236E+001  0.15624682E+001  0.34684270E+001  0.50323355E+001  0.86252917E+001  0.13804050E+002
  0.15761768E+000  0.20495239E+000  0.39913527E+000  0.60102010E+000  0.91352356E+000  0.10528236E+001  0.15624689E+001  0.34684303E+001  0.50323438E+001  0.86252985E+001  0.13804051E+002
  0.15761769E+000  0.20495239E+000  0.39913529E+000  0.60102021E+000  0.91352357E+000  0.10528236E+001  0.15624696E+001  0.34684336E+001  0.50323518E+001  0.86253051E+001  0.13804052E+002
  0.15761769E+000  0.20495239E+000  0.39913531E+000  0.60102031E+000  0.91352358E+000  0.10528236E+001  0.15624702E+001  0.34684367E+001  0.50323597E+001  0.86253115E+001  0.13804052E+002
  0.15761769E+000  0.20495239E+000  0.39913533E+000  0.60102040E+000  0.91352358E+000  0.10528236E+001  0.15624708E+001  0.34684397E+001  0.50323673E+001  0.86253178E+001  0.13804053E+002
  0.15761769E+000  0.20495240E+000  0.39913535E+000  0.60102049E+000  0.91352359E+000  0.10528236E+001  0.15624713E+001  0.34684426E+001  0.50323748E+001  0.86253240E+001  0.13804054E+002
  0.15761769E+000  0.20495240E+000  0.39913536E+000  0.60102057E+000  0.91352359E+000  0.10528236E+001  0.15624718E+001  0.34684455E+001  0.50323820E+001  0.86253300E+001  0.13804054E+002
  0.15761769E+000  0.20495240E+000  0.39913537E+000  0.60102065E+000  0.91352359E+000  0.10528236E+001  0.15624723E+001  0.34684482E+001  0.50323891E+001  0.86253360E+001  0.13804055E+002
  0.15761770E+000  0.20495240E+000  0.39913539E+000  0.60102072E+000  0.91352360E+000  0.10528236E+001  0.15624728E+001  0.34684508E+001  0.50324084E+001  0.86253417E+001  0.13804056E+002
  0.15761770E+000  0.20495240E+000  0.39913540E+000  0.60102078E+000  0.91352360E+000  0.10528236E+001  0.15624732E+001  0.34684534E+001  0.50324273E+001  0.86253473E+001  0.13804056E+002
  0.15761770E+000  0.20495240E+000  0.39913541E+000  0.60102084E+000  0.91352360E+000  0.10528236E+001  0.15624736E+001  0.34684558E+001  0.50324457E+001  0.86253528E+001  0.13804057E+002
  0.15761770E+000  0.20495241E+000  0.39913542E+000  0.60102090E+000  0.91352361E+000  0.10528236E+001  0.15624740E+001  0.34684582E+001  0.50324634E+001  0.86253582E+001  0.13804057E+002
  0.15761770E+000  0.20495241E+000  0.39913543E+000  0.60102095E+000  0.91352361E+000  0.10528236E+001  0.15624744E+001  0.34684604E+001  0.50324807E+001  0.86253634E+001  0.13804058E+002
  0.15761770E+000  0.20495241E+000  0.39913543E+000  0.60102100E+000  0.91352361E+000  0.10528236E+001  0.15624748E+001  0.34684626E+001  0.50324973E+001  0.86253685E+001  0.13804058E+002
  0.15761770E+000  0.20495241E+000  0.39913544E+000  0.60102104E+000  0.91352362E+000  0.10528236E+001  0.15624751E+001  0.34684647E+001  0.50325135E+001  0.86253734E+001  0.13804059E+002
  0.15761770E+000  0.20495241E+000  0.39913545E+000  0.60102108E+000  0.91352362E+000  0.10528236E+001  0.15624754E+001  0.34684667E+001  0.50325290E+001  0.86253782E+001  0.13804059E+002
  0.15761770E+000  0.20495241E+000  0.39913545E+000  0.60102112E+000  0.91352362E+000  0.10528236E+001  0.15624757E+001  0.34684686E+001  0.50325441E+001  0.86253828E+001  0.13804059E+002
  0.15761770E+000  0.20495241E+000  0.39913546E+000  0.60102115E+000  0.91352362E+000  0.10528236E+001  0.15624759E+001  0.34684705E+001  0.50325586E+001  0.86253873E+001  0.13804060E+002
  0.15761770E+000  0.20495241E+000  0.39913546E+000  0.60102118E+000  0.91352362E+000  0.10528236E+001  0.15624762E+001  0.34684722E+001  0.50325726E+001  0.86253917E+001  0.13804060E+002
  0.15761770E+000  0.20495241E+000  0.39913547E+000  0.60102121E+000  0.91352363E+000  0.10528236E+001  0.15624764E+001  0.34684739E+001  0.50325861E+001  0.86253959E+001  0.13804061E+002
  0.15761770E+000  0.20495241E+000  0.39913547E+000  0.60102123E+000  0.91352363E+000  0.10528236E+001  0.15624766E+001  0.34684755E+001  0.50325991E+001  0.86254000E+001  0.13804061E+002
  0.15761770E+000  0.20495241E+000  0.39913547E+000  0.60102125E+000  0.91352363E+000  0.10528236E+001  0.15624768E+001  0.34684771E+001  0.50326116E+001  0.86254040E+001  0.13804061E+002
  0.15761770E+000  0.20495241E+000  0.39913548E+000  0.60102127E+000  0.91352363E+000  0.10528236E+001  0.15624770E+001  0.34684785E+001  0.50326236E+001  0.86254078E+001  0.13804062E+002
  0.15761770E+000  0.20495241E+000  0.39913548E+000  0.60102129E+000  0.91352363E+000  0.10528236E+001  0.15624772E+001  0.34684799E+001  0.50326352E+001  0.86254115E+001  0.13804062E+002
  0.15761770E+000  0.20495241E+000  0.39913548E+000  0.60102131E+000  0.91352363E+000  0.10528236E+001  0.15624774E+001  0.34684813E+001  0.50326463E+001  0.86254151E+001  0.13804062E+002
  0.15761770E+000  0.20495241E+000  0.39913548E+000  0.60102132E+000  0.91352363E+000  0.10528236E+001  0.15624775E+001  0.34684826E+001  0.50326585E+001  0.86254186E+001  0.13804062E+002
  0.15761770E+000  0.20495241E+000  0.39913548E+000  0.60102134E+000  0.91352363E+000  0.10528236E+001  0.15624777E+001  0.34684838E+001  0.50326701E+001  0.86254219E+001  0.13804063E+002
  0.15761770E+000  0.20495241E+000  0.39913549E+000  0.60102135E+000  0.91352364E+000  0.10528236E+001  0.15624778E+001  0.34684849E+001  0.50326813E+001  0.86254251E+001  0.13804063E+002
  0.15761770E+000  0.20495241E+000  0.39913549E+000  0.60102136E+000  0.91352364E+000  0.10528236E+001  0.15624779E+001  0.34684860E+001  0.50326921E+001  0.86254282E+001  0.13804063E+002
  0.15761769E+000  0.20495241E+000  0.39913549E+000  0.60102137E+000  0.91352364E+000  0.10528236E+001  0.15624780E+001  0.34684871E+001  0.50327023E+001  0.86254312E+001  0.13804063E+002
  0.15761769E+000  0.20495241E+000  0.39913549E+000  0.60102138E+000  0.91352364E+000  0.10528236E+001  0.15624781E+001  0.34684881E+001  0.50327122E+001  0.86254341E+001  0.13804064E+002
  0.15761769E+000  0.20495241E+000  0.39913549E+000  0.60102138E+000  0.91352364E+000  0.10528236E+001  0.15624782E+001  0.34684890E+001  0.50327215E+001  0.86254369E+001  0.13804064E+002
  0.15761769E+000  0.20495241E+000  0.39913549E+000  0.60102139E+000  0.91352364E+000  0.10528236E+001  0.15624783E+001  0.34684899E+001  0.50327305E+001  0.86254395E+001  0.13804064E+002
  0.15761769E+000  0.20495241E+000  0.39913549E+000  0.60102140E+000  0.91352364E+000  0.10528236E+001  0.15624784E+001  0.34684907E+001  0.50327390E+001  0.86254421E+001  0.13804064E+002
  0.15761769E+000  0.20495241E+000  0.39913549E+000  0.60102140E+000  0.91352364E+000  0.10528236E+001  0.15624785E+001  0.34684915E+001  0.50327472E+001  0.86254446E+001  0.13804064E+002
  0.15761769E+000  0.20495241E+000  0.39913549E+000  0.60102141E+000  0.91352364E+000  0.10528236E+001  0.15624786E+001  0.34684923E+001  0.50327550E+001  0.86254469E+001  0.13804065E+002
  0.15761769E+000  0.20495241E+000  0.39913549E+000  0.60102141E+000  0.91352364E+000  0.10528236E+001  0.15624786E+001  0.34684930E+001  0.50327624E+001  0.86254492E+001  0.13804065E+002
  0.15761769E+000  0.20495241E+000  0.39913549E+000  0.60102142E+000  0.91352364E+000  0.10528236E+001  0.15624787E+001  0.34684937E+001  0.50327694E+001  0.86254514E+001  0.13804065E+002
  0.15761769E+000  0.20495241E+000  0.39913549E+000  0.60102142E+000  0.91352364E+000  0.10528236E+001  0.15624787E+001  0.34684943E+001  0.50327761E+001  0.86254535E+001  0.13804065E+002
  0.15761768E+000  0.20495240E+000  0.39913548E+000  0.60102139E+000  0.91352364E+000  0.10528236E+001  0.15624788E+001  0.34684948E+001  0.50327824E+001  0.86254548E+001  0.13804064E+002
  0.15761767E+000  0.20495240E+000  0.39913549E+000  0.60102136E+000  0.91352364E+000  0.10528236E+001  0.15624789E+001  0.34684953E+001  0.50327884E+001  0.86254559E+001  0.13804063E+002
