 -0.93136838E+000 -0.83200798E+000 -0.54954850E+000 -0.18462065E+000 -0.52196989E-002  0.96542082E-003  0.91442160E+000  0.45470511E+001  0.88191833E+001  0.15860427E+002  0.21714189E+002
 -0.93147673E+000 -0.83223942E+000 -0.55018604E+000 -0.18563707E+000 -0.53758464E-002  0.93105449E-003  0.91122614E+000  0.45422385E+001  0.88121459E+001  0.15843880E+002  0.21698483E+002
 -0.93155088E+000 -0.83241934E+000 -0.55069875E+000 -0.18643602E+000 -0.54192004E-002  0.92044340E-003  0.90887908E+000  0.45382402E+001  0.88062583E+001  0.15829920E+002  0.21685329E+002
 -0.93159968E+000 -0.83255533E+000 -0.55110544E+000 -0.18705765E+000 -0.54280367E-002  0.91886688E-003  0.90720481E+000  0.45349144E+001  0.88013589E+001  0.15818160E+002  0.21674287E+002
 -0.93163030E+000 -0.83265490E+000 -0.55142335E+000 -0.18753374E+000 -0.54221882E-002  0.92082819E-003  0.90604727E+000  0.45321397E+001  0.87973013E+001  0.15808343E+002  0.21665074E+002
 -0.93164802E+000 -0.83272501E+000 -0.55166746E+000 -0.18789009E+000 -0.54095719E-002  0.92406233E-003  0.90527809E+000  0.45298224E+001  0.87939514E+001  0.15800288E+002  0.21657444E+002
 -0.93165665E+000 -0.83277172E+000 -0.55185046E+000 -0.18814786E+000 -0.53944251E-002  0.92756670E-003  0.90479509E+000  0.45278918E+001  0.87911894E+001  0.15793779E+002  0.21651200E+002
 -0.93165890E+000 -0.83280013E+000 -0.55198295E+000 -0.18832459E+000 -0.53788099E-002  0.93093529E-003  0.90451166E+000  0.45262980E+001  0.87889104E+001  0.15788583E+002  0.21646144E+002
 -0.93165669E+000 -0.83281442E+000 -0.55207379E+000 -0.18843482E+000 -0.53636948E-002  0.93401515E-003  0.90436086E+000  0.45250032E+001  0.87870268E+001  0.15784497E+002  0.21642103E+002
 -0.93165142E+000 -0.83281795E+000 -0.55213035E+000 -0.18849077E+000 -0.53495379E-002  0.93678214E-003  0.90430914E+000  0.45239735E+001  0.87854687E+001  0.15781347E+002  0.21638915E+002
 -0.93164406E+000 -0.83281336E+000 -0.55215873E+000 -0.18850297E+000 -0.53364864E-002  0.93925485E-003  0.90433434E+000  0.45231781E+001  0.87841834E+001  0.15778985E+002  0.21636445E+002
 -0.93163531E+000 -0.83280271E+000 -0.55216404E+000 -0.18847967E+000 -0.53244848E-002  0.94143649E-003  0.90441628E+000  0.45225883E+001  0.87831325E+001  0.15777285E+002  0.21634586E+002
 -0.93162569E+000 -0.83278762E+000 -0.55215049E+000 -0.18842776E+000 -0.53133470E-002  0.94334032E-003  0.90454260E+000  0.45221775E+001  0.87822889E+001  0.15776134E+002  0.21633252E+002
 -0.93161555E+000 -0.83276931E+000 -0.55212162E+000 -0.18835292E+000 -0.53032467E-002  0.94501255E-003  0.90470368E+000  0.45219214E+001  0.87816335E+001  0.15775460E+002  0.21632366E+002
 -0.93160513E+000 -0.83274874E+000 -0.55208036E+000 -0.18825991E+000 -0.52942132E-002  0.94649014E-003  0.90489179E+000  0.45217982E+001  0.87811517E+001  0.15775177E+002  0.21631864E+002
 -0.93159463E+000 -0.83272663E+000 -0.55202918E+000 -0.18815270E+000 -0.52861974E-002  0.94780347E-003  0.90510074E+000  0.45217890E+001  0.87808315E+001  0.15775214E+002  0.21631693E+002
 -0.93158416E+000 -0.83270354E+000 -0.55197013E+000 -0.18803460E+000 -0.52791155E-002  0.94897756E-003  0.90532546E+000  0.45218774E+001  0.87806617E+001  0.15775510E+002  0.21631807E+002
 -0.93157381E+000 -0.83267990E+000 -0.55190492E+000 -0.18790837E+000 -0.52728712E-002  0.95003304E-003  0.90556191E+000  0.45220493E+001  0.87806313E+001  0.15776012E+002  0.21632168E+002
 -0.93156364E+000 -0.83265604E+000 -0.55183497E+000 -0.18777631E+000 -0.52673683E-002  0.95098695E-003  0.90580679E+000  0.45222927E+001  0.87807286E+001  0.15776679E+002  0.21632743E+002
 -0.93155369E+000 -0.83263218E+000 -0.55176148E+000 -0.18764035E+000 -0.52625168E-002  0.95185338E-003  0.90605749E+000  0.45225976E+001  0.87809423E+001  0.15777474E+002  0.21633505E+002
 -0.93154399E+000 -0.83260852E+000 -0.55168544E+000 -0.18750209E+000 -0.52582352E-002  0.95264411E-003  0.90631187E+000  0.45229554E+001  0.87812606E+001  0.15778370E+002  0.21634431E+002
 -0.93153456E+000 -0.83258517E+000 -0.55160765E+000 -0.18736287E+000 -0.52544515E-002  0.95336900E-003  0.90656825E+000  0.45233586E+001  0.87816722E+001  0.15779348E+002  0.21635502E+002
 -0.93152540E+000 -0.83256225E+000 -0.55152881E+000 -0.18722384E+000 -0.52511025E-002  0.95403636E-003  0.90682529E+000  0.45238009E+001  0.87821664E+001  0.15780391E+002  0.21636701E+002
 -0.93151653E+000 -0.83253981E+000 -0.55144947E+000 -0.18708593E+000 -0.52481328E-002  0.95465327E-003  0.90708193E+000  0.45242768E+001  0.87827332E+001  0.15781491E+002  0.21638014E+002
 -0.93150795E+000 -0.83251788E+000 -0.55137009E+000 -0.18694995E+000 -0.52454946E-002  0.95522574E-003  0.90733737E+000  0.45247815E+001  0.87833633E+001  0.15782643E+002  0.21639430E+002
 -0.93149964E+000 -0.83249649E+000 -0.55129106E+000 -0.18681655E+000 -0.52431462E-002  0.95575893E-003  0.90759081E+000  0.45253107E+001  0.87840486E+001  0.15783845E+002  0.21640940E+002
 -0.93149162E+000 -0.83247566E+000 -0.55121268E+000 -0.18668629E+000 -0.52410515E-002  0.95625728E-003  0.90784189E+000  0.45258607E+001  0.87847818E+001  0.15785099E+002  0.21642535E+002
 -0.93148387E+000 -0.83245536E+000 -0.55113520E+000 -0.18655963E+000 -0.52389652E-002  0.95675183E-003  0.90809036E+000  0.45264281E+001  0.87855565E+001  0.15786408E+002  0.21644207E+002
 -0.93147639E+000 -0.83243559E+000 -0.55105884E+000 -0.18643695E+000 -0.52368576E-002  0.95724490E-003  0.90833603E+000  0.45270101E+001  0.87863671E+001  0.15787775E+002  0.21645953E+002
 -0.93146917E+000 -0.83241634E+000 -0.55098374E+000 -0.18631856E+000 -0.52347982E-002  0.95772685E-003  0.90857879E+000  0.45276039E+001  0.87872089E+001  0.15789205E+002  0.21647765E+002
 -0.93146220E+000 -0.83239757E+000 -0.55091004E+000 -0.18620468E+000 -0.52328397E-002  0.95819101E-003  0.90881856E+000  0.45282073E+001  0.87880775E+001  0.15790702E+002  0.21649641E+002
 -0.93145547E+000 -0.83237927E+000 -0.55083784E+000 -0.18609551E+000 -0.52310190E-002  0.95863308E-003  0.90905533E+000  0.45288182E+001  0.87889695E+001  0.15792269E+002  0.21651575E+002
 -0.93144896E+000 -0.83236140E+000 -0.55076721E+000 -0.18599117E+000 -0.52293592E-002  0.95905066E-003  0.90928908E+000  0.45294347E+001  0.87898815E+001  0.15793907E+002  0.21653565E+002
 -0.93144267E+000 -0.83234393E+000 -0.55069822E+000 -0.18589173E+000 -0.52278714E-002  0.95944280E-003  0.90951983E+000  0.45300552E+001  0.87908109E+001  0.15795618E+002  0.21655608E+002
 -0.93143658E+000 -0.83232685E+000 -0.55063089E+000 -0.18579723E+000 -0.52265580E-002  0.95980955E-003  0.90974759E+000  0.45306783E+001  0.87917551E+001  0.15797399E+002  0.21657700E+002
 -0.93143069E+000 -0.83231011E+000 -0.55056527E+000 -0.18570765E+000 -0.52254146E-002  0.96015172E-003  0.90997237E+000  0.45313028E+001  0.87927118E+001  0.15799249E+002  0.21659837E+002
 -0.93142498E+000 -0.83229371E+000 -0.55050138E+000 -0.18562296E+000 -0.52244319E-002  0.96047060E-003  0.91019415E+000  0.45319275E+001  0.87936788E+001  0.15801163E+002  0.21662016E+002
 -0.93141945E+000 -0.83227761E+000 -0.55043923E+000 -0.18554307E+000 -0.52235976E-002  0.96076778E-003  0.91041293E+000  0.45325514E+001  0.87946542E+001  0.15803135E+002  0.21664233E+002
 -0.93141407E+000 -0.83226180E+000 -0.55037884E+000 -0.18546787E+000 -0.52228976E-002  0.96104497E-003  0.91062866E+000  0.45331737E+001  0.87956360E+001  0.15805161E+002  0.21666485E+002
 -0.93140886E+000 -0.83224627E+000 -0.55032023E+000 -0.18539724E+000 -0.52223172E-002  0.96130391E-003  0.91084127E+000  0.45337936E+001  0.87966223E+001  0.15807233E+002  0.21668765E+002
 -0.93140379E+000 -0.83223101E+000 -0.55026339E+000 -0.18533101E+000 -0.52218417E-002  0.96154630E-003  0.91105066E+000  0.45344104E+001  0.87976111E+001  0.15809343E+002  0.21671068E+002
 -0.93139885E+000 -0.83221600E+000 -0.55020836E+000 -0.18526901E+000 -0.52214573E-002  0.96177369E-003  0.91125673E+000  0.45350234E+001  0.87986006E+001  0.15811485E+002  0.21673390E+002
 -0.93139406E+000 -0.83220126E+000 -0.55015513E+000 -0.18521107E+000 -0.52211512E-002  0.96198750E-003  0.91145933E+000  0.45356319E+001  0.87995887E+001  0.15813650E+002  0.21675722E+002
 -0.93138939E+000 -0.83218678E+000 -0.55010374E+000 -0.18515699E+000 -0.52209117E-002  0.96218900E-003  0.91165829E+000  0.45362353E+001  0.88005737E+001  0.15815831E+002  0.21678059E+002
 -0.93138485E+000 -0.83217257E+000 -0.55005419E+000 -0.18510658E+000 -0.52207287E-002  0.96237925E-003  0.91185344E+000  0.45368329E+001  0.88015536E+001  0.15818022E+002  0.21680392E+002
 -0.93138044E+000 -0.83215865E+000 -0.55000652E+000 -0.18505964E+000 -0.52205934E-002  0.96255918E-003  0.91204457E+000  0.45374240E+001  0.88025265E+001  0.15820215E+002  0.21682715E+002
 -0.93137616E+000 -0.83214504E+000 -0.54996075E+000 -0.18501599E+000 -0.52204983E-002  0.96272954E-003  0.91223147E+000  0.45380081E+001  0.88034905E+001  0.15822403E+002  0.21685019E+002
 -0.93137200E+000 -0.83213174E+000 -0.54991690E+000 -0.18497543E+000 -0.52204374E-002  0.96289094E-003  0.91241392E+000  0.45385845E+001  0.88044438E+001  0.15824582E+002  0.21687295E+002
 -0.93136798E+000 -0.83211880E+000 -0.54987500E+000 -0.18493779E+000 -0.52204053E-002  0.96304385E-003  0.91259170E+000  0.45391524E+001  0.88053846E+001  0.15826745E+002  0.21689537E+002
 -0.93136409E+000 -0.83210622E+000 -0.54983508E+000 -0.18490290E+000 -0.52203981E-002  0.96318866E-003  0.91276458E+000  0.45397111E+001  0.88063113E+001  0.15828887E+002  0.21691735E+002
 -0.93136035E+000 -0.83209404E+000 -0.54979715E+000 -0.18487058E+000 -0.52204124E-002  0.96332565E-003  0.91293233E+000  0.45402599E+001  0.88072222E+001  0.15831002E+002  0.21693882E+002
 -0.93135676E+000 -0.83208229E+000 -0.54976124E+000 -0.18484070E+000 -0.52204454E-002  0.96345506E-003  0.91309474E+000  0.45407982E+001  0.88081158E+001  0.15833085E+002  0.21695970E+002
 -0.93135333E+000 -0.83207099E+000 -0.54972736E+000 -0.18481310E+000 -0.52204952E-002  0.96357703E-003  0.91325161E+000  0.45413251E+001  0.88089905E+001  0.15835130E+002  0.21697994E+002
 -0.93135007E+000 -0.83206018E+000 -0.54969552E+000 -0.18478766E+000 -0.52205600E-002  0.96369172E-003  0.91340274E+000  0.45418399E+001  0.88098451E+001  0.15837134E+002  0.21699945E+002
 -0.93134698E+000 -0.83204986E+000 -0.54966572E+000 -0.18476424E+000 -0.52206384E-002  0.96379923E-003  0.91354796E+000  0.45423420E+001  0.88106782E+001  0.15839090E+002  0.21701818E+002
 -0.93134407E+000 -0.83204008E+000 -0.54963795E+000 -0.18474273E+000 -0.52207294E-002  0.96389964E-003  0.91368711E+000  0.45428306E+001  0.88114884E+001  0.15840995E+002  0.21703608E+002
 -0.93134135E+000 -0.83203085E+000 -0.54961221E+000 -0.18472303E+000 -0.52208321E-002  0.96399305E-003  0.91382007E+000  0.45433050E+001  0.88122746E+001  0.15842842E+002  0.21705311E+002
 -0.93133883E+000 -0.83202218E+000 -0.54958847E+000 -0.18470503E+000 -0.52208431E-002  0.96409158E-003  0.91394673E+000  0.45437644E+001  0.88130355E+001  0.15844628E+002  0.21706923E+002
 -0.93133652E+000 -0.83201409E+000 -0.54956669E+000 -0.18468863E+000 -0.52207864E-002  0.96419206E-003  0.91406700E+000  0.45442084E+001  0.88137698E+001  0.15846347E+002  0.21708440E+002
 -0.93133441E+000 -0.83200659E+000 -0.54954685E+000 -0.18467375E+000 -0.52206962E-002  0.96429055E-003  0.91418083E+000  0.45446360E+001  0.88144766E+001  0.15847996E+002  0.21709860E+002
 -0.93133251E+000 -0.83199968E+000 -0.54952888E+000 -0.18466030E+000 -0.52205928E-002  0.96438486E-003  0.91428820E+000  0.45450469E+001  0.88151544E+001  0.15849571E+002  0.21711182E+002
 -0.93133083E+000 -0.83199337E+000 -0.54951274E+000 -0.18464820E+000 -0.52204876E-002  0.96447383E-003  0.91438910E+000  0.45454402E+001  0.88158022E+001  0.15851068E+002  0.21712405E+002
 -0.93132936E+000 -0.83198764E+000 -0.54949837E+000 -0.18463737E+000 -0.52203866E-002  0.96455694E-003  0.91448355E+000  0.45458154E+001  0.88164189E+001  0.15852484E+002  0.21713530E+002
 -0.93132811E+000 -0.83198250E+000 -0.54948569E+000 -0.18462775E+000 -0.52202928E-002  0.96463399E-003  0.91457160E+000  0.45461720E+001  0.88170035E+001  0.15853816E+002  0.21714555E+002
 -0.93132706E+000 -0.83197793E+000 -0.54947464E+000 -0.18461927E+000 -0.52202078E-002  0.96470496E-003  0.91465330E+000  0.45465094E+001  0.88175549E+001  0.15855063E+002  0.21715484E+002
 -0.93132623E+000 -0.83197392E+000 -0.54946514E+000 -0.18461185E+000 -0.52201320E-002  0.96476997E-003  0.91472873E+000  0.45468270E+001  0.88180724E+001  0.15856223E+002  0.21716318E+002
 -0.93132560E+000 -0.83197045E+000 -0.54945711E+000 -0.18460545E+000 -0.52200654E-002  0.96482917E-003  0.91479797E+000  0.45471245E+001  0.88185551E+001  0.15857296E+002  0.21717060E+002
 -0.93132517E+000 -0.83196750E+000 -0.54945047E+000 -0.18460000E+000 -0.52200079E-002  0.96488278E-003  0.91486114E+000  0.45474015E+001  0.88190025E+001  0.15858281E+002  0.21717712E+002
 -0.93132494E+000 -0.83196506E+000 -0.54944513E+000 -0.18459544E+000 -0.52199591E-002  0.96493100E-003  0.91491834E+000  0.45476577E+001  0.88194143E+001  0.15859179E+002  0.21718278E+002
 -0.93132490E+000 -0.83196309E+000 -0.54944102E+000 -0.18459173E+000 -0.52199187E-002  0.96497405E-003  0.91496969E+000  0.45478927E+001  0.88197903E+001  0.15859991E+002  0.21718763E+002
 -0.93132504E+000 -0.83196159E+000 -0.54943806E+000 -0.18458882E+000 -0.52198863E-002  0.96501216E-003  0.91501530E+000  0.45481066E+001  0.88201306E+001  0.15860720E+002  0.21719170E+002
 -0.93132536E+000 -0.83196053E+000 -0.54943616E+000 -0.18458665E+000 -0.52198615E-002  0.96504557E-003  0.91505531E+000  0.45482992E+001  0.88204355E+001  0.15861366E+002  0.21719505E+002
 -0.93132585E+000 -0.83195987E+000 -0.54943525E+000 -0.18458518E+000 -0.52198439E-002  0.96507448E-003  0.91508986E+000  0.45484707E+001  0.88207054E+001  0.15861935E+002  0.21719771E+002
 -0.93132650E+000 -0.83195961E+000 -0.54943526E+000 -0.18458438E+000 -0.52198330E-002  0.96509913E-003  0.91511907E+000  0.45486213E+001  0.88209413E+001  0.15862428E+002  0.21719975E+002
 -0.93132730E+000 -0.83195971E+000 -0.54943611E+000 -0.18458418E+000 -0.52198284E-002  0.96511975E-003  0.91514312E+000  0.45487513E+001  0.88211441E+001  0.15862849E+002  0.21720120E+002
 -0.93132825E+000 -0.83196016E+000 -0.54943774E+000 -0.18458456E+000 -0.52198297E-002  0.96513653E-003  0.91516217E+000  0.45488614E+001  0.88213151E+001  0.15863203E+002  0.21720213E+002
 -0.93132933E+000 -0.83196092E+000 -0.54944007E+000 -0.18458547E+000 -0.52198364E-002  0.96514973E-003  0.91517641E+000  0.45489521E+001  0.88214556E+001  0.15863495E+002  0.21720258E+002
 -0.93133055E+000 -0.83196197E+000 -0.54944303E+000 -0.18458687E+000 -0.52198481E-002  0.96515955E-003  0.91518603E+000  0.45490242E+001  0.88215675E+001  0.15863727E+002  0.21720260E+002
 -0.93133188E+000 -0.83196330E+000 -0.54944657E+000 -0.18458872E+000 -0.52198642E-002  0.96516622E-003  0.91519126E+000  0.45490787E+001  0.88216523E+001  0.15863906E+002  0.21720223E+002
 -0.93133332E+000 -0.83196487E+000 -0.54945062E+000 -0.18459097E+000 -0.52198843E-002  0.96516999E-003  0.91519235E+000  0.45491164E+001  0.88217120E+001  0.15864035E+002  0.21720153E+002
 -0.93133485E+000 -0.83196665E+000 -0.54945512E+000 -0.18459358E+000 -0.52199079E-002  0.96517110E-003  0.91518955E+000  0.45491387E+001  0.88217486E+001  0.15864120E+002  0.21720054E+002
 -0.93133647E+000 -0.83196864E+000 -0.54945999E+000 -0.18459651E+000 -0.52199343E-002  0.96516980E-003  0.91518314E+000  0.45491466E+001  0.88217641E+001  0.15864166E+002  0.21719930E+002
 -0.93133817E+000 -0.83197078E+000 -0.54946520E+000 -0.18459971E+000 -0.52199632E-002  0.96516635E-003  0.91517343E+000  0.45491414E+001  0.88217607E+001  0.15864175E+002  0.21719785E+002
 -0.93133992E+000 -0.83197307E+000 -0.54947066E+000 -0.18460314E+000 -0.52199939E-002  0.96516100E-003  0.91516072E+000  0.45491244E+001  0.88217403E+001  0.15864154E+002  0.21719623E+002
 -0.93134171E+000 -0.83197548E+000 -0.54947633E+000 -0.18460674E+000 -0.52200260E-002  0.96515404E-003  0.91514535E+000  0.45490969E+001  0.88217051E+001  0.15864106E+002  0.21719447E+002
 -0.93134354E+000 -0.83197797E+000 -0.54948214E+000 -0.18461048E+000 -0.52200589E-002  0.96514572E-003  0.91512764E+000  0.45490602E+001  0.88216570E+001  0.15864035E+002  0.21719260E+002
 -0.93134538E+000 -0.83198052E+000 -0.54948804E+000 -0.18461431E+000 -0.52200921E-002  0.96513632E-003  0.91510791E+000  0.45490156E+001  0.88215979E+001  0.15863945E+002  0.21719065E+002
 -0.93134723E+000 -0.83198311E+000 -0.54949398E+000 -0.18461818E+000 -0.52201253E-002  0.96512609E-003  0.91508651E+000  0.45489644E+001  0.88215297E+001  0.15863838E+002  0.21718865E+002
 -0.93134907E+000 -0.83198572E+000 -0.54949990E+000 -0.18462205E+000 -0.52201578E-002  0.96511529E-003  0.91506374E+000  0.45489076E+001  0.88214542E+001  0.15863719E+002  0.21718662E+002
 -0.93135089E+000 -0.83198831E+000 -0.54950576E+000 -0.18462589E+000 -0.52201894E-002  0.96510415E-003  0.91503990E+000  0.45488465E+001  0.88213728E+001  0.15863590E+002  0.21718458E+002
 -0.93135268E+000 -0.83199087E+000 -0.54951152E+000 -0.18462966E+000 -0.52202198E-002  0.96509290E-003  0.91501530E+000  0.45487821E+001  0.88212871E+001  0.15863454E+002  0.21718255E+002
 -0.93135442E+000 -0.83199338E+000 -0.54951713E+000 -0.18463332E+000 -0.52202485E-002  0.96508174E-003  0.91499020E+000  0.45487154E+001  0.88211983E+001  0.15863312E+002  0.21718054E+002
 -0.93135611E+000 -0.83199583E+000 -0.54952256E+000 -0.18463684E+000 -0.52202753E-002  0.96507086E-003  0.91496484E+000  0.45486471E+001  0.88211077E+001  0.15863167E+002  0.21717857E+002
 -0.93135774E+000 -0.83199819E+000 -0.54952777E+000 -0.18464021E+000 -0.52203000E-002  0.96506041E-003  0.91493944E+000  0.45485781E+001  0.88210164E+001  0.15863021E+002  0.21717665E+002
 -0.93135930E+000 -0.83200045E+000 -0.54953276E+000 -0.18464340E+000 -0.52203225E-002  0.96505055E-003  0.91491420E+000  0.45485090E+001  0.88209251E+001  0.15862875E+002  0.21717478E+002
 -0.93136078E+000 -0.83200260E+000 -0.54953748E+000 -0.18464638E+000 -0.52203427E-002  0.96504139E-003  0.91488930E+000  0.45484405E+001  0.88208347E+001  0.15862730E+002  0.21717297E+002
 -0.93136218E+000 -0.83200464E+000 -0.54954193E+000 -0.18464916E+000 -0.52203603E-002  0.96503303E-003  0.91486487E+000  0.45483730E+001  0.88207459E+001  0.15862588E+002  0.21717124E+002
 -0.93136350E+000 -0.83200655E+000 -0.54954610E+000 -0.18465171E+000 -0.52203755E-002  0.96502554E-003  0.91484103E+000  0.45483069E+001  0.88206592E+001  0.15862450E+002  0.21716958E+002
 -0.93136474E+000 -0.83200833E+000 -0.54954997E+000 -0.18465403E+000 -0.52203882E-002  0.96501897E-003  0.91481788E+000  0.45482426E+001  0.88205750E+001  0.15862315E+002  0.21716799E+002
 -0.93136588E+000 -0.83200998E+000 -0.54955355E+000 -0.18465612E+000 -0.52203983E-002  0.96501337E-003  0.91479550E+000  0.45481803E+001  0.88204936E+001  0.15862185E+002  0.21716648E+002
 -0.93136694E+000 -0.83201150E+000 -0.54955683E+000 -0.18465798E+000 -0.52204061E-002  0.96500874E-003  0.91477393E+000  0.45481203E+001  0.88204154E+001  0.15862060E+002  0.21716505E+002
 -0.93136792E+000 -0.83201288E+000 -0.54955981E+000 -0.18465961E+000 -0.52204115E-002  0.96500511E-003  0.91475322E+000  0.45480626E+001  0.88203404E+001  0.15861941E+002  0.21716369E+002
 -0.93136880E+000 -0.83201413E+000 -0.54956250E+000 -0.18466102E+000 -0.52204146E-002  0.96500245E-003  0.91473339E+000  0.45480074E+001  0.88202688E+001  0.15861827E+002  0.21716242E+002
 -0.93136961E+000 -0.83201525E+000 -0.54956492E+000 -0.18466220E+000 -0.52204156E-002  0.96500074E-003  0.91471444E+000  0.45479547E+001  0.88202006E+001  0.15861719E+002  0.21716121E+002
 -0.93137033E+000 -0.83201625E+000 -0.54956706E+000 -0.18466317E+000 -0.52204145E-002  0.96499997E-003  0.91469638E+000  0.45479045E+001  0.88201359E+001  0.15861616E+002  0.21716008E+002
 -0.93137098E+000 -0.83201712E+000 -0.54956893E+000 -0.18466394E+000 -0.52204115E-002  0.96500008E-003  0.91467918E+000  0.45478568E+001  0.88200746E+001  0.15861519E+002  0.21715901E+002
 -0.93137155E+000 -0.83201788E+000 -0.54957056E+000 -0.18466451E+000 -0.52204067E-002  0.96500105E-003  0.91466283E+000  0.45478115E+001  0.88200166E+001  0.15861427E+002  0.21715801E+002
 -0.93137204E+000 -0.83201852E+000 -0.54957195E+000 -0.18466490E+000 -0.52204003E-002  0.96500282E-003  0.91464730E+000  0.45477686E+001  0.88199618E+001  0.15861341E+002  0.21715708E+002
 -0.93137248E+000 -0.83201906E+000 -0.54957312E+000 -0.18466511E+000 -0.52203924E-002  0.96500533E-003  0.91463257E+000  0.45477281E+001  0.88199102E+001  0.15861260E+002  0.21715620E+002
 -0.93137284E+000 -0.83201951E+000 -0.54957407E+000 -0.18466517E+000 -0.52203831E-002  0.96500855E-003  0.91461859E+000  0.45476897E+001  0.88198616E+001  0.15861184E+002  0.21715538E+002
 -0.93137315E+000 -0.83201986E+000 -0.54957483E+000 -0.18466507E+000 -0.52203725E-002  0.96501241E-003  0.91460534E+000  0.45476535E+001  0.88198158E+001  0.15861112E+002  0.21715462E+002
 -0.93137341E+000 -0.83202012E+000 -0.54957541E+000 -0.18466484E+000 -0.52203609E-002  0.96501687E-003  0.91459277E+000  0.45476193E+001  0.88197728E+001  0.15861045E+002  0.21715390E+002
 -0.93137361E+000 -0.83202031E+000 -0.54957582E+000 -0.18466448E+000 -0.52203482E-002  0.96502187E-003  0.91458086E+000  0.45475870E+001  0.88197323E+001  0.15860983E+002  0.21715323E+002
 -0.93137377E+000 -0.83202042E+000 -0.54957608E+000 -0.18466400E+000 -0.52203347E-002  0.96502736E-003  0.91456956E+000  0.45475565E+001  0.88196942E+001  0.15860924E+002  0.21715260E+002
 -0.93137388E+000 -0.83202047E+000 -0.54957619E+000 -0.18466342E+000 -0.52203204E-002  0.96503329E-003  0.91455883E+000  0.45475277E+001  0.88196584E+001  0.15860870E+002  0.21715202E+002
 -0.93137395E+000 -0.83202045E+000 -0.54957617E+000 -0.18466275E+000 -0.52203055E-002  0.96503961E-003  0.91454865E+000  0.45475005E+001  0.88196248E+001  0.15860818E+002  0.21715147E+002
 -0.93137399E+000 -0.83202038E+000 -0.54957604E+000 -0.18466198E+000 -0.52202901E-002  0.96504628E-003  0.91453899E+000  0.45474748E+001  0.88195931E+001  0.15860771E+002  0.21715096E+002
 -0.93137399E+000 -0.83202026E+000 -0.54957580E+000 -0.18466115E+000 -0.52202742E-002  0.96505325E-003  0.91452980E+000  0.45474505E+001  0.88195634E+001  0.15860726E+002  0.21715048E+002
 -0.93137396E+000 -0.83202010E+000 -0.54957547E+000 -0.18466024E+000 -0.52202580E-002  0.96506050E-003  0.91452107E+000  0.45474275E+001  0.88195354E+001  0.15860684E+002  0.21715003E+002
 -0.93137391E+000 -0.83201990E+000 -0.54957506E+000 -0.18465928E+000 -0.52202414E-002  0.96506797E-003  0.91451276E+000  0.45474057E+001  0.88195090E+001  0.15860645E+002  0.21714961E+002
 -0.93137384E+000 -0.83201966E+000 -0.54957457E+000 -0.18465827E+000 -0.52202247E-002  0.96507563E-003  0.91450485E+000  0.45473851E+001  0.88194841E+001  0.15860609E+002  0.21714921E+002
 -0.93137374E+000 -0.83201939E+000 -0.54957402E+000 -0.18465722E+000 -0.52202079E-002  0.96508345E-003  0.91449731E+000  0.45473655E+001  0.88194606E+001  0.15860575E+002  0.21714884E+002
 -0.93137363E+000 -0.83201910E+000 -0.54957341E+000 -0.18465614E+000 -0.52201910E-002  0.96509141E-003  0.91449012E+000  0.45473470E+001  0.88194385E+001  0.15860543E+002  0.21714849E+002
 -0.93137350E+000 -0.83201879E+000 -0.54957275E+000 -0.18465503E+000 -0.52201741E-002  0.96509947E-003  0.91448327E+000  0.45473293E+001  0.88194176E+001  0.15860513E+002  0.21714816E+002
 -0.93137336E+000 -0.83201845E+000 -0.54957206E+000 -0.18465389E+000 -0.52201573E-002  0.96510760E-003  0.91447674E+000  0.45473126E+001  0.88193978E+001  0.15860485E+002  0.21714785E+002
 -0.93137321E+000 -0.83201811E+000 -0.54957133E+000 -0.18465275E+000 -0.52201406E-002  0.96511580E-003  0.91447050E+000  0.45472967E+001  0.88193791E+001  0.15860459E+002  0.21714756E+002
 -0.93137305E+000 -0.83201775E+000 -0.54957058E+000 -0.18465159E+000 -0.52201240E-002  0.96512403E-003  0.91446455E+000  0.45472815E+001  0.88193614E+001  0.15860434E+002  0.21714728E+002
 -0.93137288E+000 -0.83201738E+000 -0.54956981E+000 -0.18465043E+000 -0.52201076E-002  0.96513227E-003  0.91445887E+000  0.45472671E+001  0.88193447E+001  0.15860411E+002  0.21714702E+002
 -0.93137271E+000 -0.83201701E+000 -0.54956902E+000 -0.18464927E+000 -0.52200914E-002  0.96514051E-003  0.91445344E+000  0.45472533E+001  0.88193288E+001  0.15860390E+002  0.21714677E+002
 -0.93137253E+000 -0.83201664E+000 -0.54956822E+000 -0.18464811E+000 -0.52200755E-002  0.96514873E-003  0.91444826E+000  0.45472402E+001  0.88193137E+001  0.15860369E+002  0.21714654E+002
 -0.93137235E+000 -0.83201626E+000 -0.54956742E+000 -0.18464697E+000 -0.52200599E-002  0.96515692E-003  0.91444332E+000  0.45472277E+001  0.88192995E+001  0.15860351E+002  0.21714632E+002
 -0.93137217E+000 -0.83201589E+000 -0.54956662E+000 -0.18464584E+000 -0.52200445E-002  0.96516507E-003  0.91443860E+000  0.45472158E+001  0.88192859E+001  0.15860333E+002  0.21714610E+002
 -0.93137199E+000 -0.83201552E+000 -0.54956582E+000 -0.18464472E+000 -0.52200295E-002  0.96517315E-003  0.91443410E+000  0.45472044E+001  0.88192730E+001  0.15860316E+002  0.21714590E+002
 -0.93137181E+000 -0.83201515E+000 -0.54956503E+000 -0.18464362E+000 -0.52200149E-002  0.96518117E-003  0.91442982E+000  0.45471936E+001  0.88192608E+001  0.15860300E+002  0.21714571E+002
 -0.93137164E+000 -0.83201479E+000 -0.54956425E+000 -0.18464254E+000 -0.52200006E-002  0.96518911E-003  0.91442573E+000  0.45471832E+001  0.88192492E+001  0.15860286E+002  0.21714553E+002
 -0.93137146E+000 -0.83201443E+000 -0.54956348E+000 -0.18464149E+000 -0.52199867E-002  0.96519696E-003  0.91442184E+000  0.45471733E+001  0.88192382E+001  0.15860272E+002  0.21714536E+002
 -0.93137129E+000 -0.83201408E+000 -0.54956272E+000 -0.18464046E+000 -0.52199731E-002  0.96520471E-003  0.91441814E+000  0.45471638E+001  0.88192278E+001  0.15860259E+002  0.21714519E+002
 -0.93137113E+000 -0.83201375E+000 -0.54956199E+000 -0.18463946E+000 -0.52199600E-002  0.96521236E-003  0.91441463E+000  0.45471548E+001  0.88192179E+001  0.15860247E+002  0.21714503E+002
 -0.93137097E+000 -0.83201342E+000 -0.54956127E+000 -0.18463849E+000 -0.52199472E-002  0.96521989E-003  0.91441129E+000  0.45471462E+001  0.88192085E+001  0.15860235E+002  0.21714488E+002
 -0.93137081E+000 -0.83201310E+000 -0.54956057E+000 -0.18463755E+000 -0.52199349E-002  0.96522731E-003  0.91440813E+000  0.45471380E+001  0.88191996E+001  0.15860225E+002  0.21714474E+002
 -0.93137066E+000 -0.83201280E+000 -0.54955989E+000 -0.18463663E+000 -0.52199229E-002  0.96523460E-003  0.91440514E+000  0.45471302E+001  0.88191912E+001  0.15860215E+002  0.21714460E+002
 -0.93137051E+000 -0.83201250E+000 -0.54955924E+000 -0.18463575E+000 -0.52199114E-002  0.96524176E-003  0.91440232E+000  0.45471227E+001  0.88191832E+001  0.15860206E+002  0.21714447E+002
 -0.93137037E+000 -0.83201222E+000 -0.54955861E+000 -0.18463490E+000 -0.52199002E-002  0.96524879E-003  0.91439966E+000  0.45471156E+001  0.88191757E+001  0.15860197E+002  0.21714434E+002
 -0.93137024E+000 -0.83201194E+000 -0.54955800E+000 -0.18463409E+000 -0.52198895E-002  0.96525568E-003  0.91439715E+000  0.45471089E+001  0.88191686E+001  0.15860189E+002  0.21714422E+002
 -0.93137011E+000 -0.83201168E+000 -0.54955741E+000 -0.18463330E+000 -0.52198792E-002  0.96526242E-003  0.91439480E+000  0.45471025E+001  0.88191619E+001  0.15860182E+002  0.21714411E+002
 -0.93136999E+000 -0.83201144E+000 -0.54955685E+000 -0.18463255E+000 -0.52198692E-002  0.96526902E-003  0.91439260E+000  0.45470964E+001  0.88191556E+001  0.15860175E+002  0.21714400E+002
 -0.93136987E+000 -0.83201120E+000 -0.54955632E+000 -0.18463183E+000 -0.52198597E-002  0.96527546E-003  0.91439055E+000  0.45470906E+001  0.88191496E+001  0.15860169E+002  0.21714389E+002
 -0.93136976E+000 -0.83201098E+000 -0.54955581E+000 -0.18463114E+000 -0.52198506E-002  0.96528174E-003  0.91438863E+000  0.45470851E+001  0.88191441E+001  0.15860164E+002  0.21714379E+002
 -0.93136966E+000 -0.83201076E+000 -0.54955532E+000 -0.18463049E+000 -0.52198418E-002  0.96528787E-003  0.91438686E+000  0.45470799E+001  0.88191389E+001  0.15860159E+002  0.21714370E+002
 -0.93136956E+000 -0.83201056E+000 -0.54955485E+000 -0.18462986E+000 -0.52198335E-002  0.96529383E-003  0.91438522E+000  0.45470750E+001  0.88191340E+001  0.15860154E+002  0.21714360E+002
 -0.93136947E+000 -0.83201037E+000 -0.54955441E+000 -0.18462927E+000 -0.52198255E-002  0.96529964E-003  0.91438371E+000  0.45470704E+001  0.88191295E+001  0.15860150E+002  0.21714351E+002
 -0.93136938E+000 -0.83201019E+000 -0.54955400E+000 -0.18462870E+000 -0.52198178E-002  0.96530528E-003  0.91438233E+000  0.45470660E+001  0.88191253E+001  0.15860146E+002  0.21714343E+002
 -0.93136930E+000 -0.83201002E+000 -0.54955360E+000 -0.18462817E+000 -0.52198106E-002  0.96531075E-003  0.91438107E+000  0.45470619E+001  0.88191215E+001  0.15860143E+002  0.21714335E+002
 -0.93136922E+000 -0.83200986E+000 -0.54955323E+000 -0.18462766E+000 -0.52198036E-002  0.96531606E-003  0.91437993E+000  0.45470581E+001  0.88191179E+001  0.15860141E+002  0.21714327E+002
 -0.93136915E+000 -0.83200971E+000 -0.54955288E+000 -0.18462718E+000 -0.52197970E-002  0.96532119E-003  0.91437891E+000  0.45470545E+001  0.88191146E+001  0.15860138E+002  0.21714320E+002
 -0.93136908E+000 -0.83200957E+000 -0.54955254E+000 -0.18462673E+000 -0.52197908E-002  0.96532616E-003  0.91437801E+000  0.45470511E+001  0.88191117E+001  0.15860137E+002  0.21714313E+002
 -0.93136902E+000 -0.83200944E+000 -0.54955223E+000 -0.18462630E+000 -0.52197849E-002  0.96533096E-003  0.91437720E+000  0.45470479E+001  0.88191090E+001  0.15860135E+002  0.21714306E+002
 -0.93136896E+000 -0.83200932E+000 -0.54955194E+000 -0.18462590E+000 -0.52197792E-002  0.96533559E-003  0.91437651E+000  0.45470450E+001  0.88191065E+001  0.15860134E+002  0.21714300E+002
 -0.93136891E+000 -0.83200921E+000 -0.54955167E+000 -0.18462552E+000 -0.52197739E-002  0.96534005E-003  0.91437591E+000  0.45470422E+001  0.88191043E+001  0.15860134E+002  0.21714294E+002
 -0.93136886E+000 -0.83200910E+000 -0.54955141E+000 -0.18462516E+000 -0.52197689E-002  0.96534435E-003  0.91437542E+000  0.45470397E+001  0.88191024E+001  0.15860134E+002  0.21714288E+002
 -0.93136881E+000 -0.83200900E+000 -0.54955117E+000 -0.18462483E+000 -0.52197641E-002  0.96534848E-003  0.91437501E+000  0.45470373E+001  0.88191007E+001  0.15860134E+002  0.21714283E+002
 -0.93136877E+000 -0.83200891E+000 -0.54955095E+000 -0.18462452E+000 -0.52197596E-002  0.96535245E-003  0.91437470E+000  0.45470351E+001  0.88190992E+001  0.15860134E+002  0.21714277E+002
 -0.93136873E+000 -0.83200883E+000 -0.54955074E+000 -0.18462422E+000 -0.52197554E-002  0.96535626E-003  0.91437447E+000  0.45470331E+001  0.88190979E+001  0.15860135E+002  0.21714272E+002
 -0.93136869E+000 -0.83200875E+000 -0.54955055E+000 -0.18462395E+000 -0.52197514E-002  0.96535990E-003  0.91437432E+000  0.45470313E+001  0.88190968E+001  0.15860136E+002  0.21714268E+002
 -0.93136866E+000 -0.83200868E+000 -0.54955037E+000 -0.18462369E+000 -0.52197477E-002  0.96536339E-003  0.91437425E+000  0.45470296E+001  0.88190960E+001  0.15860138E+002  0.21714263E+002
 -0.93136863E+000 -0.83200861E+000 -0.54955021E+000 -0.18462346E+000 -0.52197442E-002  0.96536673E-003  0.91437426E+000  0.45470281E+001  0.88190953E+001  0.15860139E+002  0.21714259E+002
 -0.93136860E+000 -0.83200855E+000 -0.54955005E+000 -0.18462323E+000 -0.52197409E-002  0.96536992E-003  0.91437433E+000  0.45470267E+001  0.88190948E+001  0.15860141E+002  0.21714255E+002
 -0.93136858E+000 -0.83200849E+000 -0.54954991E+000 -0.18462303E+000 -0.52197378E-002  0.96537295E-003  0.91437448E+000  0.45470255E+001  0.88190945E+001  0.15860144E+002  0.21714251E+002
 -0.93136855E+000 -0.83200844E+000 -0.54954978E+000 -0.18462284E+000 -0.52197349E-002  0.96537585E-003  0.91437469E+000  0.45470244E+001  0.88190943E+001  0.15860146E+002  0.21714247E+002
 -0.93136853E+000 -0.83200840E+000 -0.54954967E+000 -0.18462266E+000 -0.52197322E-002  0.96537860E-003  0.91437495E+000  0.45470234E+001  0.88190943E+001  0.15860149E+002  0.21714244E+002
 -0.93136852E+000 -0.83200836E+000 -0.54954956E+000 -0.18462250E+000 -0.52197297E-002  0.96538121E-003  0.91437528E+000  0.45470226E+001  0.88190944E+001  0.15860152E+002  0.21714240E+002
 -0.93136850E+000 -0.83200832E+000 -0.54954946E+000 -0.18462234E+000 -0.52197274E-002  0.96538370E-003  0.91437566E+000  0.45470218E+001  0.88190947E+001  0.15860155E+002  0.21714237E+002
 -0.93136848E+000 -0.83200828E+000 -0.54954936E+000 -0.18462220E+000 -0.52197252E-002  0.96538605E-003  0.91437609E+000  0.45470212E+001  0.88190951E+001  0.15860158E+002  0.21714234E+002
 -0.93136847E+000 -0.83200825E+000 -0.54954928E+000 -0.18462207E+000 -0.52197232E-002  0.96538828E-003  0.91437656E+000  0.45470207E+001  0.88190956E+001  0.15860162E+002  0.21714231E+002
 -0.93136846E+000 -0.83200822E+000 -0.54954921E+000 -0.18462196E+000 -0.52197213E-002  0.96539038E-003  0.91437708E+000  0.45470202E+001  0.88190962E+001  0.15860166E+002  0.21714229E+002
 -0.93136845E+000 -0.83200820E+000 -0.54954914E+000 -0.18462185E+000 -0.52197195E-002  0.96539238E-003  0.91437764E+000  0.45470199E+001  0.88190970E+001  0.15860169E+002  0.21714226E+002
 -0.93136844E+000 -0.83200817E+000 -0.54954908E+000 -0.18462175E+000 -0.52197179E-002  0.96539426E-003  0.91437824E+000  0.45470196E+001  0.88190978E+001  0.15860173E+002  0.21714224E+002
 -0.93136843E+000 -0.83200815E+000 -0.54954902E+000 -0.18462166E+000 -0.52197164E-002  0.96539602E-003  0.91437887E+000  0.45470194E+001  0.88190987E+001  0.15860178E+002  0.21714221E+002
 -0.93136843E+000 -0.83200814E+000 -0.54954897E+000 -0.18462157E+000 -0.52197150E-002  0.96539769E-003  0.91437953E+000  0.45470193E+001  0.88190997E+001  0.15860182E+002  0.21714219E+002
 -0.93136842E+000 -0.83200812E+000 -0.54954893E+000 -0.18462149E+000 -0.52197138E-002  0.96539926E-003  0.91438022E+000  0.45470193E+001  0.88191008E+001  0.15860186E+002  0.21714217E+002
 -0.93136842E+000 -0.83200811E+000 -0.54954889E+000 -0.18462143E+000 -0.52197126E-002  0.96540073E-003  0.91438093E+000  0.45470193E+001  0.88191019E+001  0.15860191E+002  0.21714215E+002
 -0.93136841E+000 -0.83200810E+000 -0.54954886E+000 -0.18462136E+000 -0.52197115E-002  0.96540212E-003  0.91438167E+000  0.45470194E+001  0.88191031E+001  0.15860195E+002  0.21714213E+002
 -0.93136841E+000 -0.83200809E+000 -0.54954883E+000 -0.18462130E+000 -0.52197105E-002  0.96540341E-003  0.91438243E+000  0.45470195E+001  0.88191044E+001  0.15860200E+002  0.21714212E+002
 -0.93136841E+000 -0.83200808E+000 -0.54954880E+000 -0.18462125E+000 -0.52197096E-002  0.96540463E-003  0.91438321E+000  0.45470197E+001  0.88191057E+001  0.15860205E+002  0.21714210E+002
 -0.93136840E+000 -0.83200807E+000 -0.54954878E+000 -0.18462120E+000 -0.52197088E-002  0.96540577E-003  0.91438401E+000  0.45470200E+001  0.88191071E+001  0.15860209E+002  0.21714209E+002
 -0.93136840E+000 -0.83200806E+000 -0.54954876E+000 -0.18462116E+000 -0.52197080E-002  0.96540683E-003  0.91438482E+000  0.45470203E+001  0.88191085E+001  0.15860214E+002  0.21714207E+002
 -0.93136840E+000 -0.83200806E+000 -0.54954874E+000 -0.18462112E+000 -0.52197073E-002  0.96540782E-003  0.91438564E+000  0.45470206E+001  0.88191100E+001  0.15860219E+002  0.21714206E+002
 -0.93136840E+000 -0.83200805E+000 -0.54954872E+000 -0.18462109E+000 -0.52197067E-002  0.96540875E-003  0.91438647E+000  0.45470210E+001  0.88191114E+001  0.15860224E+002  0.21714204E+002
 -0.93136840E+000 -0.83200805E+000 -0.54954871E+000 -0.18462106E+000 -0.52197061E-002  0.96540961E-003  0.91438731E+000  0.45470214E+001  0.88191129E+001  0.15860229E+002  0.21714203E+002
 -0.93136840E+000 -0.83200805E+000 -0.54954870E+000 -0.18462103E+000 -0.52197056E-002  0.96541042E-003  0.91438815E+000  0.45470218E+001  0.88191145E+001  0.15860233E+002  0.21714202E+002
 -0.93136840E+000 -0.83200805E+000 -0.54954869E+000 -0.18462100E+000 -0.52197051E-002  0.96541117E-003  0.91438900E+000  0.45470223E+001  0.88191160E+001  0.15860238E+002  0.21714201E+002
 -0.93136840E+000 -0.83200804E+000 -0.54954868E+000 -0.18462098E+000 -0.52197047E-002  0.96541187E-003  0.91438985E+000  0.45470228E+001  0.88191176E+001  0.15860243E+002  0.21714200E+002
 -0.93136840E+000 -0.83200804E+000 -0.54954868E+000 -0.18462096E+000 -0.52197043E-002  0.96541252E-003  0.91439070E+000  0.45470233E+001  0.88191192E+001  0.15860248E+002  0.21714199E+002
 -0.93136841E+000 -0.83200804E+000 -0.54954867E+000 -0.18462094E+000 -0.52197039E-002  0.96541312E-003  0.91439155E+000  0.45470238E+001  0.88191208E+001  0.15860253E+002  0.21714198E+002
 -0.93136841E+000 -0.83200804E+000 -0.54954867E+000 -0.18462093E+000 -0.52197036E-002  0.96541368E-003  0.91439240E+000  0.45470243E+001  0.88191224E+001  0.15860258E+002  0.21714197E+002
 -0.93136841E+000 -0.83200804E+000 -0.54954867E+000 -0.18462091E+000 -0.52197033E-002  0.96541420E-003  0.91439324E+000  0.45470249E+001  0.88191239E+001  0.15860262E+002  0.21714196E+002
 -0.93136841E+000 -0.83200805E+000 -0.54954868E+000 -0.18462091E+000 -0.52197031E-002  0.96541467E-003  0.91439407E+000  0.45470254E+001  0.88191255E+001  0.15860267E+002  0.21714195E+002
 -0.93136842E+000 -0.83200806E+000 -0.54954869E+000 -0.18462091E+000 -0.52197030E-002  0.96541508E-003  0.91439488E+000  0.45470260E+001  0.88191271E+001  0.15860272E+002  0.21714195E+002
 -0.93136843E+000 -0.83200808E+000 -0.54954873E+000 -0.18462093E+000 -0.52197032E-002  0.96541536E-003  0.91439564E+000  0.45470265E+001  0.88191286E+001  0.15860276E+002  0.21714194E+002
 -0.93136844E+000 -0.83200809E+000 -0.54954877E+000 -0.18462096E+000 -0.52197038E-002  0.96541555E-003  0.91439638E+000  0.45470270E+001  0.88191300E+001  0.15860280E+002  0.21714193E+002
