 -0.82432698E+000 -0.64306586E+000 -0.27718852E+000 -0.66090083E-004  0.84334857E-001  0.17427324E+001  0.12065012E+002  0.59173121E+002  0.13400209E+003  0.34790478E+003  0.65682852E+003
 -0.82477413E+000 -0.64398503E+000 -0.27753594E+000 -0.67785670E-004  0.84009523E-001  0.17405327E+001  0.12055421E+002  0.59173061E+002  0.13400178E+003  0.34790423E+003  0.65682695E+003
 -0.82511309E+000 -0.64471795E+000 -0.27781471E+000 -0.68600149E-004  0.78990386E-001  0.17387118E+001  0.12047365E+002  0.59173044E+002  0.13400167E+003  0.34790395E+003  0.65682614E+003
 -0.82536357E+000 -0.64529241E+000 -0.27803592E+000 -0.68918033E-004  0.77269793E-001  0.17372126E+001  0.12040632E+002  0.59173041E+002  0.13400163E+003  0.34790380E+003  0.65682577E+003
 -0.82554351E+000 -0.64573415E+000 -0.27820928E+000 -0.68957579E-004  0.76890170E-001  0.17359859E+001  0.12035005E+002  0.59173043E+002  0.13400163E+003  0.34790373E+003  0.65682564E+003
 -0.82566808E+000 -0.64606589E+000 -0.27834298E+000 -0.68849041E-004  0.76878738E-001  0.17349892E+001  0.12030321E+002  0.59173046E+002  0.13400164E+003  0.34790370E+003  0.65682565E+003
 -0.82574969E+000 -0.64630742E+000 -0.27844382E+000 -0.68670811E-004  0.76870462E-001  0.17341868E+001  0.12026437E+002  0.59173049E+002  0.13400165E+003  0.34790368E+003  0.65682571E+003
 -0.82579847E+000 -0.64647547E+000 -0.27851745E+000 -0.68468647E-004  0.76864711E-001  0.17335481E+001  0.12023236E+002  0.59173053E+002  0.13400167E+003  0.34790369E+003  0.65682580E+003
 -0.82582235E+000 -0.64658413E+000 -0.27856851E+000 -0.68267573E-004  0.76860963E-001  0.17325304E+001  0.12020615E+002  0.59173056E+002  0.13400169E+003  0.34790369E+003  0.65682590E+003
 -0.82582750E+000 -0.64664509E+000 -0.27860088E+000 -0.68079761E-004  0.76858795E-001  0.17310609E+001  0.12018487E+002  0.59173058E+002  0.13400170E+003  0.34790370E+003  0.65682599E+003
 -0.82581871E+000 -0.64666797E+000 -0.27861777E+000 -0.67909854E-004  0.76857870E-001  0.17299670E+001  0.12016779E+002  0.59173060E+002  0.13400171E+003  0.34790371E+003  0.65682608E+003
 -0.82579970E+000 -0.64666063E+000 -0.27862186E+000 -0.67758436E-004  0.76857913E-001  0.17291905E+001  0.12015427E+002  0.59173062E+002  0.13400172E+003  0.34790372E+003  0.65682615E+003
 -0.82577330E+000 -0.64662949E+000 -0.27861540E+000 -0.67624105E-004  0.76858710E-001  0.17286824E+001  0.12014379E+002  0.59173064E+002  0.13400173E+003  0.34790373E+003  0.65682622E+003
 -0.82574168E+000 -0.64657972E+000 -0.27860026E+000 -0.67504703E-004  0.76860090E-001  0.17284015E+001  0.12013589E+002  0.59173065E+002  0.13400174E+003  0.34790374E+003  0.65682628E+003
 -0.82570648E+000 -0.64651553E+000 -0.27857802E+000 -0.67397999E-004  0.76861918E-001  0.17283131E+001  0.12013019E+002  0.59173067E+002  0.13400175E+003  0.34790375E+003  0.65682633E+003
 -0.82566892E+000 -0.64644032E+000 -0.27854999E+000 -0.67301977E-004  0.76864087E-001  0.17283878E+001  0.12012637E+002  0.59173068E+002  0.13400176E+003  0.34790375E+003  0.65682638E+003
 -0.82562994E+000 -0.64635683E+000 -0.27851729E+000 -0.67214933E-004  0.76866514E-001  0.17286012E+001  0.12012415E+002  0.59173069E+002  0.13400176E+003  0.34790376E+003  0.65682642E+003
 -0.82559023E+000 -0.64626727E+000 -0.27848086E+000 -0.67135475E-004  0.76869131E-001  0.17289323E+001  0.12012329E+002  0.59173070E+002  0.13400177E+003  0.34790377E+003  0.65682645E+003
 -0.82555030E+000 -0.64617342E+000 -0.27844150E+000 -0.67062490E-004  0.76871887E-001  0.17293633E+001  0.12012360E+002  0.59173070E+002  0.13400177E+003  0.34790377E+003  0.65682648E+003
 -0.82551053E+000 -0.64607671E+000 -0.27839987E+000 -0.66995093E-004  0.76874741E-001  0.17298789E+001  0.12012490E+002  0.59173071E+002  0.13400178E+003  0.34790378E+003  0.65682650E+003
 -0.82547118E+000 -0.64597826E+000 -0.27835655E+000 -0.66932581E-004  0.76877660E-001  0.17304661E+001  0.12012705E+002  0.59173072E+002  0.13400178E+003  0.34790378E+003  0.65682652E+003
 -0.82543245E+000 -0.64587897E+000 -0.27831201E+000 -0.66874392E-004  0.76880618E-001  0.17311134E+001  0.12012993E+002  0.59173072E+002  0.13400178E+003  0.34790378E+003  0.65682654E+003
 -0.82539445E+000 -0.64577953E+000 -0.27826666E+000 -0.66820073E-004  0.76883594E-001  0.17318111E+001  0.12013342E+002  0.59173073E+002  0.13400178E+003  0.34790379E+003  0.65682656E+003
 -0.82535727E+000 -0.64568046E+000 -0.27822085E+000 -0.66769253E-004  0.76886573E-001  0.17325506E+001  0.12013744E+002  0.59173073E+002  0.13400179E+003  0.34790379E+003  0.65682657E+003
 -0.82532094E+000 -0.64558218E+000 -0.27817487E+000 -0.66721626E-004  0.76889541E-001  0.17332551E+001  0.12014191E+002  0.59173073E+002  0.13400179E+003  0.34790379E+003  0.65682658E+003
 -0.82528546E+000 -0.64548497E+000 -0.27812898E+000 -0.66676934E-004  0.76892487E-001  0.17334647E+001  0.12014676E+002  0.59173074E+002  0.13400179E+003  0.34790380E+003  0.65682659E+003
 -0.82525083E+000 -0.64538904E+000 -0.27808338E+000 -0.66634960E-004  0.76895403E-001  0.17336801E+001  0.12015195E+002  0.59173074E+002  0.13400179E+003  0.34790380E+003  0.65682660E+003
 -0.82521700E+000 -0.64529453E+000 -0.27803826E+000 -0.66595517E-004  0.76898283E-001  0.17339000E+001  0.12015742E+002  0.59173074E+002  0.13400179E+003  0.34790380E+003  0.65682661E+003
 -0.82518394E+000 -0.64520153E+000 -0.27799379E+000 -0.66558440E-004  0.76901121E-001  0.17341232E+001  0.12016314E+002  0.59173075E+002  0.13400180E+003  0.34790380E+003  0.65682662E+003
 -0.82515159E+000 -0.64511008E+000 -0.27795009E+000 -0.66523586E-004  0.77140857E-001  0.17343487E+001  0.12016907E+002  0.59173075E+002  0.13400180E+003  0.34790381E+003  0.65682662E+003
 -0.82511989E+000 -0.64502018E+000 -0.27790728E+000 -0.66490824E-004  0.77384066E-001  0.17345756E+001  0.12017518E+002  0.59173075E+002  0.13400180E+003  0.34790381E+003  0.65682663E+003
 -0.82508876E+000 -0.64493184E+000 -0.27786546E+000 -0.66460039E-004  0.77622778E-001  0.17348030E+001  0.12018146E+002  0.59173076E+002  0.13400180E+003  0.34790381E+003  0.65682663E+003
 -0.82505816E+000 -0.64484501E+000 -0.27782472E+000 -0.66431125E-004  0.77856806E-001  0.17350304E+001  0.12018788E+002  0.59173076E+002  0.13400180E+003  0.34790381E+003  0.65682664E+003
 -0.82502801E+000 -0.64475967E+000 -0.27778511E+000 -0.66403983E-004  0.78086009E-001  0.17352570E+001  0.12019442E+002  0.59173076E+002  0.13400180E+003  0.34790381E+003  0.65682664E+003
 -0.82499824E+000 -0.64467578E+000 -0.27774670E+000 -0.66378522E-004  0.78310289E-001  0.17354825E+001  0.12020107E+002  0.59173076E+002  0.13400180E+003  0.34790381E+003  0.65682665E+003
 -0.82496881E+000 -0.64459331E+000 -0.27770954E+000 -0.66354655E-004  0.78529581E-001  0.17357063E+001  0.12020781E+002  0.59173077E+002  0.13400180E+003  0.34790382E+003  0.65682665E+003
 -0.82493966E+000 -0.64451223E+000 -0.27767367E+000 -0.66332301E-004  0.78743850E-001  0.17359280E+001  0.12021463E+002  0.59173077E+002  0.13400180E+003  0.34790382E+003  0.65682666E+003
 -0.82491074E+000 -0.64443252E+000 -0.27763911E+000 -0.66311381E-004  0.78953086E-001  0.17361473E+001  0.12022153E+002  0.59173077E+002  0.13400180E+003  0.34790382E+003  0.65682666E+003
 -0.82488203E+000 -0.64435418E+000 -0.27760590E+000 -0.66291818E-004  0.79157303E-001  0.17363640E+001  0.12022847E+002  0.59173077E+002  0.13400181E+003  0.34790382E+003  0.65682666E+003
 -0.82485348E+000 -0.64427722E+000 -0.27757405E+000 -0.66273540E-004  0.79356534E-001  0.17365777E+001  0.12023546E+002  0.59173078E+002  0.13400181E+003  0.34790382E+003  0.65682667E+003
 -0.82482509E+000 -0.64420166E+000 -0.27754357E+000 -0.66256475E-004  0.79714235E-001  0.17367883E+001  0.12024247E+002  0.59173078E+002  0.13400181E+003  0.34790382E+003  0.65682667E+003
 -0.82479685E+000 -0.64412753E+000 -0.27751447E+000 -0.66240556E-004  0.80198881E-001  0.17369955E+001  0.12024951E+002  0.59173078E+002  0.13400181E+003  0.34790383E+003  0.65682667E+003
 -0.82476877E+000 -0.64405488E+000 -0.27748674E+000 -0.66225716E-004  0.80670930E-001  0.17371990E+001  0.12025655E+002  0.59173078E+002  0.13400181E+003  0.34790383E+003  0.65682668E+003
 -0.82474086E+000 -0.64398379E+000 -0.27746038E+000 -0.66211892E-004  0.81130652E-001  0.17373988E+001  0.12026358E+002  0.59173079E+002  0.13400181E+003  0.34790383E+003  0.65682668E+003
 -0.82471314E+000 -0.64391432E+000 -0.27743539E+000 -0.66199023E-004  0.81578332E-001  0.17375946E+001  0.12027059E+002  0.59173079E+002  0.13400181E+003  0.34790383E+003  0.65682668E+003
 -0.82468567E+000 -0.64384655E+000 -0.27741175E+000 -0.66187052E-004  0.82014272E-001  0.17377863E+001  0.12027756E+002  0.59173079E+002  0.13400181E+003  0.34790383E+003  0.65682669E+003
 -0.82465849E+000 -0.64378059E+000 -0.27738944E+000 -0.66175922E-004  0.82438787E-001  0.17379735E+001  0.12028450E+002  0.59173079E+002  0.13400181E+003  0.34790384E+003  0.65682669E+003
 -0.82463166E+000 -0.64371654E+000 -0.27736844E+000 -0.66165584E-004  0.82852208E-001  0.17381562E+001  0.12029138E+002  0.59173080E+002  0.13400181E+003  0.34790384E+003  0.65682669E+003
 -0.82460525E+000 -0.64365448E+000 -0.27734873E+000 -0.66155989E-004  0.83254883E-001  0.17383341E+001  0.12029820E+002  0.59173080E+002  0.13400181E+003  0.34790384E+003  0.65682670E+003
 -0.82457934E+000 -0.64359452E+000 -0.27733028E+000 -0.66147091E-004  0.83647174E-001  0.17385072E+001  0.12030495E+002  0.59173080E+002  0.13400182E+003  0.34790384E+003  0.65682670E+003
 -0.82455401E+000 -0.64353677E+000 -0.27731306E+000 -0.66138849E-004  0.84010142E-001  0.17386751E+001  0.12031163E+002  0.59173081E+002  0.13400182E+003  0.34790384E+003  0.65682671E+003
 -0.82452934E+000 -0.64348131E+000 -0.27729704E+000 -0.66131223E-004  0.84027015E-001  0.17388378E+001  0.12031823E+002  0.59173081E+002  0.13400182E+003  0.34790385E+003  0.65682671E+003
 -0.82450540E+000 -0.64342823E+000 -0.27728217E+000 -0.66124179E-004  0.84043475E-001  0.17389951E+001  0.12032474E+002  0.59173081E+002  0.13400182E+003  0.34790385E+003  0.65682671E+003
 -0.82448230E+000 -0.64337761E+000 -0.27726843E+000 -0.66117680E-004  0.84059542E-001  0.17391468E+001  0.12033118E+002  0.59173082E+002  0.13400182E+003  0.34790385E+003  0.65682672E+003
 -0.82446009E+000 -0.64332950E+000 -0.27725577E+000 -0.66111698E-004  0.84075236E-001  0.17392929E+001  0.12033752E+002  0.59173082E+002  0.13400182E+003  0.34790385E+003  0.65682672E+003
 -0.82443884E+000 -0.64328396E+000 -0.27724414E+000 -0.66106201E-004  0.84090579E-001  0.17394334E+001  0.12034378E+002  0.59173082E+002  0.13400182E+003  0.34790385E+003  0.65682673E+003
 -0.82441863E+000 -0.64324104E+000 -0.27723352E+000 -0.66101164E-004  0.84105589E-001  0.17395681E+001  0.12034995E+002  0.59173082E+002  0.13400182E+003  0.34790386E+003  0.65682673E+003
 -0.82439951E+000 -0.64320074E+000 -0.27722384E+000 -0.66096558E-004  0.84120287E-001  0.17396970E+001  0.12035603E+002  0.59173083E+002  0.13400182E+003  0.34790386E+003  0.65682673E+003
 -0.82438150E+000 -0.64316307E+000 -0.27721506E+000 -0.66092360E-004  0.84134692E-001  0.17398202E+001  0.12036202E+002  0.59173083E+002  0.13400183E+003  0.34790386E+003  0.65682674E+003
 -0.82436464E+000 -0.64312803E+000 -0.27720714E+000 -0.66088545E-004  0.84148820E-001  0.17399377E+001  0.12036791E+002  0.59173084E+002  0.13400183E+003  0.34790386E+003  0.65682674E+003
 -0.82434895E+000 -0.64309558E+000 -0.27720003E+000 -0.66085091E-004  0.84162687E-001  0.17400496E+001  0.12037372E+002  0.59173084E+002  0.13400183E+003  0.34790387E+003  0.65682675E+003
 -0.82433443E+000 -0.64306570E+000 -0.27719369E+000 -0.66081976E-004  0.84176302E-001  0.17401560E+001  0.12037942E+002  0.59173084E+002  0.13400183E+003  0.34790387E+003  0.65682675E+003
 -0.82432106E+000 -0.64303832E+000 -0.27718805E+000 -0.66079180E-004  0.84189675E-001  0.17402569E+001  0.12038503E+002  0.59173085E+002  0.13400183E+003  0.34790387E+003  0.65682676E+003
 -0.82430884E+000 -0.64301340E+000 -0.27718309E+000 -0.66076681E-004  0.84202808E-001  0.17403527E+001  0.12039054E+002  0.59173085E+002  0.13400183E+003  0.34790387E+003  0.65682676E+003
 -0.82429774E+000 -0.64299085E+000 -0.27717876E+000 -0.66074463E-004  0.84215701E-001  0.17404435E+001  0.12039595E+002  0.59173085E+002  0.13400183E+003  0.34790388E+003  0.65682676E+003
 -0.82428771E+000 -0.64297059E+000 -0.27717500E+000 -0.66072505E-004  0.84228348E-001  0.17405294E+001  0.12040125E+002  0.59173086E+002  0.13400183E+003  0.34790388E+003  0.65682677E+003
 -0.82427871E+000 -0.64295254E+000 -0.27717179E+000 -0.66070791E-004  0.84240740E-001  0.17406108E+001  0.12040646E+002  0.59173086E+002  0.13400184E+003  0.34790388E+003  0.65682677E+003
 -0.82427071E+000 -0.64293660E+000 -0.27716908E+000 -0.66069304E-004  0.84252861E-001  0.17406878E+001  0.12041156E+002  0.59173086E+002  0.13400184E+003  0.34790388E+003  0.65682678E+003
 -0.82426363E+000 -0.64292267E+000 -0.27716684E+000 -0.66068028E-004  0.84264693E-001  0.17407607E+001  0.12041655E+002  0.59173087E+002  0.13400184E+003  0.34790389E+003  0.65682678E+003
 -0.82425744E+000 -0.64291066E+000 -0.27716502E+000 -0.66066948E-004  0.84276214E-001  0.17408298E+001  0.12042143E+002  0.59173087E+002  0.13400184E+003  0.34790389E+003  0.65682679E+003
 -0.82425208E+000 -0.64290046E+000 -0.27716360E+000 -0.66066049E-004  0.84287398E-001  0.17408954E+001  0.12042621E+002  0.59173088E+002  0.13400184E+003  0.34790389E+003  0.65682679E+003
 -0.82424749E+000 -0.64289198E+000 -0.27716254E+000 -0.66065319E-004  0.84298218E-001  0.17409578E+001  0.12043088E+002  0.59173088E+002  0.13400184E+003  0.34790390E+003  0.65682680E+003
 -0.82424363E+000 -0.64288510E+000 -0.27716181E+000 -0.66064744E-004  0.84308643E-001  0.17410171E+001  0.12043544E+002  0.59173088E+002  0.13400185E+003  0.34790390E+003  0.65682680E+003
 -0.82424044E+000 -0.64287974E+000 -0.27716138E+000 -0.66064313E-004  0.84318645E-001  0.17410736E+001  0.12043990E+002  0.59173089E+002  0.13400185E+003  0.34790390E+003  0.65682681E+003
 -0.82423788E+000 -0.64287580E+000 -0.27716123E+000 -0.66064014E-004  0.84328193E-001  0.17411277E+001  0.12044425E+002  0.59173089E+002  0.13400185E+003  0.34790390E+003  0.65682681E+003
 -0.82423590E+000 -0.64287317E+000 -0.27716133E+000 -0.66063837E-004  0.84337260E-001  0.17411795E+001  0.12044850E+002  0.59173090E+002  0.13400185E+003  0.34790391E+003  0.65682682E+003
 -0.82423447E+000 -0.64287178E+000 -0.27716166E+000 -0.66063772E-004  0.84345820E-001  0.17412294E+001  0.12045264E+002  0.59173090E+002  0.13400185E+003  0.34790391E+003  0.65682682E+003
 -0.82423355E+000 -0.64287152E+000 -0.27716219E+000 -0.66063809E-004  0.84353848E-001  0.17412774E+001  0.12045669E+002  0.59173090E+002  0.13400186E+003  0.34790391E+003  0.65682683E+003
 -0.82423311E+000 -0.64287231E+000 -0.27716290E+000 -0.66063937E-004  0.84361325E-001  0.17413238E+001  0.12046064E+002  0.59173091E+002  0.13400186E+003  0.34790392E+003  0.65682683E+003
 -0.82423310E+000 -0.64287406E+000 -0.27716377E+000 -0.66064148E-004  0.84368235E-001  0.17413688E+001  0.12046449E+002  0.59173091E+002  0.13400186E+003  0.34790392E+003  0.65682684E+003
 -0.82423350E+000 -0.64287668E+000 -0.27716479E+000 -0.66064432E-004  0.84374568E-001  0.17414125E+001  0.12046826E+002  0.59173092E+002  0.13400186E+003  0.34790392E+003  0.65682684E+003
 -0.82423428E+000 -0.64288008E+000 -0.27716592E+000 -0.66064781E-004  0.84380316E-001  0.17414551E+001  0.12047194E+002  0.59173092E+002  0.13400186E+003  0.34790393E+003  0.65682685E+003
 -0.82423541E+000 -0.64288420E+000 -0.27716715E+000 -0.66065184E-004  0.84385480E-001  0.17414968E+001  0.12047555E+002  0.59173093E+002  0.13400187E+003  0.34790393E+003  0.65682685E+003
 -0.82423686E+000 -0.64288893E+000 -0.27716847E+000 -0.66065634E-004  0.84390063E-001  0.17415376E+001  0.12047908E+002  0.59173093E+002  0.13400187E+003  0.34790394E+003  0.65682685E+003
 -0.82423860E+000 -0.64289419E+000 -0.27716985E+000 -0.66066120E-004  0.84394075E-001  0.17415777E+001  0.12048254E+002  0.59173093E+002  0.13400187E+003  0.34790394E+003  0.65682686E+003
 -0.82424060E+000 -0.64289992E+000 -0.27717128E+000 -0.66066636E-004  0.84397530E-001  0.17416171E+001  0.12048593E+002  0.59173094E+002  0.13400187E+003  0.34790394E+003  0.65682686E+003
 -0.82424283E+000 -0.64290603E+000 -0.27717274E+000 -0.66067173E-004  0.84400447E-001  0.17416560E+001  0.12048927E+002  0.59173094E+002  0.13400187E+003  0.34790395E+003  0.65682687E+003
 -0.82424527E+000 -0.64291244E+000 -0.27717421E+000 -0.66067723E-004  0.84402848E-001  0.17416944E+001  0.12049255E+002  0.59173095E+002  0.13400188E+003  0.34790395E+003  0.65682687E+003
 -0.82424789E+000 -0.64291909E+000 -0.27717568E+000 -0.66068279E-004  0.84404761E-001  0.17417324E+001  0.12049579E+002  0.59173095E+002  0.13400188E+003  0.34790395E+003  0.65682688E+003
 -0.82425066E+000 -0.64292591E+000 -0.27717714E+000 -0.66068834E-004  0.84406215E-001  0.17417700E+001  0.12049898E+002  0.59173095E+002  0.13400188E+003  0.34790396E+003  0.65682688E+003
 -0.82425356E+000 -0.64293284E+000 -0.27717858E+000 -0.66069383E-004  0.84407241E-001  0.17418073E+001  0.12050213E+002  0.59173096E+002  0.13400188E+003  0.34790396E+003  0.65682689E+003
 -0.82425655E+000 -0.64293982E+000 -0.27717999E+000 -0.66069920E-004  0.84407873E-001  0.17418443E+001  0.12050525E+002  0.59173096E+002  0.13400189E+003  0.34790397E+003  0.65682689E+003
 -0.82425962E+000 -0.64294679E+000 -0.27718135E+000 -0.66070442E-004  0.84408147E-001  0.17418810E+001  0.12050834E+002  0.59173097E+002  0.13400189E+003  0.34790397E+003  0.65682690E+003
 -0.82426275E+000 -0.64295373E+000 -0.27718266E+000 -0.66070943E-004  0.84408098E-001  0.17419174E+001  0.12051140E+002  0.59173097E+002  0.13400189E+003  0.34790398E+003  0.65682690E+003
 -0.82426590E+000 -0.64296057E+000 -0.27718392E+000 -0.66071422E-004  0.84407762E-001  0.17419536E+001  0.12051443E+002  0.59173098E+002  0.13400189E+003  0.34790398E+003  0.65682691E+003
 -0.82426907E+000 -0.64296730E+000 -0.27718511E+000 -0.66071876E-004  0.84407173E-001  0.17419895E+001  0.12051744E+002  0.59173098E+002  0.13400190E+003  0.34790399E+003  0.65682691E+003
 -0.82427223E+000 -0.64297387E+000 -0.27718625E+000 -0.66072304E-004  0.84406366E-001  0.17420251E+001  0.12052044E+002  0.59173098E+002  0.13400190E+003  0.34790399E+003  0.65682692E+003
 -0.82427538E+000 -0.64298027E+000 -0.27718732E+000 -0.66072704E-004  0.84405373E-001  0.17420604E+001  0.12052341E+002  0.59173099E+002  0.13400190E+003  0.34790400E+003  0.65682692E+003
 -0.82427849E+000 -0.64298648E+000 -0.27718832E+000 -0.66073077E-004  0.84404225E-001  0.17420953E+001  0.12052637E+002  0.59173099E+002  0.13400190E+003  0.34790400E+003  0.65682693E+003
 -0.82428156E+000 -0.64299248E+000 -0.27718926E+000 -0.66073422E-004  0.84402953E-001  0.17421298E+001  0.12052931E+002  0.59173100E+002  0.13400191E+003  0.34790401E+003  0.65682694E+003
 -0.82428457E+000 -0.64299825E+000 -0.27719014E+000 -0.66073741E-004  0.84401582E-001  0.17421639E+001  0.12053223E+002  0.59173100E+002  0.13400191E+003  0.34790401E+003  0.65682694E+003
 -0.82428751E+000 -0.64300380E+000 -0.27719095E+000 -0.66074033E-004  0.84400138E-001  0.17421975E+001  0.12053514E+002  0.59173100E+002  0.13400191E+003  0.34790402E+003  0.65682695E+003
 -0.82429038E+000 -0.64300912E+000 -0.27719170E+000 -0.66074301E-004  0.84398644E-001  0.17422306E+001  0.12053803E+002  0.59173101E+002  0.13400191E+003  0.34790402E+003  0.65682695E+003
 -0.82429318E+000 -0.64301421E+000 -0.27719240E+000 -0.66074546E-004  0.84397119E-001  0.17422631E+001  0.12054091E+002  0.59173101E+002  0.13400192E+003  0.34790403E+003  0.65682696E+003
 -0.82429588E+000 -0.64301906E+000 -0.27719304E+000 -0.66074768E-004  0.84395581E-001  0.17422950E+001  0.12054376E+002  0.59173102E+002  0.13400192E+003  0.34790403E+003  0.65682696E+003
 -0.82429850E+000 -0.64302368E+000 -0.27719363E+000 -0.66074971E-004  0.84394047E-001  0.17423261E+001  0.12054660E+002  0.59173102E+002  0.13400192E+003  0.34790404E+003  0.65682697E+003
 -0.82430102E+000 -0.64302807E+000 -0.27719418E+000 -0.66075155E-004  0.84392531E-001  0.17423565E+001  0.12054942E+002  0.59173102E+002  0.13400192E+003  0.34790405E+003  0.65682698E+003
 -0.82430345E+000 -0.64303224E+000 -0.27719468E+000 -0.66075322E-004  0.84391042E-001  0.17423861E+001  0.12055221E+002  0.59173103E+002  0.13400193E+003  0.34790405E+003  0.65682698E+003
 -0.82430578E+000 -0.64303618E+000 -0.27719514E+000 -0.66075474E-004  0.84389592E-001  0.17424148E+001  0.12055499E+002  0.59173103E+002  0.13400193E+003  0.34790406E+003  0.65682699E+003
 -0.82430800E+000 -0.64303991E+000 -0.27719556E+000 -0.66075612E-004  0.84388189E-001  0.17424426E+001  0.12055773E+002  0.59173104E+002  0.13400193E+003  0.34790407E+003  0.65682700E+003
 -0.82431013E+000 -0.64304344E+000 -0.27719594E+000 -0.66075738E-004  0.84386837E-001  0.17424695E+001  0.12056046E+002  0.59173104E+002  0.13400193E+003  0.34790407E+003  0.65682701E+003
 -0.82431215E+000 -0.64304676E+000 -0.27719630E+000 -0.66075854E-004  0.84385543E-001  0.17424953E+001  0.12056315E+002  0.59173104E+002  0.13400194E+003  0.34790408E+003  0.65682701E+003
 -0.82431408E+000 -0.64304988E+000 -0.27719662E+000 -0.66075959E-004  0.84384310E-001  0.17425201E+001  0.12056581E+002  0.59173105E+002  0.13400194E+003  0.34790409E+003  0.65682702E+003
 -0.82431590E+000 -0.64305282E+000 -0.27719692E+000 -0.66076057E-004  0.84383140E-001  0.17425438E+001  0.12056844E+002  0.59173105E+002  0.13400194E+003  0.34790409E+003  0.65682703E+003
 -0.82431762E+000 -0.64305558E+000 -0.27719719E+000 -0.66076146E-004  0.84382035E-001  0.17425664E+001  0.12057104E+002  0.59173105E+002  0.13400195E+003  0.34790410E+003  0.65682704E+003
 -0.82431924E+000 -0.64305816E+000 -0.27719744E+000 -0.66076229E-004  0.84380995E-001  0.17425879E+001  0.12057360E+002  0.59173106E+002  0.13400195E+003  0.34790411E+003  0.65682705E+003
 -0.82432076E+000 -0.64306057E+000 -0.27719768E+000 -0.66076307E-004  0.84380020E-001  0.17426082E+001  0.12057612E+002  0.59173106E+002  0.13400195E+003  0.34790412E+003  0.65682706E+003
 -0.82432219E+000 -0.64306281E+000 -0.27719789E+000 -0.66076379E-004  0.84379110E-001  0.17426274E+001  0.12057860E+002  0.59173107E+002  0.13400195E+003  0.34790412E+003  0.65682707E+003
 -0.82432353E+000 -0.64306491E+000 -0.27719808E+000 -0.66076446E-004  0.84378262E-001  0.17426454E+001  0.12058104E+002  0.59173107E+002  0.13400196E+003  0.34790413E+003  0.65682708E+003
 -0.82432477E+000 -0.64306685E+000 -0.27719826E+000 -0.66076509E-004  0.84377477E-001  0.17426623E+001  0.12058343E+002  0.59173107E+002  0.13400196E+003  0.34790414E+003  0.65682709E+003
 -0.82432593E+000 -0.64306864E+000 -0.27719843E+000 -0.66076569E-004  0.84376750E-001  0.17426781E+001  0.12058577E+002  0.59173108E+002  0.13400196E+003  0.34790415E+003  0.65682710E+003
 -0.82432700E+000 -0.64307031E+000 -0.27719858E+000 -0.66076624E-004  0.84376081E-001  0.17426928E+001  0.12058807E+002  0.59173108E+002  0.13400196E+003  0.34790416E+003  0.65682711E+003
 -0.82432799E+000 -0.64307184E+000 -0.27719872E+000 -0.66076677E-004  0.84375467E-001  0.17427064E+001  0.12059032E+002  0.59173108E+002  0.13400197E+003  0.34790417E+003  0.65682712E+003
 -0.82432890E+000 -0.64307324E+000 -0.27719884E+000 -0.66076727E-004  0.84374904E-001  0.17427190E+001  0.12059251E+002  0.59173109E+002  0.13400197E+003  0.34790417E+003  0.65682713E+003
 -0.82432973E+000 -0.64307453E+000 -0.27719896E+000 -0.66076773E-004  0.84374392E-001  0.17427305E+001  0.12059465E+002  0.59173109E+002  0.13400197E+003  0.34790418E+003  0.65682714E+003
 -0.82433049E+000 -0.64307570E+000 -0.27719906E+000 -0.66076816E-004  0.84373926E-001  0.17427411E+001  0.12059674E+002  0.59173109E+002  0.13400197E+003  0.34790419E+003  0.65682715E+003
 -0.82433119E+000 -0.64307676E+000 -0.27719916E+000 -0.66076857E-004  0.84373504E-001  0.17427508E+001  0.12059876E+002  0.59173109E+002  0.13400198E+003  0.34790420E+003  0.65682717E+003
 -0.82433182E+000 -0.64307773E+000 -0.27719924E+000 -0.66076895E-004  0.84373124E-001  0.17427595E+001  0.12060073E+002  0.59173110E+002  0.13400198E+003  0.34790421E+003  0.65682718E+003
 -0.82433238E+000 -0.64307860E+000 -0.27719932E+000 -0.66076930E-004  0.84372782E-001  0.17427674E+001  0.12060264E+002  0.59173110E+002  0.13400198E+003  0.34790422E+003  0.65682719E+003
 -0.82433289E+000 -0.64307938E+000 -0.27719939E+000 -0.66076962E-004  0.84372477E-001  0.17427746E+001  0.12060448E+002  0.59173110E+002  0.13400198E+003  0.34790423E+003  0.65682721E+003
 -0.82433335E+000 -0.64308007E+000 -0.27719945E+000 -0.66076991E-004  0.84372205E-001  0.17427809E+001  0.12060627E+002  0.59173111E+002  0.13400199E+003  0.34790424E+003  0.65682722E+003
 -0.82433375E+000 -0.64308069E+000 -0.27719950E+000 -0.66077018E-004  0.84371965E-001  0.17427866E+001  0.12060799E+002  0.59173111E+002  0.13400199E+003  0.34790425E+003  0.65682723E+003
 -0.82433411E+000 -0.64308123E+000 -0.27719955E+000 -0.66077042E-004  0.84371754E-001  0.17427917E+001  0.12060965E+002  0.59173111E+002  0.13400199E+003  0.34790426E+003  0.65682725E+003
 -0.82433442E+000 -0.64308171E+000 -0.27719959E+000 -0.66077063E-004  0.84371570E-001  0.17427961E+001  0.12061124E+002  0.59173111E+002  0.13400199E+003  0.34790426E+003  0.65682726E+003
 -0.82433469E+000 -0.64308212E+000 -0.27719963E+000 -0.66077082E-004  0.84371410E-001  0.17428001E+001  0.12061277E+002  0.59173112E+002  0.13400200E+003  0.34790427E+003  0.65682728E+003
 -0.82433492E+000 -0.64308247E+000 -0.27719965E+000 -0.66077098E-004  0.84371272E-001  0.17428035E+001  0.12061424E+002  0.59173112E+002  0.13400200E+003  0.34790428E+003  0.65682729E+003
 -0.82433512E+000 -0.64308277E+000 -0.27719968E+000 -0.66077112E-004  0.84371156E-001  0.17428064E+001  0.12061564E+002  0.59173112E+002  0.13400200E+003  0.34790429E+003  0.65682731E+003
 -0.82433529E+000 -0.64308301E+000 -0.27719969E+000 -0.66077123E-004  0.84371058E-001  0.17428090E+001  0.12061698E+002  0.59173112E+002  0.13400200E+003  0.34790430E+003  0.65682733E+003
 -0.82433543E+000 -0.64308321E+000 -0.27719971E+000 -0.66077131E-004  0.84370977E-001  0.17428112E+001  0.12061826E+002  0.59173113E+002  0.13400200E+003  0.34790431E+003  0.65682734E+003
 -0.82433554E+000 -0.64308337E+000 -0.27719972E+000 -0.66077138E-004  0.84370912E-001  0.17428131E+001  0.12061947E+002  0.59173113E+002  0.13400201E+003  0.34790432E+003  0.65682736E+003
 -0.82433563E+000 -0.64308350E+000 -0.27719972E+000 -0.66077142E-004  0.84370861E-001  0.17428147E+001  0.12062063E+002  0.59173113E+002  0.13400201E+003  0.34790433E+003  0.65682738E+003
 -0.82433569E+000 -0.64308358E+000 -0.27719972E+000 -0.66077144E-004  0.84370822E-001  0.17428160E+001  0.12062172E+002  0.59173113E+002  0.13400201E+003  0.34790434E+003  0.65682739E+003
 -0.82433574E+000 -0.64308364E+000 -0.27719972E+000 -0.66077144E-004  0.84370794E-001  0.17428171E+001  0.12062275E+002  0.59173113E+002  0.13400201E+003  0.34790435E+003  0.65682741E+003
 -0.82433577E+000 -0.64308367E+000 -0.27719971E+000 -0.66077142E-004  0.84370777E-001  0.17428180E+001  0.12062373E+002  0.59173114E+002  0.13400201E+003  0.34790436E+003  0.65682743E+003
 -0.82433578E+000 -0.64308368E+000 -0.27719970E+000 -0.66077138E-004  0.84370768E-001  0.17428188E+001  0.12062465E+002  0.59173114E+002  0.13400202E+003  0.34790437E+003  0.65682745E+003
 -0.82433578E+000 -0.64308366E+000 -0.27719969E+000 -0.66077133E-004  0.84370767E-001  0.17428194E+001  0.12062552E+002  0.59173114E+002  0.13400202E+003  0.34790438E+003  0.65682746E+003
 -0.82433577E+000 -0.64308362E+000 -0.27719967E+000 -0.66077127E-004  0.84370772E-001  0.17428199E+001  0.12062634E+002  0.59173114E+002  0.13400202E+003  0.34790439E+003  0.65682748E+003
 -0.82433575E+000 -0.64308357E+000 -0.27719966E+000 -0.66077119E-004  0.84370783E-001  0.17428203E+001  0.12062710E+002  0.59173114E+002  0.13400202E+003  0.34790439E+003  0.65682750E+003
 -0.82433572E+000 -0.64308351E+000 -0.27719964E+000 -0.66077110E-004  0.84370799E-001  0.17428206E+001  0.12062782E+002  0.59173115E+002  0.13400202E+003  0.34790440E+003  0.65682752E+003
 -0.82433568E+000 -0.64308343E+000 -0.27719962E+000 -0.66077100E-004  0.84370819E-001  0.17428209E+001  0.12062849E+002  0.59173115E+002  0.13400203E+003  0.34790441E+003  0.65682754E+003
 -0.82433564E+000 -0.64308335E+000 -0.27719960E+000 -0.66077090E-004  0.84370842E-001  0.17428211E+001  0.12062912E+002  0.59173115E+002  0.13400203E+003  0.34790442E+003  0.65682756E+003
 -0.82433560E+000 -0.64308326E+000 -0.27719958E+000 -0.66077079E-004  0.84370868E-001  0.17428212E+001  0.12062970E+002  0.59173115E+002  0.13400203E+003  0.34790443E+003  0.65682757E+003
 -0.82433554E+000 -0.64308316E+000 -0.27719956E+000 -0.66077067E-004  0.84370896E-001  0.17428213E+001  0.12063024E+002  0.59173115E+002  0.13400203E+003  0.34790444E+003  0.65682759E+003
 -0.82433549E+000 -0.64308305E+000 -0.27719953E+000 -0.66077054E-004  0.84370926E-001  0.17428215E+001  0.12063075E+002  0.59173115E+002  0.13400203E+003  0.34790445E+003  0.65682761E+003
 -0.82433543E+000 -0.64308295E+000 -0.27719951E+000 -0.66077042E-004  0.84370956E-001  0.17428215E+001  0.12063122E+002  0.59173116E+002  0.13400203E+003  0.34790445E+003  0.65682763E+003
 -0.82433538E+000 -0.64308284E+000 -0.27719949E+000 -0.66077029E-004  0.84370987E-001  0.17428216E+001  0.12063165E+002  0.59173116E+002  0.13400203E+003  0.34790446E+003  0.65682765E+003
 -0.82433532E+000 -0.64308273E+000 -0.27719946E+000 -0.66077016E-004  0.84371018E-001  0.17428217E+001  0.12063205E+002  0.59173116E+002  0.13400204E+003  0.34790447E+003  0.65682767E+003
 -0.82433526E+000 -0.64308263E+000 -0.27719944E+000 -0.66077004E-004  0.84371049E-001  0.17428218E+001  0.12063242E+002  0.59173116E+002  0.13400204E+003  0.34790448E+003  0.65682769E+003
 -0.82433521E+000 -0.64308252E+000 -0.27719942E+000 -0.66076991E-004  0.84371080E-001  0.17428218E+001  0.12063276E+002  0.59173116E+002  0.13400204E+003  0.34790449E+003  0.65682770E+003
 -0.82433515E+000 -0.64308242E+000 -0.27719939E+000 -0.66076979E-004  0.84371109E-001  0.17428219E+001  0.12063308E+002  0.59173116E+002  0.13400204E+003  0.34790449E+003  0.65682772E+003
 -0.82433510E+000 -0.64308232E+000 -0.27719937E+000 -0.66076967E-004  0.84371138E-001  0.17428220E+001  0.12063337E+002  0.59173116E+002  0.13400204E+003  0.34790450E+003  0.65682774E+003
 -0.82433505E+000 -0.64308222E+000 -0.27719935E+000 -0.66076956E-004  0.84371165E-001  0.17428221E+001  0.12063364E+002  0.59173116E+002  0.13400204E+003  0.34790451E+003  0.65682776E+003
 -0.82433500E+000 -0.64308213E+000 -0.27719933E+000 -0.66076945E-004  0.84371191E-001  0.17428222E+001  0.12063389E+002  0.59173116E+002  0.13400204E+003  0.34790452E+003  0.65682778E+003
 -0.82433496E+000 -0.64308205E+000 -0.27719932E+000 -0.66076934E-004  0.84371215E-001  0.17428223E+001  0.12063411E+002  0.59173117E+002  0.13400204E+003  0.34790452E+003  0.65682779E+003
 -0.82433491E+000 -0.64308197E+000 -0.27719930E+000 -0.66076925E-004  0.84371238E-001  0.17428224E+001  0.12063432E+002  0.59173117E+002  0.13400205E+003  0.34790453E+003  0.65682781E+003
 -0.82433487E+000 -0.64308189E+000 -0.27719928E+000 -0.66076915E-004  0.84371259E-001  0.17428225E+001  0.12063451E+002  0.59173117E+002  0.13400205E+003  0.34790454E+003  0.65682783E+003
 -0.82433483E+000 -0.64308182E+000 -0.27719927E+000 -0.66076907E-004  0.84371279E-001  0.17428226E+001  0.12063468E+002  0.59173117E+002  0.13400205E+003  0.34790454E+003  0.65682785E+003
 -0.82433480E+000 -0.64308176E+000 -0.27719925E+000 -0.66076899E-004  0.84371296E-001  0.17428227E+001  0.12063484E+002  0.59173117E+002  0.13400205E+003  0.34790455E+003  0.65682786E+003
 -0.82433477E+000 -0.64308170E+000 -0.27719924E+000 -0.66076891E-004  0.84371312E-001  0.17428228E+001  0.12063499E+002  0.59173117E+002  0.13400205E+003  0.34790456E+003  0.65682788E+003
 -0.82433474E+000 -0.64308165E+000 -0.27719923E+000 -0.66076885E-004  0.84371325E-001  0.17428229E+001  0.12063512E+002  0.59173117E+002  0.13400205E+003  0.34790456E+003  0.65682790E+003
 -0.82433472E+000 -0.64308160E+000 -0.27719922E+000 -0.66076879E-004  0.84371337E-001  0.17428230E+001  0.12063524E+002  0.59173117E+002  0.13400205E+003  0.34790457E+003  0.65682791E+003
 -0.82433470E+000 -0.64308156E+000 -0.27719921E+000 -0.66076874E-004  0.84371348E-001  0.17428231E+001  0.12063535E+002  0.59173117E+002  0.13400205E+003  0.34790457E+003  0.65682793E+003
 -0.82433468E+000 -0.64308152E+000 -0.27719920E+000 -0.66076870E-004  0.84371356E-001  0.17428232E+001  0.12063545E+002  0.59173117E+002  0.13400205E+003  0.34790458E+003  0.65682795E+003
 -0.82433466E+000 -0.64308149E+000 -0.27719919E+000 -0.66076866E-004  0.84371363E-001  0.17428233E+001  0.12063554E+002  0.59173117E+002  0.13400205E+003  0.34790458E+003  0.65682796E+003
 -0.82433465E+000 -0.64308147E+000 -0.27719919E+000 -0.66076863E-004  0.84371369E-001  0.17428234E+001  0.12063563E+002  0.59173117E+002  0.13400205E+003  0.34790459E+003  0.65682798E+003
 -0.82433464E+000 -0.64308145E+000 -0.27719918E+000 -0.66076860E-004  0.84371372E-001  0.17428235E+001  0.12063570E+002  0.59173117E+002  0.13400205E+003  0.34790459E+003  0.65682799E+003
 -0.82433463E+000 -0.64308144E+000 -0.27719918E+000 -0.66076859E-004  0.84371375E-001  0.17428236E+001  0.12063577E+002  0.59173117E+002  0.13400206E+003  0.34790460E+003  0.65682801E+003
 -0.82433463E+000 -0.64308143E+000 -0.27719918E+000 -0.66076858E-004  0.84371376E-001  0.17428237E+001  0.12063584E+002  0.59173118E+002  0.13400206E+003  0.34790460E+003  0.65682802E+003
 -0.82433463E+000 -0.64308143E+000 -0.27719918E+000 -0.66076857E-004  0.84371376E-001  0.17428237E+001  0.12063589E+002  0.59173118E+002  0.13400206E+003  0.34790461E+003  0.65682803E+003
 -0.82433463E+000 -0.64308143E+000 -0.27719917E+000 -0.66076857E-004  0.84371374E-001  0.17428238E+001  0.12063595E+002  0.59173118E+002  0.13400206E+003  0.34790461E+003  0.65682805E+003
 -0.82433463E+000 -0.64308143E+000 -0.27719918E+000 -0.66076857E-004  0.84371372E-001  0.17428238E+001  0.12063599E+002  0.59173118E+002  0.13400206E+003  0.34790462E+003  0.65682806E+003
 -0.82433463E+000 -0.64308144E+000 -0.27719918E+000 -0.66076858E-004  0.84371369E-001  0.17428239E+001  0.12063604E+002  0.59173118E+002  0.13400206E+003  0.34790462E+003  0.65682808E+003
 -0.82433464E+000 -0.64308145E+000 -0.27719918E+000 -0.66076859E-004  0.84371365E-001  0.17428239E+001  0.12063608E+002  0.59173118E+002  0.13400206E+003  0.34790463E+003  0.65682809E+003
 -0.82433465E+000 -0.64308146E+000 -0.27719918E+000 -0.66076861E-004  0.84371361E-001  0.17428240E+001  0.12063611E+002  0.59173118E+002  0.13400206E+003  0.34790463E+003  0.65682810E+003
 -0.82433466E+000 -0.64308148E+000 -0.27719918E+000 -0.66076863E-004  0.84371356E-001  0.17428240E+001  0.12063614E+002  0.59173118E+002  0.13400206E+003  0.34790463E+003  0.65682811E+003
 -0.82433466E+000 -0.64308150E+000 -0.27719919E+000 -0.66076865E-004  0.84371350E-001  0.17428240E+001  0.12063617E+002  0.59173118E+002  0.13400206E+003  0.34790464E+003  0.65682812E+003
 -0.82433468E+000 -0.64308152E+000 -0.27719919E+000 -0.66076867E-004  0.84371345E-001  0.17428240E+001  0.12063620E+002  0.59173118E+002  0.13400206E+003  0.34790464E+003  0.65682814E+003
 -0.82433469E+000 -0.64308154E+000 -0.27719919E+000 -0.66076869E-004  0.84371339E-001  0.17428240E+001  0.12063622E+002  0.59173118E+002  0.13400206E+003  0.34790464E+003  0.65682815E+003
 -0.82433470E+000 -0.64308156E+000 -0.27719920E+000 -0.66076872E-004  0.84371333E-001  0.17428240E+001  0.12063624E+002  0.59173118E+002  0.13400206E+003  0.34790465E+003  0.65682816E+003
 -0.82433471E+000 -0.64308158E+000 -0.27719920E+000 -0.66076874E-004  0.84371327E-001  0.17428240E+001  0.12063626E+002  0.59173118E+002  0.13400206E+003  0.34790465E+003  0.65682817E+003
 -0.82433472E+000 -0.64308160E+000 -0.27719921E+000 -0.66076877E-004  0.84371321E-001  0.17428240E+001  0.12063628E+002  0.59173118E+002  0.13400206E+003  0.34790465E+003  0.65682818E+003
 -0.82433473E+000 -0.64308163E+000 -0.27719921E+000 -0.66076880E-004  0.84371316E-001  0.17428240E+001  0.12063630E+002  0.59173118E+002  0.13400206E+003  0.34790466E+003  0.65682819E+003
 -0.82433475E+000 -0.64308165E+000 -0.27719922E+000 -0.66076882E-004  0.84371311E-001  0.17428239E+001  0.12063631E+002  0.59173118E+002  0.13400206E+003  0.34790466E+003  0.65682820E+003
 -0.82433476E+000 -0.64308167E+000 -0.27719922E+000 -0.66076885E-004  0.84371306E-001  0.17428239E+001  0.12063632E+002  0.59173118E+002  0.13400206E+003  0.34790466E+003  0.65682821E+003
 -0.82433477E+000 -0.64308170E+000 -0.27719923E+000 -0.66076887E-004  0.84371301E-001  0.17428239E+001  0.12063633E+002  0.59173118E+002  0.13400206E+003  0.34790466E+003  0.65682822E+003
 -0.82433478E+000 -0.64308173E+000 -0.27719923E+000 -0.66076890E-004  0.84371297E-001  0.17428239E+001  0.12063634E+002  0.59173118E+002  0.13400206E+003  0.34790467E+003  0.65682823E+003
 -0.82433480E+000 -0.64308176E+000 -0.27719924E+000 -0.66076893E-004  0.84371292E-001  0.17428238E+001  0.12063635E+002  0.59173118E+002  0.13400206E+003  0.34790467E+003  0.65682823E+003
 -0.82433483E+000 -0.64308182E+000 -0.27719925E+000 -0.66076898E-004  0.84371287E-001  0.17428238E+001  0.12063636E+002  0.59173118E+002  0.13400206E+003  0.34790467E+003  0.65682824E+003
 -0.82433488E+000 -0.64308191E+000 -0.27719927E+000 -0.66076909E-004  0.84371278E-001  0.17428237E+001  0.12063637E+002  0.59173118E+002  0.13400206E+003  0.34790467E+003  0.65682825E+003
 -0.82433492E+000 -0.64308199E+000 -0.27719929E+000 -0.66076923E-004  0.84371265E-001  0.17428236E+001  0.12063637E+002  0.59173118E+002  0.13400206E+003  0.34790467E+003  0.65682826E+003
