  0.30878625E+000  0.34383021E+000  0.45395414E+000  0.59491735E+000  0.79248713E+000  0.88585933E+000  0.11850894E+001  0.18624946E+001  0.26152324E+001  0.43780989E+001  0.81182995E+001
  0.30863823E+000  0.34362461E+000  0.45374220E+000  0.59491735E+000  0.79221624E+000  0.88563591E+000  0.11851544E+001  0.18610222E+001  0.26148987E+001  0.43729161E+001  0.81177319E+001
  0.30851108E+000  0.34349654E+000  0.45350514E+000  0.59491735E+000  0.79151731E+000  0.88546001E+000  0.11851637E+001  0.18603518E+001  0.26144249E+001  0.43726906E+001  0.81172214E+001
  0.30840222E+000  0.34334640E+000  0.45337700E+000  0.59491735E+000  0.79088887E+000  0.88530148E+000  0.11852623E+001  0.18597783E+001  0.26142310E+001  0.43724898E+001  0.81168421E+001
  0.30830924E+000  0.34325615E+000  0.45324866E+000  0.59491735E+000  0.79070450E+000  0.88517553E+000  0.11852642E+001  0.18592616E+001  0.26140439E+001  0.43723123E+001  0.81166995E+001
  0.30822992E+000  0.34318029E+000  0.45314032E+000  0.59491735E+000  0.79055209E+000  0.88506791E+000  0.11853398E+001  0.18588642E+001  0.26136021E+001  0.43721513E+001  0.81165837E+001
  0.30816233E+000  0.34305808E+000  0.45300991E+000  0.59491735E+000  0.79037520E+000  0.88496973E+000  0.11853452E+001  0.18584953E+001  0.26133357E+001  0.43720475E+001  0.81164889E+001
  0.30810477E+000  0.34300165E+000  0.45294635E+000  0.59491735E+000  0.79025893E+000  0.88489123E+000  0.11850539E+001  0.18579610E+001  0.26131798E+001  0.43719324E+001  0.81164107E+001
  0.30805576E+000  0.34295382E+000  0.45287910E+000  0.59491735E+000  0.79017170E+000  0.88482740E+000  0.11849144E+001  0.18558795E+001  0.26132433E+001  0.43718343E+001  0.81163458E+001
  0.30801405E+000  0.34291328E+000  0.45281831E+000  0.59491735E+000  0.79009953E+000  0.88476058E+000  0.11847086E+001  0.18550537E+001  0.26132283E+001  0.43717508E+001  0.81162916E+001
  0.30797855E+000  0.34287890E+000  0.45274259E+000  0.59491735E+000  0.79003936E+000  0.88470715E+000  0.11847185E+001  0.18546577E+001  0.26130417E+001  0.43717082E+001  0.81162461E+001
  0.30794835E+000  0.34284976E+000  0.45270526E+000  0.59491735E+000  0.78998887E+000  0.88467371E+000  0.11847197E+001  0.18545049E+001  0.26128824E+001  0.43716483E+001  0.81162176E+001
  0.30792266E+000  0.34282507E+000  0.45267361E+000  0.59491735E+000  0.78994625E+000  0.88463228E+000  0.11847297E+001  0.18543745E+001  0.26128216E+001  0.43715893E+001  0.81162225E+001
  0.30790070E+000  0.34280417E+000  0.45264680E+000  0.59491735E+000  0.78989148E+000  0.88459727E+000  0.11847448E+001  0.18542635E+001  0.26127807E+001  0.43715393E+001  0.81162267E+001
  0.30787713E+000  0.34278648E+000  0.45262411E+000  0.59491735E+000  0.78986019E+000  0.88458856E+000  0.11847419E+001  0.18541692E+001  0.26127462E+001  0.43714969E+001  0.81162301E+001
  0.30786153E+000  0.34277154E+000  0.45260493E+000  0.59491735E+000  0.78983368E+000  0.88456360E+000  0.11847599E+001  0.18540895E+001  0.26129288E+001  0.43714612E+001  0.81162330E+001
  0.30784830E+000  0.34275895E+000  0.45258875E+000  0.59491735E+000  0.78981118E+000  0.88454263E+000  0.11847558E+001  0.18540222E+001  0.26128448E+001  0.43714311E+001  0.81162353E+001
  0.30784173E+000  0.34274835E+000  0.45257514E+000  0.59491735E+000  0.78979207E+000  0.88452507E+000  0.11847608E+001  0.18539657E+001  0.26127740E+001  0.43714089E+001  0.81162371E+001
  0.30783212E+000  0.34273946E+000  0.45256371E+000  0.59491735E+000  0.78973162E+000  0.88451042E+000  0.11847576E+001  0.18539184E+001  0.26127147E+001  0.43713915E+001  0.81162386E+001
  0.30781961E+000  0.34263615E+000  0.45255415E+000  0.59491735E+000  0.78971856E+000  0.88449825E+000  0.11847708E+001  0.18538791E+001  0.26126651E+001  0.43714421E+001  0.81162396E+001
  0.30781287E+000  0.34263015E+000  0.45254619E+000  0.59491735E+000  0.78970806E+000  0.88448821E+000  0.11847742E+001  0.18538467E+001  0.26126298E+001  0.43714295E+001  0.81162404E+001
  0.30780721E+000  0.34262524E+000  0.45253959E+000  0.59491735E+000  0.78969973E+000  0.88447999E+000  0.11847715E+001  0.18538201E+001  0.26126202E+001  0.43714191E+001  0.81162409E+001
  0.30780247E+000  0.34262124E+000  0.45253417E+000  0.59491735E+000  0.78969323E+000  0.88447332E+000  0.11847670E+001  0.18537986E+001  0.26126125E+001  0.43714107E+001  0.81162411E+001
  0.30780256E+000  0.34261803E+000  0.45252974E+000  0.59491735E+000  0.78968828E+000  0.88446797E+000  0.11847642E+001  0.18537814E+001  0.26126063E+001  0.43714038E+001  0.81162412E+001
  0.30779922E+000  0.34261548E+000  0.45251952E+000  0.59491735E+000  0.78968463E+000  0.88446374E+000  0.11847628E+001  0.18537678E+001  0.26126014E+001  0.43713983E+001  0.81162410E+001
  0.30779645E+000  0.34261350E+000  0.45251721E+000  0.59491735E+000  0.78968206E+000  0.88446047E+000  0.11847625E+001  0.18537574E+001  0.26125976E+001  0.43713939E+001  0.81162408E+001
  0.30779417E+000  0.34261201E+000  0.45251545E+000  0.59491735E+000  0.78968041E+000  0.88445802E+000  0.11847825E+001  0.18537496E+001  0.26125948E+001  0.43713906E+001  0.81162404E+001
  0.30779231E+000  0.34261091E+000  0.45251414E+000  0.59491735E+000  0.78967951E+000  0.88445624E+000  0.11847833E+001  0.18537441E+001  0.26125928E+001  0.43713880E+001  0.81162399E+001
  0.30779081E+000  0.34261017E+000  0.45251323E+000  0.59491735E+000  0.78967922E+000  0.88445505E+000  0.11847830E+001  0.18537405E+001  0.26125915E+001  0.43713862E+001  0.81162393E+001
  0.30778961E+000  0.34260970E+000  0.45251264E+000  0.59491735E+000  0.78967945E+000  0.88445434E+000  0.11847831E+001  0.18537385E+001  0.26125907E+001  0.43713850E+001  0.81162386E+001
  0.30778865E+000  0.34260948E+000  0.45251233E+000  0.59491735E+000  0.78968008E+000  0.88445403E+000  0.11847834E+001  0.18537379E+001  0.26125905E+001  0.43713843E+001  0.81162378E+001
  0.30778790E+000  0.34260945E+000  0.45251224E+000  0.59482682E+000  0.78968104E+000  0.88445406E+000  0.11847839E+001  0.18537384E+001  0.26125906E+001  0.43713841E+001  0.81162370E+001
  0.30778733E+000  0.34260958E+000  0.45251235E+000  0.59482688E+000  0.78968226E+000  0.88445437E+000  0.11847844E+001  0.18537397E+001  0.26125911E+001  0.43713841E+001  0.81162361E+001
  0.30778690E+000  0.34260985E+000  0.45251260E+000  0.59491735E+000  0.78968367E+000  0.88445490E+000  0.11847849E+001  0.18537419E+001  0.26125919E+001  0.43713845E+001  0.81162352E+001
  0.30778659E+000  0.34261022E+000  0.45251299E+000  0.59491735E+000  0.78968522E+000  0.88445562E+000  0.11847852E+001  0.18537446E+001  0.26125929E+001  0.43713851E+001  0.81162342E+001
  0.30778638E+000  0.34261068E+000  0.45251347E+000  0.59491735E+000  0.78968689E+000  0.88445649E+000  0.11847850E+001  0.18537479E+001  0.26125941E+001  0.43713858E+001  0.81162332E+001
  0.30778624E+000  0.34261121E+000  0.45251404E+000  0.59491735E+000  0.78968862E+000  0.88445747E+000  0.11847853E+001  0.18537515E+001  0.26125955E+001  0.43713868E+001  0.81162322E+001
  0.30778616E+000  0.34261178E+000  0.45251466E+000  0.59491735E+000  0.78969039E+000  0.88445854E+000  0.11848974E+001  0.18537554E+001  0.26125970E+001  0.43713878E+001  0.81162312E+001
  0.30778613E+000  0.34261240E+000  0.45251534E+000  0.59491735E+000  0.78969219E+000  0.88445968E+000  0.11851359E+001  0.18537596E+001  0.26125986E+001  0.43713890E+001  0.81162301E+001
  0.30778614E+000  0.34261304E+000  0.45251606E+000  0.59491735E+000  0.78969399E+000  0.88446088E+000  0.11851390E+001  0.18537639E+001  0.26126002E+001  0.43713902E+001  0.81162290E+001
  0.30778618E+000  0.34261370E+000  0.45251680E+000  0.59491735E+000  0.79018122E+000  0.88446212E+000  0.11851421E+001  0.18537683E+001  0.26126020E+001  0.43713915E+001  0.81162279E+001
  0.30778624E+000  0.34261438E+000  0.45251756E+000  0.59491735E+000  0.79019058E+000  0.88446338E+000  0.11851453E+001  0.18537728E+001  0.26126038E+001  0.43713928E+001  0.81162268E+001
  0.30778632E+000  0.34261506E+000  0.45251834E+000  0.59491735E+000  0.79019957E+000  0.88446466E+000  0.11851484E+001  0.18537774E+001  0.26126056E+001  0.43713941E+001  0.81162257E+001
  0.30778641E+000  0.34261575E+000  0.45251912E+000  0.59491735E+000  0.79020823E+000  0.88446596E+000  0.11851515E+001  0.18537820E+001  0.26126074E+001  0.43713955E+001  0.81162245E+001
  0.30778650E+000  0.34261644E+000  0.45251991E+000  0.59491735E+000  0.79039441E+000  0.88446725E+000  0.11851546E+001  0.18537866E+001  0.26126093E+001  0.43713969E+001  0.81162234E+001
  0.30778660E+000  0.34261713E+000  0.45252070E+000  0.59491735E+000  0.79039778E+000  0.88446855E+000  0.11851577E+001  0.18537912E+001  0.26126112E+001  0.43713982E+001  0.81162223E+001
  0.30778671E+000  0.34261781E+000  0.45252149E+000  0.59491735E+000  0.79040099E+000  0.88446985E+000  0.11851608E+001  0.18537957E+001  0.26126131E+001  0.43713996E+001  0.81162211E+001
  0.30778681E+000  0.34261849E+000  0.45252228E+000  0.59491735E+000  0.79040405E+000  0.88447114E+000  0.11851638E+001  0.18538002E+001  0.26126151E+001  0.43714010E+001  0.81162200E+001
  0.30778692E+000  0.34261916E+000  0.45252306E+000  0.59491735E+000  0.79040695E+000  0.88447242E+000  0.11851667E+001  0.18541314E+001  0.26126170E+001  0.43714024E+001  0.81162188E+001
  0.30778702E+000  0.34261982E+000  0.45252383E+000  0.59491735E+000  0.79040972E+000  0.88447369E+000  0.11851696E+001  0.18541388E+001  0.26126189E+001  0.43714038E+001  0.81162176E+001
  0.30778713E+000  0.34262048E+000  0.45252460E+000  0.59491735E+000  0.79041234E+000  0.88447496E+000  0.11851725E+001  0.18545651E+001  0.26126209E+001  0.43714052E+001  0.81162165E+001
  0.30778723E+000  0.34262113E+000  0.45252536E+000  0.59491735E+000  0.79041483E+000  0.88447621E+000  0.11851753E+001  0.18551676E+001  0.26126228E+001  0.43714066E+001  0.81162153E+001
  0.30778733E+000  0.34262176E+000  0.45252611E+000  0.59491735E+000  0.79041719E+000  0.88447745E+000  0.11851780E+001  0.18552233E+001  0.26126247E+001  0.43714079E+001  0.81162141E+001
  0.30778743E+000  0.34262239E+000  0.45252685E+000  0.59491735E+000  0.79041941E+000  0.88447868E+000  0.11851807E+001  0.18552396E+001  0.26126267E+001  0.43714093E+001  0.81162130E+001
  0.30778753E+000  0.34262301E+000  0.45252779E+000  0.59491735E+000  0.79042152E+000  0.88447989E+000  0.11851834E+001  0.18554255E+001  0.26126286E+001  0.43714106E+001  0.81162118E+001
  0.30778762E+000  0.34262361E+000  0.45252837E+000  0.59491735E+000  0.79042350E+000  0.88448109E+000  0.11851860E+001  0.18554301E+001  0.26126305E+001  0.43714120E+001  0.81162107E+001
  0.30778772E+000  0.34262421E+000  0.45252903E+000  0.59491735E+000  0.79045181E+000  0.88448228E+000  0.11851885E+001  0.18554354E+001  0.26126324E+001  0.43714133E+001  0.81162095E+001
  0.30778781E+000  0.34262480E+000  0.45252974E+000  0.59491735E+000  0.79045464E+000  0.88448345E+000  0.11851910E+001  0.18559077E+001  0.26126343E+001  0.43714146E+001  0.81162083E+001
  0.30778789E+000  0.34262538E+000  0.45253044E+000  0.59491735E+000  0.79045680E+000  0.88448462E+000  0.11851934E+001  0.18567530E+001  0.26126362E+001  0.43714159E+001  0.81162072E+001
  0.30778798E+000  0.34262594E+000  0.45253113E+000  0.59491735E+000  0.79045871E+000  0.88448577E+000  0.11851958E+001  0.18567649E+001  0.26126381E+001  0.43714172E+001  0.81162060E+001
  0.30778806E+000  0.34262650E+000  0.45253181E+000  0.59491735E+000  0.79046054E+000  0.88448690E+000  0.11851982E+001  0.18567692E+001  0.26126400E+001  0.43714185E+001  0.81162049E+001
  0.30778814E+000  0.34262705E+000  0.45253168E+000  0.59491735E+000  0.79046230E+000  0.88448803E+000  0.11852005E+001  0.18567733E+001  0.26126418E+001  0.43714198E+001  0.81162037E+001
  0.30778822E+000  0.34262758E+000  0.45253220E+000  0.59491735E+000  0.79046406E+000  0.88448914E+000  0.11852027E+001  0.18567775E+001  0.26126437E+001  0.43714210E+001  0.81162026E+001
  0.30778829E+000  0.34262811E+000  0.45253272E+000  0.59491735E+000  0.79046624E+000  0.88449025E+000  0.11852050E+001  0.18567816E+001  0.26126455E+001  0.43714223E+001  0.81162015E+001
  0.30778837E+000  0.34262863E+000  0.45253322E+000  0.59491735E+000  0.79046834E+000  0.88449134E+000  0.11852071E+001  0.18567856E+001  0.26126474E+001  0.43714235E+001  0.81162003E+001
  0.30778844E+000  0.34262914E+000  0.45253373E+000  0.59491735E+000  0.79047038E+000  0.88449243E+000  0.11852093E+001  0.18567896E+001  0.26126492E+001  0.43714247E+001  0.81161992E+001
  0.30778851E+000  0.34262965E+000  0.45253422E+000  0.59491735E+000  0.79047236E+000  0.88449350E+000  0.11852114E+001  0.18567936E+001  0.26126510E+001  0.43714260E+001  0.81161981E+001
  0.30778858E+000  0.34263015E+000  0.45253471E+000  0.59491735E+000  0.79047427E+000  0.88449457E+000  0.11852135E+001  0.18567697E+001  0.26126527E+001  0.43714272E+001  0.81161970E+001
  0.30778864E+000  0.34263064E+000  0.45253520E+000  0.59491735E+000  0.79047613E+000  0.88449563E+000  0.11852156E+001  0.18567721E+001  0.26126545E+001  0.43714284E+001  0.81161959E+001
  0.30778871E+000  0.34263112E+000  0.45253568E+000  0.59491735E+000  0.79047793E+000  0.88449668E+000  0.11852177E+001  0.18567745E+001  0.26126563E+001  0.43714296E+001  0.81161948E+001
  0.30778877E+000  0.34263160E+000  0.45253616E+000  0.59491735E+000  0.79047968E+000  0.88449772E+000  0.11852197E+001  0.18567770E+001  0.26126580E+001  0.43714308E+001  0.81161937E+001
  0.30778884E+000  0.34263207E+000  0.45253664E+000  0.59491735E+000  0.79048139E+000  0.88449876E+000  0.11852217E+001  0.18567795E+001  0.26126597E+001  0.43714320E+001  0.81161927E+001
  0.30778890E+000  0.34263254E+000  0.45253711E+000  0.59491735E+000  0.79048304E+000  0.88449978E+000  0.11852284E+001  0.18567820E+001  0.26126615E+001  0.43714331E+001  0.81161916E+001
  0.30778896E+000  0.34263301E+000  0.45253758E+000  0.59491735E+000  0.79048466E+000  0.88450080E+000  0.11852302E+001  0.18567846E+001  0.26126632E+001  0.43714343E+001  0.81161906E+001
  0.30778902E+000  0.34263347E+000  0.45253805E+000  0.59491735E+000  0.79048623E+000  0.88450181E+000  0.11852320E+001  0.18567872E+001  0.26126649E+001  0.43714355E+001  0.81161896E+001
  0.30778908E+000  0.34263392E+000  0.45253852E+000  0.59491735E+000  0.79048776E+000  0.88450282E+000  0.11852338E+001  0.18567897E+001  0.26126665E+001  0.43714366E+001  0.81161886E+001
  0.30778914E+000  0.34263437E+000  0.45253898E+000  0.59491735E+000  0.79048925E+000  0.88450381E+000  0.11852356E+001  0.18567923E+001  0.26126682E+001  0.43714378E+001  0.81161876E+001
  0.30778920E+000  0.34263481E+000  0.45253944E+000  0.59491735E+000  0.79049070E+000  0.88450478E+000  0.11852373E+001  0.18567949E+001  0.26126710E+001  0.43714389E+001  0.81161867E+001
  0.30778925E+000  0.34263525E+000  0.45253989E+000  0.59491735E+000  0.79049211E+000  0.88450575E+000  0.11852390E+001  0.18567975E+001  0.26126747E+001  0.43714400E+001  0.81161858E+001
  0.30778931E+000  0.34263568E+000  0.45254034E+000  0.59491735E+000  0.79049348E+000  0.88450670E+000  0.11852407E+001  0.18568001E+001  0.26126783E+001  0.43714411E+001  0.81161849E+001
  0.30778937E+000  0.34263610E+000  0.45254078E+000  0.59491735E+000  0.79049481E+000  0.88450763E+000  0.11852424E+001  0.18568027E+001  0.26126818E+001  0.43714421E+001  0.81161841E+001
  0.30778943E+000  0.34263651E+000  0.45254121E+000  0.59491735E+000  0.79049611E+000  0.88450854E+000  0.11852440E+001  0.18568052E+001  0.26126852E+001  0.43714432E+001  0.81161833E+001
  0.30778948E+000  0.34263691E+000  0.45254164E+000  0.59491735E+000  0.79049736E+000  0.88450942E+000  0.11852456E+001  0.18568078E+001  0.26126886E+001  0.43713921E+001  0.81161826E+001
  0.30778954E+000  0.34263731E+000  0.45254205E+000  0.59491735E+000  0.79049858E+000  0.88451029E+000  0.11852472E+001  0.18568103E+001  0.26126919E+001  0.43713934E+001  0.81161819E+001
  0.30778959E+000  0.34263769E+000  0.45254246E+000  0.59491735E+000  0.79049975E+000  0.88451112E+000  0.11852487E+001  0.18568128E+001  0.26126951E+001  0.43713946E+001  0.81161812E+001
  0.30778965E+000  0.34263806E+000  0.45254285E+000  0.59491735E+000  0.79050089E+000  0.88451193E+000  0.11852502E+001  0.18568153E+001  0.26126982E+001  0.43713958E+001  0.81161806E+001
  0.30778970E+000  0.34263841E+000  0.45254323E+000  0.59491735E+000  0.79050199E+000  0.88451272E+000  0.11852517E+001  0.18568177E+001  0.26127011E+001  0.43713970E+001  0.81161801E+001
  0.30778975E+000  0.34263876E+000  0.45254360E+000  0.59491735E+000  0.79050304E+000  0.88451347E+000  0.11852530E+001  0.18568201E+001  0.26127040E+001  0.43713982E+001  0.81161796E+001
  0.30778980E+000  0.34263909E+000  0.45254395E+000  0.59491735E+000  0.79050406E+000  0.88451419E+000  0.11852544E+001  0.18568224E+001  0.26127068E+001  0.43713993E+001  0.81161792E+001
  0.30778985E+000  0.34263940E+000  0.45254428E+000  0.59491735E+000  0.79050504E+000  0.88451487E+000  0.11852556E+001  0.18568247E+001  0.26127095E+001  0.43714004E+001  0.81161788E+001
  0.30778989E+000  0.34263970E+000  0.45254460E+000  0.59491735E+000  0.79050599E+000  0.88451553E+000  0.11852568E+001  0.18568270E+001  0.26127120E+001  0.43714014E+001  0.81161785E+001
  0.30778994E+000  0.34263999E+000  0.45254491E+000  0.59491735E+000  0.79050689E+000  0.88451615E+000  0.11852580E+001  0.18568292E+001  0.26127144E+001  0.43714025E+001  0.81161782E+001
  0.30778998E+000  0.34264026E+000  0.45254520E+000  0.59491735E+000  0.79050777E+000  0.88451674E+000  0.11852591E+001  0.18568313E+001  0.26127168E+001  0.43714035E+001  0.81161780E+001
  0.30779002E+000  0.34264052E+000  0.45254547E+000  0.59491735E+000  0.79050860E+000  0.88451730E+000  0.11852601E+001  0.18568335E+001  0.26127190E+001  0.43714044E+001  0.81161779E+001
  0.30779006E+000  0.34264076E+000  0.45254573E+000  0.59491735E+000  0.79050940E+000  0.88451782E+000  0.11852611E+001  0.18568355E+001  0.26127211E+001  0.43714054E+001  0.81161778E+001
  0.30779009E+000  0.34264099E+000  0.45254598E+000  0.59491735E+000  0.79051017E+000  0.88450320E+000  0.11852620E+001  0.18568375E+001  0.26127231E+001  0.43714063E+001  0.81161778E+001
  0.30779013E+000  0.34264121E+000  0.45254620E+000  0.59491735E+000  0.79051091E+000  0.88450367E+000  0.11852629E+001  0.18568395E+001  0.26127249E+001  0.43714071E+001  0.81161779E+001
  0.30779016E+000  0.34264141E+000  0.45254642E+000  0.59491735E+000  0.79051162E+000  0.88450411E+000  0.11852637E+001  0.18568414E+001  0.26127267E+001  0.43714080E+001  0.81161780E+001
  0.30779019E+000  0.34264160E+000  0.45254662E+000  0.59491735E+000  0.79051230E+000  0.88450453E+000  0.11852645E+001  0.18568433E+001  0.26127284E+001  0.43714088E+001  0.81161781E+001
  0.30779022E+000  0.34264178E+000  0.45254680E+000  0.59491735E+000  0.79051295E+000  0.88450491E+000  0.11852652E+001  0.18568451E+001  0.26127300E+001  0.43714096E+001  0.81161784E+001
  0.30779024E+000  0.34264194E+000  0.45254698E+000  0.59491735E+000  0.79051358E+000  0.88450527E+000  0.11852659E+001  0.18568469E+001  0.26127315E+001  0.43714104E+001  0.81161787E+001
  0.30779027E+000  0.34264210E+000  0.45254713E+000  0.59491735E+000  0.79051418E+000  0.88450560E+000  0.11852665E+001  0.18568486E+001  0.26127329E+001  0.43714112E+001  0.81161790E+001
  0.30779029E+000  0.34264224E+000  0.45254728E+000  0.59491735E+000  0.79051476E+000  0.88450591E+000  0.11852671E+001  0.18568503E+001  0.26127342E+001  0.43714119E+001  0.81161794E+001
  0.30779031E+000  0.34264238E+000  0.45254742E+000  0.59491735E+000  0.79051531E+000  0.88450620E+000  0.11852676E+001  0.18568519E+001  0.26127355E+001  0.43714127E+001  0.81161799E+001
  0.30779033E+000  0.34264250E+000  0.45254754E+000  0.59491735E+000  0.79051585E+000  0.88450646E+000  0.11852681E+001  0.18568535E+001  0.26127367E+001  0.43714134E+001  0.81161804E+001
  0.30779035E+000  0.34264262E+000  0.45254766E+000  0.59491735E+000  0.79051636E+000  0.88450671E+000  0.11852685E+001  0.18568551E+001  0.26127378E+001  0.43714141E+001  0.81161810E+001
  0.30779036E+000  0.34264272E+000  0.45254777E+000  0.59491735E+000  0.79051685E+000  0.88450693E+000  0.11852689E+001  0.18568566E+001  0.26127388E+001  0.43714147E+001  0.81161817E+001
  0.30779038E+000  0.34264282E+000  0.45254786E+000  0.59491735E+000  0.79051733E+000  0.88450714E+000  0.11852693E+001  0.18568581E+001  0.26127398E+001  0.43714154E+001  0.81161824E+001
  0.30779039E+000  0.34264291E+000  0.45254795E+000  0.59491735E+000  0.79051778E+000  0.88450733E+000  0.11852697E+001  0.18568596E+001  0.26127407E+001  0.43714161E+001  0.81161832E+001
  0.30779041E+000  0.34264299E+000  0.45254803E+000  0.59491735E+000  0.79051822E+000  0.88450750E+000  0.11852700E+001  0.18568610E+001  0.26127416E+001  0.43714167E+001  0.81161840E+001
  0.30779042E+000  0.34264307E+000  0.45254810E+000  0.59491735E+000  0.79051865E+000  0.88450766E+000  0.11852703E+001  0.18568624E+001  0.26127424E+001  0.43714174E+001  0.81161849E+001
  0.30779043E+000  0.34264314E+000  0.45254817E+000  0.59491735E+000  0.79051905E+000  0.88450780E+000  0.11852706E+001  0.18568638E+001  0.26127432E+001  0.43714180E+001  0.81161858E+001
  0.30779044E+000  0.34264320E+000  0.45254823E+000  0.59491735E+000  0.79051945E+000  0.88450793E+000  0.11852708E+001  0.18568651E+001  0.26127439E+001  0.43714186E+001  0.81161868E+001
  0.30779045E+000  0.34264326E+000  0.45254828E+000  0.59491735E+000  0.79051983E+000  0.88450805E+000  0.11852710E+001  0.18568664E+001  0.26127446E+001  0.43714193E+001  0.81161879E+001
  0.30779045E+000  0.34264332E+000  0.45254833E+000  0.59491735E+000  0.79052019E+000  0.88450816E+000  0.11852712E+001  0.18568677E+001  0.26127452E+001  0.43714199E+001  0.81161890E+001
  0.30779046E+000  0.34264337E+000  0.45254837E+000  0.59491735E+000  0.79052054E+000  0.88450825E+000  0.11852714E+001  0.18568689E+001  0.26127458E+001  0.43714205E+001  0.81161902E+001
  0.30779047E+000  0.34264341E+000  0.45254841E+000  0.59491735E+000  0.79052088E+000  0.88450834E+000  0.11852716E+001  0.18568702E+001  0.26127464E+001  0.43714212E+001  0.81161915E+001
  0.30779047E+000  0.34264345E+000  0.45254844E+000  0.59491735E+000  0.79052121E+000  0.88450842E+000  0.11852717E+001  0.18568714E+001  0.26127470E+001  0.43714218E+001  0.81161928E+001
  0.30779048E+000  0.34264349E+000  0.45254847E+000  0.59491735E+000  0.79052153E+000  0.88450849E+000  0.11852718E+001  0.18568725E+001  0.26127475E+001  0.43714224E+001  0.81161941E+001
  0.30779048E+000  0.34264352E+000  0.45254850E+000  0.59491735E+000  0.79052184E+000  0.88450855E+000  0.11852719E+001  0.18568737E+001  0.26127480E+001  0.43714230E+001  0.81161956E+001
  0.30779049E+000  0.34264355E+000  0.45254852E+000  0.59491735E+000  0.79052213E+000  0.88450861E+000  0.11852720E+001  0.18568748E+001  0.26127485E+001  0.43714236E+001  0.81161970E+001
  0.30779049E+000  0.34264358E+000  0.45254854E+000  0.59491735E+000  0.79052242E+000  0.88450865E+000  0.11852721E+001  0.18568759E+001  0.26127489E+001  0.43714243E+001  0.81161986E+001
  0.30779049E+000  0.34264360E+000  0.45254856E+000  0.59491735E+000  0.79052270E+000  0.88450870E+000  0.11852722E+001  0.18568770E+001  0.26127494E+001  0.43714249E+001  0.81162002E+001
  0.30779050E+000  0.34264362E+000  0.45254857E+000  0.59491735E+000  0.79052297E+000  0.88450874E+000  0.11852723E+001  0.18568780E+001  0.26127498E+001  0.43714255E+001  0.81162018E+001
  0.30779050E+000  0.34264364E+000  0.45254858E+000  0.59491735E+000  0.79052322E+000  0.88450877E+000  0.11852723E+001  0.18568790E+001  0.26127502E+001  0.43714261E+001  0.81162035E+001
  0.30779050E+000  0.34264366E+000  0.45254859E+000  0.59491735E+000  0.79052347E+000  0.88450880E+000  0.11852724E+001  0.18568800E+001  0.26127506E+001  0.43714268E+001  0.81162053E+001
  0.30779050E+000  0.34264367E+000  0.45254860E+000  0.59491735E+000  0.79052372E+000  0.88450882E+000  0.11852724E+001  0.18568810E+001  0.26127510E+001  0.43714274E+001  0.81162071E+001
  0.30779050E+000  0.34264369E+000  0.45254861E+000  0.59491735E+000  0.79052395E+000  0.88450884E+000  0.11852725E+001  0.18568820E+001  0.26127513E+001  0.43714281E+001  0.81162090E+001
  0.30779050E+000  0.34264370E+000  0.45254861E+000  0.59491735E+000  0.79052418E+000  0.88450886E+000  0.11852725E+001  0.18568829E+001  0.26127517E+001  0.43714287E+001  0.81162109E+001
  0.30779050E+000  0.34264371E+000  0.45254862E+000  0.59491735E+000  0.79052439E+000  0.88450888E+000  0.11852726E+001  0.18568839E+001  0.26127520E+001  0.43714293E+001  0.81162129E+001
  0.30779051E+000  0.34264372E+000  0.45254862E+000  0.59491735E+000  0.79052460E+000  0.88450889E+000  0.11852726E+001  0.18568848E+001  0.26127524E+001  0.43714300E+001  0.81162150E+001
  0.30779051E+000  0.34264372E+000  0.45254862E+000  0.59491735E+000  0.79052481E+000  0.88450890E+000  0.11852726E+001  0.18568857E+001  0.26127527E+001  0.43714306E+001  0.81162170E+001
  0.30779051E+000  0.34264373E+000  0.45254862E+000  0.59491735E+000  0.79052500E+000  0.88450891E+000  0.11852726E+001  0.18568865E+001  0.26127530E+001  0.43714313E+001  0.81162192E+001
  0.30779051E+000  0.34264374E+000  0.45254862E+000  0.59491735E+000  0.79052519E+000  0.88450892E+000  0.11852726E+001  0.18568874E+001  0.26127533E+001  0.43714319E+001  0.81162214E+001
  0.30779051E+000  0.34264374E+000  0.45254862E+000  0.59491735E+000  0.79052538E+000  0.88450892E+000  0.11852726E+001  0.18568882E+001  0.26127536E+001  0.43714326E+001  0.81162236E+001
  0.30779051E+000  0.34264375E+000  0.45254862E+000  0.59491735E+000  0.79052555E+000  0.88450893E+000  0.11852726E+001  0.18568917E+001  0.26127539E+001  0.43714332E+001  0.81162259E+001
  0.30779051E+000  0.34264375E+000  0.45254862E+000  0.59491735E+000  0.79052572E+000  0.88450893E+000  0.11852727E+001  0.18569035E+001  0.26127542E+001  0.43714338E+001  0.81162282E+001
  0.30779051E+000  0.34264375E+000  0.45254861E+000  0.59491735E+000  0.79052589E+000  0.88450893E+000  0.11852727E+001  0.18569729E+001  0.26127545E+001  0.43714345E+001  0.81162306E+001
  0.30779051E+000  0.34264375E+000  0.45254861E+000  0.59491735E+000  0.79052605E+000  0.88450893E+000  0.11852727E+001  0.18572159E+001  0.26127548E+001  0.43714351E+001  0.81162330E+001
  0.30779051E+000  0.34264375E+000  0.45254861E+000  0.59491735E+000  0.79052620E+000  0.88450893E+000  0.11852727E+001  0.18572593E+001  0.26127551E+001  0.43714358E+001  0.81162354E+001
  0.30779051E+000  0.34264376E+000  0.45254861E+000  0.59491735E+000  0.79052634E+000  0.88450893E+000  0.11852727E+001  0.18572779E+001  0.26127553E+001  0.43714364E+001  0.81162379E+001
  0.30779051E+000  0.34264376E+000  0.45254860E+000  0.59491735E+000  0.79052648E+000  0.88450893E+000  0.11852727E+001  0.18572805E+001  0.26127556E+001  0.43714371E+001  0.81162404E+001
  0.30779051E+000  0.34264376E+000  0.45254860E+000  0.59491735E+000  0.79052662E+000  0.88450893E+000  0.11852727E+001  0.18572843E+001  0.26127559E+001  0.43714377E+001  0.81162430E+001
  0.30779050E+000  0.34264376E+000  0.45254860E+000  0.59491735E+000  0.79052674E+000  0.88450893E+000  0.11852727E+001  0.18572881E+001  0.26127561E+001  0.43714383E+001  0.81162455E+001
  0.30779050E+000  0.34264376E+000  0.45254859E+000  0.59491735E+000  0.79052687E+000  0.88450892E+000  0.11852727E+001  0.18572918E+001  0.26127564E+001  0.43714390E+001  0.81162481E+001
  0.30779050E+000  0.34264376E+000  0.45254859E+000  0.59491735E+000  0.79052699E+000  0.88450892E+000  0.11852727E+001  0.18572954E+001  0.26127566E+001  0.43714396E+001  0.81162508E+001
  0.30779050E+000  0.34264376E+000  0.45254859E+000  0.59491735E+000  0.79052710E+000  0.88450892E+000  0.11852727E+001  0.18572989E+001  0.26127569E+001  0.43714402E+001  0.81162534E+001
  0.30779050E+000  0.34264376E+000  0.45254858E+000  0.59491735E+000  0.79052721E+000  0.88450892E+000  0.11852727E+001  0.18573023E+001  0.26127571E+001  0.43714408E+001  0.81162561E+001
  0.30779050E+000  0.34264375E+000  0.45254858E+000  0.59491735E+000  0.79052731E+000  0.88450892E+000  0.11852726E+001  0.18573056E+001  0.26127573E+001  0.43714415E+001  0.81162587E+001
  0.30779050E+000  0.34264375E+000  0.45254858E+000  0.59491735E+000  0.79052741E+000  0.88450891E+000  0.11852726E+001  0.18573089E+001  0.26127576E+001  0.43714421E+001  0.81162614E+001
  0.30779050E+000  0.34264375E+000  0.45254857E+000  0.59491735E+000  0.79052750E+000  0.88450891E+000  0.11852726E+001  0.18573120E+001  0.26127578E+001  0.43714427E+001  0.81162641E+001
  0.30779050E+000  0.34264375E+000  0.45254857E+000  0.59491735E+000  0.79052759E+000  0.88450891E+000  0.11852726E+001  0.18573151E+001  0.26127580E+001  0.43714433E+001  0.81162668E+001
  0.30779050E+000  0.34264375E+000  0.45254857E+000  0.59491735E+000  0.79052767E+000  0.88450891E+000  0.11852726E+001  0.18573181E+001  0.26127582E+001  0.43714438E+001  0.81162696E+001
  0.30779050E+000  0.34264375E+000  0.45254857E+000  0.59491735E+000  0.79052775E+000  0.88450890E+000  0.11852726E+001  0.18573210E+001  0.26127585E+001  0.43714444E+001  0.81162723E+001
  0.30779050E+000  0.34264375E+000  0.45254856E+000  0.59491735E+000  0.79052783E+000  0.88450890E+000  0.11852726E+001  0.18573238E+001  0.26127587E+001  0.43714450E+001  0.81162750E+001
  0.30779050E+000  0.34264375E+000  0.45254856E+000  0.59491735E+000  0.79052790E+000  0.88450890E+000  0.11852726E+001  0.18573266E+001  0.26127589E+001  0.43714456E+001  0.81162777E+001
  0.30779050E+000  0.34264375E+000  0.45254856E+000  0.59491735E+000  0.79052797E+000  0.88450890E+000  0.11852726E+001  0.18573292E+001  0.26127591E+001  0.43714461E+001  0.81162804E+001
  0.30779050E+000  0.34264375E+000  0.45254856E+000  0.59491735E+000  0.79052804E+000  0.88450890E+000  0.11852726E+001  0.18573318E+001  0.26127593E+001  0.43714467E+001  0.81162831E+001
  0.30779050E+000  0.34264375E+000  0.45254856E+000  0.59491735E+000  0.79052810E+000  0.88450890E+000  0.11852726E+001  0.18573343E+001  0.26127595E+001  0.43714472E+001  0.81162858E+001
  0.30779050E+000  0.34264375E+000  0.45254855E+000  0.59491735E+000  0.79052816E+000  0.88450890E+000  0.11852726E+001  0.18573367E+001  0.26127597E+001  0.43714477E+001  0.81162885E+001
  0.30779050E+000  0.34264375E+000  0.45254855E+000  0.59491735E+000  0.79052821E+000  0.88450890E+000  0.11852726E+001  0.18573390E+001  0.26127598E+001  0.43714482E+001  0.81162911E+001
  0.30779050E+000  0.34264375E+000  0.45254855E+000  0.59491735E+000  0.79052826E+000  0.88450890E+000  0.11852726E+001  0.18573413E+001  0.26127600E+001  0.43714488E+001  0.81162938E+001
  0.30779050E+000  0.34264374E+000  0.45254855E+000  0.59491735E+000  0.79052831E+000  0.88450890E+000  0.11852726E+001  0.18573435E+001  0.26127602E+001  0.43714493E+001  0.81162964E+001
  0.30779050E+000  0.34264374E+000  0.45254855E+000  0.59491735E+000  0.79052836E+000  0.88450890E+000  0.11852726E+001  0.18573456E+001  0.26127604E+001  0.43714497E+001  0.81162990E+001
  0.30779050E+000  0.34264374E+000  0.45254855E+000  0.59491735E+000  0.79052840E+000  0.88450890E+000  0.11852726E+001  0.18573476E+001  0.26127605E+001  0.43714502E+001  0.81163015E+001
  0.30779050E+000  0.34264374E+000  0.45254855E+000  0.59491735E+000  0.79052844E+000  0.88450890E+000  0.11852726E+001  0.18573496E+001  0.26127607E+001  0.43714507E+001  0.81163041E+001
  0.30779050E+000  0.34264374E+000  0.45254855E+000  0.59491735E+000  0.79052848E+000  0.88450890E+000  0.11852726E+001  0.18573514E+001  0.26127609E+001  0.43714511E+001  0.81163066E+001
  0.30779050E+000  0.34264374E+000  0.45254855E+000  0.59491735E+000  0.79052852E+000  0.88450890E+000  0.11852726E+001  0.18573532E+001  0.26127610E+001  0.43714516E+001  0.81163090E+001
  0.30779050E+000  0.34264374E+000  0.45254854E+000  0.59491735E+000  0.79052855E+000  0.88450890E+000  0.11852726E+001  0.18573550E+001  0.26127612E+001  0.43714520E+001  0.81163115E+001
  0.30779050E+000  0.34264374E+000  0.45254854E+000  0.59491735E+000  0.79052858E+000  0.88450890E+000  0.11852726E+001  0.18573567E+001  0.26127613E+001  0.43714525E+001  0.81163139E+001
  0.30779050E+000  0.34264374E+000  0.45254854E+000  0.59491735E+000  0.79052861E+000  0.88450890E+000  0.11852727E+001  0.18573583E+001  0.26127614E+001  0.43714529E+001  0.81163163E+001
  0.30779050E+000  0.34264374E+000  0.45254854E+000  0.59491735E+000  0.79052864E+000  0.88450890E+000  0.11852727E+001  0.18574226E+001  0.26127616E+001  0.43714533E+001  0.81163186E+001
  0.30779050E+000  0.34264374E+000  0.45254854E+000  0.59491735E+000  0.79052866E+000  0.88450890E+000  0.11852727E+001  0.18574263E+001  0.26127617E+001  0.43714537E+001  0.81163209E+001
  0.30779050E+000  0.34264374E+000  0.45254854E+000  0.59491735E+000  0.79052869E+000  0.88450890E+000  0.11852727E+001  0.18574299E+001  0.26127618E+001  0.43714541E+001  0.81163232E+001
  0.30779050E+000  0.34264374E+000  0.45254854E+000  0.59491735E+000  0.79052871E+000  0.88450891E+000  0.11852727E+001  0.18574333E+001  0.26127620E+001  0.43714544E+001  0.81163254E+001
  0.30779050E+000  0.34264375E+000  0.45254854E+000  0.59491735E+000  0.79052873E+000  0.88450891E+000  0.11852727E+001  0.18574365E+001  0.26127621E+001  0.43714548E+001  0.81163276E+001
  0.30779050E+000  0.34264375E+000  0.45254854E+000  0.59491735E+000  0.79052875E+000  0.88450891E+000  0.11852727E+001  0.18574396E+001  0.26127622E+001  0.43714551E+001  0.81163297E+001
  0.30779050E+000  0.34264375E+000  0.45254854E+000  0.59491735E+000  0.79052877E+000  0.88450891E+000  0.11852727E+001  0.18574426E+001  0.26127623E+001  0.43714555E+001  0.81163318E+001
  0.30779050E+000  0.34264375E+000  0.45254854E+000  0.59491735E+000  0.79052879E+000  0.88450891E+000  0.11852727E+001  0.18574454E+001  0.26127624E+001  0.43714558E+001  0.81163338E+001
  0.30779050E+000  0.34264375E+000  0.45254855E+000  0.59491735E+000  0.79052881E+000  0.88450891E+000  0.11852727E+001  0.18574481E+001  0.26127625E+001  0.43714561E+001  0.81163358E+001
  0.30779050E+000  0.34264375E+000  0.45254855E+000  0.59491735E+000  0.79052882E+000  0.88450892E+000  0.11852727E+001  0.18574507E+001  0.26127626E+001  0.43714564E+001  0.81163378E+001
  0.30779050E+000  0.34264375E+000  0.45254855E+000  0.59491735E+000  0.79052883E+000  0.88450892E+000  0.11852727E+001  0.18574531E+001  0.26127627E+001  0.43714567E+001  0.81163397E+001
  0.30779050E+000  0.34264375E+000  0.45254855E+000  0.59491735E+000  0.79052885E+000  0.88450892E+000  0.11852727E+001  0.18574554E+001  0.26127628E+001  0.43714570E+001  0.81163415E+001
  0.30779050E+000  0.34264375E+000  0.45254855E+000  0.59491735E+000  0.79052886E+000  0.88450892E+000  0.11852727E+001  0.18574576E+001  0.26127629E+001  0.43714573E+001  0.81163433E+001
  0.30779050E+000  0.34264375E+000  0.45254855E+000  0.59491735E+000  0.79052887E+000  0.88450892E+000  0.11852727E+001  0.18574597E+001  0.26127630E+001  0.43714576E+001  0.81163451E+001
  0.30779050E+000  0.34264375E+000  0.45254855E+000  0.59491735E+000  0.79052888E+000  0.88450892E+000  0.11852727E+001  0.18574616E+001  0.26127631E+001  0.43714578E+001  0.81163468E+001
  0.30779050E+000  0.34264375E+000  0.45254855E+000  0.59491735E+000  0.79052889E+000  0.88450893E+000  0.11852727E+001  0.18574635E+001  0.26127632E+001  0.43714581E+001  0.81163485E+001
  0.30779050E+000  0.34264375E+000  0.45254855E+000  0.59491735E+000  0.79052890E+000  0.88450893E+000  0.11852727E+001  0.18574653E+001  0.26127632E+001  0.43714583E+001  0.81163501E+001
  0.30779050E+000  0.34264375E+000  0.45254855E+000  0.59491735E+000  0.79052891E+000  0.88450893E+000  0.11852727E+001  0.18574669E+001  0.26127633E+001  0.43714586E+001  0.81163517E+001
  0.30779050E+000  0.34264375E+000  0.45254855E+000  0.59491735E+000  0.79052892E+000  0.88450893E+000  0.11852727E+001  0.18574685E+001  0.26127634E+001  0.43714588E+001  0.81163532E+001
  0.30779050E+000  0.34264375E+000  0.45254855E+000  0.59491735E+000  0.79052892E+000  0.88450893E+000  0.11852727E+001  0.18574700E+001  0.26127634E+001  0.43714590E+001  0.81163547E+001
  0.30779050E+000  0.34264375E+000  0.45254855E+000  0.59491735E+000  0.79052893E+000  0.88450893E+000  0.11852727E+001  0.18574714E+001  0.26127635E+001  0.43714592E+001  0.81163562E+001
  0.30779050E+000  0.34264375E+000  0.45254855E+000  0.59491735E+000  0.79052894E+000  0.88450893E+000  0.11852727E+001  0.18574727E+001  0.26127636E+001  0.43714594E+001  0.81163576E+001
  0.30779050E+000  0.34264375E+000  0.45254855E+000  0.59491735E+000  0.79052894E+000  0.88450894E+000  0.11852727E+001  0.18574740E+001  0.26127636E+001  0.43715492E+001  0.81163589E+001
  0.30779050E+000  0.34264375E+000  0.45254855E+000  0.59491735E+000  0.79052895E+000  0.88450894E+000  0.11852727E+001  0.18574751E+001  0.26127637E+001  0.43715492E+001  0.81163603E+001
  0.30779050E+000  0.34264376E+000  0.45254855E+000  0.59491735E+000  0.79052895E+000  0.88450894E+000  0.11852727E+001  0.18574762E+001  0.26127637E+001  0.43715492E+001  0.81163615E+001
  0.30779050E+000  0.34264376E+000  0.45254856E+000  0.59491735E+000  0.79052896E+000  0.88450894E+000  0.11852727E+001  0.18574773E+001  0.26127638E+001  0.43715492E+001  0.81163628E+001
  0.30779050E+000  0.34264376E+000  0.45254856E+000  0.59491735E+000  0.79052896E+000  0.88450894E+000  0.11852728E+001  0.18574782E+001  0.26127638E+001  0.43715492E+001  0.81163639E+001
  0.30779050E+000  0.34264376E+000  0.45254855E+000  0.59491735E+000  0.79052895E+000  0.88450894E+000  0.11852728E+001  0.18574792E+001  0.26127639E+001  0.43715492E+001  0.81163651E+001
  0.30779050E+000  0.34264375E+000  0.45254855E+000  0.59491735E+000  0.79052895E+000  0.88450893E+000  0.11852727E+001  0.18574800E+001  0.26127639E+001  0.43715492E+001  0.81163662E+001
