  0.00000000E+000  0.00000000E+000  0.00000000E+000  0.00000000E+000  0.42133991E-001  0.36744248E+000  0.69442703E+001  0.46570118E+002  0.11386110E+003  0.30139750E+003  0.59168444E+003
  0.00000000E+000  0.00000000E+000  0.00000000E+000  0.00000000E+000  0.42100821E-001  0.36727388E+000  0.69404597E+001  0.46538118E+002  0.11378331E+003  0.30118393E+003  0.59129269E+003
  0.00000000E+000  0.00000000E+000  0.00000000E+000  0.00000000E+000  0.42073022E-001  0.36713091E+000  0.69372131E+001  0.46510680E+002  0.11371693E+003  0.30100167E+003  0.59095850E+003
  0.00000000E+000  0.00000000E+000  0.00000000E+000  0.00000000E+000  0.42049665E-001  0.36701001E+000  0.69344552E+001  0.46487240E+002  0.11366041E+003  0.30084650E+003  0.59067403E+003
  0.00000000E+000  0.00000000E+000  0.00000000E+000  0.00000000E+000  0.42030048E-001  0.36690800E+000  0.69321160E+001  0.46467283E+002  0.11361237E+003  0.30071459E+003  0.59043227E+003
  0.00000000E+000  0.00000000E+000  0.00000000E+000  0.00000000E+000  0.42013610E-001  0.36682205E+000  0.69301341E+001  0.46450297E+002  0.11357158E+003  0.30060258E+003  0.59022703E+003
  0.00000000E+000  0.00000000E+000  0.00000000E+000  0.00000000E+000  0.41999885E-001  0.36674969E+000  0.69284568E+001  0.46435862E+002  0.11353699E+003  0.30050754E+003  0.59005293E+003
  0.00000000E+000  0.00000000E+000  0.00000000E+000  0.00000000E+000  0.41988476E-001  0.36668890E+000  0.69270390E+001  0.46423618E+002  0.11350768E+003  0.30042696E+003  0.58990537E+003
  0.00000000E+000  0.00000000E+000  0.00000000E+000  0.00000000E+000  0.41979047E-001  0.36663794E+000  0.69258419E+001  0.46413239E+002  0.11348286E+003  0.30035866E+003  0.58978037E+003
  0.00000000E+000  0.00000000E+000  0.00000000E+000  0.00000000E+000  0.41971310E-001  0.36659533E+000  0.69248324E+001  0.46404455E+002  0.11346184E+003  0.30030082E+003  0.58967457E+003
  0.00000000E+000  0.00000000E+000  0.00000000E+000  0.00000000E+000  0.41965020E-001  0.36655984E+000  0.69239826E+001  0.46397038E+002  0.11344407E+003  0.30025188E+003  0.58958509E+003
  0.00000000E+000  0.00000000E+000  0.00000000E+000  0.00000000E+000  0.41959969E-001  0.36653042E+000  0.69232688E+001  0.46390786E+002  0.11342906E+003  0.30021049E+003  0.58950950E+003
  0.00000000E+000  0.00000000E+000  0.00000000E+000  0.00000000E+000  0.41955984E-001  0.36650616E+000  0.69226711E+001  0.46385524E+002  0.11341639E+003  0.30017554E+003  0.58944572E+003
  0.00000000E+000  0.00000000E+000  0.00000000E+000  0.00000000E+000  0.41952914E-001  0.36648632E+000  0.69221723E+001  0.46381107E+002  0.11340573E+003  0.30014608E+003  0.58939202E+003
  0.00000000E+000  0.00000000E+000  0.00000000E+000  0.00000000E+000  0.41950634E-001  0.36647027E+000  0.69217581E+001  0.46377410E+002  0.11339678E+003  0.30012129E+003  0.58934689E+003
  0.00000000E+000  0.00000000E+000  0.00000000E+000  0.00000000E+000  0.41949039E-001  0.36645746E+000  0.69214162E+001  0.46374330E+002  0.11338929E+003  0.30010048E+003  0.58930909E+003
  0.00000000E+000  0.00000000E+000  0.00000000E+000  0.00000000E+000  0.41948039E-001  0.36644744E+000  0.69211364E+001  0.46371775E+002  0.11338304E+003  0.30008309E+003  0.58927753E+003
  0.00000000E+000  0.00000000E+000  0.00000000E+000  0.00000000E+000  0.41947558E-001  0.36643983E+000  0.69209099E+001  0.46369671E+002  0.11337786E+003  0.30006860E+003  0.58925132E+003
  0.00000000E+000  0.00000000E+000  0.00000000E+000  0.00000000E+000  0.41947531E-001  0.36643430E+000  0.69207291E+001  0.46367953E+002  0.11337360E+003  0.30005661E+003  0.58922967E+003
  0.00000000E+000  0.00000000E+000  0.00000000E+000  0.00000000E+000  0.41947906E-001  0.36643057E+000  0.69205879E+001  0.46366567E+002  0.11337012E+003  0.30004675E+003  0.58921194E+003
  0.00000000E+000  0.00000000E+000  0.00000000E+000  0.00000000E+000  0.41948636E-001  0.36642842E+000  0.69204808E+001  0.46365466E+002  0.11336731E+003  0.30003872E+003  0.58919756E+003
  0.00000000E+000  0.00000000E+000  0.00000000E+000  0.00000000E+000  0.41949683E-001  0.36642763E+000  0.69204032E+001  0.46364610E+002  0.11336508E+003  0.30003225E+003  0.58918605E+003
  0.00000000E+000  0.00000000E+000  0.00000000E+000  0.00000000E+000  0.41951014E-001  0.36642805E+000  0.69203513E+001  0.46363965E+002  0.11336335E+003  0.30002713E+003  0.58917701E+003
  0.00000000E+000  0.00000000E+000  0.00000000E+000  0.00000000E+000  0.41952602E-001  0.36642954E+000  0.69203217E+001  0.46363503E+002  0.11336204E+003  0.30002317E+003  0.58917008E+003
  0.00000000E+000  0.00000000E+000  0.00000000E+000  0.00000000E+000  0.41954424E-001  0.36643196E+000  0.69203117E+001  0.46363199E+002  0.11336111E+003  0.30002019E+003  0.58916497E+003
  0.00000000E+000  0.00000000E+000  0.00000000E+000  0.00000000E+000  0.41956461E-001  0.36643522E+000  0.69203189E+001  0.46363032E+002  0.11336049E+003  0.30001806E+003  0.58916141E+003
  0.00000000E+000  0.00000000E+000  0.00000000E+000  0.00000000E+000  0.41958696E-001  0.36643924E+000  0.69203411E+001  0.46362983E+002  0.11336015E+003  0.30001666E+003  0.58915918E+003
  0.00000000E+000  0.00000000E+000  0.00000000E+000  0.00000000E+000  0.41961115E-001  0.36644394E+000  0.69203768E+001  0.46363037E+002  0.11336004E+003  0.30001589E+003  0.58915810E+003
  0.00000000E+000  0.00000000E+000  0.00000000E+000  0.00000000E+000  0.41963708E-001  0.36644925E+000  0.69204243E+001  0.46363180E+002  0.11336014E+003  0.30001565E+003  0.58915800E+003
  0.00000000E+000  0.00000000E+000  0.00000000E+000  0.00000000E+000  0.41966464E-001  0.36645513E+000  0.69204826E+001  0.46363403E+002  0.11336041E+003  0.30001587E+003  0.58915873E+003
  0.00000000E+000  0.00000000E+000  0.00000000E+000  0.00000000E+000  0.41969377E-001  0.36646153E+000  0.69205504E+001  0.46363693E+002  0.11336084E+003  0.30001648E+003  0.58916018E+003
  0.00000000E+000  0.00000000E+000  0.00000000E+000  0.00000000E+000  0.41972440E-001  0.36646842E+000  0.69206270E+001  0.46364045E+002  0.11336140E+003  0.30001742E+003  0.58916225E+003
  0.00000000E+000  0.00000000E+000  0.00000000E+000  0.00000000E+000  0.41975648E-001  0.36647576E+000  0.69207116E+001  0.46364450E+002  0.11336208E+003  0.30001865E+003  0.58916483E+003
  0.00000000E+000  0.00000000E+000  0.00000000E+000  0.00000000E+000  0.41978998E-001  0.36648353E+000  0.69208036E+001  0.46364902E+002  0.11336286E+003  0.30002013E+003  0.58916786E+003
  0.00000000E+000  0.00000000E+000  0.00000000E+000  0.00000000E+000  0.41982486E-001  0.36649171E+000  0.69209025E+001  0.46365398E+002  0.11336373E+003  0.30002181E+003  0.58917127E+003
  0.00000000E+000  0.00000000E+000  0.00000000E+000  0.00000000E+000  0.41986111E-001  0.36650028E+000  0.69210078E+001  0.46365932E+002  0.11336468E+003  0.30002367E+003  0.58917500E+003
  0.00000000E+000  0.00000000E+000  0.00000000E+000  0.00000000E+000  0.41989871E-001  0.36650923E+000  0.69211193E+001  0.46366502E+002  0.11336569E+003  0.30002569E+003  0.58917901E+003
  0.00000000E+000  0.00000000E+000  0.00000000E+000  0.00000000E+000  0.41993766E-001  0.36651854E+000  0.69212367E+001  0.46367104E+002  0.11336677E+003  0.30002783E+003  0.58918325E+003
  0.00000000E+000  0.00000000E+000  0.00000000E+000  0.00000000E+000  0.41997795E-001  0.36652821E+000  0.69213597E+001  0.46367737E+002  0.11336790E+003  0.30003009E+003  0.58918770E+003
  0.00000000E+000  0.00000000E+000  0.00000000E+000  0.00000000E+000  0.42001959E-001  0.36653823E+000  0.69214883E+001  0.46368399E+002  0.11336909E+003  0.30003245E+003  0.58919232E+003
  0.00000000E+000  0.00000000E+000  0.00000000E+000  0.00000000E+000  0.42006258E-001  0.36654859E+000  0.69216222E+001  0.46369090E+002  0.11337032E+003  0.30003490E+003  0.58919710E+003
  0.00000000E+000  0.00000000E+000  0.00000000E+000  0.00000000E+000  0.42010692E-001  0.36655928E+000  0.69217615E+001  0.46369807E+002  0.11337160E+003  0.30003742E+003  0.58920201E+003
  0.00000000E+000  0.00000000E+000  0.00000000E+000  0.00000000E+000  0.42015261E-001  0.36657031E+000  0.69219060E+001  0.46370551E+002  0.11337293E+003  0.30004002E+003  0.58920705E+003
  0.00000000E+000  0.00000000E+000  0.00000000E+000  0.00000000E+000  0.42019966E-001  0.36658166E+000  0.69220556E+001  0.46371321E+002  0.11337429E+003  0.30004267E+003  0.58921219E+003
  0.00000000E+000  0.00000000E+000  0.00000000E+000  0.00000000E+000  0.42024806E-001  0.36659333E+000  0.69222105E+001  0.46372117E+002  0.11337570E+003  0.30004539E+003  0.58921743E+003
  0.00000000E+000  0.00000000E+000  0.00000000E+000  0.00000000E+000  0.42029779E-001  0.36660532E+000  0.69223704E+001  0.46372940E+002  0.11337714E+003  0.30004817E+003  0.58922276E+003
  0.00000000E+000  0.00000000E+000  0.00000000E+000  0.00000000E+000  0.42034883E-001  0.36661762E+000  0.69225354E+001  0.46373790E+002  0.11337863E+003  0.30005100E+003  0.58922818E+003
  0.00000000E+000  0.00000000E+000  0.00000000E+000  0.00000000E+000  0.42040116E-001  0.36663023E+000  0.69227055E+001  0.46374667E+002  0.11338015E+003  0.30005388E+003  0.58923368E+003
  0.00000000E+000  0.00000000E+000  0.00000000E+000  0.00000000E+000  0.42045473E-001  0.36664314E+000  0.69228807E+001  0.46375571E+002  0.11338172E+003  0.30005681E+003  0.58923925E+003
  0.00000000E+000  0.00000000E+000  0.00000000E+000  0.00000000E+000  0.42050949E-001  0.36665634E+000  0.69230609E+001  0.46376504E+002  0.11338333E+003  0.30005979E+003  0.58924490E+003
  0.00000000E+000  0.00000000E+000  0.00000000E+000  0.00000000E+000  0.42056535E-001  0.36666982E+000  0.69232461E+001  0.46377466E+002  0.11338497E+003  0.30006283E+003  0.58925061E+003
  0.00000000E+000  0.00000000E+000  0.00000000E+000  0.00000000E+000  0.42062225E-001  0.36668358E+000  0.69234363E+001  0.46378457E+002  0.11338666E+003  0.30006591E+003  0.58925640E+003
  0.00000000E+000  0.00000000E+000  0.00000000E+000  0.00000000E+000  0.42068007E-001  0.36669761E+000  0.69236313E+001  0.46379478E+002  0.11338840E+003  0.30006904E+003  0.58926225E+003
  0.00000000E+000  0.00000000E+000  0.00000000E+000  0.00000000E+000  0.42073870E-001  0.36671189E+000  0.69238313E+001  0.46380531E+002  0.11339018E+003  0.30007222E+003  0.58926816E+003
  0.00000000E+000  0.00000000E+000  0.00000000E+000  0.00000000E+000  0.42079800E-001  0.36672642E+000  0.69240361E+001  0.46381615E+002  0.11339200E+003  0.30007546E+003  0.58927413E+003
  0.00000000E+000  0.00000000E+000  0.00000000E+000  0.00000000E+000  0.42085781E-001  0.36674117E+000  0.69242457E+001  0.46382732E+002  0.11339387E+003  0.30007874E+003  0.58928016E+003
  0.00000000E+000  0.00000000E+000  0.00000000E+000  0.00000000E+000  0.42091797E-001  0.36675614E+000  0.69244599E+001  0.46383882E+002  0.11339579E+003  0.30008208E+003  0.58928625E+003
  0.00000000E+000  0.00000000E+000  0.00000000E+000  0.00000000E+000  0.42097830E-001  0.36677131E+000  0.69246788E+001  0.46385067E+002  0.11339776E+003  0.30008546E+003  0.58929239E+003
  0.00000000E+000  0.00000000E+000  0.00000000E+000  0.00000000E+000  0.42103860E-001  0.36678666E+000  0.69249021E+001  0.46386286E+002  0.11339978E+003  0.30008890E+003  0.58929859E+003
  0.00000000E+000  0.00000000E+000  0.00000000E+000  0.00000000E+000  0.42109867E-001  0.36680218E+000  0.69251299E+001  0.46387541E+002  0.11340185E+003  0.30009240E+003  0.58930484E+003
  0.00000000E+000  0.00000000E+000  0.00000000E+000  0.00000000E+000  0.42115832E-001  0.36681784E+000  0.69253620E+001  0.46388833E+002  0.11340397E+003  0.30009595E+003  0.58931113E+003
  0.00000000E+000  0.00000000E+000  0.00000000E+000  0.00000000E+000  0.42121732E-001  0.36683365E+000  0.69255982E+001  0.46390162E+002  0.11340615E+003  0.30009956E+003  0.58931747E+003
  0.00000000E+000  0.00000000E+000  0.00000000E+000  0.00000000E+000  0.42127547E-001  0.36684956E+000  0.69258384E+001  0.46391528E+002  0.11340839E+003  0.30010322E+003  0.58932386E+003
  0.00000000E+000  0.00000000E+000  0.00000000E+000  0.00000000E+000  0.42133255E-001  0.36686558E+000  0.69260826E+001  0.46392934E+002  0.11341069E+003  0.30010695E+003  0.58933029E+003
  0.00000000E+000  0.00000000E+000  0.00000000E+000  0.00000000E+000  0.42138837E-001  0.36688167E+000  0.69263305E+001  0.46394378E+002  0.11341305E+003  0.30011073E+003  0.58933676E+003
  0.00000000E+000  0.00000000E+000  0.00000000E+000  0.00000000E+000  0.42144271E-001  0.36689784E+000  0.69265820E+001  0.46395862E+002  0.11341547E+003  0.30011458E+003  0.58934327E+003
  0.00000000E+000  0.00000000E+000  0.00000000E+000  0.00000000E+000  0.42149538E-001  0.36691405E+000  0.69268369E+001  0.46397386E+002  0.11341795E+003  0.30011848E+003  0.58934982E+003
  0.00000000E+000  0.00000000E+000  0.00000000E+000  0.00000000E+000  0.42154619E-001  0.36693030E+000  0.69270950E+001  0.46398949E+002  0.11342050E+003  0.30012246E+003  0.58935640E+003
  0.00000000E+000  0.00000000E+000  0.00000000E+000  0.00000000E+000  0.42159498E-001  0.36694657E+000  0.69273562E+001  0.46400553E+002  0.11342311E+003  0.30012650E+003  0.58936301E+003
  0.00000000E+000  0.00000000E+000  0.00000000E+000  0.00000000E+000  0.42164157E-001  0.36696285E+000  0.69276202E+001  0.46402197E+002  0.11342579E+003  0.30013061E+003  0.58936965E+003
  0.00000000E+000  0.00000000E+000  0.00000000E+000  0.00000000E+000  0.42168582E-001  0.36697914E+000  0.69278870E+001  0.46403881E+002  0.11342855E+003  0.30013479E+003  0.58937632E+003
  0.00000000E+000  0.00000000E+000  0.00000000E+000  0.00000000E+000  0.42172760E-001  0.36699541E+000  0.69281561E+001  0.46405605E+002  0.11343137E+003  0.30013904E+003  0.58938301E+003
  0.00000000E+000  0.00000000E+000  0.00000000E+000  0.00000000E+000  0.42176680E-001  0.36701167E+000  0.69284275E+001  0.46407367E+002  0.11343427E+003  0.30014336E+003  0.58938973E+003
  0.00000000E+000  0.00000000E+000  0.00000000E+000  0.00000000E+000  0.42180331E-001  0.36702790E+000  0.69287010E+001  0.46409167E+002  0.11343723E+003  0.30014776E+003  0.58939646E+003
  0.00000000E+000  0.00000000E+000  0.00000000E+000  0.00000000E+000  0.42183707E-001  0.36704410E+000  0.69289761E+001  0.46411004E+002  0.11344027E+003  0.30015224E+003  0.58940321E+003
  0.00000000E+000  0.00000000E+000  0.00000000E+000  0.00000000E+000  0.42186802E-001  0.36706026E+000  0.69292528E+001  0.46412876E+002  0.11344339E+003  0.30015679E+003  0.58940997E+003
  0.00000000E+000  0.00000000E+000  0.00000000E+000  0.00000000E+000  0.42189614E-001  0.36707637E+000  0.69295308E+001  0.46414783E+002  0.11344657E+003  0.30016142E+003  0.58941673E+003
  0.00000000E+000  0.00000000E+000  0.00000000E+000  0.00000000E+000  0.42192140E-001  0.36709243E+000  0.69298097E+001  0.46416721E+002  0.11344983E+003  0.30016613E+003  0.58942350E+003
  0.00000000E+000  0.00000000E+000  0.00000000E+000  0.00000000E+000  0.42194382E-001  0.36710843E+000  0.69300893E+001  0.46418691E+002  0.11345317E+003  0.30017093E+003  0.58943027E+003
  0.00000000E+000  0.00000000E+000  0.00000000E+000  0.00000000E+000  0.42196343E-001  0.36712435E+000  0.69303694E+001  0.46420688E+002  0.11345657E+003  0.30017580E+003  0.58943704E+003
  0.00000000E+000  0.00000000E+000  0.00000000E+000  0.00000000E+000  0.42198028E-001  0.36714020E+000  0.69306497E+001  0.46422712E+002  0.11346005E+003  0.30018076E+003  0.58944380E+003
  0.00000000E+000  0.00000000E+000  0.00000000E+000  0.00000000E+000  0.42199444E-001  0.36715595E+000  0.69309298E+001  0.46424759E+002  0.11346359E+003  0.30018581E+003  0.58945055E+003
  0.00000000E+000  0.00000000E+000  0.00000000E+000  0.00000000E+000  0.42200600E-001  0.36717160E+000  0.69312096E+001  0.46426827E+002  0.11346720E+003  0.30019095E+003  0.58945730E+003
  0.00000000E+000  0.00000000E+000  0.00000000E+000  0.00000000E+000  0.42201507E-001  0.36718714E+000  0.69314888E+001  0.46428915E+002  0.11347088E+003  0.30019618E+003  0.58946403E+003
  0.00000000E+000  0.00000000E+000  0.00000000E+000  0.00000000E+000  0.42202177E-001  0.36720254E+000  0.69317672E+001  0.46431018E+002  0.11347463E+003  0.30020150E+003  0.58947074E+003
  0.00000000E+000  0.00000000E+000  0.00000000E+000  0.00000000E+000  0.42202622E-001  0.36721779E+000  0.69320444E+001  0.46433135E+002  0.11347843E+003  0.30020691E+003  0.58947745E+003
  0.00000000E+000  0.00000000E+000  0.00000000E+000  0.00000000E+000  0.42202858E-001  0.36723287E+000  0.69323204E+001  0.46435263E+002  0.11348230E+003  0.30021243E+003  0.58948414E+003
  0.00000000E+000  0.00000000E+000  0.00000000E+000  0.00000000E+000  0.42202898E-001  0.36724776E+000  0.69325950E+001  0.46437400E+002  0.11348622E+003  0.30021805E+003  0.58949082E+003
  0.00000000E+000  0.00000000E+000  0.00000000E+000  0.00000000E+000  0.42202760E-001  0.36726243E+000  0.69328679E+001  0.46439542E+002  0.11349021E+003  0.30022377E+003  0.58949750E+003
  0.00000000E+000  0.00000000E+000  0.00000000E+000  0.00000000E+000  0.42202460E-001  0.36727686E+000  0.69331390E+001  0.46441689E+002  0.11349424E+003  0.30022961E+003  0.58950418E+003
  0.00000000E+000  0.00000000E+000  0.00000000E+000  0.00000000E+000  0.42202013E-001  0.36729102E+000  0.69334082E+001  0.46443836E+002  0.11349833E+003  0.30023556E+003  0.58951087E+003
  0.00000000E+000  0.00000000E+000  0.00000000E+000  0.00000000E+000  0.42201437E-001  0.36730489E+000  0.69336754E+001  0.46445983E+002  0.11350247E+003  0.30024164E+003  0.58951757E+003
  0.00000000E+000  0.00000000E+000  0.00000000E+000  0.00000000E+000  0.42200747E-001  0.36731844E+000  0.69339404E+001  0.46448127E+002  0.11350666E+003  0.30024784E+003  0.58952430E+003
  0.00000000E+000  0.00000000E+000  0.00000000E+000  0.00000000E+000  0.42199959E-001  0.36733164E+000  0.69342032E+001  0.46450265E+002  0.11351089E+003  0.30025417E+003  0.58953106E+003
  0.00000000E+000  0.00000000E+000  0.00000000E+000  0.00000000E+000  0.42199090E-001  0.36734445E+000  0.69344636E+001  0.46452397E+002  0.11351517E+003  0.30026065E+003  0.58953786E+003
  0.00000000E+000  0.00000000E+000  0.00000000E+000  0.00000000E+000  0.42198153E-001  0.36735686E+000  0.69347217E+001  0.46454521E+002  0.11351949E+003  0.30026726E+003  0.58954472E+003
  0.00000000E+000  0.00000000E+000  0.00000000E+000  0.00000000E+000  0.42197162E-001  0.36736884E+000  0.69349773E+001  0.46456634E+002  0.11352385E+003  0.30027403E+003  0.58955164E+003
  0.00000000E+000  0.00000000E+000  0.00000000E+000  0.00000000E+000  0.42196131E-001  0.36738035E+000  0.69352304E+001  0.46458736E+002  0.11352825E+003  0.30028096E+003  0.58955865E+003
  0.00000000E+000  0.00000000E+000  0.00000000E+000  0.00000000E+000  0.42195072E-001  0.36739139E+000  0.69354809E+001  0.46460825E+002  0.11353268E+003  0.30028804E+003  0.58956576E+003
  0.00000000E+000  0.00000000E+000  0.00000000E+000  0.00000000E+000  0.42193995E-001  0.36740192E+000  0.69357287E+001  0.46462900E+002  0.11353714E+003  0.30029530E+003  0.58957297E+003
  0.00000000E+000  0.00000000E+000  0.00000000E+000  0.00000000E+000  0.42192911E-001  0.36741192E+000  0.69359738E+001  0.46464959E+002  0.11354164E+003  0.30030273E+003  0.58958032E+003
  0.00000000E+000  0.00000000E+000  0.00000000E+000  0.00000000E+000  0.42191830E-001  0.36742139E+000  0.69362162E+001  0.46467002E+002  0.11354616E+003  0.30031033E+003  0.58958781E+003
  0.00000000E+000  0.00000000E+000  0.00000000E+000  0.00000000E+000  0.42190758E-001  0.36743030E+000  0.69364558E+001  0.46469027E+002  0.11355071E+003  0.30031812E+003  0.58959545E+003
  0.00000000E+000  0.00000000E+000  0.00000000E+000  0.00000000E+000  0.42189703E-001  0.36743866E+000  0.69366924E+001  0.46471034E+002  0.11355528E+003  0.30032610E+003  0.58960328E+003
  0.00000000E+000  0.00000000E+000  0.00000000E+000  0.00000000E+000  0.42188672E-001  0.36744645E+000  0.69369261E+001  0.46473021E+002  0.11355987E+003  0.30033428E+003  0.58961130E+003
  0.00000000E+000  0.00000000E+000  0.00000000E+000  0.00000000E+000  0.42187668E-001  0.36745367E+000  0.69371567E+001  0.46474989E+002  0.11356448E+003  0.30034264E+003  0.58961952E+003
  0.00000000E+000  0.00000000E+000  0.00000000E+000  0.00000000E+000  0.42186698E-001  0.36746032E+000  0.69373842E+001  0.46476935E+002  0.11356910E+003  0.30035121E+003  0.58962798E+003
  0.00000000E+000  0.00000000E+000  0.00000000E+000  0.00000000E+000  0.42185764E-001  0.36746642E+000  0.69376085E+001  0.46478861E+002  0.11357374E+003  0.30035998E+003  0.58963667E+003
  0.00000000E+000  0.00000000E+000  0.00000000E+000  0.00000000E+000  0.42184868E-001  0.36747196E+000  0.69378295E+001  0.46480764E+002  0.11357839E+003  0.30036896E+003  0.58964563E+003
  0.00000000E+000  0.00000000E+000  0.00000000E+000  0.00000000E+000  0.42184014E-001  0.36747697E+000  0.69380470E+001  0.46482645E+002  0.11358304E+003  0.30037813E+003  0.58965487E+003
  0.00000000E+000  0.00000000E+000  0.00000000E+000  0.00000000E+000  0.42183202E-001  0.36748145E+000  0.69382610E+001  0.46484503E+002  0.11358770E+003  0.30038752E+003  0.58966439E+003
  0.00000000E+000  0.00000000E+000  0.00000000E+000  0.00000000E+000  0.42182433E-001  0.36748544E+000  0.69384714E+001  0.46486337E+002  0.11359235E+003  0.30039711E+003  0.58967423E+003
  0.00000000E+000  0.00000000E+000  0.00000000E+000  0.00000000E+000  0.42181708E-001  0.36748893E+000  0.69386780E+001  0.46488147E+002  0.11359700E+003  0.30040691E+003  0.58968439E+003
  0.00000000E+000  0.00000000E+000  0.00000000E+000  0.00000000E+000  0.42181027E-001  0.36749197E+000  0.69388807E+001  0.46489934E+002  0.11360165E+003  0.30041692E+003  0.58969488E+003
  0.00000000E+000  0.00000000E+000  0.00000000E+000  0.00000000E+000  0.42180388E-001  0.36749457E+000  0.69390795E+001  0.46491695E+002  0.11360629E+003  0.30042712E+003  0.58970573E+003
  0.00000000E+000  0.00000000E+000  0.00000000E+000  0.00000000E+000  0.42179793E-001  0.36749677E+000  0.69392741E+001  0.46493432E+002  0.11361092E+003  0.30043753E+003  0.58971695E+003
  0.00000000E+000  0.00000000E+000  0.00000000E+000  0.00000000E+000  0.42179239E-001  0.36749859E+000  0.69394644E+001  0.46495143E+002  0.11361553E+003  0.30044813E+003  0.58972854E+003
  0.00000000E+000  0.00000000E+000  0.00000000E+000  0.00000000E+000  0.42178726E-001  0.36750005E+000  0.69396504E+001  0.46496829E+002  0.11362012E+003  0.30045893E+003  0.58974052E+003
  0.00000000E+000  0.00000000E+000  0.00000000E+000  0.00000000E+000  0.42178251E-001  0.36750119E+000  0.69398319E+001  0.46498490E+002  0.11362469E+003  0.30046992E+003  0.58975290E+003
  0.00000000E+000  0.00000000E+000  0.00000000E+000  0.00000000E+000  0.42177814E-001  0.36750204E+000  0.69400087E+001  0.46500124E+002  0.11362924E+003  0.30048109E+003  0.58976569E+003
  0.00000000E+000  0.00000000E+000  0.00000000E+000  0.00000000E+000  0.42177413E-001  0.36750262E+000  0.69401808E+001  0.46501733E+002  0.11363376E+003  0.30049244E+003  0.58977890E+003
  0.00000000E+000  0.00000000E+000  0.00000000E+000  0.00000000E+000  0.42177046E-001  0.36750296E+000  0.69403481E+001  0.46503315E+002  0.11363825E+003  0.30050396E+003  0.58979253E+003
  0.00000000E+000  0.00000000E+000  0.00000000E+000  0.00000000E+000  0.42176712E-001  0.36750310E+000  0.69405103E+001  0.46504871E+002  0.11364270E+003  0.30051565E+003  0.58980660E+003
  0.00000000E+000  0.00000000E+000  0.00000000E+000  0.00000000E+000  0.42176408E-001  0.36750305E+000  0.69406676E+001  0.46506401E+002  0.11364712E+003  0.30052749E+003  0.58982110E+003
  0.00000000E+000  0.00000000E+000  0.00000000E+000  0.00000000E+000  0.42176133E-001  0.36750284E+000  0.69408196E+001  0.46507903E+002  0.11365150E+003  0.30053947E+003  0.58983605E+003
  0.00000000E+000  0.00000000E+000  0.00000000E+000  0.00000000E+000  0.42175886E-001  0.36750249E+000  0.69409664E+001  0.46509379E+002  0.11365584E+003  0.30055160E+003  0.58985143E+003
  0.00000000E+000  0.00000000E+000  0.00000000E+000  0.00000000E+000  0.42175663E-001  0.36750203E+000  0.69411080E+001  0.46510829E+002  0.11366014E+003  0.30056386E+003  0.58986726E+003
  0.00000000E+000  0.00000000E+000  0.00000000E+000  0.00000000E+000  0.42175464E-001  0.36750148E+000  0.69412442E+001  0.46512251E+002  0.11366439E+003  0.30057623E+003  0.58988354E+003
  0.00000000E+000  0.00000000E+000  0.00000000E+000  0.00000000E+000  0.42175288E-001  0.36750085E+000  0.69413750E+001  0.46513646E+002  0.11366859E+003  0.30058872E+003  0.58990025E+003
  0.00000000E+000  0.00000000E+000  0.00000000E+000  0.00000000E+000  0.42175131E-001  0.36750017E+000  0.69415004E+001  0.46515014E+002  0.11367274E+003  0.30060130E+003  0.58991741E+003
  0.00000000E+000  0.00000000E+000  0.00000000E+000  0.00000000E+000  0.42174994E-001  0.36749944E+000  0.69416204E+001  0.46516355E+002  0.11367683E+003  0.30061397E+003  0.58993499E+003
  0.00000000E+000  0.00000000E+000  0.00000000E+000  0.00000000E+000  0.42174874E-001  0.36749869E+000  0.69417350E+001  0.46517668E+002  0.11368088E+003  0.30062671E+003  0.58995301E+003
  0.00000000E+000  0.00000000E+000  0.00000000E+000  0.00000000E+000  0.42174769E-001  0.36749793E+000  0.69418443E+001  0.46518954E+002  0.11368486E+003  0.30063952E+003  0.58997145E+003
  0.00000000E+000  0.00000000E+000  0.00000000E+000  0.00000000E+000  0.42174680E-001  0.36749716E+000  0.69419482E+001  0.46520212E+002  0.11368879E+003  0.30065238E+003  0.58999030E+003
  0.00000000E+000  0.00000000E+000  0.00000000E+000  0.00000000E+000  0.42174603E-001  0.36749640E+000  0.69420469E+001  0.46521442E+002  0.11369265E+003  0.30066529E+003  0.59000955E+003
  0.00000000E+000  0.00000000E+000  0.00000000E+000  0.00000000E+000  0.42174538E-001  0.36749565E+000  0.69421404E+001  0.46522645E+002  0.11369646E+003  0.30067821E+003  0.59002919E+003
  0.00000000E+000  0.00000000E+000  0.00000000E+000  0.00000000E+000  0.42174485E-001  0.36749492E+000  0.69422288E+001  0.46523820E+002  0.11370020E+003  0.30069116E+003  0.59004921E+003
  0.00000000E+000  0.00000000E+000  0.00000000E+000  0.00000000E+000  0.42174441E-001  0.36749422E+000  0.69423122E+001  0.46524967E+002  0.11370388E+003  0.30070411E+003  0.59006959E+003
  0.00000000E+000  0.00000000E+000  0.00000000E+000  0.00000000E+000  0.42174406E-001  0.36749355E+000  0.69423908E+001  0.46526087E+002  0.11370749E+003  0.30071705E+003  0.59009032E+003
  0.00000000E+000  0.00000000E+000  0.00000000E+000  0.00000000E+000  0.42174378E-001  0.36749291E+000  0.69424646E+001  0.46527178E+002  0.11371104E+003  0.30072997E+003  0.59011138E+003
  0.00000000E+000  0.00000000E+000  0.00000000E+000  0.00000000E+000  0.42174358E-001  0.36749231E+000  0.69425338E+001  0.46528241E+002  0.11371451E+003  0.30074286E+003  0.59013276E+003
  0.00000000E+000  0.00000000E+000  0.00000000E+000  0.00000000E+000  0.42174344E-001  0.36749176E+000  0.69425987E+001  0.46529276E+002  0.11371792E+003  0.30075570E+003  0.59015443E+003
  0.00000000E+000  0.00000000E+000  0.00000000E+000  0.00000000E+000  0.42174335E-001  0.36749124E+000  0.69426592E+001  0.46530282E+002  0.11372127E+003  0.30076849E+003  0.59017637E+003
  0.00000000E+000  0.00000000E+000  0.00000000E+000  0.00000000E+000  0.42174330E-001  0.36749076E+000  0.69427157E+001  0.46531261E+002  0.11372454E+003  0.30078121E+003  0.59019858E+003
  0.00000000E+000  0.00000000E+000  0.00000000E+000  0.00000000E+000  0.42174330E-001  0.36749032E+000  0.69427682E+001  0.46532211E+002  0.11372774E+003  0.30079385E+003  0.59022101E+003
  0.00000000E+000  0.00000000E+000  0.00000000E+000  0.00000000E+000  0.42174333E-001  0.36748992E+000  0.69428170E+001  0.46533134E+002  0.11373087E+003  0.30080640E+003  0.59024366E+003
  0.00000000E+000  0.00000000E+000  0.00000000E+000  0.00000000E+000  0.42174340E-001  0.36748956E+000  0.69428623E+001  0.46534028E+002  0.11373393E+003  0.30081885E+003  0.59026650E+003
  0.00000000E+000  0.00000000E+000  0.00000000E+000  0.00000000E+000  0.42174348E-001  0.36748924E+000  0.69429041E+001  0.46534894E+002  0.11373692E+003  0.30083120E+003  0.59028950E+003
  0.00000000E+000  0.00000000E+000  0.00000000E+000  0.00000000E+000  0.42174359E-001  0.36748895E+000  0.69429428E+001  0.46535733E+002  0.11373984E+003  0.30084342E+003  0.59031265E+003
  0.00000000E+000  0.00000000E+000  0.00000000E+000  0.00000000E+000  0.42174371E-001  0.36748870E+000  0.69429785E+001  0.46536543E+002  0.11374269E+003  0.30085551E+003  0.59033592E+003
  0.00000000E+000  0.00000000E+000  0.00000000E+000  0.00000000E+000  0.42174384E-001  0.36748848E+000  0.69430113E+001  0.46537327E+002  0.11374546E+003  0.30086747E+003  0.59035928E+003
  0.00000000E+000  0.00000000E+000  0.00000000E+000  0.00000000E+000  0.42174398E-001  0.36748829E+000  0.69430415E+001  0.46538082E+002  0.11374817E+003  0.30087928E+003  0.59038271E+003
  0.00000000E+000  0.00000000E+000  0.00000000E+000  0.00000000E+000  0.42174412E-001  0.36748812E+000  0.69430691E+001  0.46538811E+002  0.11375080E+003  0.30089094E+003  0.59040619E+003
  0.00000000E+000  0.00000000E+000  0.00000000E+000  0.00000000E+000  0.42174427E-001  0.36748798E+000  0.69430945E+001  0.46539513E+002  0.11375337E+003  0.30090243E+003  0.59042970E+003
  0.00000000E+000  0.00000000E+000  0.00000000E+000  0.00000000E+000  0.42174442E-001  0.36748787E+000  0.69431177E+001  0.46540188E+002  0.11375586E+003  0.30091376E+003  0.59045320E+003
  0.00000000E+000  0.00000000E+000  0.00000000E+000  0.00000000E+000  0.42174457E-001  0.36748778E+000  0.69431390E+001  0.46540837E+002  0.11375829E+003  0.30092492E+003  0.59047668E+003
  0.00000000E+000  0.00000000E+000  0.00000000E+000  0.00000000E+000  0.42174472E-001  0.36748771E+000  0.69431583E+001  0.46541460E+002  0.11376064E+003  0.30093589E+003  0.59050011E+003
  0.00000000E+000  0.00000000E+000  0.00000000E+000  0.00000000E+000  0.42174486E-001  0.36748765E+000  0.69431760E+001  0.46542058E+002  0.11376292E+003  0.30094668E+003  0.59052346E+003
  0.00000000E+000  0.00000000E+000  0.00000000E+000  0.00000000E+000  0.42174500E-001  0.36748761E+000  0.69431921E+001  0.46542631E+002  0.11376514E+003  0.30095727E+003  0.59054673E+003
  0.00000000E+000  0.00000000E+000  0.00000000E+000  0.00000000E+000  0.42174513E-001  0.36748758E+000  0.69432068E+001  0.46543179E+002  0.11376729E+003  0.30096767E+003  0.59056987E+003
  0.00000000E+000  0.00000000E+000  0.00000000E+000  0.00000000E+000  0.42174525E-001  0.36748756E+000  0.69432201E+001  0.46543703E+002  0.11376937E+003  0.30097787E+003  0.59059288E+003
  0.00000000E+000  0.00000000E+000  0.00000000E+000  0.00000000E+000  0.42174537E-001  0.36748756E+000  0.69432322E+001  0.46544203E+002  0.11377138E+003  0.30098787E+003  0.59061573E+003
  0.00000000E+000  0.00000000E+000  0.00000000E+000  0.00000000E+000  0.42174547E-001  0.36748756E+000  0.69432432E+001  0.46544680E+002  0.11377333E+003  0.30099766E+003  0.59063840E+003
  0.00000000E+000  0.00000000E+000  0.00000000E+000  0.00000000E+000  0.42174557E-001  0.36748757E+000  0.69432532E+001  0.46545135E+002  0.11377521E+003  0.30100724E+003  0.59066086E+003
  0.00000000E+000  0.00000000E+000  0.00000000E+000  0.00000000E+000  0.42174566E-001  0.36748759E+000  0.69432622E+001  0.46545568E+002  0.11377703E+003  0.30101661E+003  0.59068311E+003
  0.00000000E+000  0.00000000E+000  0.00000000E+000  0.00000000E+000  0.42174574E-001  0.36748761E+000  0.69432705E+001  0.46545980E+002  0.11377879E+003  0.30102576E+003  0.59070513E+003
  0.00000000E+000  0.00000000E+000  0.00000000E+000  0.00000000E+000  0.42174581E-001  0.36748763E+000  0.69432779E+001  0.46546371E+002  0.11378048E+003  0.30103470E+003  0.59072689E+003
  0.00000000E+000  0.00000000E+000  0.00000000E+000  0.00000000E+000  0.42174587E-001  0.36748765E+000  0.69432847E+001  0.46546741E+002  0.11378211E+003  0.30104342E+003  0.59074838E+003
  0.00000000E+000  0.00000000E+000  0.00000000E+000  0.00000000E+000  0.42174592E-001  0.36748768E+000  0.69432909E+001  0.46547093E+002  0.11378368E+003  0.30105193E+003  0.59076959E+003
  0.00000000E+000  0.00000000E+000  0.00000000E+000  0.00000000E+000  0.42174596E-001  0.36748771E+000  0.69432964E+001  0.46547425E+002  0.11378520E+003  0.30106022E+003  0.59079050E+003
  0.00000000E+000  0.00000000E+000  0.00000000E+000  0.00000000E+000  0.42174599E-001  0.36748774E+000  0.69433015E+001  0.46547740E+002  0.11378665E+003  0.30106829E+003  0.59081109E+003
  0.00000000E+000  0.00000000E+000  0.00000000E+000  0.00000000E+000  0.42174602E-001  0.36748776E+000  0.69433061E+001  0.46548037E+002  0.11378805E+003  0.30107615E+003  0.59083136E+003
  0.00000000E+000  0.00000000E+000  0.00000000E+000  0.00000000E+000  0.42174604E-001  0.36748779E+000  0.69433103E+001  0.46548317E+002  0.11378939E+003  0.30108379E+003  0.59085130E+003
  0.00000000E+000  0.00000000E+000  0.00000000E+000  0.00000000E+000  0.42174605E-001  0.36748781E+000  0.69433141E+001  0.46548582E+002  0.11379067E+003  0.30109121E+003  0.59087088E+003
  0.00000000E+000  0.00000000E+000  0.00000000E+000  0.00000000E+000  0.42174605E-001  0.36748783E+000  0.69433175E+001  0.46548830E+002  0.11379190E+003  0.30109842E+003  0.59089012E+003
  0.00000000E+000  0.00000000E+000  0.00000000E+000  0.00000000E+000  0.42174605E-001  0.36748786E+000  0.69433206E+001  0.46549064E+002  0.11379308E+003  0.30110541E+003  0.59090898E+003
  0.00000000E+000  0.00000000E+000  0.00000000E+000  0.00000000E+000  0.42174605E-001  0.36748787E+000  0.69433235E+001  0.46549284E+002  0.11379421E+003  0.30111220E+003  0.59092747E+003
  0.00000000E+000  0.00000000E+000  0.00000000E+000  0.00000000E+000  0.42174603E-001  0.36748789E+000  0.69433261E+001  0.46549491E+002  0.11379529E+003  0.30111877E+003  0.59094558E+003
  0.00000000E+000  0.00000000E+000  0.00000000E+000  0.00000000E+000  0.42174602E-001  0.36748790E+000  0.69433284E+001  0.46549684E+002  0.11379632E+003  0.30112514E+003  0.59096331E+003
  0.00000000E+000  0.00000000E+000  0.00000000E+000  0.00000000E+000  0.42174600E-001  0.36748791E+000  0.69433305E+001  0.46549866E+002  0.11379731E+003  0.30113131E+003  0.59098065E+003
  0.00000000E+000  0.00000000E+000  0.00000000E+000  0.00000000E+000  0.42174597E-001  0.36748792E+000  0.69433325E+001  0.46550035E+002  0.11379825E+003  0.30113727E+003  0.59099759E+003
  0.00000000E+000  0.00000000E+000  0.00000000E+000  0.00000000E+000  0.42174595E-001  0.36748793E+000  0.69433342E+001  0.46550194E+002  0.11379914E+003  0.30114303E+003  0.59101413E+003
  0.00000000E+000  0.00000000E+000  0.00000000E+000  0.00000000E+000  0.42174592E-001  0.36748793E+000  0.69433358E+001  0.46550342E+002  0.11379999E+003  0.30114860E+003  0.59103027E+003
  0.00000000E+000  0.00000000E+000  0.00000000E+000  0.00000000E+000  0.42174589E-001  0.36748793E+000  0.69433373E+001  0.46550480E+002  0.11380080E+003  0.30115397E+003  0.59104600E+003
  0.00000000E+000  0.00000000E+000  0.00000000E+000  0.00000000E+000  0.42174586E-001  0.36748793E+000  0.69433386E+001  0.46550609E+002  0.11380157E+003  0.30115915E+003  0.59106134E+003
  0.00000000E+000  0.00000000E+000  0.00000000E+000  0.00000000E+000  0.42174583E-001  0.36748793E+000  0.69433398E+001  0.46550729E+002  0.11380231E+003  0.30116415E+003  0.59107626E+003
  0.00000000E+000  0.00000000E+000  0.00000000E+000  0.00000000E+000  0.42174580E-001  0.36748792E+000  0.69433408E+001  0.46550841E+002  0.11380300E+003  0.30116896E+003  0.59109079E+003
  0.00000000E+000  0.00000000E+000  0.00000000E+000  0.00000000E+000  0.42174577E-001  0.36748792E+000  0.69433418E+001  0.46550945E+002  0.11380366E+003  0.30117359E+003  0.59110491E+003
  0.00000000E+000  0.00000000E+000  0.00000000E+000  0.00000000E+000  0.42174574E-001  0.36748791E+000  0.69433427E+001  0.46551041E+002  0.11380428E+003  0.30117805E+003  0.59111863E+003
  0.00000000E+000  0.00000000E+000  0.00000000E+000  0.00000000E+000  0.42174571E-001  0.36748790E+000  0.69433434E+001  0.46551131E+002  0.11380487E+003  0.30118233E+003  0.59113195E+003
  0.00000000E+000  0.00000000E+000  0.00000000E+000  0.00000000E+000  0.42174569E-001  0.36748789E+000  0.69433441E+001  0.46551214E+002  0.11380543E+003  0.30118645E+003  0.59114487E+003
  0.00000000E+000  0.00000000E+000  0.00000000E+000  0.00000000E+000  0.42174567E-001  0.36748788E+000  0.69433447E+001  0.46551291E+002  0.11380596E+003  0.30119040E+003  0.59115740E+003
  0.00000000E+000  0.00000000E+000  0.00000000E+000  0.00000000E+000  0.42174565E-001  0.36748787E+000  0.69433453E+001  0.46551362E+002  0.11380645E+003  0.30119419E+003  0.59116953E+003
  0.00000000E+000  0.00000000E+000  0.00000000E+000  0.00000000E+000  0.42174563E-001  0.36748786E+000  0.69433458E+001  0.46551428E+002  0.11380692E+003  0.30119783E+003  0.59118129E+003
  0.00000000E+000  0.00000000E+000  0.00000000E+000  0.00000000E+000  0.42174561E-001  0.36748785E+000  0.69433462E+001  0.46551488E+002  0.11380737E+003  0.30120131E+003  0.59119266E+003
  0.00000000E+000  0.00000000E+000  0.00000000E+000  0.00000000E+000  0.42174560E-001  0.36748784E+000  0.69433466E+001  0.46551545E+002  0.11380778E+003  0.30120464E+003  0.59120365E+003
  0.00000000E+000  0.00000000E+000  0.00000000E+000  0.00000000E+000  0.42174559E-001  0.36748784E+000  0.69433470E+001  0.46551597E+002  0.11380817E+003  0.30120783E+003  0.59121428E+003
  0.00000000E+000  0.00000000E+000  0.00000000E+000  0.00000000E+000  0.42174559E-001  0.36748783E+000  0.69433473E+001  0.46551644E+002  0.11380854E+003  0.30121088E+003  0.59122454E+003
  0.00000000E+000  0.00000000E+000  0.00000000E+000  0.00000000E+000  0.42174559E-001  0.36748782E+000  0.69433476E+001  0.46551689E+002  0.11380889E+003  0.30121380E+003  0.59123444E+003
  0.00000000E+000  0.00000000E+000  0.00000000E+000  0.00000000E+000  0.42174558E-001  0.36748781E+000  0.69433477E+001  0.46551728E+002  0.11380921E+003  0.30121657E+003  0.59124397E+003
