  0.12820973E-001
  0.13118135E-001
  0.13373506E-001
  0.13592215E-001
  0.13779086E-001
  0.13938523E-001
  0.14074413E-001
  0.14190159E-001
  0.14288715E-001
  0.14372609E-001
  0.14444020E-001
  0.14504771E-001
  0.14556466E-001
  0.14600425E-001
  0.14637798E-001
  0.14669542E-001
  0.14696484E-001
  0.14719320E-001
  0.14738654E-001
  0.14754987E-001
  0.14768758E-001
  0.14780338E-001
  0.14790041E-001
  0.14798143E-001
  0.14804879E-001
  0.14810450E-001
  0.14815030E-001
  0.14818769E-001
  0.14821796E-001
  0.14824223E-001
  0.14826146E-001
  0.14827648E-001
  0.14828800E-001
  0.14829663E-001
  0.14830289E-001
  0.14830723E-001
  0.14831001E-001
  0.14831156E-001
  0.14831212E-001
  0.14831193E-001
  0.14831116E-001
  0.14830994E-001
  0.14830840E-001
  0.14830663E-001
  0.14830470E-001
  0.14830266E-001
  0.14830056E-001
  0.14829843E-001
  0.14829630E-001
  0.14829417E-001
  0.14829207E-001
  0.14828999E-001
  0.14828796E-001
  0.14828597E-001
  0.14828402E-001
  0.14828212E-001
  0.14828027E-001
  0.14827846E-001
  0.14827670E-001
  0.14827499E-001
  0.14827333E-001
  0.14827171E-001
  0.14827014E-001
  0.14826861E-001
  0.14826713E-001
  0.14826568E-001
  0.14826427E-001
  0.14826290E-001
  0.14826156E-001
  0.14826026E-001
  0.14825897E-001
  0.14825772E-001
  0.14825648E-001
  0.14825525E-001
  0.14825405E-001
  0.14825285E-001
  0.14825166E-001
  0.14825048E-001
  0.14824931E-001
  0.14824815E-001
  0.14824699E-001
  0.14824585E-001
  0.14824472E-001
  0.14824360E-001
  0.14824250E-001
  0.14824142E-001
  0.14824037E-001
  0.14823935E-001
  0.14823835E-001
  0.14823739E-001
  0.14823646E-001
  0.14823558E-001
  0.14823473E-001
  0.14823392E-001
  0.14823315E-001
  0.14823242E-001
  0.14823174E-001
  0.14823109E-001
  0.14823049E-001
  0.14822992E-001
  0.14822939E-001
  0.14822890E-001
  0.14822844E-001
  0.14822802E-001
  0.14822763E-001
  0.14822727E-001
  0.14822694E-001
  0.14822663E-001
  0.14822636E-001
  0.14822610E-001
  0.14822587E-001
  0.14822566E-001
  0.14822547E-001
  0.14822529E-001
  0.14822514E-001
  0.14822500E-001
  0.14822487E-001
  0.14822476E-001
  0.14822466E-001
  0.14822457E-001
  0.14822449E-001
  0.14822443E-001
  0.14822437E-001
  0.14822431E-001
  0.14822427E-001
  0.14822423E-001
  0.14822420E-001
  0.14822417E-001
  0.14822415E-001
  0.14822413E-001
  0.14822412E-001
  0.14822411E-001
  0.14822410E-001
  0.14822409E-001
  0.14822409E-001
  0.14822409E-001
  0.14822409E-001
  0.14822409E-001
  0.14822410E-001
  0.14822410E-001
  0.14822411E-001
  0.14822411E-001
  0.14822412E-001
  0.14822413E-001
  0.14822413E-001
  0.14822414E-001
  0.14822415E-001
  0.14822416E-001
  0.14822416E-001
  0.14822417E-001
  0.14822418E-001
  0.14822419E-001
  0.14822419E-001
  0.14822420E-001
  0.14822421E-001
  0.14822421E-001
  0.14822422E-001
  0.14822422E-001
  0.14822423E-001
  0.14822423E-001
  0.14822424E-001
  0.14822424E-001
  0.14822425E-001
  0.14822425E-001
  0.14822425E-001
  0.14822426E-001
  0.14822426E-001
  0.14822426E-001
  0.14822426E-001
  0.14822426E-001
  0.14822426E-001
  0.14822427E-001
  0.14822427E-001
  0.14822427E-001
  0.14822427E-001
  0.14822427E-001
  0.14822427E-001
  0.14822427E-001
  0.14822427E-001
  0.14822427E-001
  0.14822427E-001
  0.14822427E-001
  0.14822426E-001
  0.14822426E-001
  0.14822426E-001
  0.14822426E-001
  0.14822426E-001
  0.14822426E-001
  0.14822426E-001
  0.14822426E-001
  0.14822426E-001
  0.14822426E-001
  0.14822425E-001
  0.14822425E-001
  0.14822425E-001
  0.14822425E-001
  0.14822425E-001
  0.14822425E-001
  0.14822423E-001
  0.14822421E-001
