  0.30237416E+002
  0.30237816E+002
  0.30238190E+002
  0.30238520E+002
  0.30238804E+002
  0.30239048E+002
  0.30239257E+002
  0.30239438E+002
  0.30239594E+002
  0.30239730E+002
  0.30239849E+002
  0.30239953E+002
  0.30240045E+002
  0.30240126E+002
  0.30240198E+002
  0.30240263E+002
  0.30240321E+002
  0.30240374E+002
  0.30240422E+002
  0.30240465E+002
  0.30240505E+002
  0.30240542E+002
  0.30240575E+002
  0.30240606E+002
  0.30240635E+002
  0.30240662E+002
  0.30240687E+002
  0.30240711E+002
  0.30240733E+002
  0.30240753E+002
  0.30240773E+002
  0.30240791E+002
  0.30240808E+002
  0.30240823E+002
  0.30240838E+002
  0.30240852E+002
  0.30240865E+002
  0.30240876E+002
  0.30240887E+002
  0.30240897E+002
  0.30240906E+002
  0.30240914E+002
  0.30240920E+002
  0.30240926E+002
  0.30240931E+002
  0.30240935E+002
  0.30240938E+002
  0.30240940E+002
  0.30240941E+002
  0.30240942E+002
  0.30240941E+002
  0.30240939E+002
  0.30240937E+002
  0.30240934E+002
  0.30240930E+002
  0.30240925E+002
  0.30240920E+002
  0.30240914E+002
  0.30240908E+002
  0.30240900E+002
  0.30240893E+002
  0.30240885E+002
  0.30240876E+002
  0.30240867E+002
  0.30240858E+002
  0.30240848E+002
  0.30240838E+002
  0.30240828E+002
  0.30240817E+002
  0.30240806E+002
  0.30240794E+002
  0.30240782E+002
  0.30240770E+002
  0.30240757E+002
  0.30240743E+002
  0.30240730E+002
  0.30240716E+002
  0.30240701E+002
  0.30240686E+002
  0.30240670E+002
  0.30240654E+002
  0.30240638E+002
  0.30240621E+002
  0.30240604E+002
  0.30240586E+002
  0.30240569E+002
  0.30240551E+002
  0.30240532E+002
  0.30240514E+002
  0.30240496E+002
  0.30240477E+002
  0.30240459E+002
  0.30240441E+002
  0.30240423E+002
  0.30240405E+002
  0.30240388E+002
  0.30240370E+002
  0.30240353E+002
  0.30240337E+002
  0.30240320E+002
  0.30240304E+002
  0.30240288E+002
  0.30240273E+002
  0.30240258E+002
  0.30240243E+002
  0.30240228E+002
  0.30240214E+002
  0.30240200E+002
  0.30240186E+002
  0.30240172E+002
  0.30240158E+002
  0.30240145E+002
  0.30240131E+002
  0.30240118E+002
  0.30240104E+002
  0.30240090E+002
  0.30240077E+002
  0.30240063E+002
  0.30240049E+002
  0.30240034E+002
  0.30240020E+002
  0.30240005E+002
  0.30239990E+002
  0.30239974E+002
  0.30239958E+002
  0.30239942E+002
  0.30239926E+002
  0.30239908E+002
  0.30239891E+002
  0.30239873E+002
  0.30239854E+002
  0.30239835E+002
  0.30239816E+002
  0.30239796E+002
  0.30239775E+002
  0.30239754E+002
  0.30239732E+002
  0.30239710E+002
  0.30239687E+002
  0.30239664E+002
  0.30239640E+002
  0.30239616E+002
  0.30239591E+002
  0.30239565E+002
  0.30239539E+002
  0.30239513E+002
  0.30239486E+002
  0.30239458E+002
  0.30239430E+002
  0.30239402E+002
  0.30239373E+002
  0.30239343E+002
  0.30239314E+002
  0.30239284E+002
  0.30239253E+002
  0.30239223E+002
  0.30239192E+002
  0.30239160E+002
  0.30239129E+002
  0.30239097E+002
  0.30239065E+002
  0.30239033E+002
  0.30239001E+002
  0.30238969E+002
  0.30238937E+002
  0.30238904E+002
  0.30238872E+002
  0.30238839E+002
  0.30238807E+002
  0.30238775E+002
  0.30238743E+002
  0.30238711E+002
  0.30238679E+002
  0.30238647E+002
  0.30238616E+002
  0.30238585E+002
  0.30238554E+002
  0.30238523E+002
  0.30238493E+002
  0.30238463E+002
  0.30238433E+002
  0.30238404E+002
  0.30238375E+002
  0.30238347E+002
  0.30238319E+002
  0.30238291E+002
  0.30238264E+002
  0.30238237E+002
  0.30238211E+002
  0.30238186E+002
  0.30238160E+002
  0.30238136E+002
  0.30238111E+002
  0.30238088E+002
  0.30238065E+002
  0.30238042E+002
  0.30238020E+002
  0.30237998E+002
  0.30237977E+002
  0.30237957E+002
