  0.15038846E+001  0.10107017E+001  0.73842058E+001  0.11105089E+003
  0.15025477E+001  0.10132506E+001  0.73749190E+001  0.11073148E+003
  0.15001958E+001  0.10154590E+001  0.73510389E+001  0.11108608E+003
  0.14978847E+001  0.10170316E+001  0.73448989E+001  0.11109428E+003
  0.14958117E+001  0.10213333E+001  0.73424828E+001  0.11109560E+003
  0.14960290E+001  0.10209181E+001  0.73418866E+001  0.11109737E+003
  0.14970461E+001  0.10219218E+001  0.72587006E+001  0.11117937E+003
  0.14971942E+001  0.10285770E+001  0.72505608E+001  0.11118143E+003
  0.14972054E+001  0.10289529E+001  0.72494929E+001  0.11118274E+003
  0.14984031E+001  0.10282156E+001  0.71887123E+001  0.11124360E+003
  0.14984150E+001  0.10283671E+001  0.71797493E+001  0.11125288E+003
  0.14998509E+001  0.10273739E+001  0.71027945E+001  0.11132981E+003
  0.14999178E+001  0.10274193E+001  0.70957375E+001  0.11133712E+003
  0.14998897E+001  0.10317294E+001  0.70914325E+001  0.11133747E+003
  0.15004199E+001  0.10312704E+001  0.70913595E+001  0.11133776E+003
  0.15014101E+001  0.10303334E+001  0.70912939E+001  0.11133803E+003
  0.15013960E+001  0.10303864E+001  0.70937933E+001  0.11129799E+003
  0.15013862E+001  0.10304235E+001  0.70943552E+001  0.11128851E+003
  0.15015132E+001  0.10303145E+001  0.70911250E+001  0.11133875E+003
  0.15015010E+001  0.10303373E+001  0.70889221E+001  0.11134111E+003
  0.15014881E+001  0.10303551E+001  0.70888740E+001  0.11134132E+003
  0.15014747E+001  0.10303778E+001  0.70886129E+001  0.11134171E+003
  0.15014610E+001  0.10303877E+001  0.70885672E+001  0.11134190E+003
  0.15014470E+001  0.10303952E+001  0.70887282E+001  0.11134187E+003
  0.15014329E+001  0.10304005E+001  0.70886849E+001  0.11134204E+003
  0.15014187E+001  0.10304037E+001  0.70886422E+001  0.11134220E+003
  0.15014045E+001  0.10304053E+001  0.70885998E+001  0.11134235E+003
  0.15013904E+001  0.10304105E+001  0.70885528E+001  0.11134250E+003
  0.15013764E+001  0.10304198E+001  0.70885007E+001  0.11134265E+003
  0.15013626E+001  0.10304374E+001  0.70884397E+001  0.11134279E+003
  0.15013489E+001  0.10304459E+001  0.70883873E+001  0.11134292E+003
  0.15013354E+001  0.10304521E+001  0.70904867E+001  0.11134090E+003
  0.15013221E+001  0.10304557E+001  0.70904395E+001  0.11134103E+003
  0.15013090E+001  0.10304567E+001  0.70903946E+001  0.11134115E+003
  0.15012961E+001  0.10304553E+001  0.70903519E+001  0.11134126E+003
  0.15012834E+001  0.10304518E+001  0.70903112E+001  0.11134138E+003
  0.15012709E+001  0.10304464E+001  0.70902723E+001  0.11134148E+003
  0.15012586E+001  0.10304394E+001  0.70902350E+001  0.11134159E+003
  0.15012466E+001  0.10304311E+001  0.70901991E+001  0.11134169E+003
  0.15012346E+001  0.10304216E+001  0.70901643E+001  0.11134178E+003
  0.15012229E+001  0.10304114E+001  0.70905046E+001  0.11133596E+003
  0.15012113E+001  0.10304004E+001  0.70910676E+001  0.11132663E+003
  0.15011999E+001  0.10303890E+001  0.70916029E+001  0.11131775E+003
  0.15011886E+001  0.10303773E+001  0.70921096E+001  0.11130933E+003
  0.15011775E+001  0.10303653E+001  0.70925873E+001  0.11130137E+003
  0.15011664E+001  0.10303534E+001  0.70930355E+001  0.11129389E+003
  0.15011554E+001  0.10303415E+001  0.70934541E+001  0.11128687E+003
  0.15011445E+001  0.10303296E+001  0.70938432E+001  0.11128033E+003
  0.15011337E+001  0.10303180E+001  0.70942031E+001  0.11127424E+003
  0.15011229E+001  0.10303067E+001  0.70945344E+001  0.11126861E+003
  0.15011122E+001  0.10302956E+001  0.70948377E+001  0.11126342E+003
  0.15011014E+001  0.10302849E+001  0.70951140E+001  0.11125865E+003
  0.15010907E+001  0.10302745E+001  0.70953644E+001  0.11125430E+003
  0.15010801E+001  0.10302645E+001  0.70955901E+001  0.11125033E+003
  0.15010694E+001  0.10302549E+001  0.70897234E+001  0.11134269E+003
  0.15010587E+001  0.10302456E+001  0.70896962E+001  0.11134271E+003
  0.15010480E+001  0.10302367E+001  0.70896692E+001  0.11134274E+003
  0.15010373E+001  0.10302281E+001  0.70896423E+001  0.11134276E+003
  0.15010267E+001  0.10302198E+001  0.70896156E+001  0.11134278E+003
  0.15010160E+001  0.10302118E+001  0.70895892E+001  0.11134280E+003
  0.15010053E+001  0.10302040E+001  0.70895630E+001  0.11134281E+003
  0.15009946E+001  0.10301964E+001  0.70895373E+001  0.11134282E+003
  0.15009840E+001  0.10301890E+001  0.70895119E+001  0.11134283E+003
  0.15009734E+001  0.10301817E+001  0.70894869E+001  0.11134284E+003
  0.15009628E+001  0.10301745E+001  0.70894626E+001  0.11134285E+003
  0.15009523E+001  0.10301673E+001  0.70894388E+001  0.11134285E+003
  0.15009419E+001  0.10301601E+001  0.70894156E+001  0.11134285E+003
  0.15009316E+001  0.10301529E+001  0.70893933E+001  0.11134285E+003
  0.15009214E+001  0.10301457E+001  0.70893717E+001  0.11134284E+003
  0.15009113E+001  0.10301384E+001  0.70893509E+001  0.11134284E+003
  0.15009014E+001  0.10301311E+001  0.70893310E+001  0.11134283E+003
  0.15008916E+001  0.10301237E+001  0.70893121E+001  0.11134281E+003
  0.15008821E+001  0.10301163E+001  0.70892941E+001  0.11134280E+003
  0.15008727E+001  0.10301089E+001  0.70892770E+001  0.11134278E+003
  0.15008636E+001  0.10301014E+001  0.70892609E+001  0.11134276E+003
  0.15008547E+001  0.10300939E+001  0.70892457E+001  0.11134274E+003
  0.15008461E+001  0.10300869E+001  0.70892311E+001  0.11134271E+003
  0.15008378E+001  0.10300795E+001  0.70892176E+001  0.11134268E+003
  0.15008298E+001  0.10300721E+001  0.70892049E+001  0.11134265E+003
  0.15008220E+001  0.10300649E+001  0.70891929E+001  0.11134261E+003
  0.15008146E+001  0.10300578E+001  0.70891817E+001  0.11134258E+003
  0.15008076E+001  0.10300508E+001  0.70891710E+001  0.11134254E+003
  0.15008008E+001  0.10300440E+001  0.70891608E+001  0.11134249E+003
  0.15007945E+001  0.10300294E+001  0.70891591E+001  0.11134245E+003
  0.15007884E+001  0.10300229E+001  0.70891498E+001  0.11134240E+003
  0.15007827E+001  0.10300166E+001  0.70891410E+001  0.11134235E+003
  0.15007774E+001  0.10300104E+001  0.70891326E+001  0.11134230E+003
  0.15007724E+001  0.10300044E+001  0.70891244E+001  0.11134224E+003
  0.15007677E+001  0.10299986E+001  0.70891166E+001  0.11134219E+003
  0.15007633E+001  0.10299929E+001  0.70891090E+001  0.11134213E+003
  0.15007593E+001  0.10299874E+001  0.70891016E+001  0.11134208E+003
  0.15007556E+001  0.10299821E+001  0.70890946E+001  0.11134202E+003
  0.15007523E+001  0.10299769E+001  0.70890877E+001  0.11134196E+003
  0.15007492E+001  0.10299719E+001  0.70890811E+001  0.11134190E+003
  0.15007464E+001  0.10299670E+001  0.70890747E+001  0.11134185E+003
  0.15007439E+001  0.10299623E+001  0.70890686E+001  0.11134179E+003
  0.15007416E+001  0.10299578E+001  0.70890627E+001  0.11134173E+003
  0.15007396E+001  0.10299533E+001  0.70890571E+001  0.11134168E+003
  0.15007379E+001  0.10299491E+001  0.70890518E+001  0.11134162E+003
  0.15007363E+001  0.10299449E+001  0.70890467E+001  0.11134157E+003
  0.15007350E+001  0.10299409E+001  0.70890418E+001  0.11134151E+003
  0.15007338E+001  0.10299370E+001  0.70890372E+001  0.11134146E+003
  0.15007329E+001  0.10299332E+001  0.70890329E+001  0.11134141E+003
  0.15007321E+001  0.10299296E+001  0.70890288E+001  0.11134135E+003
  0.15007314E+001  0.10299261E+001  0.70890250E+001  0.11134130E+003
  0.15007309E+001  0.10299227E+001  0.70890213E+001  0.11134125E+003
  0.15007305E+001  0.10299195E+001  0.70890179E+001  0.11134120E+003
  0.15007302E+001  0.10299164E+001  0.70890146E+001  0.11134115E+003
  0.15007300E+001  0.10299134E+001  0.70890115E+001  0.11134110E+003
  0.15007298E+001  0.10299106E+001  0.70890084E+001  0.11134105E+003
  0.15007297E+001  0.10299078E+001  0.70890055E+001  0.11134100E+003
  0.15007297E+001  0.10299052E+001  0.70890026E+001  0.11134096E+003
  0.15007296E+001  0.10299028E+001  0.70889997E+001  0.11134091E+003
  0.15007296E+001  0.10299004E+001  0.70889969E+001  0.11134086E+003
  0.15007296E+001  0.10298982E+001  0.70889939E+001  0.11134081E+003
  0.15007296E+001  0.10298961E+001  0.70889910E+001  0.11134076E+003
  0.15007296E+001  0.10298942E+001  0.70889879E+001  0.11134071E+003
  0.15007295E+001  0.10298923E+001  0.70889847E+001  0.11134066E+003
  0.15007294E+001  0.10298906E+001  0.70889813E+001  0.11134061E+003
  0.15007293E+001  0.10298890E+001  0.70889778E+001  0.11134055E+003
  0.15007291E+001  0.10298875E+001  0.70889741E+001  0.11134050E+003
  0.15007289E+001  0.10298862E+001  0.70889702E+001  0.11134045E+003
  0.15007286E+001  0.10298849E+001  0.70889661E+001  0.11134039E+003
  0.15007282E+001  0.10298838E+001  0.70889618E+001  0.11134034E+003
  0.15007278E+001  0.10298828E+001  0.70889574E+001  0.11134028E+003
  0.15007274E+001  0.10298818E+001  0.70889527E+001  0.11134022E+003
  0.15007269E+001  0.10298810E+001  0.70889479E+001  0.11134016E+003
  0.15007263E+001  0.10298803E+001  0.70889429E+001  0.11134010E+003
  0.15007257E+001  0.10298796E+001  0.70889377E+001  0.11134003E+003
  0.15007250E+001  0.10298790E+001  0.70889325E+001  0.11133997E+003
  0.15007243E+001  0.10298785E+001  0.70889271E+001  0.11133990E+003
  0.15007236E+001  0.10298781E+001  0.70889217E+001  0.11133983E+003
  0.15007228E+001  0.10298777E+001  0.70889162E+001  0.11133976E+003
  0.15007220E+001  0.10298774E+001  0.70889107E+001  0.11133969E+003
  0.15007212E+001  0.10298771E+001  0.70889053E+001  0.11133961E+003
  0.15007203E+001  0.10298768E+001  0.70888999E+001  0.11133953E+003
  0.15007195E+001  0.10298767E+001  0.70888945E+001  0.11133945E+003
  0.15007187E+001  0.10298765E+001  0.70888893E+001  0.11133937E+003
  0.15007179E+001  0.10298764E+001  0.70888842E+001  0.11133928E+003
  0.15007171E+001  0.10298762E+001  0.70888793E+001  0.11133920E+003
  0.15007163E+001  0.10298762E+001  0.70888746E+001  0.11133911E+003
  0.15007155E+001  0.10298761E+001  0.70888700E+001  0.11133902E+003
  0.15007148E+001  0.10298760E+001  0.70888657E+001  0.11133892E+003
  0.15007141E+001  0.10298760E+001  0.70888617E+001  0.11133882E+003
  0.15007135E+001  0.10298759E+001  0.70888579E+001  0.11133872E+003
  0.15007129E+001  0.10298759E+001  0.70888543E+001  0.11133862E+003
  0.15007124E+001  0.10298758E+001  0.70888511E+001  0.11133852E+003
  0.15007119E+001  0.10298758E+001  0.70888481E+001  0.11133841E+003
  0.15007115E+001  0.10298757E+001  0.70888454E+001  0.11133830E+003
  0.15007111E+001  0.10298757E+001  0.70888430E+001  0.11133819E+003
  0.15007108E+001  0.10298757E+001  0.70888409E+001  0.11133808E+003
  0.15007105E+001  0.10298756E+001  0.70888391E+001  0.11133796E+003
  0.15007103E+001  0.10298756E+001  0.70888376E+001  0.11133785E+003
  0.15007101E+001  0.10298755E+001  0.70888363E+001  0.11133773E+003
  0.15007100E+001  0.10298755E+001  0.70888352E+001  0.11133761E+003
  0.15007100E+001  0.10298755E+001  0.70888344E+001  0.11133748E+003
  0.15007100E+001  0.10298754E+001  0.70888339E+001  0.11133736E+003
  0.15007100E+001  0.10298754E+001  0.70888336E+001  0.11133724E+003
  0.15007101E+001  0.10298754E+001  0.70888334E+001  0.11133711E+003
  0.15007102E+001  0.10298753E+001  0.70888335E+001  0.11133698E+003
  0.15007103E+001  0.10298753E+001  0.70888337E+001  0.11133686E+003
  0.15007105E+001  0.10298753E+001  0.70888341E+001  0.11133673E+003
  0.15007107E+001  0.10298753E+001  0.70888347E+001  0.11133660E+003
  0.15007109E+001  0.10298753E+001  0.70888354E+001  0.11133647E+003
  0.15007112E+001  0.10298753E+001  0.70888361E+001  0.11133634E+003
  0.15007115E+001  0.10298753E+001  0.70888370E+001  0.11133621E+003
  0.15007117E+001  0.10298753E+001  0.70888380E+001  0.11133608E+003
  0.15007120E+001  0.10298754E+001  0.70888391E+001  0.11133595E+003
  0.15007123E+001  0.10298754E+001  0.70888402E+001  0.11133581E+003
  0.15007127E+001  0.10298755E+001  0.70888414E+001  0.11133568E+003
  0.15007130E+001  0.10298755E+001  0.70888426E+001  0.11133555E+003
  0.15007133E+001  0.10298756E+001  0.70888439E+001  0.11133542E+003
  0.15007136E+001  0.10298756E+001  0.70888452E+001  0.11133530E+003
  0.15007139E+001  0.10298757E+001  0.70888465E+001  0.11133517E+003
  0.15007143E+001  0.10298758E+001  0.70888478E+001  0.11133504E+003
  0.15007146E+001  0.10298759E+001  0.70888491E+001  0.11133491E+003
  0.15007149E+001  0.10298759E+001  0.70888504E+001  0.11133479E+003
  0.15007152E+001  0.10298760E+001  0.70888516E+001  0.11133466E+003
  0.15007155E+001  0.10298761E+001  0.70888529E+001  0.11133454E+003
  0.15007157E+001  0.10298762E+001  0.70888542E+001  0.11133442E+003
  0.15007160E+001  0.10298763E+001  0.70888554E+001  0.11133430E+003
  0.15007163E+001  0.10298764E+001  0.70888566E+001  0.11133418E+003
  0.15007165E+001  0.10298765E+001  0.70888578E+001  0.11133406E+003
  0.15007168E+001  0.10298766E+001  0.70888589E+001  0.11133395E+003
  0.15007170E+001  0.10298767E+001  0.70888600E+001  0.11133384E+003
  0.15007172E+001  0.10298768E+001  0.70888611E+001  0.11133372E+003
  0.15007174E+001  0.10298769E+001  0.70888621E+001  0.11133361E+003
  0.15007176E+001  0.10298770E+001  0.70888631E+001  0.11133351E+003
  0.15007178E+001  0.10298771E+001  0.70888641E+001  0.11133340E+003
  0.15007180E+001  0.10298772E+001  0.70888650E+001  0.11133330E+003
  0.15007182E+001  0.10298773E+001  0.70888659E+001  0.11133319E+003
  0.15007183E+001  0.10298774E+001  0.70888668E+001  0.11133309E+003
  0.15007185E+001  0.10298775E+001  0.70888676E+001  0.11133300E+003
  0.15007186E+001  0.10298775E+001  0.70888684E+001  0.11133290E+003
  0.15007188E+001  0.10298776E+001  0.70888692E+001  0.11133281E+003
  0.15007189E+001  0.10298777E+001  0.70888699E+001  0.11133271E+003
  0.15007190E+001  0.10298778E+001  0.70888706E+001  0.11133263E+003
  0.15007191E+001  0.10298779E+001  0.70888713E+001  0.11133254E+003
  0.15007193E+001  0.10298779E+001  0.70888719E+001  0.11133245E+003
  0.15007194E+001  0.10298780E+001  0.70888725E+001  0.11133237E+003
