  0.36544153E-001  0.37207889E+000  0.31419242E+001  0.11739913E+003
  0.36471447E-001  0.37183581E+000  0.31422167E+001  0.11740075E+003
  0.36481233E-001  0.37236932E+000  0.31416819E+001  0.11740224E+003
  0.36487373E-001  0.37277978E+000  0.31412987E+001  0.11740353E+003
  0.36490784E-001  0.37309351E+000  0.31410305E+001  0.11740462E+003
  0.36492175E-001  0.37333152E+000  0.31408499E+001  0.11740553E+003
  0.36492081E-001  0.37351019E+000  0.31407360E+001  0.11740630E+003
  0.36490988E-001  0.37364181E+000  0.31407692E+001  0.11740686E+003
  0.36489290E-001  0.37373621E+000  0.31410288E+001  0.11740714E+003
  0.36487276E-001  0.37380051E+000  0.31412545E+001  0.11740739E+003
  0.36485165E-001  0.37384020E+000  0.31414489E+001  0.11740763E+003
  0.36483116E-001  0.37385989E+000  0.31416147E+001  0.11740787E+003
  0.36481244E-001  0.37386280E+000  0.31417542E+001  0.11740809E+003
  0.36479701E-001  0.37385185E+000  0.31418699E+001  0.11740832E+003
  0.36478494E-001  0.37382926E+000  0.31419642E+001  0.11740854E+003
  0.36477615E-001  0.37379702E+000  0.31420392E+001  0.11740875E+003
  0.36477038E-001  0.37375669E+000  0.31420973E+001  0.11740897E+003
  0.36476734E-001  0.37370960E+000  0.31421405E+001  0.11740918E+003
  0.36476664E-001  0.37365682E+000  0.31421707E+001  0.11740940E+003
  0.36476795E-001  0.37359936E+000  0.31421897E+001  0.11740961E+003
  0.36477091E-001  0.37353802E+000  0.31421992E+001  0.11740982E+003
  0.36477517E-001  0.37347355E+000  0.31422005E+001  0.11741003E+003
  0.36478045E-001  0.37340661E+000  0.31421949E+001  0.11741024E+003
  0.36478646E-001  0.37333775E+000  0.31421834E+001  0.11741044E+003
  0.36479295E-001  0.37326750E+000  0.31421667E+001  0.11741064E+003
  0.36479973E-001  0.37319634E+000  0.31421456E+001  0.11741084E+003
  0.36480662E-001  0.37312465E+000  0.31421203E+001  0.11741104E+003
  0.36481349E-001  0.37305282E+000  0.31420911E+001  0.11741123E+003
  0.36482028E-001  0.37298118E+000  0.31420582E+001  0.11741142E+003
  0.36482693E-001  0.37291002E+000  0.31421321E+001  0.11741150E+003
  0.36483340E-001  0.37283958E+000  0.31422055E+001  0.11741158E+003
  0.36483965E-001  0.37277008E+000  0.31422764E+001  0.11741165E+003
  0.36484566E-001  0.37270169E+000  0.31423447E+001  0.11741171E+003
  0.36485142E-001  0.37263454E+000  0.31424101E+001  0.11741178E+003
  0.36485693E-001  0.37256876E+000  0.31424726E+001  0.11741184E+003
  0.36486218E-001  0.37250443E+000  0.31425321E+001  0.11741190E+003
  0.36486719E-001  0.37244160E+000  0.31425884E+001  0.11741196E+003
  0.36487196E-001  0.37238031E+000  0.31426417E+001  0.11741201E+003
  0.36487650E-001  0.37232058E+000  0.31426918E+001  0.11741206E+003
  0.36488081E-001  0.37226243E+000  0.31427390E+001  0.11741211E+003
  0.36490830E-001  0.37220352E+000  0.31427833E+001  0.11741216E+003
  0.36496011E-001  0.37214374E+000  0.31428248E+001  0.11741220E+003
  0.36500891E-001  0.37208582E+000  0.31428637E+001  0.11741225E+003
  0.36505476E-001  0.37202976E+000  0.31429003E+001  0.11741228E+003
  0.36509775E-001  0.37197556E+000  0.31429347E+001  0.11741232E+003
  0.36513797E-001  0.37192322E+000  0.31429670E+001  0.11741235E+003
  0.36517547E-001  0.37187276E+000  0.31429975E+001  0.11741238E+003
  0.36521033E-001  0.37182419E+000  0.31430262E+001  0.11741240E+003
  0.36524262E-001  0.37180836E+000  0.31430226E+001  0.11741242E+003
  0.36527240E-001  0.37183598E+000  0.31429760E+001  0.11741244E+003
  0.36529976E-001  0.37186257E+000  0.31429310E+001  0.11741245E+003
  0.36532474E-001  0.37188813E+000  0.31428877E+001  0.11741246E+003
  0.36534744E-001  0.37191263E+000  0.31428461E+001  0.11741247E+003
  0.36536793E-001  0.37193607E+000  0.31428063E+001  0.11741247E+003
  0.36538630E-001  0.37195843E+000  0.31427684E+001  0.11741247E+003
  0.36540264E-001  0.37197971E+000  0.31427322E+001  0.11741246E+003
  0.36541705E-001  0.37199987E+000  0.31426978E+001  0.11741245E+003
  0.36542964E-001  0.37201891E+000  0.31426653E+001  0.11741244E+003
  0.36544051E-001  0.37203683E+000  0.31426346E+001  0.11741243E+003
  0.36544979E-001  0.37205361E+000  0.31426058E+001  0.11741241E+003
  0.36545760E-001  0.37206924E+000  0.31425787E+001  0.11741239E+003
  0.36546406E-001  0.37208372E+000  0.31425535E+001  0.11741237E+003
  0.36546930E-001  0.37209705E+000  0.31425301E+001  0.11741235E+003
  0.36547344E-001  0.37210924E+000  0.31425084E+001  0.11741232E+003
  0.36547662E-001  0.37212029E+000  0.31424885E+001  0.11741229E+003
  0.36547896E-001  0.37213021E+000  0.31424703E+001  0.11741226E+003
  0.36548056E-001  0.37213904E+000  0.31424538E+001  0.11741223E+003
  0.36548154E-001  0.37214678E+000  0.31424390E+001  0.11741219E+003
  0.36548200E-001  0.37215346E+000  0.31424257E+001  0.11741215E+003
  0.36548203E-001  0.37215913E+000  0.31424139E+001  0.11741212E+003
  0.36548170E-001  0.37216382E+000  0.31424034E+001  0.11741207E+003
  0.36548110E-001  0.37216757E+000  0.31423943E+001  0.11741203E+003
  0.36548029E-001  0.37217042E+000  0.31423864E+001  0.11741199E+003
  0.36547931E-001  0.37217244E+000  0.31423795E+001  0.11741194E+003
  0.36547820E-001  0.37217367E+000  0.31423735E+001  0.11741189E+003
  0.36547700E-001  0.37217416E+000  0.31423684E+001  0.11741184E+003
  0.36547574E-001  0.37217398E+000  0.31423639E+001  0.11741179E+003
  0.36547444E-001  0.37217318E+000  0.31423600E+001  0.11741174E+003
  0.36547309E-001  0.37217181E+000  0.31423565E+001  0.11741168E+003
  0.36547172E-001  0.37216995E+000  0.31423534E+001  0.11741163E+003
  0.36547033E-001  0.37216763E+000  0.31423505E+001  0.11741157E+003
  0.36546891E-001  0.37216491E+000  0.31423478E+001  0.11741151E+003
  0.36546747E-001  0.37216185E+000  0.31423452E+001  0.11741144E+003
  0.36546601E-001  0.37215849E+000  0.31423426E+001  0.11741138E+003
  0.36546452E-001  0.37215488E+000  0.31423400E+001  0.11741132E+003
  0.36546299E-001  0.37215105E+000  0.31423373E+001  0.11741125E+003
  0.36546144E-001  0.37214706E+000  0.31423346E+001  0.11741119E+003
  0.36545987E-001  0.37214292E+000  0.31423318E+001  0.11741112E+003
  0.36545826E-001  0.37213869E+000  0.31423289E+001  0.11741106E+003
  0.36545663E-001  0.37213438E+000  0.31423259E+001  0.11741099E+003
  0.36545499E-001  0.37213003E+000  0.31423228E+001  0.11741093E+003
  0.36545334E-001  0.37212566E+000  0.31423196E+001  0.11741086E+003
  0.36545169E-001  0.37212130E+000  0.31423164E+001  0.11741080E+003
  0.36545004E-001  0.37211698E+000  0.31423130E+001  0.11741073E+003
  0.36544841E-001  0.37211271E+000  0.31423095E+001  0.11741067E+003
  0.36544682E-001  0.37210852E+000  0.31423059E+001  0.11741061E+003
  0.36544526E-001  0.37210442E+000  0.31423022E+001  0.11741054E+003
  0.36544375E-001  0.37210045E+000  0.31422983E+001  0.11741048E+003
  0.36544230E-001  0.37209660E+000  0.31422943E+001  0.11741043E+003
  0.36544093E-001  0.37209292E+000  0.31422901E+001  0.11741037E+003
  0.36543963E-001  0.37208940E+000  0.31422857E+001  0.11741031E+003
  0.36543842E-001  0.37208606E+000  0.31422811E+001  0.11741026E+003
  0.36543730E-001  0.37208292E+000  0.31422761E+001  0.11741020E+003
  0.36543628E-001  0.37207998E+000  0.31422709E+001  0.11741015E+003
  0.36543536E-001  0.37207726E+000  0.31422654E+001  0.11741010E+003
  0.36543455E-001  0.37207476E+000  0.31422595E+001  0.11741005E+003
  0.36543384E-001  0.37207248E+000  0.31422533E+001  0.11741000E+003
  0.36543323E-001  0.37207044E+000  0.31422467E+001  0.11740995E+003
  0.36543273E-001  0.37206862E+000  0.31422397E+001  0.11740991E+003
  0.36543232E-001  0.37206703E+000  0.31422323E+001  0.11740986E+003
  0.36543201E-001  0.37206566E+000  0.31422246E+001  0.11740981E+003
  0.36543180E-001  0.37206452E+000  0.31422164E+001  0.11740977E+003
  0.36543166E-001  0.37206358E+000  0.31422079E+001  0.11740972E+003
  0.36543161E-001  0.37206284E+000  0.31421990E+001  0.11740968E+003
  0.36543164E-001  0.37206229E+000  0.31421898E+001  0.11740964E+003
  0.36543172E-001  0.37206192E+000  0.31421803E+001  0.11740959E+003
  0.36543187E-001  0.37206172E+000  0.31421706E+001  0.11740955E+003
  0.36543207E-001  0.37206167E+000  0.31421606E+001  0.11740950E+003
  0.36543232E-001  0.37206176E+000  0.31421504E+001  0.11740945E+003
  0.36543261E-001  0.37206196E+000  0.31421401E+001  0.11740941E+003
  0.36543293E-001  0.37206228E+000  0.31421297E+001  0.11740936E+003
  0.36543327E-001  0.37206270E+000  0.31421193E+001  0.11740931E+003
  0.36543364E-001  0.37206319E+000  0.31421089E+001  0.11740926E+003
  0.36543402E-001  0.37206375E+000  0.31420985E+001  0.11740921E+003
  0.36543441E-001  0.37206436E+000  0.31420883E+001  0.11740915E+003
  0.36543481E-001  0.37206502E+000  0.31420782E+001  0.11740910E+003
  0.36543521E-001  0.37206571E+000  0.31420683E+001  0.11740904E+003
  0.36543560E-001  0.37206642E+000  0.31420586E+001  0.11740898E+003
  0.36543599E-001  0.37206713E+000  0.31420493E+001  0.11740892E+003
  0.36543637E-001  0.37206786E+000  0.31420402E+001  0.11740885E+003
  0.36543674E-001  0.37206857E+000  0.31420314E+001  0.11740879E+003
  0.36543710E-001  0.37206928E+000  0.31420231E+001  0.11740872E+003
  0.36543744E-001  0.37206997E+000  0.31420151E+001  0.11740865E+003
  0.36543777E-001  0.37207064E+000  0.31420075E+001  0.11740858E+003
  0.36543808E-001  0.37207128E+000  0.31420003E+001  0.11740850E+003
  0.36543837E-001  0.37207190E+000  0.31419936E+001  0.11740842E+003
  0.36543864E-001  0.37207249E+000  0.31419873E+001  0.11740834E+003
  0.36543890E-001  0.37207304E+000  0.31419814E+001  0.11740826E+003
  0.36543914E-001  0.37207356E+000  0.31419759E+001  0.11740817E+003
  0.36543936E-001  0.37207405E+000  0.31419708E+001  0.11740808E+003
  0.36543956E-001  0.37207451E+000  0.31419662E+001  0.11740799E+003
  0.36543975E-001  0.37207493E+000  0.31419619E+001  0.11740790E+003
  0.36543993E-001  0.37207532E+000  0.31419580E+001  0.11740780E+003
  0.36544008E-001  0.37207568E+000  0.31419545E+001  0.11740770E+003
  0.36544023E-001  0.37207601E+000  0.31419513E+001  0.11740760E+003
  0.36544036E-001  0.37207631E+000  0.31419484E+001  0.11740750E+003
  0.36544047E-001  0.37207658E+000  0.31419458E+001  0.11740739E+003
  0.36544058E-001  0.37207683E+000  0.31419435E+001  0.11740728E+003
  0.36544067E-001  0.37207705E+000  0.31419414E+001  0.11740717E+003
  0.36544076E-001  0.37207725E+000  0.31419396E+001  0.11740706E+003
  0.36544084E-001  0.37207743E+000  0.31419380E+001  0.11740695E+003
  0.36544090E-001  0.37207759E+000  0.31419366E+001  0.11740683E+003
  0.36544096E-001  0.37207773E+000  0.31419353E+001  0.11740671E+003
  0.36544101E-001  0.37207786E+000  0.31419343E+001  0.11740659E+003
  0.36544106E-001  0.37207797E+000  0.31419333E+001  0.11740647E+003
  0.36544110E-001  0.37207807E+000  0.31419325E+001  0.11740635E+003
  0.36544114E-001  0.37207815E+000  0.31419318E+001  0.11740623E+003
  0.36544117E-001  0.37207823E+000  0.31419312E+001  0.11740610E+003
  0.36544120E-001  0.37207829E+000  0.31419307E+001  0.11740598E+003
  0.36544122E-001  0.37207835E+000  0.31419303E+001  0.11740585E+003
  0.36544124E-001  0.37207840E+000  0.31419299E+001  0.11740572E+003
  0.36544126E-001  0.37207844E+000  0.31419295E+001  0.11740560E+003
  0.36544128E-001  0.37207848E+000  0.31419292E+001  0.11740547E+003
  0.36544129E-001  0.37207851E+000  0.31419290E+001  0.11740534E+003
  0.36544131E-001  0.37207854E+000  0.31419287E+001  0.11740521E+003
  0.36544132E-001  0.37207856E+000  0.31419285E+001  0.11740508E+003
  0.36544133E-001  0.37207858E+000  0.31419283E+001  0.11740495E+003
  0.36544134E-001  0.37207860E+000  0.31419282E+001  0.11740482E+003
  0.36544135E-001  0.37207861E+000  0.31419280E+001  0.11740469E+003
  0.36544135E-001  0.37207863E+000  0.31419279E+001  0.11740456E+003
  0.36544136E-001  0.37207864E+000  0.31419277E+001  0.11740444E+003
  0.36544137E-001  0.37207865E+000  0.31419276E+001  0.11740431E+003
  0.36544138E-001  0.37207866E+000  0.31419274E+001  0.11740418E+003
  0.36544138E-001  0.37207867E+000  0.31419273E+001  0.11740405E+003
  0.36544139E-001  0.37207868E+000  0.31419271E+001  0.11740393E+003
  0.36544140E-001  0.37207869E+000  0.31419270E+001  0.11740380E+003
  0.36544140E-001  0.37207869E+000  0.31419269E+001  0.11740368E+003
  0.36544141E-001  0.37207870E+000  0.31419267E+001  0.11740356E+003
  0.36544142E-001  0.37207871E+000  0.31419266E+001  0.11740344E+003
  0.36544142E-001  0.37207871E+000  0.31419265E+001  0.11740332E+003
  0.36544143E-001  0.37207872E+000  0.31419263E+001  0.11740320E+003
  0.36544143E-001  0.37207873E+000  0.31419262E+001  0.11740308E+003
  0.36544144E-001  0.37207874E+000  0.31419261E+001  0.11740297E+003
  0.36544145E-001  0.37207874E+000  0.31419260E+001  0.11740285E+003
  0.36544145E-001  0.37207875E+000  0.31419259E+001  0.11740274E+003
  0.36544146E-001  0.37207876E+000  0.31419258E+001  0.11740263E+003
  0.36544147E-001  0.37207877E+000  0.31419256E+001  0.11740252E+003
  0.36544147E-001  0.37207877E+000  0.31419255E+001  0.11740242E+003
  0.36544148E-001  0.37207878E+000  0.31419255E+001  0.11740231E+003
  0.36544148E-001  0.37207879E+000  0.31419254E+001  0.11740221E+003
  0.36544149E-001  0.37207879E+000  0.31419253E+001  0.11740211E+003
  0.36544150E-001  0.37207880E+000  0.31419252E+001  0.11740201E+003
  0.36544150E-001  0.37207881E+000  0.31419251E+001  0.11740191E+003
  0.36544151E-001  0.37207882E+000  0.31419251E+001  0.11740182E+003
  0.36544151E-001  0.37207882E+000  0.31419250E+001  0.11740172E+003
  0.36544152E-001  0.37207883E+000  0.31419250E+001  0.11740163E+003
  0.36544152E-001  0.37207883E+000  0.31419249E+001  0.11740155E+003
  0.36544152E-001  0.37207884E+000  0.31419249E+001  0.11740146E+003
  0.36544151E-001  0.37207884E+000  0.31419249E+001  0.11740138E+003
  0.36544149E-001  0.37207883E+000  0.31419248E+001  0.11740129E+003
