  0.10423125E+001  0.60677374E+000  0.95289413E+000  0.37487628E+001
  0.10511956E+001  0.60521229E+000  0.94879255E+000  0.37477739E+001
  0.10538972E+001  0.60491491E+000  0.94827654E+000  0.37630624E+001
  0.10628243E+001  0.59928186E+000  0.94771784E+000  0.37665990E+001
  0.10710864E+001  0.59555770E+000  0.94548013E+000  0.37690938E+001
  0.10794852E+001  0.59107711E+000  0.94330371E+000  0.37710060E+001
  0.10860836E+001  0.59041801E+000  0.93785439E+000  0.37732740E+001
  0.10873356E+001  0.59186766E+000  0.93608839E+000  0.37743834E+001
  0.10878082E+001  0.59475425E+000  0.93359799E+000  0.37749863E+001
  0.10884188E+001  0.59983911E+000  0.93079390E+000  0.37731032E+001
  0.10886939E+001  0.59988666E+000  0.93104722E+000  0.37731573E+001
  0.10928598E+001  0.59591714E+000  0.93149358E+000  0.37728394E+001
  0.10929930E+001  0.59589995E+000  0.93144575E+000  0.37728421E+001
  0.10930623E+001  0.59679959E+000  0.93044910E+000  0.37727359E+001
  0.11012916E+001  0.58856041E+000  0.93034906E+000  0.37725425E+001
  0.11068516E+001  0.58291071E+000  0.93024569E+000  0.37722947E+001
  0.11067949E+001  0.58282912E+000  0.93035121E+000  0.37707447E+001
  0.11067076E+001  0.58273734E+000  0.93026572E+000  0.37701148E+001
  0.11065997E+001  0.58263162E+000  0.92982593E+000  0.37713215E+001
  0.11064633E+001  0.58252578E+000  0.92967063E+000  0.37709346E+001
  0.11063078E+001  0.58241514E+000  0.92949688E+000  0.37705396E+001
  0.11061362E+001  0.58232459E+000  0.92910782E+000  0.37703156E+001
  0.11059509E+001  0.58220714E+000  0.92892300E+000  0.37698959E+001
  0.11057542E+001  0.58208825E+000  0.92891900E+000  0.37692825E+001
  0.11055478E+001  0.58196824E+000  0.92872729E+000  0.37688475E+001
  0.11053334E+001  0.58184772E+000  0.92853379E+000  0.37684077E+001
  0.11051123E+001  0.58172717E+000  0.92833919E+000  0.37679642E+001
  0.11048857E+001  0.58160718E+000  0.92814402E+000  0.37675182E+001
  0.11046547E+001  0.58148818E+000  0.92794879E+000  0.37670706E+001
  0.11044201E+001  0.58138815E+000  0.92773624E+000  0.37666223E+001
  0.11041827E+001  0.58127175E+000  0.92754230E+000  0.37661738E+001
  0.11039434E+001  0.58115690E+000  0.92733974E+000  0.37657356E+001
  0.11037026E+001  0.58104374E+000  0.92714841E+000  0.37652886E+001
  0.11034610E+001  0.58093239E+000  0.92695873E+000  0.37648430E+001
  0.11032191E+001  0.58082295E+000  0.92677086E+000  0.37643992E+001
  0.11029774E+001  0.58071551E+000  0.92658497E+000  0.37639578E+001
  0.11027364E+001  0.58061015E+000  0.92640117E+000  0.37635191E+001
  0.11024965E+001  0.58050693E+000  0.92621957E+000  0.37630835E+001
  0.11022581E+001  0.58040591E+000  0.92604025E+000  0.37626514E+001
  0.11020217E+001  0.58030715E+000  0.92586330E+000  0.37622233E+001
  0.11017877E+001  0.58021070E+000  0.92572225E+000  0.37616153E+001
  0.11015564E+001  0.58011659E+000  0.92560353E+000  0.37609030E+001
  0.11013283E+001  0.58002488E+000  0.92548480E+000  0.37602102E+001
  0.11011037E+001  0.57993559E+000  0.92536606E+000  0.37595374E+001
  0.11008830E+001  0.57984877E+000  0.92524735E+000  0.37588855E+001
  0.11006666E+001  0.57976445E+000  0.92512868E+000  0.37582550E+001
  0.11004549E+001  0.57968265E+000  0.92501013E+000  0.37576463E+001
  0.11002482E+001  0.57960342E+000  0.92489180E+000  0.37570600E+001
  0.11000468E+001  0.57952678E+000  0.92477378E+000  0.37564961E+001
  0.10998512E+001  0.57945276E+000  0.92465621E+000  0.37559550E+001
  0.10996617E+001  0.57938139E+000  0.92453925E+000  0.37554367E+001
  0.10994784E+001  0.57931269E+000  0.92442306E+000  0.37549411E+001
  0.10993018E+001  0.57924669E+000  0.92430784E+000  0.37544681E+001
  0.10991321E+001  0.57918340E+000  0.92419379E+000  0.37540174E+001
  0.10989694E+001  0.57912283E+000  0.92353874E+000  0.37565732E+001
  0.10988141E+001  0.57906501E+000  0.92340923E+000  0.37562682E+001
  0.10986663E+001  0.57900994E+000  0.92328342E+000  0.37559743E+001
  0.10985260E+001  0.57895762E+000  0.92316141E+000  0.37556918E+001
  0.10983935E+001  0.57890805E+000  0.92304332E+000  0.37554210E+001
  0.10982687E+001  0.57886121E+000  0.92292926E+000  0.37551619E+001
  0.10981518E+001  0.57881708E+000  0.92281935E+000  0.37549148E+001
  0.10980426E+001  0.57877567E+000  0.92271372E+000  0.37546798E+001
  0.10979411E+001  0.57873692E+000  0.92261248E+000  0.37544570E+001
  0.10978473E+001  0.57870081E+000  0.92251575E+000  0.37542463E+001
  0.10977610E+001  0.57866731E+000  0.92242366E+000  0.37540478E+001
  0.10976821E+001  0.57863636E+000  0.92233633E+000  0.37538615E+001
  0.10976103E+001  0.57860793E+000  0.92225385E+000  0.37536874E+001
  0.10975455E+001  0.57858195E+000  0.92217633E+000  0.37535252E+001
  0.10974875E+001  0.57855836E+000  0.92210383E+000  0.37533750E+001
  0.10974359E+001  0.57853711E+000  0.92203643E+000  0.37532365E+001
  0.10973904E+001  0.57851811E+000  0.92197414E+000  0.37531096E+001
  0.10973508E+001  0.57850129E+000  0.92191699E+000  0.37529942E+001
  0.10973168E+001  0.57848657E+000  0.92186494E+000  0.37528899E+001
  0.10972879E+001  0.57847385E+000  0.92181796E+000  0.37527966E+001
  0.10972639E+001  0.57846303E+000  0.92177594E+000  0.37527139E+001
  0.10972444E+001  0.57845401E+000  0.92173878E+000  0.37526415E+001
  0.10972291E+001  0.57844709E+000  0.92170589E+000  0.37525790E+001
  0.10972175E+001  0.57844133E+000  0.92167794E+000  0.37525261E+001
  0.10972095E+001  0.57843702E+000  0.92165430E+000  0.37524823E+001
  0.10972045E+001  0.57843403E+000  0.92163472E+000  0.37524470E+001
  0.10972023E+001  0.57843225E+000  0.92161896E+000  0.37524198E+001
  0.10972026E+001  0.57843154E+000  0.92160674E+000  0.37524002E+001
  0.10972051E+001  0.57843179E+000  0.92159776E+000  0.37523875E+001
  0.10972093E+001  0.57841494E+000  0.92160966E+000  0.37523810E+001
  0.10972152E+001  0.57841673E+000  0.92160630E+000  0.37523803E+001
  0.10972224E+001  0.57841912E+000  0.92160529E+000  0.37523847E+001
  0.10972306E+001  0.57842200E+000  0.92160635E+000  0.37523934E+001
  0.10972397E+001  0.57842528E+000  0.92160919E+000  0.37524060E+001
  0.10972494E+001  0.57842885E+000  0.92161355E+000  0.37524218E+001
  0.10972596E+001  0.57843265E+000  0.92161916E+000  0.37524402E+001
  0.10972701E+001  0.57843658E+000  0.92162579E+000  0.37524607E+001
  0.10972808E+001  0.57844059E+000  0.92163322E+000  0.37524827E+001
  0.10972915E+001  0.57844461E+000  0.92164124E+000  0.37525059E+001
  0.10973022E+001  0.57844859E+000  0.92164968E+000  0.37525298E+001
  0.10973127E+001  0.57845249E+000  0.92165838E+000  0.37525541E+001
  0.10973230E+001  0.57845627E+000  0.92166719E+000  0.37525783E+001
  0.10973330E+001  0.57845991E+000  0.92167600E+000  0.37526022E+001
  0.10973427E+001  0.57846337E+000  0.92168470E+000  0.37526257E+001
  0.10973520E+001  0.57846664E+000  0.92169321E+000  0.37526485E+001
  0.10973610E+001  0.57846971E+000  0.92170145E+000  0.37526704E+001
  0.10973695E+001  0.57847257E+000  0.92170937E+000  0.37526914E+001
  0.10973777E+001  0.57847522E+000  0.92171694E+000  0.37527114E+001
  0.10973854E+001  0.57847765E+000  0.92172411E+000  0.37527303E+001
  0.10973928E+001  0.57847987E+000  0.92173088E+000  0.37527481E+001
  0.10973997E+001  0.57848188E+000  0.92173721E+000  0.37527648E+001
  0.10974062E+001  0.57848370E+000  0.92174312E+000  0.37527803E+001
  0.10974124E+001  0.57848533E+000  0.92174861E+000  0.37527948E+001
  0.10974182E+001  0.57848678E+000  0.92175368E+000  0.37528082E+001
  0.10974236E+001  0.57848807E+000  0.92175833E+000  0.37528207E+001
  0.10974287E+001  0.57848920E+000  0.92176260E+000  0.37528321E+001
  0.10974334E+001  0.57849019E+000  0.92176649E+000  0.37528427E+001
  0.10974379E+001  0.57849105E+000  0.92177002E+000  0.37528523E+001
  0.10974420E+001  0.57849180E+000  0.92177321E+000  0.37528612E+001
  0.10974459E+001  0.57849245E+000  0.92177609E+000  0.37528694E+001
  0.10974495E+001  0.57849300E+000  0.92177866E+000  0.37528768E+001
  0.10974529E+001  0.57849348E+000  0.92178096E+000  0.37528836E+001
  0.10974560E+001  0.57849389E+000  0.92178301E+000  0.37528897E+001
  0.10974589E+001  0.57849424E+000  0.92178482E+000  0.37528954E+001
  0.10974616E+001  0.57849454E+000  0.92178641E+000  0.37529005E+001
  0.10974642E+001  0.57849481E+000  0.92178780E+000  0.37529052E+001
  0.10974665E+001  0.57849505E+000  0.92178900E+000  0.37529094E+001
  0.10974687E+001  0.57849526E+000  0.92179005E+000  0.37529133E+001
  0.10974707E+001  0.57849546E+000  0.92179094E+000  0.37529168E+001
  0.10974725E+001  0.57849565E+000  0.92179170E+000  0.37529200E+001
  0.10974742E+001  0.57849583E+000  0.92179235E+000  0.37529229E+001
  0.10974758E+001  0.57849601E+000  0.92179288E+000  0.37529255E+001
  0.10974772E+001  0.57849619E+000  0.92179331E+000  0.37529280E+001
  0.10974786E+001  0.57849637E+000  0.92179366E+000  0.37529301E+001
  0.10974798E+001  0.57849656E+000  0.92179394E+000  0.37529321E+001
  0.10974809E+001  0.57849675E+000  0.92179415E+000  0.37529340E+001
  0.10974820E+001  0.57849696E+000  0.92179431E+000  0.37529356E+001
  0.10974829E+001  0.57849716E+000  0.92179441E+000  0.37529371E+001
  0.10974838E+001  0.57849738E+000  0.92179448E+000  0.37529385E+001
  0.10974846E+001  0.57849760E+000  0.92179451E+000  0.37529398E+001
  0.10974853E+001  0.57849783E+000  0.92179451E+000  0.37529410E+001
  0.10974859E+001  0.57849806E+000  0.92179448E+000  0.37529421E+001
  0.10974865E+001  0.57849829E+000  0.92179444E+000  0.37529431E+001
  0.10974870E+001  0.57849853E+000  0.92179438E+000  0.37529440E+001
  0.10974875E+001  0.57849876E+000  0.92179431E+000  0.37529448E+001
  0.10974879E+001  0.57849900E+000  0.92179422E+000  0.37529456E+001
  0.10974883E+001  0.57849923E+000  0.92179413E+000  0.37529464E+001
  0.10974886E+001  0.57849946E+000  0.92179404E+000  0.37529471E+001
  0.10974889E+001  0.57849969E+000  0.92179395E+000  0.37529477E+001
  0.10974892E+001  0.57849991E+000  0.92179385E+000  0.37529483E+001
  0.10974894E+001  0.57850013E+000  0.92179375E+000  0.37529489E+001
  0.10974896E+001  0.57850033E+000  0.92179366E+000  0.37529494E+001
  0.10974898E+001  0.57850053E+000  0.92179357E+000  0.37529499E+001
  0.10974899E+001  0.57850072E+000  0.92179348E+000  0.37529504E+001
  0.10974900E+001  0.57850090E+000  0.92179339E+000  0.37529509E+001
  0.10974902E+001  0.57850108E+000  0.92179331E+000  0.37529513E+001
  0.10974902E+001  0.57850124E+000  0.92179323E+000  0.37529517E+001
  0.10974903E+001  0.57850139E+000  0.92179316E+000  0.37529521E+001
  0.10974904E+001  0.57850153E+000  0.92179309E+000  0.37529525E+001
  0.10974904E+001  0.57850167E+000  0.92179302E+000  0.37529529E+001
  0.10974905E+001  0.57850179E+000  0.92179296E+000  0.37529532E+001
  0.10974905E+001  0.57850190E+000  0.92179290E+000  0.37529535E+001
  0.10974905E+001  0.57850201E+000  0.92179284E+000  0.37529539E+001
  0.10974905E+001  0.57850211E+000  0.92179279E+000  0.37529542E+001
  0.10974905E+001  0.57850219E+000  0.92179274E+000  0.37529545E+001
  0.10974905E+001  0.57850227E+000  0.92179270E+000  0.37529547E+001
  0.10974905E+001  0.57850235E+000  0.92179265E+000  0.37529550E+001
  0.10974905E+001  0.57850241E+000  0.92179261E+000  0.37529553E+001
  0.10974905E+001  0.57850247E+000  0.92179258E+000  0.37529555E+001
  0.10974905E+001  0.57850253E+000  0.92179254E+000  0.37529558E+001
  0.10974905E+001  0.57850258E+000  0.92179251E+000  0.37529560E+001
  0.10974905E+001  0.57850262E+000  0.92179248E+000  0.37529562E+001
  0.10974905E+001  0.57850266E+000  0.92179245E+000  0.37529564E+001
  0.10974905E+001  0.57850270E+000  0.92179242E+000  0.37529567E+001
  0.10974905E+001  0.57850273E+000  0.92179239E+000  0.37529569E+001
  0.10974905E+001  0.57850276E+000  0.92179237E+000  0.37529570E+001
  0.10974905E+001  0.57850278E+000  0.92179235E+000  0.37529572E+001
  0.10974905E+001  0.57850281E+000  0.92179233E+000  0.37529574E+001
  0.10974904E+001  0.57850283E+000  0.92179231E+000  0.37529576E+001
  0.10974904E+001  0.57850285E+000  0.92179229E+000  0.37529577E+001
  0.10974904E+001  0.57850286E+000  0.92179228E+000  0.37529579E+001
  0.10974904E+001  0.57850288E+000  0.92179226E+000  0.37529580E+001
  0.10974904E+001  0.57850290E+000  0.92179225E+000  0.37529581E+001
  0.10974904E+001  0.57850291E+000  0.92179224E+000  0.37529583E+001
  0.10974905E+001  0.57850292E+000  0.92179223E+000  0.37529584E+001
  0.10974905E+001  0.57850294E+000  0.92179222E+000  0.37529585E+001
  0.10974905E+001  0.57850295E+000  0.92179221E+000  0.37529586E+001
  0.10974905E+001  0.57850296E+000  0.92179221E+000  0.37529587E+001
  0.10974905E+001  0.57850297E+000  0.92179220E+000  0.37529588E+001
  0.10974905E+001  0.57850298E+000  0.92179220E+000  0.37529589E+001
  0.10974905E+001  0.57850299E+000  0.92179220E+000  0.37529590E+001
  0.10974905E+001  0.57850300E+000  0.92179220E+000  0.37529590E+001
  0.10974905E+001  0.57850301E+000  0.92179220E+000  0.37529591E+001
  0.10974906E+001  0.57850302E+000  0.92179220E+000  0.37529592E+001
  0.10974906E+001  0.57850303E+000  0.92179220E+000  0.37529592E+001
  0.10974906E+001  0.57850304E+000  0.92179220E+000  0.37529593E+001
  0.10974906E+001  0.57850305E+000  0.92179220E+000  0.37529593E+001
  0.10974906E+001  0.57850306E+000  0.92179221E+000  0.37529594E+001
  0.10974906E+001  0.57850307E+000  0.92179221E+000  0.37529594E+001
  0.10974906E+001  0.57850308E+000  0.92179222E+000  0.37529595E+001
  0.10974907E+001  0.57850309E+000  0.92179223E+000  0.37529595E+001
  0.10974907E+001  0.57850310E+000  0.92179224E+000  0.37529595E+001
  0.10974907E+001  0.57850311E+000  0.92179225E+000  0.37529596E+001
  0.10974907E+001  0.57850313E+000  0.92179228E+000  0.37529597E+001
  0.10974908E+001  0.57850316E+000  0.92179233E+000  0.37529598E+001
  0.10974909E+001  0.57850320E+000  0.92179241E+000  0.37529599E+001
