  0.16380372E+001
  0.16405276E+001
  0.16423786E+001
  0.16437901E+001
  0.16448762E+001
  0.16457107E+001
  0.16463472E+001
  0.16468256E+001
  0.16471765E+001
  0.16474237E+001
  0.16475856E+001
  0.16476785E+001
  0.16477135E+001
  0.16477014E+001
  0.16476502E+001
  0.16475670E+001
  0.16474571E+001
  0.16473253E+001
  0.16471751E+001
  0.16470098E+001
  0.16468321E+001
  0.16466441E+001
  0.16464477E+001
  0.16462445E+001
  0.16460357E+001
  0.16458224E+001
  0.16456055E+001
  0.16453858E+001
  0.16451640E+001
  0.16449408E+001
  0.16447165E+001
  0.16444916E+001
  0.16442665E+001
  0.16440415E+001
  0.16438169E+001
  0.16435931E+001
  0.16433704E+001
  0.16431490E+001
  0.16429291E+001
  0.16427111E+001
  0.16424952E+001
  0.16422817E+001
  0.16420708E+001
  0.16418627E+001
  0.16416578E+001
  0.16414563E+001
  0.16412584E+001
  0.16410645E+001
  0.16408746E+001
  0.16406892E+001
  0.16405083E+001
  0.16403324E+001
  0.16401614E+001
  0.16399958E+001
  0.16398356E+001
  0.16396810E+001
  0.16395322E+001
  0.16393894E+001
  0.16392526E+001
  0.16391219E+001
  0.16389974E+001
  0.16388793E+001
  0.16387675E+001
  0.16386620E+001
  0.16385629E+001
  0.16384702E+001
  0.16383838E+001
  0.16383038E+001
  0.16382299E+001
  0.16381622E+001
  0.16381005E+001
  0.16380447E+001
  0.16379947E+001
  0.16379502E+001
  0.16379112E+001
  0.16378774E+001
  0.16378485E+001
  0.16378244E+001
  0.16378047E+001
  0.16377892E+001
  0.16377775E+001
  0.16377695E+001
  0.16377646E+001
  0.16377627E+001
  0.16377634E+001
  0.16377664E+001
  0.16377713E+001
  0.16377780E+001
  0.16377860E+001
  0.16377952E+001
  0.16378052E+001
  0.16378159E+001
  0.16378270E+001
  0.16378384E+001
  0.16378499E+001
  0.16378614E+001
  0.16378727E+001
  0.16378837E+001
  0.16378944E+001
  0.16379047E+001
  0.16379145E+001
  0.16379238E+001
  0.16379327E+001
  0.16379410E+001
  0.16379488E+001
  0.16379560E+001
  0.16379628E+001
  0.16379691E+001
  0.16379749E+001
  0.16379802E+001
  0.16379851E+001
  0.16379897E+001
  0.16379938E+001
  0.16379976E+001
  0.16380010E+001
  0.16380042E+001
  0.16380071E+001
  0.16380097E+001
  0.16380121E+001
  0.16380142E+001
  0.16380162E+001
  0.16380180E+001
  0.16380196E+001
  0.16380211E+001
  0.16380224E+001
  0.16380236E+001
  0.16380247E+001
  0.16380257E+001
  0.16380267E+001
  0.16380275E+001
  0.16380282E+001
  0.16380289E+001
  0.16380296E+001
  0.16380301E+001
  0.16380307E+001
  0.16380312E+001
  0.16380316E+001
  0.16380320E+001
  0.16380324E+001
  0.16380328E+001
  0.16380331E+001
  0.16380334E+001
  0.16380337E+001
  0.16380339E+001
  0.16380342E+001
  0.16380344E+001
  0.16380346E+001
  0.16380348E+001
  0.16380350E+001
  0.16380351E+001
  0.16380353E+001
  0.16380354E+001
  0.16380356E+001
  0.16380357E+001
  0.16380358E+001
  0.16380360E+001
  0.16380361E+001
  0.16380362E+001
  0.16380363E+001
  0.16380363E+001
  0.16380364E+001
  0.16380365E+001
  0.16380366E+001
  0.16380367E+001
  0.16380367E+001
  0.16380368E+001
  0.16380369E+001
  0.16380369E+001
  0.16380370E+001
  0.16380370E+001
  0.16380371E+001
  0.16380371E+001
  0.16380372E+001
  0.16380372E+001
  0.16380373E+001
  0.16380373E+001
  0.16380373E+001
  0.16380374E+001
  0.16380374E+001
  0.16380374E+001
  0.16380375E+001
  0.16380375E+001
  0.16380375E+001
  0.16380376E+001
  0.16380376E+001
  0.16380376E+001
  0.16380376E+001
  0.16380377E+001
  0.16380377E+001
  0.16380377E+001
  0.16380377E+001
  0.16380378E+001
  0.16380378E+001
  0.16380378E+001
  0.16380378E+001
  0.16380378E+001
  0.16380379E+001
  0.16380379E+001
  0.16380380E+001
  0.16380380E+001
