  0.60051812E+000
  0.59838128E+000
  0.59713855E+000
  0.59640420E+000
  0.59595121E+000
  0.59570347E+000
  0.59559852E+000
  0.59562006E+000
  0.59574418E+000
  0.59591301E+000
  0.59609191E+000
  0.59627545E+000
  0.59645610E+000
  0.59662889E+000
  0.59679257E+000
  0.59694588E+000
  0.59708930E+000
  0.59722328E+000
  0.59734909E+000
  0.59746711E+000
  0.59757838E+000
  0.59768373E+000
  0.59778339E+000
  0.59787773E+000
  0.59796691E+000
  0.59805102E+000
  0.59813031E+000
  0.59820995E+000
  0.59829026E+000
  0.59836776E+000
  0.59844072E+000
  0.59850826E+000
  0.59857016E+000
  0.59862648E+000
  0.59867748E+000
  0.59872343E+000
  0.59876475E+000
  0.59880175E+000
  0.59883486E+000
  0.59886436E+000
  0.59889062E+000
  0.59891394E+000
  0.59893462E+000
  0.59895291E+000
  0.59896906E+000
  0.59898337E+000
  0.59899603E+000
  0.59900718E+000
  0.59901709E+000
  0.59902581E+000
  0.59903358E+000
  0.59904049E+000
  0.59904662E+000
  0.59905210E+000
  0.59905702E+000
  0.59906143E+000
  0.59906538E+000
  0.59906898E+000
  0.59907221E+000
  0.59907515E+000
  0.59907783E+000
  0.59908026E+000
  0.59908249E+000
  0.59908453E+000
  0.59908639E+000
  0.59908810E+000
  0.59908966E+000
  0.59909110E+000
  0.59909241E+000
  0.59909361E+000
  0.59909471E+000
  0.59909570E+000
  0.59909659E+000
  0.59909738E+000
  0.59909809E+000
  0.59909869E+000
  0.59909922E+000
  0.59909965E+000
  0.59910000E+000
  0.59910027E+000
  0.59910046E+000
  0.59910058E+000
  0.59910062E+000
  0.59910059E+000
  0.59910051E+000
  0.59910036E+000
  0.59910016E+000
  0.59909990E+000
  0.59909961E+000
  0.59909928E+000
  0.59909891E+000
  0.59909852E+000
  0.59909810E+000
  0.59909766E+000
  0.59909722E+000
  0.59909677E+000
  0.59909631E+000
  0.59909586E+000
  0.59909541E+000
  0.59909497E+000
  0.59909454E+000
  0.59909412E+000
  0.59909372E+000
  0.59909333E+000
  0.59909296E+000
  0.59909261E+000
  0.59909227E+000
  0.59909195E+000
  0.59909165E+000
  0.59909137E+000
  0.59909111E+000
  0.59909086E+000
  0.59909063E+000
  0.59909041E+000
  0.59909021E+000
  0.59909001E+000
  0.59908984E+000
  0.59908967E+000
  0.59908951E+000
  0.59908937E+000
  0.59908923E+000
  0.59908910E+000
  0.59908898E+000
  0.59908886E+000
  0.59908876E+000
  0.59908866E+000
  0.59908856E+000
  0.59908847E+000
  0.59908838E+000
  0.59908830E+000
  0.59908823E+000
  0.59908815E+000
  0.59908808E+000
  0.59908802E+000
  0.59908796E+000
  0.59908790E+000
  0.59908784E+000
  0.59908779E+000
  0.59908774E+000
  0.59908769E+000
  0.59908765E+000
  0.59908761E+000
  0.59908757E+000
  0.59908753E+000
  0.59908750E+000
  0.59908747E+000
  0.59908744E+000
  0.59908741E+000
  0.59908739E+000
  0.59908737E+000
  0.59908735E+000
  0.59908733E+000
  0.59908731E+000
  0.59908730E+000
  0.59908729E+000
  0.59908728E+000
  0.59908727E+000
  0.59908726E+000
  0.59908726E+000
  0.59908726E+000
  0.59908725E+000
  0.59908725E+000
  0.59908725E+000
  0.59908725E+000
  0.59908726E+000
  0.59908726E+000
  0.59908726E+000
  0.59908727E+000
  0.59908727E+000
  0.59908728E+000
  0.59908728E+000
  0.59908729E+000
  0.59908729E+000
  0.59908730E+000
  0.59908731E+000
  0.59908731E+000
  0.59908732E+000
  0.59908733E+000
  0.59908733E+000
  0.59908734E+000
  0.59908735E+000
  0.59908735E+000
  0.59908736E+000
  0.59908736E+000
  0.59908737E+000
  0.59908737E+000
  0.59908738E+000
  0.59908738E+000
  0.59908739E+000
  0.59908739E+000
  0.59908740E+000
  0.59908740E+000
  0.59908741E+000
  0.59908741E+000
  0.59908741E+000
  0.59908742E+000
  0.59908742E+000
  0.59908743E+000
  0.59908742E+000
  0.59908738E+000
