  0.11631845E+001
  0.11589658E+001
  0.11558927E+001
  0.11535389E+001
  0.11516790E+001
  0.11501933E+001
  0.11489935E+001
  0.11480151E+001
  0.11472132E+001
  0.11465514E+001
  0.11460105E+001
  0.11455565E+001
  0.11451853E+001
  0.11448759E+001
  0.11446223E+001
  0.11444122E+001
  0.11442403E+001
  0.11440977E+001
  0.11439832E+001
  0.11438893E+001
  0.11438145E+001
  0.11437556E+001
  0.11437091E+001
  0.11436736E+001
  0.11436473E+001
  0.11436284E+001
  0.11436159E+001
  0.11436087E+001
  0.11436058E+001
  0.11436064E+001
  0.11436099E+001
  0.11436157E+001
  0.11436234E+001
  0.11436325E+001
  0.11436428E+001
  0.11436539E+001
  0.11436658E+001
  0.11436781E+001
  0.11436908E+001
  0.11437037E+001
  0.11437167E+001
  0.11437299E+001
  0.11437431E+001
  0.11437563E+001
  0.11437694E+001
  0.11437825E+001
  0.11437956E+001
  0.11438085E+001
  0.11438213E+001
  0.11438340E+001
  0.11438466E+001
  0.11438591E+001
  0.11438714E+001
  0.11438836E+001
  0.11438956E+001
  0.11439074E+001
  0.11439191E+001
  0.11439306E+001
  0.11439419E+001
  0.11439529E+001
  0.11439638E+001
  0.11439745E+001
  0.11439849E+001
  0.11439951E+001
  0.11440050E+001
  0.11440147E+001
  0.11440241E+001
  0.11440333E+001
  0.11440422E+001
  0.11440509E+001
  0.11440592E+001
  0.11440673E+001
  0.11440751E+001
  0.11440826E+001
  0.11440899E+001
  0.11440968E+001
  0.11441035E+001
  0.11441098E+001
  0.11441159E+001
  0.11441217E+001
  0.11441271E+001
  0.11441323E+001
  0.11441373E+001
  0.11441419E+001
  0.11441463E+001
  0.11441504E+001
  0.11441543E+001
  0.11441579E+001
  0.11441613E+001
  0.11441645E+001
  0.11441675E+001
  0.11441703E+001
  0.11441729E+001
  0.11441753E+001
  0.11441776E+001
  0.11441797E+001
  0.11441817E+001
  0.11441835E+001
  0.11441852E+001
  0.11441867E+001
  0.11441882E+001
  0.11441896E+001
  0.11441908E+001
  0.11441920E+001
  0.11441930E+001
  0.11441940E+001
  0.11441949E+001
  0.11441958E+001
  0.11441965E+001
  0.11441972E+001
  0.11441979E+001
  0.11441985E+001
  0.11441990E+001
  0.11441995E+001
  0.11442000E+001
  0.11442004E+001
  0.11442007E+001
  0.11442011E+001
  0.11442014E+001
  0.11442017E+001
  0.11442019E+001
  0.11442022E+001
  0.11442024E+001
  0.11442026E+001
  0.11442027E+001
  0.11442029E+001
  0.11442030E+001
  0.11442032E+001
  0.11442033E+001
  0.11442034E+001
  0.11442035E+001
  0.11442036E+001
  0.11442036E+001
  0.11442037E+001
  0.11442038E+001
  0.11442038E+001
  0.11442039E+001
  0.11442040E+001
  0.11442040E+001
  0.11442040E+001
  0.11442041E+001
  0.11442041E+001
  0.11442042E+001
  0.11442042E+001
  0.11442042E+001
  0.11442043E+001
  0.11442043E+001
  0.11442044E+001
  0.11442044E+001
  0.11442044E+001
  0.11442045E+001
  0.11442045E+001
  0.11442045E+001
  0.11442046E+001
  0.11442046E+001
  0.11442046E+001
  0.11442047E+001
  0.11442047E+001
  0.11442048E+001
  0.11442048E+001
  0.11442048E+001
  0.11442049E+001
  0.11442049E+001
  0.11442050E+001
  0.11442050E+001
  0.11442050E+001
  0.11442051E+001
  0.11442051E+001
  0.11442052E+001
  0.11442052E+001
  0.11442053E+001
  0.11442053E+001
  0.11442053E+001
  0.11442054E+001
  0.11442054E+001
  0.11442055E+001
  0.11442055E+001
  0.11442055E+001
  0.11442056E+001
  0.11442056E+001
  0.11442057E+001
  0.11442057E+001
  0.11442057E+001
  0.11442058E+001
  0.11442058E+001
  0.11442059E+001
  0.11442059E+001
  0.11442059E+001
  0.11442060E+001
  0.11442060E+001
  0.11442060E+001
  0.11442060E+001
  0.11442061E+001
  0.11442061E+001
  0.11442061E+001
  0.11442062E+001
  0.11442062E+001
  0.11442062E+001
  0.11442062E+001
  0.11442063E+001
