  0.17953715E+001
  0.17911947E+001
  0.17881542E+001
  0.17858261E+001
  0.17839862E+001
  0.17825163E+001
  0.17813289E+001
  0.17803600E+001
  0.17795655E+001
  0.17789092E+001
  0.17783722E+001
  0.17779211E+001
  0.17775517E+001
  0.17772432E+001
  0.17769900E+001
  0.17767797E+001
  0.17766070E+001
  0.17764634E+001
  0.17763474E+001
  0.17762520E+001
  0.17761753E+001
  0.17761144E+001
  0.17760657E+001
  0.17760279E+001
  0.17759993E+001
  0.17759779E+001
  0.17759630E+001
  0.17759532E+001
  0.17759477E+001
  0.17759457E+001
  0.17759467E+001
  0.17759498E+001
  0.17759549E+001
  0.17759614E+001
  0.17759691E+001
  0.17759776E+001
  0.17759869E+001
  0.17759966E+001
  0.17760067E+001
  0.17760171E+001
  0.17760276E+001
  0.17760383E+001
  0.17760491E+001
  0.17760598E+001
  0.17760705E+001
  0.17760812E+001
  0.17760919E+001
  0.17761025E+001
  0.17761131E+001
  0.17761236E+001
  0.17761340E+001
  0.17761444E+001
  0.17761546E+001
  0.17761648E+001
  0.17761748E+001
  0.17761848E+001
  0.17761946E+001
  0.17762043E+001
  0.17762138E+001
  0.17762232E+001
  0.17762325E+001
  0.17762416E+001
  0.17762506E+001
  0.17762594E+001
  0.17762680E+001
  0.17762764E+001
  0.17762846E+001
  0.17762927E+001
  0.17763006E+001
  0.17763082E+001
  0.17763156E+001
  0.17763229E+001
  0.17763299E+001
  0.17763366E+001
  0.17763432E+001
  0.17763494E+001
  0.17763555E+001
  0.17763613E+001
  0.17763668E+001
  0.17763721E+001
  0.17763771E+001
  0.17763819E+001
  0.17763864E+001
  0.17763907E+001
  0.17763948E+001
  0.17763986E+001
  0.17764021E+001
  0.17764055E+001
  0.17764086E+001
  0.17764115E+001
  0.17764142E+001
  0.17764168E+001
  0.17764191E+001
  0.17764213E+001
  0.17764234E+001
  0.17764252E+001
  0.17764270E+001
  0.17764286E+001
  0.17764300E+001
  0.17764314E+001
  0.17764326E+001
  0.17764338E+001
  0.17764348E+001
  0.17764357E+001
  0.17764366E+001
  0.17764374E+001
  0.17764381E+001
  0.17764387E+001
  0.17764392E+001
  0.17764397E+001
  0.17764401E+001
  0.17764405E+001
  0.17764408E+001
  0.17764411E+001
  0.17764413E+001
  0.17764415E+001
  0.17764416E+001
  0.17764417E+001
  0.17764417E+001
  0.17764417E+001
  0.17764417E+001
  0.17764417E+001
  0.17764416E+001
  0.17764415E+001
  0.17764413E+001
  0.17764412E+001
  0.17764410E+001
  0.17764408E+001
  0.17764405E+001
  0.17764403E+001
  0.17764400E+001
  0.17764397E+001
  0.17764394E+001
  0.17764391E+001
  0.17764387E+001
  0.17764384E+001
  0.17764380E+001
  0.17764376E+001
  0.17764372E+001
  0.17764368E+001
  0.17764363E+001
  0.17764359E+001
  0.17764354E+001
  0.17764349E+001
  0.17764344E+001
  0.17764339E+001
  0.17764334E+001
  0.17764329E+001
  0.17764324E+001
  0.17764318E+001
  0.17764313E+001
  0.17764307E+001
  0.17764301E+001
  0.17764296E+001
  0.17764290E+001
  0.17764284E+001
  0.17764278E+001
  0.17764272E+001
  0.17764266E+001
  0.17764260E+001
  0.17764254E+001
  0.17764248E+001
  0.17764242E+001
  0.17764235E+001
  0.17764229E+001
  0.17764223E+001
  0.17764217E+001
  0.17764211E+001
  0.17764205E+001
  0.17764198E+001
  0.17764192E+001
  0.17764186E+001
  0.17764180E+001
  0.17764174E+001
  0.17764168E+001
  0.17764162E+001
  0.17764156E+001
  0.17764151E+001
  0.17764145E+001
  0.17764139E+001
  0.17764133E+001
  0.17764128E+001
  0.17764122E+001
  0.17764117E+001
  0.17764112E+001
  0.17764106E+001
  0.17764101E+001
  0.17764096E+001
  0.17764091E+001
  0.17764086E+001
  0.17764081E+001
  0.17764077E+001
  0.17764072E+001
  0.17764067E+001
  0.17764063E+001
  0.17764059E+001
  0.17764054E+001
  0.17764050E+001
  0.17764046E+001
  0.17764042E+001
