  0.64039533E+000
  0.63933625E+000
  0.63864070E+000
  0.63813329E+000
  0.63774183E+000
  0.63743447E+000
  0.63719017E+000
  0.63699374E+000
  0.63683469E+000
  0.63670536E+000
  0.63660129E+000
  0.63651508E+000
  0.63644619E+000
  0.63638993E+000
  0.63634510E+000
  0.63630897E+000
  0.63628052E+000
  0.63625783E+000
  0.63624080E+000
  0.63622781E+000
  0.63621854E+000
  0.63621241E+000
  0.63620860E+000
  0.63620689E+000
  0.63620694E+000
  0.63620832E+000
  0.63621089E+000
  0.63621438E+000
  0.63621862E+000
  0.63622342E+000
  0.63622869E+000
  0.63623428E+000
  0.63624012E+000
  0.63624611E+000
  0.63625221E+000
  0.63625835E+000
  0.63626451E+000
  0.63627062E+000
  0.63627670E+000
  0.63628269E+000
  0.63628859E+000
  0.63629439E+000
  0.63630008E+000
  0.63630565E+000
  0.63631108E+000
  0.63631638E+000
  0.63632155E+000
  0.63632658E+000
  0.63633149E+000
  0.63633624E+000
  0.63634086E+000
  0.63634534E+000
  0.63634968E+000
  0.63635387E+000
  0.63635792E+000
  0.63636183E+000
  0.63636559E+000
  0.63636920E+000
  0.63637267E+000
  0.63637600E+000
  0.63637919E+000
  0.63638223E+000
  0.63638513E+000
  0.63638789E+000
  0.63639051E+000
  0.63639300E+000
  0.63639536E+000
  0.63639759E+000
  0.63639969E+000
  0.63640167E+000
  0.63640353E+000
  0.63640528E+000
  0.63640690E+000
  0.63640842E+000
  0.63640984E+000
  0.63641114E+000
  0.63641236E+000
  0.63641347E+000
  0.63641449E+000
  0.63641543E+000
  0.63641628E+000
  0.63641706E+000
  0.63641777E+000
  0.63641840E+000
  0.63641898E+000
  0.63641949E+000
  0.63641995E+000
  0.63642037E+000
  0.63642074E+000
  0.63642107E+000
  0.63642136E+000
  0.63642163E+000
  0.63642187E+000
  0.63642208E+000
  0.63642228E+000
  0.63642246E+000
  0.63642262E+000
  0.63642277E+000
  0.63642290E+000
  0.63642303E+000
  0.63642315E+000
  0.63642327E+000
  0.63642338E+000
  0.63642348E+000
  0.63642358E+000
  0.63642367E+000
  0.63642376E+000
  0.63642385E+000
  0.63642394E+000
  0.63642402E+000
  0.63642410E+000
  0.63642418E+000
  0.63642426E+000
  0.63642433E+000
  0.63642440E+000
  0.63642448E+000
  0.63642455E+000
  0.63642462E+000
  0.63642468E+000
  0.63642475E+000
  0.63642482E+000
  0.63642488E+000
  0.63642495E+000
  0.63642501E+000
  0.63642507E+000
  0.63642513E+000
  0.63642519E+000
  0.63642525E+000
  0.63642531E+000
  0.63642537E+000
  0.63642543E+000
  0.63642549E+000
  0.63642554E+000
  0.63642560E+000
  0.63642565E+000
  0.63642571E+000
  0.63642576E+000
  0.63642582E+000
  0.63642587E+000
  0.63642592E+000
  0.63642598E+000
  0.63642603E+000
  0.63642608E+000
  0.63642613E+000
  0.63642618E+000
  0.63642623E+000
  0.63642628E+000
  0.63642633E+000
  0.63642638E+000
  0.63642643E+000
  0.63642647E+000
  0.63642652E+000
  0.63642656E+000
  0.63642661E+000
  0.63642665E+000
  0.63642670E+000
  0.63642674E+000
  0.63642678E+000
  0.63642682E+000
  0.63642686E+000
  0.63642690E+000
  0.63642694E+000
  0.63642698E+000
  0.63642701E+000
  0.63642705E+000
  0.63642708E+000
  0.63642712E+000
  0.63642715E+000
  0.63642718E+000
  0.63642722E+000
  0.63642725E+000
  0.63642728E+000
  0.63642731E+000
  0.63642734E+000
  0.63642736E+000
  0.63642739E+000
  0.63642742E+000
  0.63642744E+000
  0.63642747E+000
  0.63642749E+000
  0.63642751E+000
  0.63642754E+000
  0.63642756E+000
  0.63642758E+000
  0.63642760E+000
  0.63642762E+000
  0.63642764E+000
  0.63642765E+000
  0.63642767E+000
  0.63642769E+000
  0.63642770E+000
  0.63642772E+000
  0.63642773E+000
  0.63642775E+000
  0.63642776E+000
  0.63642777E+000
  0.63642779E+000
  0.63642780E+000
  0.63642781E+000
  0.63642783E+000
