  0.31825102E+002
  0.31828287E+002
  0.31830728E+002
  0.31832626E+002
  0.31834108E+002
  0.31835266E+002
  0.31836165E+002
  0.31836856E+002
  0.31837381E+002
  0.31837769E+002
  0.31838045E+002
  0.31838230E+002
  0.31838340E+002
  0.31838388E+002
  0.31838384E+002
  0.31838339E+002
  0.31838258E+002
  0.31838149E+002
  0.31838016E+002
  0.31837864E+002
  0.31837695E+002
  0.31837512E+002
  0.31837319E+002
  0.31837117E+002
  0.31836908E+002
  0.31836693E+002
  0.31836473E+002
  0.31836249E+002
  0.31836023E+002
  0.31835795E+002
  0.31835565E+002
  0.31835334E+002
  0.31835103E+002
  0.31834872E+002
  0.31834641E+002
  0.31834411E+002
  0.31834181E+002
  0.31833953E+002
  0.31833726E+002
  0.31833501E+002
  0.31833277E+002
  0.31833056E+002
  0.31832837E+002
  0.31832621E+002
  0.31832407E+002
  0.31832197E+002
  0.31831990E+002
  0.31831786E+002
  0.31831586E+002
  0.31831390E+002
  0.31831199E+002
  0.31831012E+002
  0.31830830E+002
  0.31830653E+002
  0.31830481E+002
  0.31830314E+002
  0.31830153E+002
  0.31829998E+002
  0.31829849E+002
  0.31829706E+002
  0.31829568E+002
  0.31829438E+002
  0.31829313E+002
  0.31829195E+002
  0.31829083E+002
  0.31828977E+002
  0.31828878E+002
  0.31828785E+002
  0.31828698E+002
  0.31828617E+002
  0.31828542E+002
  0.31828473E+002
  0.31828409E+002
  0.31828351E+002
  0.31828298E+002
  0.31828249E+002
  0.31828206E+002
  0.31828167E+002
  0.31828131E+002
  0.31828100E+002
  0.31828072E+002
  0.31828048E+002
  0.31828026E+002
  0.31828007E+002
  0.31827991E+002
  0.31827976E+002
  0.31827964E+002
  0.31827952E+002
  0.31827942E+002
  0.31827934E+002
  0.31827926E+002
  0.31827918E+002
  0.31827912E+002
  0.31827905E+002
  0.31827899E+002
  0.31827894E+002
  0.31827888E+002
  0.31827882E+002
  0.31827877E+002
  0.31827871E+002
  0.31827865E+002
  0.31827859E+002
  0.31827852E+002
  0.31827846E+002
  0.31827839E+002
  0.31827832E+002
  0.31827824E+002
  0.31827816E+002
  0.31827808E+002
  0.31827800E+002
  0.31827791E+002
  0.31827782E+002
  0.31827773E+002
  0.31827763E+002
  0.31827753E+002
  0.31827743E+002
  0.31827732E+002
  0.31827721E+002
  0.31827709E+002
  0.31827697E+002
  0.31827685E+002
  0.31827672E+002
  0.31827658E+002
  0.31827644E+002
  0.31827630E+002
  0.31827615E+002
  0.31827599E+002
  0.31827583E+002
  0.31827566E+002
  0.31827549E+002
  0.31827532E+002
  0.31827513E+002
  0.31827494E+002
  0.31827475E+002
  0.31827455E+002
  0.31827434E+002
  0.31827413E+002
  0.31827391E+002
  0.31827369E+002
  0.31827346E+002
  0.31827322E+002
  0.31827298E+002
  0.31827273E+002
  0.31827248E+002
  0.31827222E+002
  0.31827196E+002
  0.31827169E+002
  0.31827142E+002
  0.31827114E+002
  0.31827085E+002
  0.31827057E+002
  0.31827028E+002
  0.31826998E+002
  0.31826968E+002
  0.31826938E+002
  0.31826907E+002
  0.31826876E+002
  0.31826845E+002
  0.31826814E+002
  0.31826782E+002
  0.31826750E+002
  0.31826718E+002
  0.31826686E+002
  0.31826654E+002
  0.31826622E+002
  0.31826590E+002
  0.31826557E+002
  0.31826525E+002
  0.31826493E+002
  0.31826461E+002
  0.31826428E+002
  0.31826397E+002
  0.31826365E+002
  0.31826333E+002
  0.31826302E+002
  0.31826271E+002
  0.31826240E+002
  0.31826209E+002
  0.31826179E+002
  0.31826149E+002
  0.31826119E+002
  0.31826090E+002
  0.31826061E+002
  0.31826033E+002
  0.31826005E+002
  0.31825977E+002
  0.31825950E+002
  0.31825924E+002
  0.31825897E+002
  0.31825872E+002
  0.31825846E+002
  0.31825822E+002
  0.31825798E+002
  0.31825774E+002
  0.31825751E+002
  0.31825728E+002
  0.31825706E+002
  0.31825685E+002
  0.31825664E+002
  0.31825643E+002
