  0.46626308E-001
  0.40363694E-001
  0.39375930E-001
  0.39593295E-001
  0.40104440E-001
  0.40655431E-001
  0.41219660E-001
  0.41912531E-001
  0.42581299E-001
  0.43180444E-001
  0.43637146E-001
  0.44024065E-001
  0.44374813E-001
  0.44688864E-001
  0.44973524E-001
  0.45226377E-001
  0.45451058E-001
  0.45647459E-001
  0.45820968E-001
  0.45969987E-001
  0.46099269E-001
  0.46209789E-001
  0.46302455E-001
  0.46380736E-001
  0.46446087E-001
  0.46499684E-001
  0.46543762E-001
  0.46579311E-001
  0.46607648E-001
  0.46629862E-001
  0.46647103E-001
  0.46660058E-001
  0.46669581E-001
  0.46676315E-001
  0.46680871E-001
  0.46683576E-001
  0.46685006E-001
  0.46685310E-001
  0.46684977E-001
  0.46684062E-001
  0.46682831E-001
  0.46681424E-001
  0.46679940E-001
  0.46678445E-001
  0.46676923E-001
  0.46675625E-001
  0.46674494E-001
  0.46673405E-001
  0.46672585E-001
  0.46671786E-001
  0.46671232E-001
  0.46670786E-001
  0.46670423E-001
  0.46670170E-001
  0.46670035E-001
  0.46669933E-001
  0.46669869E-001
  0.46669892E-001
  0.46669884E-001
  0.46669912E-001
  0.46669949E-001
  0.46669928E-001
  0.46669898E-001
  0.46669851E-001
  0.46669720E-001
  0.46669549E-001
  0.46669312E-001
  0.46669013E-001
  0.46668636E-001
  0.46668185E-001
  0.46667663E-001
  0.46667043E-001
  0.46666358E-001
  0.46665586E-001
  0.46664749E-001
  0.46663813E-001
  0.46662841E-001
  0.46661779E-001
  0.46660678E-001
  0.46659523E-001
  0.46658316E-001
  0.46657093E-001
  0.46655840E-001
  0.46654555E-001
  0.46653284E-001
  0.46651997E-001
  0.46650715E-001
  0.46649448E-001
  0.46648204E-001
  0.46646975E-001
  0.46645773E-001
  0.46644606E-001
  0.46643468E-001
  0.46642370E-001
  0.46641308E-001
  0.46640293E-001
  0.46639306E-001
  0.46638380E-001
  0.46637478E-001
  0.46636633E-001
  0.46635826E-001
  0.46635058E-001
  0.46634338E-001
  0.46633656E-001
  0.46633015E-001
  0.46632413E-001
  0.46631851E-001
  0.46631323E-001
  0.46630832E-001
  0.46630377E-001
  0.46629953E-001
  0.46629558E-001
  0.46629196E-001
  0.46628860E-001
  0.46628553E-001
  0.46628267E-001
  0.46628009E-001
  0.46627770E-001
  0.46627552E-001
  0.46627355E-001
  0.46627174E-001
  0.46627012E-001
  0.46626862E-001
  0.46626730E-001
  0.46626610E-001
  0.46626503E-001
  0.46626406E-001
  0.46626321E-001
  0.46626245E-001
  0.46626178E-001
  0.46626119E-001
  0.46626068E-001
  0.46626024E-001
  0.46625986E-001
  0.46625954E-001
  0.46625927E-001
  0.46625906E-001
  0.46625888E-001
  0.46625875E-001
  0.46625865E-001
  0.46625859E-001
  0.46625855E-001
  0.46625856E-001
  0.46625857E-001
  0.46625862E-001
  0.46625868E-001
  0.46625876E-001
  0.46625885E-001
  0.46625896E-001
  0.46625909E-001
  0.46625922E-001
  0.46625936E-001
  0.46625951E-001
  0.46625966E-001
  0.46625982E-001
  0.46625998E-001
  0.46626014E-001
  0.46626030E-001
  0.46626047E-001
  0.46626063E-001
  0.46626079E-001
  0.46626095E-001
  0.46626111E-001
  0.46626125E-001
  0.46626140E-001
  0.46626155E-001
  0.46626168E-001
  0.46626182E-001
  0.46626194E-001
  0.46626206E-001
  0.46626217E-001
  0.46626228E-001
  0.46626238E-001
  0.46626247E-001
  0.46626256E-001
  0.46626264E-001
  0.46626272E-001
  0.46626278E-001
  0.46626284E-001
  0.46626290E-001
  0.46626295E-001
  0.46626299E-001
  0.46626303E-001
  0.46626306E-001
  0.46626309E-001
  0.46626311E-001
  0.46626313E-001
  0.46626315E-001
  0.46626316E-001
  0.46626317E-001
  0.46626317E-001
  0.46626318E-001
  0.46626318E-001
  0.46626318E-001
  0.46626319E-001
  0.46626320E-001
  0.46626324E-001
  0.46626331E-001
  0.46626327E-001
  0.46626298E-001
