  0.13124710E+000
  0.13118345E+000
  0.13112773E+000
  0.13108036E+000
  0.13104050E+000
  0.13100717E+000
  0.13097961E+000
  0.13095745E+000
  0.13094002E+000
  0.13092661E+000
  0.13091643E+000
  0.13090897E+000
  0.13090385E+000
  0.13090075E+000
  0.13089940E+000
  0.13089956E+000
  0.13090101E+000
  0.13090360E+000
  0.13090716E+000
  0.13091156E+000
  0.13091669E+000
  0.13092245E+000
  0.13092876E+000
  0.13093554E+000
  0.13094273E+000
  0.13095028E+000
  0.13095813E+000
  0.13096625E+000
  0.13097460E+000
  0.13098315E+000
  0.13099186E+000
  0.13100072E+000
  0.13100969E+000
  0.13101875E+000
  0.13102788E+000
  0.13103707E+000
  0.13104628E+000
  0.13105550E+000
  0.13106471E+000
  0.13107389E+000
  0.13108303E+000
  0.13109210E+000
  0.13110107E+000
  0.13110995E+000
  0.13111870E+000
  0.13112730E+000
  0.13113575E+000
  0.13114401E+000
  0.13115208E+000
  0.13115993E+000
  0.13116755E+000
  0.13117493E+000
  0.13118205E+000
  0.13118890E+000
  0.13119546E+000
  0.13120173E+000
  0.13120770E+000
  0.13121336E+000
  0.13121870E+000
  0.13122373E+000
  0.13122844E+000
  0.13123283E+000
  0.13123690E+000
  0.13124065E+000
  0.13124409E+000
  0.13124722E+000
  0.13125006E+000
  0.13125261E+000
  0.13125487E+000
  0.13125687E+000
  0.13125860E+000
  0.13126010E+000
  0.13126136E+000
  0.13126240E+000
  0.13126323E+000
  0.13126388E+000
  0.13126435E+000
  0.13126465E+000
  0.13126481E+000
  0.13126484E+000
  0.13126474E+000
  0.13126455E+000
  0.13126426E+000
  0.13126388E+000
  0.13126344E+000
  0.13126295E+000
  0.13126240E+000
  0.13126182E+000
  0.13126121E+000
  0.13126058E+000
  0.13125994E+000
  0.13125929E+000
  0.13125864E+000
  0.13125799E+000
  0.13125735E+000
  0.13125672E+000
  0.13125611E+000
  0.13125551E+000
  0.13125494E+000
  0.13125438E+000
  0.13125385E+000
  0.13125334E+000
  0.13125285E+000
  0.13125239E+000
  0.13125195E+000
  0.13125154E+000
  0.13125115E+000
  0.13125078E+000
  0.13125043E+000
  0.13125011E+000
  0.13124981E+000
  0.13124952E+000
  0.13124926E+000
  0.13124902E+000
  0.13124879E+000
  0.13124858E+000
  0.13124839E+000
  0.13124821E+000
  0.13124805E+000
  0.13124790E+000
  0.13124776E+000
  0.13124764E+000
  0.13124752E+000
  0.13124742E+000
  0.13124733E+000
  0.13124724E+000
  0.13124717E+000
  0.13124710E+000
  0.13124704E+000
  0.13124698E+000
  0.13124694E+000
  0.13124690E+000
  0.13124686E+000
  0.13124683E+000
  0.13124681E+000
  0.13124679E+000
  0.13124677E+000
  0.13124675E+000
  0.13124674E+000
  0.13124674E+000
  0.13124673E+000
  0.13124673E+000
  0.13124673E+000
  0.13124674E+000
  0.13124674E+000
  0.13124675E+000
  0.13124675E+000
  0.13124676E+000
  0.13124677E+000
  0.13124678E+000
  0.13124679E+000
  0.13124681E+000
  0.13124682E+000
  0.13124683E+000
  0.13124685E+000
  0.13124686E+000
  0.13124687E+000
  0.13124689E+000
  0.13124690E+000
  0.13124691E+000
  0.13124692E+000
  0.13124694E+000
  0.13124695E+000
  0.13124696E+000
  0.13124697E+000
  0.13124698E+000
  0.13124699E+000
  0.13124700E+000
  0.13124701E+000
  0.13124702E+000
  0.13124703E+000
  0.13124704E+000
  0.13124704E+000
  0.13124705E+000
  0.13124706E+000
  0.13124706E+000
  0.13124707E+000
  0.13124707E+000
  0.13124707E+000
  0.13124708E+000
  0.13124708E+000
  0.13124708E+000
  0.13124709E+000
  0.13124709E+000
  0.13124709E+000
  0.13124709E+000
  0.13124709E+000
  0.13124709E+000
  0.13124709E+000
  0.13124709E+000
  0.13124709E+000
  0.13124709E+000
  0.13124709E+000
  0.13124709E+000
  0.13124709E+000
  0.13124709E+000
  0.13124709E+000
  0.13124708E+000
  0.13124708E+000
  0.13124708E+000
