  0.53182286E-005
  0.46039105E-005
  0.44912455E-005
  0.45160383E-005
  0.45743398E-005
  0.46371863E-005
  0.47015426E-005
  0.47805719E-005
  0.48568521E-005
  0.49251909E-005
  0.49772827E-005
  0.50214149E-005
  0.50614215E-005
  0.50972424E-005
  0.51297109E-005
  0.51585515E-005
  0.51841787E-005
  0.52065804E-005
  0.52263709E-005
  0.52433682E-005
  0.52581141E-005
  0.52707201E-005
  0.52812897E-005
  0.52902185E-005
  0.52976725E-005
  0.53037858E-005
  0.53088133E-005
  0.53128681E-005
  0.53161002E-005
  0.53186339E-005
  0.53206004E-005
  0.53220781E-005
  0.53231644E-005
  0.53239323E-005
  0.53244520E-005
  0.53247605E-005
  0.53249237E-005
  0.53249584E-005
  0.53249204E-005
  0.53248160E-005
  0.53246756E-005
  0.53245152E-005
  0.53243459E-005
  0.53241753E-005
  0.53240017E-005
  0.53238536E-005
  0.53237247E-005
  0.53236005E-005
  0.53235070E-005
  0.53234158E-005
  0.53233526E-005
  0.53233018E-005
  0.53232603E-005
  0.53232315E-005
  0.53232161E-005
  0.53232045E-005
  0.53231972E-005
  0.53231998E-005
  0.53231989E-005
  0.53232021E-005
  0.53232063E-005
  0.53232039E-005
  0.53232004E-005
  0.53231951E-005
  0.53231802E-005
  0.53231607E-005
  0.53231336E-005
  0.53230995E-005
  0.53230565E-005
  0.53230051E-005
  0.53229455E-005
  0.53228748E-005
  0.53227967E-005
  0.53227087E-005
  0.53226131E-005
  0.53225065E-005
  0.53223955E-005
  0.53222744E-005
  0.53221488E-005
  0.53220171E-005
  0.53218794E-005
  0.53217400E-005
  0.53215970E-005
  0.53214505E-005
  0.53213055E-005
  0.53211586E-005
  0.53210125E-005
  0.53208679E-005
  0.53207260E-005
  0.53205858E-005
  0.53204488E-005
  0.53203156E-005
  0.53201858E-005
  0.53200606E-005
  0.53199394E-005
  0.53198237E-005
  0.53197111E-005
  0.53196055E-005
  0.53195026E-005
  0.53194062E-005
  0.53193142E-005
  0.53192265E-005
  0.53191445E-005
  0.53190666E-005
  0.53189936E-005
  0.53189249E-005
  0.53188608E-005
  0.53188006E-005
  0.53187446E-005
  0.53186926E-005
  0.53186443E-005
  0.53185993E-005
  0.53185580E-005
  0.53185196E-005
  0.53184846E-005
  0.53184520E-005
  0.53184226E-005
  0.53183953E-005
  0.53183704E-005
  0.53183479E-005
  0.53183274E-005
  0.53183088E-005
  0.53182918E-005
  0.53182767E-005
  0.53182630E-005
  0.53182507E-005
  0.53182398E-005
  0.53182301E-005
  0.53182214E-005
  0.53182137E-005
  0.53182070E-005
  0.53182012E-005
  0.53181961E-005
  0.53181918E-005
  0.53181882E-005
  0.53181851E-005
  0.53181827E-005
  0.53181806E-005
  0.53181791E-005
  0.53181781E-005
  0.53181774E-005
  0.53181769E-005
  0.53181770E-005
  0.53181772E-005
  0.53181776E-005
  0.53181784E-005
  0.53181793E-005
  0.53181804E-005
  0.53181816E-005
  0.53181830E-005
  0.53181845E-005
  0.53181861E-005
  0.53181878E-005
  0.53181896E-005
  0.53181914E-005
  0.53181932E-005
  0.53181950E-005
  0.53181969E-005
  0.53181988E-005
  0.53182006E-005
  0.53182025E-005
  0.53182043E-005
  0.53182060E-005
  0.53182077E-005
  0.53182094E-005
  0.53182111E-005
  0.53182126E-005
  0.53182141E-005
  0.53182156E-005
  0.53182169E-005
  0.53182182E-005
  0.53182194E-005
  0.53182206E-005
  0.53182216E-005
  0.53182226E-005
  0.53182235E-005
  0.53182244E-005
  0.53182251E-005
  0.53182258E-005
  0.53182265E-005
  0.53182270E-005
  0.53182275E-005
  0.53182280E-005
  0.53182284E-005
  0.53182287E-005
  0.53182290E-005
  0.53182291E-005
  0.53182294E-005
  0.53182295E-005
  0.53182296E-005
  0.53182296E-005
  0.53182297E-005
  0.53182297E-005
  0.53182297E-005
  0.53182298E-005
  0.53182299E-005
  0.53182303E-005
  0.53182312E-005
  0.53182307E-005
  0.53182274E-005
