  0.26138386E+000
  0.18744896E+000
  0.17378548E+000
  0.17610391E+000
  0.18333901E+000
  0.19229863E+000
  0.20172410E+000
  0.21044377E+000
  0.21801797E+000
  0.22460408E+000
  0.23018927E+000
  0.23482336E+000
  0.23872671E+000
  0.24194149E+000
  0.24460589E+000
  0.24681042E+000
  0.24867217E+000
  0.25026395E+000
  0.25166326E+000
  0.25289389E+000
  0.25400197E+000
  0.25500169E+000
  0.25590478E+000
  0.25673064E+000
  0.25748450E+000
  0.25816933E+000
  0.25879258E+000
  0.25931611E+000
  0.25973176E+000
  0.26006079E+000
  0.26032093E+000
  0.26052552E+000
  0.26068621E+000
  0.26081207E+000
  0.26091067E+000
  0.26098754E+000
  0.26104805E+000
  0.26109543E+000
  0.26113338E+000
  0.26116374E+000
  0.26118866E+000
  0.26120951E+000
  0.26122736E+000
  0.26124296E+000
  0.26125671E+000
  0.26126958E+000
  0.26128159E+000
  0.26129261E+000
  0.26130337E+000
  0.26131328E+000
  0.26132301E+000
  0.26133222E+000
  0.26134092E+000
  0.26134922E+000
  0.26135716E+000
  0.26136456E+000
  0.26137150E+000
  0.26137811E+000
  0.26138414E+000
  0.26138979E+000
  0.26139503E+000
  0.26139974E+000
  0.26140406E+000
  0.26140801E+000
  0.26141145E+000
  0.26141453E+000
  0.26141720E+000
  0.26141949E+000
  0.26142140E+000
  0.26142295E+000
  0.26142417E+000
  0.26142501E+000
  0.26142556E+000
  0.26142580E+000
  0.26142577E+000
  0.26142542E+000
  0.26142491E+000
  0.26142410E+000
  0.26142314E+000
  0.26142200E+000
  0.26142068E+000
  0.26141927E+000
  0.26141775E+000
  0.26141612E+000
  0.26141448E+000
  0.26141278E+000
  0.26141105E+000
  0.26140933E+000
  0.26140763E+000
  0.26140595E+000
  0.26140430E+000
  0.26140270E+000
  0.26140115E+000
  0.26139966E+000
  0.26139823E+000
  0.26139689E+000
  0.26139558E+000
  0.26139438E+000
  0.26139321E+000
  0.26139215E+000
  0.26139114E+000
  0.26139019E+000
  0.26138933E+000
  0.26138852E+000
  0.26138778E+000
  0.26138710E+000
  0.26138648E+000
  0.26138591E+000
  0.26138540E+000
  0.26138494E+000
  0.26138453E+000
  0.26138415E+000
  0.26138383E+000
  0.26138353E+000
  0.26138328E+000
  0.26138306E+000
  0.26138287E+000
  0.26138270E+000
  0.26138256E+000
  0.26138245E+000
  0.26138235E+000
  0.26138227E+000
  0.26138221E+000
  0.26138216E+000
  0.26138213E+000
  0.26138210E+000
  0.26138209E+000
  0.26138208E+000
  0.26138208E+000
  0.26138208E+000
  0.26138209E+000
  0.26138211E+000
  0.26138212E+000
  0.26138215E+000
  0.26138217E+000
  0.26138220E+000
  0.26138222E+000
  0.26138225E+000
  0.26138228E+000
  0.26138231E+000
  0.26138235E+000
  0.26138238E+000
  0.26138242E+000
  0.26138245E+000
  0.26138249E+000
  0.26138252E+000
  0.26138256E+000
  0.26138260E+000
  0.26138264E+000
  0.26138268E+000
  0.26138271E+000
  0.26138275E+000
  0.26138279E+000
  0.26138283E+000
  0.26138287E+000
  0.26138291E+000
  0.26138295E+000
  0.26138299E+000
  0.26138303E+000
  0.26138307E+000
  0.26138311E+000
  0.26138315E+000
  0.26138319E+000
  0.26138322E+000
  0.26138326E+000
  0.26138330E+000
  0.26138333E+000
  0.26138336E+000
  0.26138340E+000
  0.26138343E+000
  0.26138346E+000
  0.26138349E+000
  0.26138352E+000
  0.26138354E+000
  0.26138357E+000
  0.26138359E+000
  0.26138362E+000
  0.26138364E+000
  0.26138366E+000
  0.26138368E+000
  0.26138369E+000
  0.26138371E+000
  0.26138373E+000
  0.26138374E+000
  0.26138376E+000
  0.26138377E+000
  0.26138378E+000
  0.26138379E+000
  0.26138380E+000
  0.26138381E+000
  0.26138382E+000
  0.26138382E+000
  0.26138383E+000
  0.26138384E+000
  0.26138384E+000
  0.26138385E+000
  0.26138387E+000
  0.26138389E+000
  0.26138389E+000
  0.26138382E+000
