  0.86193873E+000
  0.86107868E+000
  0.86052702E+000
  0.86015559E+000
  0.85990083E+000
  0.85972884E+000
  0.85961752E+000
  0.85955118E+000
  0.85951878E+000
  0.85951234E+000
  0.85952576E+000
  0.85955414E+000
  0.85959445E+000
  0.85964360E+000
  0.85969965E+000
  0.85976076E+000
  0.85982567E+000
  0.85989323E+000
  0.85996270E+000
  0.86003323E+000
  0.86010434E+000
  0.86017552E+000
  0.86024635E+000
  0.86031657E+000
  0.86038592E+000
  0.86045417E+000
  0.86052118E+000
  0.86058682E+000
  0.86065097E+000
  0.86071353E+000
  0.86077445E+000
  0.86083368E+000
  0.86089120E+000
  0.86094698E+000
  0.86100103E+000
  0.86105334E+000
  0.86110393E+000
  0.86115279E+000
  0.86119995E+000
  0.86124542E+000
  0.86128921E+000
  0.86133135E+000
  0.86137186E+000
  0.86141074E+000
  0.86144803E+000
  0.86148374E+000
  0.86151790E+000
  0.86155051E+000
  0.86158161E+000
  0.86161120E+000
  0.86163932E+000
  0.86166598E+000
  0.86169121E+000
  0.86171503E+000
  0.86173748E+000
  0.86175857E+000
  0.86177834E+000
  0.86179684E+000
  0.86181410E+000
  0.86183015E+000
  0.86184504E+000
  0.86185882E+000
  0.86187153E+000
  0.86188321E+000
  0.86189392E+000
  0.86190371E+000
  0.86191261E+000
  0.86192068E+000
  0.86192796E+000
  0.86193451E+000
  0.86194035E+000
  0.86194553E+000
  0.86195009E+000
  0.86195406E+000
  0.86195750E+000
  0.86196041E+000
  0.86196286E+000
  0.86196485E+000
  0.86196643E+000
  0.86196763E+000
  0.86196847E+000
  0.86196899E+000
  0.86196922E+000
  0.86196918E+000
  0.86196890E+000
  0.86196842E+000
  0.86196776E+000
  0.86196694E+000
  0.86196600E+000
  0.86196495E+000
  0.86196382E+000
  0.86196263E+000
  0.86196139E+000
  0.86196014E+000
  0.86195888E+000
  0.86195762E+000
  0.86195638E+000
  0.86195517E+000
  0.86195400E+000
  0.86195287E+000
  0.86195179E+000
  0.86195076E+000
  0.86194978E+000
  0.86194886E+000
  0.86194799E+000
  0.86194719E+000
  0.86194643E+000
  0.86194573E+000
  0.86194509E+000
  0.86194449E+000
  0.86194394E+000
  0.86194343E+000
  0.86194297E+000
  0.86194255E+000
  0.86194216E+000
  0.86194181E+000
  0.86194149E+000
  0.86194119E+000
  0.86194093E+000
  0.86194069E+000
  0.86194047E+000
  0.86194027E+000
  0.86194009E+000
  0.86193993E+000
  0.86193979E+000
  0.86193966E+000
  0.86193954E+000
  0.86193943E+000
  0.86193933E+000
  0.86193925E+000
  0.86193917E+000
  0.86193910E+000
  0.86193903E+000
  0.86193898E+000
  0.86193892E+000
  0.86193888E+000
  0.86193884E+000
  0.86193880E+000
  0.86193877E+000
  0.86193874E+000
  0.86193871E+000
  0.86193869E+000
  0.86193867E+000
  0.86193865E+000
  0.86193863E+000
  0.86193862E+000
  0.86193861E+000
  0.86193860E+000
  0.86193859E+000
  0.86193858E+000
  0.86193857E+000
  0.86193857E+000
  0.86193856E+000
  0.86193856E+000
  0.86193856E+000
  0.86193856E+000
  0.86193855E+000
  0.86193855E+000
  0.86193855E+000
  0.86193855E+000
  0.86193856E+000
  0.86193856E+000
  0.86193856E+000
  0.86193856E+000
  0.86193856E+000
  0.86193856E+000
  0.86193857E+000
  0.86193857E+000
  0.86193857E+000
  0.86193857E+000
  0.86193858E+000
  0.86193858E+000
  0.86193858E+000
  0.86193858E+000
  0.86193859E+000
  0.86193859E+000
  0.86193859E+000
  0.86193859E+000
  0.86193860E+000
  0.86193860E+000
  0.86193860E+000
  0.86193860E+000
  0.86193860E+000
  0.86193861E+000
  0.86193861E+000
  0.86193861E+000
  0.86193861E+000
  0.86193861E+000
  0.86193861E+000
  0.86193861E+000
  0.86193862E+000
  0.86193862E+000
  0.86193862E+000
  0.86193862E+000
  0.86193862E+000
  0.86193862E+000
  0.86193862E+000
  0.86193862E+000
  0.86193861E+000
  0.86193860E+000
