  0.88682554E+000
  0.88676334E+000
  0.88671757E+000
  0.88668335E+000
  0.88665773E+000
  0.88663870E+000
  0.88662476E+000
  0.88661481E+000
  0.88660802E+000
  0.88660374E+000
  0.88660148E+000
  0.88660082E+000
  0.88660146E+000
  0.88660315E+000
  0.88660567E+000
  0.88660887E+000
  0.88661260E+000
  0.88661676E+000
  0.88662127E+000
  0.88662603E+000
  0.88663100E+000
  0.88663612E+000
  0.88664135E+000
  0.88664666E+000
  0.88665201E+000
  0.88665739E+000
  0.88666278E+000
  0.88666815E+000
  0.88667349E+000
  0.88667880E+000
  0.88668406E+000
  0.88668926E+000
  0.88669440E+000
  0.88669947E+000
  0.88670447E+000
  0.88670939E+000
  0.88671422E+000
  0.88671897E+000
  0.88672363E+000
  0.88672820E+000
  0.88673268E+000
  0.88673705E+000
  0.88674133E+000
  0.88674550E+000
  0.88674957E+000
  0.88675353E+000
  0.88675737E+000
  0.88676110E+000
  0.88676472E+000
  0.88676821E+000
  0.88677158E+000
  0.88677483E+000
  0.88677796E+000
  0.88678096E+000
  0.88678383E+000
  0.88678657E+000
  0.88678918E+000
  0.88679167E+000
  0.88679402E+000
  0.88679625E+000
  0.88679835E+000
  0.88680033E+000
  0.88680218E+000
  0.88680392E+000
  0.88680553E+000
  0.88680703E+000
  0.88680842E+000
  0.88680971E+000
  0.88681089E+000
  0.88681198E+000
  0.88681297E+000
  0.88681387E+000
  0.88681469E+000
  0.88681543E+000
  0.88681610E+000
  0.88681670E+000
  0.88681723E+000
  0.88681771E+000
  0.88681813E+000
  0.88681851E+000
  0.88681885E+000
  0.88681914E+000
  0.88681940E+000
  0.88681964E+000
  0.88681985E+000
  0.88682003E+000
  0.88682020E+000
  0.88682036E+000
  0.88682050E+000
  0.88682063E+000
  0.88682076E+000
  0.88682088E+000
  0.88682099E+000
  0.88682111E+000
  0.88682123E+000
  0.88682134E+000
  0.88682146E+000
  0.88682158E+000
  0.88682170E+000
  0.88682182E+000
  0.88682195E+000
  0.88682208E+000
  0.88682221E+000
  0.88682235E+000
  0.88682249E+000
  0.88682263E+000
  0.88682278E+000
  0.88682292E+000
  0.88682307E+000
  0.88682322E+000
  0.88682338E+000
  0.88682353E+000
  0.88682369E+000
  0.88682384E+000
  0.88682400E+000
  0.88682416E+000
  0.88682431E+000
  0.88682447E+000
  0.88682463E+000
  0.88682478E+000
  0.88682494E+000
  0.88682509E+000
  0.88682524E+000
  0.88682539E+000
  0.88682554E+000
  0.88682569E+000
  0.88682583E+000
  0.88682597E+000
  0.88682611E+000
  0.88682624E+000
  0.88682637E+000
  0.88682650E+000
  0.88682662E+000
  0.88682675E+000
  0.88682686E+000
  0.88682697E+000
  0.88682708E+000
  0.88682719E+000
  0.88682729E+000
  0.88682738E+000
  0.88682747E+000
  0.88682756E+000
  0.88682764E+000
  0.88682771E+000
  0.88682779E+000
  0.88682785E+000
  0.88682792E+000
  0.88682797E+000
  0.88682803E+000
  0.88682807E+000
  0.88682812E+000
  0.88682816E+000
  0.88682819E+000
  0.88682822E+000
  0.88682825E+000
  0.88682827E+000
  0.88682829E+000
  0.88682830E+000
  0.88682831E+000
  0.88682831E+000
  0.88682832E+000
  0.88682831E+000
  0.88682831E+000
  0.88682830E+000
  0.88682829E+000
  0.88682827E+000
  0.88682826E+000
  0.88682824E+000
  0.88682821E+000
  0.88682819E+000
  0.88682816E+000
  0.88682813E+000
  0.88682810E+000
  0.88682806E+000
  0.88682803E+000
  0.88682799E+000
  0.88682795E+000
  0.88682791E+000
  0.88682787E+000
  0.88682783E+000
  0.88682778E+000
  0.88682774E+000
  0.88682769E+000
  0.88682765E+000
  0.88682760E+000
  0.88682755E+000
  0.88682751E+000
  0.88682746E+000
  0.88682741E+000
  0.88682736E+000
  0.88682732E+000
  0.88682727E+000
  0.88682722E+000
  0.88682717E+000
  0.88682713E+000
  0.88682708E+000
  0.88682703E+000
  0.88682699E+000
  0.88682694E+000
  0.88682689E+000
