  0.18163539E+001
  0.18127641E+001
  0.18099265E+001
  0.18076771E+001
  0.18058702E+001
  0.18044103E+001
  0.18032192E+001
  0.18022392E+001
  0.18014301E+001
  0.18007567E+001
  0.18002013E+001
  0.17997320E+001
  0.17993434E+001
  0.17990163E+001
  0.17987446E+001
  0.17985166E+001
  0.17983268E+001
  0.17981668E+001
  0.17980349E+001
  0.17979241E+001
  0.17978327E+001
  0.17977575E+001
  0.17976951E+001
  0.17976441E+001
  0.17976027E+001
  0.17975691E+001
  0.17975423E+001
  0.17975210E+001
  0.17975045E+001
  0.17974918E+001
  0.17974825E+001
  0.17974758E+001
  0.17974713E+001
  0.17974687E+001
  0.17974677E+001
  0.17974678E+001
  0.17974691E+001
  0.17974711E+001
  0.17974739E+001
  0.17974773E+001
  0.17974811E+001
  0.17974854E+001
  0.17974901E+001
  0.17974952E+001
  0.17975004E+001
  0.17975060E+001
  0.17975119E+001
  0.17975180E+001
  0.17975243E+001
  0.17975308E+001
  0.17975376E+001
  0.17975445E+001
  0.17975516E+001
  0.17975589E+001
  0.17975663E+001
  0.17975739E+001
  0.17975816E+001
  0.17975895E+001
  0.17975974E+001
  0.17976054E+001
  0.17976135E+001
  0.17976216E+001
  0.17976298E+001
  0.17976380E+001
  0.17976462E+001
  0.17976544E+001
  0.17976626E+001
  0.17976707E+001
  0.17976788E+001
  0.17976867E+001
  0.17976946E+001
  0.17977024E+001
  0.17977101E+001
  0.17977176E+001
  0.17977250E+001
  0.17977322E+001
  0.17977393E+001
  0.17977461E+001
  0.17977527E+001
  0.17977592E+001
  0.17977653E+001
  0.17977713E+001
  0.17977771E+001
  0.17977826E+001
  0.17977878E+001
  0.17977929E+001
  0.17977976E+001
  0.17978022E+001
  0.17978065E+001
  0.17978106E+001
  0.17978144E+001
  0.17978181E+001
  0.17978215E+001
  0.17978247E+001
  0.17978277E+001
  0.17978305E+001
  0.17978331E+001
  0.17978356E+001
  0.17978378E+001
  0.17978399E+001
  0.17978419E+001
  0.17978437E+001
  0.17978453E+001
  0.17978469E+001
  0.17978483E+001
  0.17978495E+001
  0.17978507E+001
  0.17978518E+001
  0.17978527E+001
  0.17978536E+001
  0.17978544E+001
  0.17978551E+001
  0.17978558E+001
  0.17978563E+001
  0.17978568E+001
  0.17978573E+001
  0.17978577E+001
  0.17978580E+001
  0.17978583E+001
  0.17978585E+001
  0.17978588E+001
  0.17978589E+001
  0.17978591E+001
  0.17978592E+001
  0.17978593E+001
  0.17978594E+001
  0.17978594E+001
  0.17978595E+001
  0.17978595E+001
  0.17978595E+001
  0.17978595E+001
  0.17978594E+001
  0.17978594E+001
  0.17978594E+001
  0.17978593E+001
  0.17978592E+001
  0.17978592E+001
  0.17978591E+001
  0.17978590E+001
  0.17978590E+001
  0.17978589E+001
  0.17978588E+001
  0.17978587E+001
  0.17978586E+001
  0.17978585E+001
  0.17978585E+001
  0.17978584E+001
  0.17978583E+001
  0.17978582E+001
  0.17978581E+001
  0.17978581E+001
  0.17978580E+001
  0.17978579E+001
  0.17978578E+001
  0.17978578E+001
  0.17978577E+001
  0.17978576E+001
  0.17978576E+001
  0.17978575E+001
  0.17978575E+001
  0.17978574E+001
  0.17978574E+001
  0.17978573E+001
  0.17978573E+001
  0.17978573E+001
  0.17978572E+001
  0.17978572E+001
  0.17978572E+001
  0.17978572E+001
  0.17978571E+001
  0.17978571E+001
  0.17978571E+001
  0.17978571E+001
  0.17978571E+001
  0.17978570E+001
  0.17978570E+001
  0.17978570E+001
  0.17978570E+001
  0.17978570E+001
  0.17978570E+001
  0.17978570E+001
  0.17978570E+001
  0.17978570E+001
  0.17978570E+001
  0.17978570E+001
  0.17978570E+001
  0.17978570E+001
  0.17978570E+001
  0.17978570E+001
  0.17978570E+001
  0.17978570E+001
  0.17978570E+001
  0.17978570E+001
  0.17978570E+001
  0.17978570E+001
  0.17978570E+001
  0.17978571E+001
  0.17978571E+001
  0.17978571E+001
  0.17978571E+001
