  0.36544153E-001  0.37207889E+000  0.31419242E+001  0.11739913E+003
  0.36576112E-001  0.37215201E+000  0.31418392E+001  0.11739854E+003
  0.36601760E-001  0.37221296E+000  0.31417655E+001  0.11739798E+003
  0.36613151E-001  0.37227235E+000  0.31417017E+001  0.11739749E+003
  0.36619643E-001  0.37232319E+000  0.31416466E+001  0.11739705E+003
  0.36624106E-001  0.37236465E+000  0.31415993E+001  0.11739668E+003
  0.36627100E-001  0.37239793E+000  0.31415589E+001  0.11739635E+003
  0.36629610E-001  0.37242352E+000  0.31415244E+001  0.11739607E+003
  0.36631673E-001  0.37244266E+000  0.31414952E+001  0.11739583E+003
  0.36633322E-001  0.37245641E+000  0.31414706E+001  0.11739562E+003
  0.36634591E-001  0.37246564E+000  0.31414502E+001  0.11739544E+003
  0.36635514E-001  0.37247109E+000  0.31414333E+001  0.11739529E+003
  0.36636122E-001  0.37247339E+000  0.31414195E+001  0.11739516E+003
  0.36636449E-001  0.37247304E+000  0.31414085E+001  0.11739504E+003
  0.36636527E-001  0.37247047E+000  0.31413999E+001  0.11739495E+003
  0.36636386E-001  0.37246606E+000  0.31413935E+001  0.11739486E+003
  0.36636054E-001  0.37246010E+000  0.31413889E+001  0.11739479E+003
  0.36635558E-001  0.37245284E+000  0.31413860E+001  0.11739472E+003
  0.36634923E-001  0.37244452E+000  0.31413845E+001  0.11739467E+003
  0.36634169E-001  0.37243530E+000  0.31413843E+001  0.11739462E+003
  0.36632859E-001  0.37242581E+000  0.31413852E+001  0.11739458E+003
  0.36631342E-001  0.37241585E+000  0.31413870E+001  0.11739454E+003
  0.36629759E-001  0.37240541E+000  0.31413897E+001  0.11739451E+003
  0.36628124E-001  0.37239457E+000  0.31413932E+001  0.11739448E+003
  0.36626453E-001  0.37238343E+000  0.31413973E+001  0.11739446E+003
  0.36624756E-001  0.37237204E+000  0.31414019E+001  0.11739443E+003
  0.36623044E-001  0.37236048E+000  0.31414071E+001  0.11739442E+003
  0.36621324E-001  0.37234879E+000  0.31414127E+001  0.11739440E+003
  0.36619603E-001  0.37233702E+000  0.31414187E+001  0.11739438E+003
  0.36617888E-001  0.37232522E+000  0.31414250E+001  0.11739437E+003
  0.36614904E-001  0.37231470E+000  0.31414317E+001  0.11739436E+003
  0.36611271E-001  0.37230488E+000  0.31414386E+001  0.11739435E+003
  0.36607717E-001  0.37229506E+000  0.31414457E+001  0.11739434E+003
  0.36604246E-001  0.37228528E+000  0.31414531E+001  0.11739433E+003
  0.36600862E-001  0.37227556E+000  0.31414606E+001  0.11739433E+003
  0.36597568E-001  0.37226591E+000  0.31414682E+001  0.11739432E+003
  0.36594367E-001  0.37225637E+000  0.31414761E+001  0.11739431E+003
  0.36591261E-001  0.37224694E+000  0.31414840E+001  0.11739431E+003
  0.36588251E-001  0.37223764E+000  0.31414920E+001  0.11739430E+003
  0.36585338E-001  0.37222850E+000  0.31415001E+001  0.11739430E+003
  0.36582524E-001  0.37221953E+000  0.31415082E+001  0.11739429E+003
  0.36579810E-001  0.37221073E+000  0.31415163E+001  0.11739429E+003
  0.36577196E-001  0.37220213E+000  0.31415245E+001  0.11739428E+003
  0.36574682E-001  0.37219373E+000  0.31415326E+001  0.11739428E+003
  0.36572271E-001  0.37218554E+000  0.31415407E+001  0.11739427E+003
  0.36569961E-001  0.37217759E+000  0.31415487E+001  0.11739427E+003
  0.36567754E-001  0.37216986E+000  0.31415566E+001  0.11739427E+003
  0.36565650E-001  0.37216238E+000  0.31415643E+001  0.11739427E+003
  0.36563649E-001  0.37215516E+000  0.31415720E+001  0.11739426E+003
  0.36561752E-001  0.37214818E+000  0.31415794E+001  0.11739426E+003
  0.36559959E-001  0.37214147E+000  0.31415867E+001  0.11739426E+003
  0.36558269E-001  0.37213503E+000  0.31415938E+001  0.11739426E+003
  0.36556682E-001  0.37212885E+000  0.31416006E+001  0.11739425E+003
  0.36555197E-001  0.37212295E+000  0.31416072E+001  0.11739425E+003
  0.36553814E-001  0.37211733E+000  0.31416136E+001  0.11739425E+003
  0.36552531E-001  0.37211198E+000  0.31416197E+001  0.11739425E+003
  0.36551347E-001  0.37210691E+000  0.31416256E+001  0.11739425E+003
  0.36550258E-001  0.37210212E+000  0.31416312E+001  0.11739425E+003
  0.36549263E-001  0.37209761E+000  0.31416365E+001  0.11739425E+003
  0.36548358E-001  0.37209337E+000  0.31416416E+001  0.11739425E+003
  0.36547540E-001  0.37208941E+000  0.31416463E+001  0.11739425E+003
  0.36546805E-001  0.37208572E+000  0.31416508E+001  0.11739425E+003
  0.36546149E-001  0.37208230E+000  0.31416550E+001  0.11739425E+003
  0.36545568E-001  0.37207914E+000  0.31416590E+001  0.11739425E+003
  0.36545058E-001  0.37207625E+000  0.31416626E+001  0.11739425E+003
  0.36544612E-001  0.37207361E+000  0.31416660E+001  0.11739425E+003
  0.36544227E-001  0.37207122E+000  0.31416692E+001  0.11739425E+003
  0.36543898E-001  0.37206907E+000  0.31416721E+001  0.11739425E+003
  0.36543619E-001  0.37206716E+000  0.31416747E+001  0.11739426E+003
  0.36543387E-001  0.37206547E+000  0.31416771E+001  0.11739426E+003
  0.36543197E-001  0.37206399E+000  0.31416794E+001  0.11739426E+003
  0.36543043E-001  0.37206272E+000  0.31416814E+001  0.11739426E+003
  0.36542922E-001  0.37206165E+000  0.31416832E+001  0.11739427E+003
  0.36542831E-001  0.37206077E+000  0.31416849E+001  0.11739427E+003
  0.36542764E-001  0.37206006E+000  0.31416865E+001  0.11739427E+003
  0.36542720E-001  0.37205951E+000  0.31416879E+001  0.11739428E+003
  0.36542694E-001  0.37205912E+000  0.31416893E+001  0.11739428E+003
  0.36542685E-001  0.37205887E+000  0.31416905E+001  0.11739429E+003
  0.36542689E-001  0.37205875E+000  0.31416917E+001  0.11739429E+003
  0.36542705E-001  0.37205875E+000  0.31416929E+001  0.11739430E+003
  0.36542730E-001  0.37205886E+000  0.31416940E+001  0.11739430E+003
  0.36542764E-001  0.37205908E+000  0.31416950E+001  0.11739431E+003
  0.36542804E-001  0.37205939E+000  0.31416961E+001  0.11739431E+003
  0.36542850E-001  0.37205979E+000  0.31416972E+001  0.11739432E+003
  0.36542901E-001  0.37206026E+000  0.31416983E+001  0.11739432E+003
  0.36542955E-001  0.37206080E+000  0.31416995E+001  0.11739433E+003
  0.36543013E-001  0.37206140E+000  0.31417006E+001  0.11739434E+003
  0.36543073E-001  0.37206206E+000  0.31417018E+001  0.11739434E+003
  0.36543135E-001  0.37206277E+000  0.31417031E+001  0.11739435E+003
  0.36543198E-001  0.37206352E+000  0.31417044E+001  0.11739436E+003
  0.36543262E-001  0.37206431E+000  0.31417058E+001  0.11739437E+003
  0.36543327E-001  0.37206513E+000  0.31417072E+001  0.11739437E+003
  0.36543392E-001  0.37206598E+000  0.31417088E+001  0.11739438E+003
  0.36543456E-001  0.37206685E+000  0.31417103E+001  0.11739439E+003
  0.36543521E-001  0.37206773E+000  0.31417120E+001  0.11739440E+003
  0.36543584E-001  0.37206863E+000  0.31417138E+001  0.11739441E+003
  0.36543647E-001  0.37206953E+000  0.31417156E+001  0.11739442E+003
  0.36543708E-001  0.37207044E+000  0.31417176E+001  0.11739443E+003
  0.36543767E-001  0.37207134E+000  0.31417197E+001  0.11739444E+003
  0.36543825E-001  0.37207223E+000  0.31417218E+001  0.11739445E+003
  0.36543880E-001  0.37207312E+000  0.31417241E+001  0.11739446E+003
  0.36543933E-001  0.37207398E+000  0.31417266E+001  0.11739447E+003
  0.36543984E-001  0.37207482E+000  0.31417291E+001  0.11739448E+003
  0.36544032E-001  0.37207564E+000  0.31417318E+001  0.11739449E+003
  0.36544077E-001  0.37207643E+000  0.31417346E+001  0.11739450E+003
  0.36544119E-001  0.37207718E+000  0.31417376E+001  0.11739451E+003
  0.36544159E-001  0.37207790E+000  0.31417407E+001  0.11739452E+003
  0.36544195E-001  0.37207858E+000  0.31417440E+001  0.11739454E+003
  0.36544228E-001  0.37207922E+000  0.31417474E+001  0.11739455E+003
  0.36544259E-001  0.37207982E+000  0.31417510E+001  0.11739456E+003
  0.36544286E-001  0.37208037E+000  0.31417547E+001  0.11739458E+003
  0.36544311E-001  0.37208087E+000  0.31417586E+001  0.11739459E+003
  0.36544332E-001  0.37208133E+000  0.31417626E+001  0.11739461E+003
  0.36544351E-001  0.37208175E+000  0.31417667E+001  0.11739462E+003
  0.36544367E-001  0.37208211E+000  0.31417710E+001  0.11739464E+003
  0.36544381E-001  0.37208244E+000  0.31417753E+001  0.11739465E+003
  0.36544392E-001  0.37208272E+000  0.31417798E+001  0.11739467E+003
  0.36544401E-001  0.37208295E+000  0.31417844E+001  0.11739469E+003
  0.36544408E-001  0.37208314E+000  0.31417891E+001  0.11739471E+003
  0.36544413E-001  0.37208330E+000  0.31417938E+001  0.11739473E+003
  0.36544416E-001  0.37208342E+000  0.31417986E+001  0.11739475E+003
  0.36544418E-001  0.37208350E+000  0.31418034E+001  0.11739477E+003
  0.36544418E-001  0.37208355E+000  0.31418082E+001  0.11739479E+003
  0.36544416E-001  0.37208357E+000  0.31418131E+001  0.11739481E+003
  0.36544413E-001  0.37208356E+000  0.31418179E+001  0.11739483E+003
  0.36544410E-001  0.37208353E+000  0.31418228E+001  0.11739486E+003
  0.36544405E-001  0.37208348E+000  0.31418276E+001  0.11739488E+003
  0.36544399E-001  0.37208340E+000  0.31418323E+001  0.11739491E+003
  0.36544393E-001  0.37208331E+000  0.31418370E+001  0.11739494E+003
  0.36544386E-001  0.37208321E+000  0.31418416E+001  0.11739496E+003
  0.36544379E-001  0.37208309E+000  0.31418461E+001  0.11739499E+003
  0.36544371E-001  0.37208296E+000  0.31418505E+001  0.11739502E+003
  0.36544363E-001  0.37208282E+000  0.31418548E+001  0.11739505E+003
  0.36544355E-001  0.37208268E+000  0.31418590E+001  0.11739508E+003
  0.36544346E-001  0.37208253E+000  0.31418630E+001  0.11739512E+003
  0.36544338E-001  0.37208238E+000  0.31418669E+001  0.11739515E+003
  0.36544330E-001  0.37208222E+000  0.31418706E+001  0.11739518E+003
  0.36544321E-001  0.37208207E+000  0.31418742E+001  0.11739522E+003
  0.36544313E-001  0.37208192E+000  0.31418777E+001  0.11739526E+003
  0.36544305E-001  0.37208176E+000  0.31418810E+001  0.11739530E+003
  0.36544297E-001  0.37208161E+000  0.31418841E+001  0.11739533E+003
  0.36544289E-001  0.37208146E+000  0.31418871E+001  0.11739537E+003
  0.36544281E-001  0.37208132E+000  0.31418899E+001  0.11739541E+003
  0.36544274E-001  0.37208118E+000  0.31418926E+001  0.11739546E+003
  0.36544267E-001  0.37208104E+000  0.31418951E+001  0.11739550E+003
  0.36544260E-001  0.37208091E+000  0.31418975E+001  0.11739554E+003
  0.36544254E-001  0.37208079E+000  0.31418997E+001  0.11739558E+003
  0.36544247E-001  0.37208067E+000  0.31419018E+001  0.11739563E+003
  0.36544241E-001  0.37208055E+000  0.31419037E+001  0.11739568E+003
  0.36544236E-001  0.37208044E+000  0.31419055E+001  0.11739572E+003
  0.36544230E-001  0.37208034E+000  0.31419072E+001  0.11739577E+003
  0.36544225E-001  0.37208024E+000  0.31419088E+001  0.11739582E+003
  0.36544220E-001  0.37208015E+000  0.31419102E+001  0.11739586E+003
  0.36544216E-001  0.37208006E+000  0.31419115E+001  0.11739591E+003
  0.36544211E-001  0.37207998E+000  0.31419127E+001  0.11739596E+003
  0.36544207E-001  0.37207990E+000  0.31419139E+001  0.11739601E+003
  0.36544203E-001  0.37207982E+000  0.31419149E+001  0.11739606E+003
  0.36544200E-001  0.37207975E+000  0.31419158E+001  0.11739611E+003
  0.36544196E-001  0.37207969E+000  0.31419167E+001  0.11739617E+003
  0.36544193E-001  0.37207963E+000  0.31419175E+001  0.11739622E+003
  0.36544190E-001  0.37207957E+000  0.31419182E+001  0.11739627E+003
  0.36544187E-001  0.37207952E+000  0.31419189E+001  0.11739632E+003
  0.36544185E-001  0.37207947E+000  0.31419195E+001  0.11739637E+003
  0.36544182E-001  0.37207943E+000  0.31419200E+001  0.11739643E+003
  0.36544180E-001  0.37207938E+000  0.31419205E+001  0.11739648E+003
  0.36544178E-001  0.37207935E+000  0.31419209E+001  0.11739653E+003
  0.36544176E-001  0.37207931E+000  0.31419213E+001  0.11739658E+003
  0.36544174E-001  0.37207928E+000  0.31419216E+001  0.11739664E+003
  0.36544173E-001  0.37207924E+000  0.31419220E+001  0.11739669E+003
  0.36544171E-001  0.37207922E+000  0.31419222E+001  0.11739674E+003
  0.36544170E-001  0.37207919E+000  0.31419225E+001  0.11739679E+003
  0.36544168E-001  0.37207916E+000  0.31419227E+001  0.11739685E+003
  0.36544167E-001  0.37207914E+000  0.31419229E+001  0.11739690E+003
  0.36544166E-001  0.37207912E+000  0.31419231E+001  0.11739695E+003
  0.36544165E-001  0.37207910E+000  0.31419232E+001  0.11739700E+003
  0.36544164E-001  0.37207908E+000  0.31419234E+001  0.11739705E+003
  0.36544163E-001  0.37207907E+000  0.31419235E+001  0.11739710E+003
  0.36544162E-001  0.37207905E+000  0.31419236E+001  0.11739715E+003
  0.36544162E-001  0.37207904E+000  0.31419237E+001  0.11739720E+003
  0.36544161E-001  0.37207903E+000  0.31419238E+001  0.11739725E+003
  0.36544160E-001  0.37207902E+000  0.31419239E+001  0.11739730E+003
  0.36544160E-001  0.37207900E+000  0.31419239E+001  0.11739735E+003
  0.36544159E-001  0.37207899E+000  0.31419240E+001  0.11739740E+003
  0.36544159E-001  0.37207899E+000  0.31419240E+001  0.11739745E+003
  0.36544158E-001  0.37207898E+000  0.31419241E+001  0.11739749E+003
  0.36544158E-001  0.37207897E+000  0.31419241E+001  0.11739754E+003
  0.36544157E-001  0.37207896E+000  0.31419241E+001  0.11739758E+003
  0.36544157E-001  0.37207896E+000  0.31419241E+001  0.11739763E+003
  0.36544157E-001  0.37207895E+000  0.31419242E+001  0.11739767E+003
  0.36544156E-001  0.37207895E+000  0.31419242E+001  0.11739772E+003
  0.36544156E-001  0.37207894E+000  0.31419242E+001  0.11739776E+003
  0.36544156E-001  0.37207894E+000  0.31419242E+001  0.11739780E+003
  0.36544155E-001  0.37207893E+000  0.31419242E+001  0.11739784E+003
  0.36544155E-001  0.37207893E+000  0.31419242E+001  0.11739788E+003
  0.36544155E-001  0.37207892E+000  0.31419242E+001  0.11739792E+003
  0.36544155E-001  0.37207892E+000  0.31419242E+001  0.11739796E+003
  0.36544155E-001  0.37207892E+000  0.31419242E+001  0.11739800E+003
  0.36544154E-001  0.37207891E+000  0.31419242E+001  0.11739804E+003
  0.36544154E-001  0.37207891E+000  0.31419242E+001  0.11739807E+003
  0.36544154E-001  0.37207891E+000  0.31419242E+001  0.11739811E+003
