  0.10653450E+000
  0.10655345E+000
  0.10654867E+000
  0.10653825E+000
  0.10652683E+000
  0.10651588E+000
  0.10650591E+000
  0.10649703E+000
  0.10648924E+000
  0.10648244E+000
  0.10647653E+000
  0.10647142E+000
  0.10646699E+000
  0.10646316E+000
  0.10645986E+000
  0.10645701E+000
  0.10645455E+000
  0.10645243E+000
  0.10645060E+000
  0.10644902E+000
  0.10644766E+000
  0.10644649E+000
  0.10644548E+000
  0.10644462E+000
  0.10644388E+000
  0.10644324E+000
  0.10644270E+000
  0.10644223E+000
  0.10644183E+000
  0.10644149E+000
  0.10644120E+000
  0.10644095E+000
  0.10644075E+000
  0.10644057E+000
  0.10644042E+000
  0.10644029E+000
  0.10644018E+000
  0.10644009E+000
  0.10644002E+000
  0.10643995E+000
  0.10643990E+000
  0.10643986E+000
  0.10643982E+000
  0.10643979E+000
  0.10643976E+000
  0.10643974E+000
  0.10643972E+000
  0.10643971E+000
  0.10643970E+000
  0.10643969E+000
  0.10643968E+000
  0.10643967E+000
  0.10643967E+000
  0.10643967E+000
  0.10643966E+000
  0.10643966E+000
  0.10643966E+000
  0.10643966E+000
  0.10643966E+000
  0.10643966E+000
  0.10643966E+000
  0.10643966E+000
  0.10643966E+000
  0.10643966E+000
  0.10643966E+000
  0.10643966E+000
  0.10643966E+000
  0.10643966E+000
  0.10643966E+000
  0.10643966E+000
  0.10643966E+000
  0.10643966E+000
  0.10643966E+000
  0.10643966E+000
  0.10643966E+000
  0.10643966E+000
  0.10643966E+000
  0.10643966E+000
  0.10643966E+000
  0.10643966E+000
  0.10643966E+000
  0.10643966E+000
  0.10643966E+000
  0.10643966E+000
  0.10643966E+000
  0.10643966E+000
  0.10643967E+000
  0.10643967E+000
  0.10643967E+000
  0.10643968E+000
  0.10643968E+000
  0.10643969E+000
  0.10643969E+000
  0.10643970E+000
  0.10643970E+000
  0.10643971E+000
  0.10643971E+000
  0.10643972E+000
  0.10643973E+000
  0.10643973E+000
  0.10643974E+000
  0.10643975E+000
  0.10643975E+000
  0.10643976E+000
  0.10643977E+000
  0.10643978E+000
  0.10643978E+000
  0.10643979E+000
  0.10643980E+000
  0.10643981E+000
  0.10643982E+000
  0.10643983E+000
  0.10643984E+000
  0.10643985E+000
  0.10643986E+000
  0.10643987E+000
  0.10643988E+000
  0.10643989E+000
  0.10643990E+000
  0.10643991E+000
  0.10643993E+000
  0.10643994E+000
  0.10643995E+000
  0.10643997E+000
  0.10643998E+000
  0.10644000E+000
  0.10644001E+000
  0.10644003E+000
  0.10644005E+000
  0.10644007E+000
  0.10644009E+000
  0.10644011E+000
  0.10644013E+000
  0.10644015E+000
  0.10644017E+000
  0.10644019E+000
  0.10644022E+000
  0.10644024E+000
  0.10644027E+000
  0.10644029E+000
  0.10644032E+000
  0.10644035E+000
  0.10644038E+000
  0.10644041E+000
  0.10644044E+000
  0.10644047E+000
  0.10644050E+000
  0.10644054E+000
  0.10644057E+000
  0.10644061E+000
  0.10644064E+000
  0.10644068E+000
  0.10644072E+000
  0.10644076E+000
  0.10644080E+000
  0.10644084E+000
  0.10644088E+000
  0.10644092E+000
  0.10644096E+000
  0.10644100E+000
  0.10644105E+000
  0.10644109E+000
  0.10644113E+000
  0.10644118E+000
  0.10644122E+000
  0.10644127E+000
  0.10644132E+000
  0.10644136E+000
  0.10644141E+000
  0.10644146E+000
  0.10644150E+000
  0.10644155E+000
  0.10644160E+000
  0.10644164E+000
  0.10644169E+000
  0.10644174E+000
  0.10644179E+000
  0.10644183E+000
  0.10644188E+000
  0.10644193E+000
  0.10644197E+000
  0.10644202E+000
  0.10644207E+000
  0.10644211E+000
  0.10644216E+000
  0.10644220E+000
  0.10644225E+000
  0.10644229E+000
  0.10644234E+000
  0.10644238E+000
  0.10644242E+000
  0.10644246E+000
  0.10644251E+000
  0.10644255E+000
  0.10644259E+000
  0.10644263E+000
  0.10644267E+000
  0.10644271E+000
  0.10644275E+000
  0.10644278E+000
