 -0.15576191E+000  0.23181266E+000  0.22812896E+001  0.39934029E+001
 -0.15607850E+000  0.23130021E+000  0.22806769E+001  0.39930355E+001
 -0.15632889E+000  0.23088477E+000  0.22801779E+001  0.39927754E+001
 -0.15651638E+000  0.23054109E+000  0.22797706E+001  0.39925793E+001
 -0.15665958E+000  0.23026456E+000  0.22794400E+001  0.39924278E+001
 -0.15676854E+000  0.23004600E+000  0.22791739E+001  0.39923096E+001
 -0.15684989E+000  0.22987619E+000  0.22789620E+001  0.39922174E+001
 -0.15690970E+000  0.22974822E+000  0.22787958E+001  0.39921462E+001
 -0.15695177E+000  0.22965512E+000  0.22786678E+001  0.39920921E+001
 -0.15697907E+000  0.22959104E+000  0.22785717E+001  0.39920520E+001
 -0.15699359E+000  0.22955108E+000  0.22785025E+001  0.39920235E+001
 -0.15699798E+000  0.22953112E+000  0.22784557E+001  0.39920047E+001
 -0.15699431E+000  0.22952773E+000  0.22784278E+001  0.39919939E+001
 -0.15698417E+000  0.22953804E+000  0.22784156E+001  0.39919900E+001
 -0.15696885E+000  0.22955963E+000  0.22784167E+001  0.39919919E+001
 -0.15694939E+000  0.22959050E+000  0.22784288E+001  0.39919985E+001
 -0.15692663E+000  0.22962897E+000  0.22784501E+001  0.39920092E+001
 -0.15690125E+000  0.22967363E+000  0.22784793E+001  0.39920233E+001
 -0.15687383E+000  0.22972330E+000  0.22785149E+001  0.39920403E+001
 -0.15684482E+000  0.22977699E+000  0.22785560E+001  0.39920598E+001
 -0.15681401E+000  0.22983322E+000  0.22786017E+001  0.39920814E+001
 -0.15678216E+000  0.22989176E+000  0.22786513E+001  0.39921047E+001
 -0.15674972E+000  0.22995218E+000  0.22787040E+001  0.39921295E+001
 -0.15671692E+000  0.23001397E+000  0.22787595E+001  0.39921556E+001
 -0.15668395E+000  0.23007672E+000  0.22788171E+001  0.39921828E+001
 -0.15665097E+000  0.23014004E+000  0.22788766E+001  0.39922110E+001
 -0.15661813E+000  0.23020364E+000  0.22789376E+001  0.39922399E+001
 -0.15658553E+000  0.23026724E+000  0.22789998E+001  0.39922694E+001
 -0.15655328E+000  0.23033061E+000  0.22790630E+001  0.39922996E+001
 -0.15652146E+000  0.23039354E+000  0.22791269E+001  0.39923303E+001
 -0.15648883E+000  0.23045455E+000  0.22791913E+001  0.39923614E+001
 -0.15645608E+000  0.23051410E+000  0.22792560E+001  0.39923928E+001
 -0.15642399E+000  0.23057281E+000  0.22793210E+001  0.39924246E+001
 -0.15639260E+000  0.23063054E+000  0.22793859E+001  0.39924567E+001
 -0.15636196E+000  0.23068719E+000  0.22794507E+001  0.39924890E+001
 -0.15633208E+000  0.23074266E+000  0.22795153E+001  0.39925216E+001
 -0.15630300E+000  0.23079688E+000  0.22795794E+001  0.39925543E+001
 -0.15627472E+000  0.23084975E+000  0.22796431E+001  0.39925871E+001
 -0.15624727E+000  0.23090123E+000  0.22797061E+001  0.39926201E+001
 -0.15622064E+000  0.23095124E+000  0.22797684E+001  0.39926532E+001
 -0.15619486E+000  0.23099973E+000  0.22798299E+001  0.39926864E+001
 -0.15616991E+000  0.23104666E+000  0.22798905E+001  0.39927195E+001
 -0.15614582E+000  0.23109199E+000  0.22799500E+001  0.39927527E+001
 -0.15612258E+000  0.23113568E+000  0.22800084E+001  0.39927859E+001
 -0.15610019E+000  0.23117772E+000  0.22800657E+001  0.39928189E+001
 -0.15607865E+000  0.23121807E+000  0.22801218E+001  0.39928518E+001
 -0.15605796E+000  0.23125672E+000  0.22801765E+001  0.39928846E+001
 -0.15603812E+000  0.23129366E+000  0.22802298E+001  0.39929171E+001
 -0.15601913E+000  0.23132889E+000  0.22802817E+001  0.39929494E+001
 -0.15600099E+000  0.23136241E+000  0.22803322E+001  0.39929813E+001
 -0.15598370E+000  0.23139421E+000  0.22803811E+001  0.39930129E+001
 -0.15596725E+000  0.23142432E+000  0.22804284E+001  0.39930440E+001
 -0.15595163E+000  0.23145275E+000  0.22804742E+001  0.39930747E+001
 -0.15593685E+000  0.23147953E+000  0.22805183E+001  0.39931049E+001
 -0.15592288E+000  0.23150467E+000  0.22805607E+001  0.39931344E+001
 -0.15590972E+000  0.23152822E+000  0.22806014E+001  0.39931634E+001
 -0.15589736E+000  0.23155021E+000  0.22806405E+001  0.39931917E+001
 -0.15588578E+000  0.23157069E+000  0.22806778E+001  0.39932193E+001
 -0.15587497E+000  0.23158969E+000  0.22807134E+001  0.39932461E+001
 -0.15586489E+000  0.23160728E+000  0.22807474E+001  0.39932721E+001
 -0.15585553E+000  0.23162349E+000  0.22807796E+001  0.39932974E+001
 -0.15584687E+000  0.23163840E+000  0.22808102E+001  0.39933217E+001
 -0.15583887E+000  0.23165205E+000  0.22808391E+001  0.39933451E+001
 -0.15583152E+000  0.23166451E+000  0.22808664E+001  0.39933676E+001
 -0.15582477E+000  0.23167585E+000  0.22808922E+001  0.39933892E+001
 -0.15581859E+000  0.23168612E+000  0.22809164E+001  0.39934098E+001
 -0.15581296E+000  0.23169538E+000  0.22809391E+001  0.39934293E+001
 -0.15580784E+000  0.23170372E+000  0.22809604E+001  0.39934479E+001
 -0.15580320E+000  0.23171118E+000  0.22809803E+001  0.39934654E+001
 -0.15579901E+000  0.23171784E+000  0.22809989E+001  0.39934819E+001
 -0.15579522E+000  0.23172376E+000  0.22810162E+001  0.39934973E+001
 -0.15579182E+000  0.23172899E+000  0.22810323E+001  0.39935116E+001
 -0.15578876E+000  0.23173361E+000  0.22810473E+001  0.39935250E+001
 -0.15578603E+000  0.23173766E+000  0.22810611E+001  0.39935372E+001
 -0.15578358E+000  0.23174120E+000  0.22810739E+001  0.39935485E+001
 -0.15578140E+000  0.23174428E+000  0.22810858E+001  0.39935587E+001
 -0.15577946E+000  0.23174695E+000  0.22810967E+001  0.39935680E+001
 -0.15577774E+000  0.23174926E+000  0.22811067E+001  0.39935762E+001
 -0.15577621E+000  0.23175125E+000  0.22811159E+001  0.39935836E+001
 -0.15577485E+000  0.23175295E+000  0.22811244E+001  0.39935900E+001
 -0.15577365E+000  0.23175441E+000  0.22811322E+001  0.39935955E+001
 -0.15577259E+000  0.23175566E+000  0.22811393E+001  0.39936002E+001
 -0.15577165E+000  0.23175672E+000  0.22811458E+001  0.39936041E+001
 -0.15577083E+000  0.23175763E+000  0.22811518E+001  0.39936073E+001
 -0.15577010E+000  0.23175840E+000  0.22811572E+001  0.39936098E+001
 -0.15576946E+000  0.23175907E+000  0.22811622E+001  0.39936115E+001
 -0.15576889E+000  0.23175964E+000  0.22811668E+001  0.39936127E+001
 -0.15576840E+000  0.23176014E+000  0.22811709E+001  0.39936134E+001
 -0.15576796E+000  0.23176059E+000  0.22811748E+001  0.39936135E+001
 -0.15576758E+000  0.23176099E+000  0.22811782E+001  0.39936131E+001
 -0.15576725E+000  0.23176136E+000  0.22811814E+001  0.39936124E+001
 -0.15576695E+000  0.23176171E+000  0.22811844E+001  0.39936112E+001
 -0.15576669E+000  0.23176206E+000  0.22811871E+001  0.39936098E+001
 -0.15576645E+000  0.23176240E+000  0.22811896E+001  0.39936080E+001
 -0.15576625E+000  0.23176276E+000  0.22811919E+001  0.39936061E+001
 -0.15576606E+000  0.23176313E+000  0.22811940E+001  0.39936039E+001
 -0.15576590E+000  0.23176353E+000  0.22811959E+001  0.39936016E+001
 -0.15576575E+000  0.23176395E+000  0.22811977E+001  0.39935991E+001
 -0.15576561E+000  0.23176441E+000  0.22811994E+001  0.39935965E+001
 -0.15576548E+000  0.23176490E+000  0.22812009E+001  0.39935938E+001
 -0.15576536E+000  0.23176544E+000  0.22812023E+001  0.39935911E+001
 -0.15576525E+000  0.23176602E+000  0.22812036E+001  0.39935883E+001
 -0.15576514E+000  0.23176665E+000  0.22812049E+001  0.39935855E+001
 -0.15576504E+000  0.23176732E+000  0.22812060E+001  0.39935826E+001
 -0.15576494E+000  0.23176804E+000  0.22812070E+001  0.39935798E+001
 -0.15576485E+000  0.23176881E+000  0.22812079E+001  0.39935770E+001
 -0.15576475E+000  0.23176963E+000  0.22812088E+001  0.39935741E+001
 -0.15576466E+000  0.23177050E+000  0.22812096E+001  0.39935713E+001
 -0.15576457E+000  0.23177141E+000  0.22812103E+001  0.39935686E+001
 -0.15576448E+000  0.23177236E+000  0.22812110E+001  0.39935658E+001
 -0.15576439E+000  0.23177335E+000  0.22812116E+001  0.39935631E+001
 -0.15576430E+000  0.23177439E+000  0.22812122E+001  0.39935603E+001
 -0.15576422E+000  0.23177545E+000  0.22812128E+001  0.39935577E+001
 -0.15576413E+000  0.23177655E+000  0.22812133E+001  0.39935550E+001
 -0.15576405E+000  0.23177767E+000  0.22812138E+001  0.39935523E+001
 -0.15576396E+000  0.23177881E+000  0.22812143E+001  0.39935496E+001
 -0.15576388E+000  0.23177997E+000  0.22812148E+001  0.39935470E+001
 -0.15576380E+000  0.23178115E+000  0.22812152E+001  0.39935443E+001
 -0.15576372E+000  0.23178233E+000  0.22812157E+001  0.39935417E+001
 -0.15576364E+000  0.23178352E+000  0.22812163E+001  0.39935390E+001
 -0.15576356E+000  0.23178471E+000  0.22812168E+001  0.39935364E+001
 -0.15576348E+000  0.23178589E+000  0.22812174E+001  0.39935337E+001
 -0.15576341E+000  0.23178706E+000  0.22812180E+001  0.39935310E+001
 -0.15576334E+000  0.23178823E+000  0.22812187E+001  0.39935283E+001
 -0.15576326E+000  0.23178938E+000  0.22812194E+001  0.39935255E+001
 -0.15576320E+000  0.23179050E+000  0.22812202E+001  0.39935228E+001
 -0.15576313E+000  0.23179161E+000  0.22812211E+001  0.39935200E+001
 -0.15576306E+000  0.23179269E+000  0.22812220E+001  0.39935172E+001
 -0.15576300E+000  0.23179375E+000  0.22812230E+001  0.39935143E+001
 -0.15576294E+000  0.23179477E+000  0.22812240E+001  0.39935115E+001
 -0.15576288E+000  0.23179576E+000  0.22812251E+001  0.39935086E+001
 -0.15576283E+000  0.23179672E+000  0.22812263E+001  0.39935057E+001
 -0.15576278E+000  0.23179765E+000  0.22812275E+001  0.39935027E+001
 -0.15576272E+000  0.23179854E+000  0.22812288E+001  0.39934998E+001
 -0.15576268E+000  0.23179939E+000  0.22812302E+001  0.39934968E+001
 -0.15576263E+000  0.23180021E+000  0.22812316E+001  0.39934939E+001
 -0.15576259E+000  0.23180100E+000  0.22812331E+001  0.39934909E+001
 -0.15576254E+000  0.23180174E+000  0.22812346E+001  0.39934879E+001
 -0.15576250E+000  0.23180245E+000  0.22812361E+001  0.39934850E+001
 -0.15576246E+000  0.23180313E+000  0.22812377E+001  0.39934820E+001
 -0.15576243E+000  0.23180377E+000  0.22812393E+001  0.39934791E+001
 -0.15576239E+000  0.23180437E+000  0.22812410E+001  0.39934762E+001
 -0.15576236E+000  0.23180495E+000  0.22812426E+001  0.39934733E+001
 -0.15576233E+000  0.23180549E+000  0.22812443E+001  0.39934705E+001
 -0.15576230E+000  0.23180599E+000  0.22812460E+001  0.39934676E+001
 -0.15576228E+000  0.23180647E+000  0.22812477E+001  0.39934649E+001
 -0.15576225E+000  0.23180692E+000  0.22812493E+001  0.39934621E+001
 -0.15576223E+000  0.23180734E+000  0.22812510E+001  0.39934595E+001
 -0.15576221E+000  0.23180774E+000  0.22812526E+001  0.39934568E+001
 -0.15576218E+000  0.23180810E+000  0.22812543E+001  0.39934543E+001
 -0.15576216E+000  0.23180845E+000  0.22812559E+001  0.39934518E+001
 -0.15576215E+000  0.23180877E+000  0.22812574E+001  0.39934493E+001
 -0.15576213E+000  0.23180907E+000  0.22812590E+001  0.39934469E+001
 -0.15576211E+000  0.23180935E+000  0.22812605E+001  0.39934446E+001
 -0.15576210E+000  0.23180961E+000  0.22812620E+001  0.39934424E+001
 -0.15576208E+000  0.23180985E+000  0.22812634E+001  0.39934403E+001
 -0.15576207E+000  0.23181007E+000  0.22812648E+001  0.39934382E+001
 -0.15576206E+000  0.23181028E+000  0.22812661E+001  0.39934362E+001
 -0.15576205E+000  0.23181047E+000  0.22812674E+001  0.39934342E+001
 -0.15576204E+000  0.23181065E+000  0.22812687E+001  0.39934324E+001
 -0.15576203E+000  0.23181081E+000  0.22812699E+001  0.39934306E+001
 -0.15576202E+000  0.23181096E+000  0.22812710E+001  0.39934289E+001
 -0.15576201E+000  0.23181110E+000  0.22812721E+001  0.39934272E+001
 -0.15576200E+000  0.23181123E+000  0.22812732E+001  0.39934257E+001
 -0.15576200E+000  0.23181135E+000  0.22812742E+001  0.39934242E+001
 -0.15576199E+000  0.23181146E+000  0.22812752E+001  0.39934228E+001
 -0.15576198E+000  0.23181156E+000  0.22812761E+001  0.39934214E+001
 -0.15576198E+000  0.23181165E+000  0.22812770E+001  0.39934202E+001
 -0.15576197E+000  0.23181174E+000  0.22812778E+001  0.39934189E+001
 -0.15576197E+000  0.23181182E+000  0.22812786E+001  0.39934178E+001
 -0.15576196E+000  0.23181189E+000  0.22812793E+001  0.39934167E+001
 -0.15576196E+000  0.23181196E+000  0.22812800E+001  0.39934157E+001
 -0.15576195E+000  0.23181202E+000  0.22812807E+001  0.39934147E+001
 -0.15576195E+000  0.23181208E+000  0.22812813E+001  0.39934138E+001
 -0.15576195E+000  0.23181213E+000  0.22812819E+001  0.39934129E+001
 -0.15576194E+000  0.23181217E+000  0.22812824E+001  0.39934121E+001
 -0.15576194E+000  0.23181222E+000  0.22812829E+001  0.39934114E+001
 -0.15576194E+000  0.23181226E+000  0.22812834E+001  0.39934107E+001
 -0.15576194E+000  0.23181229E+000  0.22812839E+001  0.39934100E+001
 -0.15576193E+000  0.23181233E+000  0.22812843E+001  0.39934094E+001
 -0.15576193E+000  0.23181236E+000  0.22812847E+001  0.39934088E+001
 -0.15576193E+000  0.23181238E+000  0.22812851E+001  0.39934083E+001
 -0.15576193E+000  0.23181241E+000  0.22812854E+001  0.39934078E+001
 -0.15576193E+000  0.23181243E+000  0.22812857E+001  0.39934073E+001
 -0.15576193E+000  0.23181245E+000  0.22812860E+001  0.39934068E+001
 -0.15576192E+000  0.23181247E+000  0.22812863E+001  0.39934064E+001
 -0.15576192E+000  0.23181249E+000  0.22812866E+001  0.39934061E+001
 -0.15576192E+000  0.23181251E+000  0.22812868E+001  0.39934057E+001
 -0.15576192E+000  0.23181252E+000  0.22812870E+001  0.39934054E+001
 -0.15576192E+000  0.23181253E+000  0.22812872E+001  0.39934051E+001
 -0.15576192E+000  0.23181255E+000  0.22812874E+001  0.39934048E+001
 -0.15576192E+000  0.23181256E+000  0.22812876E+001  0.39934046E+001
 -0.15576192E+000  0.23181257E+000  0.22812878E+001  0.39934043E+001
 -0.15576192E+000  0.23181258E+000  0.22812879E+001  0.39934041E+001
 -0.15576192E+000  0.23181258E+000  0.22812880E+001  0.39934039E+001
 -0.15576192E+000  0.23181259E+000  0.22812882E+001  0.39934037E+001
 -0.15576192E+000  0.23181260E+000  0.22812883E+001  0.39934036E+001
 -0.15576191E+000  0.23181261E+000  0.22812884E+001  0.39934034E+001
 -0.15576191E+000  0.23181262E+000  0.22812885E+001  0.39934033E+001
 -0.15576191E+000  0.23181262E+000  0.22812886E+001  0.39934031E+001
