 -0.50351565E-001
 -0.50447414E-001
 -0.50523592E-001
 -0.50583540E-001
 -0.50630118E-001
 -0.50665717E-001
 -0.50692319E-001
 -0.50711548E-001
 -0.50724729E-001
 -0.50732916E-001
 -0.50736850E-001
 -0.50737421E-001
 -0.50735322E-001
 -0.50731101E-001
 -0.50725197E-001
 -0.50717962E-001
 -0.50709684E-001
 -0.50700596E-001
 -0.50690888E-001
 -0.50680717E-001
 -0.50670213E-001
 -0.50659483E-001
 -0.50648614E-001
 -0.50637682E-001
 -0.50626747E-001
 -0.50615861E-001
 -0.50605065E-001
 -0.50594395E-001
 -0.50583881E-001
 -0.50573548E-001
 -0.50563416E-001
 -0.50553501E-001
 -0.50543818E-001
 -0.50534376E-001
 -0.50525185E-001
 -0.50516251E-001
 -0.50507578E-001
 -0.50499170E-001
 -0.50491027E-001
 -0.50483151E-001
 -0.50475542E-001
 -0.50468198E-001
 -0.50461119E-001
 -0.50454301E-001
 -0.50447745E-001
 -0.50441447E-001
 -0.50435406E-001
 -0.50429619E-001
 -0.50424086E-001
 -0.50418802E-001
 -0.50413768E-001
 -0.50408980E-001
 -0.50404436E-001
 -0.50400133E-001
 -0.50396070E-001
 -0.50392241E-001
 -0.50388644E-001
 -0.50385273E-001
 -0.50382124E-001
 -0.50379192E-001
 -0.50376469E-001
 -0.50373949E-001
 -0.50371624E-001
 -0.50369486E-001
 -0.50367528E-001
 -0.50365739E-001
 -0.50364112E-001
 -0.50362636E-001
 -0.50361303E-001
 -0.50360102E-001
 -0.50359025E-001
 -0.50358062E-001
 -0.50357204E-001
 -0.50356443E-001
 -0.50355769E-001
 -0.50355176E-001
 -0.50354655E-001
 -0.50354200E-001
 -0.50353803E-001
 -0.50353460E-001
 -0.50353163E-001
 -0.50352908E-001
 -0.50352691E-001
 -0.50352506E-001
 -0.50352351E-001
 -0.50352221E-001
 -0.50352113E-001
 -0.50352024E-001
 -0.50351952E-001
 -0.50351894E-001
 -0.50351849E-001
 -0.50351814E-001
 -0.50351788E-001
 -0.50351770E-001
 -0.50351757E-001
 -0.50351749E-001
 -0.50351746E-001
 -0.50351745E-001
 -0.50351747E-001
 -0.50351751E-001
 -0.50351756E-001
 -0.50351762E-001
 -0.50351768E-001
 -0.50351775E-001
 -0.50351782E-001
 -0.50351788E-001
 -0.50351794E-001
 -0.50351800E-001
 -0.50351806E-001
 -0.50351810E-001
 -0.50351815E-001
 -0.50351818E-001
 -0.50351821E-001
 -0.50351824E-001
 -0.50351825E-001
 -0.50351826E-001
 -0.50351827E-001
 -0.50351827E-001
 -0.50351827E-001
 -0.50351826E-001
 -0.50351824E-001
 -0.50351822E-001
 -0.50351820E-001
 -0.50351817E-001
 -0.50351814E-001
 -0.50351811E-001
 -0.50351807E-001
 -0.50351803E-001
 -0.50351798E-001
 -0.50351794E-001
 -0.50351789E-001
 -0.50351784E-001
 -0.50351779E-001
 -0.50351773E-001
 -0.50351768E-001
 -0.50351762E-001
 -0.50351757E-001
 -0.50351751E-001
 -0.50351745E-001
 -0.50351739E-001
 -0.50351733E-001
 -0.50351727E-001
 -0.50351722E-001
 -0.50351716E-001
 -0.50351710E-001
 -0.50351704E-001
 -0.50351699E-001
 -0.50351693E-001
 -0.50351688E-001
 -0.50351682E-001
 -0.50351677E-001
 -0.50351672E-001
 -0.50351667E-001
 -0.50351662E-001
 -0.50351657E-001
 -0.50351653E-001
 -0.50351648E-001
 -0.50351644E-001
 -0.50351640E-001
 -0.50351636E-001
 -0.50351632E-001
 -0.50351628E-001
 -0.50351625E-001
 -0.50351621E-001
 -0.50351618E-001
 -0.50351615E-001
 -0.50351612E-001
 -0.50351609E-001
 -0.50351606E-001
 -0.50351604E-001
 -0.50351601E-001
 -0.50351599E-001
 -0.50351597E-001
 -0.50351595E-001
 -0.50351593E-001
 -0.50351591E-001
 -0.50351589E-001
 -0.50351588E-001
 -0.50351586E-001
 -0.50351584E-001
 -0.50351583E-001
 -0.50351582E-001
 -0.50351581E-001
 -0.50351579E-001
 -0.50351578E-001
 -0.50351577E-001
 -0.50351576E-001
 -0.50351576E-001
 -0.50351575E-001
 -0.50351574E-001
 -0.50351573E-001
 -0.50351573E-001
 -0.50351572E-001
 -0.50351571E-001
 -0.50351571E-001
 -0.50351570E-001
 -0.50351570E-001
 -0.50351569E-001
 -0.50351567E-001
 -0.50351568E-001
