  0.16380372E+001
  0.16376808E+001
  0.16374008E+001
  0.16371771E+001
  0.16369982E+001
  0.16368558E+001
  0.16367436E+001
  0.16366566E+001
  0.16365904E+001
  0.16365417E+001
  0.16365076E+001
  0.16364857E+001
  0.16364740E+001
  0.16364709E+001
  0.16364749E+001
  0.16364849E+001
  0.16365000E+001
  0.16365192E+001
  0.16365419E+001
  0.16365676E+001
  0.16365957E+001
  0.16366258E+001
  0.16366575E+001
  0.16366906E+001
  0.16367248E+001
  0.16367599E+001
  0.16367957E+001
  0.16368320E+001
  0.16368687E+001
  0.16369057E+001
  0.16369429E+001
  0.16369801E+001
  0.16370173E+001
  0.16370544E+001
  0.16370913E+001
  0.16371280E+001
  0.16371644E+001
  0.16372004E+001
  0.16372360E+001
  0.16372711E+001
  0.16373057E+001
  0.16373398E+001
  0.16373732E+001
  0.16374060E+001
  0.16374382E+001
  0.16374696E+001
  0.16375002E+001
  0.16375301E+001
  0.16375592E+001
  0.16375874E+001
  0.16376148E+001
  0.16376412E+001
  0.16376668E+001
  0.16376915E+001
  0.16377152E+001
  0.16377379E+001
  0.16377598E+001
  0.16377806E+001
  0.16378006E+001
  0.16378195E+001
  0.16378376E+001
  0.16378547E+001
  0.16378709E+001
  0.16378861E+001
  0.16379005E+001
  0.16379140E+001
  0.16379267E+001
  0.16379386E+001
  0.16379496E+001
  0.16379599E+001
  0.16379694E+001
  0.16379782E+001
  0.16379864E+001
  0.16379938E+001
  0.16380007E+001
  0.16380069E+001
  0.16380126E+001
  0.16380177E+001
  0.16380223E+001
  0.16380265E+001
  0.16380302E+001
  0.16380334E+001
  0.16380363E+001
  0.16380389E+001
  0.16380411E+001
  0.16380429E+001
  0.16380446E+001
  0.16380459E+001
  0.16380470E+001
  0.16380480E+001
  0.16380487E+001
  0.16380493E+001
  0.16380497E+001
  0.16380500E+001
  0.16380502E+001
  0.16380504E+001
  0.16380504E+001
  0.16380504E+001
  0.16380503E+001
  0.16380502E+001
  0.16380500E+001
  0.16380498E+001
  0.16380496E+001
  0.16380494E+001
  0.16380491E+001
  0.16380489E+001
  0.16380486E+001
  0.16380484E+001
  0.16380481E+001
  0.16380479E+001
  0.16380476E+001
  0.16380474E+001
  0.16380471E+001
  0.16380469E+001
  0.16380466E+001
  0.16380464E+001
  0.16380462E+001
  0.16380459E+001
  0.16380457E+001
  0.16380455E+001
  0.16380453E+001
  0.16380451E+001
  0.16380449E+001
  0.16380447E+001
  0.16380445E+001
  0.16380443E+001
  0.16380441E+001
  0.16380439E+001
  0.16380437E+001
  0.16380435E+001
  0.16380433E+001
  0.16380431E+001
  0.16380429E+001
  0.16380428E+001
  0.16380426E+001
  0.16380424E+001
  0.16380422E+001
  0.16380421E+001
  0.16380419E+001
  0.16380417E+001
  0.16380416E+001
  0.16380414E+001
  0.16380412E+001
  0.16380411E+001
  0.16380409E+001
  0.16380408E+001
  0.16380406E+001
  0.16380405E+001
  0.16380403E+001
  0.16380402E+001
  0.16380400E+001
  0.16380399E+001
  0.16380398E+001
  0.16380396E+001
  0.16380395E+001
  0.16380394E+001
  0.16380393E+001
  0.16380391E+001
  0.16380390E+001
  0.16380389E+001
  0.16380388E+001
  0.16380387E+001
  0.16380386E+001
  0.16380385E+001
  0.16380384E+001
  0.16380383E+001
  0.16380383E+001
  0.16380382E+001
  0.16380381E+001
  0.16380380E+001
  0.16380380E+001
  0.16380379E+001
  0.16380378E+001
  0.16380378E+001
  0.16380377E+001
  0.16380377E+001
  0.16380376E+001
  0.16380376E+001
  0.16380375E+001
  0.16380375E+001
  0.16380374E+001
  0.16380374E+001
  0.16380374E+001
  0.16380373E+001
  0.16380373E+001
  0.16380373E+001
  0.16380372E+001
  0.16380372E+001
  0.16380372E+001
  0.16380372E+001
  0.16380372E+001
  0.16380371E+001
  0.16380371E+001
  0.16380371E+001
  0.16380371E+001
  0.16380371E+001
  0.16380371E+001
  0.16380371E+001
  0.16380371E+001
  0.16380371E+001
