  0.59851297E+000
  0.59910950E+000
  0.59950827E+000
  0.59977420E+000
  0.59995103E+000
  0.60006732E+000
  0.60014178E+000
  0.60018781E+000
  0.60021432E+000
  0.60021586E+000
  0.60016583E+000
  0.60009072E+000
  0.60000583E+000
  0.59991973E+000
  0.59983696E+000
  0.59975970E+000
  0.59968879E+000
  0.59962440E+000
  0.59956626E+000
  0.59951392E+000
  0.59946687E+000
  0.59942457E+000
  0.59938652E+000
  0.59935227E+000
  0.59932140E+000
  0.59929356E+000
  0.59926844E+000
  0.59924576E+000
  0.59922528E+000
  0.59920681E+000
  0.59919017E+000
  0.59917519E+000
  0.59916176E+000
  0.59914974E+000
  0.59913903E+000
  0.59912953E+000
  0.59912116E+000
  0.59911383E+000
  0.59910746E+000
  0.59910197E+000
  0.59909729E+000
  0.59909335E+000
  0.59909007E+000
  0.59908740E+000
  0.59908526E+000
  0.59908359E+000
  0.59908234E+000
  0.59908143E+000
  0.59908083E+000
  0.59908048E+000
  0.59908034E+000
  0.59908038E+000
  0.59908054E+000
  0.59908081E+000
  0.59908116E+000
  0.59908156E+000
  0.59908200E+000
  0.59908246E+000
  0.59908292E+000
  0.59908339E+000
  0.59908384E+000
  0.59908428E+000
  0.59908469E+000
  0.59908507E+000
  0.59908543E+000
  0.59908575E+000
  0.59908604E+000
  0.59908630E+000
  0.59908653E+000
  0.59908673E+000
  0.59908689E+000
  0.59908703E+000
  0.59908713E+000
  0.59908721E+000
  0.59908727E+000
  0.59908731E+000
  0.59908732E+000
  0.59908732E+000
  0.59908731E+000
  0.59908728E+000
  0.59908725E+000
  0.59908721E+000
  0.59908716E+000
  0.59908711E+000
  0.59908706E+000
  0.59908701E+000
  0.59908696E+000
  0.59908692E+000
  0.59908687E+000
  0.59908684E+000
  0.59908680E+000
  0.59908677E+000
  0.59908675E+000
  0.59908672E+000
  0.59908671E+000
  0.59908669E+000
  0.59908668E+000
  0.59908668E+000
  0.59908667E+000
  0.59908667E+000
  0.59908667E+000
  0.59908668E+000
  0.59908668E+000
  0.59908669E+000
  0.59908670E+000
  0.59908671E+000
  0.59908672E+000
  0.59908673E+000
  0.59908674E+000
  0.59908675E+000
  0.59908677E+000
  0.59908678E+000
  0.59908679E+000
  0.59908681E+000
  0.59908682E+000
  0.59908684E+000
  0.59908685E+000
  0.59908687E+000
  0.59908688E+000
  0.59908690E+000
  0.59908692E+000
  0.59908693E+000
  0.59908695E+000
  0.59908697E+000
  0.59908698E+000
  0.59908700E+000
  0.59908702E+000
  0.59908703E+000
  0.59908705E+000
  0.59908707E+000
  0.59908708E+000
  0.59908710E+000
  0.59908711E+000
  0.59908713E+000
  0.59908715E+000
  0.59908716E+000
  0.59908718E+000
  0.59908719E+000
  0.59908721E+000
  0.59908722E+000
  0.59908724E+000
  0.59908725E+000
  0.59908727E+000
  0.59908728E+000
  0.59908729E+000
  0.59908731E+000
  0.59908732E+000
  0.59908733E+000
  0.59908734E+000
  0.59908735E+000
  0.59908736E+000
  0.59908737E+000
  0.59908738E+000
  0.59908739E+000
  0.59908740E+000
  0.59908741E+000
  0.59908741E+000
  0.59908742E+000
  0.59908743E+000
  0.59908743E+000
  0.59908744E+000
  0.59908744E+000
  0.59908745E+000
  0.59908745E+000
  0.59908745E+000
  0.59908746E+000
  0.59908746E+000
  0.59908746E+000
  0.59908746E+000
  0.59908747E+000
  0.59908747E+000
  0.59908747E+000
  0.59908747E+000
  0.59908747E+000
  0.59908747E+000
  0.59908747E+000
  0.59908747E+000
  0.59908747E+000
  0.59908747E+000
  0.59908747E+000
  0.59908747E+000
  0.59908747E+000
  0.59908747E+000
  0.59908747E+000
  0.59908746E+000
  0.59908746E+000
  0.59908746E+000
  0.59908746E+000
  0.59908746E+000
  0.59908746E+000
  0.59908746E+000
  0.59908746E+000
  0.59908746E+000
  0.59908745E+000
  0.59908745E+000
  0.59908745E+000
  0.59908745E+000
  0.59908745E+000
  0.59908744E+000
  0.59908744E+000
