  0.19532895E+001
  0.19783267E+001
  0.19837763E+001
  0.19836433E+001
  0.19814916E+001
  0.19786111E+001
  0.19756119E+001
  0.19727230E+001
  0.19700561E+001
  0.19676897E+001
  0.19657043E+001
  0.19640464E+001
  0.19626563E+001
  0.19614874E+001
  0.19605022E+001
  0.19596689E+001
  0.19589623E+001
  0.19583611E+001
  0.19578483E+001
  0.19574095E+001
  0.19570334E+001
  0.19567100E+001
  0.19564315E+001
  0.19561913E+001
  0.19559836E+001
  0.19558039E+001
  0.19556481E+001
  0.19555127E+001
  0.19553950E+001
  0.19552923E+001
  0.19552026E+001
  0.19551240E+001
  0.19550550E+001
  0.19549942E+001
  0.19549404E+001
  0.19548926E+001
  0.19548499E+001
  0.19548116E+001
  0.19547771E+001
  0.19547458E+001
  0.19547173E+001
  0.19546912E+001
  0.19546671E+001
  0.19546449E+001
  0.19546243E+001
  0.19546051E+001
  0.19545873E+001
  0.19545706E+001
  0.19545551E+001
  0.19545406E+001
  0.19545271E+001
  0.19545145E+001
  0.19545027E+001
  0.19544919E+001
  0.19544818E+001
  0.19544725E+001
  0.19544640E+001
  0.19544561E+001
  0.19544489E+001
  0.19544424E+001
  0.19544364E+001
  0.19544310E+001
  0.19544261E+001
  0.19544217E+001
  0.19544177E+001
  0.19544142E+001
  0.19544110E+001
  0.19544082E+001
  0.19544057E+001
  0.19544035E+001
  0.19544016E+001
  0.19543998E+001
  0.19543983E+001
  0.19543970E+001
  0.19543958E+001
  0.19543948E+001
  0.19543939E+001
  0.19543931E+001
  0.19543925E+001
  0.19543919E+001
  0.19543915E+001
  0.19543911E+001
  0.19543908E+001
  0.19543905E+001
  0.19543904E+001
  0.19543902E+001
  0.19543902E+001
  0.19543902E+001
  0.19543902E+001
  0.19543902E+001
  0.19543903E+001
  0.19543904E+001
  0.19543905E+001
  0.19543906E+001
  0.19543907E+001
  0.19543908E+001
  0.19543909E+001
  0.19543911E+001
  0.19543911E+001
  0.19543912E+001
  0.19543913E+001
  0.19543914E+001
  0.19543914E+001
  0.19543915E+001
  0.19543915E+001
  0.19543915E+001
  0.19543915E+001
  0.19543915E+001
  0.19543914E+001
  0.19543914E+001
  0.19543913E+001
  0.19543913E+001
  0.19543912E+001
  0.19543911E+001
  0.19543910E+001
  0.19543909E+001
  0.19543908E+001
  0.19543907E+001
  0.19543906E+001
  0.19543904E+001
  0.19543903E+001
  0.19543902E+001
  0.19543901E+001
  0.19543900E+001
  0.19543898E+001
  0.19543897E+001
  0.19543896E+001
  0.19543895E+001
  0.19543894E+001
  0.19543893E+001
  0.19543892E+001
  0.19543891E+001
  0.19543890E+001
  0.19543890E+001
  0.19543889E+001
  0.19543889E+001
  0.19543888E+001
  0.19543888E+001
  0.19543887E+001
  0.19543887E+001
  0.19543887E+001
  0.19543887E+001
  0.19543887E+001
  0.19543887E+001
  0.19543887E+001
  0.19543888E+001
  0.19543888E+001
  0.19543888E+001
  0.19543889E+001
  0.19543890E+001
  0.19543890E+001
  0.19543891E+001
  0.19543892E+001
  0.19543893E+001
  0.19543894E+001
  0.19543895E+001
  0.19543896E+001
  0.19543897E+001
  0.19543899E+001
  0.19543900E+001
  0.19543901E+001
  0.19543903E+001
  0.19543904E+001
  0.19543906E+001
  0.19543908E+001
  0.19543909E+001
  0.19543911E+001
  0.19543913E+001
  0.19543915E+001
  0.19543917E+001
  0.19543919E+001
  0.19543920E+001
  0.19543922E+001
  0.19543924E+001
  0.19543926E+001
  0.19543928E+001
  0.19543931E+001
  0.19543933E+001
  0.19543935E+001
  0.19543937E+001
  0.19543939E+001
  0.19543941E+001
  0.19543943E+001
  0.19543945E+001
  0.19543947E+001
  0.19543949E+001
  0.19543952E+001
  0.19543954E+001
  0.19543956E+001
  0.19543958E+001
  0.19543960E+001
  0.19543962E+001
  0.19543964E+001
  0.19543966E+001
  0.19543968E+001
  0.19543970E+001
  0.19543972E+001
  0.19543974E+001
  0.19543975E+001
  0.19543976E+001
