  0.65990383E+000  0.85212151E+000  0.97517654E+000  0.25187917E+001
  0.65995038E+000  0.85199796E+000  0.97542918E+000  0.25187738E+001
  0.66000533E+000  0.85206934E+000  0.97555608E+000  0.25187859E+001
  0.66000702E+000  0.85223123E+000  0.97563528E+000  0.25188082E+001
  0.66005281E+000  0.85232441E+000  0.97571488E+000  0.25188328E+001
  0.66009471E+000  0.85241198E+000  0.97577905E+000  0.25188566E+001
  0.66013208E+000  0.85248996E+000  0.97583344E+000  0.25188787E+001
  0.66016510E+000  0.85255711E+000  0.97577022E+000  0.25181259E+001
  0.66019490E+000  0.85261360E+000  0.97580863E+000  0.25181117E+001
  0.66022182E+000  0.85266121E+000  0.97584209E+000  0.25181038E+001
  0.65992722E+000  0.85302035E+000  0.97599572E+000  0.25189465E+001
  0.65994900E+000  0.85305396E+000  0.97602727E+000  0.25189590E+001
  0.65996401E+000  0.85308862E+000  0.97605423E+000  0.25189699E+001
  0.65998172E+000  0.85311546E+000  0.97607719E+000  0.25189797E+001
  0.65999849E+000  0.85313721E+000  0.97609824E+000  0.25189883E+001
  0.66001304E+000  0.85315672E+000  0.97611683E+000  0.25189959E+001
  0.66002628E+000  0.85317358E+000  0.97613333E+000  0.25190028E+001
  0.66002961E+000  0.85319663E+000  0.97614831E+000  0.25190089E+001
  0.66004071E+000  0.85320945E+000  0.97616120E+000  0.25190143E+001
  0.66005094E+000  0.85322064E+000  0.97617265E+000  0.25190193E+001
  0.66006040E+000  0.85323042E+000  0.97618285E+000  0.25190237E+001
  0.66006919E+000  0.85323899E+000  0.97619195E+000  0.25190277E+001
  0.66007739E+000  0.85324650E+000  0.97620009E+000  0.25190313E+001
  0.66008507E+000  0.85325311E+000  0.97620740E+000  0.25190346E+001
  0.66009231E+000  0.85325893E+000  0.97621398E+000  0.25190376E+001
  0.66009914E+000  0.85326407E+000  0.97621992E+000  0.25190403E+001
  0.66010563E+000  0.85326375E+000  0.97623016E+000  0.25190428E+001
  0.66011180E+000  0.85326780E+000  0.97623504E+000  0.25190452E+001
  0.66011771E+000  0.85327142E+000  0.97623947E+000  0.25190473E+001
  0.66012337E+000  0.85327465E+000  0.97624352E+000  0.25190493E+001
  0.66012881E+000  0.85327756E+000  0.97624722E+000  0.25190512E+001
  0.66013405E+000  0.85328019E+000  0.97625062E+000  0.25190530E+001
  0.66013912E+000  0.85328257E+000  0.97625374E+000  0.25190546E+001
  0.66014403E+000  0.85328473E+000  0.97625662E+000  0.25190562E+001
  0.66014879E+000  0.85328671E+000  0.97625928E+000  0.25190577E+001
  0.66015341E+000  0.85328853E+000  0.97626174E+000  0.25190591E+001
  0.66015791E+000  0.85329020E+000  0.97626403E+000  0.25190605E+001
  0.66016228E+000  0.85329175E+000  0.97626616E+000  0.25190617E+001
  0.66016652E+000  0.85329319E+000  0.97626814E+000  0.25190630E+001
  0.66017066E+000  0.85329453E+000  0.97626999E+000  0.25190642E+001
  0.66017468E+000  0.85329578E+000  0.97627172E+000  0.25190653E+001
  0.66017858E+000  0.85329694E+000  0.97627334E+000  0.25190664E+001
  0.66018237E+000  0.85329803E+000  0.97627487E+000  0.25190675E+001
  0.66018605E+000  0.85329906E+000  0.97627630E+000  0.25190685E+001
  0.66018961E+000  0.85330002E+000  0.97627765E+000  0.25190695E+001
  0.66019305E+000  0.85330092E+000  0.97627892E+000  0.25190704E+001
  0.66019638E+000  0.85330176E+000  0.97628012E+000  0.25190713E+001
  0.66019958E+000  0.85330255E+000  0.97628126E+000  0.25190722E+001
  0.66020266E+000  0.85330329E+000  0.97628233E+000  0.25190730E+001
  0.66020562E+000  0.85330397E+000  0.97628335E+000  0.25190739E+001
  0.66020845E+000  0.85330462E+000  0.97628431E+000  0.25190746E+001
  0.66021116E+000  0.85330521E+000  0.97628522E+000  0.25190754E+001
  0.66021373E+000  0.85330577E+000  0.97628609E+000  0.25190761E+001
  0.66021618E+000  0.85330628E+000  0.97628691E+000  0.25190768E+001
  0.66021850E+000  0.85330676E+000  0.97628769E+000  0.25190775E+001
  0.66022069E+000  0.85330720E+000  0.97628843E+000  0.25190781E+001
  0.66022276E+000  0.85330760E+000  0.97628913E+000  0.25190787E+001
  0.66022470E+000  0.85330797E+000  0.97628980E+000  0.25190793E+001
  0.66022651E+000  0.85330831E+000  0.97629043E+000  0.25190798E+001
  0.66022821E+000  0.85330861E+000  0.97629102E+000  0.25190803E+001
  0.66022979E+000  0.85330889E+000  0.97629159E+000  0.25190808E+001
  0.66023125E+000  0.85330915E+000  0.97629212E+000  0.25190813E+001
  0.66023260E+000  0.85330937E+000  0.97629262E+000  0.25190817E+001
  0.66023385E+000  0.85330958E+000  0.97629310E+000  0.25190821E+001
  0.66023499E+000  0.85330976E+000  0.97629355E+000  0.25190824E+001
  0.66023603E+000  0.85330991E+000  0.97629397E+000  0.25190828E+001
  0.66023699E+000  0.85331005E+000  0.97629436E+000  0.25190831E+001
  0.66023785E+000  0.85331017E+000  0.97629473E+000  0.25190834E+001
  0.66023863E+000  0.85331028E+000  0.97629508E+000  0.25190836E+001
  0.66023933E+000  0.85331036E+000  0.97629540E+000  0.25190839E+001
  0.66023995E+000  0.85331043E+000  0.97629570E+000  0.25190841E+001
  0.66024051E+000  0.85331049E+000  0.97629597E+000  0.25190843E+001
  0.66024101E+000  0.85331053E+000  0.97629623E+000  0.25190844E+001
  0.66024144E+000  0.85331056E+000  0.97629646E+000  0.25190846E+001
  0.66024183E+000  0.85331058E+000  0.97629668E+000  0.25190847E+001
  0.66024216E+000  0.85331058E+000  0.97629687E+000  0.25190848E+001
  0.66024245E+000  0.85331058E+000  0.97629705E+000  0.25190849E+001
  0.66024269E+000  0.85331056E+000  0.97629721E+000  0.25190849E+001
  0.66024290E+000  0.85331054E+000  0.97629736E+000  0.25190849E+001
  0.66024308E+000  0.85331051E+000  0.97629748E+000  0.25190850E+001
  0.66024322E+000  0.85331047E+000  0.97629760E+000  0.25190850E+001
  0.66024334E+000  0.85331043E+000  0.97629770E+000  0.25190849E+001
  0.66024344E+000  0.85331039E+000  0.97629779E+000  0.25190849E+001
  0.66024351E+000  0.85331033E+000  0.97629786E+000  0.25190848E+001
  0.66024357E+000  0.85331028E+000  0.97629793E+000  0.25190848E+001
  0.66024361E+000  0.85331022E+000  0.97629799E+000  0.25190847E+001
  0.66024363E+000  0.85331017E+000  0.97629804E+000  0.25190846E+001
  0.66024365E+000  0.85331011E+000  0.97629808E+000  0.25190845E+001
  0.66024365E+000  0.85331005E+000  0.97629812E+000  0.25190844E+001
  0.66024365E+000  0.85330999E+000  0.97629815E+000  0.25190843E+001
  0.66024364E+000  0.85330994E+000  0.97629818E+000  0.25190841E+001
  0.66024362E+000  0.85330988E+000  0.97629821E+000  0.25190840E+001
  0.66024360E+000  0.85330983E+000  0.97629823E+000  0.25190839E+001
  0.66024357E+000  0.85330978E+000  0.97629825E+000  0.25190837E+001
  0.66024355E+000  0.85330974E+000  0.97629828E+000  0.25190836E+001
  0.66024352E+000  0.85330969E+000  0.97629830E+000  0.25190834E+001
  0.66024349E+000  0.85330965E+000  0.97629832E+000  0.25190833E+001
  0.66024346E+000  0.85330962E+000  0.97629835E+000  0.25190831E+001
  0.66024343E+000  0.85330959E+000  0.97629838E+000  0.25190830E+001
  0.66024340E+000  0.85330956E+000  0.97629840E+000  0.25190829E+001
  0.66024337E+000  0.85330953E+000  0.97629843E+000  0.25190827E+001
  0.66024334E+000  0.85330951E+000  0.97629847E+000  0.25190826E+001
  0.66024332E+000  0.85330949E+000  0.97629850E+000  0.25190824E+001
  0.66024329E+000  0.85330948E+000  0.97629854E+000  0.25190823E+001
  0.66024326E+000  0.85330946E+000  0.97629858E+000  0.25190822E+001
  0.66024324E+000  0.85330945E+000  0.97629862E+000  0.25190820E+001
  0.66024322E+000  0.85330945E+000  0.97629867E+000  0.25190819E+001
  0.66024319E+000  0.85330944E+000  0.97629872E+000  0.25190818E+001
  0.66024317E+000  0.85330944E+000  0.97629877E+000  0.25190817E+001
  0.66024315E+000  0.85330944E+000  0.97629882E+000  0.25190816E+001
  0.66024313E+000  0.85330945E+000  0.97629888E+000  0.25190815E+001
  0.66024312E+000  0.85330945E+000  0.97629893E+000  0.25190814E+001
  0.66024310E+000  0.85330946E+000  0.97629899E+000  0.25190813E+001
  0.66024308E+000  0.85330946E+000  0.97629906E+000  0.25190812E+001
  0.66024307E+000  0.85330947E+000  0.97629912E+000  0.25190812E+001
  0.66024306E+000  0.85330948E+000  0.97629919E+000  0.25190811E+001
  0.66024304E+000  0.85330949E+000  0.97629926E+000  0.25190810E+001
  0.66024303E+000  0.85330950E+000  0.97629933E+000  0.25190810E+001
  0.66024302E+000  0.85330951E+000  0.97629940E+000  0.25190809E+001
  0.66024301E+000  0.85330953E+000  0.97629948E+000  0.25190809E+001
  0.66024300E+000  0.85330954E+000  0.97629955E+000  0.25190809E+001
  0.66024300E+000  0.85330955E+000  0.97629963E+000  0.25190809E+001
  0.66024299E+000  0.85330956E+000  0.97629971E+000  0.25190809E+001
  0.66024298E+000  0.85330958E+000  0.97629978E+000  0.25190809E+001
  0.66024298E+000  0.85330959E+000  0.97629987E+000  0.25190809E+001
  0.66024297E+000  0.85330960E+000  0.97629995E+000  0.25190809E+001
  0.66024297E+000  0.85330962E+000  0.97630003E+000  0.25190810E+001
  0.66024297E+000  0.85330963E+000  0.97630011E+000  0.25190810E+001
  0.66024296E+000  0.85330964E+000  0.97630019E+000  0.25190811E+001
  0.66024296E+000  0.85330965E+000  0.97630028E+000  0.25190811E+001
  0.66024296E+000  0.85330966E+000  0.97630036E+000  0.25190812E+001
  0.66024296E+000  0.85330968E+000  0.97630045E+000  0.25190813E+001
  0.66024296E+000  0.85330969E+000  0.97630053E+000  0.25190814E+001
  0.66024296E+000  0.85330970E+000  0.97630062E+000  0.25190815E+001
  0.66024297E+000  0.85330971E+000  0.97630070E+000  0.25190816E+001
  0.66024297E+000  0.85330972E+000  0.97630079E+000  0.25190818E+001
  0.66024297E+000  0.85330973E+000  0.97630087E+000  0.25190819E+001
  0.66024298E+000  0.85330974E+000  0.97630096E+000  0.25190821E+001
  0.66024298E+000  0.85330974E+000  0.97630104E+000  0.25190823E+001
  0.66024298E+000  0.85330975E+000  0.97630112E+000  0.25190824E+001
  0.66024299E+000  0.85330976E+000  0.97630121E+000  0.25190826E+001
  0.66024299E+000  0.85330977E+000  0.97630129E+000  0.25190829E+001
  0.66024300E+000  0.85330978E+000  0.97630137E+000  0.25190831E+001
  0.66024300E+000  0.85330978E+000  0.97630145E+000  0.25190833E+001
  0.66024301E+000  0.85330979E+000  0.97630153E+000  0.25190836E+001
  0.66024302E+000  0.85330980E+000  0.97630161E+000  0.25190839E+001
  0.66024302E+000  0.85330981E+000  0.97630168E+000  0.25190841E+001
  0.66024303E+000  0.85330981E+000  0.97630176E+000  0.25190844E+001
  0.66024304E+000  0.85330982E+000  0.97630183E+000  0.25190847E+001
  0.66024304E+000  0.85330982E+000  0.97630191E+000  0.25190851E+001
  0.66024305E+000  0.85330983E+000  0.97630198E+000  0.25190854E+001
  0.66024306E+000  0.85330984E+000  0.97630205E+000  0.25190857E+001
  0.66024306E+000  0.85330984E+000  0.97630212E+000  0.25190861E+001
  0.66024307E+000  0.85330985E+000  0.97630218E+000  0.25190865E+001
  0.66024308E+000  0.85330985E+000  0.97630225E+000  0.25190868E+001
  0.66024309E+000  0.85330986E+000  0.97630231E+000  0.25190872E+001
  0.66024309E+000  0.85330986E+000  0.97630237E+000  0.25190876E+001
  0.66024310E+000  0.85330987E+000  0.97630243E+000  0.25190881E+001
  0.66024311E+000  0.85330987E+000  0.97630249E+000  0.25190885E+001
  0.66024311E+000  0.85330988E+000  0.97630255E+000  0.25190889E+001
  0.66024312E+000  0.85330988E+000  0.97630260E+000  0.25190894E+001
  0.66024312E+000  0.85330988E+000  0.97630266E+000  0.25190898E+001
  0.66024313E+000  0.85330989E+000  0.97630271E+000  0.25190903E+001
  0.66024314E+000  0.85330989E+000  0.97630276E+000  0.25190908E+001
  0.66024314E+000  0.85330990E+000  0.97630281E+000  0.25190913E+001
  0.66024315E+000  0.85330990E+000  0.97630285E+000  0.25190918E+001
  0.66024315E+000  0.85330990E+000  0.97630290E+000  0.25190923E+001
  0.66024316E+000  0.85330991E+000  0.97630294E+000  0.25190928E+001
  0.66024316E+000  0.85330991E+000  0.97630298E+000  0.25190933E+001
  0.66024317E+000  0.85330991E+000  0.97630302E+000  0.25190938E+001
  0.66024317E+000  0.85330992E+000  0.97630306E+000  0.25190943E+001
  0.66024317E+000  0.85330992E+000  0.97630309E+000  0.25190948E+001
  0.66024318E+000  0.85330992E+000  0.97630313E+000  0.25190954E+001
  0.66024318E+000  0.85330993E+000  0.97630316E+000  0.25190959E+001
  0.66024319E+000  0.85330993E+000  0.97630319E+000  0.25190964E+001
  0.66024319E+000  0.85330993E+000  0.97630322E+000  0.25190970E+001
  0.66024319E+000  0.85330993E+000  0.97630325E+000  0.25190975E+001
  0.66024320E+000  0.85330994E+000  0.97630328E+000  0.25190981E+001
  0.66024320E+000  0.85330994E+000  0.97630330E+000  0.25190986E+001
  0.66024320E+000  0.85330994E+000  0.97630333E+000  0.25190992E+001
  0.66024320E+000  0.85330994E+000  0.97630335E+000  0.25190997E+001
  0.66024321E+000  0.85330994E+000  0.97630337E+000  0.25191002E+001
  0.66024321E+000  0.85330994E+000  0.97630339E+000  0.25191008E+001
  0.66024321E+000  0.85330995E+000  0.97630341E+000  0.25191013E+001
  0.66024321E+000  0.85330995E+000  0.97630343E+000  0.25191019E+001
  0.66024321E+000  0.85330995E+000  0.97630345E+000  0.25191024E+001
  0.66024322E+000  0.85330995E+000  0.97630347E+000  0.25191029E+001
  0.66024322E+000  0.85330995E+000  0.97630348E+000  0.25191035E+001
  0.66024322E+000  0.85330995E+000  0.97630350E+000  0.25191040E+001
  0.66024322E+000  0.85330995E+000  0.97630351E+000  0.25191045E+001
  0.66024322E+000  0.85330995E+000  0.97630353E+000  0.25191050E+001
  0.66024322E+000  0.85330996E+000  0.97630354E+000  0.25191055E+001
  0.66024322E+000  0.85330996E+000  0.97630355E+000  0.25191060E+001
  0.66024322E+000  0.85330996E+000  0.97630356E+000  0.25191065E+001
  0.66024323E+000  0.85330996E+000  0.97630357E+000  0.25191070E+001
  0.66024323E+000  0.85330996E+000  0.97630358E+000  0.25191075E+001
  0.66024323E+000  0.85330996E+000  0.97630359E+000  0.25191080E+001
  0.66024323E+000  0.85330996E+000  0.97630360E+000  0.25191084E+001
  0.66024323E+000  0.85330996E+000  0.97630360E+000  0.25191089E+001
  0.66024323E+000  0.85330996E+000  0.97630361E+000  0.25191094E+001
