  0.70022116E+000  0.85209777E+000  0.10372780E+001  0.24163966E+001
  0.70030166E+000  0.85226478E+000  0.10372444E+001  0.24163404E+001
  0.70038079E+000  0.85241152E+000  0.10372604E+001  0.24163640E+001
  0.70046582E+000  0.85252814E+000  0.10372854E+001  0.24164023E+001
  0.70054629E+000  0.85262594E+000  0.10373111E+001  0.24164415E+001
  0.70062723E+000  0.85270179E+000  0.10373354E+001  0.24164779E+001
  0.70070490E+000  0.85276078E+000  0.10373580E+001  0.24165105E+001
  0.70077082E+000  0.85281375E+000  0.10373789E+001  0.24165392E+001
  0.70082625E+000  0.85286128E+000  0.10373982E+001  0.24165642E+001
  0.70087153E+000  0.85290385E+000  0.10374159E+001  0.24165859E+001
  0.70091102E+000  0.85294193E+000  0.10374322E+001  0.24166047E+001
  0.70094521E+000  0.85297594E+000  0.10374471E+001  0.24166209E+001
  0.70097472E+000  0.85300628E+000  0.10374608E+001  0.24166350E+001
  0.70100013E+000  0.85303333E+000  0.10374734E+001  0.24166472E+001
  0.70102202E+000  0.85305744E+000  0.10374851E+001  0.24166577E+001
  0.70104089E+000  0.85307891E+000  0.10374959E+001  0.24166668E+001
  0.70105718E+000  0.85309804E+000  0.10375060E+001  0.24166747E+001
  0.70107127E+000  0.85311507E+000  0.10375155E+001  0.24166816E+001
  0.70108349E+000  0.85313025E+000  0.10375244E+001  0.24166875E+001
  0.70109412E+000  0.85314378E+000  0.10375329E+001  0.24166927E+001
  0.70110832E+000  0.85315094E+000  0.10375409E+001  0.24166972E+001
  0.70112273E+000  0.85315546E+000  0.10375485E+001  0.24167011E+001
  0.70113616E+000  0.85315883E+000  0.10375557E+001  0.24167045E+001
  0.70114873E+000  0.85316123E+000  0.10375627E+001  0.24167075E+001
  0.70116054E+000  0.85316280E+000  0.10375694E+001  0.24167101E+001
  0.70117166E+000  0.85316367E+000  0.10375758E+001  0.24167123E+001
  0.70118219E+000  0.85316395E+000  0.10375819E+001  0.24167143E+001
  0.70119217E+000  0.85316374E+000  0.10375878E+001  0.24167160E+001
  0.70120165E+000  0.85316313E+000  0.10375936E+001  0.24167176E+001
  0.70121070E+000  0.85316220E+000  0.10375990E+001  0.24167189E+001
  0.70122075E+000  0.85315960E+000  0.10376043E+001  0.24167201E+001
  0.70123115E+000  0.85315607E+000  0.10376094E+001  0.24167212E+001
  0.70124114E+000  0.85315246E+000  0.10376143E+001  0.24167221E+001
  0.70125075E+000  0.85314881E+000  0.10376190E+001  0.24167230E+001
  0.70126000E+000  0.85314516E+000  0.10376235E+001  0.24167238E+001
  0.70126889E+000  0.85314153E+000  0.10376279E+001  0.24167245E+001
  0.70127745E+000  0.85313796E+000  0.10376320E+001  0.24167251E+001
  0.70128569E+000  0.85313446E+000  0.10376360E+001  0.24167257E+001
  0.70129361E+000  0.85313105E+000  0.10376398E+001  0.24167263E+001
  0.70130123E+000  0.85312774E+000  0.10376435E+001  0.24167269E+001
  0.70130855E+000  0.85312454E+000  0.10376470E+001  0.24167274E+001
  0.70131557E+000  0.85312145E+000  0.10376503E+001  0.24167279E+001
  0.70132231E+000  0.85311850E+000  0.10376535E+001  0.24167284E+001
  0.70132876E+000  0.85311566E+000  0.10376566E+001  0.24167288E+001
  0.70133494E+000  0.85311296E+000  0.10376595E+001  0.24167293E+001
  0.70134083E+000  0.85311039E+000  0.10376624E+001  0.24167297E+001
  0.70134646E+000  0.85310794E+000  0.10376651E+001  0.24167301E+001
  0.70135181E+000  0.85310562E+000  0.10376677E+001  0.24167305E+001
  0.70135689E+000  0.85310343E+000  0.10376701E+001  0.24167309E+001
  0.70136170E+000  0.85310137E+000  0.10376725E+001  0.24167312E+001
  0.70136626E+000  0.85309942E+000  0.10376748E+001  0.24167315E+001
  0.70137056E+000  0.85309760E+000  0.10376770E+001  0.24167318E+001
  0.70137460E+000  0.85309589E+000  0.10376791E+001  0.24167321E+001
  0.70137839E+000  0.85309430E+000  0.10376811E+001  0.24167324E+001
  0.70138195E+000  0.85309281E+000  0.10376830E+001  0.24167326E+001
  0.70138527E+000  0.85309143E+000  0.10376849E+001  0.24167328E+001
  0.70138836E+000  0.85309015E+000  0.10376867E+001  0.24167330E+001
  0.70139123E+000  0.85308896E+000  0.10376883E+001  0.24167332E+001
  0.70139388E+000  0.85308786E+000  0.10376900E+001  0.24167334E+001
  0.70139634E+000  0.85308685E+000  0.10376915E+001  0.24167335E+001
  0.70139860E+000  0.85308591E+000  0.10376929E+001  0.24167336E+001
  0.70140068E+000  0.85308504E+000  0.10376943E+001  0.24167337E+001
  0.70140259E+000  0.85308424E+000  0.10376956E+001  0.24167338E+001
  0.70140435E+000  0.85308349E+000  0.10376969E+001  0.24167339E+001
  0.70140595E+000  0.85308280E+000  0.10376981E+001  0.24167339E+001
  0.70140741E+000  0.85308215E+000  0.10376992E+001  0.24167339E+001
  0.70140875E+000  0.85308154E+000  0.10377002E+001  0.24167340E+001
  0.70140997E+000  0.85308096E+000  0.10377012E+001  0.24167339E+001
  0.70141109E+000  0.85308042E+000  0.10377022E+001  0.24167339E+001
  0.70141211E+000  0.85307989E+000  0.10377031E+001  0.24167339E+001
  0.70141304E+000  0.85307939E+000  0.10377039E+001  0.24167338E+001
  0.70141389E+000  0.85307890E+000  0.10377047E+001  0.24167337E+001
  0.70141468E+000  0.85307842E+000  0.10377054E+001  0.24167337E+001
  0.70141540E+000  0.85307796E+000  0.10377061E+001  0.24167335E+001
  0.70141607E+000  0.85307750E+000  0.10377068E+001  0.24167334E+001
  0.70141669E+000  0.85307704E+000  0.10377074E+001  0.24167333E+001
  0.70141726E+000  0.85307659E+000  0.10377079E+001  0.24167331E+001
  0.70141780E+000  0.85307615E+000  0.10377085E+001  0.24167329E+001
  0.70141830E+000  0.85307571E+000  0.10377090E+001  0.24167327E+001
  0.70141877E+000  0.85307527E+000  0.10377094E+001  0.24167325E+001
  0.70141920E+000  0.85307483E+000  0.10377099E+001  0.24167323E+001
  0.70141962E+000  0.85307441E+000  0.10377103E+001  0.24167321E+001
  0.70142001E+000  0.85307398E+000  0.10377106E+001  0.24167319E+001
  0.70142038E+000  0.85307356E+000  0.10377110E+001  0.24167316E+001
  0.70142073E+000  0.85307315E+000  0.10377113E+001  0.24167313E+001
  0.70142106E+000  0.85307275E+000  0.10377116E+001  0.24167311E+001
  0.70142137E+000  0.85307236E+000  0.10377119E+001  0.24167308E+001
  0.70142167E+000  0.85307198E+000  0.10377122E+001  0.24167305E+001
  0.70142196E+000  0.85307161E+000  0.10377124E+001  0.24167302E+001
  0.70142223E+000  0.85307125E+000  0.10377127E+001  0.24167299E+001
  0.70142249E+000  0.85307090E+000  0.10377129E+001  0.24167296E+001
  0.70142273E+000  0.85307057E+000  0.10377131E+001  0.24167293E+001
  0.70142297E+000  0.85307025E+000  0.10377133E+001  0.24167290E+001
  0.70142319E+000  0.85306994E+000  0.10377135E+001  0.24167287E+001
  0.70142340E+000  0.85306965E+000  0.10377137E+001  0.24167284E+001
  0.70142361E+000  0.85306938E+000  0.10377139E+001  0.24167281E+001
  0.70142381E+000  0.85306911E+000  0.10377140E+001  0.24167278E+001
  0.70142400E+000  0.85306886E+000  0.10377142E+001  0.24167275E+001
  0.70142418E+000  0.85306863E+000  0.10377144E+001  0.24167272E+001
  0.70142435E+000  0.85306841E+000  0.10377145E+001  0.24167269E+001
  0.70142452E+000  0.85306820E+000  0.10377147E+001  0.24167266E+001
  0.70142468E+000  0.85306801E+000  0.10377148E+001  0.24167264E+001
  0.70142483E+000  0.85306782E+000  0.10377150E+001  0.24167261E+001
  0.70142498E+000  0.85306766E+000  0.10377151E+001  0.24167258E+001
  0.70142513E+000  0.85306750E+000  0.10377152E+001  0.24167256E+001
  0.70142527E+000  0.85306735E+000  0.10377154E+001  0.24167253E+001
  0.70142540E+000  0.85306722E+000  0.10377155E+001  0.24167251E+001
  0.70142553E+000  0.85306710E+000  0.10377156E+001  0.24167249E+001
  0.70142565E+000  0.85306699E+000  0.10377158E+001  0.24167246E+001
  0.70142577E+000  0.85306689E+000  0.10377159E+001  0.24167244E+001
  0.70142589E+000  0.85306680E+000  0.10377160E+001  0.24167242E+001
  0.70142600E+000  0.85306672E+000  0.10377162E+001  0.24167240E+001
  0.70142611E+000  0.85306664E+000  0.10377163E+001  0.24167238E+001
  0.70142622E+000  0.85306658E+000  0.10377164E+001  0.24167236E+001
  0.70142632E+000  0.85306653E+000  0.10377165E+001  0.24167234E+001
  0.70142642E+000  0.85306648E+000  0.10377167E+001  0.24167233E+001
  0.70142651E+000  0.85306644E+000  0.10377168E+001  0.24167231E+001
  0.70142660E+000  0.85306641E+000  0.10377169E+001  0.24167229E+001
  0.70142669E+000  0.85306639E+000  0.10377170E+001  0.24167228E+001
  0.70142677E+000  0.85306637E+000  0.10377172E+001  0.24167226E+001
  0.70142685E+000  0.85306635E+000  0.10377173E+001  0.24167225E+001
  0.70142693E+000  0.85306635E+000  0.10377174E+001  0.24167223E+001
  0.70142700E+000  0.85306634E+000  0.10377176E+001  0.24167222E+001
  0.70142707E+000  0.85306635E+000  0.10377177E+001  0.24167221E+001
  0.70142714E+000  0.85306635E+000  0.10377179E+001  0.24167220E+001
  0.70142720E+000  0.85306636E+000  0.10377180E+001  0.24167219E+001
  0.70142726E+000  0.85306638E+000  0.10377182E+001  0.24167218E+001
  0.70142732E+000  0.85306639E+000  0.10377183E+001  0.24167217E+001
  0.70142738E+000  0.85306641E+000  0.10377185E+001  0.24167216E+001
  0.70142743E+000  0.85306643E+000  0.10377186E+001  0.24167215E+001
  0.70142748E+000  0.85306645E+000  0.10377188E+001  0.24167214E+001
  0.70142753E+000  0.85306648E+000  0.10377190E+001  0.24167214E+001
  0.70142757E+000  0.85306650E+000  0.10377192E+001  0.24167213E+001
  0.70142761E+000  0.85306653E+000  0.10377193E+001  0.24167213E+001
  0.70142765E+000  0.85306656E+000  0.10377195E+001  0.24167213E+001
  0.70142769E+000  0.85306658E+000  0.10377197E+001  0.24167212E+001
  0.70142773E+000  0.85306661E+000  0.10377199E+001  0.24167212E+001
  0.70142776E+000  0.85306664E+000  0.10377201E+001  0.24167212E+001
  0.70142779E+000  0.85306667E+000  0.10377203E+001  0.24167213E+001
  0.70142783E+000  0.85306669E+000  0.10377205E+001  0.24167213E+001
  0.70142785E+000  0.85306672E+000  0.10377207E+001  0.24167213E+001
  0.70142788E+000  0.85306675E+000  0.10377209E+001  0.24167214E+001
  0.70142791E+000  0.85306677E+000  0.10377211E+001  0.24167215E+001
  0.70142793E+000  0.85306680E+000  0.10377213E+001  0.24167216E+001
  0.70142795E+000  0.85306682E+000  0.10377215E+001  0.24167217E+001
  0.70142797E+000  0.85306685E+000  0.10377217E+001  0.24167218E+001
  0.70142799E+000  0.85306687E+000  0.10377218E+001  0.24167219E+001
  0.70142801E+000  0.85306689E+000  0.10377220E+001  0.24167221E+001
  0.70142803E+000  0.85306691E+000  0.10377222E+001  0.24167223E+001
  0.70142804E+000  0.85306693E+000  0.10377224E+001  0.24167224E+001
  0.70142806E+000  0.85306695E+000  0.10377226E+001  0.24167226E+001
  0.70142807E+000  0.85306697E+000  0.10377228E+001  0.24167229E+001
  0.70142808E+000  0.85306699E+000  0.10377229E+001  0.24167231E+001
  0.70142809E+000  0.85306701E+000  0.10377231E+001  0.24167234E+001
  0.70142810E+000  0.85306702E+000  0.10377232E+001  0.24167236E+001
  0.70142811E+000  0.85306704E+000  0.10377234E+001  0.24167239E+001
  0.70142812E+000  0.85306705E+000  0.10377236E+001  0.24167242E+001
  0.70142813E+000  0.85306706E+000  0.10377237E+001  0.24167246E+001
  0.70142814E+000  0.85306708E+000  0.10377238E+001  0.24167249E+001
  0.70142815E+000  0.85306709E+000  0.10377240E+001  0.24167252E+001
  0.70142816E+000  0.85306710E+000  0.10377241E+001  0.24167256E+001
  0.70142816E+000  0.85306711E+000  0.10377242E+001  0.24167260E+001
  0.70142817E+000  0.85306712E+000  0.10377243E+001  0.24167264E+001
  0.70142817E+000  0.85306713E+000  0.10377245E+001  0.24167268E+001
  0.70142818E+000  0.85306714E+000  0.10377246E+001  0.24167272E+001
  0.70142818E+000  0.85306714E+000  0.10377247E+001  0.24167277E+001
  0.70142819E+000  0.85306715E+000  0.10377248E+001  0.24167281E+001
  0.70142819E+000  0.85306716E+000  0.10377249E+001  0.24167285E+001
  0.70142820E+000  0.85306716E+000  0.10377249E+001  0.24167290E+001
  0.70142820E+000  0.85306717E+000  0.10377250E+001  0.24167295E+001
  0.70142820E+000  0.85306717E+000  0.10377251E+001  0.24167300E+001
  0.70142820E+000  0.85306718E+000  0.10377252E+001  0.24167305E+001
  0.70142821E+000  0.85306718E+000  0.10377253E+001  0.24167310E+001
  0.70142821E+000  0.85306719E+000  0.10377253E+001  0.24167315E+001
  0.70142821E+000  0.85306719E+000  0.10377254E+001  0.24167320E+001
  0.70142821E+000  0.85306720E+000  0.10377254E+001  0.24167325E+001
  0.70142821E+000  0.85306720E+000  0.10377255E+001  0.24167330E+001
  0.70142822E+000  0.85306720E+000  0.10377255E+001  0.24167335E+001
  0.70142822E+000  0.85306720E+000  0.10377256E+001  0.24167340E+001
  0.70142822E+000  0.85306721E+000  0.10377256E+001  0.24167346E+001
  0.70142822E+000  0.85306721E+000  0.10377257E+001  0.24167351E+001
  0.70142822E+000  0.85306721E+000  0.10377257E+001  0.24167356E+001
  0.70142822E+000  0.85306721E+000  0.10377258E+001  0.24167361E+001
  0.70142822E+000  0.85306721E+000  0.10377258E+001  0.24167367E+001
  0.70142822E+000  0.85306722E+000  0.10377258E+001  0.24167372E+001
  0.70142822E+000  0.85306722E+000  0.10377258E+001  0.24167377E+001
  0.70142823E+000  0.85306722E+000  0.10377259E+001  0.24167382E+001
  0.70142823E+000  0.85306722E+000  0.10377259E+001  0.24167387E+001
  0.70142823E+000  0.85306722E+000  0.10377259E+001  0.24167393E+001
  0.70142823E+000  0.85306722E+000  0.10377259E+001  0.24167398E+001
  0.70142823E+000  0.85306722E+000  0.10377260E+001  0.24167403E+001
  0.70142823E+000  0.85306722E+000  0.10377260E+001  0.24167408E+001
  0.70142823E+000  0.85306722E+000  0.10377260E+001  0.24167413E+001
  0.70142823E+000  0.85306723E+000  0.10377260E+001  0.24167418E+001
  0.70142823E+000  0.85306723E+000  0.10377260E+001  0.24167423E+001
  0.70142823E+000  0.85306723E+000  0.10377260E+001  0.24167427E+001
  0.70142823E+000  0.85306723E+000  0.10377261E+001  0.24167432E+001
  0.70142823E+000  0.85306723E+000  0.10377261E+001  0.24167437E+001
  0.70142823E+000  0.85306723E+000  0.10377261E+001  0.24167441E+001
  0.70142823E+000  0.85306723E+000  0.10377261E+001  0.24167446E+001
