 -0.44624678E+000
 -0.44631163E+000
 -0.44629424E+000
 -0.44625743E+000
 -0.44621723E+000
 -0.44617877E+000
 -0.44614375E+000
 -0.44611258E+000
 -0.44608517E+000
 -0.44606123E+000
 -0.44604040E+000
 -0.44602232E+000
 -0.44600665E+000
 -0.44599307E+000
 -0.44598131E+000
 -0.44597112E+000
 -0.44596229E+000
 -0.44595464E+000
 -0.44594801E+000
 -0.44594226E+000
 -0.44593727E+000
 -0.44593294E+000
 -0.44592917E+000
 -0.44592591E+000
 -0.44592307E+000
 -0.44592059E+000
 -0.44591844E+000
 -0.44591657E+000
 -0.44591493E+000
 -0.44591350E+000
 -0.44591225E+000
 -0.44591115E+000
 -0.44591019E+000
 -0.44590934E+000
 -0.44590858E+000
 -0.44590792E+000
 -0.44590732E+000
 -0.44590679E+000
 -0.44590631E+000
 -0.44590587E+000
 -0.44590548E+000
 -0.44590512E+000
 -0.44590480E+000
 -0.44590450E+000
 -0.44590423E+000
 -0.44590397E+000
 -0.44590374E+000
 -0.44590353E+000
 -0.44590333E+000
 -0.44590315E+000
 -0.44590298E+000
 -0.44590282E+000
 -0.44590268E+000
 -0.44590255E+000
 -0.44590243E+000
 -0.44590232E+000
 -0.44590222E+000
 -0.44590213E+000
 -0.44590204E+000
 -0.44590197E+000
 -0.44590190E+000
 -0.44590184E+000
 -0.44590178E+000
 -0.44590173E+000
 -0.44590169E+000
 -0.44590165E+000
 -0.44590161E+000
 -0.44590158E+000
 -0.44590155E+000
 -0.44590152E+000
 -0.44590150E+000
 -0.44590148E+000
 -0.44590146E+000
 -0.44590144E+000
 -0.44590143E+000
 -0.44590142E+000
 -0.44590141E+000
 -0.44590140E+000
 -0.44590140E+000
 -0.44590140E+000
 -0.44590140E+000
 -0.44590140E+000
 -0.44590141E+000
 -0.44590141E+000
 -0.44590143E+000
 -0.44590144E+000
 -0.44590145E+000
 -0.44590147E+000
 -0.44590149E+000
 -0.44590151E+000
 -0.44590153E+000
 -0.44590156E+000
 -0.44590159E+000
 -0.44590161E+000
 -0.44590164E+000
 -0.44590168E+000
 -0.44590171E+000
 -0.44590174E+000
 -0.44590178E+000
 -0.44590182E+000
 -0.44590185E+000
 -0.44590189E+000
 -0.44590193E+000
 -0.44590197E+000
 -0.44590202E+000
 -0.44590206E+000
 -0.44590210E+000
 -0.44590215E+000
 -0.44590220E+000
 -0.44590225E+000
 -0.44590230E+000
 -0.44590235E+000
 -0.44590240E+000
 -0.44590245E+000
 -0.44590251E+000
 -0.44590257E+000
 -0.44590263E+000
 -0.44590269E+000
 -0.44590275E+000
 -0.44590282E+000
 -0.44590289E+000
 -0.44590296E+000
 -0.44590303E+000
 -0.44590311E+000
 -0.44590319E+000
 -0.44590327E+000
 -0.44590336E+000
 -0.44590344E+000
 -0.44590354E+000
 -0.44590363E+000
 -0.44590373E+000
 -0.44590383E+000
 -0.44590394E+000
 -0.44590405E+000
 -0.44590416E+000
 -0.44590427E+000
 -0.44590439E+000
 -0.44590452E+000
 -0.44590464E+000
 -0.44590478E+000
 -0.44590491E+000
 -0.44590505E+000
 -0.44590519E+000
 -0.44590534E+000
 -0.44590549E+000
 -0.44590564E+000
 -0.44590580E+000
 -0.44590596E+000
 -0.44590612E+000
 -0.44590629E+000
 -0.44590646E+000
 -0.44590663E+000
 -0.44590681E+000
 -0.44590699E+000
 -0.44590717E+000
 -0.44590736E+000
 -0.44590755E+000
 -0.44590774E+000
 -0.44590793E+000
 -0.44590813E+000
 -0.44590832E+000
 -0.44590852E+000
 -0.44590872E+000
 -0.44590893E+000
 -0.44590913E+000
 -0.44590934E+000
 -0.44590954E+000
 -0.44590975E+000
 -0.44590996E+000
 -0.44591017E+000
 -0.44591038E+000
 -0.44591059E+000
 -0.44591080E+000
 -0.44591101E+000
 -0.44591122E+000
 -0.44591142E+000
 -0.44591163E+000
 -0.44591184E+000
 -0.44591205E+000
 -0.44591225E+000
 -0.44591246E+000
 -0.44591266E+000
 -0.44591286E+000
 -0.44591306E+000
 -0.44591326E+000
 -0.44591346E+000
 -0.44591365E+000
 -0.44591385E+000
 -0.44591404E+000
 -0.44591423E+000
 -0.44591441E+000
 -0.44591460E+000
 -0.44591478E+000
 -0.44591495E+000
 -0.44591513E+000
 -0.44591530E+000
 -0.44591547E+000
 -0.44591564E+000
 -0.44591580E+000
 -0.44591596E+000
