  0.52718206E+000
  0.52714558E+000
  0.52709676E+000
  0.52704997E+000
  0.52700771E+000
  0.52697017E+000
  0.52693724E+000
  0.52690842E+000
  0.52688328E+000
  0.52686156E+000
  0.52684234E+000
  0.52682538E+000
  0.52681043E+000
  0.52679725E+000
  0.52678562E+000
  0.52677532E+000
  0.52676621E+000
  0.52675812E+000
  0.52675091E+000
  0.52674448E+000
  0.52673872E+000
  0.52673354E+000
  0.52672887E+000
  0.52672464E+000
  0.52672080E+000
  0.52671730E+000
  0.52671409E+000
  0.52671114E+000
  0.52670842E+000
  0.52670590E+000
  0.52670355E+000
  0.52670136E+000
  0.52669930E+000
  0.52669737E+000
  0.52669555E+000
  0.52669382E+000
  0.52669218E+000
  0.52669063E+000
  0.52668914E+000
  0.52668773E+000
  0.52668638E+000
  0.52668508E+000
  0.52668385E+000
  0.52668267E+000
  0.52668154E+000
  0.52668046E+000
  0.52667942E+000
  0.52667844E+000
  0.52667750E+000
  0.52667660E+000
  0.52667575E+000
  0.52667494E+000
  0.52667418E+000
  0.52667346E+000
  0.52667277E+000
  0.52667213E+000
  0.52667153E+000
  0.52667097E+000
  0.52667044E+000
  0.52666995E+000
  0.52666949E+000
  0.52666907E+000
  0.52666868E+000
  0.52666832E+000
  0.52666799E+000
  0.52666769E+000
  0.52666742E+000
  0.52666717E+000
  0.52666695E+000
  0.52666675E+000
  0.52666657E+000
  0.52666641E+000
  0.52666626E+000
  0.52666614E+000
  0.52666603E+000
  0.52666594E+000
  0.52666586E+000
  0.52666579E+000
  0.52666573E+000
  0.52666569E+000
  0.52666565E+000
  0.52666562E+000
  0.52666560E+000
  0.52666558E+000
  0.52666557E+000
  0.52666557E+000
  0.52666557E+000
  0.52666557E+000
  0.52666557E+000
  0.52666558E+000
  0.52666559E+000
  0.52666560E+000
  0.52666561E+000
  0.52666562E+000
  0.52666563E+000
  0.52666564E+000
  0.52666564E+000
  0.52666565E+000
  0.52666566E+000
  0.52666566E+000
  0.52666566E+000
  0.52666567E+000
  0.52666567E+000
  0.52666566E+000
  0.52666566E+000
  0.52666566E+000
  0.52666565E+000
  0.52666564E+000
  0.52666564E+000
  0.52666563E+000
  0.52666561E+000
  0.52666560E+000
  0.52666559E+000
  0.52666557E+000
  0.52666556E+000
  0.52666554E+000
  0.52666552E+000
  0.52666551E+000
  0.52666549E+000
  0.52666547E+000
  0.52666545E+000
  0.52666543E+000
  0.52666541E+000
  0.52666538E+000
  0.52666536E+000
  0.52666534E+000
  0.52666531E+000
  0.52666529E+000
  0.52666527E+000
  0.52666524E+000
  0.52666522E+000
  0.52666519E+000
  0.52666517E+000
  0.52666514E+000
  0.52666512E+000
  0.52666509E+000
  0.52666507E+000
  0.52666504E+000
  0.52666502E+000
  0.52666500E+000
  0.52666497E+000
  0.52666495E+000
  0.52666492E+000
  0.52666490E+000
  0.52666487E+000
  0.52666485E+000
  0.52666483E+000
  0.52666480E+000
  0.52666478E+000
  0.52666476E+000
  0.52666473E+000
  0.52666471E+000
  0.52666469E+000
  0.52666467E+000
  0.52666465E+000
  0.52666463E+000
  0.52666461E+000
  0.52666459E+000
  0.52666457E+000
  0.52666455E+000
  0.52666453E+000
  0.52666451E+000
  0.52666449E+000
  0.52666448E+000
  0.52666446E+000
  0.52666444E+000
  0.52666443E+000
  0.52666441E+000
  0.52666440E+000
  0.52666438E+000
  0.52666437E+000
  0.52666435E+000
  0.52666434E+000
  0.52666433E+000
  0.52666431E+000
  0.52666430E+000
  0.52666429E+000
  0.52666428E+000
  0.52666427E+000
  0.52666426E+000
  0.52666425E+000
  0.52666424E+000
  0.52666423E+000
  0.52666422E+000
  0.52666421E+000
  0.52666420E+000
  0.52666419E+000
  0.52666419E+000
  0.52666418E+000
  0.52666417E+000
  0.52666416E+000
  0.52666416E+000
  0.52666415E+000
  0.52666414E+000
  0.52666414E+000
  0.52666413E+000
  0.52666413E+000
  0.52666412E+000
  0.52666412E+000
  0.52666411E+000
