  0.17772297E+001
  0.17771626E+001
  0.17770756E+001
  0.17769928E+001
  0.17769186E+001
  0.17768532E+001
  0.17767960E+001
  0.17767462E+001
  0.17767031E+001
  0.17766660E+001
  0.17766335E+001
  0.17766050E+001
  0.17765800E+001
  0.17765581E+001
  0.17765390E+001
  0.17765222E+001
  0.17765075E+001
  0.17764945E+001
  0.17764831E+001
  0.17764730E+001
  0.17764641E+001
  0.17764562E+001
  0.17764491E+001
  0.17764428E+001
  0.17764371E+001
  0.17764321E+001
  0.17764275E+001
  0.17764234E+001
  0.17764196E+001
  0.17764162E+001
  0.17764131E+001
  0.17764102E+001
  0.17764075E+001
  0.17764051E+001
  0.17764028E+001
  0.17764007E+001
  0.17763987E+001
  0.17763968E+001
  0.17763951E+001
  0.17763934E+001
  0.17763918E+001
  0.17763904E+001
  0.17763890E+001
  0.17763877E+001
  0.17763864E+001
  0.17763852E+001
  0.17763841E+001
  0.17763831E+001
  0.17763821E+001
  0.17763811E+001
  0.17763802E+001
  0.17763794E+001
  0.17763786E+001
  0.17763779E+001
  0.17763772E+001
  0.17763765E+001
  0.17763759E+001
  0.17763754E+001
  0.17763748E+001
  0.17763744E+001
  0.17763739E+001
  0.17763735E+001
  0.17763731E+001
  0.17763728E+001
  0.17763725E+001
  0.17763722E+001
  0.17763720E+001
  0.17763717E+001
  0.17763715E+001
  0.17763714E+001
  0.17763712E+001
  0.17763711E+001
  0.17763710E+001
  0.17763709E+001
  0.17763708E+001
  0.17763708E+001
  0.17763707E+001
  0.17763707E+001
  0.17763707E+001
  0.17763707E+001
  0.17763707E+001
  0.17763707E+001
  0.17763708E+001
  0.17763708E+001
  0.17763709E+001
  0.17763709E+001
  0.17763710E+001
  0.17763710E+001
  0.17763711E+001
  0.17763712E+001
  0.17763712E+001
  0.17763713E+001
  0.17763714E+001
  0.17763715E+001
  0.17763715E+001
  0.17763716E+001
  0.17763717E+001
  0.17763717E+001
  0.17763718E+001
  0.17763719E+001
  0.17763720E+001
  0.17763720E+001
  0.17763721E+001
  0.17763722E+001
  0.17763722E+001
  0.17763723E+001
  0.17763724E+001
  0.17763724E+001
  0.17763725E+001
  0.17763726E+001
  0.17763726E+001
  0.17763727E+001
  0.17763728E+001
  0.17763728E+001
  0.17763729E+001
  0.17763730E+001
  0.17763731E+001
  0.17763731E+001
  0.17763732E+001
  0.17763733E+001
  0.17763734E+001
  0.17763735E+001
  0.17763736E+001
  0.17763737E+001
  0.17763738E+001
  0.17763739E+001
  0.17763740E+001
  0.17763741E+001
  0.17763742E+001
  0.17763743E+001
  0.17763744E+001
  0.17763745E+001
  0.17763747E+001
  0.17763748E+001
  0.17763749E+001
  0.17763751E+001
  0.17763752E+001
  0.17763754E+001
  0.17763755E+001
  0.17763757E+001
  0.17763759E+001
  0.17763760E+001
  0.17763762E+001
  0.17763764E+001
  0.17763766E+001
  0.17763768E+001
  0.17763769E+001
  0.17763771E+001
  0.17763773E+001
  0.17763775E+001
  0.17763777E+001
  0.17763779E+001
  0.17763782E+001
  0.17763784E+001
  0.17763786E+001
  0.17763788E+001
  0.17763790E+001
  0.17763792E+001
  0.17763795E+001
  0.17763797E+001
  0.17763799E+001
  0.17763802E+001
  0.17763804E+001
  0.17763806E+001
  0.17763809E+001
  0.17763811E+001
  0.17763813E+001
  0.17763816E+001
  0.17763818E+001
  0.17763821E+001
  0.17763823E+001
  0.17763825E+001
  0.17763828E+001
  0.17763830E+001
  0.17763832E+001
  0.17763835E+001
  0.17763837E+001
  0.17763840E+001
  0.17763842E+001
  0.17763844E+001
  0.17763846E+001
  0.17763849E+001
  0.17763851E+001
  0.17763853E+001
  0.17763855E+001
  0.17763858E+001
  0.17763860E+001
  0.17763862E+001
  0.17763864E+001
  0.17763866E+001
  0.17763868E+001
  0.17763870E+001
  0.17763872E+001
  0.17763874E+001
  0.17763876E+001
  0.17763878E+001
  0.17763880E+001
  0.17763881E+001
  0.17763883E+001
  0.17763885E+001
