 -0.11921776E+000  0.60389155E+000  0.54232138E+001  0.12139254E+003
 -0.11950238E+000  0.60345222E+000  0.54225161E+001  0.12139157E+003
 -0.11972713E+000  0.60309773E+000  0.54219434E+001  0.12139076E+003
 -0.11990322E+000  0.60281344E+000  0.54214723E+001  0.12139007E+003
 -0.12003994E+000  0.60258775E+000  0.54210866E+001  0.12138948E+003
 -0.12014443E+000  0.60241065E+000  0.54207732E+001  0.12138899E+003
 -0.12022279E+000  0.60227412E+000  0.54205209E+001  0.12138857E+003
 -0.12028009E+000  0.60217173E+000  0.54203202E+001  0.12138822E+003
 -0.12032009E+000  0.60209778E+000  0.54201630E+001  0.12138792E+003
 -0.12034575E+000  0.60204745E+000  0.54200424E+001  0.12138768E+003
 -0.12035900E+000  0.60201672E+000  0.54199527E+001  0.12138747E+003
 -0.12036247E+000  0.60200222E+000  0.54198890E+001  0.12138730E+003
 -0.12035819E+000  0.60200112E+000  0.54198473E+001  0.12138715E+003
 -0.12034772E+000  0.60201107E+000  0.54198241E+001  0.12138703E+003
 -0.12033233E+000  0.60203010E+000  0.54198166E+001  0.12138694E+003
 -0.12031301E+000  0.60205656E+000  0.54198222E+001  0.12138686E+003
 -0.12029057E+000  0.60208907E+000  0.54198390E+001  0.12138680E+003
 -0.12026569E+000  0.60212648E+000  0.54198653E+001  0.12138675E+003
 -0.12023890E+000  0.60216782E+000  0.54198994E+001  0.12138671E+003
 -0.12021065E+000  0.60221229E+000  0.54199403E+001  0.12138668E+003
 -0.12018115E+000  0.60225904E+000  0.54199869E+001  0.12138666E+003
 -0.12015082E+000  0.60230762E+000  0.54200383E+001  0.12138664E+003
 -0.12011996E+000  0.60235759E+000  0.54200938E+001  0.12138664E+003
 -0.12008879E+000  0.60240855E+000  0.54201526E+001  0.12138664E+003
 -0.12005749E+000  0.60246014E+000  0.54202144E+001  0.12138664E+003
 -0.12002621E+000  0.60251208E+000  0.54202785E+001  0.12138665E+003
 -0.11999508E+000  0.60256412E+000  0.54203447E+001  0.12138666E+003
 -0.11996421E+000  0.60261603E+000  0.54204125E+001  0.12138667E+003
 -0.11993368E+000  0.60266763E+000  0.54204817E+001  0.12138668E+003
 -0.11990357E+000  0.60271876E+000  0.54205519E+001  0.12138670E+003
 -0.11987393E+000  0.60276924E+000  0.54206230E+001  0.12138672E+003
 -0.11984480E+000  0.60281898E+000  0.54206946E+001  0.12138674E+003
 -0.11981627E+000  0.60286787E+000  0.54207667E+001  0.12138677E+003
 -0.11978836E+000  0.60291582E+000  0.54208390E+001  0.12138679E+003
 -0.11976110E+000  0.60296275E+000  0.54209113E+001  0.12138681E+003
 -0.11973452E+000  0.60300858E+000  0.54209835E+001  0.12138684E+003
 -0.11970863E+000  0.60305325E+000  0.54210555E+001  0.12138687E+003
 -0.11968346E+000  0.60309669E+000  0.54211271E+001  0.12138689E+003
 -0.11965901E+000  0.60313887E+000  0.54211981E+001  0.12138692E+003
 -0.11963530E+000  0.60317974E+000  0.54212685E+001  0.12138695E+003
 -0.11961233E+000  0.60321925E+000  0.54213381E+001  0.12138698E+003
 -0.11959010E+000  0.60325739E+000  0.54214068E+001  0.12138701E+003
 -0.11956863E+000  0.60329411E+000  0.54214745E+001  0.12138704E+003
 -0.11954789E+000  0.60332941E+000  0.54215410E+001  0.12138706E+003
 -0.11952791E+000  0.60336326E+000  0.54216064E+001  0.12138709E+003
 -0.11950868E+000  0.60339566E+000  0.54216704E+001  0.12138712E+003
 -0.11949020E+000  0.60342659E+000  0.54217330E+001  0.12138715E+003
 -0.11947247E+000  0.60345605E+000  0.54217942E+001  0.12138718E+003
 -0.11945548E+000  0.60348405E+000  0.54218537E+001  0.12138721E+003
 -0.11943924E+000  0.60351059E+000  0.54219116E+001  0.12138724E+003
 -0.11942374E+000  0.60353568E+000  0.54219678E+001  0.12138727E+003
 -0.11940898E+000  0.60355935E+000  0.54220222E+001  0.12138730E+003
 -0.11939495E+000  0.60358161E+000  0.54220748E+001  0.12138733E+003
 -0.11938165E+000  0.60360248E+000  0.54221255E+001  0.12138736E+003
 -0.11936907E+000  0.60362200E+000  0.54221743E+001  0.12138738E+003
 -0.11935719E+000  0.60364020E+000  0.54222212E+001  0.12138741E+003
 -0.11934602E+000  0.60365713E+000  0.54222661E+001  0.12138744E+003
 -0.11933553E+000  0.60367281E+000  0.54223090E+001  0.12138747E+003
 -0.11932570E+000  0.60368730E+000  0.54223499E+001  0.12138749E+003
 -0.11931653E+000  0.60370065E+000  0.54223889E+001  0.12138752E+003
 -0.11930799E+000  0.60371290E+000  0.54224259E+001  0.12138754E+003
 -0.11930006E+000  0.60372412E+000  0.54224610E+001  0.12138757E+003
 -0.11929272E+000  0.60373435E+000  0.54224941E+001  0.12138759E+003
 -0.11928595E+000  0.60374366E+000  0.54225254E+001  0.12138762E+003
 -0.11927971E+000  0.60375210E+000  0.54225548E+001  0.12138764E+003
 -0.11927398E+000  0.60375973E+000  0.54225824E+001  0.12138766E+003
 -0.11926874E+000  0.60376661E+000  0.54226083E+001  0.12138768E+003
 -0.11926395E+000  0.60377279E+000  0.54226325E+001  0.12138770E+003
 -0.11925958E+000  0.60377834E+000  0.54226551E+001  0.12138772E+003
 -0.11925562E+000  0.60378331E+000  0.54226761E+001  0.12138774E+003
 -0.11925203E+000  0.60378775E+000  0.54226956E+001  0.12138776E+003
 -0.11924878E+000  0.60379172E+000  0.54227137E+001  0.12138778E+003
 -0.11924584E+000  0.60379526E+000  0.54227305E+001  0.12138779E+003
 -0.11924320E+000  0.60379842E+000  0.54227461E+001  0.12138781E+003
 -0.11924082E+000  0.60380125E+000  0.54227604E+001  0.12138782E+003
 -0.11923868E+000  0.60380379E+000  0.54227737E+001  0.12138784E+003
 -0.11923677E+000  0.60380607E+000  0.54227859E+001  0.12138785E+003
 -0.11923505E+000  0.60380813E+000  0.54227972E+001  0.12138786E+003
 -0.11923352E+000  0.60380999E+000  0.54228076E+001  0.12138787E+003
 -0.11923214E+000  0.60381170E+000  0.54228173E+001  0.12138789E+003
 -0.11923092E+000  0.60381328E+000  0.54228261E+001  0.12138790E+003
 -0.11922982E+000  0.60381474E+000  0.54228344E+001  0.12138791E+003
 -0.11922885E+000  0.60381611E+000  0.54228420E+001  0.12138792E+003
 -0.11922798E+000  0.60381742E+000  0.54228490E+001  0.12138793E+003
 -0.11922720E+000  0.60381866E+000  0.54228556E+001  0.12138793E+003
 -0.11922650E+000  0.60381987E+000  0.54228617E+001  0.12138794E+003
 -0.11922588E+000  0.60382104E+000  0.54228674E+001  0.12138795E+003
 -0.11922533E+000  0.60382220E+000  0.54228728E+001  0.12138796E+003
 -0.11922483E+000  0.60382335E+000  0.54228779E+001  0.12138797E+003
 -0.11922438E+000  0.60382451E+000  0.54228827E+001  0.12138797E+003
 -0.11922398E+000  0.60382567E+000  0.54228872E+001  0.12138798E+003
 -0.11922362E+000  0.60382684E+000  0.54228916E+001  0.12138799E+003
 -0.11922330E+000  0.60382803E+000  0.54228958E+001  0.12138799E+003
 -0.11922300E+000  0.60382925E+000  0.54228999E+001  0.12138800E+003
 -0.11922273E+000  0.60383049E+000  0.54229039E+001  0.12138801E+003
 -0.11922248E+000  0.60383176E+000  0.54229078E+001  0.12138801E+003
 -0.11922225E+000  0.60383306E+000  0.54229116E+001  0.12138802E+003
 -0.11922204E+000  0.60383439E+000  0.54229153E+001  0.12138803E+003
 -0.11922184E+000  0.60383575E+000  0.54229190E+001  0.12138803E+003
 -0.11922165E+000  0.60383714E+000  0.54229228E+001  0.12138804E+003
 -0.11922148E+000  0.60383856E+000  0.54229265E+001  0.12138805E+003
 -0.11922132E+000  0.60384000E+000  0.54229302E+001  0.12138805E+003
 -0.11922116E+000  0.60384147E+000  0.54229340E+001  0.12138806E+003
 -0.11922101E+000  0.60384296E+000  0.54229378E+001  0.12138807E+003
 -0.11922086E+000  0.60384447E+000  0.54229416E+001  0.12138808E+003
 -0.11922073E+000  0.60384600E+000  0.54229456E+001  0.12138809E+003
 -0.11922059E+000  0.60384753E+000  0.54229495E+001  0.12138810E+003
 -0.11922047E+000  0.60384908E+000  0.54229536E+001  0.12138811E+003
 -0.11922034E+000  0.60385063E+000  0.54229578E+001  0.12138812E+003
 -0.11922022E+000  0.60385218E+000  0.54229620E+001  0.12138813E+003
 -0.11922011E+000  0.60385372E+000  0.54229663E+001  0.12138814E+003
 -0.11921999E+000  0.60385526E+000  0.54229708E+001  0.12138815E+003
 -0.11921989E+000  0.60385678E+000  0.54229753E+001  0.12138816E+003
 -0.11921978E+000  0.60385829E+000  0.54229800E+001  0.12138818E+003
 -0.11921968E+000  0.60385978E+000  0.54229847E+001  0.12138819E+003
 -0.11921958E+000  0.60386125E+000  0.54229896E+001  0.12138820E+003
 -0.11921949E+000  0.60386269E+000  0.54229946E+001  0.12138822E+003
 -0.11921940E+000  0.60386410E+000  0.54229996E+001  0.12138823E+003
 -0.11921931E+000  0.60386547E+000  0.54230048E+001  0.12138825E+003
 -0.11921922E+000  0.60386682E+000  0.54230101E+001  0.12138826E+003
 -0.11921914E+000  0.60386812E+000  0.54230154E+001  0.12138828E+003
 -0.11921907E+000  0.60386939E+000  0.54230208E+001  0.12138830E+003
 -0.11921899E+000  0.60387061E+000  0.54230263E+001  0.12138832E+003
 -0.11921892E+000  0.60387180E+000  0.54230318E+001  0.12138834E+003
 -0.11921885E+000  0.60387294E+000  0.54230374E+001  0.12138836E+003
 -0.11921879E+000  0.60387404E+000  0.54230430E+001  0.12138838E+003
 -0.11921872E+000  0.60387509E+000  0.54230487E+001  0.12138840E+003
 -0.11921867E+000  0.60387610E+000  0.54230543E+001  0.12138843E+003
 -0.11921861E+000  0.60387706E+000  0.54230600E+001  0.12138845E+003
 -0.11921856E+000  0.60387798E+000  0.54230656E+001  0.12138847E+003
 -0.11921851E+000  0.60387885E+000  0.54230712E+001  0.12138850E+003
 -0.11921846E+000  0.60387968E+000  0.54230768E+001  0.12138853E+003
 -0.11921841E+000  0.60388047E+000  0.54230823E+001  0.12138855E+003
 -0.11921837E+000  0.60388122E+000  0.54230878E+001  0.12138858E+003
 -0.11921833E+000  0.60388193E+000  0.54230932E+001  0.12138861E+003
 -0.11921829E+000  0.60388259E+000  0.54230985E+001  0.12138864E+003
 -0.11921826E+000  0.60388322E+000  0.54231037E+001  0.12138868E+003
 -0.11921822E+000  0.60388381E+000  0.54231088E+001  0.12138871E+003
 -0.11921819E+000  0.60388437E+000  0.54231138E+001  0.12138874E+003
 -0.11921816E+000  0.60388489E+000  0.54231187E+001  0.12138878E+003
 -0.11921813E+000  0.60388538E+000  0.54231235E+001  0.12138881E+003
 -0.11921811E+000  0.60388584E+000  0.54231281E+001  0.12138885E+003
 -0.11921808E+000  0.60388627E+000  0.54231326E+001  0.12138889E+003
 -0.11921806E+000  0.60388666E+000  0.54231369E+001  0.12138893E+003
 -0.11921804E+000  0.60388704E+000  0.54231411E+001  0.12138897E+003
 -0.11921802E+000  0.60388738E+000  0.54231451E+001  0.12138901E+003
 -0.11921800E+000  0.60388771E+000  0.54231490E+001  0.12138905E+003
 -0.11921798E+000  0.60388801E+000  0.54231528E+001  0.12138909E+003
 -0.11921796E+000  0.60388829E+000  0.54231564E+001  0.12138913E+003
 -0.11921795E+000  0.60388855E+000  0.54231598E+001  0.12138918E+003
 -0.11921793E+000  0.60388879E+000  0.54231631E+001  0.12138922E+003
 -0.11921792E+000  0.60388901E+000  0.54231662E+001  0.12138927E+003
 -0.11921791E+000  0.60388921E+000  0.54231692E+001  0.12138931E+003
 -0.11921790E+000  0.60388941E+000  0.54231720E+001  0.12138936E+003
 -0.11921789E+000  0.60388958E+000  0.54231747E+001  0.12138941E+003
 -0.11921788E+000  0.60388974E+000  0.54231773E+001  0.12138945E+003
 -0.11921787E+000  0.60388989E+000  0.54231797E+001  0.12138950E+003
 -0.11921786E+000  0.60389003E+000  0.54231820E+001  0.12138955E+003
 -0.11921785E+000  0.60389016E+000  0.54231841E+001  0.12138960E+003
 -0.11921784E+000  0.60389028E+000  0.54231862E+001  0.12138965E+003
 -0.11921784E+000  0.60389038E+000  0.54231881E+001  0.12138970E+003
 -0.11921783E+000  0.60389048E+000  0.54231899E+001  0.12138975E+003
 -0.11921783E+000  0.60389057E+000  0.54231916E+001  0.12138980E+003
 -0.11921782E+000  0.60389066E+000  0.54231932E+001  0.12138985E+003
 -0.11921782E+000  0.60389074E+000  0.54231947E+001  0.12138990E+003
 -0.11921781E+000  0.60389081E+000  0.54231961E+001  0.12138995E+003
 -0.11921781E+000  0.60389087E+000  0.54231974E+001  0.12139000E+003
 -0.11921780E+000  0.60389093E+000  0.54231986E+001  0.12139006E+003
 -0.11921780E+000  0.60389099E+000  0.54231997E+001  0.12139011E+003
 -0.11921780E+000  0.60389104E+000  0.54232008E+001  0.12139016E+003
 -0.11921779E+000  0.60389108E+000  0.54232018E+001  0.12139021E+003
 -0.11921779E+000  0.60389112E+000  0.54232027E+001  0.12139026E+003
 -0.11921779E+000  0.60389116E+000  0.54232036E+001  0.12139031E+003
 -0.11921778E+000  0.60389120E+000  0.54232044E+001  0.12139036E+003
 -0.11921778E+000  0.60389123E+000  0.54232051E+001  0.12139041E+003
 -0.11921778E+000  0.60389126E+000  0.54232058E+001  0.12139046E+003
 -0.11921778E+000  0.60389129E+000  0.54232064E+001  0.12139051E+003
 -0.11921778E+000  0.60389131E+000  0.54232070E+001  0.12139056E+003
 -0.11921777E+000  0.60389133E+000  0.54232076E+001  0.12139061E+003
 -0.11921777E+000  0.60389135E+000  0.54232081E+001  0.12139066E+003
 -0.11921777E+000  0.60389137E+000  0.54232085E+001  0.12139071E+003
 -0.11921777E+000  0.60389139E+000  0.54232090E+001  0.12139076E+003
 -0.11921777E+000  0.60389140E+000  0.54232094E+001  0.12139081E+003
 -0.11921777E+000  0.60389142E+000  0.54232097E+001  0.12139085E+003
 -0.11921777E+000  0.60389143E+000  0.54232101E+001  0.12139090E+003
 -0.11921777E+000  0.60389144E+000  0.54232104E+001  0.12139094E+003
 -0.11921777E+000  0.60389145E+000  0.54232107E+001  0.12139099E+003
 -0.11921777E+000  0.60389146E+000  0.54232109E+001  0.12139103E+003
 -0.11921777E+000  0.60389147E+000  0.54232112E+001  0.12139108E+003
 -0.11921777E+000  0.60389148E+000  0.54232114E+001  0.12139112E+003
 -0.11921776E+000  0.60389149E+000  0.54232116E+001  0.12139116E+003
 -0.11921776E+000  0.60389149E+000  0.54232118E+001  0.12139121E+003
 -0.11921776E+000  0.60389150E+000  0.54232120E+001  0.12139125E+003
 -0.11921776E+000  0.60389150E+000  0.54232121E+001  0.12139129E+003
 -0.11921776E+000  0.60389151E+000  0.54232123E+001  0.12139133E+003
 -0.11921776E+000  0.60389151E+000  0.54232124E+001  0.12139137E+003
 -0.11921776E+000  0.60389152E+000  0.54232125E+001  0.12139140E+003
 -0.11921776E+000  0.60389152E+000  0.54232126E+001  0.12139144E+003
 -0.11921776E+000  0.60389153E+000  0.54232127E+001  0.12139148E+003
 -0.11921776E+000  0.60389153E+000  0.54232128E+001  0.12139151E+003
