  0.62256581E+000  0.10102359E+001  0.12376446E+001  0.42384729E+001
  0.62248813E+000  0.10100804E+001  0.12376146E+001  0.42384679E+001
  0.62241276E+000  0.10099294E+001  0.12375138E+001  0.42384467E+001
  0.62234453E+000  0.10097928E+001  0.12374122E+001  0.42384223E+001
  0.62228373E+000  0.10096718E+001  0.12373209E+001  0.42383986E+001
  0.62222979E+000  0.10095658E+001  0.12372408E+001  0.42383768E+001
  0.62218292E+000  0.10094733E+001  0.12371712E+001  0.42383572E+001
  0.62214215E+000  0.10093931E+001  0.12369237E+001  0.42368064E+001
  0.62210646E+000  0.10093243E+001  0.12368633E+001  0.42367271E+001
  0.62207525E+000  0.10092670E+001  0.12368117E+001  0.42366664E+001
  0.62204794E+000  0.10092164E+001  0.12369718E+001  0.42382983E+001
  0.62202397E+000  0.10091722E+001  0.12369366E+001  0.42382876E+001
  0.62200299E+000  0.10091336E+001  0.12369057E+001  0.42382782E+001
  0.62198459E+000  0.10091000E+001  0.12368786E+001  0.42382698E+001
  0.62196844E+000  0.10090708E+001  0.12368548E+001  0.42382624E+001
  0.62195424E+000  0.10090454E+001  0.12368339E+001  0.42382558E+001
  0.62194173E+000  0.10090233E+001  0.12368155E+001  0.42382499E+001
  0.62193071E+000  0.10090041E+001  0.12367992E+001  0.42382446E+001
  0.62192096E+000  0.10089873E+001  0.12367848E+001  0.42382398E+001
  0.62191231E+000  0.10089727E+001  0.12367721E+001  0.42382355E+001
  0.62190462E+000  0.10089598E+001  0.12367607E+001  0.42382317E+001
  0.62189777E+000  0.10089486E+001  0.12367506E+001  0.42382281E+001
  0.62189164E+000  0.10089388E+001  0.12367416E+001  0.42382249E+001
  0.62188614E+000  0.10089301E+001  0.12367335E+001  0.42382220E+001
  0.62188118E+000  0.10089224E+001  0.12367262E+001  0.42382193E+001
  0.62187670E+000  0.10089156E+001  0.12367197E+001  0.42382168E+001
  0.62187263E+000  0.10089096E+001  0.12367138E+001  0.42382145E+001
  0.62186892E+000  0.10089043E+001  0.12367084E+001  0.42382124E+001
  0.62186552E+000  0.10088995E+001  0.12367036E+001  0.42382104E+001
  0.62186238E+000  0.10088952E+001  0.12366992E+001  0.42382085E+001
  0.62185949E+000  0.10088913E+001  0.12366952E+001  0.42382067E+001
  0.62185680E+000  0.10088878E+001  0.12366915E+001  0.42382051E+001
  0.62185429E+000  0.10088846E+001  0.12366882E+001  0.42382035E+001
  0.62185193E+000  0.10088817E+001  0.12366851E+001  0.42382020E+001
  0.62184972E+000  0.10088790E+001  0.12366823E+001  0.42382006E+001
  0.62184762E+000  0.10088766E+001  0.12366797E+001  0.42381992E+001
  0.62184564E+000  0.10088743E+001  0.12366773E+001  0.42381979E+001
  0.62184376E+000  0.10088722E+001  0.12366751E+001  0.42381967E+001
  0.62184196E+000  0.10088702E+001  0.12366730E+001  0.42381955E+001
  0.62184025E+000  0.10088684E+001  0.12366711E+001  0.42381943E+001
  0.62183862E+000  0.10088667E+001  0.12366694E+001  0.42381932E+001
  0.62183705E+000  0.10088651E+001  0.12366677E+001  0.42381922E+001
  0.62183556E+000  0.10088636E+001  0.12366662E+001  0.42381911E+001
  0.62183413E+000  0.10088621E+001  0.12366648E+001  0.42381901E+001
  0.62183276E+000  0.10088608E+001  0.12366635E+001  0.42381891E+001
  0.62183145E+000  0.10088596E+001  0.12366623E+001  0.42381882E+001
  0.62183021E+000  0.10088584E+001  0.12366611E+001  0.42381873E+001
  0.62182902E+000  0.10088573E+001  0.12366601E+001  0.42381864E+001
  0.62182790E+000  0.10088563E+001  0.12366591E+001  0.42381855E+001
  0.62182683E+000  0.10088553E+001  0.12366581E+001  0.42381847E+001
  0.62182582E+000  0.10088544E+001  0.12366573E+001  0.42381839E+001
  0.62182487E+000  0.10088536E+001  0.12366565E+001  0.42381831E+001
  0.62182398E+000  0.10088528E+001  0.12366558E+001  0.42381824E+001
  0.62182314E+000  0.10088521E+001  0.12366551E+001  0.42381817E+001
  0.62182236E+000  0.10088514E+001  0.12366544E+001  0.42381810E+001
  0.62182164E+000  0.10088508E+001  0.12366539E+001  0.42381803E+001
  0.62182097E+000  0.10088503E+001  0.12366533E+001  0.42381796E+001
  0.62182035E+000  0.10088498E+001  0.12366528E+001  0.42381790E+001
  0.62181979E+000  0.10088493E+001  0.12366524E+001  0.42381784E+001
  0.62181927E+000  0.10088489E+001  0.12366520E+001  0.42381778E+001
  0.62181881E+000  0.10088485E+001  0.12366516E+001  0.42381773E+001
  0.62181839E+000  0.10088482E+001  0.12366513E+001  0.42381767E+001
  0.62181801E+000  0.10088479E+001  0.12366510E+001  0.42381762E+001
  0.62181768E+000  0.10088476E+001  0.12366507E+001  0.42381757E+001
  0.62181739E+000  0.10088474E+001  0.12366505E+001  0.42381752E+001
  0.62181714E+000  0.10088472E+001  0.12366503E+001  0.42381747E+001
  0.62181693E+000  0.10088470E+001  0.12366501E+001  0.42381743E+001
  0.62181675E+000  0.10088469E+001  0.12366500E+001  0.42381739E+001
  0.62181660E+000  0.10088468E+001  0.12366499E+001  0.42381735E+001
  0.62181649E+000  0.10088467E+001  0.12366498E+001  0.42381731E+001
  0.62181640E+000  0.10088466E+001  0.12366497E+001  0.42381727E+001
  0.62181634E+000  0.10088466E+001  0.12366497E+001  0.42381723E+001
  0.62181630E+000  0.10088466E+001  0.12366496E+001  0.42381720E+001
  0.62181629E+000  0.10088466E+001  0.12366496E+001  0.42381717E+001
  0.62181630E+000  0.10088466E+001  0.12366496E+001  0.42381714E+001
  0.62181632E+000  0.10088466E+001  0.12366497E+001  0.42381711E+001
  0.62181637E+000  0.10088466E+001  0.12366497E+001  0.42381708E+001
  0.62181642E+000  0.10088467E+001  0.12366498E+001  0.42381705E+001
  0.62181649E+000  0.10088467E+001  0.12366499E+001  0.42381703E+001
  0.62181658E+000  0.10088468E+001  0.12366500E+001  0.42381700E+001
  0.62181667E+000  0.10088469E+001  0.12366501E+001  0.42381698E+001
  0.62181677E+000  0.10088470E+001  0.12366502E+001  0.42381696E+001
  0.62181688E+000  0.10088470E+001  0.12366503E+001  0.42381694E+001
  0.62181700E+000  0.10088471E+001  0.12366504E+001  0.42381692E+001
  0.62181712E+000  0.10088472E+001  0.12366506E+001  0.42381690E+001
  0.62181725E+000  0.10088473E+001  0.12366507E+001  0.42381689E+001
  0.62181737E+000  0.10088474E+001  0.12366509E+001  0.42381687E+001
  0.62181750E+000  0.10088475E+001  0.12366510E+001  0.42381686E+001
  0.62181763E+000  0.10088477E+001  0.12366512E+001  0.42381684E+001
  0.62181776E+000  0.10088478E+001  0.12366514E+001  0.42381683E+001
  0.62181789E+000  0.10088479E+001  0.12366515E+001  0.42381682E+001
  0.62181802E+000  0.10088480E+001  0.12366517E+001  0.42381680E+001
  0.62181815E+000  0.10088481E+001  0.12366519E+001  0.42381679E+001
  0.62181827E+000  0.10088482E+001  0.12366521E+001  0.42381678E+001
  0.62181840E+000  0.10088483E+001  0.12366522E+001  0.42381677E+001
  0.62181851E+000  0.10088484E+001  0.12366524E+001  0.42381676E+001
  0.62181863E+000  0.10088485E+001  0.12366526E+001  0.42381675E+001
  0.62181874E+000  0.10088486E+001  0.12366528E+001  0.42381674E+001
  0.62181885E+000  0.10088487E+001  0.12366530E+001  0.42381673E+001
  0.62181896E+000  0.10088487E+001  0.12366531E+001  0.42381672E+001
  0.62181906E+000  0.10088488E+001  0.12366533E+001  0.42381671E+001
  0.62181916E+000  0.10088489E+001  0.12366535E+001  0.42381671E+001
  0.62181925E+000  0.10088490E+001  0.12366537E+001  0.42381670E+001
  0.62181935E+000  0.10088491E+001  0.12366538E+001  0.42381669E+001
  0.62181943E+000  0.10088491E+001  0.12366540E+001  0.42381668E+001
  0.62181952E+000  0.10088492E+001  0.12366542E+001  0.42381668E+001
  0.62181960E+000  0.10088493E+001  0.12366543E+001  0.42381667E+001
  0.62181968E+000  0.10088493E+001  0.12366545E+001  0.42381667E+001
  0.62181976E+000  0.10088494E+001  0.12366547E+001  0.42381666E+001
  0.62181983E+000  0.10088495E+001  0.12366548E+001  0.42381666E+001
  0.62181990E+000  0.10088495E+001  0.12366550E+001  0.42381666E+001
  0.62181997E+000  0.10088496E+001  0.12366552E+001  0.42381666E+001
  0.62182003E+000  0.10088496E+001  0.12366553E+001  0.42381666E+001
  0.62182010E+000  0.10088497E+001  0.12366555E+001  0.42381666E+001
  0.62182016E+000  0.10088497E+001  0.12366557E+001  0.42381666E+001
  0.62182022E+000  0.10088498E+001  0.12366558E+001  0.42381666E+001
  0.62182027E+000  0.10088498E+001  0.12366560E+001  0.42381666E+001
  0.62182033E+000  0.10088499E+001  0.12366562E+001  0.42381667E+001
  0.62182038E+000  0.10088499E+001  0.12366563E+001  0.42381667E+001
  0.62182044E+000  0.10088500E+001  0.12366565E+001  0.42381668E+001
  0.62182049E+000  0.10088500E+001  0.12366566E+001  0.42381669E+001
  0.62182054E+000  0.10088501E+001  0.12366568E+001  0.42381670E+001
  0.62182058E+000  0.10088501E+001  0.12366570E+001  0.42381671E+001
  0.62182063E+000  0.10088501E+001  0.12366571E+001  0.42381673E+001
  0.62182068E+000  0.10088502E+001  0.12366573E+001  0.42381674E+001
  0.62182072E+000  0.10088502E+001  0.12366574E+001  0.42381676E+001
  0.62182077E+000  0.10088502E+001  0.12366576E+001  0.42381678E+001
  0.62182081E+000  0.10088503E+001  0.12366577E+001  0.42381680E+001
  0.62182085E+000  0.10088503E+001  0.12366579E+001  0.42381682E+001
  0.62182089E+000  0.10088503E+001  0.12366580E+001  0.42381684E+001
  0.62182093E+000  0.10088504E+001  0.12366582E+001  0.42381687E+001
  0.62182097E+000  0.10088504E+001  0.12366584E+001  0.42381690E+001
  0.62182101E+000  0.10088504E+001  0.12366585E+001  0.42381693E+001
  0.62182105E+000  0.10088505E+001  0.12366587E+001  0.42381696E+001
  0.62182109E+000  0.10088505E+001  0.12366588E+001  0.42381699E+001
  0.62182112E+000  0.10088505E+001  0.12366589E+001  0.42381703E+001
  0.62182116E+000  0.10088506E+001  0.12366591E+001  0.42381707E+001
  0.62182119E+000  0.10088506E+001  0.12366592E+001  0.42381711E+001
  0.62182123E+000  0.10088506E+001  0.12366594E+001  0.42381715E+001
  0.62182126E+000  0.10088506E+001  0.12366595E+001  0.42381719E+001
  0.62182130E+000  0.10088507E+001  0.12366597E+001  0.42381724E+001
  0.62182133E+000  0.10088507E+001  0.12366598E+001  0.42381729E+001
  0.62182136E+000  0.10088507E+001  0.12366599E+001  0.42381734E+001
  0.62182139E+000  0.10088507E+001  0.12366601E+001  0.42381739E+001
  0.62182142E+000  0.10088507E+001  0.12366602E+001  0.42381744E+001
  0.62182146E+000  0.10088508E+001  0.12366603E+001  0.42381750E+001
  0.62182149E+000  0.10088508E+001  0.12366604E+001  0.42381756E+001
  0.62182151E+000  0.10088508E+001  0.12366606E+001  0.42381762E+001
  0.62182154E+000  0.10088508E+001  0.12366607E+001  0.42381768E+001
  0.62182157E+000  0.10088508E+001  0.12366608E+001  0.42381774E+001
  0.62182160E+000  0.10088509E+001  0.12366609E+001  0.42381781E+001
  0.62182162E+000  0.10088509E+001  0.12366610E+001  0.42381788E+001
  0.62182165E+000  0.10088509E+001  0.12366611E+001  0.42381795E+001
  0.62182168E+000  0.10088509E+001  0.12366612E+001  0.42381802E+001
  0.62182170E+000  0.10088509E+001  0.12366613E+001  0.42381809E+001
  0.62182172E+000  0.10088509E+001  0.12366614E+001  0.42381816E+001
  0.62182175E+000  0.10088509E+001  0.12366615E+001  0.42381824E+001
  0.62182177E+000  0.10088510E+001  0.12366616E+001  0.42381832E+001
  0.62182179E+000  0.10088510E+001  0.12366617E+001  0.42381839E+001
  0.62182181E+000  0.10088510E+001  0.12366618E+001  0.42381847E+001
  0.62182183E+000  0.10088510E+001  0.12366619E+001  0.42381855E+001
  0.62182185E+000  0.10088510E+001  0.12366620E+001  0.42381863E+001
  0.62182187E+000  0.10088510E+001  0.12366620E+001  0.42381872E+001
  0.62182189E+000  0.10088510E+001  0.12366621E+001  0.42381880E+001
  0.62182190E+000  0.10088510E+001  0.12366622E+001  0.42381889E+001
  0.62182192E+000  0.10088510E+001  0.12366623E+001  0.42381897E+001
  0.62182194E+000  0.10088511E+001  0.12366623E+001  0.42381906E+001
  0.62182195E+000  0.10088511E+001  0.12366624E+001  0.42381914E+001
  0.62182197E+000  0.10088511E+001  0.12366624E+001  0.42381923E+001
  0.62182198E+000  0.10088511E+001  0.12366625E+001  0.42381932E+001
  0.62182199E+000  0.10088511E+001  0.12366626E+001  0.42381941E+001
  0.62182201E+000  0.10088511E+001  0.12366626E+001  0.42381949E+001
  0.62182202E+000  0.10088511E+001  0.12366627E+001  0.42381958E+001
  0.62182203E+000  0.10088511E+001  0.12366627E+001  0.42381967E+001
  0.62182204E+000  0.10088511E+001  0.12366628E+001  0.42381976E+001
  0.62182205E+000  0.10088511E+001  0.12366628E+001  0.42381985E+001
  0.62182206E+000  0.10088511E+001  0.12366629E+001  0.42381994E+001
  0.62182207E+000  0.10088511E+001  0.12366629E+001  0.42382002E+001
  0.62182208E+000  0.10088511E+001  0.12366629E+001  0.42382011E+001
  0.62182209E+000  0.10088511E+001  0.12366630E+001  0.42382020E+001
  0.62182210E+000  0.10088511E+001  0.12366630E+001  0.42382028E+001
  0.62182210E+000  0.10088511E+001  0.12366630E+001  0.42382037E+001
  0.62182211E+000  0.10088512E+001  0.12366631E+001  0.42382046E+001
  0.62182212E+000  0.10088512E+001  0.12366631E+001  0.42382054E+001
  0.62182212E+000  0.10088512E+001  0.12366631E+001  0.42382063E+001
  0.62182213E+000  0.10088512E+001  0.12366632E+001  0.42382071E+001
  0.62182213E+000  0.10088512E+001  0.12366632E+001  0.42382079E+001
  0.62182214E+000  0.10088512E+001  0.12366632E+001  0.42382087E+001
  0.62182214E+000  0.10088512E+001  0.12366632E+001  0.42382095E+001
  0.62182215E+000  0.10088512E+001  0.12366632E+001  0.42382103E+001
  0.62182215E+000  0.10088512E+001  0.12366633E+001  0.42382111E+001
  0.62182216E+000  0.10088512E+001  0.12366633E+001  0.42382119E+001
  0.62182216E+000  0.10088512E+001  0.12366633E+001  0.42382127E+001
  0.62182216E+000  0.10088512E+001  0.12366633E+001  0.42382134E+001
  0.62182217E+000  0.10088512E+001  0.12366633E+001  0.42382142E+001
  0.62182217E+000  0.10088512E+001  0.12366633E+001  0.42382149E+001
  0.62182217E+000  0.10088512E+001  0.12366634E+001  0.42382156E+001
  0.62182218E+000  0.10088512E+001  0.12366634E+001  0.42382163E+001
  0.62182218E+000  0.10088512E+001  0.12366634E+001  0.42382170E+001
  0.62182218E+000  0.10088512E+001  0.12366634E+001  0.42382177E+001
