  0.63689311E+000
  0.63686090E+000
  0.63681672E+000
  0.63677425E+000
  0.63673591E+000
  0.63670191E+000
  0.63667210E+000
  0.63664599E+000
  0.63662326E+000
  0.63660369E+000
  0.63658637E+000
  0.63657111E+000
  0.63655767E+000
  0.63654583E+000
  0.63653539E+000
  0.63652617E+000
  0.63651800E+000
  0.63651077E+000
  0.63650433E+000
  0.63649859E+000
  0.63649345E+000
  0.63648884E+000
  0.63648469E+000
  0.63648094E+000
  0.63647754E+000
  0.63647445E+000
  0.63647162E+000
  0.63646902E+000
  0.63646663E+000
  0.63646442E+000
  0.63646237E+000
  0.63646045E+000
  0.63645867E+000
  0.63645699E+000
  0.63645541E+000
  0.63645392E+000
  0.63645251E+000
  0.63645117E+000
  0.63644990E+000
  0.63644869E+000
  0.63644754E+000
  0.63644644E+000
  0.63644539E+000
  0.63644438E+000
  0.63644343E+000
  0.63644251E+000
  0.63644164E+000
  0.63644081E+000
  0.63644002E+000
  0.63643926E+000
  0.63643854E+000
  0.63643786E+000
  0.63643722E+000
  0.63643661E+000
  0.63643603E+000
  0.63643549E+000
  0.63643498E+000
  0.63643450E+000
  0.63643405E+000
  0.63643363E+000
  0.63643324E+000
  0.63643287E+000
  0.63643254E+000
  0.63643223E+000
  0.63643194E+000
  0.63643168E+000
  0.63643144E+000
  0.63643122E+000
  0.63643102E+000
  0.63643084E+000
  0.63643067E+000
  0.63643053E+000
  0.63643040E+000
  0.63643028E+000
  0.63643018E+000
  0.63643009E+000
  0.63643002E+000
  0.63642995E+000
  0.63642990E+000
  0.63642985E+000
  0.63642981E+000
  0.63642978E+000
  0.63642976E+000
  0.63642975E+000
  0.63642973E+000
  0.63642973E+000
  0.63642972E+000
  0.63642973E+000
  0.63642973E+000
  0.63642973E+000
  0.63642974E+000
  0.63642975E+000
  0.63642975E+000
  0.63642976E+000
  0.63642977E+000
  0.63642978E+000
  0.63642978E+000
  0.63642979E+000
  0.63642979E+000
  0.63642979E+000
  0.63642980E+000
  0.63642980E+000
  0.63642979E+000
  0.63642979E+000
  0.63642979E+000
  0.63642978E+000
  0.63642977E+000
  0.63642977E+000
  0.63642976E+000
  0.63642975E+000
  0.63642973E+000
  0.63642972E+000
  0.63642971E+000
  0.63642969E+000
  0.63642967E+000
  0.63642966E+000
  0.63642964E+000
  0.63642962E+000
  0.63642960E+000
  0.63642958E+000
  0.63642956E+000
  0.63642953E+000
  0.63642951E+000
  0.63642949E+000
  0.63642946E+000
  0.63642944E+000
  0.63642942E+000
  0.63642939E+000
  0.63642937E+000
  0.63642934E+000
  0.63642932E+000
  0.63642929E+000
  0.63642927E+000
  0.63642924E+000
  0.63642921E+000
  0.63642919E+000
  0.63642916E+000
  0.63642914E+000
  0.63642911E+000
  0.63642908E+000
  0.63642906E+000
  0.63642903E+000
  0.63642901E+000
  0.63642898E+000
  0.63642896E+000
  0.63642893E+000
  0.63642891E+000
  0.63642888E+000
  0.63642886E+000
  0.63642883E+000
  0.63642881E+000
  0.63642879E+000
  0.63642876E+000
  0.63642874E+000
  0.63642872E+000
  0.63642870E+000
  0.63642867E+000
  0.63642865E+000
  0.63642863E+000
  0.63642861E+000
  0.63642859E+000
  0.63642857E+000
  0.63642855E+000
  0.63642853E+000
  0.63642852E+000
  0.63642850E+000
  0.63642848E+000
  0.63642846E+000
  0.63642845E+000
  0.63642843E+000
  0.63642841E+000
  0.63642840E+000
  0.63642838E+000
  0.63642837E+000
  0.63642836E+000
  0.63642834E+000
  0.63642833E+000
  0.63642832E+000
  0.63642830E+000
  0.63642829E+000
  0.63642828E+000
  0.63642827E+000
  0.63642826E+000
  0.63642825E+000
  0.63642824E+000
  0.63642823E+000
  0.63642822E+000
  0.63642821E+000
  0.63642820E+000
  0.63642819E+000
  0.63642818E+000
  0.63642818E+000
  0.63642817E+000
  0.63642816E+000
  0.63642815E+000
  0.63642815E+000
  0.63642814E+000
  0.63642814E+000
  0.63642813E+000
  0.63642812E+000
