  0.90270005E+000
  0.90313131E+000
  0.90348116E+000
  0.90377495E+000
  0.90402339E+000
  0.90423374E+000
  0.90441197E+000
  0.90456289E+000
  0.90469076E+000
  0.90479932E+000
  0.90489091E+000
  0.90496816E+000
  0.90503332E+000
  0.90508821E+000
  0.90513440E+000
  0.90517319E+000
  0.90520570E+000
  0.90523284E+000
  0.90525544E+000
  0.90527415E+000
  0.90528955E+000
  0.90530213E+000
  0.90531232E+000
  0.90532046E+000
  0.90532687E+000
  0.90533182E+000
  0.90533553E+000
  0.90533820E+000
  0.90534000E+000
  0.90534107E+000
  0.90534154E+000
  0.90534152E+000
  0.90534109E+000
  0.90534035E+000
  0.90533936E+000
  0.90533817E+000
  0.90533684E+000
  0.90533540E+000
  0.90533389E+000
  0.90533234E+000
  0.90533077E+000
  0.90532919E+000
  0.90532762E+000
  0.90532608E+000
  0.90532457E+000
  0.90532309E+000
  0.90532166E+000
  0.90532028E+000
  0.90531894E+000
  0.90531765E+000
  0.90531642E+000
  0.90531523E+000
  0.90531410E+000
  0.90531301E+000
  0.90531198E+000
  0.90531099E+000
  0.90531005E+000
  0.90530916E+000
  0.90530832E+000
  0.90530752E+000
  0.90530676E+000
  0.90530605E+000
  0.90530538E+000
  0.90530474E+000
  0.90530415E+000
  0.90530359E+000
  0.90530306E+000
  0.90530256E+000
  0.90530210E+000
  0.90530167E+000
  0.90530126E+000
  0.90530087E+000
  0.90530051E+000
  0.90530017E+000
  0.90529986E+000
  0.90529955E+000
  0.90529927E+000
  0.90529900E+000
  0.90529875E+000
  0.90529850E+000
  0.90529827E+000
  0.90529806E+000
  0.90529785E+000
  0.90529765E+000
  0.90529746E+000
  0.90529728E+000
  0.90529711E+000
  0.90529695E+000
  0.90529679E+000
  0.90529665E+000
  0.90529651E+000
  0.90529638E+000
  0.90529625E+000
  0.90529613E+000
  0.90529602E+000
  0.90529591E+000
  0.90529581E+000
  0.90529572E+000
  0.90529562E+000
  0.90529554E+000
  0.90529546E+000
  0.90529538E+000
  0.90529531E+000
  0.90529523E+000
  0.90529517E+000
  0.90529510E+000
  0.90529504E+000
  0.90529498E+000
  0.90529493E+000
  0.90529487E+000
  0.90529482E+000
  0.90529477E+000
  0.90529472E+000
  0.90529467E+000
  0.90529463E+000
  0.90529458E+000
  0.90529454E+000
  0.90529450E+000
  0.90529446E+000
  0.90529442E+000
  0.90529438E+000
  0.90529434E+000
  0.90529430E+000
  0.90529426E+000
  0.90529423E+000
  0.90529419E+000
  0.90529416E+000
  0.90529412E+000
  0.90529409E+000
  0.90529405E+000
  0.90529402E+000
  0.90529398E+000
  0.90529395E+000
  0.90529392E+000
  0.90529388E+000
  0.90529385E+000
  0.90529382E+000
  0.90529379E+000
  0.90529375E+000
  0.90529372E+000
  0.90529369E+000
  0.90529366E+000
  0.90529363E+000
  0.90529360E+000
  0.90529357E+000
  0.90529354E+000
  0.90529351E+000
  0.90529348E+000
  0.90529345E+000
  0.90529342E+000
  0.90529339E+000
  0.90529336E+000
  0.90529333E+000
  0.90529330E+000
  0.90529328E+000
  0.90529325E+000
  0.90529322E+000
  0.90529320E+000
  0.90529317E+000
  0.90529315E+000
  0.90529312E+000
  0.90529310E+000
  0.90529308E+000
  0.90529305E+000
  0.90529303E+000
  0.90529301E+000
  0.90529299E+000
  0.90529296E+000
  0.90529294E+000
  0.90529292E+000
  0.90529290E+000
  0.90529288E+000
  0.90529287E+000
  0.90529285E+000
  0.90529283E+000
  0.90529281E+000
  0.90529280E+000
  0.90529278E+000
  0.90529277E+000
  0.90529275E+000
  0.90529274E+000
  0.90529272E+000
  0.90529271E+000
  0.90529269E+000
  0.90529268E+000
  0.90529267E+000
  0.90529266E+000
  0.90529265E+000
  0.90529263E+000
  0.90529262E+000
  0.90529261E+000
  0.90529260E+000
  0.90529259E+000
  0.90529258E+000
  0.90529258E+000
  0.90529257E+000
  0.90529256E+000
  0.90529255E+000
  0.90529254E+000
  0.90529253E+000
