  0.31825102E+002
  0.31824506E+002
  0.31824015E+002
  0.31823609E+002
  0.31823275E+002
  0.31823003E+002
  0.31822782E+002
  0.31822604E+002
  0.31822462E+002
  0.31822351E+002
  0.31822266E+002
  0.31822202E+002
  0.31822157E+002
  0.31822127E+002
  0.31822109E+002
  0.31822102E+002
  0.31822104E+002
  0.31822114E+002
  0.31822130E+002
  0.31822151E+002
  0.31822177E+002
  0.31822206E+002
  0.31822238E+002
  0.31822273E+002
  0.31822310E+002
  0.31822349E+002
  0.31822389E+002
  0.31822430E+002
  0.31822471E+002
  0.31822514E+002
  0.31822556E+002
  0.31822599E+002
  0.31822642E+002
  0.31822685E+002
  0.31822728E+002
  0.31822771E+002
  0.31822813E+002
  0.31822855E+002
  0.31822896E+002
  0.31822937E+002
  0.31822977E+002
  0.31823016E+002
  0.31823055E+002
  0.31823093E+002
  0.31823130E+002
  0.31823166E+002
  0.31823202E+002
  0.31823236E+002
  0.31823270E+002
  0.31823302E+002
  0.31823334E+002
  0.31823364E+002
  0.31823394E+002
  0.31823422E+002
  0.31823449E+002
  0.31823475E+002
  0.31823501E+002
  0.31823525E+002
  0.31823548E+002
  0.31823569E+002
  0.31823590E+002
  0.31823610E+002
  0.31823629E+002
  0.31823646E+002
  0.31823663E+002
  0.31823679E+002
  0.31823693E+002
  0.31823707E+002
  0.31823720E+002
  0.31823732E+002
  0.31823744E+002
  0.31823754E+002
  0.31823764E+002
  0.31823774E+002
  0.31823782E+002
  0.31823790E+002
  0.31823798E+002
  0.31823805E+002
  0.31823811E+002
  0.31823817E+002
  0.31823823E+002
  0.31823828E+002
  0.31823833E+002
  0.31823837E+002
  0.31823842E+002
  0.31823846E+002
  0.31823849E+002
  0.31823853E+002
  0.31823857E+002
  0.31823860E+002
  0.31823863E+002
  0.31823866E+002
  0.31823869E+002
  0.31823873E+002
  0.31823876E+002
  0.31823879E+002
  0.31823882E+002
  0.31823885E+002
  0.31823888E+002
  0.31823891E+002
  0.31823894E+002
  0.31823897E+002
  0.31823900E+002
  0.31823904E+002
  0.31823907E+002
  0.31823911E+002
  0.31823915E+002
  0.31823919E+002
  0.31823923E+002
  0.31823927E+002
  0.31823931E+002
  0.31823935E+002
  0.31823940E+002
  0.31823945E+002
  0.31823950E+002
  0.31823955E+002
  0.31823960E+002
  0.31823965E+002
  0.31823971E+002
  0.31823977E+002
  0.31823983E+002
  0.31823989E+002
  0.31823995E+002
  0.31824002E+002
  0.31824009E+002
  0.31824016E+002
  0.31824023E+002
  0.31824031E+002
  0.31824038E+002
  0.31824046E+002
  0.31824054E+002
  0.31824063E+002
  0.31824071E+002
  0.31824080E+002
  0.31824089E+002
  0.31824098E+002
  0.31824107E+002
  0.31824117E+002
  0.31824127E+002
  0.31824137E+002
  0.31824147E+002
  0.31824158E+002
  0.31824168E+002
  0.31824179E+002
  0.31824190E+002
  0.31824201E+002
  0.31824213E+002
  0.31824224E+002
  0.31824236E+002
  0.31824248E+002
  0.31824260E+002
  0.31824272E+002
  0.31824284E+002
  0.31824297E+002
  0.31824309E+002
  0.31824322E+002
  0.31824335E+002
  0.31824347E+002
  0.31824360E+002
  0.31824373E+002
  0.31824386E+002
  0.31824399E+002
  0.31824412E+002
  0.31824426E+002
  0.31824439E+002
  0.31824452E+002
  0.31824465E+002
  0.31824478E+002
  0.31824491E+002
  0.31824504E+002
  0.31824518E+002
  0.31824531E+002
  0.31824544E+002
  0.31824556E+002
  0.31824569E+002
  0.31824582E+002
  0.31824595E+002
  0.31824607E+002
  0.31824620E+002
  0.31824632E+002
  0.31824644E+002
  0.31824656E+002
  0.31824668E+002
  0.31824680E+002
  0.31824692E+002
  0.31824703E+002
  0.31824715E+002
  0.31824726E+002
  0.31824737E+002
  0.31824748E+002
  0.31824759E+002
  0.31824769E+002
  0.31824779E+002
  0.31824790E+002
  0.31824799E+002
  0.31824809E+002
  0.31824819E+002
  0.31824828E+002
  0.31824837E+002
  0.31824846E+002
