  0.46626308E-001
  0.48837339E-001
  0.49896636E-001
  0.50223753E-001
  0.50125909E-001
  0.49811459E-001
  0.49410867E-001
  0.48999261E-001
  0.48615423E-001
  0.48275952E-001
  0.47984947E-001
  0.47740093E-001
  0.47536427E-001
  0.47368028E-001
  0.47229252E-001
  0.47115004E-001
  0.47020978E-001
  0.46943570E-001
  0.46879837E-001
  0.46827345E-001
  0.46784148E-001
  0.46748636E-001
  0.46719503E-001
  0.46695691E-001
  0.46676313E-001
  0.46660637E-001
  0.46648061E-001
  0.46638074E-001
  0.46630248E-001
  0.46624225E-001
  0.46619700E-001
  0.46616413E-001
  0.46614143E-001
  0.46612703E-001
  0.46611933E-001
  0.46611695E-001
  0.46611875E-001
  0.46612374E-001
  0.46613111E-001
  0.46614015E-001
  0.46615031E-001
  0.46616112E-001
  0.46617220E-001
  0.46618326E-001
  0.46619407E-001
  0.46620448E-001
  0.46621433E-001
  0.46622353E-001
  0.46623206E-001
  0.46623984E-001
  0.46624692E-001
  0.46625325E-001
  0.46625888E-001
  0.46626383E-001
  0.46626814E-001
  0.46627183E-001
  0.46627495E-001
  0.46627755E-001
  0.46627965E-001
  0.46628132E-001
  0.46628259E-001
  0.46628348E-001
  0.46628407E-001
  0.46628437E-001
  0.46628441E-001
  0.46628424E-001
  0.46628388E-001
  0.46628336E-001
  0.46628271E-001
  0.46628195E-001
  0.46628109E-001
  0.46628017E-001
  0.46627919E-001
  0.46627817E-001
  0.46627714E-001
  0.46627609E-001
  0.46627506E-001
  0.46627404E-001
  0.46627306E-001
  0.46627210E-001
  0.46627120E-001
  0.46627036E-001
  0.46626957E-001
  0.46626884E-001
  0.46626819E-001
  0.46626759E-001
  0.46626706E-001
  0.46626660E-001
  0.46626619E-001
  0.46626584E-001
  0.46626554E-001
  0.46626529E-001
  0.46626507E-001
  0.46626490E-001
  0.46626475E-001
  0.46626464E-001
  0.46626454E-001
  0.46626447E-001
  0.46626440E-001
  0.46626435E-001
  0.46626430E-001
  0.46626427E-001
  0.46626424E-001
  0.46626421E-001
  0.46626418E-001
  0.46626415E-001
  0.46626413E-001
  0.46626410E-001
  0.46626408E-001
  0.46626405E-001
  0.46626403E-001
  0.46626400E-001
  0.46626397E-001
  0.46626394E-001
  0.46626391E-001
  0.46626388E-001
  0.46626386E-001
  0.46626382E-001
  0.46626380E-001
  0.46626377E-001
  0.46626374E-001
  0.46626371E-001
  0.46626368E-001
  0.46626366E-001
  0.46626363E-001
  0.46626360E-001
  0.46626358E-001
  0.46626356E-001
  0.46626353E-001
  0.46626351E-001
  0.46626349E-001
  0.46626347E-001
  0.46626345E-001
  0.46626343E-001
  0.46626341E-001
  0.46626340E-001
  0.46626338E-001
  0.46626336E-001
  0.46626335E-001
  0.46626333E-001
  0.46626332E-001
  0.46626331E-001
  0.46626330E-001
  0.46626328E-001
  0.46626327E-001
  0.46626326E-001
  0.46626325E-001
  0.46626324E-001
  0.46626323E-001
  0.46626322E-001
  0.46626321E-001
  0.46626321E-001
  0.46626320E-001
  0.46626319E-001
  0.46626318E-001
  0.46626318E-001
  0.46626317E-001
  0.46626316E-001
  0.46626316E-001
  0.46626315E-001
  0.46626315E-001
  0.46626314E-001
  0.46626314E-001
  0.46626313E-001
  0.46626313E-001
  0.46626313E-001
  0.46626312E-001
  0.46626312E-001
  0.46626311E-001
  0.46626311E-001
  0.46626311E-001
  0.46626311E-001
  0.46626310E-001
  0.46626310E-001
  0.46626310E-001
  0.46626310E-001
  0.46626310E-001
  0.46626309E-001
  0.46626309E-001
  0.46626309E-001
  0.46626309E-001
  0.46626309E-001
  0.46626309E-001
  0.46626309E-001
  0.46626309E-001
  0.46626309E-001
  0.46626308E-001
  0.46626309E-001
  0.46626309E-001
  0.46626309E-001
  0.46626309E-001
  0.46626309E-001
  0.46626309E-001
  0.46626309E-001
  0.46626309E-001
  0.46626309E-001
  0.46626309E-001
  0.46626308E-001
  0.46626298E-001
  0.46626296E-001
