  0.13124710E+000
  0.13126219E+000
  0.13127721E+000
  0.13129117E+000
  0.13130358E+000
  0.13131426E+000
  0.13132326E+000
  0.13133070E+000
  0.13133674E+000
  0.13134158E+000
  0.13134537E+000
  0.13134828E+000
  0.13135043E+000
  0.13135195E+000
  0.13135292E+000
  0.13135344E+000
  0.13135356E+000
  0.13135334E+000
  0.13135283E+000
  0.13135208E+000
  0.13135110E+000
  0.13134994E+000
  0.13134862E+000
  0.13134715E+000
  0.13134555E+000
  0.13134384E+000
  0.13134203E+000
  0.13134014E+000
  0.13133817E+000
  0.13133613E+000
  0.13133403E+000
  0.13133187E+000
  0.13132968E+000
  0.13132744E+000
  0.13132516E+000
  0.13132286E+000
  0.13132054E+000
  0.13131820E+000
  0.13131585E+000
  0.13131349E+000
  0.13131114E+000
  0.13130878E+000
  0.13130644E+000
  0.13130410E+000
  0.13130179E+000
  0.13129950E+000
  0.13129724E+000
  0.13129501E+000
  0.13129282E+000
  0.13129067E+000
  0.13128856E+000
  0.13128650E+000
  0.13128450E+000
  0.13128255E+000
  0.13128066E+000
  0.13127883E+000
  0.13127706E+000
  0.13127536E+000
  0.13127372E+000
  0.13127215E+000
  0.13127065E+000
  0.13126921E+000
  0.13126785E+000
  0.13126654E+000
  0.13126531E+000
  0.13126414E+000
  0.13126304E+000
  0.13126199E+000
  0.13126101E+000
  0.13126009E+000
  0.13125922E+000
  0.13125841E+000
  0.13125765E+000
  0.13125693E+000
  0.13125627E+000
  0.13125565E+000
  0.13125507E+000
  0.13125453E+000
  0.13125403E+000
  0.13125356E+000
  0.13125313E+000
  0.13125273E+000
  0.13125235E+000
  0.13125200E+000
  0.13125168E+000
  0.13125138E+000
  0.13125110E+000
  0.13125084E+000
  0.13125059E+000
  0.13125037E+000
  0.13125016E+000
  0.13124996E+000
  0.13124978E+000
  0.13124961E+000
  0.13124945E+000
  0.13124930E+000
  0.13124915E+000
  0.13124902E+000
  0.13124890E+000
  0.13124878E+000
  0.13124867E+000
  0.13124857E+000
  0.13124847E+000
  0.13124838E+000
  0.13124830E+000
  0.13124821E+000
  0.13124814E+000
  0.13124807E+000
  0.13124800E+000
  0.13124794E+000
  0.13124788E+000
  0.13124782E+000
  0.13124777E+000
  0.13124772E+000
  0.13124767E+000
  0.13124763E+000
  0.13124759E+000
  0.13124755E+000
  0.13124752E+000
  0.13124748E+000
  0.13124745E+000
  0.13124742E+000
  0.13124740E+000
  0.13124737E+000
  0.13124735E+000
  0.13124733E+000
  0.13124731E+000
  0.13124729E+000
  0.13124728E+000
  0.13124726E+000
  0.13124725E+000
  0.13124724E+000
  0.13124722E+000
  0.13124721E+000
  0.13124720E+000
  0.13124719E+000
  0.13124719E+000
  0.13124718E+000
  0.13124717E+000
  0.13124717E+000
  0.13124716E+000
  0.13124715E+000
  0.13124715E+000
  0.13124715E+000
  0.13124714E+000
  0.13124714E+000
  0.13124713E+000
  0.13124713E+000
  0.13124713E+000
  0.13124713E+000
  0.13124712E+000
  0.13124712E+000
  0.13124712E+000
  0.13124712E+000
  0.13124712E+000
  0.13124711E+000
  0.13124711E+000
  0.13124711E+000
  0.13124711E+000
  0.13124711E+000
  0.13124711E+000
  0.13124711E+000
  0.13124711E+000
  0.13124711E+000
  0.13124710E+000
  0.13124710E+000
  0.13124710E+000
  0.13124710E+000
  0.13124710E+000
  0.13124710E+000
  0.13124710E+000
  0.13124710E+000
  0.13124710E+000
  0.13124710E+000
  0.13124710E+000
  0.13124710E+000
  0.13124710E+000
  0.13124710E+000
  0.13124710E+000
  0.13124710E+000
  0.13124710E+000
  0.13124710E+000
  0.13124710E+000
  0.13124710E+000
  0.13124710E+000
  0.13124710E+000
  0.13124710E+000
  0.13124710E+000
  0.13124710E+000
  0.13124710E+000
  0.13124710E+000
  0.13124710E+000
  0.13124710E+000
  0.13124710E+000
  0.13124710E+000
  0.13124710E+000
  0.13124710E+000
  0.13124710E+000
  0.13124710E+000
  0.13124710E+000
