  0.53182286E-005
  0.55704202E-005
  0.56912444E-005
  0.57285556E-005
  0.57173955E-005
  0.56815290E-005
  0.56358373E-005
  0.55888892E-005
  0.55451084E-005
  0.55063880E-005
  0.54731958E-005
  0.54452677E-005
  0.54220373E-005
  0.54028297E-005
  0.53870007E-005
  0.53739695E-005
  0.53632449E-005
  0.53544157E-005
  0.53471462E-005
  0.53411590E-005
  0.53362319E-005
  0.53321814E-005
  0.53288585E-005
  0.53261424E-005
  0.53239321E-005
  0.53221442E-005
  0.53207098E-005
  0.53195706E-005
  0.53186780E-005
  0.53179910E-005
  0.53174749E-005
  0.53170999E-005
  0.53168410E-005
  0.53166768E-005
  0.53165890E-005
  0.53165618E-005
  0.53165824E-005
  0.53166392E-005
  0.53167233E-005
  0.53168264E-005
  0.53169423E-005
  0.53170656E-005
  0.53171920E-005
  0.53173182E-005
  0.53174415E-005
  0.53175602E-005
  0.53176725E-005
  0.53177775E-005
  0.53178747E-005
  0.53179635E-005
  0.53180442E-005
  0.53181165E-005
  0.53181807E-005
  0.53182371E-005
  0.53182863E-005
  0.53183283E-005
  0.53183639E-005
  0.53183936E-005
  0.53184176E-005
  0.53184366E-005
  0.53184511E-005
  0.53184613E-005
  0.53184680E-005
  0.53184714E-005
  0.53184718E-005
  0.53184699E-005
  0.53184658E-005
  0.53184599E-005
  0.53184525E-005
  0.53184438E-005
  0.53184340E-005
  0.53184234E-005
  0.53184123E-005
  0.53184007E-005
  0.53183889E-005
  0.53183770E-005
  0.53183652E-005
  0.53183536E-005
  0.53183423E-005
  0.53183315E-005
  0.53183212E-005
  0.53183116E-005
  0.53183026E-005
  0.53182943E-005
  0.53182868E-005
  0.53182800E-005
  0.53182740E-005
  0.53182687E-005
  0.53182641E-005
  0.53182600E-005
  0.53182566E-005
  0.53182537E-005
  0.53182513E-005
  0.53182493E-005
  0.53182477E-005
  0.53182463E-005
  0.53182452E-005
  0.53182444E-005
  0.53182436E-005
  0.53182430E-005
  0.53182425E-005
  0.53182421E-005
  0.53182418E-005
  0.53182414E-005
  0.53182411E-005
  0.53182408E-005
  0.53182405E-005
  0.53182402E-005
  0.53182400E-005
  0.53182397E-005
  0.53182394E-005
  0.53182390E-005
  0.53182387E-005
  0.53182384E-005
  0.53182381E-005
  0.53182377E-005
  0.53182374E-005
  0.53182371E-005
  0.53182367E-005
  0.53182364E-005
  0.53182361E-005
  0.53182358E-005
  0.53182354E-005
  0.53182351E-005
  0.53182348E-005
  0.53182345E-005
  0.53182343E-005
  0.53182340E-005
  0.53182337E-005
  0.53182335E-005
  0.53182332E-005
  0.53182330E-005
  0.53182328E-005
  0.53182326E-005
  0.53182324E-005
  0.53182322E-005
  0.53182320E-005
  0.53182318E-005
  0.53182316E-005
  0.53182315E-005
  0.53182313E-005
  0.53182312E-005
  0.53182310E-005
  0.53182309E-005
  0.53182308E-005
  0.53182306E-005
  0.53182305E-005
  0.53182304E-005
  0.53182303E-005
  0.53182302E-005
  0.53182301E-005
  0.53182300E-005
  0.53182299E-005
  0.53182298E-005
  0.53182298E-005
  0.53182297E-005
  0.53182296E-005
  0.53182295E-005
  0.53182295E-005
  0.53182294E-005
  0.53182293E-005
  0.53182293E-005
  0.53182292E-005
  0.53182291E-005
  0.53182291E-005
  0.53182291E-005
  0.53182290E-005
  0.53182290E-005
  0.53182289E-005
  0.53182289E-005
  0.53182289E-005
  0.53182289E-005
  0.53182288E-005
  0.53182288E-005
  0.53182288E-005
  0.53182287E-005
  0.53182287E-005
  0.53182287E-005
  0.53182287E-005
  0.53182287E-005
  0.53182287E-005
  0.53182287E-005
  0.53182286E-005
  0.53182286E-005
  0.53182286E-005
  0.53182286E-005
  0.53182286E-005
  0.53182286E-005
  0.53182286E-005
  0.53182286E-005
  0.53182286E-005
  0.53182286E-005
  0.53182287E-005
  0.53182286E-005
  0.53182287E-005
  0.53182287E-005
  0.53182287E-005
  0.53182286E-005
  0.53182275E-005
  0.53182272E-005
