  0.26138386E+000
  0.26828647E+000
  0.26947163E+000
  0.26915986E+000
  0.26836139E+000
  0.26742094E+000
  0.26649392E+000
  0.26563289E+000
  0.26485953E+000
  0.26419325E+000
  0.26366370E+000
  0.26324236E+000
  0.26290403E+000
  0.26263061E+000
  0.26240863E+000
  0.26222753E+000
  0.26207923E+000
  0.26195734E+000
  0.26185694E+000
  0.26177399E+000
  0.26170543E+000
  0.26164869E+000
  0.26160175E+000
  0.26156298E+000
  0.26153099E+000
  0.26150467E+000
  0.26148309E+000
  0.26146545E+000
  0.26145111E+000
  0.26143951E+000
  0.26143018E+000
  0.26142272E+000
  0.26141680E+000
  0.26141213E+000
  0.26140846E+000
  0.26140558E+000
  0.26140333E+000
  0.26140155E+000
  0.26140013E+000
  0.26139897E+000
  0.26139799E+000
  0.26139714E+000
  0.26139636E+000
  0.26139563E+000
  0.26139492E+000
  0.26139422E+000
  0.26139352E+000
  0.26139283E+000
  0.26139213E+000
  0.26139144E+000
  0.26139077E+000
  0.26139012E+000
  0.26138949E+000
  0.26138889E+000
  0.26138833E+000
  0.26138780E+000
  0.26138732E+000
  0.26138688E+000
  0.26138649E+000
  0.26138613E+000
  0.26138582E+000
  0.26138555E+000
  0.26138531E+000
  0.26138511E+000
  0.26138495E+000
  0.26138481E+000
  0.26138469E+000
  0.26138461E+000
  0.26138454E+000
  0.26138449E+000
  0.26138446E+000
  0.26138444E+000
  0.26138443E+000
  0.26138443E+000
  0.26138444E+000
  0.26138446E+000
  0.26138449E+000
  0.26138451E+000
  0.26138455E+000
  0.26138459E+000
  0.26138464E+000
  0.26138469E+000
  0.26138474E+000
  0.26138479E+000
  0.26138486E+000
  0.26138492E+000
  0.26138498E+000
  0.26138505E+000
  0.26138512E+000
  0.26138519E+000
  0.26138526E+000
  0.26138532E+000
  0.26138539E+000
  0.26138545E+000
  0.26138551E+000
  0.26138557E+000
  0.26138562E+000
  0.26138567E+000
  0.26138571E+000
  0.26138575E+000
  0.26138578E+000
  0.26138580E+000
  0.26138582E+000
  0.26138584E+000
  0.26138585E+000
  0.26138585E+000
  0.26138585E+000
  0.26138584E+000
  0.26138583E+000
  0.26138582E+000
  0.26138580E+000
  0.26138577E+000
  0.26138575E+000
  0.26138572E+000
  0.26138568E+000
  0.26138565E+000
  0.26138561E+000
  0.26138557E+000
  0.26138553E+000
  0.26138549E+000
  0.26138544E+000
  0.26138540E+000
  0.26138535E+000
  0.26138530E+000
  0.26138526E+000
  0.26138521E+000
  0.26138516E+000
  0.26138512E+000
  0.26138507E+000
  0.26138502E+000
  0.26138498E+000
  0.26138494E+000
  0.26138489E+000
  0.26138485E+000
  0.26138481E+000
  0.26138477E+000
  0.26138473E+000
  0.26138470E+000
  0.26138466E+000
  0.26138463E+000
  0.26138459E+000
  0.26138456E+000
  0.26138453E+000
  0.26138450E+000
  0.26138447E+000
  0.26138444E+000
  0.26138442E+000
  0.26138439E+000
  0.26138437E+000
  0.26138434E+000
  0.26138432E+000
  0.26138430E+000
  0.26138428E+000
  0.26138426E+000
  0.26138424E+000
  0.26138422E+000
  0.26138420E+000
  0.26138418E+000
  0.26138417E+000
  0.26138415E+000
  0.26138414E+000
  0.26138412E+000
  0.26138411E+000
  0.26138409E+000
  0.26138408E+000
  0.26138407E+000
  0.26138406E+000
  0.26138405E+000
  0.26138404E+000
  0.26138403E+000
  0.26138402E+000
  0.26138401E+000
  0.26138400E+000
  0.26138399E+000
  0.26138398E+000
  0.26138398E+000
  0.26138397E+000
  0.26138396E+000
  0.26138395E+000
  0.26138395E+000
  0.26138394E+000
  0.26138394E+000
  0.26138393E+000
  0.26138393E+000
  0.26138392E+000
  0.26138392E+000
  0.26138391E+000
  0.26138391E+000
  0.26138391E+000
  0.26138390E+000
  0.26138390E+000
  0.26138390E+000
  0.26138390E+000
  0.26138389E+000
  0.26138389E+000
  0.26138389E+000
  0.26138389E+000
  0.26138388E+000
  0.26138386E+000
  0.26138385E+000
