  0.21475755E+000
  0.21944914E+000
  0.21957499E+000
  0.21893611E+000
  0.21823548E+000
  0.21760948E+000
  0.21708305E+000
  0.21663363E+000
  0.21624410E+000
  0.21591730E+000
  0.21567876E+000
  0.21550226E+000
  0.21536760E+000
  0.21526258E+000
  0.21517938E+000
  0.21511253E+000
  0.21505825E+000
  0.21501377E+000
  0.21497710E+000
  0.21494665E+000
  0.21492128E+000
  0.21490006E+000
  0.21488225E+000
  0.21486729E+000
  0.21485468E+000
  0.21484403E+000
  0.21483503E+000
  0.21482738E+000
  0.21482086E+000
  0.21481528E+000
  0.21481048E+000
  0.21480631E+000
  0.21480266E+000
  0.21479942E+000
  0.21479652E+000
  0.21479388E+000
  0.21479145E+000
  0.21478917E+000
  0.21478702E+000
  0.21478495E+000
  0.21478296E+000
  0.21478103E+000
  0.21477914E+000
  0.21477730E+000
  0.21477551E+000
  0.21477377E+000
  0.21477209E+000
  0.21477047E+000
  0.21476893E+000
  0.21476746E+000
  0.21476608E+000
  0.21476479E+000
  0.21476360E+000
  0.21476251E+000
  0.21476151E+000
  0.21476062E+000
  0.21475983E+000
  0.21475913E+000
  0.21475852E+000
  0.21475800E+000
  0.21475756E+000
  0.21475720E+000
  0.21475691E+000
  0.21475668E+000
  0.21475650E+000
  0.21475638E+000
  0.21475631E+000
  0.21475627E+000
  0.21475627E+000
  0.21475629E+000
  0.21475635E+000
  0.21475642E+000
  0.21475651E+000
  0.21475661E+000
  0.21475673E+000
  0.21475685E+000
  0.21475698E+000
  0.21475711E+000
  0.21475725E+000
  0.21475738E+000
  0.21475752E+000
  0.21475765E+000
  0.21475778E+000
  0.21475791E+000
  0.21475804E+000
  0.21475816E+000
  0.21475828E+000
  0.21475839E+000
  0.21475850E+000
  0.21475860E+000
  0.21475870E+000
  0.21475880E+000
  0.21475888E+000
  0.21475896E+000
  0.21475904E+000
  0.21475911E+000
  0.21475917E+000
  0.21475922E+000
  0.21475927E+000
  0.21475931E+000
  0.21475935E+000
  0.21475938E+000
  0.21475940E+000
  0.21475942E+000
  0.21475943E+000
  0.21475943E+000
  0.21475944E+000
  0.21475943E+000
  0.21475942E+000
  0.21475941E+000
  0.21475940E+000
  0.21475937E+000
  0.21475935E+000
  0.21475932E+000
  0.21475929E+000
  0.21475926E+000
  0.21475923E+000
  0.21475919E+000
  0.21475915E+000
  0.21475911E+000
  0.21475907E+000
  0.21475902E+000
  0.21475898E+000
  0.21475894E+000
  0.21475889E+000
  0.21475885E+000
  0.21475880E+000
  0.21475876E+000
  0.21475872E+000
  0.21475867E+000
  0.21475863E+000
  0.21475859E+000
  0.21475855E+000
  0.21475851E+000
  0.21475847E+000
  0.21475843E+000
  0.21475840E+000
  0.21475836E+000
  0.21475833E+000
  0.21475829E+000
  0.21475826E+000
  0.21475823E+000
  0.21475820E+000
  0.21475817E+000
  0.21475814E+000
  0.21475812E+000
  0.21475809E+000
  0.21475807E+000
  0.21475804E+000
  0.21475802E+000
  0.21475800E+000
  0.21475798E+000
  0.21475796E+000
  0.21475794E+000
  0.21475792E+000
  0.21475790E+000
  0.21475788E+000
  0.21475787E+000
  0.21475785E+000
  0.21475784E+000
  0.21475782E+000
  0.21475781E+000
  0.21475779E+000
  0.21475778E+000
  0.21475777E+000
  0.21475776E+000
  0.21475775E+000
  0.21475774E+000
  0.21475773E+000
  0.21475772E+000
  0.21475771E+000
  0.21475770E+000
  0.21475769E+000
  0.21475768E+000
  0.21475767E+000
  0.21475767E+000
  0.21475766E+000
  0.21475765E+000
  0.21475765E+000
  0.21475764E+000
  0.21475763E+000
  0.21475763E+000
  0.21475762E+000
  0.21475762E+000
  0.21475761E+000
  0.21475761E+000
  0.21475761E+000
  0.21475760E+000
  0.21475760E+000
  0.21475760E+000
  0.21475759E+000
  0.21475759E+000
  0.21475759E+000
  0.21475758E+000
  0.21475758E+000
  0.21475758E+000
  0.21475758E+000
  0.21475757E+000
  0.21475756E+000
  0.21475756E+000
