  0.14115454E+000
  0.14213183E+000
  0.14274748E+000
  0.14311745E+000
  0.14332161E+000
  0.14341476E+000
  0.14343450E+000
  0.14340420E+000
  0.14334180E+000
  0.14325330E+000
  0.14312819E+000
  0.14298776E+000
  0.14284437E+000
  0.14270488E+000
  0.14257291E+000
  0.14245012E+000
  0.14233710E+000
  0.14223377E+000
  0.14213969E+000
  0.14205424E+000
  0.14197672E+000
  0.14190642E+000
  0.14184264E+000
  0.14178476E+000
  0.14173217E+000
  0.14168433E+000
  0.14164077E+000
  0.14160106E+000
  0.14156479E+000
  0.14153164E+000
  0.14150130E+000
  0.14147349E+000
  0.14144798E+000
  0.14142455E+000
  0.14140302E+000
  0.14138321E+000
  0.14136498E+000
  0.14134819E+000
  0.14133273E+000
  0.14131847E+000
  0.14130532E+000
  0.14129319E+000
  0.14128200E+000
  0.14127166E+000
  0.14126212E+000
  0.14125331E+000
  0.14124516E+000
  0.14123762E+000
  0.14123065E+000
  0.14122421E+000
  0.14121824E+000
  0.14121272E+000
  0.14120761E+000
  0.14120288E+000
  0.14119851E+000
  0.14119448E+000
  0.14119075E+000
  0.14118731E+000
  0.14118415E+000
  0.14118124E+000
  0.14117858E+000
  0.14117613E+000
  0.14117390E+000
  0.14117186E+000
  0.14117000E+000
  0.14116831E+000
  0.14116678E+000
  0.14116539E+000
  0.14116413E+000
  0.14116300E+000
  0.14116198E+000
  0.14116106E+000
  0.14116024E+000
  0.14115950E+000
  0.14115884E+000
  0.14115826E+000
  0.14115773E+000
  0.14115727E+000
  0.14115686E+000
  0.14115650E+000
  0.14115619E+000
  0.14115592E+000
  0.14115568E+000
  0.14115548E+000
  0.14115531E+000
  0.14115517E+000
  0.14115506E+000
  0.14115496E+000
  0.14115489E+000
  0.14115483E+000
  0.14115479E+000
  0.14115476E+000
  0.14115474E+000
  0.14115474E+000
  0.14115474E+000
  0.14115474E+000
  0.14115475E+000
  0.14115477E+000
  0.14115479E+000
  0.14115481E+000
  0.14115483E+000
  0.14115485E+000
  0.14115487E+000
  0.14115489E+000
  0.14115491E+000
  0.14115493E+000
  0.14115495E+000
  0.14115497E+000
  0.14115499E+000
  0.14115500E+000
  0.14115502E+000
  0.14115503E+000
  0.14115504E+000
  0.14115505E+000
  0.14115506E+000
  0.14115507E+000
  0.14115508E+000
  0.14115508E+000
  0.14115509E+000
  0.14115509E+000
  0.14115509E+000
  0.14115509E+000
  0.14115509E+000
  0.14115509E+000
  0.14115509E+000
  0.14115509E+000
  0.14115508E+000
  0.14115508E+000
  0.14115507E+000
  0.14115507E+000
  0.14115506E+000
  0.14115505E+000
  0.14115505E+000
  0.14115504E+000
  0.14115503E+000
  0.14115502E+000
  0.14115501E+000
  0.14115500E+000
  0.14115499E+000
  0.14115498E+000
  0.14115496E+000
  0.14115495E+000
  0.14115494E+000
  0.14115493E+000
  0.14115492E+000
  0.14115491E+000
  0.14115489E+000
  0.14115488E+000
  0.14115487E+000
  0.14115486E+000
  0.14115484E+000
  0.14115483E+000
  0.14115482E+000
  0.14115481E+000
  0.14115480E+000
  0.14115479E+000
  0.14115478E+000
  0.14115477E+000
  0.14115476E+000
  0.14115475E+000
  0.14115474E+000
  0.14115473E+000
  0.14115472E+000
  0.14115471E+000
  0.14115470E+000
  0.14115469E+000
  0.14115468E+000
  0.14115467E+000
  0.14115467E+000
  0.14115466E+000
  0.14115465E+000
  0.14115465E+000
  0.14115464E+000
  0.14115463E+000
  0.14115463E+000
  0.14115462E+000
  0.14115462E+000
  0.14115461E+000
  0.14115461E+000
  0.14115460E+000
  0.14115460E+000
  0.14115459E+000
  0.14115459E+000
  0.14115459E+000
  0.14115458E+000
  0.14115458E+000
  0.14115458E+000
  0.14115458E+000
  0.14115457E+000
  0.14115457E+000
  0.14115457E+000
  0.14115457E+000
  0.14115456E+000
  0.14115456E+000
  0.14115456E+000
  0.14115456E+000
  0.14115456E+000
  0.14115455E+000
  0.14115454E+000
  0.14115454E+000
