  0.86193873E+000
  0.86213240E+000
  0.86227681E+000
  0.86238706E+000
  0.86247118E+000
  0.86253467E+000
  0.86258166E+000
  0.86261530E+000
  0.86263812E+000
  0.86265206E+000
  0.86265849E+000
  0.86265900E+000
  0.86265480E+000
  0.86264687E+000
  0.86263597E+000
  0.86262271E+000
  0.86260760E+000
  0.86259104E+000
  0.86257336E+000
  0.86255484E+000
  0.86253570E+000
  0.86251613E+000
  0.86249628E+000
  0.86247629E+000
  0.86245625E+000
  0.86243626E+000
  0.86241639E+000
  0.86239672E+000
  0.86237728E+000
  0.86235814E+000
  0.86233932E+000
  0.86232086E+000
  0.86230279E+000
  0.86228513E+000
  0.86226791E+000
  0.86225113E+000
  0.86223480E+000
  0.86221895E+000
  0.86220358E+000
  0.86218868E+000
  0.86217428E+000
  0.86216037E+000
  0.86214695E+000
  0.86213402E+000
  0.86212159E+000
  0.86210965E+000
  0.86209820E+000
  0.86208723E+000
  0.86207675E+000
  0.86206676E+000
  0.86205723E+000
  0.86204819E+000
  0.86203961E+000
  0.86203149E+000
  0.86202382E+000
  0.86201660E+000
  0.86200981E+000
  0.86200345E+000
  0.86199750E+000
  0.86199195E+000
  0.86198679E+000
  0.86198201E+000
  0.86197758E+000
  0.86197349E+000
  0.86196974E+000
  0.86196629E+000
  0.86196314E+000
  0.86196026E+000
  0.86195764E+000
  0.86195526E+000
  0.86195311E+000
  0.86195117E+000
  0.86194943E+000
  0.86194786E+000
  0.86194646E+000
  0.86194521E+000
  0.86194410E+000
  0.86194311E+000
  0.86194225E+000
  0.86194148E+000
  0.86194081E+000
  0.86194023E+000
  0.86193973E+000
  0.86193930E+000
  0.86193893E+000
  0.86193861E+000
  0.86193835E+000
  0.86193813E+000
  0.86193796E+000
  0.86193782E+000
  0.86193771E+000
  0.86193762E+000
  0.86193756E+000
  0.86193752E+000
  0.86193749E+000
  0.86193748E+000
  0.86193748E+000
  0.86193749E+000
  0.86193751E+000
  0.86193754E+000
  0.86193756E+000
  0.86193760E+000
  0.86193763E+000
  0.86193767E+000
  0.86193770E+000
  0.86193774E+000
  0.86193778E+000
  0.86193781E+000
  0.86193785E+000
  0.86193788E+000
  0.86193792E+000
  0.86193795E+000
  0.86193798E+000
  0.86193801E+000
  0.86193804E+000
  0.86193807E+000
  0.86193810E+000
  0.86193812E+000
  0.86193815E+000
  0.86193817E+000
  0.86193819E+000
  0.86193822E+000
  0.86193824E+000
  0.86193826E+000
  0.86193828E+000
  0.86193829E+000
  0.86193831E+000
  0.86193833E+000
  0.86193835E+000
  0.86193836E+000
  0.86193838E+000
  0.86193839E+000
  0.86193841E+000
  0.86193842E+000
  0.86193844E+000
  0.86193845E+000
  0.86193846E+000
  0.86193848E+000
  0.86193849E+000
  0.86193850E+000
  0.86193851E+000
  0.86193853E+000
  0.86193854E+000
  0.86193855E+000
  0.86193856E+000
  0.86193857E+000
  0.86193858E+000
  0.86193859E+000
  0.86193860E+000
  0.86193861E+000
  0.86193862E+000
  0.86193862E+000
  0.86193863E+000
  0.86193864E+000
  0.86193865E+000
  0.86193866E+000
  0.86193866E+000
  0.86193867E+000
  0.86193868E+000
  0.86193868E+000
  0.86193869E+000
  0.86193870E+000
  0.86193870E+000
  0.86193871E+000
  0.86193871E+000
  0.86193872E+000
  0.86193872E+000
  0.86193872E+000
  0.86193873E+000
  0.86193873E+000
  0.86193874E+000
  0.86193874E+000
  0.86193874E+000
  0.86193875E+000
  0.86193875E+000
  0.86193875E+000
  0.86193875E+000
  0.86193876E+000
  0.86193876E+000
  0.86193876E+000
  0.86193876E+000
  0.86193876E+000
  0.86193876E+000
  0.86193876E+000
  0.86193877E+000
  0.86193877E+000
  0.86193877E+000
  0.86193877E+000
  0.86193877E+000
  0.86193877E+000
  0.86193877E+000
  0.86193877E+000
  0.86193877E+000
  0.86193877E+000
  0.86193877E+000
  0.86193877E+000
  0.86193877E+000
  0.86193877E+000
  0.86193877E+000
  0.86193877E+000
