  0.35757104E+000
  0.35753939E+000
  0.35750482E+000
  0.35747423E+000
  0.35744610E+000
  0.35742106E+000
  0.35739999E+000
  0.35738078E+000
  0.35736451E+000
  0.35734984E+000
  0.35733713E+000
  0.35732590E+000
  0.35731621E+000
  0.35730766E+000
  0.35729987E+000
  0.35729314E+000
  0.35728708E+000
  0.35728169E+000
  0.35727706E+000
  0.35727288E+000
  0.35726919E+000
  0.35726589E+000
  0.35726312E+000
  0.35726043E+000
  0.35725799E+000
  0.35725581E+000
  0.35725388E+000
  0.35725209E+000
  0.35725110E+000
  0.35724958E+000
  0.35724816E+000
  0.35724684E+000
  0.35724562E+000
  0.35724455E+000
  0.35724349E+000
  0.35724250E+000
  0.35724157E+000
  0.35724070E+000
  0.35723987E+000
  0.35723908E+000
  0.35723833E+000
  0.35723763E+000
  0.35723696E+000
  0.35723632E+000
  0.35723571E+000
  0.35723513E+000
  0.35723459E+000
  0.35723408E+000
  0.35723359E+000
  0.35723313E+000
  0.35723270E+000
  0.35723229E+000
  0.35723191E+000
  0.35723155E+000
  0.35723121E+000
  0.35723090E+000
  0.35723060E+000
  0.35723033E+000
  0.35723008E+000
  0.35722985E+000
  0.35722964E+000
  0.35722938E+000
  0.35722920E+000
  0.35722904E+000
  0.35722889E+000
  0.35722876E+000
  0.35722864E+000
  0.35722853E+000
  0.35722844E+000
  0.35722836E+000
  0.35722828E+000
  0.35722822E+000
  0.35722816E+000
  0.35722811E+000
  0.35722807E+000
  0.35722803E+000
  0.35722800E+000
  0.35722797E+000
  0.35722795E+000
  0.35722793E+000
  0.35722791E+000
  0.35722789E+000
  0.35722788E+000
  0.35722787E+000
  0.35722786E+000
  0.35722785E+000
  0.35722784E+000
  0.35722783E+000
  0.35722782E+000
  0.35722781E+000
  0.35722780E+000
  0.35722779E+000
  0.35722778E+000
  0.35722775E+000
  0.35722773E+000
  0.35722772E+000
  0.35722770E+000
  0.35722769E+000
  0.35722767E+000
  0.35722765E+000
  0.35722763E+000
  0.35722761E+000
  0.35722760E+000
  0.35722757E+000
  0.35722755E+000
  0.35722753E+000
  0.35722751E+000
  0.35722749E+000
  0.35722746E+000
  0.35722744E+000
  0.35722742E+000
  0.35722739E+000
  0.35722737E+000
  0.35722735E+000
  0.35722733E+000
  0.35722730E+000
  0.35722728E+000
  0.35722726E+000
  0.35722724E+000
  0.35722722E+000
  0.35722720E+000
  0.35722718E+000
  0.35722716E+000
  0.35722714E+000
  0.35722712E+000
  0.35722711E+000
  0.35722709E+000
  0.35722708E+000
  0.35722707E+000
  0.35722706E+000
  0.35722705E+000
  0.35722704E+000
  0.35722703E+000
  0.35722702E+000
  0.35722702E+000
  0.35722702E+000
  0.35722701E+000
  0.35722702E+000
  0.35722702E+000
  0.35722702E+000
  0.35722703E+000
  0.35722703E+000
  0.35722704E+000
  0.35722705E+000
  0.35722707E+000
  0.35722708E+000
  0.35722710E+000
  0.35722711E+000
  0.35722713E+000
  0.35722716E+000
  0.35722718E+000
  0.35722721E+000
  0.35722723E+000
  0.35722726E+000
  0.35722729E+000
  0.35722733E+000
  0.35722736E+000
  0.35722740E+000
  0.35722744E+000
  0.35722748E+000
  0.35722752E+000
  0.35722756E+000
  0.35722760E+000
  0.35722765E+000
  0.35722770E+000
  0.35722774E+000
  0.35722779E+000
  0.35722785E+000
  0.35722790E+000
  0.35722795E+000
  0.35722800E+000
  0.35722806E+000
  0.35722811E+000
  0.35722817E+000
  0.35722823E+000
  0.35722829E+000
  0.35722834E+000
  0.35722840E+000
  0.35722846E+000
  0.35722852E+000
  0.35722858E+000
  0.35722864E+000
  0.35722870E+000
  0.35722876E+000
  0.35722882E+000
  0.35722888E+000
  0.35722894E+000
  0.35722900E+000
  0.35722906E+000
  0.35722912E+000
  0.35722918E+000
  0.35722924E+000
  0.35722929E+000
  0.35722935E+000
  0.35722941E+000
  0.35722946E+000
  0.35722952E+000
  0.35722957E+000
  0.35722963E+000
  0.35722968E+000
