  0.45959189E+000
  0.45962230E+000
  0.45965037E+000
  0.45967659E+000
  0.45969958E+000
  0.45971966E+000
  0.45973822E+000
  0.45975371E+000
  0.45976688E+000
  0.45977821E+000
  0.45978852E+000
  0.45979763E+000
  0.45980534E+000
  0.45981215E+000
  0.45981777E+000
  0.45982294E+000
  0.45982731E+000
  0.45983118E+000
  0.45983443E+000
  0.45983846E+000
  0.45984114E+000
  0.45984376E+000
  0.45984596E+000
  0.45984782E+000
  0.45984988E+000
  0.45985141E+000
  0.45985283E+000
  0.45985406E+000
  0.45985530E+000
  0.45985638E+000
  0.45985733E+000
  0.45985819E+000
  0.45985900E+000
  0.45985975E+000
  0.45986045E+000
  0.45986110E+000
  0.45986172E+000
  0.45986227E+000
  0.45986282E+000
  0.45986322E+000
  0.45986371E+000
  0.45986418E+000
  0.45986461E+000
  0.45986502E+000
  0.45986541E+000
  0.45986577E+000
  0.45986611E+000
  0.45986645E+000
  0.45986667E+000
  0.45986695E+000
  0.45986722E+000
  0.45986748E+000
  0.45986771E+000
  0.45986793E+000
  0.45986813E+000
  0.45986831E+000
  0.45986848E+000
  0.45986863E+000
  0.45986878E+000
  0.45986890E+000
  0.45986901E+000
  0.45986911E+000
  0.45986921E+000
  0.45986930E+000
  0.45986936E+000
  0.45986940E+000
  0.45986944E+000
  0.45986947E+000
  0.45986950E+000
  0.45986955E+000
  0.45986956E+000
  0.45986957E+000
  0.45986956E+000
  0.45986955E+000
  0.45986953E+000
  0.45986951E+000
  0.45986948E+000
  0.45986945E+000
  0.45986942E+000
  0.45986938E+000
  0.45986935E+000
  0.45986931E+000
  0.45986927E+000
  0.45986922E+000
  0.45986917E+000
  0.45986911E+000
  0.45986906E+000
  0.45986901E+000
  0.45986896E+000
  0.45986890E+000
  0.45986885E+000
  0.45986871E+000
  0.45986865E+000
  0.45986860E+000
  0.45986855E+000
  0.45986847E+000
  0.45986842E+000
  0.45986837E+000
  0.45986832E+000
  0.45986827E+000
  0.45986822E+000
  0.45986818E+000
  0.45986813E+000
  0.45986809E+000
  0.45986804E+000
  0.45986800E+000
  0.45986796E+000
  0.45986792E+000
  0.45986788E+000
  0.45986784E+000
  0.45986780E+000
  0.45986776E+000
  0.45986773E+000
  0.45986769E+000
  0.45986766E+000
  0.45986763E+000
  0.45986759E+000
  0.45986756E+000
  0.45986754E+000
  0.45986751E+000
  0.45986748E+000
  0.45986746E+000
  0.45986743E+000
  0.45986741E+000
  0.45986739E+000
  0.45986737E+000
  0.45986735E+000
  0.45986733E+000
  0.45986732E+000
  0.45986730E+000
  0.45986729E+000
  0.45986728E+000
  0.45986727E+000
  0.45986726E+000
  0.45986726E+000
  0.45986725E+000
  0.45986725E+000
  0.45986725E+000
  0.45986725E+000
  0.45986726E+000
  0.45986726E+000
  0.45986727E+000
  0.45986728E+000
  0.45986729E+000
  0.45986730E+000
  0.45986731E+000
  0.45986733E+000
  0.45986735E+000
  0.45986737E+000
  0.45986739E+000
  0.45986741E+000
  0.45986744E+000
  0.45986746E+000
  0.45986749E+000
  0.45986752E+000
  0.45986755E+000
  0.45986758E+000
  0.45986762E+000
  0.45986765E+000
  0.45986769E+000
  0.45986773E+000
  0.45986777E+000
  0.45986781E+000
  0.45986785E+000
  0.45986789E+000
  0.45986794E+000
  0.45986798E+000
  0.45986803E+000
  0.45986808E+000
  0.45986812E+000
  0.45986817E+000
  0.45986822E+000
  0.45986827E+000
  0.45986832E+000
  0.45986837E+000
  0.45986842E+000
  0.45986847E+000
  0.45986852E+000
  0.45986857E+000
  0.45986863E+000
  0.45986868E+000
  0.45986873E+000
  0.45986878E+000
  0.45986883E+000
  0.45986888E+000
  0.45986894E+000
  0.45986899E+000
  0.45986904E+000
  0.45986909E+000
  0.45986914E+000
  0.45986919E+000
  0.45986924E+000
  0.45986929E+000
  0.45986933E+000
  0.45986938E+000
  0.45986943E+000
  0.45986947E+000
  0.45986952E+000
  0.45986956E+000
  0.45986961E+000
