  0.81427371E+000
  0.81427417E+000
  0.81427460E+000
  0.81427499E+000
  0.81427534E+000
  0.81427564E+000
  0.81427591E+000
  0.81427615E+000
  0.81427637E+000
  0.81427656E+000
  0.81427673E+000
  0.81427688E+000
  0.81427702E+000
  0.81427715E+000
  0.81427726E+000
  0.81427736E+000
  0.81427746E+000
  0.81427754E+000
  0.81427762E+000
  0.81427770E+000
  0.81427776E+000
  0.81427783E+000
  0.81427788E+000
  0.81427794E+000
  0.81427799E+000
  0.81427804E+000
  0.81427808E+000
  0.81427812E+000
  0.81427816E+000
  0.81427820E+000
  0.81427824E+000
  0.81427827E+000
  0.81427830E+000
  0.81427833E+000
  0.81427836E+000
  0.81427838E+000
  0.81427841E+000
  0.81427843E+000
  0.81427845E+000
  0.81427847E+000
  0.81427849E+000
  0.81427851E+000
  0.81427852E+000
  0.81427853E+000
  0.81427854E+000
  0.81427855E+000
  0.81427856E+000
  0.81427856E+000
  0.81427856E+000
  0.81427856E+000
  0.81427856E+000
  0.81427856E+000
  0.81427855E+000
  0.81427855E+000
  0.81427854E+000
  0.81427852E+000
  0.81427851E+000
  0.81427849E+000
  0.81427848E+000
  0.81427846E+000
  0.81427843E+000
  0.81427841E+000
  0.81427838E+000
  0.81427836E+000
  0.81427833E+000
  0.81427829E+000
  0.81427826E+000
  0.81427822E+000
  0.81427819E+000
  0.81427815E+000
  0.81427811E+000
  0.81427806E+000
  0.81427802E+000
  0.81427797E+000
  0.81427792E+000
  0.81427787E+000
  0.81427782E+000
  0.81427777E+000
  0.81427772E+000
  0.81427766E+000
  0.81427760E+000
  0.81427755E+000
  0.81427749E+000
  0.81427743E+000
  0.81427736E+000
  0.81427730E+000
  0.81427724E+000
  0.81427717E+000
  0.81427711E+000
  0.81427704E+000
  0.81427697E+000
  0.81427690E+000
  0.81427684E+000
  0.81427677E+000
  0.81427670E+000
  0.81427662E+000
  0.81427655E+000
  0.81427648E+000
  0.81427641E+000
  0.81427634E+000
  0.81427626E+000
  0.81427619E+000
  0.81427611E+000
  0.81427604E+000
  0.81427597E+000
  0.81427589E+000
  0.81427582E+000
  0.81427574E+000
  0.81427566E+000
  0.81427559E+000
  0.81427551E+000
  0.81427544E+000
  0.81427536E+000
  0.81427529E+000
  0.81427521E+000
  0.81427514E+000
  0.81427506E+000
  0.81427499E+000
  0.81427492E+000
  0.81427484E+000
  0.81427477E+000
  0.81427470E+000
  0.81427462E+000
  0.81427455E+000
  0.81427448E+000
  0.81427441E+000
  0.81427434E+000
  0.81427428E+000
  0.81427421E+000
  0.81427414E+000
  0.81427408E+000
  0.81427401E+000
  0.81427395E+000
  0.81427389E+000
  0.81427383E+000
  0.81427377E+000
  0.81427371E+000
  0.81427366E+000
  0.81427360E+000
  0.81427355E+000
  0.81427350E+000
  0.81427345E+000
  0.81427340E+000
  0.81427336E+000
  0.81427331E+000
  0.81427327E+000
  0.81427323E+000
  0.81427319E+000
  0.81427316E+000
  0.81427312E+000
  0.81427309E+000
  0.81427306E+000
  0.81427303E+000
  0.81427300E+000
  0.81427298E+000
  0.81427295E+000
  0.81427293E+000
  0.81427291E+000
  0.81427289E+000
  0.81427288E+000
  0.81427286E+000
  0.81427285E+000
  0.81427284E+000
  0.81427283E+000
  0.81427282E+000
  0.81427281E+000
  0.81427281E+000
  0.81427280E+000
  0.81427280E+000
  0.81427280E+000
  0.81427280E+000
  0.81427280E+000
  0.81427280E+000
  0.81427281E+000
  0.81427281E+000
  0.81427282E+000
  0.81427282E+000
  0.81427283E+000
  0.81427284E+000
  0.81427285E+000
  0.81427286E+000
  0.81427287E+000
  0.81427288E+000
  0.81427289E+000
  0.81427290E+000
  0.81427292E+000
  0.81427293E+000
  0.81427294E+000
  0.81427296E+000
  0.81427297E+000
  0.81427299E+000
  0.81427300E+000
  0.81427302E+000
  0.81427303E+000
  0.81427305E+000
  0.81427306E+000
  0.81427308E+000
  0.81427309E+000
  0.81427311E+000
  0.81427313E+000
