  0.88682554E+000
  0.88683740E+000
  0.88684711E+000
  0.88685493E+000
  0.88686118E+000
  0.88686612E+000
  0.88686998E+000
  0.88687293E+000
  0.88687513E+000
  0.88687670E+000
  0.88687774E+000
  0.88687835E+000
  0.88687859E+000
  0.88687854E+000
  0.88687825E+000
  0.88687776E+000
  0.88687710E+000
  0.88687631E+000
  0.88687541E+000
  0.88687442E+000
  0.88687336E+000
  0.88687224E+000
  0.88687107E+000
  0.88686988E+000
  0.88686865E+000
  0.88686741E+000
  0.88686616E+000
  0.88686490E+000
  0.88686364E+000
  0.88686239E+000
  0.88686114E+000
  0.88685990E+000
  0.88685867E+000
  0.88685746E+000
  0.88685626E+000
  0.88685508E+000
  0.88685393E+000
  0.88685279E+000
  0.88685168E+000
  0.88685059E+000
  0.88684953E+000
  0.88684850E+000
  0.88684749E+000
  0.88684651E+000
  0.88684556E+000
  0.88684464E+000
  0.88684375E+000
  0.88684289E+000
  0.88684206E+000
  0.88684126E+000
  0.88684050E+000
  0.88683976E+000
  0.88683906E+000
  0.88683839E+000
  0.88683774E+000
  0.88683714E+000
  0.88683656E+000
  0.88683601E+000
  0.88683549E+000
  0.88683500E+000
  0.88683454E+000
  0.88683411E+000
  0.88683370E+000
  0.88683332E+000
  0.88683296E+000
  0.88683263E+000
  0.88683232E+000
  0.88683203E+000
  0.88683176E+000
  0.88683151E+000
  0.88683128E+000
  0.88683107E+000
  0.88683086E+000
  0.88683068E+000
  0.88683050E+000
  0.88683034E+000
  0.88683019E+000
  0.88683005E+000
  0.88682991E+000
  0.88682979E+000
  0.88682967E+000
  0.88682956E+000
  0.88682945E+000
  0.88682935E+000
  0.88682926E+000
  0.88682916E+000
  0.88682907E+000
  0.88682899E+000
  0.88682890E+000
  0.88682882E+000
  0.88682874E+000
  0.88682866E+000
  0.88682858E+000
  0.88682851E+000
  0.88682843E+000
  0.88682835E+000
  0.88682828E+000
  0.88682820E+000
  0.88682813E+000
  0.88682805E+000
  0.88682798E+000
  0.88682790E+000
  0.88682782E+000
  0.88682775E+000
  0.88682767E+000
  0.88682760E+000
  0.88682752E+000
  0.88682744E+000
  0.88682737E+000
  0.88682729E+000
  0.88682721E+000
  0.88682714E+000
  0.88682706E+000
  0.88682698E+000
  0.88682691E+000
  0.88682683E+000
  0.88682675E+000
  0.88682668E+000
  0.88682660E+000
  0.88682652E+000
  0.88682645E+000
  0.88682638E+000
  0.88682630E+000
  0.88682623E+000
  0.88682616E+000
  0.88682609E+000
  0.88682602E+000
  0.88682595E+000
  0.88682588E+000
  0.88682581E+000
  0.88682575E+000
  0.88682568E+000
  0.88682562E+000
  0.88682556E+000
  0.88682550E+000
  0.88682544E+000
  0.88682538E+000
  0.88682532E+000
  0.88682527E+000
  0.88682522E+000
  0.88682517E+000
  0.88682512E+000
  0.88682507E+000
  0.88682503E+000
  0.88682499E+000
  0.88682495E+000
  0.88682491E+000
  0.88682487E+000
  0.88682484E+000
  0.88682480E+000
  0.88682477E+000
  0.88682475E+000
  0.88682472E+000
  0.88682469E+000
  0.88682467E+000
  0.88682465E+000
  0.88682463E+000
  0.88682461E+000
  0.88682460E+000
  0.88682458E+000
  0.88682457E+000
  0.88682456E+000
  0.88682455E+000
  0.88682455E+000
  0.88682454E+000
  0.88682454E+000
  0.88682454E+000
  0.88682454E+000
  0.88682454E+000
  0.88682454E+000
  0.88682454E+000
  0.88682454E+000
  0.88682455E+000
  0.88682456E+000
  0.88682456E+000
  0.88682457E+000
  0.88682458E+000
  0.88682459E+000
  0.88682460E+000
  0.88682461E+000
  0.88682463E+000
  0.88682464E+000
  0.88682465E+000
  0.88682467E+000
  0.88682468E+000
  0.88682470E+000
  0.88682471E+000
  0.88682473E+000
  0.88682475E+000
  0.88682476E+000
  0.88682478E+000
  0.88682480E+000
  0.88682481E+000
  0.88682483E+000
  0.88682485E+000
  0.88682486E+000
  0.88682488E+000
  0.88682490E+000
  0.88682492E+000
  0.88682493E+000
