  0.10117016E+000
  0.10164196E+000
  0.10204740E+000
  0.10239465E+000
  0.10269134E+000
  0.10294447E+000
  0.10316022E+000
  0.10334399E+000
  0.10350047E+000
  0.10363367E+000
  0.10374704E+000
  0.10384350E+000
  0.10392557E+000
  0.10399537E+000
  0.10405470E+000
  0.10410510E+000
  0.10414788E+000
  0.10418413E+000
  0.10421483E+000
  0.10424076E+000
  0.10426263E+000
  0.10428101E+000
  0.10429642E+000
  0.10430928E+000
  0.10431998E+000
  0.10432882E+000
  0.10433609E+000
  0.10434203E+000
  0.10434683E+000
  0.10435069E+000
  0.10435374E+000
  0.10435612E+000
  0.10435795E+000
  0.10435932E+000
  0.10436032E+000
  0.10436101E+000
  0.10436145E+000
  0.10436169E+000
  0.10436178E+000
  0.10436175E+000
  0.10436163E+000
  0.10436144E+000
  0.10436119E+000
  0.10436091E+000
  0.10436060E+000
  0.10436028E+000
  0.10435995E+000
  0.10435961E+000
  0.10435927E+000
  0.10435893E+000
  0.10435860E+000
  0.10435827E+000
  0.10435795E+000
  0.10435763E+000
  0.10435732E+000
  0.10435702E+000
  0.10435673E+000
  0.10435644E+000
  0.10435616E+000
  0.10435589E+000
  0.10435562E+000
  0.10435537E+000
  0.10435512E+000
  0.10435488E+000
  0.10435464E+000
  0.10435441E+000
  0.10435419E+000
  0.10435397E+000
  0.10435376E+000
  0.10435355E+000
  0.10435335E+000
  0.10435315E+000
  0.10435295E+000
  0.10435275E+000
  0.10435256E+000
  0.10435237E+000
  0.10435218E+000
  0.10435200E+000
  0.10435181E+000
  0.10435163E+000
  0.10435144E+000
  0.10435126E+000
  0.10435108E+000
  0.10435090E+000
  0.10435073E+000
  0.10435056E+000
  0.10435039E+000
  0.10435023E+000
  0.10435007E+000
  0.10434992E+000
  0.10434977E+000
  0.10434963E+000
  0.10434950E+000
  0.10434937E+000
  0.10434924E+000
  0.10434913E+000
  0.10434902E+000
  0.10434892E+000
  0.10434882E+000
  0.10434873E+000
  0.10434865E+000
  0.10434857E+000
  0.10434850E+000
  0.10434843E+000
  0.10434837E+000
  0.10434831E+000
  0.10434826E+000
  0.10434821E+000
  0.10434817E+000
  0.10434813E+000
  0.10434809E+000
  0.10434806E+000
  0.10434803E+000
  0.10434800E+000
  0.10434797E+000
  0.10434795E+000
  0.10434793E+000
  0.10434791E+000
  0.10434790E+000
  0.10434788E+000
  0.10434787E+000
  0.10434786E+000
  0.10434785E+000
  0.10434784E+000
  0.10434784E+000
  0.10434783E+000
  0.10434782E+000
  0.10434782E+000
  0.10434782E+000
  0.10434781E+000
  0.10434781E+000
  0.10434781E+000
  0.10434781E+000
  0.10434781E+000
  0.10434781E+000
  0.10434781E+000
  0.10434781E+000
  0.10434781E+000
  0.10434781E+000
  0.10434781E+000
  0.10434781E+000
  0.10434781E+000
  0.10434781E+000
  0.10434781E+000
  0.10434781E+000
  0.10434781E+000
  0.10434782E+000
  0.10434782E+000
  0.10434782E+000
  0.10434782E+000
  0.10434782E+000
  0.10434782E+000
  0.10434782E+000
  0.10434782E+000
  0.10434783E+000
  0.10434783E+000
  0.10434783E+000
  0.10434783E+000
  0.10434783E+000
  0.10434783E+000
  0.10434783E+000
  0.10434783E+000
  0.10434783E+000
  0.10434783E+000
  0.10434783E+000
  0.10434783E+000
  0.10434783E+000
  0.10434783E+000
  0.10434783E+000
  0.10434783E+000
  0.10434783E+000
  0.10434783E+000
  0.10434783E+000
  0.10434783E+000
  0.10434783E+000
  0.10434783E+000
  0.10434783E+000
  0.10434783E+000
  0.10434783E+000
  0.10434783E+000
  0.10434783E+000
  0.10434783E+000
  0.10434783E+000
  0.10434783E+000
  0.10434783E+000
  0.10434783E+000
  0.10434783E+000
  0.10434783E+000
  0.10434783E+000
  0.10434783E+000
  0.10434783E+000
  0.10434783E+000
  0.10434783E+000
  0.10434783E+000
  0.10434783E+000
  0.10434783E+000
  0.10434783E+000
  0.10434783E+000
  0.10434783E+000
  0.10434783E+000
