  0.15789568E+000  0.20535517E+000  0.39933119E+000  0.60123768E+000  0.91564598E+000  0.10548528E+001  0.15630369E+001  0.34681187E+001  0.50328833E+001  0.86256136E+001  0.13804091E+002
  0.15786046E+000  0.20528969E+000  0.39930169E+000  0.60123368E+000  0.91534931E+000  0.10546048E+001  0.15628323E+001  0.34680840E+001  0.50328689E+001  0.86256023E+001  0.13804088E+002
  0.15782961E+000  0.20523199E+000  0.39927713E+000  0.60122858E+000  0.91504015E+000  0.10543687E+001  0.15628135E+001  0.34680522E+001  0.50328564E+001  0.86255885E+001  0.13804085E+002
  0.15780277E+000  0.20518180E+000  0.39925604E+000  0.60122308E+000  0.91475146E+000  0.10541255E+001  0.15627959E+001  0.34680239E+001  0.50328459E+001  0.86255746E+001  0.13804083E+002
  0.15777955E+000  0.20514305E+000  0.39923796E+000  0.60121761E+000  0.91455664E+000  0.10539355E+001  0.15627803E+001  0.34680078E+001  0.50328373E+001  0.86255619E+001  0.13804081E+002
  0.15775956E+000  0.20510729E+000  0.39922250E+000  0.60121054E+000  0.91442753E+000  0.10537533E+001  0.15627662E+001  0.34679999E+001  0.50328304E+001  0.86255506E+001  0.13804079E+002
  0.15772860E+000  0.20507664E+000  0.39920914E+000  0.60116704E+000  0.91434530E+000  0.10536132E+001  0.15627534E+001  0.34679932E+001  0.50328249E+001  0.86255408E+001  0.13804078E+002
  0.15771516E+000  0.20505127E+000  0.39919777E+000  0.60116184E+000  0.91423305E+000  0.10534197E+001  0.15626503E+001  0.34679875E+001  0.50328208E+001  0.86255324E+001  0.13804077E+002
  0.15765536E+000  0.20502933E+000  0.39918822E+000  0.60115727E+000  0.91406878E+000  0.10533657E+001  0.15625883E+001  0.34679827E+001  0.50328178E+001  0.86255251E+001  0.13804076E+002
  0.15764905E+000  0.20501632E+000  0.39917856E+000  0.60115330E+000  0.91401566E+000  0.10532760E+001  0.15625354E+001  0.34679786E+001  0.50328158E+001  0.86255189E+001  0.13804075E+002
  0.15764361E+000  0.20500605E+000  0.39917170E+000  0.60114986E+000  0.91395205E+000  0.10532332E+001  0.15627114E+001  0.34679750E+001  0.50328145E+001  0.86255137E+001  0.13804074E+002
  0.15763894E+000  0.20499712E+000  0.39916585E+000  0.60114692E+000  0.91389557E+000  0.10531223E+001  0.15627025E+001  0.34679719E+001  0.50328138E+001  0.86255092E+001  0.13804073E+002
  0.15763494E+000  0.20498934E+000  0.39916087E+000  0.60114440E+000  0.91383588E+000  0.10530942E+001  0.15626939E+001  0.34679692E+001  0.50328135E+001  0.86255053E+001  0.13804073E+002
  0.15763153E+000  0.20498256E+000  0.39915662E+000  0.60114227E+000  0.91380080E+000  0.10530244E+001  0.15626857E+001  0.34679667E+001  0.50328136E+001  0.86255021E+001  0.13804072E+002
  0.15762864E+000  0.20497665E+000  0.39915300E+000  0.60105584E+000  0.91374925E+000  0.10530024E+001  0.15626777E+001  0.34679645E+001  0.50328139E+001  0.86254993E+001  0.13804072E+002
  0.15762619E+000  0.20497152E+000  0.39914991E+000  0.60105268E+000  0.91372393E+000  0.10529840E+001  0.15626700E+001  0.34679625E+001  0.50328143E+001  0.86254970E+001  0.13804071E+002
  0.15762411E+000  0.20496754E+000  0.39914729E+000  0.60104990E+000  0.91370250E+000  0.10529608E+001  0.15626625E+001  0.34679608E+001  0.50328149E+001  0.86254950E+001  0.13804071E+002
  0.15762237E+000  0.20496453E+000  0.39914507E+000  0.60104743E+000  0.91361834E+000  0.10529375E+001  0.15626552E+001  0.34685376E+001  0.50328155E+001  0.86254933E+001  0.13804071E+002
  0.15762091E+000  0.20496201E+000  0.39914318E+000  0.60104525E+000  0.91360093E+000  0.10528836E+001  0.15626479E+001  0.34685296E+001  0.50328161E+001  0.86254919E+001  0.13804071E+002
  0.15761968E+000  0.20495992E+000  0.39914158E+000  0.60104330E+000  0.91358620E+000  0.10528748E+001  0.15626406E+001  0.34685229E+001  0.50328167E+001  0.86254907E+001  0.13804071E+002
  0.15761867E+000  0.20495819E+000  0.39914021E+000  0.60104156E+000  0.91357378E+000  0.10528675E+001  0.15626335E+001  0.34685172E+001  0.50328173E+001  0.86254897E+001  0.13804070E+002
  0.15761783E+000  0.20495674E+000  0.39913906E+000  0.60104000E+000  0.91356332E+000  0.10528614E+001  0.15626264E+001  0.34685124E+001  0.50328180E+001  0.86254888E+001  0.13804070E+002
  0.15761714E+000  0.20495555E+000  0.39913808E+000  0.60103858E+000  0.91355454E+000  0.10528564E+001  0.15626194E+001  0.34685083E+001  0.50328186E+001  0.86254881E+001  0.13804070E+002
  0.15761658E+000  0.20495456E+000  0.39913725E+000  0.60103731E+000  0.91354720E+000  0.10528522E+001  0.15626126E+001  0.34685049E+001  0.50328192E+001  0.86254875E+001  0.13804070E+002
  0.15758648E+000  0.20495375E+000  0.39913655E+000  0.60103614E+000  0.91354108E+000  0.10528487E+001  0.15626058E+001  0.34685020E+001  0.50328198E+001  0.86254870E+001  0.13804070E+002
  0.15758581E+000  0.20495308E+000  0.39913596E+000  0.60103507E+000  0.91353600E+000  0.10528459E+001  0.15625992E+001  0.34684997E+001  0.50328203E+001  0.86254866E+001  0.13804070E+002
  0.15758526E+000  0.20495254E+000  0.39913546E+000  0.60103409E+000  0.91353181E+000  0.10528275E+001  0.15625927E+001  0.34684977E+001  0.50328209E+001  0.86254863E+001  0.13804070E+002
  0.15758480E+000  0.20495209E+000  0.39913505E+000  0.60103318E+000  0.91352837E+000  0.10528256E+001  0.15625864E+001  0.34684961E+001  0.50328215E+001  0.86254860E+001  0.13804070E+002
  0.15758443E+000  0.20495173E+000  0.39913469E+000  0.60103233E+000  0.91352557E+000  0.10528241E+001  0.15625802E+001  0.34684947E+001  0.50328220E+001  0.86254858E+001  0.13804070E+002
  0.15758413E+000  0.20495144E+000  0.39913440E+000  0.60103154E+000  0.91352330E+000  0.10528229E+001  0.15625741E+001  0.34684937E+001  0.50328226E+001  0.86254856E+001  0.13804070E+002
  0.15758388E+000  0.20495122E+000  0.39913415E+000  0.60103080E+000  0.91352148E+000  0.10528220E+001  0.15625682E+001  0.34684928E+001  0.50328231E+001  0.86254855E+001  0.13804070E+002
  0.15758369E+000  0.20495104E+000  0.39913394E+000  0.60103009E+000  0.91352004E+000  0.10528212E+001  0.15625625E+001  0.34684921E+001  0.50328237E+001  0.86254854E+001  0.13804070E+002
  0.15758353E+000  0.20495090E+000  0.39913377E+000  0.60102948E+000  0.91351892E+000  0.10528207E+001  0.15625569E+001  0.34684916E+001  0.50328242E+001  0.86254853E+001  0.13804070E+002
  0.15758340E+000  0.20495079E+000  0.39913362E+000  0.60102888E+000  0.91351805E+000  0.10528202E+001  0.15625515E+001  0.34684911E+001  0.50328247E+001  0.86254853E+001  0.13804070E+002
  0.15758330E+000  0.20495071E+000  0.39913349E+000  0.60102829E+000  0.91351739E+000  0.10528199E+001  0.15625462E+001  0.34684908E+001  0.50328252E+001  0.86254852E+001  0.13804070E+002
  0.15758322E+000  0.20495065E+000  0.39913338E+000  0.60102772E+000  0.91351691E+000  0.10528197E+001  0.15625411E+001  0.34684905E+001  0.50328257E+001  0.86254852E+001  0.13804070E+002
  0.15758315E+000  0.20495061E+000  0.39913328E+000  0.60102717E+000  0.91351656E+000  0.10528196E+001  0.15625362E+001  0.34684904E+001  0.50328262E+001  0.86254852E+001  0.13804070E+002
  0.15758310E+000  0.20495059E+000  0.39913320E+000  0.60102662E+000  0.91351633E+000  0.10528195E+001  0.15625314E+001  0.34684902E+001  0.50328266E+001  0.86254852E+001  0.13804070E+002
  0.15758306E+000  0.20495058E+000  0.39913312E+000  0.60102609E+000  0.91351619E+000  0.10528194E+001  0.15625268E+001  0.34684901E+001  0.50328271E+001  0.86254852E+001  0.13804070E+002
  0.15758302E+000  0.20495057E+000  0.39913305E+000  0.60102558E+000  0.91351612E+000  0.10528194E+001  0.15625224E+001  0.34684901E+001  0.50328275E+001  0.86254852E+001  0.13804070E+002
  0.15758299E+000  0.20495058E+000  0.39913299E+000  0.60102508E+000  0.91351611E+000  0.10528195E+001  0.15625182E+001  0.34684900E+001  0.50328279E+001  0.86254852E+001  0.13804070E+002
  0.15758296E+000  0.20495059E+000  0.39913293E+000  0.60102459E+000  0.91351614E+000  0.10528195E+001  0.15625141E+001  0.34684900E+001  0.50328283E+001  0.86254852E+001  0.13804070E+002
  0.15758294E+000  0.20495060E+000  0.39913288E+000  0.60102412E+000  0.91351620E+000  0.10528196E+001  0.15625103E+001  0.34684900E+001  0.50328287E+001  0.86254852E+001  0.13804070E+002
  0.15758292E+000  0.20495062E+000  0.39913283E+000  0.60102366E+000  0.91351628E+000  0.10528197E+001  0.15625066E+001  0.34684900E+001  0.50328291E+001  0.86254852E+001  0.13804070E+002
  0.15758290E+000  0.20495064E+000  0.39913279E+000  0.60102321E+000  0.91351639E+000  0.10528198E+001  0.15625031E+001  0.34684900E+001  0.50328294E+001  0.86254852E+001  0.13804070E+002
  0.15758288E+000  0.20495067E+000  0.39913274E+000  0.60102278E+000  0.91351651E+000  0.10528199E+001  0.15624998E+001  0.34684900E+001  0.50328297E+001  0.86254853E+001  0.13804070E+002
  0.15758287E+000  0.20495069E+000  0.39913270E+000  0.60102237E+000  0.91351663E+000  0.10528200E+001  0.15624968E+001  0.34684901E+001  0.50328301E+001  0.86254853E+001  0.13804070E+002
  0.15758285E+000  0.20495072E+000  0.39913267E+000  0.60102198E+000  0.91351677E+000  0.10528201E+001  0.15624939E+001  0.34684901E+001  0.50328303E+001  0.86254853E+001  0.13804070E+002
  0.15758284E+000  0.20495075E+000  0.39913263E+000  0.60102160E+000  0.91351690E+000  0.10528202E+001  0.15624912E+001  0.34684901E+001  0.50328306E+001  0.86254853E+001  0.13804070E+002
  0.15758284E+000  0.20495078E+000  0.39913260E+000  0.60102123E+000  0.91351705E+000  0.10528203E+001  0.15624887E+001  0.34684901E+001  0.50328308E+001  0.86254853E+001  0.13804070E+002
  0.15758283E+000  0.20495081E+000  0.39913257E+000  0.60102090E+000  0.91351719E+000  0.10528204E+001  0.15624864E+001  0.34684902E+001  0.50328311E+001  0.86254853E+001  0.13804070E+002
  0.15758283E+000  0.20495084E+000  0.39913255E+000  0.60102059E+000  0.91351733E+000  0.10528205E+001  0.15624843E+001  0.34684902E+001  0.50328312E+001  0.86254853E+001  0.13804070E+002
  0.15758283E+000  0.20495087E+000  0.39913253E+000  0.60102030E+000  0.91351748E+000  0.10528206E+001  0.15624823E+001  0.34684902E+001  0.50328314E+001  0.86254853E+001  0.13804070E+002
  0.15758284E+000  0.20495090E+000  0.39913251E+000  0.60102002E+000  0.91351762E+000  0.10528207E+001  0.15624806E+001  0.34684902E+001  0.50328316E+001  0.86254853E+001  0.13804070E+002
  0.15758285E+000  0.20495093E+000  0.39913250E+000  0.60101976E+000  0.91351777E+000  0.10528208E+001  0.15624790E+001  0.34684903E+001  0.50328317E+001  0.86254853E+001  0.13804070E+002
  0.15758287E+000  0.20495096E+000  0.39913249E+000  0.60101952E+000  0.91351791E+000  0.10528208E+001  0.15624775E+001  0.34684903E+001  0.50328318E+001  0.86254853E+001  0.13804070E+002
  0.15758289E+000  0.20495099E+000  0.39913249E+000  0.60101930E+000  0.91351806E+000  0.10528209E+001  0.15624762E+001  0.34684903E+001  0.50328319E+001  0.86254853E+001  0.13804070E+002
  0.15758291E+000  0.20495102E+000  0.39913248E+000  0.60101909E+000  0.91351820E+000  0.10528210E+001  0.15624751E+001  0.34684903E+001  0.50328319E+001  0.86254853E+001  0.13804070E+002
  0.15758294E+000  0.20495105E+000  0.39913249E+000  0.60101891E+000  0.91351834E+000  0.10528211E+001  0.15624740E+001  0.34684904E+001  0.50328319E+001  0.86254853E+001  0.13804070E+002
  0.15758297E+000  0.20495109E+000  0.39913250E+000  0.60101874E+000  0.91351848E+000  0.10528212E+001  0.15624731E+001  0.34684904E+001  0.50328319E+001  0.86254853E+001  0.13804070E+002
  0.15758301E+000  0.20495112E+000  0.39913251E+000  0.60101858E+000  0.91351861E+000  0.10528213E+001  0.15624723E+001  0.34684904E+001  0.50328319E+001  0.86254853E+001  0.13804070E+002
  0.15758305E+000  0.20495115E+000  0.39913253E+000  0.60101845E+000  0.91351875E+000  0.10528213E+001  0.15624716E+001  0.34684904E+001  0.50328318E+001  0.86254853E+001  0.13804070E+002
  0.15758309E+000  0.20495118E+000  0.39913255E+000  0.60101833E+000  0.91351889E+000  0.10528214E+001  0.15624710E+001  0.34684904E+001  0.50328318E+001  0.86254853E+001  0.13804070E+002
  0.15758314E+000  0.20495121E+000  0.39913257E+000  0.60101822E+000  0.91351902E+000  0.10528215E+001  0.15624704E+001  0.34684905E+001  0.50328317E+001  0.86254853E+001  0.13804070E+002
  0.15758319E+000  0.20495124E+000  0.39913260E+000  0.60101813E+000  0.91351915E+000  0.10528216E+001  0.15624700E+001  0.34684905E+001  0.50328315E+001  0.86254853E+001  0.13804070E+002
  0.15761649E+000  0.20495127E+000  0.39913264E+000  0.60101806E+000  0.91351928E+000  0.10528216E+001  0.15624696E+001  0.34684905E+001  0.50328314E+001  0.86254853E+001  0.13804070E+002
  0.15761653E+000  0.20495130E+000  0.39913267E+000  0.60101799E+000  0.91351941E+000  0.10528217E+001  0.15624692E+001  0.34684905E+001  0.50328312E+001  0.86254853E+001  0.13804070E+002
  0.15761657E+000  0.20495133E+000  0.39913272E+000  0.60101795E+000  0.91351954E+000  0.10528218E+001  0.15624690E+001  0.34684906E+001  0.50328310E+001  0.86254853E+001  0.13804070E+002
  0.15761661E+000  0.20495136E+000  0.39913276E+000  0.60101791E+000  0.91351967E+000  0.10528218E+001  0.15624688E+001  0.34684906E+001  0.50328308E+001  0.86254852E+001  0.13804070E+002
  0.15761665E+000  0.20495139E+000  0.39913281E+000  0.60101789E+000  0.91351979E+000  0.10528219E+001  0.15624686E+001  0.34684906E+001  0.50328306E+001  0.86254852E+001  0.13804070E+002
  0.15761669E+000  0.20495142E+000  0.39913287E+000  0.60101787E+000  0.91351992E+000  0.10528219E+001  0.15624685E+001  0.34684906E+001  0.50328304E+001  0.86254852E+001  0.13804070E+002
  0.15761673E+000  0.20495145E+000  0.39913292E+000  0.60101787E+000  0.91352004E+000  0.10528220E+001  0.15624684E+001  0.34684906E+001  0.50328301E+001  0.86254852E+001  0.13804070E+002
  0.15761676E+000  0.20495148E+000  0.39913298E+000  0.60101788E+000  0.91352016E+000  0.10528221E+001  0.15624684E+001  0.34684906E+001  0.50328298E+001  0.86254851E+001  0.13804070E+002
  0.15761680E+000  0.20495151E+000  0.39913305E+000  0.60101789E+000  0.91352029E+000  0.10528221E+001  0.15624684E+001  0.34684907E+001  0.50328295E+001  0.86254851E+001  0.13804070E+002
  0.15761684E+000  0.20495154E+000  0.39913311E+000  0.60101792E+000  0.91352041E+000  0.10528222E+001  0.15624684E+001  0.34684907E+001  0.50328292E+001  0.86254851E+001  0.13804070E+002
  0.15761687E+000  0.20495157E+000  0.39913318E+000  0.60101795E+000  0.91352053E+000  0.10528222E+001  0.15624685E+001  0.34684907E+001  0.50328289E+001  0.86254851E+001  0.13804070E+002
  0.15761691E+000  0.20495160E+000  0.39913325E+000  0.60101799E+000  0.91352066E+000  0.10528223E+001  0.15624685E+001  0.34684907E+001  0.50328286E+001  0.86254850E+001  0.13804070E+002
  0.15761695E+000  0.20495163E+000  0.39913333E+000  0.60101803E+000  0.91352078E+000  0.10528223E+001  0.15624686E+001  0.34684907E+001  0.50328283E+001  0.86254850E+001  0.13804070E+002
  0.15761698E+000  0.20495166E+000  0.39913340E+000  0.60101808E+000  0.91352090E+000  0.10528224E+001  0.15624688E+001  0.34684908E+001  0.50328279E+001  0.86254849E+001  0.13804070E+002
  0.15761702E+000  0.20495169E+000  0.39913348E+000  0.60101814E+000  0.91352102E+000  0.10528225E+001  0.15624689E+001  0.34684908E+001  0.50328276E+001  0.86254849E+001  0.13804070E+002
  0.15761705E+000  0.20495172E+000  0.39913355E+000  0.60101820E+000  0.91352115E+000  0.10528225E+001  0.15624690E+001  0.34684908E+001  0.50328272E+001  0.86254849E+001  0.13804070E+002
  0.15761709E+000  0.20495175E+000  0.39913363E+000  0.60101826E+000  0.91352127E+000  0.10528226E+001  0.15624692E+001  0.34684908E+001  0.50328268E+001  0.86254848E+001  0.13804070E+002
  0.15761712E+000  0.20495178E+000  0.39913370E+000  0.60101833E+000  0.91352139E+000  0.10528226E+001  0.15624694E+001  0.34684908E+001  0.50328265E+001  0.86254848E+001  0.13804070E+002
  0.15761716E+000  0.20495181E+000  0.39913378E+000  0.60101839E+000  0.91352150E+000  0.10528227E+001  0.15624695E+001  0.34684909E+001  0.50328261E+001  0.86254847E+001  0.13804070E+002
  0.15761719E+000  0.20495184E+000  0.39913385E+000  0.60101846E+000  0.91352162E+000  0.10528227E+001  0.15624697E+001  0.34684909E+001  0.50328257E+001  0.86254847E+001  0.13804070E+002
  0.15761722E+000  0.20495186E+000  0.39913393E+000  0.60101854E+000  0.91352174E+000  0.10528228E+001  0.15624699E+001  0.34684909E+001  0.50328253E+001  0.86254846E+001  0.13804070E+002
  0.15761725E+000  0.20495189E+000  0.39913400E+000  0.60101861E+000  0.91352185E+000  0.10528228E+001  0.15624701E+001  0.34684909E+001  0.50328249E+001  0.86254846E+001  0.13804070E+002
  0.15761728E+000  0.20495191E+000  0.39913407E+000  0.60101868E+000  0.91352196E+000  0.10528229E+001  0.15624703E+001  0.34684910E+001  0.50328246E+001  0.86254845E+001  0.13804070E+002
  0.15761731E+000  0.20495194E+000  0.39913414E+000  0.60101875E+000  0.91352206E+000  0.10528229E+001  0.15624705E+001  0.34684910E+001  0.50328242E+001  0.86254845E+001  0.13804070E+002
  0.15761734E+000  0.20495196E+000  0.39913421E+000  0.60101883E+000  0.91352216E+000  0.10528230E+001  0.15624707E+001  0.34684910E+001  0.50328238E+001  0.86254844E+001  0.13804070E+002
  0.15761736E+000  0.20495199E+000  0.39913427E+000  0.60101890E+000  0.91352226E+000  0.10528230E+001  0.15624709E+001  0.34684910E+001  0.50328235E+001  0.86254843E+001  0.13804070E+002
  0.15761739E+000  0.20495201E+000  0.39913434E+000  0.60101897E+000  0.91352236E+000  0.10528231E+001  0.15624711E+001  0.34684911E+001  0.50328231E+001  0.86254843E+001  0.13804070E+002
  0.15761741E+000  0.20495203E+000  0.39913440E+000  0.60101904E+000  0.91352245E+000  0.10528231E+001  0.15624712E+001  0.34684911E+001  0.50328227E+001  0.86254842E+001  0.13804070E+002
  0.15761743E+000  0.20495205E+000  0.39913445E+000  0.60101911E+000  0.91352253E+000  0.10528231E+001  0.15624714E+001  0.34684911E+001  0.50328224E+001  0.86254841E+001  0.13804070E+002
  0.15761746E+000  0.20495207E+000  0.39913451E+000  0.60101918E+000  0.91352261E+000  0.10528232E+001  0.15624716E+001  0.34684912E+001  0.50328221E+001  0.86254841E+001  0.13804070E+002
  0.15761748E+000  0.20495208E+000  0.39913456E+000  0.60101924E+000  0.91352269E+000  0.10528232E+001  0.15624718E+001  0.34684912E+001  0.50328217E+001  0.86254840E+001  0.13804070E+002
  0.15761749E+000  0.20495210E+000  0.39913461E+000  0.60101931E+000  0.91352276E+000  0.10528232E+001  0.15624720E+001  0.34684913E+001  0.50328214E+001  0.86254839E+001  0.13804070E+002
  0.15761751E+000  0.20495212E+000  0.39913466E+000  0.60101937E+000  0.91352283E+000  0.10528233E+001  0.15624721E+001  0.34684913E+001  0.50328211E+001  0.86254838E+001  0.13804070E+002
  0.15761753E+000  0.20495213E+000  0.39913470E+000  0.60101943E+000  0.91352290E+000  0.10528233E+001  0.15624723E+001  0.34684913E+001  0.50328209E+001  0.86254838E+001  0.13804070E+002
  0.15761754E+000  0.20495215E+000  0.39913474E+000  0.60101949E+000  0.91352296E+000  0.10528233E+001  0.15624725E+001  0.34684914E+001  0.50328206E+001  0.86254837E+001  0.13804070E+002
  0.15761756E+000  0.20495216E+000  0.39913478E+000  0.60101955E+000  0.91352302E+000  0.10528234E+001  0.15624726E+001  0.34684914E+001  0.50328204E+001  0.86254836E+001  0.13804070E+002
  0.15761757E+000  0.20495217E+000  0.39913482E+000  0.60101960E+000  0.91352307E+000  0.10528234E+001  0.15624728E+001  0.34684915E+001  0.50328201E+001  0.86254835E+001  0.13804070E+002
  0.15761758E+000  0.20495218E+000  0.39913485E+000  0.60101965E+000  0.91352312E+000  0.10528234E+001  0.15624729E+001  0.34684916E+001  0.50328199E+001  0.86254834E+001  0.13804070E+002
  0.15761760E+000  0.20495219E+000  0.39913488E+000  0.60101970E+000  0.91352316E+000  0.10528234E+001  0.15624731E+001  0.34684916E+001  0.50328197E+001  0.86254834E+001  0.13804070E+002
  0.15761761E+000  0.20495220E+000  0.39913491E+000  0.60101975E+000  0.91352321E+000  0.10528234E+001  0.15624732E+001  0.34684917E+001  0.50328196E+001  0.86254833E+001  0.13804070E+002
  0.15761762E+000  0.20495221E+000  0.39913494E+000  0.60101980E+000  0.91352324E+000  0.10528235E+001  0.15624734E+001  0.34684917E+001  0.50328194E+001  0.86254832E+001  0.13804070E+002
  0.15761762E+000  0.20495222E+000  0.39913497E+000  0.60101985E+000  0.91352328E+000  0.10528235E+001  0.15624735E+001  0.34684918E+001  0.50328193E+001  0.86254831E+001  0.13804070E+002
  0.15761763E+000  0.20495223E+000  0.39913499E+000  0.60101989E+000  0.91352331E+000  0.10528235E+001  0.15624736E+001  0.34684919E+001  0.50328192E+001  0.86254830E+001  0.13804070E+002
  0.15761764E+000  0.20495224E+000  0.39913502E+000  0.60101993E+000  0.91352334E+000  0.10528235E+001  0.15624738E+001  0.34684920E+001  0.50328192E+001  0.86254829E+001  0.13804070E+002
  0.15761765E+000  0.20495225E+000  0.39913504E+000  0.60101998E+000  0.91352337E+000  0.10528235E+001  0.15624739E+001  0.34684920E+001  0.50328191E+001  0.86254829E+001  0.13804070E+002
  0.15761765E+000  0.20495226E+000  0.39913506E+000  0.60102002E+000  0.91352340E+000  0.10528235E+001  0.15624740E+001  0.34684921E+001  0.50328191E+001  0.86254828E+001  0.13804070E+002
  0.15761766E+000  0.20495226E+000  0.39913508E+000  0.60102005E+000  0.91352342E+000  0.10528235E+001  0.15624741E+001  0.34684922E+001  0.50328192E+001  0.86254827E+001  0.13804070E+002
  0.15761766E+000  0.20495227E+000  0.39913510E+000  0.60102009E+000  0.91352344E+000  0.10528236E+001  0.15624743E+001  0.34684923E+001  0.50328192E+001  0.86254826E+001  0.13804070E+002
  0.15761767E+000  0.20495228E+000  0.39913511E+000  0.60102013E+000  0.91352346E+000  0.10528236E+001  0.15624744E+001  0.34684924E+001  0.50328193E+001  0.86254826E+001  0.13804070E+002
  0.15761767E+000  0.20495228E+000  0.39913513E+000  0.60102016E+000  0.91352348E+000  0.10528236E+001  0.15624745E+001  0.34684925E+001  0.50328194E+001  0.86254825E+001  0.13804070E+002
  0.15761768E+000  0.20495229E+000  0.39913514E+000  0.60102019E+000  0.91352350E+000  0.10528236E+001  0.15624746E+001  0.34684926E+001  0.50328196E+001  0.86254824E+001  0.13804070E+002
  0.15761768E+000  0.20495229E+000  0.39913515E+000  0.60102023E+000  0.91352351E+000  0.10528236E+001  0.15624747E+001  0.34684927E+001  0.50328198E+001  0.86254824E+001  0.13804070E+002
  0.15761768E+000  0.20495230E+000  0.39913517E+000  0.60102026E+000  0.91352353E+000  0.10528236E+001  0.15624748E+001  0.34684928E+001  0.50328200E+001  0.86254823E+001  0.13804070E+002
  0.15761768E+000  0.20495230E+000  0.39913518E+000  0.60102029E+000  0.91352354E+000  0.10528236E+001  0.15624749E+001  0.34684929E+001  0.50328202E+001  0.86254822E+001  0.13804070E+002
  0.15761769E+000  0.20495231E+000  0.39913519E+000  0.60102032E+000  0.91352355E+000  0.10528236E+001  0.15624750E+001  0.34684930E+001  0.50328205E+001  0.86254822E+001  0.13804070E+002
  0.15761769E+000  0.20495231E+000  0.39913520E+000  0.60102035E+000  0.91352356E+000  0.10528236E+001  0.15624751E+001  0.34684931E+001  0.50328208E+001  0.86254821E+001  0.13804070E+002
  0.15761769E+000  0.20495232E+000  0.39913521E+000  0.60102037E+000  0.91352357E+000  0.10528236E+001  0.15624752E+001  0.34684933E+001  0.50328212E+001  0.86254821E+001  0.13804070E+002
  0.15761769E+000  0.20495232E+000  0.39913522E+000  0.60102040E+000  0.91352358E+000  0.10528236E+001  0.15624753E+001  0.34684934E+001  0.50328215E+001  0.86254820E+001  0.13804070E+002
  0.15761769E+000  0.20495233E+000  0.39913523E+000  0.60102043E+000  0.91352358E+000  0.10528236E+001  0.15624754E+001  0.34684935E+001  0.50328219E+001  0.86254820E+001  0.13804070E+002
  0.15761769E+000  0.20495233E+000  0.39913524E+000  0.60102045E+000  0.91352359E+000  0.10528236E+001  0.15624755E+001  0.34684936E+001  0.50328224E+001  0.86254820E+001  0.13804070E+002
  0.15761770E+000  0.20495233E+000  0.39913525E+000  0.60102048E+000  0.91352360E+000  0.10528236E+001  0.15624756E+001  0.34684938E+001  0.50328228E+001  0.86254819E+001  0.13804070E+002
  0.15761770E+000  0.20495234E+000  0.39913525E+000  0.60102051E+000  0.91352360E+000  0.10528236E+001  0.15624757E+001  0.34684939E+001  0.50328233E+001  0.86254819E+001  0.13804070E+002
  0.15761770E+000  0.20495234E+000  0.39913526E+000  0.60102053E+000  0.91352360E+000  0.10528236E+001  0.15624758E+001  0.34684940E+001  0.50328238E+001  0.86254819E+001  0.13804070E+002
  0.15761770E+000  0.20495234E+000  0.39913527E+000  0.60102056E+000  0.91352361E+000  0.10528236E+001  0.15624759E+001  0.34684942E+001  0.50328244E+001  0.86254819E+001  0.13804070E+002
  0.15761770E+000  0.20495235E+000  0.39913528E+000  0.60102058E+000  0.91352361E+000  0.10528236E+001  0.15624759E+001  0.34684943E+001  0.50328249E+001  0.86254819E+001  0.13804070E+002
  0.15761770E+000  0.20495235E+000  0.39913528E+000  0.60102060E+000  0.91352361E+000  0.10528236E+001  0.15624760E+001  0.34684945E+001  0.50328255E+001  0.86254819E+001  0.13804070E+002
  0.15761770E+000  0.20495235E+000  0.39913529E+000  0.60102063E+000  0.91352362E+000  0.10528236E+001  0.15624761E+001  0.34684946E+001  0.50328262E+001  0.86254819E+001  0.13804070E+002
  0.15761770E+000  0.20495236E+000  0.39913530E+000  0.60102065E+000  0.91352362E+000  0.10528236E+001  0.15624762E+001  0.34684948E+001  0.50328268E+001  0.86254819E+001  0.13804070E+002
  0.15761770E+000  0.20495236E+000  0.39913530E+000  0.60102067E+000  0.91352362E+000  0.10528236E+001  0.15624763E+001  0.34684949E+001  0.50328275E+001  0.86254819E+001  0.13804070E+002
  0.15761770E+000  0.20495236E+000  0.39913531E+000  0.60102070E+000  0.91352362E+000  0.10528236E+001  0.15624763E+001  0.34684951E+001  0.50328281E+001  0.86254819E+001  0.13804070E+002
  0.15761770E+000  0.20495236E+000  0.39913532E+000  0.60102072E+000  0.91352362E+000  0.10528236E+001  0.15624764E+001  0.34684952E+001  0.50328289E+001  0.86254820E+001  0.13804070E+002
  0.15761770E+000  0.20495237E+000  0.39913532E+000  0.60102074E+000  0.91352363E+000  0.10528236E+001  0.15624765E+001  0.34684954E+001  0.50328296E+001  0.86254820E+001  0.13804070E+002
  0.15761770E+000  0.20495237E+000  0.39913533E+000  0.60102076E+000  0.91352363E+000  0.10528236E+001  0.15624766E+001  0.34684955E+001  0.50328303E+001  0.86254820E+001  0.13804070E+002
  0.15761770E+000  0.20495237E+000  0.39913534E+000  0.60102079E+000  0.91352363E+000  0.10528236E+001  0.15624766E+001  0.34684957E+001  0.50328311E+001  0.86254821E+001  0.13804070E+002
  0.15761770E+000  0.20495237E+000  0.39913534E+000  0.60102081E+000  0.91352363E+000  0.10528236E+001  0.15624767E+001  0.34684958E+001  0.50328319E+001  0.86254821E+001  0.13804070E+002
  0.15761770E+000  0.20495238E+000  0.39913535E+000  0.60102083E+000  0.91352363E+000  0.10528236E+001  0.15624768E+001  0.34684960E+001  0.50328326E+001  0.86254822E+001  0.13804070E+002
  0.15761770E+000  0.20495238E+000  0.39913535E+000  0.60102085E+000  0.91352363E+000  0.10528236E+001  0.15624769E+001  0.34684961E+001  0.50328334E+001  0.86254822E+001  0.13804070E+002
  0.15761770E+000  0.20495238E+000  0.39913536E+000  0.60102087E+000  0.91352363E+000  0.10528236E+001  0.15624769E+001  0.34684963E+001  0.50328343E+001  0.86254823E+001  0.13804070E+002
  0.15761770E+000  0.20495238E+000  0.39913536E+000  0.60102089E+000  0.91352363E+000  0.10528236E+001  0.15624770E+001  0.34684964E+001  0.50328351E+001  0.86254824E+001  0.13804070E+002
  0.15761770E+000  0.20495238E+000  0.39913537E+000  0.60102092E+000  0.91352363E+000  0.10528236E+001  0.15624771E+001  0.34684966E+001  0.50328359E+001  0.86254825E+001  0.13804070E+002
  0.15761770E+000  0.20495238E+000  0.39913538E+000  0.60102094E+000  0.91352363E+000  0.10528236E+001  0.15624771E+001  0.34684967E+001  0.50328368E+001  0.86254826E+001  0.13804070E+002
  0.15761770E+000  0.20495239E+000  0.39913538E+000  0.60102096E+000  0.91352363E+000  0.10528236E+001  0.15624772E+001  0.34684969E+001  0.50328376E+001  0.86254826E+001  0.13804070E+002
  0.15761770E+000  0.20495239E+000  0.39913539E+000  0.60102098E+000  0.91352363E+000  0.10528236E+001  0.15624773E+001  0.34684970E+001  0.50328385E+001  0.86254827E+001  0.13804070E+002
  0.15761770E+000  0.20495239E+000  0.39913539E+000  0.60102100E+000  0.91352363E+000  0.10528236E+001  0.15624774E+001  0.34684972E+001  0.50328393E+001  0.86254828E+001  0.13804070E+002
  0.15761770E+000  0.20495239E+000  0.39913540E+000  0.60102102E+000  0.91352363E+000  0.10528236E+001  0.15624774E+001  0.34684973E+001  0.50328402E+001  0.86254829E+001  0.13804070E+002
  0.15761769E+000  0.20495239E+000  0.39913540E+000  0.60102104E+000  0.91352363E+000  0.10528236E+001  0.15624775E+001  0.34684975E+001  0.50328411E+001  0.86254831E+001  0.13804070E+002
  0.15761769E+000  0.20495239E+000  0.39913541E+000  0.60102105E+000  0.91352363E+000  0.10528236E+001  0.15624776E+001  0.34684976E+001  0.50328419E+001  0.86254832E+001  0.13804070E+002
  0.15761769E+000  0.20495239E+000  0.39913541E+000  0.60102107E+000  0.91352363E+000  0.10528236E+001  0.15624776E+001  0.34684978E+001  0.50328428E+001  0.86254833E+001  0.13804070E+002
  0.15761769E+000  0.20495239E+000  0.39913542E+000  0.60102109E+000  0.91352363E+000  0.10528236E+001  0.15624777E+001  0.34684979E+001  0.50328437E+001  0.86254834E+001  0.13804070E+002
  0.15761769E+000  0.20495240E+000  0.39913542E+000  0.60102111E+000  0.91352363E+000  0.10528236E+001  0.15624777E+001  0.34684980E+001  0.50328445E+001  0.86254835E+001  0.13804070E+002
  0.15761769E+000  0.20495240E+000  0.39913542E+000  0.60102113E+000  0.91352363E+000  0.10528236E+001  0.15624778E+001  0.34684982E+001  0.50328454E+001  0.86254837E+001  0.13804070E+002
  0.15761769E+000  0.20495240E+000  0.39913543E+000  0.60102114E+000  0.91352363E+000  0.10528236E+001  0.15624779E+001  0.34684983E+001  0.50328463E+001  0.86254838E+001  0.13804070E+002
  0.15761769E+000  0.20495240E+000  0.39913543E+000  0.60102116E+000  0.91352363E+000  0.10528236E+001  0.15624779E+001  0.34684985E+001  0.50328471E+001  0.86254839E+001  0.13804070E+002
  0.15761769E+000  0.20495240E+000  0.39913544E+000  0.60102117E+000  0.91352363E+000  0.10528236E+001  0.15624780E+001  0.34684986E+001  0.50328480E+001  0.86254840E+001  0.13804070E+002
  0.15761769E+000  0.20495240E+000  0.39913544E+000  0.60102119E+000  0.91352363E+000  0.10528236E+001  0.15624780E+001  0.34684987E+001  0.50328488E+001  0.86254842E+001  0.13804070E+002
  0.15761769E+000  0.20495240E+000  0.39913544E+000  0.60102120E+000  0.91352363E+000  0.10528236E+001  0.15624781E+001  0.34684988E+001  0.50328497E+001  0.86254843E+001  0.13804070E+002
  0.15761769E+000  0.20495240E+000  0.39913545E+000  0.60102122E+000  0.91352363E+000  0.10528236E+001  0.15624781E+001  0.34684990E+001  0.50328505E+001  0.86254845E+001  0.13804070E+002
  0.15761769E+000  0.20495240E+000  0.39913545E+000  0.60102123E+000  0.91352363E+000  0.10528236E+001  0.15624782E+001  0.34684991E+001  0.50328513E+001  0.86254846E+001  0.13804070E+002
  0.15761769E+000  0.20495240E+000  0.39913545E+000  0.60102125E+000  0.91352363E+000  0.10528236E+001  0.15624783E+001  0.34684992E+001  0.50328522E+001  0.86254847E+001  0.13804070E+002
  0.15761769E+000  0.20495240E+000  0.39913546E+000  0.60102126E+000  0.91352363E+000  0.10528236E+001  0.15624783E+001  0.34684994E+001  0.50328530E+001  0.86254849E+001  0.13804070E+002
  0.15761769E+000  0.20495240E+000  0.39913546E+000  0.60102127E+000  0.91352363E+000  0.10528236E+001  0.15624784E+001  0.34684995E+001  0.50328538E+001  0.86254850E+001  0.13804070E+002
  0.15761769E+000  0.20495240E+000  0.39913546E+000  0.60102128E+000  0.91352364E+000  0.10528236E+001  0.15624784E+001  0.34684996E+001  0.50328546E+001  0.86254852E+001  0.13804070E+002
  0.15761769E+000  0.20495240E+000  0.39913546E+000  0.60102129E+000  0.91352364E+000  0.10528236E+001  0.15624784E+001  0.34684997E+001  0.50328554E+001  0.86254853E+001  0.13804070E+002
  0.15761769E+000  0.20495240E+000  0.39913547E+000  0.60102131E+000  0.91352364E+000  0.10528236E+001  0.15624785E+001  0.34684998E+001  0.50328562E+001  0.86254855E+001  0.13804070E+002
  0.15761769E+000  0.20495240E+000  0.39913547E+000  0.60102132E+000  0.91352364E+000  0.10528236E+001  0.15624785E+001  0.34684999E+001  0.50328569E+001  0.86254856E+001  0.13804070E+002
  0.15761769E+000  0.20495240E+000  0.39913547E+000  0.60102133E+000  0.91352364E+000  0.10528236E+001  0.15624786E+001  0.34685000E+001  0.50328577E+001  0.86254858E+001  0.13804070E+002
  0.15761769E+000  0.20495241E+000  0.39913547E+000  0.60102134E+000  0.91352364E+000  0.10528236E+001  0.15624786E+001  0.34685002E+001  0.50328584E+001  0.86254859E+001  0.13804070E+002
  0.15761769E+000  0.20495241E+000  0.39913548E+000  0.60102134E+000  0.91352364E+000  0.10528236E+001  0.15624787E+001  0.34685003E+001  0.50328592E+001  0.86254860E+001  0.13804070E+002
  0.15761769E+000  0.20495241E+000  0.39913548E+000  0.60102135E+000  0.91352364E+000  0.10528236E+001  0.15624787E+001  0.34685004E+001  0.50328599E+001  0.86254862E+001  0.13804070E+002
  0.15761769E+000  0.20495241E+000  0.39913548E+000  0.60102136E+000  0.91352364E+000  0.10528236E+001  0.15624787E+001  0.34685005E+001  0.50328606E+001  0.86254863E+001  0.13804070E+002
  0.15761769E+000  0.20495241E+000  0.39913548E+000  0.60102137E+000  0.91352364E+000  0.10528236E+001  0.15624788E+001  0.34685006E+001  0.50328613E+001  0.86254865E+001  0.13804070E+002
  0.15761769E+000  0.20495241E+000  0.39913548E+000  0.60102138E+000  0.91352364E+000  0.10528236E+001  0.15624788E+001  0.34685007E+001  0.50328620E+001  0.86254866E+001  0.13804070E+002
  0.15761769E+000  0.20495241E+000  0.39913548E+000  0.60102138E+000  0.91352364E+000  0.10528236E+001  0.15624788E+001  0.34685008E+001  0.50328627E+001  0.86254868E+001  0.13804070E+002
  0.15761769E+000  0.20495241E+000  0.39913549E+000  0.60102139E+000  0.91352364E+000  0.10528236E+001  0.15624789E+001  0.34685009E+001  0.50328633E+001  0.86254869E+001  0.13804070E+002
  0.15761769E+000  0.20495241E+000  0.39913549E+000  0.60102140E+000  0.91352364E+000  0.10528236E+001  0.15624789E+001  0.34685010E+001  0.50328640E+001  0.86254870E+001  0.13804070E+002
  0.15761769E+000  0.20495241E+000  0.39913549E+000  0.60102140E+000  0.91352364E+000  0.10528236E+001  0.15624789E+001  0.34685010E+001  0.50328646E+001  0.86254872E+001  0.13804070E+002
  0.15761769E+000  0.20495241E+000  0.39913549E+000  0.60102141E+000  0.91352364E+000  0.10528236E+001  0.15624789E+001  0.34685011E+001  0.50328653E+001  0.86254873E+001  0.13804070E+002
  0.15761769E+000  0.20495241E+000  0.39913549E+000  0.60102141E+000  0.91352364E+000  0.10528236E+001  0.15624790E+001  0.34685012E+001  0.50328659E+001  0.86254874E+001  0.13804070E+002
  0.15761769E+000  0.20495241E+000  0.39913549E+000  0.60102142E+000  0.91352364E+000  0.10528236E+001  0.15624790E+001  0.34685013E+001  0.50328665E+001  0.86254876E+001  0.13804070E+002
  0.15761769E+000  0.20495241E+000  0.39913549E+000  0.60102142E+000  0.91352364E+000  0.10528236E+001  0.15624790E+001  0.34685014E+001  0.50328671E+001  0.86254877E+001  0.13804070E+002
  0.15761769E+000  0.20495241E+000  0.39913549E+000  0.60102143E+000  0.91352364E+000  0.10528236E+001  0.15624790E+001  0.34685015E+001  0.50328677E+001  0.86254878E+001  0.13804070E+002
  0.15761769E+000  0.20495241E+000  0.39913549E+000  0.60102143E+000  0.91352364E+000  0.10528236E+001  0.15624791E+001  0.34685015E+001  0.50328682E+001  0.86254879E+001  0.13804070E+002
  0.15761769E+000  0.20495241E+000  0.39913550E+000  0.60102143E+000  0.91352364E+000  0.10528236E+001  0.15624791E+001  0.34685016E+001  0.50328688E+001  0.86254881E+001  0.13804070E+002
  0.15761769E+000  0.20495241E+000  0.39913550E+000  0.60102144E+000  0.91352364E+000  0.10528236E+001  0.15624791E+001  0.34685017E+001  0.50328693E+001  0.86254882E+001  0.13804070E+002
  0.15761769E+000  0.20495241E+000  0.39913550E+000  0.60102144E+000  0.91352364E+000  0.10528236E+001  0.15624791E+001  0.34685018E+001  0.50328699E+001  0.86254883E+001  0.13804070E+002
  0.15761769E+000  0.20495241E+000  0.39913550E+000  0.60102144E+000  0.91352364E+000  0.10528236E+001  0.15624791E+001  0.34685018E+001  0.50328704E+001  0.86254884E+001  0.13804070E+002
  0.15761769E+000  0.20495241E+000  0.39913550E+000  0.60102145E+000  0.91352364E+000  0.10528236E+001  0.15624792E+001  0.34685019E+001  0.50328709E+001  0.86254885E+001  0.13804070E+002
  0.15761769E+000  0.20495241E+000  0.39913550E+000  0.60102145E+000  0.91352364E+000  0.10528236E+001  0.15624792E+001  0.34685020E+001  0.50328714E+001  0.86254886E+001  0.13804070E+002
  0.15761769E+000  0.20495241E+000  0.39913550E+000  0.60102145E+000  0.91352364E+000  0.10528236E+001  0.15624792E+001  0.34685020E+001  0.50328718E+001  0.86254888E+001  0.13804070E+002
  0.15761769E+000  0.20495241E+000  0.39913550E+000  0.60102145E+000  0.91352364E+000  0.10528236E+001  0.15624792E+001  0.34685021E+001  0.50328723E+001  0.86254889E+001  0.13804070E+002
  0.15761769E+000  0.20495241E+000  0.39913550E+000  0.60102146E+000  0.91352364E+000  0.10528236E+001  0.15624792E+001  0.34685021E+001  0.50328728E+001  0.86254890E+001  0.13804070E+002
  0.15761769E+000  0.20495241E+000  0.39913550E+000  0.60102146E+000  0.91352364E+000  0.10528236E+001  0.15624792E+001  0.34685022E+001  0.50328732E+001  0.86254891E+001  0.13804070E+002
  0.15761769E+000  0.20495241E+000  0.39913550E+000  0.60102146E+000  0.91352365E+000  0.10528236E+001  0.15624792E+001  0.34685023E+001  0.50328736E+001  0.86254892E+001  0.13804070E+002
  0.15761769E+000  0.20495241E+000  0.39913550E+000  0.60102146E+000  0.91352365E+000  0.10528236E+001  0.15624792E+001  0.34685023E+001  0.50328740E+001  0.86254893E+001  0.13804070E+002
  0.15761769E+000  0.20495241E+000  0.39913550E+000  0.60102146E+000  0.91352365E+000  0.10528236E+001  0.15624793E+001  0.34685024E+001  0.50328744E+001  0.86254894E+001  0.13804070E+002
