  0.30596016E+000  0.34250232E+000  0.45232587E+000  0.59317808E+000  0.79012281E+000  0.88375183E+000  0.11838792E+001  0.18573939E+001  0.26123776E+001  0.43717335E+001  0.81159839E+001
  0.30623166E+000  0.34253408E+000  0.45231353E+000  0.59343603E+000  0.79014522E+000  0.88387762E+000  0.11841167E+001  0.18573935E+001  0.26125224E+001  0.43711067E+001  0.81160153E+001
  0.30646481E+000  0.34256567E+000  0.45234765E+000  0.59365777E+000  0.79026618E+000  0.88397311E+000  0.11843124E+001  0.18573943E+001  0.26125599E+001  0.43711601E+001  0.81160595E+001
  0.30665825E+000  0.34259264E+000  0.45239314E+000  0.59384775E+000  0.79006342E+000  0.88404235E+000  0.11845201E+001  0.18573960E+001  0.26125919E+001  0.43712061E+001  0.81161073E+001
  0.30682843E+000  0.34261564E+000  0.45243223E+000  0.59401011E+000  0.79012549E+000  0.88412734E+000  0.11846611E+001  0.18573982E+001  0.26126192E+001  0.43712457E+001  0.81161495E+001
  0.30697576E+000  0.34263524E+000  0.45245056E+000  0.59414867E+000  0.79010533E+000  0.88418002E+000  0.11848036E+001  0.18574006E+001  0.26126425E+001  0.43712797E+001  0.81161862E+001
  0.30710368E+000  0.34265191E+000  0.45240067E+000  0.59426679E+000  0.78955231E+000  0.88423614E+000  0.11849142E+001  0.18574030E+001  0.26126623E+001  0.43713088E+001  0.81162180E+001
  0.30721141E+000  0.34266610E+000  0.45242467E+000  0.59435921E+000  0.78957820E+000  0.88427400E+000  0.11850136E+001  0.18574054E+001  0.26126791E+001  0.43713337E+001  0.81162452E+001
  0.30730162E+000  0.34267815E+000  0.45244518E+000  0.59445310E+000  0.78959977E+000  0.88431995E+000  0.11850852E+001  0.18574077E+001  0.26126935E+001  0.43713549E+001  0.81162686E+001
  0.30737842E+000  0.34263509E+000  0.45246268E+000  0.59452606E+000  0.78961875E+000  0.88435339E+000  0.11851265E+001  0.18574099E+001  0.26127057E+001  0.43713730E+001  0.81162886E+001
  0.30744381E+000  0.34266435E+000  0.45247760E+000  0.59458816E+000  0.78963508E+000  0.88438347E+000  0.11851609E+001  0.18574120E+001  0.26127161E+001  0.43715042E+001  0.81163056E+001
  0.30749945E+000  0.34268930E+000  0.45249030E+000  0.59464100E+000  0.78964918E+000  0.88439924E+000  0.11852573E+001  0.18574139E+001  0.26127249E+001  0.43715128E+001  0.81163201E+001
  0.30754680E+000  0.34260924E+000  0.45250111E+000  0.59468597E+000  0.78966138E+000  0.88441270E+000  0.11852602E+001  0.18574157E+001  0.26127324E+001  0.43715201E+001  0.81163324E+001
  0.30758431E+000  0.34261465E+000  0.45251030E+000  0.59472420E+000  0.78967198E+000  0.88443931E+000  0.11852626E+001  0.18573740E+001  0.26127388E+001  0.43715263E+001  0.81163429E+001
  0.30762130E+000  0.34261931E+000  0.45251809E+000  0.59475672E+000  0.78968120E+000  0.88444904E+000  0.11852652E+001  0.18573444E+001  0.26127442E+001  0.43715316E+001  0.81163518E+001
  0.30765039E+000  0.34262332E+000  0.45252470E+000  0.59478433E+000  0.78968925E+000  0.88445733E+000  0.11852675E+001  0.18573349E+001  0.26127488E+001  0.43719462E+001  0.81163594E+001
  0.30767508E+000  0.34262677E+000  0.45253028E+000  0.59479695E+000  0.78969629E+000  0.88446438E+000  0.11852695E+001  0.18573401E+001  0.26127526E+001  0.43719639E+001  0.81163658E+001
  0.30769600E+000  0.34262974E+000  0.45253499E+000  0.59482764E+000  0.78970246E+000  0.88448624E+000  0.11852711E+001  0.18573445E+001  0.26127559E+001  0.43719792E+001  0.81163712E+001
  0.30771372E+000  0.34263230E+000  0.45253896E+000  0.59484446E+000  0.79025040E+000  0.88449126E+000  0.11852755E+001  0.18573483E+001  0.26127586E+001  0.43719921E+001  0.81163757E+001
  0.30772869E+000  0.34263451E+000  0.45254228E+000  0.59485867E+000  0.79025544E+000  0.88449550E+000  0.11852736E+001  0.18573515E+001  0.26127609E+001  0.43720032E+001  0.81163796E+001
  0.30774131E+000  0.34263641E+000  0.45254506E+000  0.59487065E+000  0.79026108E+000  0.88449907E+000  0.11852746E+001  0.18573542E+001  0.26127629E+001  0.43720126E+001  0.81163828E+001
  0.30775192E+000  0.34263805E+000  0.45254737E+000  0.59488073E+000  0.79039881E+000  0.88450207E+000  0.11852754E+001  0.18573627E+001  0.26127645E+001  0.43720206E+001  0.81163855E+001
  0.30776081E+000  0.34263947E+000  0.45254927E+000  0.59488917E+000  0.79040823E+000  0.88450458E+000  0.11852761E+001  0.18573790E+001  0.26127658E+001  0.43720273E+001  0.81163877E+001
  0.30776824E+000  0.34264068E+000  0.45255084E+000  0.59489622E+000  0.79041695E+000  0.88450667E+000  0.11852766E+001  0.18573968E+001  0.26127669E+001  0.43720330E+001  0.81163895E+001
  0.30777442E+000  0.34264173E+000  0.45255212E+000  0.59490208E+000  0.79042504E+000  0.88450840E+000  0.11852771E+001  0.18574157E+001  0.26127678E+001  0.43720378E+001  0.81163910E+001
  0.30777952E+000  0.34264263E+000  0.45255315E+000  0.59490693E+000  0.79043256E+000  0.88450982E+000  0.11852774E+001  0.18574304E+001  0.26127685E+001  0.43720418E+001  0.81163922E+001
  0.30778372E+000  0.34264341E+000  0.45255397E+000  0.59491092E+000  0.79045357E+000  0.88451099E+000  0.11852777E+001  0.18574311E+001  0.26127690E+001  0.43720452E+001  0.81163932E+001
  0.30778715E+000  0.34264408E+000  0.45255461E+000  0.59491417E+000  0.79045450E+000  0.88451193E+000  0.11852779E+001  0.18574319E+001  0.26127695E+001  0.43720480E+001  0.81163940E+001
  0.30778992E+000  0.34264465E+000  0.45255510E+000  0.59491680E+000  0.79045538E+000  0.88451268E+000  0.11852781E+001  0.18574326E+001  0.26127698E+001  0.43720503E+001  0.81163946E+001
  0.30779215E+000  0.34264514E+000  0.45255547E+000  0.59491892E+000  0.79048080E+000  0.88451328E+000  0.11852782E+001  0.18574333E+001  0.26127701E+001  0.43720522E+001  0.81163951E+001
  0.30779391E+000  0.34264556E+000  0.45255573E+000  0.59492059E+000  0.79051049E+000  0.88451374E+000  0.11852783E+001  0.18574340E+001  0.26127703E+001  0.43720538E+001  0.81163954E+001
  0.30779529E+000  0.34264591E+000  0.45255591E+000  0.59492190E+000  0.79051212E+000  0.88451409E+000  0.11852783E+001  0.18574347E+001  0.26127704E+001  0.43720550E+001  0.81163957E+001
  0.30779634E+000  0.34264622E+000  0.45255602E+000  0.59492290E+000  0.79051366E+000  0.88451434E+000  0.11852784E+001  0.18574354E+001  0.26127704E+001  0.43720560E+001  0.81163958E+001
  0.30779713E+000  0.34264648E+000  0.45255606E+000  0.59492365E+000  0.79051510E+000  0.88451452E+000  0.11852784E+001  0.18574361E+001  0.26127705E+001  0.43720568E+001  0.81163959E+001
  0.30779771E+000  0.34264670E+000  0.45255606E+000  0.59492419E+000  0.79051644E+000  0.88451464E+000  0.11852784E+001  0.18574367E+001  0.26127705E+001  0.43720575E+001  0.81163960E+001
  0.30779810E+000  0.34264689E+000  0.45255603E+000  0.59492457E+000  0.79051769E+000  0.88451471E+000  0.11852784E+001  0.18574374E+001  0.26127704E+001  0.43720579E+001  0.81163960E+001
  0.30779836E+000  0.34264705E+000  0.45255596E+000  0.59492481E+000  0.79051885E+000  0.88451473E+000  0.11852783E+001  0.18574380E+001  0.26127704E+001  0.43720583E+001  0.81163959E+001
  0.30779850E+000  0.34264718E+000  0.45255587E+000  0.59492495E+000  0.79051992E+000  0.88451473E+000  0.11852783E+001  0.18574387E+001  0.26127703E+001  0.43720586E+001  0.81163958E+001
  0.30779855E+000  0.34264729E+000  0.45255575E+000  0.59492500E+000  0.79052091E+000  0.88451469E+000  0.11852782E+001  0.18574394E+001  0.26127702E+001  0.43720587E+001  0.81163957E+001
  0.30779853E+000  0.34264738E+000  0.45255563E+000  0.59492498E+000  0.79052182E+000  0.88451464E+000  0.11852782E+001  0.18574400E+001  0.26127701E+001  0.43720589E+001  0.81163956E+001
  0.30779846E+000  0.34264746E+000  0.45255550E+000  0.59492491E+000  0.79052266E+000  0.88451457E+000  0.11852781E+001  0.18574407E+001  0.26127700E+001  0.43720589E+001  0.81163955E+001
  0.30779835E+000  0.34264752E+000  0.45255535E+000  0.59492481E+000  0.79052342E+000  0.88451449E+000  0.11852780E+001  0.18574413E+001  0.26127699E+001  0.43720589E+001  0.81163953E+001
  0.30779821E+000  0.34264756E+000  0.45255521E+000  0.59492467E+000  0.79052412E+000  0.88451440E+000  0.11852780E+001  0.18574420E+001  0.26127698E+001  0.43720589E+001  0.81163952E+001
  0.30779805E+000  0.34264760E+000  0.45255506E+000  0.59492452E+000  0.79052476E+000  0.88451430E+000  0.11852779E+001  0.18574427E+001  0.26127696E+001  0.43720588E+001  0.81163950E+001
  0.30779787E+000  0.34264763E+000  0.45255490E+000  0.59492435E+000  0.79052535E+000  0.88451420E+000  0.11852778E+001  0.18574433E+001  0.26127695E+001  0.43720588E+001  0.81163949E+001
  0.30779768E+000  0.34264764E+000  0.45255475E+000  0.59492417E+000  0.79052588E+000  0.88451409E+000  0.11852777E+001  0.18574440E+001  0.26127694E+001  0.43720587E+001  0.81163947E+001
  0.30779749E+000  0.34264765E+000  0.45255460E+000  0.59492399E+000  0.79052637E+000  0.88451399E+000  0.11852777E+001  0.18574447E+001  0.26127693E+001  0.43720586E+001  0.81163946E+001
  0.30779730E+000  0.34264766E+000  0.45255445E+000  0.59492381E+000  0.79052681E+000  0.88451388E+000  0.11852776E+001  0.18574453E+001  0.26127692E+001  0.43720584E+001  0.81163944E+001
  0.30779710E+000  0.34264765E+000  0.45255429E+000  0.59492362E+000  0.79052722E+000  0.88451377E+000  0.11852775E+001  0.18574460E+001  0.26127690E+001  0.43720583E+001  0.81163942E+001
  0.30779691E+000  0.34264764E+000  0.45255414E+000  0.59492343E+000  0.79052758E+000  0.88451365E+000  0.11852774E+001  0.18574467E+001  0.26127689E+001  0.43720581E+001  0.81163941E+001
  0.30779671E+000  0.34264763E+000  0.45255399E+000  0.59492325E+000  0.79052792E+000  0.88451354E+000  0.11852773E+001  0.18574474E+001  0.26127688E+001  0.43720580E+001  0.81163939E+001
  0.30779652E+000  0.34264761E+000  0.45255385E+000  0.59492307E+000  0.79052822E+000  0.88451343E+000  0.11852772E+001  0.18574481E+001  0.26127687E+001  0.43720578E+001  0.81163937E+001
  0.30779634E+000  0.34264758E+000  0.45255370E+000  0.59492289E+000  0.79052849E+000  0.88451332E+000  0.11852771E+001  0.18574488E+001  0.26127685E+001  0.43720576E+001  0.81163936E+001
  0.30779616E+000  0.34264756E+000  0.45255356E+000  0.59492272E+000  0.79052874E+000  0.88451321E+000  0.11852770E+001  0.18574494E+001  0.26127684E+001  0.43720574E+001  0.81163934E+001
  0.30779598E+000  0.34264752E+000  0.45255342E+000  0.59492255E+000  0.79052896E+000  0.88451310E+000  0.11852769E+001  0.18574501E+001  0.26127683E+001  0.43720572E+001  0.81163933E+001
  0.30779580E+000  0.34264749E+000  0.45255328E+000  0.59492239E+000  0.79052916E+000  0.88451299E+000  0.11852768E+001  0.18574508E+001  0.26127682E+001  0.43720570E+001  0.81163931E+001
  0.30779563E+000  0.34264745E+000  0.45255315E+000  0.59492223E+000  0.79052934E+000  0.88451289E+000  0.11852767E+001  0.18574515E+001  0.26127681E+001  0.43720568E+001  0.81163929E+001
  0.30779547E+000  0.34264740E+000  0.45255301E+000  0.59492207E+000  0.79052949E+000  0.88451278E+000  0.11852766E+001  0.18574521E+001  0.26127680E+001  0.43720566E+001  0.81163928E+001
  0.30779531E+000  0.34264735E+000  0.45255288E+000  0.59492191E+000  0.79052963E+000  0.88451267E+000  0.11852765E+001  0.18574528E+001  0.26127678E+001  0.43720563E+001  0.81163926E+001
  0.30779515E+000  0.34264730E+000  0.45255275E+000  0.59492177E+000  0.79052974E+000  0.88451257E+000  0.11852764E+001  0.18574535E+001  0.26127677E+001  0.43720561E+001  0.81163925E+001
  0.30779500E+000  0.34264725E+000  0.45255262E+000  0.59492162E+000  0.79052984E+000  0.88451246E+000  0.11852764E+001  0.18574541E+001  0.26127676E+001  0.43720558E+001  0.81163923E+001
  0.30779485E+000  0.34264719E+000  0.45255250E+000  0.59492148E+000  0.79052993E+000  0.88451236E+000  0.11852763E+001  0.18574548E+001  0.26127675E+001  0.43720555E+001  0.81163922E+001
  0.30779470E+000  0.34264713E+000  0.45255238E+000  0.59492134E+000  0.79053000E+000  0.88451226E+000  0.11852762E+001  0.18574554E+001  0.26127674E+001  0.43720552E+001  0.81163920E+001
  0.30779456E+000  0.34264706E+000  0.45255226E+000  0.59492121E+000  0.79053005E+000  0.88451216E+000  0.11852761E+001  0.18574560E+001  0.26127673E+001  0.43720549E+001  0.81163919E+001
  0.30779443E+000  0.34264699E+000  0.45255214E+000  0.59492108E+000  0.79053009E+000  0.88451206E+000  0.11852760E+001  0.18574566E+001  0.26127672E+001  0.43720546E+001  0.81163917E+001
  0.30779430E+000  0.34264692E+000  0.45255202E+000  0.59492096E+000  0.79053012E+000  0.88451196E+000  0.11852759E+001  0.18574572E+001  0.26127671E+001  0.43720543E+001  0.81163916E+001
  0.30779417E+000  0.34264685E+000  0.45255190E+000  0.59492083E+000  0.79053014E+000  0.88451186E+000  0.11852758E+001  0.18574578E+001  0.26127670E+001  0.43720540E+001  0.81163914E+001
  0.30779404E+000  0.34264677E+000  0.45255179E+000  0.59492071E+000  0.79053014E+000  0.88451176E+000  0.11852757E+001  0.18574583E+001  0.26127669E+001  0.43720536E+001  0.81163913E+001
  0.30779392E+000  0.34264669E+000  0.45255168E+000  0.59492060E+000  0.79053014E+000  0.88451166E+000  0.11852756E+001  0.18574588E+001  0.26127668E+001  0.43720533E+001  0.81163911E+001
  0.30779380E+000  0.34264661E+000  0.45255156E+000  0.59492048E+000  0.79053013E+000  0.88451156E+000  0.11852755E+001  0.18574594E+001  0.26127667E+001  0.43720529E+001  0.81163910E+001
  0.30779368E+000  0.34264652E+000  0.45255145E+000  0.59492037E+000  0.79053010E+000  0.88451147E+000  0.11852754E+001  0.18574598E+001  0.26127666E+001  0.43720526E+001  0.81163909E+001
  0.30779357E+000  0.34264643E+000  0.45255134E+000  0.59492026E+000  0.79053007E+000  0.88451137E+000  0.11852753E+001  0.18574603E+001  0.26127664E+001  0.43720522E+001  0.81163907E+001
  0.30779345E+000  0.34264634E+000  0.45255123E+000  0.59492016E+000  0.79053004E+000  0.88451127E+000  0.11852752E+001  0.18574607E+001  0.26127663E+001  0.43720518E+001  0.81163906E+001
  0.30779334E+000  0.34264625E+000  0.45255112E+000  0.59492005E+000  0.79052999E+000  0.88451118E+000  0.11852751E+001  0.18574611E+001  0.26127662E+001  0.43720514E+001  0.81163904E+001
  0.30779323E+000  0.34264615E+000  0.45255101E+000  0.59491994E+000  0.79052995E+000  0.88451108E+000  0.11852750E+001  0.18574615E+001  0.26127661E+001  0.43720510E+001  0.81163903E+001
  0.30779312E+000  0.34264606E+000  0.45255091E+000  0.59491984E+000  0.79052989E+000  0.88451099E+000  0.11852749E+001  0.18574619E+001  0.26127660E+001  0.43720506E+001  0.81163901E+001
  0.30779301E+000  0.34264596E+000  0.45255080E+000  0.59491974E+000  0.79052983E+000  0.88451089E+000  0.11852748E+001  0.18574622E+001  0.26127659E+001  0.43720501E+001  0.81163900E+001
  0.30779290E+000  0.34264586E+000  0.45255069E+000  0.59491963E+000  0.79052977E+000  0.88451080E+000  0.11852747E+001  0.18574625E+001  0.26127658E+001  0.43720497E+001  0.81163899E+001
  0.30779279E+000  0.34264576E+000  0.45255059E+000  0.59491953E+000  0.79052971E+000  0.88451071E+000  0.11852746E+001  0.18574628E+001  0.26127657E+001  0.43720493E+001  0.81163897E+001
  0.30779269E+000  0.34264566E+000  0.45255048E+000  0.59491943E+000  0.79052964E+000  0.88451061E+000  0.11852745E+001  0.18574631E+001  0.26127656E+001  0.43720488E+001  0.81163896E+001
  0.30779258E+000  0.34264556E+000  0.45255038E+000  0.59491933E+000  0.79052957E+000  0.88451052E+000  0.11852744E+001  0.18574633E+001  0.26127655E+001  0.43720483E+001  0.81163895E+001
  0.30779248E+000  0.34264546E+000  0.45255028E+000  0.59491923E+000  0.79052951E+000  0.88451043E+000  0.11852743E+001  0.18574635E+001  0.26127655E+001  0.43720479E+001  0.81163893E+001
  0.30779237E+000  0.34264536E+000  0.45255018E+000  0.59491913E+000  0.79052944E+000  0.88451035E+000  0.11852742E+001  0.18574637E+001  0.26127654E+001  0.43720474E+001  0.81163892E+001
  0.30779227E+000  0.34264527E+000  0.45255008E+000  0.59491903E+000  0.79052937E+000  0.88451026E+000  0.11852741E+001  0.18574639E+001  0.26127653E+001  0.43720469E+001  0.81163891E+001
  0.30779217E+000  0.34264517E+000  0.45254999E+000  0.59491894E+000  0.79052930E+000  0.88451018E+000  0.11852740E+001  0.18574640E+001  0.26127652E+001  0.43720464E+001  0.81163889E+001
  0.30779207E+000  0.34264508E+000  0.45254989E+000  0.59491885E+000  0.79052923E+000  0.88451009E+000  0.11852739E+001  0.18574642E+001  0.26127651E+001  0.43720459E+001  0.81163888E+001
  0.30779198E+000  0.34264499E+000  0.45254981E+000  0.59491875E+000  0.79052916E+000  0.88451002E+000  0.11852738E+001  0.18574643E+001  0.26127650E+001  0.43720454E+001  0.81163887E+001
  0.30779188E+000  0.34264491E+000  0.45254972E+000  0.59491866E+000  0.79052910E+000  0.88450994E+000  0.11852737E+001  0.18574644E+001  0.26127649E+001  0.43720449E+001  0.81163886E+001
  0.30779179E+000  0.34264482E+000  0.45254964E+000  0.59491858E+000  0.79052904E+000  0.88450987E+000  0.11852737E+001  0.18574645E+001  0.26127649E+001  0.43720444E+001  0.81163885E+001
  0.30779170E+000  0.34264474E+000  0.45254956E+000  0.59491849E+000  0.79052898E+000  0.88450979E+000  0.11852736E+001  0.18574646E+001  0.26127648E+001  0.43720438E+001  0.81163883E+001
  0.30779162E+000  0.34264467E+000  0.45254948E+000  0.59491841E+000  0.79052892E+000  0.88450973E+000  0.11852735E+001  0.18574647E+001  0.26127647E+001  0.43720433E+001  0.81163882E+001
  0.30779154E+000  0.34264459E+000  0.45254941E+000  0.59491834E+000  0.79052887E+000  0.88450966E+000  0.11852735E+001  0.18574648E+001  0.26127647E+001  0.43720428E+001  0.81163881E+001
  0.30779146E+000  0.34264452E+000  0.45254934E+000  0.59491826E+000  0.79052882E+000  0.88450960E+000  0.11852734E+001  0.18574649E+001  0.26127646E+001  0.43720422E+001  0.81163880E+001
  0.30779138E+000  0.34264446E+000  0.45254928E+000  0.59491819E+000  0.79052877E+000  0.88450954E+000  0.11852733E+001  0.18574650E+001  0.26127645E+001  0.43720417E+001  0.81163879E+001
  0.30779131E+000  0.34264439E+000  0.45254921E+000  0.59491813E+000  0.79052872E+000  0.88450949E+000  0.11852733E+001  0.18574651E+001  0.26127645E+001  0.43720411E+001  0.81163878E+001
  0.30779125E+000  0.34264434E+000  0.45254916E+000  0.59491806E+000  0.79052868E+000  0.88450944E+000  0.11852732E+001  0.18574652E+001  0.26127644E+001  0.43720406E+001  0.81163877E+001
  0.30779118E+000  0.34264428E+000  0.45254910E+000  0.59491800E+000  0.79052864E+000  0.88450939E+000  0.11852732E+001  0.18574653E+001  0.26127644E+001  0.43720401E+001  0.81163876E+001
  0.30779112E+000  0.34264423E+000  0.45254905E+000  0.59491795E+000  0.79052861E+000  0.88450934E+000  0.11852731E+001  0.18574654E+001  0.26127643E+001  0.43720395E+001  0.81163876E+001
  0.30779107E+000  0.34264418E+000  0.45254901E+000  0.59491789E+000  0.79052858E+000  0.88450930E+000  0.11852731E+001  0.18574655E+001  0.26127643E+001  0.43720390E+001  0.81163875E+001
  0.30779102E+000  0.34264414E+000  0.45254896E+000  0.59491784E+000  0.79052855E+000  0.88450926E+000  0.11852731E+001  0.18574656E+001  0.26127642E+001  0.43720385E+001  0.81163874E+001
  0.30779097E+000  0.34264409E+000  0.45254892E+000  0.59491780E+000  0.79052852E+000  0.88450923E+000  0.11852730E+001  0.18574658E+001  0.26127642E+001  0.43720379E+001  0.81163873E+001
  0.30779092E+000  0.34264405E+000  0.45254888E+000  0.59491776E+000  0.79052850E+000  0.88450919E+000  0.11852730E+001  0.18574659E+001  0.26127642E+001  0.43720374E+001  0.81163872E+001
  0.30779088E+000  0.34264402E+000  0.45254885E+000  0.59491772E+000  0.79052848E+000  0.88450916E+000  0.11852730E+001  0.18574660E+001  0.26127641E+001  0.43720369E+001  0.81163872E+001
  0.30779084E+000  0.34264399E+000  0.45254882E+000  0.59491768E+000  0.79052846E+000  0.88450913E+000  0.11852729E+001  0.18574662E+001  0.26127641E+001  0.43720364E+001  0.81163871E+001
  0.30779081E+000  0.34264396E+000  0.45254879E+000  0.59491764E+000  0.79052844E+000  0.88450911E+000  0.11852729E+001  0.18574663E+001  0.26127641E+001  0.43720359E+001  0.81163870E+001
  0.30779077E+000  0.34264393E+000  0.45254876E+000  0.59491761E+000  0.79052843E+000  0.88450908E+000  0.11852729E+001  0.18574665E+001  0.26127641E+001  0.43720354E+001  0.81163870E+001
  0.30779074E+000  0.34264390E+000  0.45254873E+000  0.59491758E+000  0.79052842E+000  0.88450906E+000  0.11852728E+001  0.18574667E+001  0.26127640E+001  0.43720349E+001  0.81163869E+001
  0.30779072E+000  0.34264388E+000  0.45254871E+000  0.59491756E+000  0.79052841E+000  0.88450904E+000  0.11852728E+001  0.18574669E+001  0.26127640E+001  0.43720344E+001  0.81163869E+001
  0.30779069E+000  0.34264386E+000  0.45254869E+000  0.59491753E+000  0.79052841E+000  0.88450902E+000  0.11852728E+001  0.18574671E+001  0.26127640E+001  0.43720340E+001  0.81163868E+001
  0.30779067E+000  0.34264384E+000  0.45254867E+000  0.59491751E+000  0.79052840E+000  0.88450900E+000  0.11852728E+001  0.18574673E+001  0.26127640E+001  0.43720335E+001  0.81163867E+001
  0.30779065E+000  0.34264382E+000  0.45254865E+000  0.59491749E+000  0.79052840E+000  0.88450899E+000  0.11852728E+001  0.18574675E+001  0.26127640E+001  0.43720331E+001  0.81163867E+001
  0.30779063E+000  0.34264381E+000  0.45254864E+000  0.59491747E+000  0.79052840E+000  0.88450898E+000  0.11852728E+001  0.18574677E+001  0.26127640E+001  0.43720327E+001  0.81163866E+001
  0.30779061E+000  0.34264379E+000  0.45254862E+000  0.59491746E+000  0.79052840E+000  0.88450896E+000  0.11852728E+001  0.18574680E+001  0.26127640E+001  0.43720323E+001  0.81163866E+001
  0.30779059E+000  0.34264378E+000  0.45254861E+000  0.59491744E+000  0.79052840E+000  0.88450895E+000  0.11852727E+001  0.18574682E+001  0.26127639E+001  0.43720320E+001  0.81163865E+001
  0.30779058E+000  0.34264377E+000  0.45254860E+000  0.59491743E+000  0.79052840E+000  0.88450894E+000  0.11852727E+001  0.18574685E+001  0.26127639E+001  0.43720316E+001  0.81163865E+001
  0.30779057E+000  0.34264376E+000  0.45254859E+000  0.59491742E+000  0.79052840E+000  0.88450893E+000  0.11852727E+001  0.18574688E+001  0.26127639E+001  0.43720313E+001  0.81163864E+001
  0.30779055E+000  0.34264375E+000  0.45254858E+000  0.59491741E+000  0.79052841E+000  0.88450893E+000  0.11852727E+001  0.18574690E+001  0.26127639E+001  0.43720310E+001  0.81163864E+001
  0.30779054E+000  0.34264374E+000  0.45254857E+000  0.59491740E+000  0.79052841E+000  0.88450892E+000  0.11852727E+001  0.18574693E+001  0.26127639E+001  0.43720307E+001  0.81163863E+001
  0.30779054E+000  0.34264374E+000  0.45254857E+000  0.59491739E+000  0.79052842E+000  0.88450891E+000  0.11852727E+001  0.18574696E+001  0.26127639E+001  0.43720305E+001  0.81163863E+001
  0.30779053E+000  0.34264373E+000  0.45254856E+000  0.59491738E+000  0.79052843E+000  0.88450891E+000  0.11852727E+001  0.18574699E+001  0.26127639E+001  0.43720302E+001  0.81163862E+001
  0.30779052E+000  0.34264373E+000  0.45254856E+000  0.59491737E+000  0.79052843E+000  0.88450890E+000  0.11852727E+001  0.18574702E+001  0.26127639E+001  0.43720300E+001  0.81163862E+001
  0.30779051E+000  0.34264372E+000  0.45254855E+000  0.59491737E+000  0.79052844E+000  0.88450890E+000  0.11852727E+001  0.18574705E+001  0.26127639E+001  0.43720299E+001  0.81163862E+001
  0.30779051E+000  0.34264372E+000  0.45254855E+000  0.59491736E+000  0.79052845E+000  0.88450890E+000  0.11852727E+001  0.18574708E+001  0.26127639E+001  0.43720297E+001  0.81163861E+001
  0.30779050E+000  0.34264372E+000  0.45254854E+000  0.59491736E+000  0.79052846E+000  0.88450890E+000  0.11852727E+001  0.18574711E+001  0.26127639E+001  0.43720296E+001  0.81163861E+001
  0.30779050E+000  0.34264371E+000  0.45254854E+000  0.59491735E+000  0.79052847E+000  0.88450889E+000  0.11852727E+001  0.18574714E+001  0.26127639E+001  0.43720296E+001  0.81163860E+001
  0.30779050E+000  0.34264371E+000  0.45254854E+000  0.59491735E+000  0.79052848E+000  0.88450889E+000  0.11852727E+001  0.18574718E+001  0.26127639E+001  0.43720295E+001  0.81163860E+001
  0.30779049E+000  0.34264371E+000  0.45254854E+000  0.59491735E+000  0.79052849E+000  0.88450889E+000  0.11852727E+001  0.18574721E+001  0.26127639E+001  0.43720295E+001  0.81163860E+001
  0.30779049E+000  0.34264371E+000  0.45254854E+000  0.59491734E+000  0.79052850E+000  0.88450889E+000  0.11852727E+001  0.18574724E+001  0.26127639E+001  0.43720295E+001  0.81163859E+001
  0.30779049E+000  0.34264371E+000  0.45254853E+000  0.59491734E+000  0.79052851E+000  0.88450889E+000  0.11852727E+001  0.18574728E+001  0.26127639E+001  0.43720296E+001  0.81163859E+001
  0.30779049E+000  0.34264371E+000  0.45254853E+000  0.59491734E+000  0.79052852E+000  0.88450889E+000  0.11852727E+001  0.18574731E+001  0.26127639E+001  0.43720297E+001  0.81163859E+001
  0.30779049E+000  0.34264371E+000  0.45254853E+000  0.59491734E+000  0.79052854E+000  0.88450889E+000  0.11852727E+001  0.18574734E+001  0.26127639E+001  0.43720298E+001  0.81163859E+001
  0.30779048E+000  0.34264371E+000  0.45254853E+000  0.59491734E+000  0.79052855E+000  0.88450889E+000  0.11852727E+001  0.18574738E+001  0.26127640E+001  0.43720299E+001  0.81163858E+001
  0.30779048E+000  0.34264371E+000  0.45254853E+000  0.59491734E+000  0.79052856E+000  0.88450889E+000  0.11852727E+001  0.18574741E+001  0.26127640E+001  0.43720301E+001  0.81163858E+001
  0.30779048E+000  0.34264371E+000  0.45254853E+000  0.59491734E+000  0.79052857E+000  0.88450889E+000  0.11852727E+001  0.18574745E+001  0.26127640E+001  0.43720304E+001  0.81163858E+001
  0.30779048E+000  0.34264371E+000  0.45254853E+000  0.59491734E+000  0.79052858E+000  0.88450889E+000  0.11852727E+001  0.18574748E+001  0.26127640E+001  0.43720306E+001  0.81163858E+001
  0.30779048E+000  0.34264372E+000  0.45254853E+000  0.59491734E+000  0.79052859E+000  0.88450889E+000  0.11852727E+001  0.18574751E+001  0.26127640E+001  0.43720309E+001  0.81163857E+001
  0.30779048E+000  0.34264372E+000  0.45254853E+000  0.59491734E+000  0.79052861E+000  0.88450889E+000  0.11852727E+001  0.18574755E+001  0.26127640E+001  0.43720312E+001  0.81163857E+001
  0.30779048E+000  0.34264372E+000  0.45254853E+000  0.59491734E+000  0.79052862E+000  0.88450890E+000  0.11852727E+001  0.18574758E+001  0.26127640E+001  0.43720316E+001  0.81163857E+001
  0.30779048E+000  0.34264372E+000  0.45254853E+000  0.59491734E+000  0.79052863E+000  0.88450890E+000  0.11852727E+001  0.18574761E+001  0.26127640E+001  0.43720320E+001  0.81163857E+001
  0.30779048E+000  0.34264372E+000  0.45254853E+000  0.59491734E+000  0.79052864E+000  0.88450890E+000  0.11852727E+001  0.18574765E+001  0.26127640E+001  0.43720324E+001  0.81163857E+001
  0.30779048E+000  0.34264372E+000  0.45254854E+000  0.59491734E+000  0.79052865E+000  0.88450890E+000  0.11852727E+001  0.18574768E+001  0.26127640E+001  0.43720329E+001  0.81163857E+001
  0.30779049E+000  0.34264372E+000  0.45254854E+000  0.59491734E+000  0.79052866E+000  0.88450890E+000  0.11852727E+001  0.18574771E+001  0.26127640E+001  0.43720334E+001  0.81163856E+001
  0.30779049E+000  0.34264373E+000  0.45254854E+000  0.59491734E+000  0.79052868E+000  0.88450890E+000  0.11852727E+001  0.18574775E+001  0.26127640E+001  0.43720339E+001  0.81163856E+001
  0.30779049E+000  0.34264373E+000  0.45254854E+000  0.59491734E+000  0.79052869E+000  0.88450890E+000  0.11852727E+001  0.18574778E+001  0.26127640E+001  0.43720344E+001  0.81163856E+001
  0.30779049E+000  0.34264373E+000  0.45254854E+000  0.59491734E+000  0.79052870E+000  0.88450890E+000  0.11852727E+001  0.18574781E+001  0.26127641E+001  0.43720350E+001  0.81163856E+001
  0.30779049E+000  0.34264373E+000  0.45254854E+000  0.59491734E+000  0.79052871E+000  0.88450891E+000  0.11852727E+001  0.18574784E+001  0.26127641E+001  0.43720356E+001  0.81163856E+001
  0.30779049E+000  0.34264373E+000  0.45254854E+000  0.59491734E+000  0.79052872E+000  0.88450891E+000  0.11852727E+001  0.18574787E+001  0.26127641E+001  0.43720362E+001  0.81163856E+001
  0.30779049E+000  0.34264373E+000  0.45254854E+000  0.59491734E+000  0.79052873E+000  0.88450891E+000  0.11852727E+001  0.18574791E+001  0.26127641E+001  0.43720369E+001  0.81163856E+001
  0.30779049E+000  0.34264373E+000  0.45254854E+000  0.59491734E+000  0.79052874E+000  0.88450891E+000  0.11852727E+001  0.18574794E+001  0.26127641E+001  0.43720375E+001  0.81163856E+001
  0.30779049E+000  0.34264374E+000  0.45254854E+000  0.59491734E+000  0.79052875E+000  0.88450891E+000  0.11852727E+001  0.18574797E+001  0.26127641E+001  0.43720382E+001  0.81163856E+001
  0.30779049E+000  0.34264374E+000  0.45254854E+000  0.59491734E+000  0.79052876E+000  0.88450891E+000  0.11852727E+001  0.18574800E+001  0.26127641E+001  0.43720389E+001  0.81163856E+001
  0.30779049E+000  0.34264374E+000  0.45254854E+000  0.59491735E+000  0.79052877E+000  0.88450891E+000  0.11852727E+001  0.18574803E+001  0.26127641E+001  0.43720397E+001  0.81163857E+001
  0.30779049E+000  0.34264374E+000  0.45254854E+000  0.59491735E+000  0.79052878E+000  0.88450891E+000  0.11852727E+001  0.18574806E+001  0.26127641E+001  0.43720404E+001  0.81163857E+001
  0.30779049E+000  0.34264374E+000  0.45254855E+000  0.59491735E+000  0.79052879E+000  0.88450892E+000  0.11852727E+001  0.18574809E+001  0.26127641E+001  0.43720412E+001  0.81163857E+001
  0.30779049E+000  0.34264374E+000  0.45254855E+000  0.59491735E+000  0.79052880E+000  0.88450892E+000  0.11852727E+001  0.18574812E+001  0.26127641E+001  0.43720420E+001  0.81163857E+001
  0.30779049E+000  0.34264374E+000  0.45254855E+000  0.59491735E+000  0.79052881E+000  0.88450892E+000  0.11852727E+001  0.18574814E+001  0.26127641E+001  0.43720428E+001  0.81163857E+001
  0.30779049E+000  0.34264374E+000  0.45254855E+000  0.59491735E+000  0.79052881E+000  0.88450892E+000  0.11852727E+001  0.18574817E+001  0.26127641E+001  0.43720436E+001  0.81163857E+001
  0.30779050E+000  0.34264374E+000  0.45254855E+000  0.59491735E+000  0.79052882E+000  0.88450892E+000  0.11852727E+001  0.18574820E+001  0.26127642E+001  0.43720444E+001  0.81163858E+001
  0.30779050E+000  0.34264375E+000  0.45254855E+000  0.59491735E+000  0.79052883E+000  0.88450892E+000  0.11852727E+001  0.18574823E+001  0.26127642E+001  0.43720452E+001  0.81163858E+001
  0.30779050E+000  0.34264375E+000  0.45254855E+000  0.59491735E+000  0.79052884E+000  0.88450892E+000  0.11852727E+001  0.18574825E+001  0.26127642E+001  0.43720461E+001  0.81163858E+001
  0.30779050E+000  0.34264375E+000  0.45254855E+000  0.59491735E+000  0.79052885E+000  0.88450892E+000  0.11852727E+001  0.18574828E+001  0.26127642E+001  0.43720469E+001  0.81163859E+001
  0.30779050E+000  0.34264375E+000  0.45254855E+000  0.59491735E+000  0.79052885E+000  0.88450892E+000  0.11852727E+001  0.18574830E+001  0.26127642E+001  0.43720478E+001  0.81163859E+001
  0.30779050E+000  0.34264375E+000  0.45254855E+000  0.59491735E+000  0.79052886E+000  0.88450892E+000  0.11852727E+001  0.18574833E+001  0.26127642E+001  0.43720486E+001  0.81163859E+001
  0.30779050E+000  0.34264375E+000  0.45254855E+000  0.59491735E+000  0.79052887E+000  0.88450892E+000  0.11852727E+001  0.18574836E+001  0.26127642E+001  0.43720495E+001  0.81163859E+001
  0.30779050E+000  0.34264375E+000  0.45254855E+000  0.59491735E+000  0.79052887E+000  0.88450892E+000  0.11852727E+001  0.18574838E+001  0.26127642E+001  0.43720503E+001  0.81163860E+001
  0.30779050E+000  0.34264375E+000  0.45254855E+000  0.59491735E+000  0.79052888E+000  0.88450892E+000  0.11852727E+001  0.18574840E+001  0.26127642E+001  0.43720512E+001  0.81163860E+001
  0.30779050E+000  0.34264375E+000  0.45254855E+000  0.59491735E+000  0.79052888E+000  0.88450892E+000  0.11852727E+001  0.18574843E+001  0.26127642E+001  0.43720520E+001  0.81163861E+001
  0.30779050E+000  0.34264375E+000  0.45254855E+000  0.59491735E+000  0.79052889E+000  0.88450893E+000  0.11852727E+001  0.18574845E+001  0.26127642E+001  0.43720529E+001  0.81163861E+001
  0.30779050E+000  0.34264375E+000  0.45254855E+000  0.59491735E+000  0.79052889E+000  0.88450893E+000  0.11852727E+001  0.18574847E+001  0.26127642E+001  0.43720537E+001  0.81163861E+001
  0.30779050E+000  0.34264375E+000  0.45254855E+000  0.59491735E+000  0.79052890E+000  0.88450893E+000  0.11852727E+001  0.18574850E+001  0.26127642E+001  0.43720546E+001  0.81163862E+001
  0.30779050E+000  0.34264375E+000  0.45254855E+000  0.59491735E+000  0.79052890E+000  0.88450893E+000  0.11852727E+001  0.18574852E+001  0.26127642E+001  0.43720555E+001  0.81163862E+001
  0.30779050E+000  0.34264375E+000  0.45254855E+000  0.59491735E+000  0.79052891E+000  0.88450893E+000  0.11852727E+001  0.18574854E+001  0.26127642E+001  0.43720563E+001  0.81163863E+001
  0.30779050E+000  0.34264375E+000  0.45254855E+000  0.59491735E+000  0.79052891E+000  0.88450893E+000  0.11852727E+001  0.18574856E+001  0.26127643E+001  0.43720571E+001  0.81163863E+001
  0.30779050E+000  0.34264375E+000  0.45254855E+000  0.59491735E+000  0.79052892E+000  0.88450893E+000  0.11852727E+001  0.18574858E+001  0.26127643E+001  0.43720580E+001  0.81163863E+001
  0.30779050E+000  0.34264375E+000  0.45254855E+000  0.59491735E+000  0.79052892E+000  0.88450893E+000  0.11852727E+001  0.18574860E+001  0.26127643E+001  0.43720588E+001  0.81163864E+001
  0.30779050E+000  0.34264375E+000  0.45254855E+000  0.59491735E+000  0.79052893E+000  0.88450893E+000  0.11852727E+001  0.18574862E+001  0.26127643E+001  0.43720596E+001  0.81163864E+001
  0.30779050E+000  0.34264375E+000  0.45254855E+000  0.59491735E+000  0.79052893E+000  0.88450893E+000  0.11852727E+001  0.18574864E+001  0.26127643E+001  0.43720604E+001  0.81163865E+001
  0.30779050E+000  0.34264375E+000  0.45254855E+000  0.59491735E+000  0.79052893E+000  0.88450893E+000  0.11852727E+001  0.18574866E+001  0.26127643E+001  0.43720612E+001  0.81163865E+001
  0.30779050E+000  0.34264375E+000  0.45254855E+000  0.59491735E+000  0.79052894E+000  0.88450893E+000  0.11852727E+001  0.18574868E+001  0.26127643E+001  0.43720620E+001  0.81163866E+001
  0.30779050E+000  0.34264375E+000  0.45254855E+000  0.59491735E+000  0.79052894E+000  0.88450893E+000  0.11852727E+001  0.18574870E+001  0.26127643E+001  0.43720628E+001  0.81163866E+001
  0.30779050E+000  0.34264375E+000  0.45254855E+000  0.59491735E+000  0.79052894E+000  0.88450893E+000  0.11852727E+001  0.18574871E+001  0.26127643E+001  0.43720636E+001  0.81163867E+001
  0.30779050E+000  0.34264375E+000  0.45254855E+000  0.59491735E+000  0.79052894E+000  0.88450893E+000  0.11852727E+001  0.18574873E+001  0.26127643E+001  0.43720643E+001  0.81163867E+001
  0.30779050E+000  0.34264375E+000  0.45254855E+000  0.59491735E+000  0.79052895E+000  0.88450893E+000  0.11852727E+001  0.18574875E+001  0.26127643E+001  0.43720651E+001  0.81163868E+001
  0.30779050E+000  0.34264375E+000  0.45254855E+000  0.59491735E+000  0.79052895E+000  0.88450893E+000  0.11852727E+001  0.18574876E+001  0.26127643E+001  0.43720658E+001  0.81163868E+001
  0.30779050E+000  0.34264375E+000  0.45254855E+000  0.59491735E+000  0.79052895E+000  0.88450893E+000  0.11852727E+001  0.18574878E+001  0.26127643E+001  0.43720666E+001  0.81163868E+001
  0.30779050E+000  0.34264375E+000  0.45254855E+000  0.59491735E+000  0.79052895E+000  0.88450893E+000  0.11852727E+001  0.18574879E+001  0.26127643E+001  0.43720673E+001  0.81163869E+001
  0.30779050E+000  0.34264375E+000  0.45254855E+000  0.59491735E+000  0.79052895E+000  0.88450893E+000  0.11852727E+001  0.18574881E+001  0.26127643E+001  0.43720680E+001  0.81163869E+001
  0.30779050E+000  0.34264375E+000  0.45254855E+000  0.59491735E+000  0.79052896E+000  0.88450893E+000  0.11852727E+001  0.18574882E+001  0.26127643E+001  0.43720687E+001  0.81163870E+001
  0.30779050E+000  0.34264375E+000  0.45254855E+000  0.59491735E+000  0.79052896E+000  0.88450893E+000  0.11852727E+001  0.18574884E+001  0.26127643E+001  0.43720693E+001  0.81163870E+001
  0.30779050E+000  0.34264375E+000  0.45254855E+000  0.59491735E+000  0.79052896E+000  0.88450893E+000  0.11852727E+001  0.18574885E+001  0.26127643E+001  0.43720700E+001  0.81163871E+001
  0.30779050E+000  0.34264375E+000  0.45254855E+000  0.59491735E+000  0.79052896E+000  0.88450893E+000  0.11852727E+001  0.18574886E+001  0.26127643E+001  0.43720707E+001  0.81163871E+001
  0.30779050E+000  0.34264375E+000  0.45254855E+000  0.59491735E+000  0.79052896E+000  0.88450893E+000  0.11852727E+001  0.18574888E+001  0.26127643E+001  0.43720713E+001  0.81163872E+001
  0.30779050E+000  0.34264375E+000  0.45254855E+000  0.59491735E+000  0.79052896E+000  0.88450893E+000  0.11852727E+001  0.18574889E+001  0.26127643E+001  0.43720719E+001  0.81163872E+001
  0.30779050E+000  0.34264375E+000  0.45254855E+000  0.59491735E+000  0.79052896E+000  0.88450893E+000  0.11852727E+001  0.18574890E+001  0.26127643E+001  0.43720726E+001  0.81163873E+001
  0.30779050E+000  0.34264375E+000  0.45254855E+000  0.59491735E+000  0.79052897E+000  0.88450893E+000  0.11852727E+001  0.18574891E+001  0.26127643E+001  0.43720732E+001  0.81163873E+001
  0.30779050E+000  0.34264375E+000  0.45254855E+000  0.59491735E+000  0.79052897E+000  0.88450893E+000  0.11852727E+001  0.18574892E+001  0.26127644E+001  0.43720737E+001  0.81163873E+001
  0.30779050E+000  0.34264375E+000  0.45254855E+000  0.59491735E+000  0.79052897E+000  0.88450893E+000  0.11852727E+001  0.18574893E+001  0.26127644E+001  0.43720743E+001  0.81163874E+001
  0.30779050E+000  0.34264375E+000  0.45254855E+000  0.59491735E+000  0.79052897E+000  0.88450893E+000  0.11852727E+001  0.18574894E+001  0.26127644E+001  0.43720749E+001  0.81163874E+001
  0.30779050E+000  0.34264375E+000  0.45254855E+000  0.59491735E+000  0.79052897E+000  0.88450893E+000  0.11852727E+001  0.18574895E+001  0.26127644E+001  0.43720754E+001  0.81163875E+001
  0.30779049E+000  0.34264375E+000  0.45254855E+000  0.59491735E+000  0.79052897E+000  0.88450893E+000  0.11852727E+001  0.18574896E+001  0.26127644E+001  0.43720760E+001  0.81163875E+001
