 -0.82433473E+000 -0.64308161E+000 -0.27719921E+000 -0.66076871E-004  0.84371337E-001  0.17428241E+001  0.12063646E+002  0.59173118E+002  0.13400207E+003  0.34790471E+003  0.65682841E+003
 -0.82559403E+000 -0.64466436E+000 -0.27756664E+000 -0.67343290E-004  0.84186402E-001  0.17421532E+001  0.12062756E+002  0.59173084E+002  0.13400195E+003  0.34790463E+003  0.65682828E+003
 -0.82661100E+000 -0.64597488E+000 -0.27786879E+000 -0.67983418E-004  0.84040779E-001  0.17415991E+001  0.12061999E+002  0.59173077E+002  0.13400192E+003  0.34790459E+003  0.65682822E+003
 -0.82741868E+000 -0.64704514E+000 -0.27811467E+000 -0.68263941E-004  0.82170182E-001  0.17411456E+001  0.12061363E+002  0.59173078E+002  0.13400191E+003  0.34790458E+003  0.65682820E+003
 -0.82804518E+000 -0.64790684E+000 -0.27831268E+000 -0.68336606E-004  0.80219159E-001  0.17407778E+001  0.12060832E+002  0.59173082E+002  0.13400192E+003  0.34790458E+003  0.65682821E+003
 -0.82852270E+000 -0.64858998E+000 -0.27847025E+000 -0.68293050E-004  0.79191182E-001  0.17404823E+001  0.12060391E+002  0.59173086E+002  0.13400194E+003  0.34790459E+003  0.65682822E+003
 -0.82887678E+000 -0.64912196E+000 -0.27859371E+000 -0.68189381E-004  0.78800492E-001  0.17402479E+001  0.12060028E+002  0.59173090E+002  0.13400195E+003  0.34790460E+003  0.65682824E+003
 -0.82913193E+000 -0.64952707E+000 -0.27868841E+000 -0.68059374E-004  0.78535128E-001  0.17400649E+001  0.12059730E+002  0.59173094E+002  0.13400197E+003  0.34790461E+003  0.65682826E+003
 -0.82930731E+000 -0.64982641E+000 -0.27875887E+000 -0.67922495E-004  0.78370389E-001  0.17399252E+001  0.12059488E+002  0.59173097E+002  0.13400198E+003  0.34790463E+003  0.65682828E+003
 -0.82941835E+000 -0.65003805E+000 -0.27880890E+000 -0.67789173E-004  0.78286053E-001  0.17398220E+001  0.12059294E+002  0.59173100E+002  0.13400199E+003  0.34790464E+003  0.65682830E+003
 -0.82947908E+000 -0.65017728E+000 -0.27884171E+000 -0.67664349E-004  0.78265627E-001  0.17397496E+001  0.12059141E+002  0.59173103E+002  0.13400200E+003  0.34790465E+003  0.65682831E+003
 -0.82949943E+000 -0.65025696E+000 -0.27886001E+000 -0.67549784E-004  0.78295745E-001  0.17397031E+001  0.12059023E+002  0.59173105E+002  0.13400201E+003  0.34790465E+003  0.65682833E+003
 -0.82948756E+000 -0.65028782E+000 -0.27886608E+000 -0.67445631E-004  0.78365531E-001  0.17396784E+001  0.12058935E+002  0.59173106E+002  0.13400202E+003  0.34790466E+003  0.65682834E+003
 -0.82945008E+000 -0.65027879E+000 -0.27886189E+000 -0.67351168E-004  0.78466243E-001  0.17396722E+001  0.12058871E+002  0.59173108E+002  0.13400203E+003  0.34790467E+003  0.65682835E+003
 -0.82939320E+000 -0.65023684E+000 -0.27884908E+000 -0.67265401E-004  0.78590820E-001  0.17396815E+001  0.12058830E+002  0.59173109E+002  0.13400203E+003  0.34790467E+003  0.65682836E+003
 -0.82932129E+000 -0.65016809E+000 -0.27882906E+000 -0.67187255E-004  0.78733604E-001  0.17397040E+001  0.12058807E+002  0.59173110E+002  0.13400204E+003  0.34790468E+003  0.65682836E+003
 -0.82923771E+000 -0.65007772E+000 -0.27880304E+000 -0.67115748E-004  0.78890036E-001  0.17397375E+001  0.12058800E+002  0.59173111E+002  0.13400204E+003  0.34790468E+003  0.65682837E+003
 -0.82914511E+000 -0.64997001E+000 -0.27877205E+000 -0.67050005E-004  0.79056466E-001  0.17397803E+001  0.12058806E+002  0.59173112E+002  0.13400204E+003  0.34790468E+003  0.65682838E+003
 -0.82904563E+000 -0.64984846E+000 -0.27873696E+000 -0.66989291E-004  0.79229951E-001  0.17398309E+001  0.12058824E+002  0.59173113E+002  0.13400205E+003  0.34790469E+003  0.65682838E+003
 -0.82894094E+000 -0.64971596E+000 -0.27869852E+000 -0.66932969E-004  0.79408141E-001  0.17398881E+001  0.12058851E+002  0.59173114E+002  0.13400205E+003  0.34790469E+003  0.65682838E+003
 -0.82883238E+000 -0.64957485E+000 -0.27865739E+000 -0.66880529E-004  0.79816927E-001  0.17399508E+001  0.12058887E+002  0.59173114E+002  0.13400205E+003  0.34790469E+003  0.65682839E+003
 -0.82872100E+000 -0.64942705E+000 -0.27861410E+000 -0.66831533E-004  0.80288340E-001  0.17400179E+001  0.12058930E+002  0.59173115E+002  0.13400205E+003  0.34790469E+003  0.65682839E+003
 -0.82860762E+000 -0.64927409E+000 -0.27856915E+000 -0.66785622E-004  0.80758736E-001  0.17400887E+001  0.12058979E+002  0.59173115E+002  0.13400205E+003  0.34790470E+003  0.65682839E+003
 -0.82849288E+000 -0.64911724E+000 -0.27852295E+000 -0.66742503E-004  0.81225624E-001  0.17401625E+001  0.12059032E+002  0.59173115E+002  0.13400206E+003  0.34790470E+003  0.65682839E+003
 -0.82837727E+000 -0.64895747E+000 -0.27847584E+000 -0.66701923E-004  0.81687003E-001  0.17402387E+001  0.12059091E+002  0.59173116E+002  0.13400206E+003  0.34790470E+003  0.65682840E+003
 -0.82826117E+000 -0.64879560E+000 -0.27842815E+000 -0.66663671E-004  0.82141248E-001  0.17403167E+001  0.12059153E+002  0.59173116E+002  0.13400206E+003  0.34790470E+003  0.65682840E+003
 -0.82814486E+000 -0.64863224E+000 -0.27838015E+000 -0.66627570E-004  0.82587029E-001  0.17403960E+001  0.12059218E+002  0.59173116E+002  0.13400206E+003  0.34790470E+003  0.65682840E+003
 -0.82802857E+000 -0.64846790E+000 -0.27833207E+000 -0.66593467E-004  0.83023261E-001  0.17404763E+001  0.12059285E+002  0.59173116E+002  0.13400206E+003  0.34790470E+003  0.65682840E+003
 -0.82791244E+000 -0.64830295E+000 -0.27828413E+000 -0.66561233E-004  0.83449049E-001  0.17405571E+001  0.12059355E+002  0.59173116E+002  0.13400206E+003  0.34790470E+003  0.65682840E+003
 -0.82779660E+000 -0.64813771E+000 -0.27823650E+000 -0.66530756E-004  0.83863649E-001  0.17406382E+001  0.12059427E+002  0.59173116E+002  0.13400206E+003  0.34790470E+003  0.65682840E+003
 -0.82768117E+000 -0.64797238E+000 -0.27818936E+000 -0.66501938E-004  0.84020830E-001  0.17407191E+001  0.12059501E+002  0.59173116E+002  0.13400206E+003  0.34790470E+003  0.65682840E+003
 -0.82756625E+000 -0.64780715E+000 -0.27814284E+000 -0.66474692E-004  0.84038457E-001  0.17407997E+001  0.12059576E+002  0.59173117E+002  0.13400206E+003  0.34790470E+003  0.65682840E+003
 -0.82745186E+000 -0.64764217E+000 -0.27809707E+000 -0.66448942E-004  0.84055519E-001  0.17408797E+001  0.12059653E+002  0.59173117E+002  0.13400206E+003  0.34790470E+003  0.65682840E+003
 -0.82733804E+000 -0.64747760E+000 -0.27805216E+000 -0.66424618E-004  0.84071999E-001  0.17409590E+001  0.12059730E+002  0.59173117E+002  0.13400206E+003  0.34790470E+003  0.65682840E+003
 -0.82722480E+000 -0.64731357E+000 -0.27800820E+000 -0.66401657E-004  0.84087882E-001  0.17410372E+001  0.12059809E+002  0.59173117E+002  0.13400206E+003  0.34790470E+003  0.65682840E+003
 -0.82711218E+000 -0.64715021E+000 -0.27796529E+000 -0.66379997E-004  0.84103158E-001  0.17411143E+001  0.12059888E+002  0.59173117E+002  0.13400206E+003  0.34790470E+003  0.65682840E+003
 -0.82700020E+000 -0.64698766E+000 -0.27792350E+000 -0.66359582E-004  0.84117818E-001  0.17411901E+001  0.12059968E+002  0.59173117E+002  0.13400206E+003  0.34790470E+003  0.65682840E+003
 -0.82688891E+000 -0.64682606E+000 -0.27788289E+000 -0.66340357E-004  0.84131857E-001  0.17412644E+001  0.12060049E+002  0.59173117E+002  0.13400206E+003  0.34790470E+003  0.65682840E+003
 -0.82677836E+000 -0.64666558E+000 -0.27784351E+000 -0.66322269E-004  0.84145274E-001  0.17413373E+001  0.12060130E+002  0.59173117E+002  0.13400206E+003  0.34790470E+003  0.65682840E+003
 -0.82666864E+000 -0.64650639E+000 -0.27780541E+000 -0.66305264E-004  0.84158068E-001  0.17414084E+001  0.12060211E+002  0.59173117E+002  0.13400206E+003  0.34790470E+003  0.65682840E+003
 -0.82655983E+000 -0.64634869E+000 -0.27776863E+000 -0.66289293E-004  0.84170241E-001  0.17414779E+001  0.12060293E+002  0.59173117E+002  0.13400206E+003  0.34790470E+003  0.65682840E+003
 -0.82645204E+000 -0.64619270E+000 -0.27773319E+000 -0.66274302E-004  0.84181799E-001  0.17415455E+001  0.12060375E+002  0.59173117E+002  0.13400206E+003  0.34790470E+003  0.65682840E+003
 -0.82634541E+000 -0.64603867E+000 -0.27769913E+000 -0.66260244E-004  0.84192747E-001  0.17416112E+001  0.12060456E+002  0.59173117E+002  0.13400206E+003  0.34790470E+003  0.65682840E+003
 -0.82624009E+000 -0.64588683E+000 -0.27766646E+000 -0.66247067E-004  0.84203094E-001  0.17416750E+001  0.12060537E+002  0.59173117E+002  0.13400206E+003  0.34790470E+003  0.65682840E+003
 -0.82613625E+000 -0.64573746E+000 -0.27763518E+000 -0.66234725E-004  0.84212851E-001  0.17417368E+001  0.12060618E+002  0.59173117E+002  0.13400206E+003  0.34790470E+003  0.65682840E+003
 -0.82603408E+000 -0.64559085E+000 -0.27760531E+000 -0.66223172E-004  0.84222030E-001  0.17417965E+001  0.12060699E+002  0.59173117E+002  0.13400206E+003  0.34790470E+003  0.65682840E+003
 -0.82593378E+000 -0.64544727E+000 -0.27757684E+000 -0.66212361E-004  0.84230643E-001  0.17418540E+001  0.12060778E+002  0.59173117E+002  0.13400206E+003  0.34790470E+003  0.65682840E+003
 -0.82583558E+000 -0.64530701E+000 -0.27754976E+000 -0.66202251E-004  0.84238708E-001  0.17419094E+001  0.12060857E+002  0.59173117E+002  0.13400206E+003  0.34790470E+003  0.65682840E+003
 -0.82573969E+000 -0.64517035E+000 -0.27752407E+000 -0.66192802E-004  0.84246239E-001  0.17419627E+001  0.12060934E+002  0.59173117E+002  0.13400206E+003  0.34790470E+003  0.65682840E+003
 -0.82564634E+000 -0.64503757E+000 -0.27749974E+000 -0.66183975E-004  0.84253255E-001  0.17420137E+001  0.12061011E+002  0.59173117E+002  0.13400206E+003  0.34790470E+003  0.65682840E+003
 -0.82555576E+000 -0.64490892E+000 -0.27747675E+000 -0.66175735E-004  0.84259775E-001  0.17420624E+001  0.12061086E+002  0.59173117E+002  0.13400206E+003  0.34790470E+003  0.65682840E+003
 -0.82546818E+000 -0.64478464E+000 -0.27745509E+000 -0.66168048E-004  0.84265821E-001  0.17421089E+001  0.12061160E+002  0.59173117E+002  0.13400206E+003  0.34790470E+003  0.65682840E+003
 -0.82538380E+000 -0.64466496E+000 -0.27743471E+000 -0.66160884E-004  0.84271414E-001  0.17421531E+001  0.12061232E+002  0.59173117E+002  0.13400206E+003  0.34790470E+003  0.65682840E+003
 -0.82530282E+000 -0.64455006E+000 -0.27741558E+000 -0.66154213E-004  0.84276576E-001  0.17421951E+001  0.12061303E+002  0.59173117E+002  0.13400206E+003  0.34790470E+003  0.65682840E+003
 -0.82522542E+000 -0.64444010E+000 -0.27739767E+000 -0.66148009E-004  0.84281334E-001  0.17422348E+001  0.12061372E+002  0.59173117E+002  0.13400206E+003  0.34790470E+003  0.65682840E+003
 -0.82515173E+000 -0.64433522E+000 -0.27738094E+000 -0.66142246E-004  0.84285711E-001  0.17422723E+001  0.12061440E+002  0.59173117E+002  0.13400206E+003  0.34790470E+003  0.65682840E+003
 -0.82508188E+000 -0.64423551E+000 -0.27736534E+000 -0.66136901E-004  0.84289735E-001  0.17423075E+001  0.12061506E+002  0.59173117E+002  0.13400206E+003  0.34790470E+003  0.65682840E+003
 -0.82501596E+000 -0.64414104E+000 -0.27735083E+000 -0.66131951E-004  0.84293432E-001  0.17423406E+001  0.12061571E+002  0.59173117E+002  0.13400206E+003  0.34790470E+003  0.65682840E+003
 -0.82495402E+000 -0.64405183E+000 -0.27733736E+000 -0.66127374E-004  0.84296830E-001  0.17423716E+001  0.12061634E+002  0.59173117E+002  0.13400206E+003  0.34790470E+003  0.65682840E+003
 -0.82489609E+000 -0.64396788E+000 -0.27732490E+000 -0.66123149E-004  0.84299957E-001  0.17424005E+001  0.12061695E+002  0.59173117E+002  0.13400206E+003  0.34790470E+003  0.65682840E+003
 -0.82484214E+000 -0.64388916E+000 -0.27731338E+000 -0.66119257E-004  0.84302841E-001  0.17424273E+001  0.12061754E+002  0.59173117E+002  0.13400206E+003  0.34790470E+003  0.65682840E+003
 -0.82479213E+000 -0.64381560E+000 -0.27730276E+000 -0.66115676E-004  0.84305510E-001  0.17424522E+001  0.12061812E+002  0.59173117E+002  0.13400206E+003  0.34790470E+003  0.65682840E+003
 -0.82474598E+000 -0.64374710E+000 -0.27729300E+000 -0.66112390E-004  0.84307990E-001  0.17424752E+001  0.12061868E+002  0.59173117E+002  0.13400206E+003  0.34790470E+003  0.65682840E+003
 -0.82470358E+000 -0.64368355E+000 -0.27728405E+000 -0.66109380E-004  0.84310307E-001  0.17424963E+001  0.12061923E+002  0.59173117E+002  0.13400206E+003  0.34790470E+003  0.65682840E+003
 -0.82466480E+000 -0.64362479E+000 -0.27727586E+000 -0.66106625E-004  0.84312487E-001  0.17425158E+001  0.12061975E+002  0.59173117E+002  0.13400206E+003  0.34790470E+003  0.65682840E+003
 -0.82462947E+000 -0.64357066E+000 -0.27726838E+000 -0.66104111E-004  0.84314551E-001  0.17425335E+001  0.12062026E+002  0.59173117E+002  0.13400206E+003  0.34790470E+003  0.65682840E+003
 -0.82459744E+000 -0.64352098E+000 -0.27726156E+000 -0.66101820E-004  0.84316523E-001  0.17425498E+001  0.12062075E+002  0.59173117E+002  0.13400206E+003  0.34790470E+003  0.65682840E+003
 -0.82456850E+000 -0.64347553E+000 -0.27725538E+000 -0.66099734E-004  0.84318420E-001  0.17425645E+001  0.12062123E+002  0.59173117E+002  0.13400206E+003  0.34790470E+003  0.65682840E+003
 -0.82454246E+000 -0.64343412E+000 -0.27724977E+000 -0.66097840E-004  0.84320261E-001  0.17425778E+001  0.12062169E+002  0.59173117E+002  0.13400206E+003  0.34790470E+003  0.65682840E+003
 -0.82451912E+000 -0.64339650E+000 -0.27724470E+000 -0.66096120E-004  0.84322059E-001  0.17425899E+001  0.12062213E+002  0.59173117E+002  0.13400206E+003  0.34790470E+003  0.65682840E+003
 -0.82449826E+000 -0.64336246E+000 -0.27724013E+000 -0.66094562E-004  0.84323828E-001  0.17426008E+001  0.12062255E+002  0.59173117E+002  0.13400206E+003  0.34790470E+003  0.65682840E+003
 -0.82447968E+000 -0.64333176E+000 -0.27723602E+000 -0.66093151E-004  0.84325578E-001  0.17426105E+001  0.12062295E+002  0.59173117E+002  0.13400206E+003  0.34790470E+003  0.65682840E+003
 -0.82446318E+000 -0.64330416E+000 -0.27723233E+000 -0.66091874E-004  0.84327315E-001  0.17426193E+001  0.12062334E+002  0.59173117E+002  0.13400206E+003  0.34790470E+003  0.65682840E+003
 -0.82444857E+000 -0.64327944E+000 -0.27722903E+000 -0.66090720E-004  0.84329046E-001  0.17426271E+001  0.12062372E+002  0.59173117E+002  0.13400206E+003  0.34790470E+003  0.65682840E+003
 -0.82443566E+000 -0.64325735E+000 -0.27722608E+000 -0.66089678E-004  0.84330774E-001  0.17426340E+001  0.12062407E+002  0.59173117E+002  0.13400206E+003  0.34790470E+003  0.65682840E+003
 -0.82442427E+000 -0.64323768E+000 -0.27722346E+000 -0.66088736E-004  0.84332499E-001  0.17426402E+001  0.12062441E+002  0.59173117E+002  0.13400206E+003  0.34790470E+003  0.65682840E+003
 -0.82441425E+000 -0.64322022E+000 -0.27722112E+000 -0.66087887E-004  0.84334220E-001  0.17426458E+001  0.12062474E+002  0.59173117E+002  0.13400206E+003  0.34790470E+003  0.65682840E+003
 -0.82440543E+000 -0.64320475E+000 -0.27721904E+000 -0.66087120E-004  0.84335935E-001  0.17426506E+001  0.12062505E+002  0.59173117E+002  0.13400206E+003  0.34790470E+003  0.65682840E+003
 -0.82439769E+000 -0.64319109E+000 -0.27721721E+000 -0.66086428E-004  0.84337641E-001  0.17426550E+001  0.12062534E+002  0.59173117E+002  0.13400206E+003  0.34790470E+003  0.65682840E+003
 -0.82439089E+000 -0.64317905E+000 -0.27721558E+000 -0.66085804E-004  0.84339332E-001  0.17426589E+001  0.12062562E+002  0.59173117E+002  0.13400206E+003  0.34790470E+003  0.65682840E+003
 -0.82438492E+000 -0.64316847E+000 -0.27721415E+000 -0.66085240E-004  0.84341002E-001  0.17426623E+001  0.12062589E+002  0.59173117E+002  0.13400206E+003  0.34790470E+003  0.65682840E+003
 -0.82437968E+000 -0.64315917E+000 -0.27721289E+000 -0.66084732E-004  0.84342645E-001  0.17426654E+001  0.12062614E+002  0.59173117E+002  0.13400206E+003  0.34790470E+003  0.65682840E+003
 -0.82437507E+000 -0.64315103E+000 -0.27721177E+000 -0.66084273E-004  0.84344256E-001  0.17426681E+001  0.12062638E+002  0.59173117E+002  0.13400206E+003  0.34790470E+003  0.65682840E+003
 -0.82437103E+000 -0.64314390E+000 -0.27721079E+000 -0.66083859E-004  0.84345827E-001  0.17426706E+001  0.12062661E+002  0.59173117E+002  0.13400206E+003  0.34790470E+003  0.65682840E+003
 -0.82436747E+000 -0.64313767E+000 -0.27720993E+000 -0.66083485E-004  0.84347353E-001  0.17426729E+001  0.12062683E+002  0.59173117E+002  0.13400206E+003  0.34790470E+003  0.65682840E+003
 -0.82436434E+000 -0.64313222E+000 -0.27720917E+000 -0.66083145E-004  0.84348827E-001  0.17426749E+001  0.12062703E+002  0.59173117E+002  0.13400206E+003  0.34790470E+003  0.65682840E+003
 -0.82436158E+000 -0.64312746E+000 -0.27720851E+000 -0.66082838E-004  0.84350246E-001  0.17426768E+001  0.12062723E+002  0.59173117E+002  0.13400206E+003  0.34790470E+003  0.65682840E+003
 -0.82435914E+000 -0.64312331E+000 -0.27720792E+000 -0.66082558E-004  0.84351606E-001  0.17426786E+001  0.12062742E+002  0.59173117E+002  0.13400206E+003  0.34790470E+003  0.65682840E+003
 -0.82435699E+000 -0.64311967E+000 -0.27720740E+000 -0.66082303E-004  0.84352902E-001  0.17426802E+001  0.12062760E+002  0.59173117E+002  0.13400206E+003  0.34790470E+003  0.65682840E+003
 -0.82435508E+000 -0.64311649E+000 -0.27720694E+000 -0.66082070E-004  0.84354133E-001  0.17426818E+001  0.12062777E+002  0.59173117E+002  0.13400206E+003  0.34790470E+003  0.65682840E+003
 -0.82435338E+000 -0.64311370E+000 -0.27720653E+000 -0.66081855E-004  0.84355297E-001  0.17426834E+001  0.12062793E+002  0.59173117E+002  0.13400206E+003  0.34790470E+003  0.65682840E+003
 -0.82435187E+000 -0.64311124E+000 -0.27720616E+000 -0.66081657E-004  0.84356393E-001  0.17426849E+001  0.12062808E+002  0.59173117E+002  0.13400206E+003  0.34790470E+003  0.65682840E+003
 -0.82435052E+000 -0.64310907E+000 -0.27720583E+000 -0.66081472E-004  0.84357423E-001  0.17426864E+001  0.12062823E+002  0.59173117E+002  0.13400206E+003  0.34790470E+003  0.65682840E+003
 -0.82434931E+000 -0.64310715E+000 -0.27720553E+000 -0.66081300E-004  0.84358387E-001  0.17426879E+001  0.12062838E+002  0.59173117E+002  0.13400206E+003  0.34790470E+003  0.65682840E+003
 -0.82434822E+000 -0.64310544E+000 -0.27720526E+000 -0.66081137E-004  0.84359287E-001  0.17426895E+001  0.12062852E+002  0.59173117E+002  0.13400206E+003  0.34790470E+003  0.65682840E+003
 -0.82434725E+000 -0.64310391E+000 -0.27720501E+000 -0.66080983E-004  0.84360124E-001  0.17426910E+001  0.12062865E+002  0.59173117E+002  0.13400206E+003  0.34790470E+003  0.65682840E+003
 -0.82434636E+000 -0.64310254E+000 -0.27720478E+000 -0.66080836E-004  0.84360902E-001  0.17426927E+001  0.12062878E+002  0.59173117E+002  0.13400206E+003  0.34790470E+003  0.65682840E+003
 -0.82434556E+000 -0.64310130E+000 -0.27720456E+000 -0.66080696E-004  0.84361624E-001  0.17426943E+001  0.12062890E+002  0.59173117E+002  0.13400206E+003  0.34790470E+003  0.65682840E+003
 -0.82434483E+000 -0.64310016E+000 -0.27720435E+000 -0.66080559E-004  0.84362292E-001  0.17426961E+001  0.12062902E+002  0.59173117E+002  0.13400206E+003  0.34790470E+003  0.65682840E+003
 -0.82434416E+000 -0.64309913E+000 -0.27720416E+000 -0.66080428E-004  0.84362910E-001  0.17426980E+001  0.12062914E+002  0.59173117E+002  0.13400206E+003  0.34790470E+003  0.65682840E+003
 -0.82434355E+000 -0.64309817E+000 -0.27720397E+000 -0.66080300E-004  0.84363482E-001  0.17426999E+001  0.12062926E+002  0.59173117E+002  0.13400206E+003  0.34790470E+003  0.65682840E+003
 -0.82434299E+000 -0.64309729E+000 -0.27720379E+000 -0.66080175E-004  0.84364010E-001  0.17427019E+001  0.12062937E+002  0.59173117E+002  0.13400206E+003  0.34790470E+003  0.65682840E+003
 -0.82434247E+000 -0.64309646E+000 -0.27720361E+000 -0.66080053E-004  0.84364499E-001  0.17427040E+001  0.12062948E+002  0.59173117E+002  0.13400206E+003  0.34790470E+003  0.65682840E+003
 -0.82434199E+000 -0.64309569E+000 -0.27720344E+000 -0.66079932E-004  0.84364951E-001  0.17427063E+001  0.12062959E+002  0.59173117E+002  0.13400206E+003  0.34790470E+003  0.65682840E+003
 -0.82434155E+000 -0.64309496E+000 -0.27720328E+000 -0.66079815E-004  0.84365370E-001  0.17427086E+001  0.12062970E+002  0.59173117E+002  0.13400206E+003  0.34790470E+003  0.65682840E+003
 -0.82434114E+000 -0.64309428E+000 -0.27720312E+000 -0.66079699E-004  0.84365758E-001  0.17427110E+001  0.12062980E+002  0.59173117E+002  0.13400206E+003  0.34790470E+003  0.65682840E+003
 -0.82434075E+000 -0.64309363E+000 -0.27720296E+000 -0.66079585E-004  0.84366118E-001  0.17427135E+001  0.12062990E+002  0.59173117E+002  0.13400206E+003  0.34790470E+003  0.65682840E+003
 -0.82434039E+000 -0.64309301E+000 -0.27720280E+000 -0.66079474E-004  0.84366452E-001  0.17427161E+001  0.12063000E+002  0.59173117E+002  0.13400206E+003  0.34790470E+003  0.65682840E+003
 -0.82434005E+000 -0.64309243E+000 -0.27720265E+000 -0.66079364E-004  0.84366763E-001  0.17427188E+001  0.12063010E+002  0.59173117E+002  0.13400206E+003  0.34790470E+003  0.65682840E+003
 -0.82433974E+000 -0.64309187E+000 -0.27720250E+000 -0.66079257E-004  0.84367053E-001  0.17427216E+001  0.12063020E+002  0.59173117E+002  0.13400206E+003  0.34790470E+003  0.65682840E+003
 -0.82433944E+000 -0.64309133E+000 -0.27720236E+000 -0.66079151E-004  0.84367323E-001  0.17427245E+001  0.12063030E+002  0.59173117E+002  0.13400206E+003  0.34790470E+003  0.65682840E+003
 -0.82433917E+000 -0.64309082E+000 -0.27720222E+000 -0.66079048E-004  0.84367576E-001  0.17427274E+001  0.12063040E+002  0.59173117E+002  0.13400206E+003  0.34790470E+003  0.65682840E+003
 -0.82433891E+000 -0.64309034E+000 -0.27720208E+000 -0.66078947E-004  0.84367813E-001  0.17427304E+001  0.12063050E+002  0.59173117E+002  0.13400206E+003  0.34790470E+003  0.65682840E+003
 -0.82433866E+000 -0.64308987E+000 -0.27720194E+000 -0.66078849E-004  0.84368034E-001  0.17427334E+001  0.12063060E+002  0.59173117E+002  0.13400206E+003  0.34790470E+003  0.65682840E+003
 -0.82433843E+000 -0.64308943E+000 -0.27720181E+000 -0.66078754E-004  0.84368242E-001  0.17427365E+001  0.12063070E+002  0.59173117E+002  0.13400206E+003  0.34790470E+003  0.65682840E+003
 -0.82433821E+000 -0.64308901E+000 -0.27720169E+000 -0.66078660E-004  0.84368437E-001  0.17427396E+001  0.12063080E+002  0.59173117E+002  0.13400206E+003  0.34790470E+003  0.65682839E+003
 -0.82433801E+000 -0.64308860E+000 -0.27720156E+000 -0.66078570E-004  0.84368621E-001  0.17427428E+001  0.12063089E+002  0.59173117E+002  0.13400206E+003  0.34790470E+003  0.65682839E+003
 -0.82433782E+000 -0.64308822E+000 -0.27720144E+000 -0.66078483E-004  0.84368793E-001  0.17427459E+001  0.12063099E+002  0.59173118E+002  0.13400206E+003  0.34790470E+003  0.65682839E+003
 -0.82433763E+000 -0.64308785E+000 -0.27720133E+000 -0.66078398E-004  0.84368955E-001  0.17427491E+001  0.12063110E+002  0.59173118E+002  0.13400206E+003  0.34790470E+003  0.65682839E+003
 -0.82433746E+000 -0.64308750E+000 -0.27720122E+000 -0.66078316E-004  0.84369108E-001  0.17427522E+001  0.12063120E+002  0.59173118E+002  0.13400206E+003  0.34790470E+003  0.65682839E+003
 -0.82433730E+000 -0.64308716E+000 -0.27720111E+000 -0.66078238E-004  0.84369252E-001  0.17427553E+001  0.12063130E+002  0.59173118E+002  0.13400206E+003  0.34790470E+003  0.65682839E+003
 -0.82433715E+000 -0.64308684E+000 -0.27720101E+000 -0.66078162E-004  0.84369388E-001  0.17427584E+001  0.12063140E+002  0.59173118E+002  0.13400206E+003  0.34790470E+003  0.65682839E+003
 -0.82433700E+000 -0.64308654E+000 -0.27720091E+000 -0.66078089E-004  0.84369515E-001  0.17427614E+001  0.12063151E+002  0.59173118E+002  0.13400206E+003  0.34790470E+003  0.65682839E+003
 -0.82433686E+000 -0.64308625E+000 -0.27720081E+000 -0.66078019E-004  0.84369635E-001  0.17427644E+001  0.12063162E+002  0.59173118E+002  0.13400206E+003  0.34790470E+003  0.65682839E+003
 -0.82433674E+000 -0.64308597E+000 -0.27720072E+000 -0.66077952E-004  0.84369749E-001  0.17427674E+001  0.12063172E+002  0.59173118E+002  0.13400206E+003  0.34790470E+003  0.65682839E+003
 -0.82433661E+000 -0.64308571E+000 -0.27720063E+000 -0.66077888E-004  0.84369855E-001  0.17427703E+001  0.12063183E+002  0.59173118E+002  0.13400206E+003  0.34790470E+003  0.65682839E+003
 -0.82433650E+000 -0.64308546E+000 -0.27720055E+000 -0.66077827E-004  0.84369955E-001  0.17427731E+001  0.12063194E+002  0.59173118E+002  0.13400206E+003  0.34790470E+003  0.65682839E+003
 -0.82433639E+000 -0.64308523E+000 -0.27720047E+000 -0.66077769E-004  0.84370049E-001  0.17427758E+001  0.12063206E+002  0.59173118E+002  0.13400206E+003  0.34790470E+003  0.65682839E+003
 -0.82433629E+000 -0.64308501E+000 -0.27720039E+000 -0.66077713E-004  0.84370137E-001  0.17427784E+001  0.12063217E+002  0.59173118E+002  0.13400206E+003  0.34790470E+003  0.65682839E+003
 -0.82433619E+000 -0.64308480E+000 -0.27720032E+000 -0.66077661E-004  0.84370220E-001  0.17427810E+001  0.12063229E+002  0.59173118E+002  0.13400206E+003  0.34790470E+003  0.65682839E+003
 -0.82433610E+000 -0.64308460E+000 -0.27720025E+000 -0.66077610E-004  0.84370298E-001  0.17427835E+001  0.12063240E+002  0.59173118E+002  0.13400206E+003  0.34790470E+003  0.65682839E+003
 -0.82433601E+000 -0.64308441E+000 -0.27720018E+000 -0.66077563E-004  0.84370371E-001  0.17427859E+001  0.12063252E+002  0.59173118E+002  0.13400206E+003  0.34790470E+003  0.65682839E+003
 -0.82433593E+000 -0.64308423E+000 -0.27720012E+000 -0.66077518E-004  0.84370440E-001  0.17427882E+001  0.12063264E+002  0.59173118E+002  0.13400206E+003  0.34790470E+003  0.65682839E+003
 -0.82433585E+000 -0.64308406E+000 -0.27720006E+000 -0.66077476E-004  0.84370504E-001  0.17427904E+001  0.12063275E+002  0.59173118E+002  0.13400206E+003  0.34790470E+003  0.65682839E+003
 -0.82433578E+000 -0.64308390E+000 -0.27720001E+000 -0.66077435E-004  0.84370563E-001  0.17427925E+001  0.12063287E+002  0.59173118E+002  0.13400206E+003  0.34790470E+003  0.65682839E+003
 -0.82433571E+000 -0.64308375E+000 -0.27719995E+000 -0.66077398E-004  0.84370619E-001  0.17427945E+001  0.12063299E+002  0.59173118E+002  0.13400206E+003  0.34790470E+003  0.65682839E+003
 -0.82433565E+000 -0.64308361E+000 -0.27719990E+000 -0.66077362E-004  0.84370672E-001  0.17427964E+001  0.12063311E+002  0.59173118E+002  0.13400206E+003  0.34790470E+003  0.65682839E+003
 -0.82433559E+000 -0.64308347E+000 -0.27719986E+000 -0.66077328E-004  0.84370720E-001  0.17427982E+001  0.12063323E+002  0.59173118E+002  0.13400206E+003  0.34790470E+003  0.65682839E+003
 -0.82433553E+000 -0.64308335E+000 -0.27719981E+000 -0.66077297E-004  0.84370766E-001  0.17428000E+001  0.12063335E+002  0.59173118E+002  0.13400206E+003  0.34790470E+003  0.65682839E+003
 -0.82433548E+000 -0.64308323E+000 -0.27719977E+000 -0.66077267E-004  0.84370808E-001  0.17428016E+001  0.12063347E+002  0.59173118E+002  0.13400206E+003  0.34790470E+003  0.65682839E+003
 -0.82433543E+000 -0.64308312E+000 -0.27719973E+000 -0.66077239E-004  0.84370848E-001  0.17428031E+001  0.12063358E+002  0.59173118E+002  0.13400206E+003  0.34790470E+003  0.65682839E+003
 -0.82433538E+000 -0.64308302E+000 -0.27719970E+000 -0.66077213E-004  0.84370885E-001  0.17428046E+001  0.12063370E+002  0.59173118E+002  0.13400206E+003  0.34790470E+003  0.65682839E+003
 -0.82433533E+000 -0.64308292E+000 -0.27719966E+000 -0.66077189E-004  0.84370919E-001  0.17428060E+001  0.12063381E+002  0.59173118E+002  0.13400206E+003  0.34790470E+003  0.65682839E+003
 -0.82433529E+000 -0.64308283E+000 -0.27719963E+000 -0.66077166E-004  0.84370951E-001  0.17428073E+001  0.12063393E+002  0.59173118E+002  0.13400206E+003  0.34790470E+003  0.65682839E+003
 -0.82433525E+000 -0.64308274E+000 -0.27719960E+000 -0.66077144E-004  0.84370980E-001  0.17428085E+001  0.12063404E+002  0.59173118E+002  0.13400206E+003  0.34790470E+003  0.65682839E+003
 -0.82433522E+000 -0.64308266E+000 -0.27719957E+000 -0.66077124E-004  0.84371008E-001  0.17428096E+001  0.12063415E+002  0.59173118E+002  0.13400206E+003  0.34790470E+003  0.65682839E+003
 -0.82433518E+000 -0.64308258E+000 -0.27719954E+000 -0.66077105E-004  0.84371033E-001  0.17428107E+001  0.12063425E+002  0.59173118E+002  0.13400206E+003  0.34790470E+003  0.65682839E+003
 -0.82433515E+000 -0.64308251E+000 -0.27719952E+000 -0.66077088E-004  0.84371057E-001  0.17428117E+001  0.12063436E+002  0.59173118E+002  0.13400206E+003  0.34790470E+003  0.65682839E+003
 -0.82433512E+000 -0.64308245E+000 -0.27719950E+000 -0.66077072E-004  0.84371079E-001  0.17428127E+001  0.12063446E+002  0.59173118E+002  0.13400206E+003  0.34790470E+003  0.65682839E+003
 -0.82433509E+000 -0.64308239E+000 -0.27719947E+000 -0.66077057E-004  0.84371099E-001  0.17428135E+001  0.12063456E+002  0.59173118E+002  0.13400206E+003  0.34790470E+003  0.65682839E+003
 -0.82433506E+000 -0.64308233E+000 -0.27719945E+000 -0.66077042E-004  0.84371118E-001  0.17428143E+001  0.12063465E+002  0.59173118E+002  0.13400206E+003  0.34790470E+003  0.65682839E+003
 -0.82433504E+000 -0.64308228E+000 -0.27719944E+000 -0.66077029E-004  0.84371135E-001  0.17428151E+001  0.12063475E+002  0.59173118E+002  0.13400206E+003  0.34790470E+003  0.65682839E+003
 -0.82433502E+000 -0.64308223E+000 -0.27719942E+000 -0.66077017E-004  0.84371151E-001  0.17428158E+001  0.12063484E+002  0.59173118E+002  0.13400206E+003  0.34790470E+003  0.65682839E+003
 -0.82433499E+000 -0.64308218E+000 -0.27719940E+000 -0.66077006E-004  0.84371166E-001  0.17428165E+001  0.12063493E+002  0.59173118E+002  0.13400206E+003  0.34790470E+003  0.65682839E+003
 -0.82433497E+000 -0.64308214E+000 -0.27719939E+000 -0.66076995E-004  0.84371180E-001  0.17428171E+001  0.12063501E+002  0.59173118E+002  0.13400206E+003  0.34790470E+003  0.65682839E+003
 -0.82433495E+000 -0.64308209E+000 -0.27719937E+000 -0.66076985E-004  0.84371193E-001  0.17428176E+001  0.12063509E+002  0.59173118E+002  0.13400206E+003  0.34790470E+003  0.65682839E+003
 -0.82433494E+000 -0.64308206E+000 -0.27719936E+000 -0.66076976E-004  0.84371204E-001  0.17428182E+001  0.12063517E+002  0.59173118E+002  0.13400206E+003  0.34790470E+003  0.65682839E+003
 -0.82433492E+000 -0.64308202E+000 -0.27719935E+000 -0.66076968E-004  0.84371215E-001  0.17428186E+001  0.12063525E+002  0.59173118E+002  0.13400206E+003  0.34790470E+003  0.65682839E+003
 -0.82433490E+000 -0.64308199E+000 -0.27719934E+000 -0.66076960E-004  0.84371225E-001  0.17428191E+001  0.12063532E+002  0.59173118E+002  0.13400207E+003  0.34790470E+003  0.65682839E+003
 -0.82433489E+000 -0.64308196E+000 -0.27719932E+000 -0.66076953E-004  0.84371234E-001  0.17428195E+001  0.12063539E+002  0.59173118E+002  0.13400207E+003  0.34790470E+003  0.65682839E+003
 -0.82433488E+000 -0.64308193E+000 -0.27719932E+000 -0.66076946E-004  0.84371243E-001  0.17428199E+001  0.12063545E+002  0.59173118E+002  0.13400207E+003  0.34790470E+003  0.65682839E+003
 -0.82433486E+000 -0.64308190E+000 -0.27719931E+000 -0.66076940E-004  0.84371251E-001  0.17428202E+001  0.12063551E+002  0.59173118E+002  0.13400207E+003  0.34790470E+003  0.65682839E+003
 -0.82433485E+000 -0.64308188E+000 -0.27719930E+000 -0.66076934E-004  0.84371258E-001  0.17428206E+001  0.12063557E+002  0.59173118E+002  0.13400207E+003  0.34790470E+003  0.65682839E+003
 -0.82433484E+000 -0.64308186E+000 -0.27719929E+000 -0.66076929E-004  0.84371265E-001  0.17428209E+001  0.12063563E+002  0.59173118E+002  0.13400207E+003  0.34790470E+003  0.65682839E+003
 -0.82433483E+000 -0.64308183E+000 -0.27719928E+000 -0.66076924E-004  0.84371271E-001  0.17428211E+001  0.12063568E+002  0.59173118E+002  0.13400207E+003  0.34790470E+003  0.65682839E+003
 -0.82433482E+000 -0.64308182E+000 -0.27719928E+000 -0.66076920E-004  0.84371277E-001  0.17428214E+001  0.12063573E+002  0.59173118E+002  0.13400207E+003  0.34790470E+003  0.65682839E+003
 -0.82433481E+000 -0.64308180E+000 -0.27719927E+000 -0.66076915E-004  0.84371282E-001  0.17428216E+001  0.12063578E+002  0.59173118E+002  0.13400207E+003  0.34790470E+003  0.65682839E+003
 -0.82433481E+000 -0.64308178E+000 -0.27719926E+000 -0.66076911E-004  0.84371287E-001  0.17428218E+001  0.12063583E+002  0.59173118E+002  0.13400207E+003  0.34790470E+003  0.65682839E+003
 -0.82433480E+000 -0.64308176E+000 -0.27719926E+000 -0.66076908E-004  0.84371291E-001  0.17428220E+001  0.12063587E+002  0.59173118E+002  0.13400207E+003  0.34790470E+003  0.65682839E+003
 -0.82433479E+000 -0.64308175E+000 -0.27719925E+000 -0.66076905E-004  0.84371295E-001  0.17428222E+001  0.12063591E+002  0.59173118E+002  0.13400207E+003  0.34790470E+003  0.65682839E+003
 -0.82433478E+000 -0.64308174E+000 -0.27719925E+000 -0.66076902E-004  0.84371299E-001  0.17428224E+001  0.12063595E+002  0.59173118E+002  0.13400207E+003  0.34790470E+003  0.65682839E+003
 -0.82433478E+000 -0.64308172E+000 -0.27719925E+000 -0.66076899E-004  0.84371302E-001  0.17428225E+001  0.12063599E+002  0.59173118E+002  0.13400207E+003  0.34790470E+003  0.65682839E+003
 -0.82433477E+000 -0.64308171E+000 -0.27719924E+000 -0.66076896E-004  0.84371306E-001  0.17428227E+001  0.12063602E+002  0.59173118E+002  0.13400207E+003  0.34790470E+003  0.65682839E+003
 -0.82433477E+000 -0.64308170E+000 -0.27719924E+000 -0.66076894E-004  0.84371309E-001  0.17428228E+001  0.12063605E+002  0.59173118E+002  0.13400207E+003  0.34790470E+003  0.65682839E+003
 -0.82433476E+000 -0.64308169E+000 -0.27719924E+000 -0.66076892E-004  0.84371311E-001  0.17428229E+001  0.12063608E+002  0.59173118E+002  0.13400207E+003  0.34790470E+003  0.65682839E+003
 -0.82433476E+000 -0.64308168E+000 -0.27719923E+000 -0.66076890E-004  0.84371314E-001  0.17428230E+001  0.12063611E+002  0.59173118E+002  0.13400207E+003  0.34790470E+003  0.65682840E+003
 -0.82433476E+000 -0.64308168E+000 -0.27719923E+000 -0.66076888E-004  0.84371316E-001  0.17428231E+001  0.12063614E+002  0.59173118E+002  0.13400207E+003  0.34790470E+003  0.65682840E+003
 -0.82433475E+000 -0.64308167E+000 -0.27719923E+000 -0.66076886E-004  0.84371318E-001  0.17428232E+001  0.12063616E+002  0.59173118E+002  0.13400207E+003  0.34790470E+003  0.65682840E+003
 -0.82433475E+000 -0.64308166E+000 -0.27719923E+000 -0.66076885E-004  0.84371320E-001  0.17428233E+001  0.12063618E+002  0.59173118E+002  0.13400207E+003  0.34790470E+003  0.65682840E+003
 -0.82433475E+000 -0.64308165E+000 -0.27719922E+000 -0.66076883E-004  0.84371321E-001  0.17428234E+001  0.12063620E+002  0.59173118E+002  0.13400207E+003  0.34790470E+003  0.65682840E+003
 -0.82433474E+000 -0.64308165E+000 -0.27719922E+000 -0.66076882E-004  0.84371323E-001  0.17428234E+001  0.12063622E+002  0.59173118E+002  0.13400207E+003  0.34790470E+003  0.65682840E+003
 -0.82433474E+000 -0.64308164E+000 -0.27719922E+000 -0.66076881E-004  0.84371324E-001  0.17428235E+001  0.12063624E+002  0.59173118E+002  0.13400207E+003  0.34790470E+003  0.65682840E+003
 -0.82433474E+000 -0.64308164E+000 -0.27719922E+000 -0.66076880E-004  0.84371325E-001  0.17428236E+001  0.12063626E+002  0.59173118E+002  0.13400207E+003  0.34790470E+003  0.65682840E+003
 -0.82433474E+000 -0.64308163E+000 -0.27719922E+000 -0.66076879E-004  0.84371327E-001  0.17428236E+001  0.12063627E+002  0.59173118E+002  0.13400207E+003  0.34790470E+003  0.65682840E+003
 -0.82433473E+000 -0.64308163E+000 -0.27719922E+000 -0.66076878E-004  0.84371328E-001  0.17428237E+001  0.12063629E+002  0.59173118E+002  0.13400207E+003  0.34790470E+003  0.65682840E+003
 -0.82433473E+000 -0.64308163E+000 -0.27719921E+000 -0.66076877E-004  0.84371328E-001  0.17428237E+001  0.12063630E+002  0.59173118E+002  0.13400207E+003  0.34790470E+003  0.65682840E+003
 -0.82433473E+000 -0.64308162E+000 -0.27719921E+000 -0.66076876E-004  0.84371329E-001  0.17428237E+001  0.12063632E+002  0.59173118E+002  0.13400207E+003  0.34790471E+003  0.65682840E+003
 -0.82433473E+000 -0.64308162E+000 -0.27719921E+000 -0.66076876E-004  0.84371330E-001  0.17428238E+001  0.12063633E+002  0.59173118E+002  0.13400207E+003  0.34790471E+003  0.65682840E+003
 -0.82433473E+000 -0.64308162E+000 -0.27719921E+000 -0.66076875E-004  0.84371331E-001  0.17428238E+001  0.12063634E+002  0.59173118E+002  0.13400207E+003  0.34790471E+003  0.65682840E+003
 -0.82433473E+000 -0.64308162E+000 -0.27719921E+000 -0.66076875E-004  0.84371331E-001  0.17428238E+001  0.12063635E+002  0.59173118E+002  0.13400207E+003  0.34790471E+003  0.65682840E+003
 -0.82433473E+000 -0.64308162E+000 -0.27719921E+000 -0.66076874E-004  0.84371332E-001  0.17428239E+001  0.12063636E+002  0.59173118E+002  0.13400207E+003  0.34790471E+003  0.65682840E+003
 -0.82433473E+000 -0.64308161E+000 -0.27719921E+000 -0.66076874E-004  0.84371332E-001  0.17428239E+001  0.12063637E+002  0.59173118E+002  0.13400207E+003  0.34790471E+003  0.65682840E+003
 -0.82433473E+000 -0.64308161E+000 -0.27719921E+000 -0.66076874E-004  0.84371332E-001  0.17428239E+001  0.12063637E+002  0.59173118E+002  0.13400207E+003  0.34790471E+003  0.65682840E+003
 -0.82433472E+000 -0.64308161E+000 -0.27719921E+000 -0.66076873E-004  0.84371333E-001  0.17428239E+001  0.12063638E+002  0.59173118E+002  0.13400207E+003  0.34790471E+003  0.65682840E+003
 -0.82433472E+000 -0.64308161E+000 -0.27719921E+000 -0.66076873E-004  0.84371333E-001  0.17428239E+001  0.12063639E+002  0.59173118E+002  0.13400207E+003  0.34790471E+003  0.65682840E+003
 -0.82433472E+000 -0.64308161E+000 -0.27719921E+000 -0.66076873E-004  0.84371333E-001  0.17428240E+001  0.12063639E+002  0.59173118E+002  0.13400207E+003  0.34790471E+003  0.65682840E+003
 -0.82433472E+000 -0.64308160E+000 -0.27719921E+000 -0.66076872E-004  0.84371334E-001  0.17428240E+001  0.12063640E+002  0.59173118E+002  0.13400207E+003  0.34790471E+003  0.65682840E+003
 -0.82433471E+000 -0.64308159E+000 -0.27719920E+000 -0.66076871E-004  0.84371335E-001  0.17428240E+001  0.12063641E+002  0.59173118E+002  0.13400207E+003  0.34790471E+003  0.65682840E+003
 -0.82433470E+000 -0.64308157E+000 -0.27719920E+000 -0.66076863E-004  0.84371337E-001  0.17428240E+001  0.12063641E+002  0.59173118E+002  0.13400207E+003  0.34790471E+003  0.65682840E+003
 -0.82433471E+000 -0.64308160E+000 -0.27719920E+000 -0.66076863E-004  0.84371336E-001  0.17428240E+001  0.12063641E+002  0.59173118E+002  0.13400207E+003  0.34790471E+003  0.65682840E+003
