 -0.93136838E+000 -0.83200798E+000 -0.54954850E+000 -0.18462065E+000 -0.52196989E-002  0.96542082E-003  0.91442160E+000  0.45470511E+001  0.88191833E+001  0.15860427E+002  0.21714189E+002
 -0.93174723E+000 -0.83247144E+000 -0.55033311E+000 -0.18555349E+000 -0.53481081E-002  0.94146113E-003  0.91372621E+000  0.45461787E+001  0.88184127E+001  0.15859353E+002  0.21713369E+002
 -0.93204851E+000 -0.83285209E+000 -0.55098161E+000 -0.18630153E+000 -0.53843588E-002  0.93424561E-003  0.91316084E+000  0.45454441E+001  0.88177599E+001  0.15858448E+002  0.21712676E+002
 -0.93228506E+000 -0.83315962E+000 -0.55151097E+000 -0.18689565E+000 -0.53925297E-002  0.93312163E-003  0.91270486E+000  0.45448299E+001  0.88172090E+001  0.15857688E+002  0.21712092E+002
 -0.93246838E+000 -0.83340267E+000 -0.55193790E+000 -0.18736131E+000 -0.53887663E-002  0.93438635E-003  0.91234017E+000  0.45443207E+001  0.88167457E+001  0.15857053E+002  0.21711602E+002
 -0.93260870E+000 -0.83359051E+000 -0.55227774E+000 -0.18771973E+000 -0.53793781E-002  0.93656290E-003  0.91205161E+000  0.45439028E+001  0.88163578E+001  0.15856524E+002  0.21711191E+002
 -0.93271414E+000 -0.83373193E+000 -0.55254412E+000 -0.18798860E+000 -0.53676399E-002  0.93898690E-003  0.91182663E+000  0.45435638E+001  0.88160349E+001  0.15856086E+002  0.21710848E+002
 -0.93279117E+000 -0.83383461E+000 -0.55274874E+000 -0.18818281E+000 -0.53550264E-002  0.94139357E-003  0.91165477E+000  0.45432925E+001  0.88157680E+001  0.15855726E+002  0.21710562E+002
 -0.93284278E+000 -0.83390579E+000 -0.55290153E+000 -0.18831489E+000 -0.53424390E-002  0.94366190E-003  0.91152730E+000  0.45430790E+001  0.88155496E+001  0.15855431E+002  0.21710326E+002
 -0.93287408E+000 -0.83395147E+000 -0.55301091E+000 -0.18839536E+000 -0.53303592E-002  0.94573065E-003  0.91143691E+000  0.45429146E+001  0.88153731E+001  0.15855193E+002  0.21710131E+002
 -0.93288947E+000 -0.83397644E+000 -0.55308393E+000 -0.18843309E+000 -0.53188566E-002  0.94756520E-003  0.91137750E+000  0.45427917E+001  0.88152330E+001  0.15855003E+002  0.21709973E+002
 -0.93289227E+000 -0.83398490E+000 -0.55312654E+000 -0.18843561E+000 -0.53082823E-002  0.94918278E-003  0.91134393E+000  0.45427040E+001  0.88151243E+001  0.15854854E+002  0.21709845E+002
 -0.93288517E+000 -0.83398027E+000 -0.55314372E+000 -0.18840961E+000 -0.52987250E-002  0.95061081E-003  0.91133192E+000  0.45426459E+001  0.88150429E+001  0.15854740E+002  0.21709743E+002
 -0.93287032E+000 -0.83396534E+000 -0.55313970E+000 -0.18836027E+000 -0.52901791E-002  0.95187449E-003  0.91133785E+000  0.45426129E+001  0.88149848E+001  0.15854657E+002  0.21709664E+002
 -0.93284959E+000 -0.83394229E+000 -0.55311804E+000 -0.18829193E+000 -0.52825899E-002  0.95299565E-003  0.91135868E+000  0.45426012E+001  0.88149471E+001  0.15854600E+002  0.21709605E+002
 -0.93282438E+000 -0.83391298E+000 -0.55308175E+000 -0.18820828E+000 -0.52758729E-002  0.95399414E-003  0.91139187E+000  0.45426075E+001  0.88149269E+001  0.15854566E+002  0.21709562E+002
 -0.93279577E+000 -0.83387894E+000 -0.55303338E+000 -0.18811239E+000 -0.52699398E-002  0.95488660E-003  0.91143525E+000  0.45426290E+001  0.88149217E+001  0.15854552E+002  0.21709534E+002
 -0.93276452E+000 -0.83384134E+000 -0.55297507E+000 -0.18800686E+000 -0.52647021E-002  0.95568749E-003  0.91148700E+000  0.45426636E+001  0.88149295E+001  0.15854554E+002  0.21709518E+002
 -0.93273127E+000 -0.83380111E+000 -0.55290863E+000 -0.18789390E+000 -0.52600779E-002  0.95640889E-003  0.91154561E+000  0.45427093E+001  0.88149486E+001  0.15854572E+002  0.21709514E+002
 -0.93269655E+000 -0.83375899E+000 -0.55283560E+000 -0.18777536E+000 -0.52559908E-002  0.95706141E-003  0.91160977E+000  0.45427645E+001  0.88149773E+001  0.15854602E+002  0.21709519E+002
 -0.93266080E+000 -0.83371554E+000 -0.55275727E+000 -0.18765283E+000 -0.52523752E-002  0.95765366E-003  0.91167840E+000  0.45428277E+001  0.88150143E+001  0.15854644E+002  0.21709534E+002
 -0.93262433E+000 -0.83367122E+000 -0.55267474E+000 -0.18752764E+000 -0.52491714E-002  0.95819327E-003  0.91175059E+000  0.45428978E+001  0.88150586E+001  0.15854697E+002  0.21709556E+002
 -0.93258743E+000 -0.83362636E+000 -0.55258893E+000 -0.18740095E+000 -0.52463278E-002  0.95868661E-003  0.91182555E+000  0.45429737E+001  0.88151092E+001  0.15854758E+002  0.21709585E+002
 -0.93255031E+000 -0.83358124E+000 -0.55250063E+000 -0.18727375E+000 -0.52438002E-002  0.95913902E-003  0.91190262E+000  0.45430547E+001  0.88151652E+001  0.15854827E+002  0.21709620E+002
 -0.93251311E+000 -0.83353604E+000 -0.55241048E+000 -0.18714686E+000 -0.52415490E-002  0.95955525E-003  0.91198125E+000  0.45431398E+001  0.88152261E+001  0.15854903E+002  0.21709661E+002
 -0.93247598E+000 -0.83349092E+000 -0.55231906E+000 -0.18702104E+000 -0.52395402E-002  0.95993934E-003  0.91206095E+000  0.45432285E+001  0.88152912E+001  0.15854986E+002  0.21709707E+002
 -0.93243901E+000 -0.83344597E+000 -0.55222682E+000 -0.18689690E+000 -0.52377444E-002  0.96029472E-003  0.91214132E+000  0.45433202E+001  0.88153600E+001  0.15855075E+002  0.21709758E+002
 -0.93240229E+000 -0.83340126E+000 -0.55213417E+000 -0.18677499E+000 -0.52361357E-002  0.96062444E-003  0.91222200E+000  0.45434143E+001  0.88154321E+001  0.15855169E+002  0.21709814E+002
 -0.93236587E+000 -0.83335684E+000 -0.55204143E+000 -0.18665577E+000 -0.52346917E-002  0.96093108E-003  0.91230271E+000  0.45435104E+001  0.88155072E+001  0.15855267E+002  0.21709874E+002
 -0.93232981E+000 -0.83331273E+000 -0.55194890E+000 -0.18653964E+000 -0.52333929E-002  0.96121693E-003  0.91238317E+000  0.45436082E+001  0.88155849E+001  0.15855370E+002  0.21709938E+002
 -0.93229414E+000 -0.83326894E+000 -0.55185681E+000 -0.18642694E+000 -0.52322223E-002  0.96148394E-003  0.91246317E+000  0.45437071E+001  0.88156650E+001  0.15855477E+002  0.21710007E+002
 -0.93225891E+000 -0.83322547E+000 -0.55176537E+000 -0.18631794E+000 -0.52311650E-002  0.96173387E-003  0.91254251E+000  0.45438070E+001  0.88157474E+001  0.15855587E+002  0.21710078E+002
 -0.93222414E+000 -0.83318231E+000 -0.55167474E+000 -0.18621289E+000 -0.52302081E-002  0.96196822E-003  0.91262103E+000  0.45439075E+001  0.88158317E+001  0.15855700E+002  0.21710154E+002
 -0.93218984E+000 -0.83313947E+000 -0.55158508E+000 -0.18611194E+000 -0.52293401E-002  0.96218832E-003  0.91269856E+000  0.45440084E+001  0.88159179E+001  0.15855816E+002  0.21710233E+002
 -0.93215602E+000 -0.83309693E+000 -0.55149652E+000 -0.18601524E+000 -0.52285512E-002  0.96239534E-003  0.91277499E+000  0.45441095E+001  0.88160057E+001  0.15855935E+002  0.21710316E+002
 -0.93212270E+000 -0.83305469E+000 -0.55140916E+000 -0.18592287E+000 -0.52278327E-002  0.96259031E-003  0.91285018E+000  0.45442105E+001  0.88160951E+001  0.15856055E+002  0.21710402E+002
 -0.93208988E+000 -0.83301276E+000 -0.55132312E+000 -0.18583488E+000 -0.52271769E-002  0.96277414E-003  0.91292404E+000  0.45443112E+001  0.88161858E+001  0.15856178E+002  0.21710491E+002
 -0.93205759E+000 -0.83297112E+000 -0.55123847E+000 -0.18575127E+000 -0.52265772E-002  0.96294762E-003  0.91299647E+000  0.45444116E+001  0.88162778E+001  0.15856301E+002  0.21710584E+002
 -0.93202581E+000 -0.83292980E+000 -0.55115531E+000 -0.18567201E+000 -0.52260277E-002  0.96311146E-003  0.91306738E+000  0.45445114E+001  0.88163709E+001  0.15856427E+002  0.21710680E+002
 -0.93199457E+000 -0.83288881E+000 -0.55107373E+000 -0.18559705E+000 -0.52255234E-002  0.96326629E-003  0.91313669E+000  0.45446105E+001  0.88164649E+001  0.15856553E+002  0.21710778E+002
 -0.93196388E+000 -0.83284816E+000 -0.55099379E+000 -0.18552630E+000 -0.52250596E-002  0.96341264E-003  0.91320434E+000  0.45447088E+001  0.88165596E+001  0.15856680E+002  0.21710880E+002
 -0.93193375E+000 -0.83280791E+000 -0.55091558E+000 -0.18545965E+000 -0.52246324E-002  0.96355101E-003  0.91327026E+000  0.45448062E+001  0.88166549E+001  0.15856808E+002  0.21710984E+002
 -0.93190420E+000 -0.83276807E+000 -0.55083919E+000 -0.18539697E+000 -0.52242383E-002  0.96368183E-003  0.91333438E+000  0.45449024E+001  0.88167506E+001  0.15856936E+002  0.21711091E+002
 -0.93187525E+000 -0.83272871E+000 -0.55076468E+000 -0.18533810E+000 -0.52238743E-002  0.96380548E-003  0.91339665E+000  0.45449975E+001  0.88168464E+001  0.15857064E+002  0.21711200E+002
 -0.93184692E+000 -0.83268988E+000 -0.55069214E+000 -0.18528291E+000 -0.52235377E-002  0.96392230E-003  0.91345703E+000  0.45450913E+001  0.88169423E+001  0.15857192E+002  0.21711311E+002
 -0.93181923E+000 -0.83265165E+000 -0.55062165E+000 -0.18523122E+000 -0.52232261E-002  0.96403257E-003  0.91351546E+000  0.45451837E+001  0.88170379E+001  0.15857320E+002  0.21711423E+002
 -0.93179221E+000 -0.83261408E+000 -0.55055329E+000 -0.18518287E+000 -0.52229374E-002  0.96413660E-003  0.91357191E+000  0.45452745E+001  0.88171330E+001  0.15857447E+002  0.21711536E+002
 -0.93176589E+000 -0.83257725E+000 -0.55048714E+000 -0.18513769E+000 -0.52226696E-002  0.96423464E-003  0.91362635E+000  0.45453638E+001  0.88172275E+001  0.15857574E+002  0.21711651E+002
 -0.93174031E+000 -0.83254124E+000 -0.55042326E+000 -0.18509552E+000 -0.52224213E-002  0.96432691E-003  0.91367875E+000  0.45454513E+001  0.88173210E+001  0.15857701E+002  0.21711766E+002
 -0.93171549E+000 -0.83250614E+000 -0.55036174E+000 -0.18505620E+000 -0.52221908E-002  0.96441364E-003  0.91372909E+000  0.45455370E+001  0.88174135E+001  0.15857826E+002  0.21711881E+002
 -0.93169147E+000 -0.83247201E+000 -0.55030264E+000 -0.18501957E+000 -0.52219771E-002  0.96449501E-003  0.91377735E+000  0.45456207E+001  0.88175046E+001  0.15857950E+002  0.21711996E+002
 -0.93166828E+000 -0.83243895E+000 -0.55024601E+000 -0.18498549E+000 -0.52217788E-002  0.96457125E-003  0.91382352E+000  0.45457025E+001  0.88175943E+001  0.15858074E+002  0.21712110E+002
 -0.93164596E+000 -0.83240703E+000 -0.55019190E+000 -0.18495381E+000 -0.52215950E-002  0.96464254E-003  0.91386761E+000  0.45457821E+001  0.88176822E+001  0.15858196E+002  0.21712223E+002
 -0.93162454E+000 -0.83237632E+000 -0.55014035E+000 -0.18492440E+000 -0.52214248E-002  0.96470908E-003  0.91390961E+000  0.45458595E+001  0.88177684E+001  0.15858316E+002  0.21712335E+002
 -0.93160404E+000 -0.83234689E+000 -0.55009140E+000 -0.18489714E+000 -0.52212673E-002  0.96477105E-003  0.91394954E+000  0.45459347E+001  0.88178525E+001  0.15858434E+002  0.21712445E+002
 -0.93158450E+000 -0.83231878E+000 -0.55004505E+000 -0.18487189E+000 -0.52211217E-002  0.96482865E-003  0.91398741E+000  0.45460074E+001  0.88179346E+001  0.15858551E+002  0.21712553E+002
 -0.93156593E+000 -0.83229206E+000 -0.55000132E+000 -0.18484856E+000 -0.52209873E-002  0.96488207E-003  0.91402325E+000  0.45460778E+001  0.88180144E+001  0.15858665E+002  0.21712659E+002
 -0.93154835E+000 -0.83226676E+000 -0.54996019E+000 -0.18482702E+000 -0.52208635E-002  0.96493150E-003  0.91405709E+000  0.45461457E+001  0.88180918E+001  0.15858777E+002  0.21712762E+002
 -0.93153176E+000 -0.83224289E+000 -0.54992164E+000 -0.18480717E+000 -0.52207496E-002  0.96497715E-003  0.91408896E+000  0.45462111E+001  0.88181668E+001  0.15858886E+002  0.21712862E+002
 -0.93151618E+000 -0.83222048E+000 -0.54988565E+000 -0.18478892E+000 -0.52206451E-002  0.96501919E-003  0.91411892E+000  0.45462739E+001  0.88182393E+001  0.15858992E+002  0.21712959E+002
 -0.93150161E+000 -0.83219953E+000 -0.54985216E+000 -0.18477216E+000 -0.52205494E-002  0.96505784E-003  0.91414702E+000  0.45463342E+001  0.88183092E+001  0.15859096E+002  0.21713053E+002
 -0.93148803E+000 -0.83218002E+000 -0.54982111E+000 -0.18475681E+000 -0.52204619E-002  0.96509330E-003  0.91417330E+000  0.45463918E+001  0.88183764E+001  0.15859196E+002  0.21713144E+002
 -0.93147542E+000 -0.83216195E+000 -0.54979243E+000 -0.18474277E+000 -0.52203820E-002  0.96512574E-003  0.91419783E+000  0.45464467E+001  0.88184410E+001  0.15859292E+002  0.21713231E+002
 -0.93146378E+000 -0.83214526E+000 -0.54976605E+000 -0.18472996E+000 -0.52203094E-002  0.96515537E-003  0.91422067E+000  0.45464991E+001  0.88185027E+001  0.15859385E+002  0.21713314E+002
 -0.93145306E+000 -0.83212994E+000 -0.54974187E+000 -0.18471830E+000 -0.52202434E-002  0.96518238E-003  0.91424188E+000  0.45465488E+001  0.88185617E+001  0.15859475E+002  0.21713393E+002
 -0.93144325E+000 -0.83211592E+000 -0.54971979E+000 -0.18470770E+000 -0.52201836E-002  0.96520693E-003  0.91426155E+000  0.45465959E+001  0.88186179E+001  0.15859560E+002  0.21713469E+002
 -0.93143431E+000 -0.83210315E+000 -0.54969971E+000 -0.18469810E+000 -0.52201296E-002  0.96522923E-003  0.91427973E+000  0.45466404E+001  0.88186713E+001  0.15859641E+002  0.21713540E+002
 -0.93142618E+000 -0.83209158E+000 -0.54968152E+000 -0.18468941E+000 -0.52200808E-002  0.96524943E-003  0.91429651E+000  0.45466823E+001  0.88187218E+001  0.15859718E+002  0.21713607E+002
 -0.93141884E+000 -0.83208113E+000 -0.54966511E+000 -0.18468157E+000 -0.52200369E-002  0.96526770E-003  0.91431196E+000  0.45467217E+001  0.88187695E+001  0.15859791E+002  0.21713671E+002
 -0.93141224E+000 -0.83207173E+000 -0.54965036E+000 -0.18467452E+000 -0.52199974E-002  0.96528420E-003  0.91432615E+000  0.45467586E+001  0.88188144E+001  0.15859860E+002  0.21713730E+002
 -0.93140632E+000 -0.83206332E+000 -0.54963715E+000 -0.18466819E+000 -0.52199621E-002  0.96529907E-003  0.91433915E+000  0.45467931E+001  0.88188565E+001  0.15859925E+002  0.21713785E+002
 -0.93140105E+000 -0.83205583E+000 -0.54962536E+000 -0.18466251E+000 -0.52199304E-002  0.96531246E-003  0.91435104E+000  0.45468251E+001  0.88188958E+001  0.15859985E+002  0.21713837E+002
 -0.93139637E+000 -0.83204917E+000 -0.54961490E+000 -0.18465744E+000 -0.52199021E-002  0.96532449E-003  0.91436187E+000  0.45468549E+001  0.88189324E+001  0.15860041E+002  0.21713884E+002
 -0.93139223E+000 -0.83204329E+000 -0.54960563E+000 -0.18465292E+000 -0.52198769E-002  0.96533528E-003  0.91437173E+000  0.45468824E+001  0.88189664E+001  0.15860093E+002  0.21713928E+002
 -0.93138859E+000 -0.83203811E+000 -0.54959747E+000 -0.18464891E+000 -0.52198545E-002  0.96534495E-003  0.91438068E+000  0.45469078E+001  0.88189978E+001  0.15860141E+002  0.21713968E+002
 -0.93138540E+000 -0.83203356E+000 -0.54959030E+000 -0.18464534E+000 -0.52198346E-002  0.96535359E-003  0.91438877E+000  0.45469310E+001  0.88190267E+001  0.15860185E+002  0.21714005E+002
 -0.93138262E+000 -0.83202960E+000 -0.54958403E+000 -0.18464220E+000 -0.52198172E-002  0.96536129E-003  0.91439606E+000  0.45469523E+001  0.88190531E+001  0.15860225E+002  0.21714039E+002
 -0.93138021E+000 -0.83202615E+000 -0.54957857E+000 -0.18463942E+000 -0.52198017E-002  0.96536814E-003  0.91440262E+000  0.45469716E+001  0.88190772E+001  0.15860261E+002  0.21714069E+002
 -0.93137813E+000 -0.83202316E+000 -0.54957383E+000 -0.18463699E+000 -0.52197883E-002  0.96537421E-003  0.91440848E+000  0.45469891E+001  0.88190991E+001  0.15860294E+002  0.21714096E+002
 -0.93137634E+000 -0.83202059E+000 -0.54956974E+000 -0.18463486E+000 -0.52197766E-002  0.96537957E-003  0.91441371E+000  0.45470048E+001  0.88191188E+001  0.15860324E+002  0.21714120E+002
 -0.93137482E+000 -0.83201838E+000 -0.54956623E+000 -0.18463300E+000 -0.52197665E-002  0.96538428E-003  0.91441834E+000  0.45470189E+001  0.88191365E+001  0.15860350E+002  0.21714142E+002
 -0.93137352E+000 -0.83201650E+000 -0.54956323E+000 -0.18463139E+000 -0.52197579E-002  0.96538840E-003  0.91442243E+000  0.45470314E+001  0.88191523E+001  0.15860374E+002  0.21714161E+002
 -0.93137243E+000 -0.83201490E+000 -0.54956067E+000 -0.18463000E+000 -0.52197506E-002  0.96539199E-003  0.91442601E+000  0.45470425E+001  0.88191663E+001  0.15860394E+002  0.21714178E+002
 -0.93137151E+000 -0.83201355E+000 -0.54955852E+000 -0.18462881E+000 -0.52197445E-002  0.96539509E-003  0.91442913E+000  0.45470523E+001  0.88191786E+001  0.15860412E+002  0.21714193E+002
 -0.93137075E+000 -0.83201242E+000 -0.54955671E+000 -0.18462779E+000 -0.52197396E-002  0.96539773E-003  0.91443183E+000  0.45470608E+001  0.88191893E+001  0.15860428E+002  0.21714206E+002
 -0.93137012E+000 -0.83201149E+000 -0.54955520E+000 -0.18462693E+000 -0.52197357E-002  0.96539998E-003  0.91443413E+000  0.45470681E+001  0.88191986E+001  0.15860442E+002  0.21714217E+002
 -0.93136961E+000 -0.83201071E+000 -0.54955395E+000 -0.18462620E+000 -0.52197326E-002  0.96540186E-003  0.91443608E+000  0.45470744E+001  0.88192066E+001  0.15860454E+002  0.21714226E+002
 -0.93136919E+000 -0.83201008E+000 -0.54955294E+000 -0.18462560E+000 -0.52197304E-002  0.96540341E-003  0.91443771E+000  0.45470797E+001  0.88192134E+001  0.15860463E+002  0.21714234E+002
 -0.93136887E+000 -0.83200958E+000 -0.54955212E+000 -0.18462510E+000 -0.52197288E-002  0.96540467E-003  0.91443904E+000  0.45470842E+001  0.88192191E+001  0.15860472E+002  0.21714241E+002
 -0.93136861E+000 -0.83200918E+000 -0.54955147E+000 -0.18462470E+000 -0.52197279E-002  0.96540568E-003  0.91444012E+000  0.45470878E+001  0.88192238E+001  0.15860479E+002  0.21714246E+002
 -0.93136842E+000 -0.83200886E+000 -0.54955096E+000 -0.18462437E+000 -0.52197274E-002  0.96540646E-003  0.91444097E+000  0.45470908E+001  0.88192277E+001  0.15860484E+002  0.21714251E+002
 -0.93136828E+000 -0.83200863E+000 -0.54955057E+000 -0.18462411E+000 -0.52197274E-002  0.96540705E-003  0.91444161E+000  0.45470931E+001  0.88192308E+001  0.15860489E+002  0.21714254E+002
 -0.93136818E+000 -0.83200846E+000 -0.54955029E+000 -0.18462391E+000 -0.52197277E-002  0.96540747E-003  0.91444207E+000  0.45470949E+001  0.88192331E+001  0.15860492E+002  0.21714257E+002
 -0.93136812E+000 -0.83200834E+000 -0.54955008E+000 -0.18462377E+000 -0.52197284E-002  0.96540774E-003  0.91444237E+000  0.45470963E+001  0.88192349E+001  0.15860495E+002  0.21714259E+002
 -0.93136808E+000 -0.83200826E+000 -0.54954995E+000 -0.18462366E+000 -0.52197292E-002  0.96540791E-003  0.91444254E+000  0.45470972E+001  0.88192362E+001  0.15860497E+002  0.21714260E+002
 -0.93136807E+000 -0.83200822E+000 -0.54954988E+000 -0.18462358E+000 -0.52197302E-002  0.96540797E-003  0.91444260E+000  0.45470977E+001  0.88192370E+001  0.15860498E+002  0.21714261E+002
 -0.93136808E+000 -0.83200821E+000 -0.54954985E+000 -0.18462353E+000 -0.52197313E-002  0.96540797E-003  0.91444255E+000  0.45470980E+001  0.88192374E+001  0.15860499E+002  0.21714261E+002
 -0.93136810E+000 -0.83200822E+000 -0.54954985E+000 -0.18462351E+000 -0.52197325E-002  0.96540790E-003  0.91444243E+000  0.45470980E+001  0.88192375E+001  0.15860499E+002  0.21714261E+002
 -0.93136813E+000 -0.83200825E+000 -0.54954988E+000 -0.18462350E+000 -0.52197337E-002  0.96540780E-003  0.91444223E+000  0.45470978E+001  0.88192374E+001  0.15860499E+002  0.21714261E+002
 -0.93136817E+000 -0.83200829E+000 -0.54954993E+000 -0.18462351E+000 -0.52197349E-002  0.96540766E-003  0.91444198E+000  0.45470974E+001  0.88192370E+001  0.15860498E+002  0.21714260E+002
 -0.93136822E+000 -0.83200834E+000 -0.54955000E+000 -0.18462352E+000 -0.52197360E-002  0.96540751E-003  0.91444169E+000  0.45470969E+001  0.88192365E+001  0.15860498E+002  0.21714260E+002
 -0.93136827E+000 -0.83200840E+000 -0.54955008E+000 -0.18462354E+000 -0.52197371E-002  0.96540735E-003  0.91444136E+000  0.45470963E+001  0.88192358E+001  0.15860497E+002  0.21714259E+002
 -0.93136832E+000 -0.83200846E+000 -0.54955016E+000 -0.18462356E+000 -0.52197382E-002  0.96540718E-003  0.91444101E+000  0.45470955E+001  0.88192350E+001  0.15860496E+002  0.21714258E+002
 -0.93136837E+000 -0.83200852E+000 -0.54955024E+000 -0.18462359E+000 -0.52197391E-002  0.96540703E-003  0.91444064E+000  0.45470948E+001  0.88192341E+001  0.15860494E+002  0.21714257E+002
 -0.93136842E+000 -0.83200858E+000 -0.54955032E+000 -0.18462362E+000 -0.52197400E-002  0.96540689E-003  0.91444025E+000  0.45470939E+001  0.88192331E+001  0.15860493E+002  0.21714255E+002
 -0.93136847E+000 -0.83200864E+000 -0.54955040E+000 -0.18462364E+000 -0.52197407E-002  0.96540676E-003  0.91443986E+000  0.45470931E+001  0.88192321E+001  0.15860492E+002  0.21714254E+002
 -0.93136852E+000 -0.83200870E+000 -0.54955048E+000 -0.18462367E+000 -0.52197414E-002  0.96540665E-003  0.91443946E+000  0.45470922E+001  0.88192311E+001  0.15860491E+002  0.21714253E+002
 -0.93136857E+000 -0.83200875E+000 -0.54955055E+000 -0.18462369E+000 -0.52197419E-002  0.96540656E-003  0.91443906E+000  0.45470913E+001  0.88192300E+001  0.15860489E+002  0.21714252E+002
 -0.93136861E+000 -0.83200881E+000 -0.54955062E+000 -0.18462371E+000 -0.52197423E-002  0.96540649E-003  0.91443866E+000  0.45470904E+001  0.88192290E+001  0.15860488E+002  0.21714250E+002
 -0.93136865E+000 -0.83200885E+000 -0.54955068E+000 -0.18462372E+000 -0.52197426E-002  0.96540645E-003  0.91443827E+000  0.45470895E+001  0.88192279E+001  0.15860486E+002  0.21714249E+002
 -0.93136869E+000 -0.83200890E+000 -0.54955073E+000 -0.18462374E+000 -0.52197429E-002  0.96540643E-003  0.91443788E+000  0.45470886E+001  0.88192269E+001  0.15860485E+002  0.21714248E+002
 -0.93136872E+000 -0.83200894E+000 -0.54955078E+000 -0.18462374E+000 -0.52197430E-002  0.96540643E-003  0.91443749E+000  0.45470877E+001  0.88192258E+001  0.15860483E+002  0.21714246E+002
 -0.93136875E+000 -0.83200897E+000 -0.54955082E+000 -0.18462375E+000 -0.52197430E-002  0.96540645E-003  0.91443711E+000  0.45470868E+001  0.88192248E+001  0.15860482E+002  0.21714245E+002
 -0.93136878E+000 -0.83200900E+000 -0.54955085E+000 -0.18462374E+000 -0.52197429E-002  0.96540649E-003  0.91443673E+000  0.45470860E+001  0.88192238E+001  0.15860481E+002  0.21714244E+002
 -0.93136881E+000 -0.83200903E+000 -0.54955087E+000 -0.18462374E+000 -0.52197428E-002  0.96540655E-003  0.91443636E+000  0.45470852E+001  0.88192228E+001  0.15860479E+002  0.21714242E+002
 -0.93136883E+000 -0.83200905E+000 -0.54955089E+000 -0.18462373E+000 -0.52197425E-002  0.96540663E-003  0.91443600E+000  0.45470843E+001  0.88192218E+001  0.15860478E+002  0.21714241E+002
 -0.93136885E+000 -0.83200907E+000 -0.54955090E+000 -0.18462372E+000 -0.52197422E-002  0.96540673E-003  0.91443564E+000  0.45470835E+001  0.88192208E+001  0.15860477E+002  0.21714240E+002
 -0.93136886E+000 -0.83200908E+000 -0.54955091E+000 -0.18462370E+000 -0.52197418E-002  0.96540684E-003  0.91443529E+000  0.45470827E+001  0.88192199E+001  0.15860475E+002  0.21714239E+002
 -0.93136888E+000 -0.83200909E+000 -0.54955091E+000 -0.18462368E+000 -0.52197414E-002  0.96540697E-003  0.91443494E+000  0.45470820E+001  0.88192190E+001  0.15860474E+002  0.21714238E+002
 -0.93136889E+000 -0.83200910E+000 -0.54955091E+000 -0.18462365E+000 -0.52197409E-002  0.96540710E-003  0.91443460E+000  0.45470812E+001  0.88192181E+001  0.15860473E+002  0.21714236E+002
 -0.93136889E+000 -0.83200910E+000 -0.54955090E+000 -0.18462362E+000 -0.52197403E-002  0.96540725E-003  0.91443426E+000  0.45470805E+001  0.88192172E+001  0.15860471E+002  0.21714235E+002
 -0.93136890E+000 -0.83200910E+000 -0.54955088E+000 -0.18462359E+000 -0.52197397E-002  0.96540741E-003  0.91443393E+000  0.45470797E+001  0.88192163E+001  0.15860470E+002  0.21714234E+002
 -0.93136890E+000 -0.83200910E+000 -0.54955086E+000 -0.18462355E+000 -0.52197390E-002  0.96540757E-003  0.91443360E+000  0.45470790E+001  0.88192155E+001  0.15860469E+002  0.21714233E+002
 -0.93136891E+000 -0.83200909E+000 -0.54955084E+000 -0.18462351E+000 -0.52197384E-002  0.96540774E-003  0.91443327E+000  0.45470783E+001  0.88192146E+001  0.15860468E+002  0.21714232E+002
 -0.93136891E+000 -0.83200908E+000 -0.54955081E+000 -0.18462347E+000 -0.52197376E-002  0.96540792E-003  0.91443295E+000  0.45470776E+001  0.88192138E+001  0.15860467E+002  0.21714231E+002
 -0.93136890E+000 -0.83200907E+000 -0.54955078E+000 -0.18462343E+000 -0.52197369E-002  0.96540810E-003  0.91443264E+000  0.45470769E+001  0.88192130E+001  0.15860466E+002  0.21714230E+002
 -0.93136890E+000 -0.83200906E+000 -0.54955074E+000 -0.18462338E+000 -0.52197361E-002  0.96540829E-003  0.91443232E+000  0.45470762E+001  0.88192122E+001  0.15860464E+002  0.21714229E+002
 -0.93136890E+000 -0.83200904E+000 -0.54955070E+000 -0.18462333E+000 -0.52197353E-002  0.96540847E-003  0.91443201E+000  0.45470756E+001  0.88192114E+001  0.15860463E+002  0.21714228E+002
 -0.93136889E+000 -0.83200902E+000 -0.54955066E+000 -0.18462328E+000 -0.52197344E-002  0.96540866E-003  0.91443170E+000  0.45470749E+001  0.88192106E+001  0.15860462E+002  0.21714227E+002
 -0.93136888E+000 -0.83200900E+000 -0.54955062E+000 -0.18462323E+000 -0.52197336E-002  0.96540886E-003  0.91443139E+000  0.45470743E+001  0.88192098E+001  0.15860461E+002  0.21714226E+002
 -0.93136888E+000 -0.83200898E+000 -0.54955057E+000 -0.18462317E+000 -0.52197327E-002  0.96540905E-003  0.91443109E+000  0.45470736E+001  0.88192091E+001  0.15860460E+002  0.21714225E+002
 -0.93136887E+000 -0.83200896E+000 -0.54955052E+000 -0.18462311E+000 -0.52197318E-002  0.96540924E-003  0.91443079E+000  0.45470730E+001  0.88192083E+001  0.15860459E+002  0.21714224E+002
 -0.93136886E+000 -0.83200894E+000 -0.54955048E+000 -0.18462305E+000 -0.52197310E-002  0.96540943E-003  0.91443049E+000  0.45470723E+001  0.88192075E+001  0.15860458E+002  0.21714223E+002
 -0.93136884E+000 -0.83200891E+000 -0.54955042E+000 -0.18462299E+000 -0.52197301E-002  0.96540962E-003  0.91443019E+000  0.45470717E+001  0.88192068E+001  0.15860457E+002  0.21714222E+002
 -0.93136883E+000 -0.83200889E+000 -0.54955037E+000 -0.18462293E+000 -0.52197292E-002  0.96540982E-003  0.91442990E+000  0.45470711E+001  0.88192061E+001  0.15860456E+002  0.21714221E+002
 -0.93136882E+000 -0.83200886E+000 -0.54955032E+000 -0.18462287E+000 -0.52197283E-002  0.96541001E-003  0.91442961E+000  0.45470705E+001  0.88192053E+001  0.15860455E+002  0.21714220E+002
 -0.93136881E+000 -0.83200884E+000 -0.54955026E+000 -0.18462281E+000 -0.52197274E-002  0.96541020E-003  0.91442932E+000  0.45470699E+001  0.88192046E+001  0.15860454E+002  0.21714220E+002
 -0.93136879E+000 -0.83200881E+000 -0.54955021E+000 -0.18462275E+000 -0.52197265E-002  0.96541039E-003  0.91442904E+000  0.45470693E+001  0.88192039E+001  0.15860453E+002  0.21714219E+002
 -0.93136878E+000 -0.83200878E+000 -0.54955015E+000 -0.18462268E+000 -0.52197257E-002  0.96541058E-003  0.91442876E+000  0.45470687E+001  0.88192032E+001  0.15860452E+002  0.21714218E+002
 -0.93136877E+000 -0.83200875E+000 -0.54955010E+000 -0.18462262E+000 -0.52197248E-002  0.96541076E-003  0.91442848E+000  0.45470681E+001  0.88192025E+001  0.15860451E+002  0.21714217E+002
 -0.93136875E+000 -0.83200873E+000 -0.54955004E+000 -0.18462255E+000 -0.52197239E-002  0.96541095E-003  0.91442820E+000  0.45470675E+001  0.88192018E+001  0.15860450E+002  0.21714216E+002
 -0.93136874E+000 -0.83200870E+000 -0.54954999E+000 -0.18462249E+000 -0.52197231E-002  0.96541114E-003  0.91442793E+000  0.45470669E+001  0.88192011E+001  0.15860449E+002  0.21714215E+002
 -0.93136873E+000 -0.83200867E+000 -0.54954993E+000 -0.18462243E+000 -0.52197222E-002  0.96541133E-003  0.91442767E+000  0.45470664E+001  0.88192004E+001  0.15860448E+002  0.21714214E+002
 -0.93136871E+000 -0.83200864E+000 -0.54954988E+000 -0.18462236E+000 -0.52197214E-002  0.96541151E-003  0.91442740E+000  0.45470658E+001  0.88191998E+001  0.15860447E+002  0.21714214E+002
 -0.93136870E+000 -0.83200862E+000 -0.54954982E+000 -0.18462230E+000 -0.52197206E-002  0.96541170E-003  0.91442714E+000  0.45470652E+001  0.88191991E+001  0.15860446E+002  0.21714213E+002
 -0.93136868E+000 -0.83200859E+000 -0.54954977E+000 -0.18462224E+000 -0.52197198E-002  0.96541189E-003  0.91442689E+000  0.45470647E+001  0.88191985E+001  0.15860445E+002  0.21714212E+002
 -0.93136867E+000 -0.83200856E+000 -0.54954972E+000 -0.18462218E+000 -0.52197190E-002  0.96541208E-003  0.91442664E+000  0.45470642E+001  0.88191978E+001  0.15860444E+002  0.21714211E+002
 -0.93136866E+000 -0.83200854E+000 -0.54954967E+000 -0.18462211E+000 -0.52197182E-002  0.96541226E-003  0.91442640E+000  0.45470636E+001  0.88191972E+001  0.15860443E+002  0.21714210E+002
 -0.93136864E+000 -0.83200851E+000 -0.54954961E+000 -0.18462205E+000 -0.52197174E-002  0.96541245E-003  0.91442616E+000  0.45470631E+001  0.88191966E+001  0.15860443E+002  0.21714210E+002
 -0.93136863E+000 -0.83200849E+000 -0.54954956E+000 -0.18462200E+000 -0.52197167E-002  0.96541264E-003  0.91442592E+000  0.45470626E+001  0.88191960E+001  0.15860442E+002  0.21714209E+002
 -0.93136862E+000 -0.83200846E+000 -0.54954952E+000 -0.18462194E+000 -0.52197159E-002  0.96541283E-003  0.91442569E+000  0.45470621E+001  0.88191954E+001  0.15860441E+002  0.21714208E+002
 -0.93136861E+000 -0.83200844E+000 -0.54954947E+000 -0.18462188E+000 -0.52197152E-002  0.96541302E-003  0.91442547E+000  0.45470616E+001  0.88191948E+001  0.15860440E+002  0.21714207E+002
 -0.93136860E+000 -0.83200842E+000 -0.54954942E+000 -0.18462183E+000 -0.52197145E-002  0.96541321E-003  0.91442525E+000  0.45470612E+001  0.88191942E+001  0.15860439E+002  0.21714207E+002
 -0.93136858E+000 -0.83200839E+000 -0.54954938E+000 -0.18462177E+000 -0.52197138E-002  0.96541340E-003  0.91442504E+000  0.45470607E+001  0.88191937E+001  0.15860438E+002  0.21714206E+002
 -0.93136857E+000 -0.83200837E+000 -0.54954933E+000 -0.18462172E+000 -0.52197132E-002  0.96541359E-003  0.91442483E+000  0.45470602E+001  0.88191931E+001  0.15860438E+002  0.21714205E+002
 -0.93136856E+000 -0.83200835E+000 -0.54954929E+000 -0.18462167E+000 -0.52197125E-002  0.96541378E-003  0.91442463E+000  0.45470598E+001  0.88191926E+001  0.15860437E+002  0.21714205E+002
 -0.93136855E+000 -0.83200833E+000 -0.54954925E+000 -0.18462162E+000 -0.52197119E-002  0.96541397E-003  0.91442444E+000  0.45470594E+001  0.88191921E+001  0.15860436E+002  0.21714204E+002
 -0.93136854E+000 -0.83200831E+000 -0.54954921E+000 -0.18462157E+000 -0.52197113E-002  0.96541416E-003  0.91442425E+000  0.45470590E+001  0.88191916E+001  0.15860435E+002  0.21714203E+002
 -0.93136853E+000 -0.83200829E+000 -0.54954917E+000 -0.18462153E+000 -0.52197107E-002  0.96541435E-003  0.91442407E+000  0.45470585E+001  0.88191911E+001  0.15860435E+002  0.21714203E+002
 -0.93136852E+000 -0.83200828E+000 -0.54954914E+000 -0.18462148E+000 -0.52197101E-002  0.96541454E-003  0.91442389E+000  0.45470582E+001  0.88191906E+001  0.15860434E+002  0.21714202E+002
 -0.93136851E+000 -0.83200826E+000 -0.54954910E+000 -0.18462144E+000 -0.52197096E-002  0.96541473E-003  0.91442372E+000  0.45470578E+001  0.88191901E+001  0.15860433E+002  0.21714202E+002
 -0.93136851E+000 -0.83200824E+000 -0.54954907E+000 -0.18462140E+000 -0.52197090E-002  0.96541492E-003  0.91442356E+000  0.45470574E+001  0.88191897E+001  0.15860433E+002  0.21714201E+002
 -0.93136850E+000 -0.83200823E+000 -0.54954903E+000 -0.18462136E+000 -0.52197085E-002  0.96541511E-003  0.91442340E+000  0.45470570E+001  0.88191893E+001  0.15860432E+002  0.21714201E+002
 -0.93136849E+000 -0.83200821E+000 -0.54954900E+000 -0.18462132E+000 -0.52197080E-002  0.96541530E-003  0.91442325E+000  0.45470567E+001  0.88191888E+001  0.15860431E+002  0.21714200E+002
 -0.93136848E+000 -0.83200820E+000 -0.54954897E+000 -0.18462128E+000 -0.52197075E-002  0.96541548E-003  0.91442310E+000  0.45470564E+001  0.88191884E+001  0.15860431E+002  0.21714199E+002
 -0.93136848E+000 -0.83200818E+000 -0.54954894E+000 -0.18462125E+000 -0.52197071E-002  0.96541567E-003  0.91442296E+000  0.45470560E+001  0.88191880E+001  0.15860430E+002  0.21714199E+002
 -0.93136847E+000 -0.83200817E+000 -0.54954892E+000 -0.18462121E+000 -0.52197066E-002  0.96541585E-003  0.91442283E+000  0.45470557E+001  0.88191877E+001  0.15860430E+002  0.21714198E+002
 -0.93136846E+000 -0.83200816E+000 -0.54954889E+000 -0.18462118E+000 -0.52197062E-002  0.96541603E-003  0.91442270E+000  0.45470554E+001  0.88191873E+001  0.15860429E+002  0.21714198E+002
 -0.93136846E+000 -0.83200815E+000 -0.54954887E+000 -0.18462115E+000 -0.52197058E-002  0.96541621E-003  0.91442258E+000  0.45470552E+001  0.88191870E+001  0.15860429E+002  0.21714198E+002
 -0.93136845E+000 -0.83200814E+000 -0.54954884E+000 -0.18462112E+000 -0.52197054E-002  0.96541639E-003  0.91442247E+000  0.45470549E+001  0.88191867E+001  0.15860428E+002  0.21714197E+002
 -0.93136845E+000 -0.83200813E+000 -0.54954882E+000 -0.18462109E+000 -0.52197050E-002  0.96541656E-003  0.91442236E+000  0.45470546E+001  0.88191863E+001  0.15860428E+002  0.21714197E+002
 -0.93136844E+000 -0.83200812E+000 -0.54954880E+000 -0.18462106E+000 -0.52197047E-002  0.96541673E-003  0.91442225E+000  0.45470544E+001  0.88191861E+001  0.15860427E+002  0.21714196E+002
 -0.93136844E+000 -0.83200811E+000 -0.54954878E+000 -0.18462104E+000 -0.52197043E-002  0.96541690E-003  0.91442215E+000  0.45470541E+001  0.88191858E+001  0.15860427E+002  0.21714196E+002
 -0.93136843E+000 -0.83200810E+000 -0.54954876E+000 -0.18462101E+000 -0.52197040E-002  0.96541706E-003  0.91442206E+000  0.45470539E+001  0.88191855E+001  0.15860427E+002  0.21714195E+002
 -0.93136843E+000 -0.83200809E+000 -0.54954874E+000 -0.18462099E+000 -0.52197037E-002  0.96541722E-003  0.91442197E+000  0.45470537E+001  0.88191852E+001  0.15860426E+002  0.21714195E+002
 -0.93136843E+000 -0.83200808E+000 -0.54954873E+000 -0.18462097E+000 -0.52197034E-002  0.96541738E-003  0.91442188E+000  0.45470535E+001  0.88191850E+001  0.15860426E+002  0.21714195E+002
 -0.93136842E+000 -0.83200807E+000 -0.54954871E+000 -0.18462095E+000 -0.52197031E-002  0.96541753E-003  0.91442181E+000  0.45470533E+001  0.88191848E+001  0.15860426E+002  0.21714194E+002
 -0.93136842E+000 -0.83200807E+000 -0.54954870E+000 -0.18462093E+000 -0.52197029E-002  0.96541768E-003  0.91442173E+000  0.45470531E+001  0.88191846E+001  0.15860425E+002  0.21714194E+002
 -0.93136842E+000 -0.83200806E+000 -0.54954868E+000 -0.18462091E+000 -0.52197026E-002  0.96541783E-003  0.91442166E+000  0.45470529E+001  0.88191844E+001  0.15860425E+002  0.21714194E+002
 -0.93136841E+000 -0.83200806E+000 -0.54954867E+000 -0.18462089E+000 -0.52197024E-002  0.96541797E-003  0.91442160E+000  0.45470528E+001  0.88191842E+001  0.15860425E+002  0.21714194E+002
 -0.93136841E+000 -0.83200805E+000 -0.54954866E+000 -0.18462088E+000 -0.52197021E-002  0.96541810E-003  0.91442153E+000  0.45470526E+001  0.88191840E+001  0.15860425E+002  0.21714193E+002
 -0.93136841E+000 -0.83200804E+000 -0.54954865E+000 -0.18462086E+000 -0.52197019E-002  0.96541824E-003  0.91442148E+000  0.45470525E+001  0.88191838E+001  0.15860424E+002  0.21714193E+002
 -0.93136841E+000 -0.83200804E+000 -0.54954864E+000 -0.18462085E+000 -0.52197017E-002  0.96541836E-003  0.91442142E+000  0.45470523E+001  0.88191837E+001  0.15860424E+002  0.21714193E+002
 -0.93136840E+000 -0.83200804E+000 -0.54954863E+000 -0.18462083E+000 -0.52197015E-002  0.96541849E-003  0.91442138E+000  0.45470522E+001  0.88191835E+001  0.15860424E+002  0.21714193E+002
 -0.93136840E+000 -0.83200803E+000 -0.54954862E+000 -0.18462082E+000 -0.52197014E-002  0.96541861E-003  0.91442133E+000  0.45470521E+001  0.88191834E+001  0.15860424E+002  0.21714192E+002
 -0.93136840E+000 -0.83200803E+000 -0.54954861E+000 -0.18462081E+000 -0.52197012E-002  0.96541872E-003  0.91442129E+000  0.45470520E+001  0.88191833E+001  0.15860424E+002  0.21714192E+002
 -0.93136840E+000 -0.83200802E+000 -0.54954860E+000 -0.18462080E+000 -0.52197010E-002  0.96541883E-003  0.91442125E+000  0.45470519E+001  0.88191831E+001  0.15860424E+002  0.21714192E+002
 -0.93136840E+000 -0.83200802E+000 -0.54954859E+000 -0.18462079E+000 -0.52197009E-002  0.96541894E-003  0.91442122E+000  0.45470517E+001  0.88191830E+001  0.15860423E+002  0.21714192E+002
 -0.93136839E+000 -0.83200802E+000 -0.54954858E+000 -0.18462078E+000 -0.52197007E-002  0.96541904E-003  0.91442119E+000  0.45470517E+001  0.88191829E+001  0.15860423E+002  0.21714192E+002
 -0.93136839E+000 -0.83200801E+000 -0.54954858E+000 -0.18462077E+000 -0.52197006E-002  0.96541914E-003  0.91442116E+000  0.45470516E+001  0.88191828E+001  0.15860423E+002  0.21714191E+002
 -0.93136839E+000 -0.83200801E+000 -0.54954857E+000 -0.18462076E+000 -0.52197005E-002  0.96541923E-003  0.91442113E+000  0.45470515E+001  0.88191828E+001  0.15860423E+002  0.21714191E+002
 -0.93136839E+000 -0.83200801E+000 -0.54954857E+000 -0.18462075E+000 -0.52197004E-002  0.96541932E-003  0.91442111E+000  0.45470514E+001  0.88191827E+001  0.15860423E+002  0.21714191E+002
 -0.93136839E+000 -0.83200801E+000 -0.54954856E+000 -0.18462074E+000 -0.52197003E-002  0.96541941E-003  0.91442109E+000  0.45470513E+001  0.88191826E+001  0.15860423E+002  0.21714191E+002
 -0.93136839E+000 -0.83200801E+000 -0.54954856E+000 -0.18462074E+000 -0.52197002E-002  0.96541949E-003  0.91442107E+000  0.45470513E+001  0.88191826E+001  0.15860423E+002  0.21714191E+002
 -0.93136839E+000 -0.83200800E+000 -0.54954855E+000 -0.18462073E+000 -0.52197001E-002  0.96541957E-003  0.91442105E+000  0.45470512E+001  0.88191825E+001  0.15860423E+002  0.21714191E+002
 -0.93136839E+000 -0.83200800E+000 -0.54954855E+000 -0.18462072E+000 -0.52197000E-002  0.96541964E-003  0.91442104E+000  0.45470512E+001  0.88191824E+001  0.15860423E+002  0.21714191E+002
 -0.93136839E+000 -0.83200800E+000 -0.54954854E+000 -0.18462071E+000 -0.52196999E-002  0.96541971E-003  0.91442103E+000  0.45470511E+001  0.88191824E+001  0.15860423E+002  0.21714190E+002
 -0.93136838E+000 -0.83200799E+000 -0.54954853E+000 -0.18462071E+000 -0.52196997E-002  0.96541980E-003  0.91442103E+000  0.45470511E+001  0.88191824E+001  0.15860423E+002  0.21714190E+002
 -0.93136838E+000 -0.83200799E+000 -0.54954852E+000 -0.18462069E+000 -0.52196991E-002  0.96541997E-003  0.91442102E+000  0.45470510E+001  0.88191823E+001  0.15860423E+002  0.21714190E+002
 -0.93136838E+000 -0.83200799E+000 -0.54954853E+000 -0.18462069E+000 -0.52196989E-002  0.96542004E-003  0.91442101E+000  0.45470510E+001  0.88191823E+001  0.15860423E+002  0.21714190E+002
