  0.00000000E+000  0.00000000E+000  0.00000000E+000  0.00000000E+000  0.42174581E-001  0.36748790E+000  0.69433515E+001  0.46552187E+002  0.11381362E+003  0.30126422E+003  0.59143845E+003
  0.00000000E+000  0.00000000E+000  0.00000000E+000  0.00000000E+000  0.42172458E-001  0.36748511E+000  0.69432607E+001  0.46551593E+002  0.11381276E+003  0.30126315E+003  0.59143742E+003
  0.00000000E+000  0.00000000E+000  0.00000000E+000  0.00000000E+000  0.42170505E-001  0.36748241E+000  0.69431740E+001  0.46551013E+002  0.11381194E+003  0.30126214E+003  0.59143646E+003
  0.00000000E+000  0.00000000E+000  0.00000000E+000  0.00000000E+000  0.42168718E-001  0.36747984E+000  0.69430951E+001  0.46550485E+002  0.11381120E+003  0.30126122E+003  0.59143558E+003
  0.00000000E+000  0.00000000E+000  0.00000000E+000  0.00000000E+000  0.42167085E-001  0.36747738E+000  0.69430242E+001  0.46550020E+002  0.11381054E+003  0.30126041E+003  0.59143480E+003
  0.00000000E+000  0.00000000E+000  0.00000000E+000  0.00000000E+000  0.42165590E-001  0.36747504E+000  0.69429611E+001  0.46549613E+002  0.11380996E+003  0.30125970E+003  0.59143412E+003
  0.00000000E+000  0.00000000E+000  0.00000000E+000  0.00000000E+000  0.42164219E-001  0.36747280E+000  0.69429050E+001  0.46549260E+002  0.11380946E+003  0.30125908E+003  0.59143352E+003
  0.00000000E+000  0.00000000E+000  0.00000000E+000  0.00000000E+000  0.42162958E-001  0.36747064E+000  0.69428552E+001  0.46548954E+002  0.11380903E+003  0.30125855E+003  0.59143301E+003
  0.00000000E+000  0.00000000E+000  0.00000000E+000  0.00000000E+000  0.42161795E-001  0.36746857E+000  0.69428112E+001  0.46548689E+002  0.11380866E+003  0.30125809E+003  0.59143257E+003
  0.00000000E+000  0.00000000E+000  0.00000000E+000  0.00000000E+000  0.42160717E-001  0.36746658E+000  0.69427722E+001  0.46548459E+002  0.11380833E+003  0.30125770E+003  0.59143218E+003
  0.00000000E+000  0.00000000E+000  0.00000000E+000  0.00000000E+000  0.42159715E-001  0.36746467E+000  0.69427376E+001  0.46548259E+002  0.11380806E+003  0.30125736E+003  0.59143186E+003
  0.00000000E+000  0.00000000E+000  0.00000000E+000  0.00000000E+000  0.42158780E-001  0.36746282E+000  0.69427070E+001  0.46548086E+002  0.11380781E+003  0.30125706E+003  0.59143157E+003
  0.00000000E+000  0.00000000E+000  0.00000000E+000  0.00000000E+000  0.42157905E-001  0.36746104E+000  0.69426798E+001  0.46547935E+002  0.11380761E+003  0.30125681E+003  0.59143133E+003
  0.00000000E+000  0.00000000E+000  0.00000000E+000  0.00000000E+000  0.42157083E-001  0.36745931E+000  0.69426556E+001  0.46547803E+002  0.11380742E+003  0.30125659E+003  0.59143112E+003
  0.00000000E+000  0.00000000E+000  0.00000000E+000  0.00000000E+000  0.42156307E-001  0.36745764E+000  0.69426340E+001  0.46547688E+002  0.11380727E+003  0.30125640E+003  0.59143095E+003
  0.00000000E+000  0.00000000E+000  0.00000000E+000  0.00000000E+000  0.42155572E-001  0.36745602E+000  0.69426147E+001  0.46547587E+002  0.11380713E+003  0.30125624E+003  0.59143079E+003
  0.00000000E+000  0.00000000E+000  0.00000000E+000  0.00000000E+000  0.42154874E-001  0.36745445E+000  0.69425974E+001  0.46547499E+002  0.11380701E+003  0.30125610E+003  0.59143066E+003
  0.00000000E+000  0.00000000E+000  0.00000000E+000  0.00000000E+000  0.42154210E-001  0.36745293E+000  0.69425819E+001  0.46547421E+002  0.11380691E+003  0.30125598E+003  0.59143055E+003
  0.00000000E+000  0.00000000E+000  0.00000000E+000  0.00000000E+000  0.42153575E-001  0.36745144E+000  0.69425678E+001  0.46547353E+002  0.11380682E+003  0.30125587E+003  0.59143045E+003
  0.00000000E+000  0.00000000E+000  0.00000000E+000  0.00000000E+000  0.42152967E-001  0.36745000E+000  0.69425552E+001  0.46547293E+002  0.11380674E+003  0.30125578E+003  0.59143036E+003
  0.00000000E+000  0.00000000E+000  0.00000000E+000  0.00000000E+000  0.42152383E-001  0.36744859E+000  0.69425437E+001  0.46547240E+002  0.11380667E+003  0.30125569E+003  0.59143029E+003
  0.00000000E+000  0.00000000E+000  0.00000000E+000  0.00000000E+000  0.42151821E-001  0.36744721E+000  0.69425333E+001  0.46547193E+002  0.11380660E+003  0.30125562E+003  0.59143022E+003
  0.00000000E+000  0.00000000E+000  0.00000000E+000  0.00000000E+000  0.42151280E-001  0.36744587E+000  0.69425237E+001  0.46547152E+002  0.11380655E+003  0.30125556E+003  0.59143017E+003
  0.00000000E+000  0.00000000E+000  0.00000000E+000  0.00000000E+000  0.42150757E-001  0.36744455E+000  0.69425151E+001  0.46547115E+002  0.11380650E+003  0.30125550E+003  0.59143012E+003
  0.00000000E+000  0.00000000E+000  0.00000000E+000  0.00000000E+000  0.42150252E-001  0.36744327E+000  0.69425071E+001  0.46547082E+002  0.11380646E+003  0.30125545E+003  0.59143007E+003
  0.00000000E+000  0.00000000E+000  0.00000000E+000  0.00000000E+000  0.42149764E-001  0.36744201E+000  0.69424998E+001  0.46547053E+002  0.11380642E+003  0.30125541E+003  0.59143003E+003
  0.00000000E+000  0.00000000E+000  0.00000000E+000  0.00000000E+000  0.42149291E-001  0.36744079E+000  0.69424931E+001  0.46547027E+002  0.11380638E+003  0.30125537E+003  0.59143000E+003
  0.00000000E+000  0.00000000E+000  0.00000000E+000  0.00000000E+000  0.42148832E-001  0.36743959E+000  0.69424870E+001  0.46547004E+002  0.11380635E+003  0.30125533E+003  0.59142996E+003
  0.00000000E+000  0.00000000E+000  0.00000000E+000  0.00000000E+000  0.42148388E-001  0.36743841E+000  0.69424813E+001  0.46546984E+002  0.11380633E+003  0.30125529E+003  0.59142994E+003
  0.00000000E+000  0.00000000E+000  0.00000000E+000  0.00000000E+000  0.42147958E-001  0.36743727E+000  0.69424761E+001  0.46546966E+002  0.11380630E+003  0.30125526E+003  0.59142991E+003
  0.00000000E+000  0.00000000E+000  0.00000000E+000  0.00000000E+000  0.42147540E-001  0.36743615E+000  0.69424714E+001  0.46546949E+002  0.11380628E+003  0.30125523E+003  0.59142988E+003
  0.00000000E+000  0.00000000E+000  0.00000000E+000  0.00000000E+000  0.42147136E-001  0.36743506E+000  0.69424670E+001  0.46546935E+002  0.11380626E+003  0.30125520E+003  0.59142986E+003
  0.00000000E+000  0.00000000E+000  0.00000000E+000  0.00000000E+000  0.42146745E-001  0.36743400E+000  0.69424630E+001  0.46546922E+002  0.11380624E+003  0.30125518E+003  0.59142984E+003
  0.00000000E+000  0.00000000E+000  0.00000000E+000  0.00000000E+000  0.42146366E-001  0.36743297E+000  0.69424593E+001  0.46546910E+002  0.11380622E+003  0.30125515E+003  0.59142981E+003
  0.00000000E+000  0.00000000E+000  0.00000000E+000  0.00000000E+000  0.42146001E-001  0.36743196E+000  0.69424560E+001  0.46546900E+002  0.11380620E+003  0.30125512E+003  0.59142979E+003
  0.00000000E+000  0.00000000E+000  0.00000000E+000  0.00000000E+000  0.42145649E-001  0.36743099E+000  0.69424530E+001  0.46546891E+002  0.11380619E+003  0.30125510E+003  0.59142977E+003
  0.00000000E+000  0.00000000E+000  0.00000000E+000  0.00000000E+000  0.42145311E-001  0.36743005E+000  0.69424503E+001  0.46546883E+002  0.11380617E+003  0.30125507E+003  0.59142975E+003
  0.00000000E+000  0.00000000E+000  0.00000000E+000  0.00000000E+000  0.42144988E-001  0.36742914E+000  0.69424480E+001  0.46546876E+002  0.11380616E+003  0.30125504E+003  0.59142972E+003
  0.00000000E+000  0.00000000E+000  0.00000000E+000  0.00000000E+000  0.42144680E-001  0.36742826E+000  0.69424459E+001  0.46546870E+002  0.11380614E+003  0.30125502E+003  0.59142970E+003
  0.00000000E+000  0.00000000E+000  0.00000000E+000  0.00000000E+000  0.42144390E-001  0.36742742E+000  0.69424442E+001  0.46546865E+002  0.11380613E+003  0.30125499E+003  0.59142967E+003
  0.00000000E+000  0.00000000E+000  0.00000000E+000  0.00000000E+000  0.42144118E-001  0.36742662E+000  0.69424428E+001  0.46546861E+002  0.11380612E+003  0.30125496E+003  0.59142965E+003
  0.00000000E+000  0.00000000E+000  0.00000000E+000  0.00000000E+000  0.42143865E-001  0.36742585E+000  0.69424416E+001  0.46546857E+002  0.11380610E+003  0.30125493E+003  0.59142962E+003
  0.00000000E+000  0.00000000E+000  0.00000000E+000  0.00000000E+000  0.42143635E-001  0.36742512E+000  0.69424408E+001  0.46546854E+002  0.11380609E+003  0.30125490E+003  0.59142959E+003
  0.00000000E+000  0.00000000E+000  0.00000000E+000  0.00000000E+000  0.42143428E-001  0.36742443E+000  0.69424403E+001  0.46546852E+002  0.11380608E+003  0.30125487E+003  0.59142957E+003
  0.00000000E+000  0.00000000E+000  0.00000000E+000  0.00000000E+000  0.42143248E-001  0.36742378E+000  0.69424401E+001  0.46546851E+002  0.11380607E+003  0.30125483E+003  0.59142954E+003
  0.00000000E+000  0.00000000E+000  0.00000000E+000  0.00000000E+000  0.42143096E-001  0.36742317E+000  0.69424402E+001  0.46546850E+002  0.11380605E+003  0.30125480E+003  0.59142950E+003
  0.00000000E+000  0.00000000E+000  0.00000000E+000  0.00000000E+000  0.42142976E-001  0.36742261E+000  0.69424407E+001  0.46546850E+002  0.11380604E+003  0.30125476E+003  0.59142947E+003
  0.00000000E+000  0.00000000E+000  0.00000000E+000  0.00000000E+000  0.42142889E-001  0.36742209E+000  0.69424414E+001  0.46546851E+002  0.11380603E+003  0.30125472E+003  0.59142944E+003
  0.00000000E+000  0.00000000E+000  0.00000000E+000  0.00000000E+000  0.42142839E-001  0.36742162E+000  0.69424425E+001  0.46546852E+002  0.11380601E+003  0.30125469E+003  0.59142940E+003
  0.00000000E+000  0.00000000E+000  0.00000000E+000  0.00000000E+000  0.42142828E-001  0.36742119E+000  0.69424439E+001  0.46546854E+002  0.11380600E+003  0.30125465E+003  0.59142936E+003
  0.00000000E+000  0.00000000E+000  0.00000000E+000  0.00000000E+000  0.42142859E-001  0.36742081E+000  0.69424456E+001  0.46546857E+002  0.11380599E+003  0.30125460E+003  0.59142932E+003
  0.00000000E+000  0.00000000E+000  0.00000000E+000  0.00000000E+000  0.42142934E-001  0.36742047E+000  0.69424476E+001  0.46546860E+002  0.11380597E+003  0.30125456E+003  0.59142928E+003
  0.00000000E+000  0.00000000E+000  0.00000000E+000  0.00000000E+000  0.42143055E-001  0.36742019E+000  0.69424500E+001  0.46546864E+002  0.11380596E+003  0.30125451E+003  0.59142923E+003
  0.00000000E+000  0.00000000E+000  0.00000000E+000  0.00000000E+000  0.42143226E-001  0.36741994E+000  0.69424527E+001  0.46546869E+002  0.11380595E+003  0.30125446E+003  0.59142919E+003
  0.00000000E+000  0.00000000E+000  0.00000000E+000  0.00000000E+000  0.42143447E-001  0.36741975E+000  0.69424557E+001  0.46546874E+002  0.11380593E+003  0.30125441E+003  0.59142914E+003
  0.00000000E+000  0.00000000E+000  0.00000000E+000  0.00000000E+000  0.42143720E-001  0.36741960E+000  0.69424591E+001  0.46546879E+002  0.11380592E+003  0.30125436E+003  0.59142908E+003
  0.00000000E+000  0.00000000E+000  0.00000000E+000  0.00000000E+000  0.42144046E-001  0.36741950E+000  0.69424628E+001  0.46546886E+002  0.11380590E+003  0.30125431E+003  0.59142903E+003
  0.00000000E+000  0.00000000E+000  0.00000000E+000  0.00000000E+000  0.42144426E-001  0.36741944E+000  0.69424668E+001  0.46546893E+002  0.11380589E+003  0.30125425E+003  0.59142897E+003
  0.00000000E+000  0.00000000E+000  0.00000000E+000  0.00000000E+000  0.42144861E-001  0.36741943E+000  0.69424711E+001  0.46546901E+002  0.11380587E+003  0.30125419E+003  0.59142891E+003
  0.00000000E+000  0.00000000E+000  0.00000000E+000  0.00000000E+000  0.42145349E-001  0.36741945E+000  0.69424757E+001  0.46546909E+002  0.11380585E+003  0.30125413E+003  0.59142885E+003
  0.00000000E+000  0.00000000E+000  0.00000000E+000  0.00000000E+000  0.42145890E-001  0.36741952E+000  0.69424806E+001  0.46546918E+002  0.11380584E+003  0.30125407E+003  0.59142879E+003
  0.00000000E+000  0.00000000E+000  0.00000000E+000  0.00000000E+000  0.42146483E-001  0.36741961E+000  0.69424859E+001  0.46546928E+002  0.11380582E+003  0.30125400E+003  0.59142872E+003
  0.00000000E+000  0.00000000E+000  0.00000000E+000  0.00000000E+000  0.42147126E-001  0.36741975E+000  0.69424914E+001  0.46546939E+002  0.11380580E+003  0.30125394E+003  0.59142865E+003
  0.00000000E+000  0.00000000E+000  0.00000000E+000  0.00000000E+000  0.42147817E-001  0.36741991E+000  0.69424972E+001  0.46546950E+002  0.11380579E+003  0.30125387E+003  0.59142857E+003
  0.00000000E+000  0.00000000E+000  0.00000000E+000  0.00000000E+000  0.42148552E-001  0.36742011E+000  0.69425033E+001  0.46546963E+002  0.11380577E+003  0.30125379E+003  0.59142849E+003
  0.00000000E+000  0.00000000E+000  0.00000000E+000  0.00000000E+000  0.42149328E-001  0.36742033E+000  0.69425097E+001  0.46546976E+002  0.11380575E+003  0.30125372E+003  0.59142841E+003
  0.00000000E+000  0.00000000E+000  0.00000000E+000  0.00000000E+000  0.42150142E-001  0.36742057E+000  0.69425163E+001  0.46546990E+002  0.11380573E+003  0.30125364E+003  0.59142833E+003
  0.00000000E+000  0.00000000E+000  0.00000000E+000  0.00000000E+000  0.42150990E-001  0.36742083E+000  0.69425232E+001  0.46547005E+002  0.11380571E+003  0.30125356E+003  0.59142824E+003
  0.00000000E+000  0.00000000E+000  0.00000000E+000  0.00000000E+000  0.42151866E-001  0.36742112E+000  0.69425303E+001  0.46547021E+002  0.11380570E+003  0.30125348E+003  0.59142815E+003
  0.00000000E+000  0.00000000E+000  0.00000000E+000  0.00000000E+000  0.42152765E-001  0.36742142E+000  0.69425377E+001  0.46547038E+002  0.11380568E+003  0.30125339E+003  0.59142805E+003
  0.00000000E+000  0.00000000E+000  0.00000000E+000  0.00000000E+000  0.42153684E-001  0.36742173E+000  0.69425452E+001  0.46547056E+002  0.11380566E+003  0.30125330E+003  0.59142795E+003
  0.00000000E+000  0.00000000E+000  0.00000000E+000  0.00000000E+000  0.42154615E-001  0.36742206E+000  0.69425530E+001  0.46547075E+002  0.11380564E+003  0.30125321E+003  0.59142784E+003
  0.00000000E+000  0.00000000E+000  0.00000000E+000  0.00000000E+000  0.42155555E-001  0.36742241E+000  0.69425610E+001  0.46547096E+002  0.11380562E+003  0.30125312E+003  0.59142773E+003
  0.00000000E+000  0.00000000E+000  0.00000000E+000  0.00000000E+000  0.42156497E-001  0.36742277E+000  0.69425691E+001  0.46547117E+002  0.11380561E+003  0.30125302E+003  0.59142762E+003
  0.00000000E+000  0.00000000E+000  0.00000000E+000  0.00000000E+000  0.42157437E-001  0.36742314E+000  0.69425774E+001  0.46547140E+002  0.11380559E+003  0.30125292E+003  0.59142750E+003
  0.00000000E+000  0.00000000E+000  0.00000000E+000  0.00000000E+000  0.42158369E-001  0.36742353E+000  0.69425858E+001  0.46547165E+002  0.11380557E+003  0.30125282E+003  0.59142738E+003
  0.00000000E+000  0.00000000E+000  0.00000000E+000  0.00000000E+000  0.42159288E-001  0.36742394E+000  0.69425944E+001  0.46547190E+002  0.11380556E+003  0.30125271E+003  0.59142725E+003
  0.00000000E+000  0.00000000E+000  0.00000000E+000  0.00000000E+000  0.42160191E-001  0.36742437E+000  0.69426031E+001  0.46547217E+002  0.11380554E+003  0.30125261E+003  0.59142712E+003
  0.00000000E+000  0.00000000E+000  0.00000000E+000  0.00000000E+000  0.42161072E-001  0.36742481E+000  0.69426119E+001  0.46547245E+002  0.11380553E+003  0.30125250E+003  0.59142698E+003
  0.00000000E+000  0.00000000E+000  0.00000000E+000  0.00000000E+000  0.42161929E-001  0.36742528E+000  0.69426207E+001  0.46547275E+002  0.11380551E+003  0.30125238E+003  0.59142684E+003
  0.00000000E+000  0.00000000E+000  0.00000000E+000  0.00000000E+000  0.42162757E-001  0.36742578E+000  0.69426296E+001  0.46547306E+002  0.11380550E+003  0.30125227E+003  0.59142669E+003
  0.00000000E+000  0.00000000E+000  0.00000000E+000  0.00000000E+000  0.42163555E-001  0.36742631E+000  0.69426385E+001  0.46547339E+002  0.11380549E+003  0.30125215E+003  0.59142654E+003
  0.00000000E+000  0.00000000E+000  0.00000000E+000  0.00000000E+000  0.42164319E-001  0.36742687E+000  0.69426475E+001  0.46547373E+002  0.11380548E+003  0.30125203E+003  0.59142638E+003
  0.00000000E+000  0.00000000E+000  0.00000000E+000  0.00000000E+000  0.42165049E-001  0.36742747E+000  0.69426564E+001  0.46547409E+002  0.11380547E+003  0.30125190E+003  0.59142621E+003
  0.00000000E+000  0.00000000E+000  0.00000000E+000  0.00000000E+000  0.42165742E-001  0.36742810E+000  0.69426654E+001  0.46547446E+002  0.11380546E+003  0.30125178E+003  0.59142604E+003
  0.00000000E+000  0.00000000E+000  0.00000000E+000  0.00000000E+000  0.42166399E-001  0.36742879E+000  0.69426743E+001  0.46547485E+002  0.11380546E+003  0.30125165E+003  0.59142586E+003
  0.00000000E+000  0.00000000E+000  0.00000000E+000  0.00000000E+000  0.42167018E-001  0.36742952E+000  0.69426831E+001  0.46547525E+002  0.11380545E+003  0.30125152E+003  0.59142568E+003
  0.00000000E+000  0.00000000E+000  0.00000000E+000  0.00000000E+000  0.42167599E-001  0.36743030E+000  0.69426919E+001  0.46547567E+002  0.11380545E+003  0.30125138E+003  0.59142549E+003
  0.00000000E+000  0.00000000E+000  0.00000000E+000  0.00000000E+000  0.42168144E-001  0.36743113E+000  0.69427006E+001  0.46547610E+002  0.11380545E+003  0.30125125E+003  0.59142529E+003
  0.00000000E+000  0.00000000E+000  0.00000000E+000  0.00000000E+000  0.42168652E-001  0.36743202E+000  0.69427092E+001  0.46547654E+002  0.11380545E+003  0.30125111E+003  0.59142509E+003
  0.00000000E+000  0.00000000E+000  0.00000000E+000  0.00000000E+000  0.42169125E-001  0.36743297E+000  0.69427178E+001  0.46547700E+002  0.11380545E+003  0.30125097E+003  0.59142488E+003
  0.00000000E+000  0.00000000E+000  0.00000000E+000  0.00000000E+000  0.42169564E-001  0.36743397E+000  0.69427262E+001  0.46547747E+002  0.11380545E+003  0.30125083E+003  0.59142467E+003
  0.00000000E+000  0.00000000E+000  0.00000000E+000  0.00000000E+000  0.42169971E-001  0.36743503E+000  0.69427345E+001  0.46547796E+002  0.11380546E+003  0.30125069E+003  0.59142445E+003
  0.00000000E+000  0.00000000E+000  0.00000000E+000  0.00000000E+000  0.42170346E-001  0.36743615E+000  0.69427427E+001  0.46547846E+002  0.11380547E+003  0.30125055E+003  0.59142422E+003
  0.00000000E+000  0.00000000E+000  0.00000000E+000  0.00000000E+000  0.42170693E-001  0.36743732E+000  0.69427507E+001  0.46547897E+002  0.11380548E+003  0.30125040E+003  0.59142399E+003
  0.00000000E+000  0.00000000E+000  0.00000000E+000  0.00000000E+000  0.42171011E-001  0.36743855E+000  0.69427587E+001  0.46547949E+002  0.11380550E+003  0.30125026E+003  0.59142375E+003
  0.00000000E+000  0.00000000E+000  0.00000000E+000  0.00000000E+000  0.42171304E-001  0.36743982E+000  0.69427665E+001  0.46548002E+002  0.11380551E+003  0.30125012E+003  0.59142350E+003
  0.00000000E+000  0.00000000E+000  0.00000000E+000  0.00000000E+000  0.42171573E-001  0.36744115E+000  0.69427742E+001  0.46548057E+002  0.11380553E+003  0.30124997E+003  0.59142325E+003
  0.00000000E+000  0.00000000E+000  0.00000000E+000  0.00000000E+000  0.42171820E-001  0.36744252E+000  0.69427819E+001  0.46548112E+002  0.11380555E+003  0.30124983E+003  0.59142299E+003
  0.00000000E+000  0.00000000E+000  0.00000000E+000  0.00000000E+000  0.42172046E-001  0.36744392E+000  0.69427894E+001  0.46548168E+002  0.11380558E+003  0.30124968E+003  0.59142272E+003
  0.00000000E+000  0.00000000E+000  0.00000000E+000  0.00000000E+000  0.42172253E-001  0.36744536E+000  0.69427968E+001  0.46548225E+002  0.11380561E+003  0.30124954E+003  0.59142245E+003
  0.00000000E+000  0.00000000E+000  0.00000000E+000  0.00000000E+000  0.42172442E-001  0.36744683E+000  0.69428042E+001  0.46548283E+002  0.11380564E+003  0.30124939E+003  0.59142217E+003
  0.00000000E+000  0.00000000E+000  0.00000000E+000  0.00000000E+000  0.42172616E-001  0.36744832E+000  0.69428114E+001  0.46548342E+002  0.11380567E+003  0.30124925E+003  0.59142189E+003
  0.00000000E+000  0.00000000E+000  0.00000000E+000  0.00000000E+000  0.42172775E-001  0.36744983E+000  0.69428187E+001  0.46548401E+002  0.11380571E+003  0.30124911E+003  0.59142160E+003
  0.00000000E+000  0.00000000E+000  0.00000000E+000  0.00000000E+000  0.42172920E-001  0.36745135E+000  0.69428258E+001  0.46548461E+002  0.11380575E+003  0.30124898E+003  0.59142131E+003
  0.00000000E+000  0.00000000E+000  0.00000000E+000  0.00000000E+000  0.42173054E-001  0.36745287E+000  0.69428330E+001  0.46548521E+002  0.11380579E+003  0.30124884E+003  0.59142101E+003
  0.00000000E+000  0.00000000E+000  0.00000000E+000  0.00000000E+000  0.42173176E-001  0.36745440E+000  0.69428402E+001  0.46548582E+002  0.11380584E+003  0.30124871E+003  0.59142071E+003
  0.00000000E+000  0.00000000E+000  0.00000000E+000  0.00000000E+000  0.42173288E-001  0.36745591E+000  0.69428473E+001  0.46548642E+002  0.11380589E+003  0.30124858E+003  0.59142040E+003
  0.00000000E+000  0.00000000E+000  0.00000000E+000  0.00000000E+000  0.42173391E-001  0.36745741E+000  0.69428545E+001  0.46548704E+002  0.11380594E+003  0.30124845E+003  0.59142009E+003
  0.00000000E+000  0.00000000E+000  0.00000000E+000  0.00000000E+000  0.42173485E-001  0.36745889E+000  0.69428618E+001  0.46548765E+002  0.11380600E+003  0.30124833E+003  0.59141978E+003
  0.00000000E+000  0.00000000E+000  0.00000000E+000  0.00000000E+000  0.42173572E-001  0.36746035E+000  0.69428691E+001  0.46548826E+002  0.11380606E+003  0.30124821E+003  0.59141946E+003
  0.00000000E+000  0.00000000E+000  0.00000000E+000  0.00000000E+000  0.42173652E-001  0.36746179E+000  0.69428765E+001  0.46548888E+002  0.11380612E+003  0.30124810E+003  0.59141914E+003
  0.00000000E+000  0.00000000E+000  0.00000000E+000  0.00000000E+000  0.42173726E-001  0.36746318E+000  0.69428840E+001  0.46548949E+002  0.11380618E+003  0.30124799E+003  0.59141882E+003
  0.00000000E+000  0.00000000E+000  0.00000000E+000  0.00000000E+000  0.42173794E-001  0.36746455E+000  0.69428916E+001  0.46549010E+002  0.11380625E+003  0.30124789E+003  0.59141849E+003
  0.00000000E+000  0.00000000E+000  0.00000000E+000  0.00000000E+000  0.42173856E-001  0.36746587E+000  0.69428993E+001  0.46549071E+002  0.11380632E+003  0.30124779E+003  0.59141817E+003
  0.00000000E+000  0.00000000E+000  0.00000000E+000  0.00000000E+000  0.42173914E-001  0.36746715E+000  0.69429072E+001  0.46549132E+002  0.11380640E+003  0.30124770E+003  0.59141784E+003
  0.00000000E+000  0.00000000E+000  0.00000000E+000  0.00000000E+000  0.42173967E-001  0.36746839E+000  0.69429153E+001  0.46549192E+002  0.11380647E+003  0.30124762E+003  0.59141751E+003
  0.00000000E+000  0.00000000E+000  0.00000000E+000  0.00000000E+000  0.42174016E-001  0.36746958E+000  0.69429235E+001  0.46549252E+002  0.11380655E+003  0.30124755E+003  0.59141719E+003
  0.00000000E+000  0.00000000E+000  0.00000000E+000  0.00000000E+000  0.42174061E-001  0.36747073E+000  0.69429319E+001  0.46549312E+002  0.11380663E+003  0.30124748E+003  0.59141687E+003
  0.00000000E+000  0.00000000E+000  0.00000000E+000  0.00000000E+000  0.42174103E-001  0.36747182E+000  0.69429405E+001  0.46549371E+002  0.11380672E+003  0.30124742E+003  0.59141654E+003
  0.00000000E+000  0.00000000E+000  0.00000000E+000  0.00000000E+000  0.42174141E-001  0.36747287E+000  0.69429492E+001  0.46549429E+002  0.11380681E+003  0.30124736E+003  0.59141622E+003
  0.00000000E+000  0.00000000E+000  0.00000000E+000  0.00000000E+000  0.42174177E-001  0.36747386E+000  0.69429582E+001  0.46549487E+002  0.11380689E+003  0.30124732E+003  0.59141591E+003
  0.00000000E+000  0.00000000E+000  0.00000000E+000  0.00000000E+000  0.42174210E-001  0.36747481E+000  0.69429673E+001  0.46549545E+002  0.11380699E+003  0.30124728E+003  0.59141560E+003
  0.00000000E+000  0.00000000E+000  0.00000000E+000  0.00000000E+000  0.42174240E-001  0.36747571E+000  0.69429766E+001  0.46549601E+002  0.11380708E+003  0.30124725E+003  0.59141529E+003
  0.00000000E+000  0.00000000E+000  0.00000000E+000  0.00000000E+000  0.42174268E-001  0.36747656E+000  0.69429861E+001  0.46549657E+002  0.11380717E+003  0.30124723E+003  0.59141499E+003
  0.00000000E+000  0.00000000E+000  0.00000000E+000  0.00000000E+000  0.42174293E-001  0.36747736E+000  0.69429957E+001  0.46549712E+002  0.11380727E+003  0.30124723E+003  0.59141469E+003
  0.00000000E+000  0.00000000E+000  0.00000000E+000  0.00000000E+000  0.42174317E-001  0.36747812E+000  0.69430055E+001  0.46549767E+002  0.11380737E+003  0.30124723E+003  0.59141441E+003
  0.00000000E+000  0.00000000E+000  0.00000000E+000  0.00000000E+000  0.42174339E-001  0.36747883E+000  0.69430154E+001  0.46549821E+002  0.11380747E+003  0.30124723E+003  0.59141413E+003
  0.00000000E+000  0.00000000E+000  0.00000000E+000  0.00000000E+000  0.42174359E-001  0.36747950E+000  0.69430255E+001  0.46549874E+002  0.11380757E+003  0.30124725E+003  0.59141386E+003
  0.00000000E+000  0.00000000E+000  0.00000000E+000  0.00000000E+000  0.42174378E-001  0.36748013E+000  0.69430356E+001  0.46549926E+002  0.11380767E+003  0.30124728E+003  0.59141359E+003
  0.00000000E+000  0.00000000E+000  0.00000000E+000  0.00000000E+000  0.42174395E-001  0.36748072E+000  0.69430458E+001  0.46549977E+002  0.11380777E+003  0.30124732E+003  0.59141334E+003
  0.00000000E+000  0.00000000E+000  0.00000000E+000  0.00000000E+000  0.42174410E-001  0.36748126E+000  0.69430561E+001  0.46550028E+002  0.11380788E+003  0.30124737E+003  0.59141310E+003
  0.00000000E+000  0.00000000E+000  0.00000000E+000  0.00000000E+000  0.42174425E-001  0.36748178E+000  0.69430664E+001  0.46550078E+002  0.11380798E+003  0.30124743E+003  0.59141287E+003
  0.00000000E+000  0.00000000E+000  0.00000000E+000  0.00000000E+000  0.42174438E-001  0.36748225E+000  0.69430767E+001  0.46550128E+002  0.11380809E+003  0.30124750E+003  0.59141266E+003
  0.00000000E+000  0.00000000E+000  0.00000000E+000  0.00000000E+000  0.42174450E-001  0.36748270E+000  0.69430870E+001  0.46550177E+002  0.11380819E+003  0.30124758E+003  0.59141246E+003
  0.00000000E+000  0.00000000E+000  0.00000000E+000  0.00000000E+000  0.42174461E-001  0.36748311E+000  0.69430972E+001  0.46550225E+002  0.11380830E+003  0.30124767E+003  0.59141227E+003
  0.00000000E+000  0.00000000E+000  0.00000000E+000  0.00000000E+000  0.42174472E-001  0.36748350E+000  0.69431074E+001  0.46550272E+002  0.11380840E+003  0.30124777E+003  0.59141209E+003
  0.00000000E+000  0.00000000E+000  0.00000000E+000  0.00000000E+000  0.42174481E-001  0.36748385E+000  0.69431175E+001  0.46550319E+002  0.11380851E+003  0.30124787E+003  0.59141193E+003
  0.00000000E+000  0.00000000E+000  0.00000000E+000  0.00000000E+000  0.42174490E-001  0.36748418E+000  0.69431275E+001  0.46550366E+002  0.11380861E+003  0.30124799E+003  0.59141179E+003
  0.00000000E+000  0.00000000E+000  0.00000000E+000  0.00000000E+000  0.42174497E-001  0.36748449E+000  0.69431373E+001  0.46550412E+002  0.11380872E+003  0.30124812E+003  0.59141166E+003
  0.00000000E+000  0.00000000E+000  0.00000000E+000  0.00000000E+000  0.42174505E-001  0.36748477E+000  0.69431470E+001  0.46550457E+002  0.11380882E+003  0.30124825E+003  0.59141155E+003
  0.00000000E+000  0.00000000E+000  0.00000000E+000  0.00000000E+000  0.42174511E-001  0.36748503E+000  0.69431565E+001  0.46550502E+002  0.11380893E+003  0.30124840E+003  0.59141146E+003
  0.00000000E+000  0.00000000E+000  0.00000000E+000  0.00000000E+000  0.42174517E-001  0.36748527E+000  0.69431658E+001  0.46550546E+002  0.11380903E+003  0.30124855E+003  0.59141138E+003
  0.00000000E+000  0.00000000E+000  0.00000000E+000  0.00000000E+000  0.42174523E-001  0.36748549E+000  0.69431749E+001  0.46550590E+002  0.11380914E+003  0.30124871E+003  0.59141133E+003
  0.00000000E+000  0.00000000E+000  0.00000000E+000  0.00000000E+000  0.42174528E-001  0.36748569E+000  0.69431838E+001  0.46550633E+002  0.11380924E+003  0.30124888E+003  0.59141129E+003
  0.00000000E+000  0.00000000E+000  0.00000000E+000  0.00000000E+000  0.42174532E-001  0.36748588E+000  0.69431924E+001  0.46550676E+002  0.11380934E+003  0.30124905E+003  0.59141127E+003
  0.00000000E+000  0.00000000E+000  0.00000000E+000  0.00000000E+000  0.42174537E-001  0.36748605E+000  0.69432008E+001  0.46550718E+002  0.11380944E+003  0.30124924E+003  0.59141126E+003
  0.00000000E+000  0.00000000E+000  0.00000000E+000  0.00000000E+000  0.42174540E-001  0.36748621E+000  0.69432089E+001  0.46550760E+002  0.11380954E+003  0.30124943E+003  0.59141128E+003
  0.00000000E+000  0.00000000E+000  0.00000000E+000  0.00000000E+000  0.42174544E-001  0.36748636E+000  0.69432167E+001  0.46550802E+002  0.11380964E+003  0.30124962E+003  0.59141131E+003
  0.00000000E+000  0.00000000E+000  0.00000000E+000  0.00000000E+000  0.42174547E-001  0.36748649E+000  0.69432243E+001  0.46550843E+002  0.11380974E+003  0.30124982E+003  0.59141137E+003
  0.00000000E+000  0.00000000E+000  0.00000000E+000  0.00000000E+000  0.42174550E-001  0.36748661E+000  0.69432315E+001  0.46550883E+002  0.11380984E+003  0.30125003E+003  0.59141144E+003
  0.00000000E+000  0.00000000E+000  0.00000000E+000  0.00000000E+000  0.42174553E-001  0.36748672E+000  0.69432385E+001  0.46550924E+002  0.11380993E+003  0.30125024E+003  0.59141153E+003
  0.00000000E+000  0.00000000E+000  0.00000000E+000  0.00000000E+000  0.42174555E-001  0.36748683E+000  0.69432452E+001  0.46550963E+002  0.11381003E+003  0.30125046E+003  0.59141164E+003
  0.00000000E+000  0.00000000E+000  0.00000000E+000  0.00000000E+000  0.42174558E-001  0.36748692E+000  0.69432517E+001  0.46551003E+002  0.11381012E+003  0.30125068E+003  0.59141176E+003
  0.00000000E+000  0.00000000E+000  0.00000000E+000  0.00000000E+000  0.42174560E-001  0.36748701E+000  0.69432578E+001  0.46551042E+002  0.11381022E+003  0.30125091E+003  0.59141191E+003
  0.00000000E+000  0.00000000E+000  0.00000000E+000  0.00000000E+000  0.42174562E-001  0.36748709E+000  0.69432637E+001  0.46551080E+002  0.11381031E+003  0.30125114E+003  0.59141207E+003
  0.00000000E+000  0.00000000E+000  0.00000000E+000  0.00000000E+000  0.42174563E-001  0.36748716E+000  0.69432692E+001  0.46551118E+002  0.11381040E+003  0.30125137E+003  0.59141225E+003
  0.00000000E+000  0.00000000E+000  0.00000000E+000  0.00000000E+000  0.42174565E-001  0.36748722E+000  0.69432745E+001  0.46551155E+002  0.11381049E+003  0.30125161E+003  0.59141245E+003
  0.00000000E+000  0.00000000E+000  0.00000000E+000  0.00000000E+000  0.42174566E-001  0.36748728E+000  0.69432795E+001  0.46551192E+002  0.11381058E+003  0.30125185E+003  0.59141266E+003
  0.00000000E+000  0.00000000E+000  0.00000000E+000  0.00000000E+000  0.42174568E-001  0.36748734E+000  0.69432843E+001  0.46551228E+002  0.11381066E+003  0.30125209E+003  0.59141289E+003
  0.00000000E+000  0.00000000E+000  0.00000000E+000  0.00000000E+000  0.42174569E-001  0.36748739E+000  0.69432888E+001  0.46551264E+002  0.11381075E+003  0.30125233E+003  0.59141313E+003
  0.00000000E+000  0.00000000E+000  0.00000000E+000  0.00000000E+000  0.42174570E-001  0.36748744E+000  0.69432931E+001  0.46551299E+002  0.11381084E+003  0.30125257E+003  0.59141339E+003
  0.00000000E+000  0.00000000E+000  0.00000000E+000  0.00000000E+000  0.42174571E-001  0.36748748E+000  0.69432971E+001  0.46551333E+002  0.11381092E+003  0.30125281E+003  0.59141366E+003
  0.00000000E+000  0.00000000E+000  0.00000000E+000  0.00000000E+000  0.42174572E-001  0.36748752E+000  0.69433009E+001  0.46551367E+002  0.11381100E+003  0.30125306E+003  0.59141395E+003
  0.00000000E+000  0.00000000E+000  0.00000000E+000  0.00000000E+000  0.42174573E-001  0.36748755E+000  0.69433044E+001  0.46551400E+002  0.11381108E+003  0.30125330E+003  0.59141425E+003
  0.00000000E+000  0.00000000E+000  0.00000000E+000  0.00000000E+000  0.42174574E-001  0.36748758E+000  0.69433078E+001  0.46551433E+002  0.11381116E+003  0.30125355E+003  0.59141456E+003
  0.00000000E+000  0.00000000E+000  0.00000000E+000  0.00000000E+000  0.42174575E-001  0.36748761E+000  0.69433109E+001  0.46551464E+002  0.11381124E+003  0.30125379E+003  0.59141488E+003
  0.00000000E+000  0.00000000E+000  0.00000000E+000  0.00000000E+000  0.42174575E-001  0.36748764E+000  0.69433139E+001  0.46551495E+002  0.11381132E+003  0.30125404E+003  0.59141521E+003
  0.00000000E+000  0.00000000E+000  0.00000000E+000  0.00000000E+000  0.42174576E-001  0.36748766E+000  0.69433166E+001  0.46551526E+002  0.11381139E+003  0.30125428E+003  0.59141555E+003
  0.00000000E+000  0.00000000E+000  0.00000000E+000  0.00000000E+000  0.42174576E-001  0.36748768E+000  0.69433192E+001  0.46551555E+002  0.11381147E+003  0.30125452E+003  0.59141590E+003
  0.00000000E+000  0.00000000E+000  0.00000000E+000  0.00000000E+000  0.42174577E-001  0.36748770E+000  0.69433216E+001  0.46551584E+002  0.11381154E+003  0.30125476E+003  0.59141626E+003
  0.00000000E+000  0.00000000E+000  0.00000000E+000  0.00000000E+000  0.42174577E-001  0.36748772E+000  0.69433239E+001  0.46551611E+002  0.11381161E+003  0.30125500E+003  0.59141663E+003
  0.00000000E+000  0.00000000E+000  0.00000000E+000  0.00000000E+000  0.42174578E-001  0.36748774E+000  0.69433260E+001  0.46551639E+002  0.11381168E+003  0.30125524E+003  0.59141701E+003
  0.00000000E+000  0.00000000E+000  0.00000000E+000  0.00000000E+000  0.42174578E-001  0.36748775E+000  0.69433280E+001  0.46551665E+002  0.11381175E+003  0.30125548E+003  0.59141739E+003
  0.00000000E+000  0.00000000E+000  0.00000000E+000  0.00000000E+000  0.42174578E-001  0.36748777E+000  0.69433298E+001  0.46551690E+002  0.11381182E+003  0.30125571E+003  0.59141777E+003
  0.00000000E+000  0.00000000E+000  0.00000000E+000  0.00000000E+000  0.42174579E-001  0.36748778E+000  0.69433315E+001  0.46551715E+002  0.11381188E+003  0.30125594E+003  0.59141817E+003
  0.00000000E+000  0.00000000E+000  0.00000000E+000  0.00000000E+000  0.42174579E-001  0.36748779E+000  0.69433330E+001  0.46551738E+002  0.11381195E+003  0.30125617E+003  0.59141856E+003
  0.00000000E+000  0.00000000E+000  0.00000000E+000  0.00000000E+000  0.42174579E-001  0.36748780E+000  0.69433345E+001  0.46551761E+002  0.11381201E+003  0.30125639E+003  0.59141896E+003
  0.00000000E+000  0.00000000E+000  0.00000000E+000  0.00000000E+000  0.42174579E-001  0.36748781E+000  0.69433359E+001  0.46551783E+002  0.11381207E+003  0.30125662E+003  0.59141936E+003
  0.00000000E+000  0.00000000E+000  0.00000000E+000  0.00000000E+000  0.42174580E-001  0.36748782E+000  0.69433371E+001  0.46551805E+002  0.11381213E+003  0.30125684E+003  0.59141977E+003
  0.00000000E+000  0.00000000E+000  0.00000000E+000  0.00000000E+000  0.42174580E-001  0.36748783E+000  0.69433383E+001  0.46551825E+002  0.11381219E+003  0.30125706E+003  0.59142017E+003
  0.00000000E+000  0.00000000E+000  0.00000000E+000  0.00000000E+000  0.42174580E-001  0.36748783E+000  0.69433393E+001  0.46551845E+002  0.11381225E+003  0.30125727E+003  0.59142058E+003
  0.00000000E+000  0.00000000E+000  0.00000000E+000  0.00000000E+000  0.42174580E-001  0.36748784E+000  0.69433403E+001  0.46551863E+002  0.11381231E+003  0.30125748E+003  0.59142099E+003
  0.00000000E+000  0.00000000E+000  0.00000000E+000  0.00000000E+000  0.42174580E-001  0.36748785E+000  0.69433413E+001  0.46551882E+002  0.11381236E+003  0.30125769E+003  0.59142140E+003
  0.00000000E+000  0.00000000E+000  0.00000000E+000  0.00000000E+000  0.42174580E-001  0.36748785E+000  0.69433421E+001  0.46551899E+002  0.11381242E+003  0.30125790E+003  0.59142180E+003
  0.00000000E+000  0.00000000E+000  0.00000000E+000  0.00000000E+000  0.42174580E-001  0.36748786E+000  0.69433429E+001  0.46551915E+002  0.11381247E+003  0.30125810E+003  0.59142221E+003
  0.00000000E+000  0.00000000E+000  0.00000000E+000  0.00000000E+000  0.42174580E-001  0.36748786E+000  0.69433436E+001  0.46551931E+002  0.11381252E+003  0.30125829E+003  0.59142262E+003
  0.00000000E+000  0.00000000E+000  0.00000000E+000  0.00000000E+000  0.42174580E-001  0.36748786E+000  0.69433443E+001  0.46551946E+002  0.11381257E+003  0.30125849E+003  0.59142302E+003
  0.00000000E+000  0.00000000E+000  0.00000000E+000  0.00000000E+000  0.42174580E-001  0.36748787E+000  0.69433449E+001  0.46551960E+002  0.11381261E+003  0.30125868E+003  0.59142342E+003
  0.00000000E+000  0.00000000E+000  0.00000000E+000  0.00000000E+000  0.42174580E-001  0.36748787E+000  0.69433454E+001  0.46551974E+002  0.11381266E+003  0.30125887E+003  0.59142382E+003
  0.00000000E+000  0.00000000E+000  0.00000000E+000  0.00000000E+000  0.42174580E-001  0.36748787E+000  0.69433460E+001  0.46551987E+002  0.11381270E+003  0.30125905E+003  0.59142421E+003
  0.00000000E+000  0.00000000E+000  0.00000000E+000  0.00000000E+000  0.42174580E-001  0.36748788E+000  0.69433464E+001  0.46551999E+002  0.11381275E+003  0.30125923E+003  0.59142460E+003
  0.00000000E+000  0.00000000E+000  0.00000000E+000  0.00000000E+000  0.42174580E-001  0.36748788E+000  0.69433469E+001  0.46552011E+002  0.11381279E+003  0.30125941E+003  0.59142499E+003
  0.00000000E+000  0.00000000E+000  0.00000000E+000  0.00000000E+000  0.42174580E-001  0.36748788E+000  0.69433473E+001  0.46552022E+002  0.11381283E+003  0.30125958E+003  0.59142537E+003
  0.00000000E+000  0.00000000E+000  0.00000000E+000  0.00000000E+000  0.42174580E-001  0.36748788E+000  0.69433476E+001  0.46552033E+002  0.11381287E+003  0.30125975E+003  0.59142575E+003
  0.00000000E+000  0.00000000E+000  0.00000000E+000  0.00000000E+000  0.42174580E-001  0.36748788E+000  0.69433480E+001  0.46552043E+002  0.11381290E+003  0.30125991E+003  0.59142613E+003
  0.00000000E+000  0.00000000E+000  0.00000000E+000  0.00000000E+000  0.42174580E-001  0.36748788E+000  0.69433483E+001  0.46552052E+002  0.11381294E+003  0.30126007E+003  0.59142650E+003
  0.00000000E+000  0.00000000E+000  0.00000000E+000  0.00000000E+000  0.42174580E-001  0.36748789E+000  0.69433486E+001  0.46552061E+002  0.11381297E+003  0.30126023E+003  0.59142686E+003
  0.00000000E+000  0.00000000E+000  0.00000000E+000  0.00000000E+000  0.42174580E-001  0.36748789E+000  0.69433488E+001  0.46552069E+002  0.11381301E+003  0.30126038E+003  0.59142722E+003
  0.00000000E+000  0.00000000E+000  0.00000000E+000  0.00000000E+000  0.42174580E-001  0.36748789E+000  0.69433491E+001  0.46552077E+002  0.11381304E+003  0.30126053E+003  0.59142757E+003
