  0.30237416E+002
  0.30237559E+002
  0.30237695E+002
  0.30237817E+002
  0.30237925E+002
  0.30238020E+002
  0.30238102E+002
  0.30238174E+002
  0.30238236E+002
  0.30238290E+002
  0.30238338E+002
  0.30238379E+002
  0.30238415E+002
  0.30238446E+002
  0.30238474E+002
  0.30238498E+002
  0.30238519E+002
  0.30238538E+002
  0.30238554E+002
  0.30238569E+002
  0.30238582E+002
  0.30238594E+002
  0.30238604E+002
  0.30238613E+002
  0.30238622E+002
  0.30238629E+002
  0.30238636E+002
  0.30238642E+002
  0.30238647E+002
  0.30238652E+002
  0.30238657E+002
  0.30238661E+002
  0.30238665E+002
  0.30238669E+002
  0.30238672E+002
  0.30238675E+002
  0.30238678E+002
  0.30238681E+002
  0.30238683E+002
  0.30238685E+002
  0.30238687E+002
  0.30238689E+002
  0.30238691E+002
  0.30238693E+002
  0.30238695E+002
  0.30238696E+002
  0.30238697E+002
  0.30238699E+002
  0.30238700E+002
  0.30238701E+002
  0.30238702E+002
  0.30238703E+002
  0.30238703E+002
  0.30238704E+002
  0.30238705E+002
  0.30238705E+002
  0.30238706E+002
  0.30238706E+002
  0.30238706E+002
  0.30238706E+002
  0.30238706E+002
  0.30238706E+002
  0.30238706E+002
  0.30238706E+002
  0.30238706E+002
  0.30238705E+002
  0.30238705E+002
  0.30238705E+002
  0.30238704E+002
  0.30238704E+002
  0.30238703E+002
  0.30238702E+002
  0.30238701E+002
  0.30238700E+002
  0.30238700E+002
  0.30238698E+002
  0.30238697E+002
  0.30238696E+002
  0.30238695E+002
  0.30238694E+002
  0.30238692E+002
  0.30238691E+002
  0.30238689E+002
  0.30238687E+002
  0.30238686E+002
  0.30238684E+002
  0.30238682E+002
  0.30238680E+002
  0.30238678E+002
  0.30238676E+002
  0.30238674E+002
  0.30238671E+002
  0.30238669E+002
  0.30238666E+002
  0.30238664E+002
  0.30238661E+002
  0.30238659E+002
  0.30238656E+002
  0.30238653E+002
  0.30238650E+002
  0.30238647E+002
  0.30238644E+002
  0.30238641E+002
  0.30238638E+002
  0.30238634E+002
  0.30238631E+002
  0.30238627E+002
  0.30238623E+002
  0.30238620E+002
  0.30238616E+002
  0.30238611E+002
  0.30238607E+002
  0.30238603E+002
  0.30238598E+002
  0.30238593E+002
  0.30238589E+002
  0.30238583E+002
  0.30238578E+002
  0.30238573E+002
  0.30238567E+002
  0.30238561E+002
  0.30238555E+002
  0.30238549E+002
  0.30238543E+002
  0.30238536E+002
  0.30238529E+002
  0.30238522E+002
  0.30238515E+002
  0.30238507E+002
  0.30238499E+002
  0.30238491E+002
  0.30238483E+002
  0.30238475E+002
  0.30238466E+002
  0.30238457E+002
  0.30238448E+002
  0.30238438E+002
  0.30238429E+002
  0.30238419E+002
  0.30238409E+002
  0.30238399E+002
  0.30238388E+002
  0.30238377E+002
  0.30238367E+002
  0.30238355E+002
  0.30238344E+002
  0.30238333E+002
  0.30238321E+002
  0.30238309E+002
  0.30238297E+002
  0.30238285E+002
  0.30238273E+002
  0.30238260E+002
  0.30238248E+002
  0.30238235E+002
  0.30238222E+002
  0.30238210E+002
  0.30238197E+002
  0.30238184E+002
  0.30238170E+002
  0.30238157E+002
  0.30238144E+002
  0.30238131E+002
  0.30238117E+002
  0.30238104E+002
  0.30238091E+002
  0.30238077E+002
  0.30238064E+002
  0.30238051E+002
  0.30238037E+002
  0.30238024E+002
  0.30238011E+002
  0.30237998E+002
  0.30237985E+002
  0.30237972E+002
  0.30237959E+002
  0.30237946E+002
  0.30237933E+002
  0.30237920E+002
  0.30237908E+002
  0.30237895E+002
  0.30237883E+002
  0.30237871E+002
  0.30237859E+002
  0.30237847E+002
  0.30237835E+002
  0.30237824E+002
  0.30237812E+002
  0.30237801E+002
  0.30237790E+002
  0.30237779E+002
  0.30237769E+002
  0.30237758E+002
  0.30237748E+002
  0.30237737E+002
  0.30237727E+002
  0.30237718E+002
  0.30237708E+002
  0.30237699E+002
  0.30237689E+002
