  0.14911215E+001  0.10266920E+001  0.71016681E+001  0.11133020E+003
  0.14955719E+001  0.10225706E+001  0.71015165E+001  0.11133059E+003
  0.14960402E+001  0.10292980E+001  0.70944644E+001  0.11133099E+003
  0.14974045E+001  0.10287110E+001  0.70938022E+001  0.11133136E+003
  0.14974627E+001  0.10287731E+001  0.70937738E+001  0.11133171E+003
  0.14977359E+001  0.10286514E+001  0.70936954E+001  0.11133201E+003
  0.14991308E+001  0.10272905E+001  0.70937194E+001  0.11133228E+003
  0.14991511E+001  0.10314682E+001  0.70895671E+001  0.11133252E+003
  0.14996987E+001  0.10309485E+001  0.70895747E+001  0.11133274E+003
  0.14997111E+001  0.10309597E+001  0.70895784E+001  0.11133293E+003
  0.15008826E+001  0.10298106E+001  0.70895765E+001  0.11133309E+003
  0.15008896E+001  0.10300366E+001  0.70893585E+001  0.11133324E+003
  0.15008952E+001  0.10300457E+001  0.70893540E+001  0.11133338E+003
  0.15010318E+001  0.10299209E+001  0.70893487E+001  0.11133350E+003
  0.15010565E+001  0.10299063E+001  0.70893421E+001  0.11133360E+003
  0.15010568E+001  0.10299140E+001  0.70893348E+001  0.11133370E+003
  0.15010562E+001  0.10299209E+001  0.70893272E+001  0.11133379E+003
  0.15010548E+001  0.10299272E+001  0.70893194E+001  0.11133386E+003
  0.15010527E+001  0.10299420E+001  0.70893021E+001  0.11133393E+003
  0.15010500E+001  0.10299474E+001  0.70892938E+001  0.11133400E+003
  0.15010470E+001  0.10299518E+001  0.70892859E+001  0.11133406E+003
  0.15010435E+001  0.10299558E+001  0.70892780E+001  0.11133411E+003
  0.15010398E+001  0.10299592E+001  0.70892704E+001  0.11133416E+003
  0.15010358E+001  0.10299622E+001  0.70892629E+001  0.11133421E+003
  0.15010317E+001  0.10299645E+001  0.70892559E+001  0.11133425E+003
  0.15010274E+001  0.10299709E+001  0.70892448E+001  0.11133429E+003
  0.15010230E+001  0.10299786E+001  0.70892322E+001  0.11133432E+003
  0.15010185E+001  0.10299863E+001  0.70892195E+001  0.11133436E+003
  0.15010140E+001  0.10299934E+001  0.70892074E+001  0.11133439E+003
  0.15010095E+001  0.10299995E+001  0.70891961E+001  0.11133442E+003
  0.15010049E+001  0.10300047E+001  0.70891859E+001  0.11133445E+003
  0.15010003E+001  0.10300088E+001  0.70891766E+001  0.11133447E+003
  0.15009958E+001  0.10300120E+001  0.70891684E+001  0.11133450E+003
  0.15009913E+001  0.10300143E+001  0.70891610E+001  0.11133452E+003
  0.15009868E+001  0.10300158E+001  0.70891544E+001  0.11133454E+003
  0.15009823E+001  0.10300167E+001  0.70891485E+001  0.11133457E+003
  0.15009779E+001  0.10300169E+001  0.70891433E+001  0.11133459E+003
  0.15009735E+001  0.10300166E+001  0.70891385E+001  0.11133461E+003
  0.15009691E+001  0.10300159E+001  0.70891342E+001  0.11133463E+003
  0.15009648E+001  0.10300149E+001  0.70891303E+001  0.11133464E+003
  0.15009605E+001  0.10300135E+001  0.70891267E+001  0.11133466E+003
  0.15009563E+001  0.10300119E+001  0.70891233E+001  0.11133468E+003
  0.15009521E+001  0.10300102E+001  0.70891202E+001  0.11133470E+003
  0.15009479E+001  0.10300082E+001  0.70891172E+001  0.11133471E+003
  0.15009437E+001  0.10300062E+001  0.70891144E+001  0.11133473E+003
  0.15009396E+001  0.10300042E+001  0.70891118E+001  0.11133474E+003
  0.15009354E+001  0.10300021E+001  0.70891092E+001  0.11133476E+003
  0.15009313E+001  0.10300000E+001  0.70891066E+001  0.11133477E+003
  0.15009271E+001  0.10299979E+001  0.70891040E+001  0.11133478E+003
  0.15009230E+001  0.10299958E+001  0.70891014E+001  0.11133480E+003
  0.15009189E+001  0.10299939E+001  0.70890988E+001  0.11133481E+003
  0.15009147E+001  0.10299920E+001  0.70890962E+001  0.11133482E+003
  0.15009106E+001  0.10299901E+001  0.70890935E+001  0.11133483E+003
  0.15009064E+001  0.10299884E+001  0.70890909E+001  0.11133484E+003
  0.15009023E+001  0.10299867E+001  0.70890881E+001  0.11133486E+003
  0.15008981E+001  0.10299851E+001  0.70890854E+001  0.11133487E+003
  0.15008939E+001  0.10299836E+001  0.70890826E+001  0.11133488E+003
  0.15008897E+001  0.10299821E+001  0.70890798E+001  0.11133489E+003
  0.15008855E+001  0.10299808E+001  0.70890770E+001  0.11133489E+003
  0.15008813E+001  0.10299795E+001  0.70890743E+001  0.11133490E+003
  0.15008771E+001  0.10299782E+001  0.70890715E+001  0.11133491E+003
  0.15008729E+001  0.10299770E+001  0.70890688E+001  0.11133492E+003
  0.15008687E+001  0.10299758E+001  0.70890661E+001  0.11133493E+003
  0.15008645E+001  0.10299746E+001  0.70890634E+001  0.11133494E+003
  0.15008604E+001  0.10299735E+001  0.70890609E+001  0.11133494E+003
  0.15008563E+001  0.10299724E+001  0.70890584E+001  0.11133495E+003
  0.15008522E+001  0.10299713E+001  0.70890560E+001  0.11133495E+003
  0.15008481E+001  0.10299702E+001  0.70890537E+001  0.11133496E+003
  0.15008441E+001  0.10299691E+001  0.70890515E+001  0.11133497E+003
  0.15008401E+001  0.10299680E+001  0.70890494E+001  0.11133497E+003
  0.15008362E+001  0.10299668E+001  0.70890474E+001  0.11133497E+003
  0.15008323E+001  0.10299657E+001  0.70890456E+001  0.11133498E+003
  0.15008285E+001  0.10299645E+001  0.70890439E+001  0.11133498E+003
  0.15008248E+001  0.10299633E+001  0.70890424E+001  0.11133499E+003
  0.15008211E+001  0.10299621E+001  0.70890410E+001  0.11133499E+003
  0.15008175E+001  0.10299609E+001  0.70890397E+001  0.11133499E+003
  0.15008140E+001  0.10299597E+001  0.70890386E+001  0.11133499E+003
  0.15008106E+001  0.10299584E+001  0.70890375E+001  0.11133499E+003
  0.15008072E+001  0.10299572E+001  0.70890367E+001  0.11133499E+003
  0.15008040E+001  0.10299559E+001  0.70890359E+001  0.11133499E+003
  0.15008008E+001  0.10299545E+001  0.70890352E+001  0.11133499E+003
  0.15007978E+001  0.10299532E+001  0.70890347E+001  0.11133499E+003
  0.15007948E+001  0.10299519E+001  0.70890342E+001  0.11133499E+003
  0.15007920E+001  0.10299505E+001  0.70890338E+001  0.11133499E+003
  0.15007892E+001  0.10299491E+001  0.70890335E+001  0.11133498E+003
  0.15007866E+001  0.10299477E+001  0.70890332E+001  0.11133498E+003
  0.15007840E+001  0.10299463E+001  0.70890330E+001  0.11133498E+003
  0.15007816E+001  0.10299449E+001  0.70890329E+001  0.11133497E+003
  0.15007792E+001  0.10299435E+001  0.70890328E+001  0.11133497E+003
  0.15007770E+001  0.10299421E+001  0.70890327E+001  0.11133496E+003
  0.15007749E+001  0.10299406E+001  0.70890326E+001  0.11133496E+003
  0.15007729E+001  0.10299392E+001  0.70890325E+001  0.11133495E+003
  0.15007709E+001  0.10299377E+001  0.70890325E+001  0.11133495E+003
  0.15007691E+001  0.10299363E+001  0.70890325E+001  0.11133494E+003
  0.15007674E+001  0.10299348E+001  0.70890324E+001  0.11133494E+003
  0.15007657E+001  0.10299334E+001  0.70890323E+001  0.11133493E+003
  0.15007642E+001  0.10299319E+001  0.70890323E+001  0.11133492E+003
  0.15007627E+001  0.10299305E+001  0.70890321E+001  0.11133491E+003
  0.15007613E+001  0.10299290E+001  0.70890320E+001  0.11133490E+003
  0.15007600E+001  0.10299276E+001  0.70890318E+001  0.11133490E+003
  0.15007588E+001  0.10299261E+001  0.70890316E+001  0.11133489E+003
  0.15007577E+001  0.10299247E+001  0.70890314E+001  0.11133488E+003
  0.15007566E+001  0.10299233E+001  0.70890311E+001  0.11133487E+003
  0.15007555E+001  0.10299218E+001  0.70890307E+001  0.11133486E+003
  0.15007546E+001  0.10299204E+001  0.70890303E+001  0.11133485E+003
  0.15007536E+001  0.10299190E+001  0.70890298E+001  0.11133483E+003
  0.15007528E+001  0.10299176E+001  0.70890292E+001  0.11133482E+003
  0.15007519E+001  0.10299163E+001  0.70890286E+001  0.11133481E+003
  0.15007511E+001  0.10299149E+001  0.70890278E+001  0.11133480E+003
  0.15007504E+001  0.10299135E+001  0.70890270E+001  0.11133479E+003
  0.15007496E+001  0.10299122E+001  0.70890260E+001  0.11133477E+003
  0.15007489E+001  0.10299109E+001  0.70890249E+001  0.11133476E+003
  0.15007483E+001  0.10299096E+001  0.70890237E+001  0.11133474E+003
  0.15007476E+001  0.10299083E+001  0.70890223E+001  0.11133473E+003
  0.15007469E+001  0.10299070E+001  0.70890208E+001  0.11133471E+003
  0.15007463E+001  0.10299058E+001  0.70890191E+001  0.11133470E+003
  0.15007456E+001  0.10299045E+001  0.70890173E+001  0.11133468E+003
  0.15007449E+001  0.10299033E+001  0.70890153E+001  0.11133466E+003
  0.15007443E+001  0.10299022E+001  0.70890131E+001  0.11133465E+003
  0.15007436E+001  0.10299010E+001  0.70890108E+001  0.11133463E+003
  0.15007429E+001  0.10298999E+001  0.70890083E+001  0.11133461E+003
  0.15007422E+001  0.10298988E+001  0.70890056E+001  0.11133459E+003
  0.15007415E+001  0.10298978E+001  0.70890027E+001  0.11133457E+003
  0.15007408E+001  0.10298967E+001  0.70889996E+001  0.11133455E+003
  0.15007401E+001  0.10298958E+001  0.70889964E+001  0.11133453E+003
  0.15007393E+001  0.10298948E+001  0.70889930E+001  0.11133450E+003
  0.15007386E+001  0.10298939E+001  0.70889894E+001  0.11133448E+003
  0.15007378E+001  0.10298930E+001  0.70889857E+001  0.11133446E+003
  0.15007370E+001  0.10298921E+001  0.70889818E+001  0.11133443E+003
  0.15007362E+001  0.10298913E+001  0.70889778E+001  0.11133441E+003
  0.15007354E+001  0.10298905E+001  0.70889737E+001  0.11133438E+003
  0.15007345E+001  0.10298898E+001  0.70889695E+001  0.11133435E+003
  0.15007337E+001  0.10298891E+001  0.70889652E+001  0.11133432E+003
  0.15007328E+001  0.10298884E+001  0.70889608E+001  0.11133430E+003
  0.15007320E+001  0.10298877E+001  0.70889564E+001  0.11133427E+003
  0.15007311E+001  0.10298871E+001  0.70889519E+001  0.11133423E+003
  0.15007303E+001  0.10298865E+001  0.70889474E+001  0.11133420E+003
  0.15007294E+001  0.10298860E+001  0.70889429E+001  0.11133417E+003
  0.15007286E+001  0.10298854E+001  0.70889384E+001  0.11133414E+003
  0.15007277E+001  0.10298849E+001  0.70889340E+001  0.11133410E+003
  0.15007269E+001  0.10298844E+001  0.70889296E+001  0.11133407E+003
  0.15007261E+001  0.10298840E+001  0.70889253E+001  0.11133403E+003
  0.15007253E+001  0.10298835E+001  0.70889211E+001  0.11133399E+003
  0.15007246E+001  0.10298831E+001  0.70889169E+001  0.11133396E+003
  0.15007238E+001  0.10298827E+001  0.70889129E+001  0.11133392E+003
  0.15007231E+001  0.10298823E+001  0.70889090E+001  0.11133388E+003
  0.15007225E+001  0.10298820E+001  0.70889052E+001  0.11133384E+003
  0.15007218E+001  0.10298816E+001  0.70889016E+001  0.11133379E+003
  0.15007212E+001  0.10298813E+001  0.70888981E+001  0.11133375E+003
  0.15007206E+001  0.10298810E+001  0.70888948E+001  0.11133371E+003
  0.15007201E+001  0.10298807E+001  0.70888917E+001  0.11133366E+003
  0.15007196E+001  0.10298804E+001  0.70888887E+001  0.11133362E+003
  0.15007191E+001  0.10298801E+001  0.70888859E+001  0.11133357E+003
  0.15007187E+001  0.10298799E+001  0.70888833E+001  0.11133352E+003
  0.15007183E+001  0.10298796E+001  0.70888809E+001  0.11133348E+003
  0.15007179E+001  0.10298794E+001  0.70888786E+001  0.11133343E+003
  0.15007176E+001  0.10298792E+001  0.70888765E+001  0.11133338E+003
  0.15007173E+001  0.10298790E+001  0.70888746E+001  0.11133333E+003
  0.15007171E+001  0.10298788E+001  0.70888729E+001  0.11133328E+003
  0.15007169E+001  0.10298786E+001  0.70888713E+001  0.11133323E+003
  0.15007167E+001  0.10298785E+001  0.70888699E+001  0.11133318E+003
  0.15007165E+001  0.10298783E+001  0.70888686E+001  0.11133313E+003
  0.15007164E+001  0.10298782E+001  0.70888675E+001  0.11133307E+003
  0.15007163E+001  0.10298780E+001  0.70888666E+001  0.11133302E+003
  0.15007162E+001  0.10298779E+001  0.70888657E+001  0.11133297E+003
  0.15007162E+001  0.10298778E+001  0.70888651E+001  0.11133292E+003
  0.15007162E+001  0.10298777E+001  0.70888645E+001  0.11133286E+003
  0.15007162E+001  0.10298777E+001  0.70888640E+001  0.11133281E+003
  0.15007162E+001  0.10298776E+001  0.70888637E+001  0.11133276E+003
  0.15007162E+001  0.10298775E+001  0.70888634E+001  0.11133271E+003
  0.15007163E+001  0.10298775E+001  0.70888633E+001  0.11133265E+003
  0.15007163E+001  0.10298774E+001  0.70888632E+001  0.11133260E+003
  0.15007164E+001  0.10298774E+001  0.70888632E+001  0.11133255E+003
  0.15007165E+001  0.10298774E+001  0.70888633E+001  0.11133249E+003
  0.15007166E+001  0.10298774E+001  0.70888635E+001  0.11133244E+003
  0.15007167E+001  0.10298774E+001  0.70888637E+001  0.11133239E+003
  0.15007168E+001  0.10298774E+001  0.70888639E+001  0.11133234E+003
  0.15007170E+001  0.10298774E+001  0.70888642E+001  0.11133229E+003
  0.15007171E+001  0.10298774E+001  0.70888646E+001  0.11133224E+003
  0.15007172E+001  0.10298774E+001  0.70888650E+001  0.11133219E+003
  0.15007173E+001  0.10298774E+001  0.70888654E+001  0.11133214E+003
  0.15007175E+001  0.10298774E+001  0.70888658E+001  0.11133209E+003
  0.15007176E+001  0.10298775E+001  0.70888663E+001  0.11133204E+003
  0.15007177E+001  0.10298775E+001  0.70888668E+001  0.11133199E+003
  0.15007179E+001  0.10298775E+001  0.70888673E+001  0.11133194E+003
  0.15007180E+001  0.10298776E+001  0.70888678E+001  0.11133189E+003
  0.15007181E+001  0.10298776E+001  0.70888683E+001  0.11133184E+003
  0.15007183E+001  0.10298777E+001  0.70888688E+001  0.11133180E+003
  0.15007184E+001  0.10298777E+001  0.70888693E+001  0.11133175E+003
  0.15007185E+001  0.10298778E+001  0.70888698E+001  0.11133171E+003
  0.15007186E+001  0.10298778E+001  0.70888703E+001  0.11133166E+003
  0.15007187E+001  0.10298779E+001  0.70888708E+001  0.11133162E+003
  0.15007189E+001  0.10298779E+001  0.70888713E+001  0.11133158E+003
  0.15007190E+001  0.10298780E+001  0.70888718E+001  0.11133154E+003
  0.15007191E+001  0.10298780E+001  0.70888723E+001  0.11133149E+003
  0.15007192E+001  0.10298781E+001  0.70888727E+001  0.11133145E+003
  0.15007193E+001  0.10298781E+001  0.70888732E+001  0.11133141E+003
  0.15007193E+001  0.10298781E+001  0.70888736E+001  0.11133138E+003
  0.15007194E+001  0.10298782E+001  0.70888740E+001  0.11133134E+003
  0.15007195E+001  0.10298782E+001  0.70888744E+001  0.11133130E+003
