  0.36544153E-001  0.37207889E+000  0.31419242E+001  0.11739913E+003
  0.36514497E-001  0.37198605E+000  0.31420259E+001  0.11739973E+003
  0.36490773E-001  0.37191006E+000  0.31421126E+001  0.11740028E+003
  0.36471975E-001  0.37184844E+000  0.31421862E+001  0.11740078E+003
  0.36457261E-001  0.37179968E+000  0.31422479E+001  0.11740121E+003
  0.36445923E-001  0.37176231E+000  0.31422985E+001  0.11740159E+003
  0.36437369E-001  0.37173446E+000  0.31423397E+001  0.11740191E+003
  0.36435144E-001  0.37171053E+000  0.31423728E+001  0.11740219E+003
  0.36433452E-001  0.37169732E+000  0.31423963E+001  0.11740243E+003
  0.36432054E-001  0.37171825E+000  0.31423864E+001  0.11740264E+003
  0.36431008E-001  0.37173346E+000  0.31423828E+001  0.11740282E+003
  0.36430278E-001  0.37174383E+000  0.31423842E+001  0.11740297E+003
  0.36429830E-001  0.37175009E+000  0.31423897E+001  0.11740310E+003
  0.36429631E-001  0.37175287E+000  0.31423986E+001  0.11740322E+003
  0.36429651E-001  0.37175268E+000  0.31424103E+001  0.11740332E+003
  0.36429860E-001  0.37174998E+000  0.31424242E+001  0.11740340E+003
  0.36431478E-001  0.37174388E+000  0.31424399E+001  0.11740348E+003
  0.36434605E-001  0.37173460E+000  0.31424570E+001  0.11740354E+003
  0.36437959E-001  0.37172489E+000  0.31424741E+001  0.11740360E+003
  0.36441481E-001  0.37173351E+000  0.31424724E+001  0.11740364E+003
  0.36445123E-001  0.37174258E+000  0.31424698E+001  0.11740369E+003
  0.36448847E-001  0.37175201E+000  0.31424665E+001  0.11740372E+003
  0.36452618E-001  0.37176172E+000  0.31424625E+001  0.11740375E+003
  0.36456410E-001  0.37177165E+000  0.31424579E+001  0.11740378E+003
  0.36460200E-001  0.37178175E+000  0.31424529E+001  0.11740381E+003
  0.36463971E-001  0.37179196E+000  0.31424475E+001  0.11740383E+003
  0.36467710E-001  0.37180225E+000  0.31424416E+001  0.11740385E+003
  0.36471405E-001  0.37181257E+000  0.31424355E+001  0.11740386E+003
  0.36475047E-001  0.37182291E+000  0.31424291E+001  0.11740388E+003
  0.36478628E-001  0.37183322E+000  0.31424225E+001  0.11740389E+003
  0.36482140E-001  0.37184349E+000  0.31424156E+001  0.11740390E+003
  0.36485579E-001  0.37185370E+000  0.31424086E+001  0.11740391E+003
  0.36488939E-001  0.37186383E+000  0.31424014E+001  0.11740392E+003
  0.36492216E-001  0.37187385E+000  0.31423941E+001  0.11740393E+003
  0.36495408E-001  0.37188376E+000  0.31423866E+001  0.11740394E+003
  0.36498511E-001  0.37189355E+000  0.31423791E+001  0.11740394E+003
  0.36501522E-001  0.37190319E+000  0.31423714E+001  0.11740395E+003
  0.36504441E-001  0.37191268E+000  0.31423637E+001  0.11740396E+003
  0.36507264E-001  0.37192201E+000  0.31423559E+001  0.11740396E+003
  0.36509992E-001  0.37193118E+000  0.31423480E+001  0.11740397E+003
  0.36512621E-001  0.37194016E+000  0.31423402E+001  0.11740397E+003
  0.36515151E-001  0.37194896E+000  0.31423323E+001  0.11740398E+003
  0.36517581E-001  0.37195757E+000  0.31423244E+001  0.11740398E+003
  0.36519909E-001  0.37196597E+000  0.31423165E+001  0.11740398E+003
  0.36522134E-001  0.37197418E+000  0.31423087E+001  0.11740399E+003
  0.36524256E-001  0.37198217E+000  0.31423010E+001  0.11740399E+003
  0.36526272E-001  0.37198995E+000  0.31422933E+001  0.11740399E+003
  0.36528183E-001  0.37199750E+000  0.31422858E+001  0.11740400E+003
  0.36529987E-001  0.37200483E+000  0.31422784E+001  0.11740400E+003
  0.36531683E-001  0.37201192E+000  0.31422711E+001  0.11740400E+003
  0.36533271E-001  0.37201878E+000  0.31422640E+001  0.11740401E+003
  0.36534752E-001  0.37202540E+000  0.31422571E+001  0.11740401E+003
  0.36536124E-001  0.37203177E+000  0.31422504E+001  0.11740401E+003
  0.36537390E-001  0.37203790E+000  0.31422439E+001  0.11740401E+003
  0.36538550E-001  0.37204377E+000  0.31422377E+001  0.11740401E+003
  0.36539607E-001  0.37204938E+000  0.31422317E+001  0.11740401E+003
  0.36540563E-001  0.37205474E+000  0.31422259E+001  0.11740402E+003
  0.36541420E-001  0.37205983E+000  0.31422204E+001  0.11740402E+003
  0.36542184E-001  0.37206466E+000  0.31422152E+001  0.11740402E+003
  0.36542858E-001  0.37206923E+000  0.31422102E+001  0.11740402E+003
  0.36543448E-001  0.37207353E+000  0.31422056E+001  0.11740402E+003
  0.36543958E-001  0.37207756E+000  0.31422012E+001  0.11740402E+003
  0.36544395E-001  0.37208132E+000  0.31421971E+001  0.11740402E+003
  0.36544764E-001  0.37208482E+000  0.31421932E+001  0.11740402E+003
  0.36545072E-001  0.37208805E+000  0.31421897E+001  0.11740401E+003
  0.36545325E-001  0.37209102E+000  0.31421864E+001  0.11740401E+003
  0.36545529E-001  0.37209373E+000  0.31421833E+001  0.11740401E+003
  0.36545690E-001  0.37209620E+000  0.31421806E+001  0.11740401E+003
  0.36545814E-001  0.37209841E+000  0.31421781E+001  0.11740401E+003
  0.36545907E-001  0.37210038E+000  0.31421758E+001  0.11740401E+003
  0.36545972E-001  0.37210213E+000  0.31421737E+001  0.11740400E+003
  0.36546015E-001  0.37210365E+000  0.31421718E+001  0.11740400E+003
  0.36546040E-001  0.37210495E+000  0.31421702E+001  0.11740400E+003
  0.36546049E-001  0.37210605E+000  0.31421687E+001  0.11740400E+003
  0.36546047E-001  0.37210696E+000  0.31421674E+001  0.11740399E+003
  0.36546036E-001  0.37210768E+000  0.31421662E+001  0.11740399E+003
  0.36546016E-001  0.37210823E+000  0.31421651E+001  0.11740398E+003
  0.36545991E-001  0.37210862E+000  0.31421642E+001  0.11740398E+003
  0.36545961E-001  0.37210885E+000  0.31421633E+001  0.11740398E+003
  0.36545926E-001  0.37210894E+000  0.31421625E+001  0.11740397E+003
  0.36545888E-001  0.37210889E+000  0.31421618E+001  0.11740397E+003
  0.36545847E-001  0.37210871E+000  0.31421612E+001  0.11740396E+003
  0.36545803E-001  0.37210842E+000  0.31421606E+001  0.11740396E+003
  0.36545756E-001  0.37210802E+000  0.31421600E+001  0.11740395E+003
  0.36545706E-001  0.37210752E+000  0.31421594E+001  0.11740394E+003
  0.36545652E-001  0.37210692E+000  0.31421589E+001  0.11740394E+003
  0.36545596E-001  0.37210623E+000  0.31421584E+001  0.11740393E+003
  0.36545536E-001  0.37210545E+000  0.31421578E+001  0.11740393E+003
  0.36545473E-001  0.37210460E+000  0.31421573E+001  0.11740392E+003
  0.36545408E-001  0.37210367E+000  0.31421568E+001  0.11740391E+003
  0.36545340E-001  0.37210268E+000  0.31421562E+001  0.11740390E+003
  0.36545269E-001  0.37210163E+000  0.31421556E+001  0.11740390E+003
  0.36545197E-001  0.37210053E+000  0.31421550E+001  0.11740389E+003
  0.36545122E-001  0.37209937E+000  0.31421544E+001  0.11740388E+003
  0.36545047E-001  0.37209818E+000  0.31421537E+001  0.11740387E+003
  0.36544971E-001  0.37209695E+000  0.31421529E+001  0.11740387E+003
  0.36544894E-001  0.37209569E+000  0.31421521E+001  0.11740386E+003
  0.36544818E-001  0.37209441E+000  0.31421511E+001  0.11740385E+003
  0.36544743E-001  0.37209312E+000  0.31421501E+001  0.11740384E+003
  0.36544668E-001  0.37209182E+000  0.31421490E+001  0.11740383E+003
  0.36544596E-001  0.37209053E+000  0.31421477E+001  0.11740382E+003
  0.36544525E-001  0.37208924E+000  0.31421463E+001  0.11740381E+003
  0.36544458E-001  0.37208798E+000  0.31421448E+001  0.11740380E+003
  0.36544392E-001  0.37208673E+000  0.31421430E+001  0.11740379E+003
  0.36544330E-001  0.37208552E+000  0.31421411E+001  0.11740378E+003
  0.36544272E-001  0.37208435E+000  0.31421390E+001  0.11740377E+003
  0.36544217E-001  0.37208323E+000  0.31421367E+001  0.11740376E+003
  0.36544165E-001  0.37208215E+000  0.31421342E+001  0.11740375E+003
  0.36544118E-001  0.37208113E+000  0.31421314E+001  0.11740374E+003
  0.36544074E-001  0.37208016E+000  0.31421284E+001  0.11740372E+003
  0.36544034E-001  0.37207926E+000  0.31421252E+001  0.11740371E+003
  0.36543999E-001  0.37207842E+000  0.31421218E+001  0.11740370E+003
  0.36543967E-001  0.37207765E+000  0.31421181E+001  0.11740369E+003
  0.36543938E-001  0.37207695E+000  0.31421142E+001  0.11740367E+003
  0.36543914E-001  0.37207631E+000  0.31421100E+001  0.11740366E+003
  0.36543892E-001  0.37207574E+000  0.31421057E+001  0.11740364E+003
  0.36543875E-001  0.37207524E+000  0.31421011E+001  0.11740363E+003
  0.36543860E-001  0.37207481E+000  0.31420963E+001  0.11740361E+003
  0.36543848E-001  0.37207443E+000  0.31420914E+001  0.11740360E+003
  0.36543839E-001  0.37207412E+000  0.31420863E+001  0.11740358E+003
  0.36543833E-001  0.37207386E+000  0.31420810E+001  0.11740356E+003
  0.36543829E-001  0.37207366E+000  0.31420756E+001  0.11740354E+003
  0.36543827E-001  0.37207351E+000  0.31420701E+001  0.11740352E+003
  0.36543828E-001  0.37207341E+000  0.31420645E+001  0.11740350E+003
  0.36543829E-001  0.37207335E+000  0.31420589E+001  0.11740348E+003
  0.36543833E-001  0.37207332E+000  0.31420532E+001  0.11740346E+003
  0.36543838E-001  0.37207334E+000  0.31420475E+001  0.11740344E+003
  0.36543844E-001  0.37207338E+000  0.31420418E+001  0.11740341E+003
  0.36543851E-001  0.37207346E+000  0.31420362E+001  0.11740339E+003
  0.36543859E-001  0.37207356E+000  0.31420306E+001  0.11740336E+003
  0.36543868E-001  0.37207368E+000  0.31420250E+001  0.11740334E+003
  0.36543877E-001  0.37207381E+000  0.31420196E+001  0.11740331E+003
  0.36543887E-001  0.37207397E+000  0.31420142E+001  0.11740328E+003
  0.36543897E-001  0.37207413E+000  0.31420090E+001  0.11740325E+003
  0.36543908E-001  0.37207430E+000  0.31420039E+001  0.11740322E+003
  0.36543918E-001  0.37207449E+000  0.31419989E+001  0.11740319E+003
  0.36543929E-001  0.37207467E+000  0.31419942E+001  0.11740316E+003
  0.36543940E-001  0.37207486E+000  0.31419895E+001  0.11740312E+003
  0.36543950E-001  0.37207505E+000  0.31419851E+001  0.11740309E+003
  0.36543961E-001  0.37207524E+000  0.31419809E+001  0.11740305E+003
  0.36543971E-001  0.37207543E+000  0.31419768E+001  0.11740301E+003
  0.36543981E-001  0.37207561E+000  0.31419729E+001  0.11740297E+003
  0.36543990E-001  0.37207580E+000  0.31419692E+001  0.11740294E+003
  0.36544000E-001  0.37207597E+000  0.31419658E+001  0.11740290E+003
  0.36544009E-001  0.37207615E+000  0.31419625E+001  0.11740285E+003
  0.36544017E-001  0.37207631E+000  0.31419594E+001  0.11740281E+003
  0.36544026E-001  0.37207647E+000  0.31419565E+001  0.11740277E+003
  0.36544034E-001  0.37207663E+000  0.31419537E+001  0.11740272E+003
  0.36544041E-001  0.37207677E+000  0.31419512E+001  0.11740268E+003
  0.36544049E-001  0.37207691E+000  0.31419488E+001  0.11740263E+003
  0.36544056E-001  0.37207705E+000  0.31419466E+001  0.11740259E+003
  0.36544062E-001  0.37207717E+000  0.31419445E+001  0.11740254E+003
  0.36544068E-001  0.37207729E+000  0.31419426E+001  0.11740249E+003
  0.36544074E-001  0.37207741E+000  0.31419409E+001  0.11740244E+003
  0.36544080E-001  0.37207751E+000  0.31419392E+001  0.11740239E+003
  0.36544085E-001  0.37207761E+000  0.31419377E+001  0.11740234E+003
  0.36544090E-001  0.37207771E+000  0.31419364E+001  0.11740229E+003
  0.36544095E-001  0.37207780E+000  0.31419351E+001  0.11740224E+003
  0.36544099E-001  0.37207788E+000  0.31419340E+001  0.11740219E+003
  0.36544103E-001  0.37207795E+000  0.31419329E+001  0.11740214E+003
  0.36544107E-001  0.37207803E+000  0.31419320E+001  0.11740209E+003
  0.36544110E-001  0.37207809E+000  0.31419311E+001  0.11740204E+003
  0.36544113E-001  0.37207816E+000  0.31419303E+001  0.11740198E+003
  0.36544116E-001  0.37207821E+000  0.31419296E+001  0.11740193E+003
  0.36544119E-001  0.37207827E+000  0.31419290E+001  0.11740188E+003
  0.36544122E-001  0.37207832E+000  0.31419284E+001  0.11740183E+003
  0.36544124E-001  0.37207836E+000  0.31419279E+001  0.11740177E+003
  0.36544127E-001  0.37207841E+000  0.31419275E+001  0.11740172E+003
  0.36544129E-001  0.37207845E+000  0.31419270E+001  0.11740167E+003
  0.36544131E-001  0.37207848E+000  0.31419267E+001  0.11740161E+003
  0.36544133E-001  0.37207852E+000  0.31419263E+001  0.11740156E+003
  0.36544134E-001  0.37207855E+000  0.31419260E+001  0.11740151E+003
  0.36544136E-001  0.37207858E+000  0.31419258E+001  0.11740146E+003
  0.36544137E-001  0.37207860E+000  0.31419256E+001  0.11740140E+003
  0.36544139E-001  0.37207863E+000  0.31419253E+001  0.11740135E+003
  0.36544140E-001  0.37207865E+000  0.31419252E+001  0.11740130E+003
  0.36544141E-001  0.37207867E+000  0.31419250E+001  0.11740125E+003
  0.36544142E-001  0.37207869E+000  0.31419249E+001  0.11740120E+003
  0.36544143E-001  0.37207871E+000  0.31419247E+001  0.11740115E+003
  0.36544144E-001  0.37207872E+000  0.31419246E+001  0.11740110E+003
  0.36544145E-001  0.37207874E+000  0.31419246E+001  0.11740105E+003
  0.36544145E-001  0.37207875E+000  0.31419245E+001  0.11740100E+003
  0.36544146E-001  0.37207876E+000  0.31419244E+001  0.11740095E+003
  0.36544147E-001  0.37207877E+000  0.31419243E+001  0.11740090E+003
  0.36544147E-001  0.37207878E+000  0.31419243E+001  0.11740086E+003
  0.36544148E-001  0.37207879E+000  0.31419242E+001  0.11740081E+003
  0.36544148E-001  0.37207880E+000  0.31419242E+001  0.11740076E+003
  0.36544149E-001  0.37207881E+000  0.31419242E+001  0.11740072E+003
  0.36544149E-001  0.37207882E+000  0.31419242E+001  0.11740067E+003
  0.36544149E-001  0.37207882E+000  0.31419241E+001  0.11740063E+003
  0.36544150E-001  0.37207883E+000  0.31419241E+001  0.11740058E+003
  0.36544150E-001  0.37207884E+000  0.31419241E+001  0.11740054E+003
  0.36544150E-001  0.37207884E+000  0.31419241E+001  0.11740050E+003
  0.36544151E-001  0.37207885E+000  0.31419241E+001  0.11740046E+003
  0.36544151E-001  0.37207885E+000  0.31419241E+001  0.11740042E+003
  0.36544151E-001  0.37207885E+000  0.31419241E+001  0.11740038E+003
  0.36544151E-001  0.37207886E+000  0.31419241E+001  0.11740034E+003
  0.36544152E-001  0.37207886E+000  0.31419241E+001  0.11740030E+003
  0.36544152E-001  0.37207887E+000  0.31419241E+001  0.11740026E+003
  0.36544152E-001  0.37207887E+000  0.31419241E+001  0.11740023E+003
