  0.15876857E+001
  0.15881395E+001
  0.15884963E+001
  0.15887801E+001
  0.15890058E+001
  0.15891840E+001
  0.15893230E+001
  0.15894295E+001
  0.15895090E+001
  0.15895660E+001
  0.15896043E+001
  0.15896271E+001
  0.15896369E+001
  0.15896359E+001
  0.15896260E+001
  0.15896088E+001
  0.15895854E+001
  0.15895570E+001
  0.15895244E+001
  0.15894884E+001
  0.15894496E+001
  0.15894086E+001
  0.15893658E+001
  0.15893216E+001
  0.15892762E+001
  0.15892300E+001
  0.15891833E+001
  0.15891361E+001
  0.15890888E+001
  0.15890413E+001
  0.15889939E+001
  0.15889467E+001
  0.15888998E+001
  0.15888532E+001
  0.15888070E+001
  0.15887613E+001
  0.15887162E+001
  0.15886717E+001
  0.15886279E+001
  0.15885849E+001
  0.15885426E+001
  0.15885012E+001
  0.15884606E+001
  0.15884209E+001
  0.15883821E+001
  0.15883444E+001
  0.15883076E+001
  0.15882719E+001
  0.15882372E+001
  0.15882037E+001
  0.15881712E+001
  0.15881399E+001
  0.15881097E+001
  0.15880807E+001
  0.15880529E+001
  0.15880262E+001
  0.15880008E+001
  0.15879765E+001
  0.15879534E+001
  0.15879314E+001
  0.15879106E+001
  0.15878909E+001
  0.15878724E+001
  0.15878549E+001
  0.15878386E+001
  0.15878232E+001
  0.15878089E+001
  0.15877955E+001
  0.15877831E+001
  0.15877716E+001
  0.15877610E+001
  0.15877512E+001
  0.15877422E+001
  0.15877339E+001
  0.15877264E+001
  0.15877196E+001
  0.15877134E+001
  0.15877078E+001
  0.15877027E+001
  0.15876982E+001
  0.15876942E+001
  0.15876907E+001
  0.15876876E+001
  0.15876849E+001
  0.15876825E+001
  0.15876805E+001
  0.15876787E+001
  0.15876773E+001
  0.15876761E+001
  0.15876751E+001
  0.15876743E+001
  0.15876737E+001
  0.15876732E+001
  0.15876729E+001
  0.15876727E+001
  0.15876725E+001
  0.15876725E+001
  0.15876725E+001
  0.15876726E+001
  0.15876727E+001
  0.15876729E+001
  0.15876731E+001
  0.15876733E+001
  0.15876735E+001
  0.15876737E+001
  0.15876740E+001
  0.15876742E+001
  0.15876745E+001
  0.15876747E+001
  0.15876750E+001
  0.15876752E+001
  0.15876755E+001
  0.15876757E+001
  0.15876760E+001
  0.15876762E+001
  0.15876764E+001
  0.15876766E+001
  0.15876769E+001
  0.15876771E+001
  0.15876773E+001
  0.15876775E+001
  0.15876777E+001
  0.15876779E+001
  0.15876781E+001
  0.15876783E+001
  0.15876784E+001
  0.15876786E+001
  0.15876788E+001
  0.15876790E+001
  0.15876792E+001
  0.15876793E+001
  0.15876795E+001
  0.15876797E+001
  0.15876799E+001
  0.15876800E+001
  0.15876802E+001
  0.15876804E+001
  0.15876805E+001
  0.15876807E+001
  0.15876809E+001
  0.15876810E+001
  0.15876812E+001
  0.15876814E+001
  0.15876815E+001
  0.15876817E+001
  0.15876818E+001
  0.15876820E+001
  0.15876821E+001
  0.15876823E+001
  0.15876824E+001
  0.15876826E+001
  0.15876827E+001
  0.15876829E+001
  0.15876830E+001
  0.15876831E+001
  0.15876833E+001
  0.15876834E+001
  0.15876835E+001
  0.15876836E+001
  0.15876837E+001
  0.15876839E+001
  0.15876840E+001
  0.15876841E+001
  0.15876842E+001
  0.15876843E+001
  0.15876844E+001
  0.15876845E+001
  0.15876846E+001
  0.15876846E+001
  0.15876847E+001
  0.15876848E+001
  0.15876849E+001
  0.15876849E+001
  0.15876850E+001
  0.15876851E+001
  0.15876851E+001
  0.15876852E+001
  0.15876852E+001
  0.15876853E+001
  0.15876853E+001
  0.15876854E+001
  0.15876854E+001
  0.15876855E+001
  0.15876855E+001
  0.15876856E+001
  0.15876856E+001
  0.15876856E+001
  0.15876856E+001
  0.15876857E+001
  0.15876857E+001
  0.15876857E+001
  0.15876857E+001
  0.15876858E+001
  0.15876858E+001
  0.15876858E+001
  0.15876858E+001
  0.15876858E+001
  0.15876858E+001
  0.15876858E+001
  0.15876859E+001
