  0.10758207E+001  0.58665225E+000  0.93531346E+000  0.37529568E+001
  0.10790213E+001  0.58705761E+000  0.93300406E+000  0.37534756E+001
  0.10795476E+001  0.59327990E+000  0.92729374E+000  0.37538644E+001
  0.10803508E+001  0.59590459E+000  0.92470371E+000  0.37541619E+001
  0.10807139E+001  0.59663339E+000  0.92428494E+000  0.37543916E+001
  0.10816714E+001  0.59604273E+000  0.92445373E+000  0.37545687E+001
  0.10860203E+001  0.59199482E+000  0.92457336E+000  0.37547041E+001
  0.10861948E+001  0.59298660E+000  0.92373130E+000  0.37548058E+001
  0.10944994E+001  0.58486974E+000  0.92378707E+000  0.37548803E+001
  0.10945997E+001  0.58489778E+000  0.92383459E+000  0.37549325E+001
  0.11004200E+001  0.57918689E+000  0.92384441E+000  0.37549665E+001
  0.11004670E+001  0.57959691E+000  0.92345918E+000  0.37549856E+001
  0.11004950E+001  0.57959557E+000  0.92346474E+000  0.37549926E+001
  0.11005087E+001  0.57958447E+000  0.92346136E+000  0.37549896E+001
  0.11005043E+001  0.57957199E+000  0.92344986E+000  0.37549785E+001
  0.11004863E+001  0.57955659E+000  0.92343203E+000  0.37549607E+001
  0.11004580E+001  0.57953776E+000  0.92340903E+000  0.37549374E+001
  0.11004208E+001  0.57951624E+000  0.92338174E+000  0.37549096E+001
  0.11003763E+001  0.57951650E+000  0.92332704E+000  0.37548782E+001
  0.11003256E+001  0.57949127E+000  0.92329332E+000  0.37548439E+001
  0.11002697E+001  0.57946424E+000  0.92325789E+000  0.37548072E+001
  0.11002095E+001  0.57943614E+000  0.92322079E+000  0.37547685E+001
  0.11001456E+001  0.57940724E+000  0.92318243E+000  0.37547284E+001
  0.11000788E+001  0.57937778E+000  0.92314315E+000  0.37546870E+001
  0.11000094E+001  0.57934755E+000  0.92310363E+000  0.37546447E+001
  0.10999381E+001  0.57931764E+000  0.92306323E+000  0.37546016E+001
  0.10998651E+001  0.57928775E+000  0.92302260E+000  0.37545581E+001
  0.10997909E+001  0.57925797E+000  0.92298194E+000  0.37545142E+001
  0.10997157E+001  0.57922838E+000  0.92294142E+000  0.37544700E+001
  0.10996398E+001  0.57919904E+000  0.92290117E+000  0.37544257E+001
  0.10995635E+001  0.57917002E+000  0.92286128E+000  0.37543814E+001
  0.10994869E+001  0.57914137E+000  0.92282186E+000  0.37543372E+001
  0.10994103E+001  0.57911315E+000  0.92278298E+000  0.37542931E+001
  0.10993338E+001  0.57908540E+000  0.92274470E+000  0.37542492E+001
  0.10992577E+001  0.57905816E+000  0.92270707E+000  0.37542055E+001
  0.10991820E+001  0.57903146E+000  0.92267013E+000  0.37541621E+001
  0.10991070E+001  0.57900535E+000  0.92263391E+000  0.37541191E+001
  0.10990328E+001  0.57897985E+000  0.92259843E+000  0.37540764E+001
  0.10989594E+001  0.57895498E+000  0.92256372E+000  0.37540341E+001
  0.10988871E+001  0.57893078E+000  0.92252980E+000  0.37539923E+001
  0.10988160E+001  0.57890727E+000  0.92249666E+000  0.37539510E+001
  0.10987461E+001  0.57888446E+000  0.92246433E+000  0.37539102E+001
  0.10986777E+001  0.57886236E+000  0.92243279E+000  0.37538699E+001
  0.10986107E+001  0.57884100E+000  0.92240207E+000  0.37538302E+001
  0.10985454E+001  0.57882038E+000  0.92237215E+000  0.37537911E+001
  0.10984817E+001  0.57880050E+000  0.92234304E+000  0.37537527E+001
  0.10984199E+001  0.57878139E+000  0.92231474E+000  0.37537149E+001
  0.10983599E+001  0.57876303E+000  0.92228724E+000  0.37536778E+001
  0.10983019E+001  0.57874543E+000  0.92226055E+000  0.37536415E+001
  0.10982459E+001  0.57872860E+000  0.92223467E+000  0.37536059E+001
  0.10981920E+001  0.57871251E+000  0.92220960E+000  0.37535712E+001
  0.10981403E+001  0.57869718E+000  0.92218533E+000  0.37535373E+001
  0.10980907E+001  0.57868260E+000  0.92216187E+000  0.37535042E+001
  0.10980434E+001  0.57866874E+000  0.92213922E+000  0.37534720E+001
  0.10979983E+001  0.57865561E+000  0.92211737E+000  0.37534408E+001
  0.10979555E+001  0.57864320E+000  0.92209632E+000  0.37534104E+001
  0.10979149E+001  0.57863148E+000  0.92207608E+000  0.37533811E+001
  0.10978766E+001  0.57862044E+000  0.92205663E+000  0.37533527E+001
  0.10978405E+001  0.57861006E+000  0.92203798E+000  0.37533253E+001
  0.10978067E+001  0.57860034E+000  0.92202013E+000  0.37532989E+001
  0.10977750E+001  0.57859124E+000  0.92200306E+000  0.37532736E+001
  0.10977454E+001  0.57858274E+000  0.92198677E+000  0.37532493E+001
  0.10977180E+001  0.57857484E+000  0.92197126E+000  0.37532260E+001
  0.10976925E+001  0.57856750E+000  0.92195652E+000  0.37532037E+001
  0.10976690E+001  0.57856070E+000  0.92194254E+000  0.37531825E+001
  0.10976473E+001  0.57855442E+000  0.92192931E+000  0.37531623E+001
  0.10976275E+001  0.57854864E+000  0.92191682E+000  0.37531431E+001
  0.10976093E+001  0.57854333E+000  0.92190506E+000  0.37531249E+001
  0.10975927E+001  0.57853847E+000  0.92189402E+000  0.37531078E+001
  0.10975777E+001  0.57853404E+000  0.92188368E+000  0.37530916E+001
  0.10975641E+001  0.57853002E+000  0.92187404E+000  0.37530763E+001
  0.10975518E+001  0.57852637E+000  0.92186506E+000  0.37530620E+001
  0.10975408E+001  0.57852309E+000  0.92185673E+000  0.37530486E+001
  0.10975309E+001  0.57852014E+000  0.92184904E+000  0.37530362E+001
  0.10975221E+001  0.57851751E+000  0.92184196E+000  0.37530246E+001
  0.10975142E+001  0.57851517E+000  0.92183548E+000  0.37530139E+001
  0.10975073E+001  0.57851310E+000  0.92182955E+000  0.37530040E+001
  0.10975012E+001  0.57851129E+000  0.92182417E+000  0.37529949E+001
  0.10974958E+001  0.57850971E+000  0.92181931E+000  0.37529865E+001
  0.10974912E+001  0.57850834E+000  0.92181493E+000  0.37529790E+001
  0.10974871E+001  0.57850717E+000  0.92181102E+000  0.37529721E+001
  0.10974836E+001  0.57850617E+000  0.92180754E+000  0.37529659E+001
  0.10974806E+001  0.57850533E+000  0.92180446E+000  0.37529604E+001
  0.10974780E+001  0.57850463E+000  0.92180177E+000  0.37529555E+001
  0.10974758E+001  0.57850407E+000  0.92179942E+000  0.37529511E+001
  0.10974740E+001  0.57850361E+000  0.92179739E+000  0.37529473E+001
  0.10974725E+001  0.57850326E+000  0.92179566E+000  0.37529440E+001
  0.10974713E+001  0.57850299E+000  0.92179419E+000  0.37529412E+001
  0.10974703E+001  0.57850279E+000  0.92179296E+000  0.37529388E+001
  0.10974695E+001  0.57850266E+000  0.92179196E+000  0.37529368E+001
  0.10974689E+001  0.57850257E+000  0.92179114E+000  0.37529351E+001
  0.10974685E+001  0.57850253E+000  0.92179050E+000  0.37529337E+001
  0.10974682E+001  0.57850252E+000  0.92179001E+000  0.37529326E+001
  0.10974680E+001  0.57850254E+000  0.92178965E+000  0.37529318E+001
  0.10974679E+001  0.57850257E+000  0.92178940E+000  0.37529312E+001
  0.10974679E+001  0.57850261E+000  0.92178925E+000  0.37529308E+001
  0.10974680E+001  0.57850266E+000  0.92178918E+000  0.37529305E+001
  0.10974682E+001  0.57850271E+000  0.92178917E+000  0.37529304E+001
  0.10974684E+001  0.57850276E+000  0.92178923E+000  0.37529304E+001
  0.10974686E+001  0.57850280E+000  0.92178933E+000  0.37529306E+001
  0.10974689E+001  0.57850283E+000  0.92178946E+000  0.37529307E+001
  0.10974692E+001  0.57850284E+000  0.92178963E+000  0.37529310E+001
  0.10974695E+001  0.57850285E+000  0.92178981E+000  0.37529313E+001
  0.10974699E+001  0.57850284E+000  0.92179001E+000  0.37529317E+001
  0.10974703E+001  0.57850281E+000  0.92179022E+000  0.37529321E+001
  0.10974707E+001  0.57850277E+000  0.92179043E+000  0.37529325E+001
  0.10974711E+001  0.57850271E+000  0.92179064E+000  0.37529329E+001
  0.10974715E+001  0.57850264E+000  0.92179085E+000  0.37529334E+001
  0.10974719E+001  0.57850255E+000  0.92179105E+000  0.37529339E+001
  0.10974724E+001  0.57850245E+000  0.92179124E+000  0.37529343E+001
  0.10974728E+001  0.57850234E+000  0.92179143E+000  0.37529348E+001
  0.10974733E+001  0.57850222E+000  0.92179160E+000  0.37529353E+001
  0.10974738E+001  0.57850209E+000  0.92179177E+000  0.37529357E+001
  0.10974742E+001  0.57850195E+000  0.92179192E+000  0.37529362E+001
  0.10974747E+001  0.57850181E+000  0.92179205E+000  0.37529367E+001
  0.10974752E+001  0.57850166E+000  0.92179218E+000  0.37529371E+001
  0.10974757E+001  0.57850151E+000  0.92179229E+000  0.37529376E+001
  0.10974761E+001  0.57850136E+000  0.92179239E+000  0.37529380E+001
  0.10974766E+001  0.57850121E+000  0.92179247E+000  0.37529384E+001
  0.10974771E+001  0.57850107E+000  0.92179254E+000  0.37529389E+001
  0.10974776E+001  0.57850093E+000  0.92179260E+000  0.37529393E+001
  0.10974781E+001  0.57850079E+000  0.92179264E+000  0.37529397E+001
  0.10974785E+001  0.57850067E+000  0.92179268E+000  0.37529401E+001
  0.10974790E+001  0.57850055E+000  0.92179270E+000  0.37529405E+001
  0.10974795E+001  0.57850044E+000  0.92179272E+000  0.37529409E+001
  0.10974799E+001  0.57850035E+000  0.92179272E+000  0.37529412E+001
  0.10974804E+001  0.57850026E+000  0.92179271E+000  0.37529416E+001
  0.10974808E+001  0.57850019E+000  0.92179270E+000  0.37529420E+001
  0.10974812E+001  0.57850013E+000  0.92179268E+000  0.37529424E+001
  0.10974817E+001  0.57850008E+000  0.92179266E+000  0.37529427E+001
  0.10974821E+001  0.57850004E+000  0.92179262E+000  0.37529431E+001
  0.10974825E+001  0.57850002E+000  0.92179259E+000  0.37529434E+001
  0.10974829E+001  0.57850001E+000  0.92179255E+000  0.37529438E+001
  0.10974833E+001  0.57850001E+000  0.92179251E+000  0.37529441E+001
  0.10974837E+001  0.57850002E+000  0.92179246E+000  0.37529445E+001
  0.10974840E+001  0.57850004E+000  0.92179241E+000  0.37529448E+001
  0.10974844E+001  0.57850008E+000  0.92179237E+000  0.37529452E+001
  0.10974847E+001  0.57850012E+000  0.92179232E+000  0.37529455E+001
  0.10974850E+001  0.57850017E+000  0.92179227E+000  0.37529459E+001
  0.10974853E+001  0.57850023E+000  0.92179223E+000  0.37529462E+001
  0.10974856E+001  0.57850030E+000  0.92179219E+000  0.37529465E+001
  0.10974859E+001  0.57850037E+000  0.92179214E+000  0.37529468E+001
  0.10974862E+001  0.57850045E+000  0.92179210E+000  0.37529472E+001
  0.10974865E+001  0.57850053E+000  0.92179207E+000  0.37529475E+001
  0.10974867E+001  0.57850061E+000  0.92179203E+000  0.37529478E+001
  0.10974870E+001  0.57850070E+000  0.92179200E+000  0.37529481E+001
  0.10974872E+001  0.57850080E+000  0.92179197E+000  0.37529485E+001
  0.10974874E+001  0.57850089E+000  0.92179195E+000  0.37529488E+001
  0.10974876E+001  0.57850098E+000  0.92179193E+000  0.37529491E+001
  0.10974878E+001  0.57850108E+000  0.92179191E+000  0.37529494E+001
  0.10974880E+001  0.57850117E+000  0.92179189E+000  0.37529497E+001
  0.10974882E+001  0.57850127E+000  0.92179188E+000  0.37529500E+001
  0.10974884E+001  0.57850136E+000  0.92179187E+000  0.37529503E+001
  0.10974885E+001  0.57850145E+000  0.92179187E+000  0.37529506E+001
  0.10974887E+001  0.57850154E+000  0.92179186E+000  0.37529509E+001
  0.10974888E+001  0.57850163E+000  0.92179186E+000  0.37529512E+001
  0.10974889E+001  0.57850172E+000  0.92179186E+000  0.37529515E+001
  0.10974891E+001  0.57850180E+000  0.92179186E+000  0.37529518E+001
  0.10974892E+001  0.57850188E+000  0.92179187E+000  0.37529521E+001
  0.10974893E+001  0.57850196E+000  0.92179188E+000  0.37529523E+001
  0.10974894E+001  0.57850203E+000  0.92179188E+000  0.37529526E+001
  0.10974895E+001  0.57850211E+000  0.92179189E+000  0.37529528E+001
  0.10974896E+001  0.57850217E+000  0.92179190E+000  0.37529531E+001
  0.10974897E+001  0.57850224E+000  0.92179192E+000  0.37529533E+001
  0.10974898E+001  0.57850230E+000  0.92179193E+000  0.37529536E+001
  0.10974898E+001  0.57850236E+000  0.92179194E+000  0.37529538E+001
  0.10974899E+001  0.57850242E+000  0.92179196E+000  0.37529540E+001
  0.10974900E+001  0.57850247E+000  0.92179197E+000  0.37529542E+001
  0.10974901E+001  0.57850252E+000  0.92179198E+000  0.37529545E+001
  0.10974901E+001  0.57850257E+000  0.92179200E+000  0.37529547E+001
  0.10974902E+001  0.57850262E+000  0.92179201E+000  0.37529549E+001
  0.10974902E+001  0.57850266E+000  0.92179203E+000  0.37529550E+001
  0.10974903E+001  0.57850270E+000  0.92179204E+000  0.37529552E+001
  0.10974903E+001  0.57850274E+000  0.92179206E+000  0.37529554E+001
  0.10974904E+001  0.57850277E+000  0.92179207E+000  0.37529556E+001
  0.10974904E+001  0.57850280E+000  0.92179208E+000  0.37529557E+001
  0.10974904E+001  0.57850284E+000  0.92179210E+000  0.37529559E+001
  0.10974905E+001  0.57850286E+000  0.92179211E+000  0.37529560E+001
  0.10974905E+001  0.57850289E+000  0.92179212E+000  0.37529562E+001
  0.10974905E+001  0.57850292E+000  0.92179213E+000  0.37529563E+001
  0.10974905E+001  0.57850294E+000  0.92179214E+000  0.37529564E+001
  0.10974906E+001  0.57850296E+000  0.92179215E+000  0.37529565E+001
  0.10974906E+001  0.57850298E+000  0.92179216E+000  0.37529566E+001
  0.10974906E+001  0.57850300E+000  0.92179217E+000  0.37529567E+001
  0.10974906E+001  0.57850302E+000  0.92179218E+000  0.37529568E+001
  0.10974907E+001  0.57850304E+000  0.92179219E+000  0.37529569E+001
  0.10974907E+001  0.57850305E+000  0.92179220E+000  0.37529570E+001
  0.10974907E+001  0.57850307E+000  0.92179221E+000  0.37529571E+001
  0.10974907E+001  0.57850308E+000  0.92179222E+000  0.37529572E+001
  0.10974907E+001  0.57850309E+000  0.92179222E+000  0.37529572E+001
  0.10974907E+001  0.57850310E+000  0.92179223E+000  0.37529573E+001
  0.10974907E+001  0.57850311E+000  0.92179223E+000  0.37529573E+001
  0.10974907E+001  0.57850312E+000  0.92179224E+000  0.37529574E+001
  0.10974908E+001  0.57850313E+000  0.92179224E+000  0.37529574E+001
  0.10974908E+001  0.57850314E+000  0.92179225E+000  0.37529575E+001
  0.10974908E+001  0.57850315E+000  0.92179225E+000  0.37529575E+001
  0.10974908E+001  0.57850315E+000  0.92179226E+000  0.37529575E+001
  0.10974908E+001  0.57850316E+000  0.92179226E+000  0.37529576E+001
  0.10974908E+001  0.57850316E+000  0.92179226E+000  0.37529576E+001
  0.10974908E+001  0.57850317E+000  0.92179227E+000  0.37529576E+001
