 -0.15576191E+000  0.23181266E+000  0.22812896E+001  0.39934029E+001
 -0.15543959E+000  0.23234591E+000  0.22818814E+001  0.39937708E+001
 -0.15518790E+000  0.23277766E+000  0.22823646E+001  0.39940313E+001
 -0.15499133E+000  0.23312475E+000  0.22827601E+001  0.39942276E+001
 -0.15483882E+000  0.23340024E+000  0.22830830E+001  0.39943794E+001
 -0.15472203E+000  0.23361526E+000  0.22833454E+001  0.39944979E+001
 -0.15463436E+000  0.23377977E+000  0.22835568E+001  0.39945904E+001
 -0.15457433E+000  0.23390599E+000  0.22837250E+001  0.39946619E+001
 -0.15453249E+000  0.23399313E+000  0.22838597E+001  0.39947163E+001
 -0.15450542E+000  0.23402262E+000  0.22839908E+001  0.39947566E+001
 -0.15449059E+000  0.23403814E+000  0.22840849E+001  0.39947854E+001
 -0.15448578E+000  0.23404229E+000  0.22841479E+001  0.39948044E+001
 -0.15448916E+000  0.23403716E+000  0.22841847E+001  0.39948152E+001
 -0.15449921E+000  0.23402448E+000  0.22841996E+001  0.39948192E+001
 -0.15451468E+000  0.23400570E+000  0.22841961E+001  0.39948175E+001
 -0.15453451E+000  0.23398203E+000  0.22841772E+001  0.39948110E+001
 -0.15455902E+000  0.23395562E+000  0.22841452E+001  0.39948003E+001
 -0.15458761E+000  0.23392744E+000  0.22841024E+001  0.39947862E+001
 -0.15461846E+000  0.23389577E+000  0.22840516E+001  0.39947692E+001
 -0.15465104E+000  0.23384273E+000  0.22840127E+001  0.39947497E+001
 -0.15468491E+000  0.23378680E+000  0.22839690E+001  0.39947281E+001
 -0.15471968E+000  0.23372864E+000  0.22839213E+001  0.39947047E+001
 -0.15475506E+000  0.23366882E+000  0.22838701E+001  0.39946799E+001
 -0.15479077E+000  0.23360779E+000  0.22838160E+001  0.39946537E+001
 -0.15482660E+000  0.23354598E+000  0.22837595E+001  0.39946265E+001
 -0.15486233E+000  0.23348371E+000  0.22837010E+001  0.39945983E+001
 -0.15489780E+000  0.23342127E+000  0.22836408E+001  0.39945693E+001
 -0.15493289E+000  0.23335893E+000  0.22835793E+001  0.39945397E+001
 -0.15496751E+000  0.23329689E+000  0.22835167E+001  0.39945095E+001
 -0.15500157E+000  0.23323536E+000  0.22834533E+001  0.39944787E+001
 -0.15503502E+000  0.23317449E+000  0.22833892E+001  0.39944476E+001
 -0.15506781E+000  0.23311442E+000  0.22833247E+001  0.39944160E+001
 -0.15509989E+000  0.23305529E+000  0.22832600E+001  0.39943842E+001
 -0.15513124E+000  0.23299720E+000  0.22831951E+001  0.39943520E+001
 -0.15516183E+000  0.23294026E+000  0.22831304E+001  0.39943196E+001
 -0.15519163E+000  0.23288455E+000  0.22830658E+001  0.39942870E+001
 -0.15522063E+000  0.23283015E+000  0.22830016E+001  0.39942542E+001
 -0.15524882E+000  0.23277712E+000  0.22829378E+001  0.39942213E+001
 -0.15527618E+000  0.23272553E+000  0.22828747E+001  0.39941883E+001
 -0.15530270E+000  0.23267543E+000  0.22828122E+001  0.39941551E+001
 -0.15532838E+000  0.23262686E+000  0.22827506E+001  0.39941219E+001
 -0.15535322E+000  0.23257986E+000  0.22826898E+001  0.39940886E+001
 -0.15537721E+000  0.23253447E+000  0.22826301E+001  0.39940554E+001
 -0.15540035E+000  0.23249071E+000  0.22825715E+001  0.39940222E+001
 -0.15542264E+000  0.23244861E+000  0.22825140E+001  0.39939891E+001
 -0.15544408E+000  0.23240818E+000  0.22824578E+001  0.39939561E+001
 -0.15546466E+000  0.23236944E+000  0.22824029E+001  0.39939233E+001
 -0.15548440E+000  0.23233240E+000  0.22823494E+001  0.39938907E+001
 -0.15550328E+000  0.23229706E+000  0.22822973E+001  0.39938584E+001
 -0.15552131E+000  0.23226342E+000  0.22822467E+001  0.39938263E+001
 -0.15553849E+000  0.23223148E+000  0.22821977E+001  0.39937947E+001
 -0.15555483E+000  0.23220121E+000  0.22821502E+001  0.39937635E+001
 -0.15557034E+000  0.23217261E+000  0.22821044E+001  0.39937328E+001
 -0.15558501E+000  0.23214566E+000  0.22820602E+001  0.39937026E+001
 -0.15559886E+000  0.23212032E+000  0.22820177E+001  0.39936730E+001
 -0.15561190E+000  0.23209658E+000  0.22819768E+001  0.39936439E+001
 -0.15562415E+000  0.23207439E+000  0.22819377E+001  0.39936156E+001
 -0.15563562E+000  0.23205371E+000  0.22819003E+001  0.39935880E+001
 -0.15564634E+000  0.23203451E+000  0.22818647E+001  0.39935611E+001
 -0.15565631E+000  0.23201674E+000  0.22818307E+001  0.39935350E+001
 -0.15566558E+000  0.23200034E+000  0.22817984E+001  0.39935097E+001
 -0.15567416E+000  0.23198527E+000  0.22817678E+001  0.39934854E+001
 -0.15568208E+000  0.23197146E+000  0.22817388E+001  0.39934619E+001
 -0.15568938E+000  0.23195887E+000  0.22817115E+001  0.39934393E+001
 -0.15569608E+000  0.23194742E+000  0.22816857E+001  0.39934177E+001
 -0.15570221E+000  0.23193706E+000  0.22816614E+001  0.39933971E+001
 -0.15570782E+000  0.23192773E+000  0.22816386E+001  0.39933775E+001
 -0.15571294E+000  0.23191936E+000  0.22816173E+001  0.39933589E+001
 -0.15571759E+000  0.23191188E+000  0.22815973E+001  0.39933414E+001
 -0.15572181E+000  0.23190523E+000  0.22815787E+001  0.39933248E+001
 -0.15572563E+000  0.23189936E+000  0.22815613E+001  0.39933094E+001
 -0.15572909E+000  0.23189419E+000  0.22815452E+001  0.39932950E+001
 -0.15573221E+000  0.23188967E+000  0.22815302E+001  0.39932816E+001
 -0.15573502E+000  0.23188574E+000  0.22815163E+001  0.39932693E+001
 -0.15573755E+000  0.23188234E+000  0.22815034E+001  0.39932580E+001
 -0.15573983E+000  0.23187942E+000  0.22814915E+001  0.39932477E+001
 -0.15574187E+000  0.23187694E+000  0.22814805E+001  0.39932384E+001
 -0.15574370E+000  0.23187483E+000  0.22814703E+001  0.39932301E+001
 -0.15574534E+000  0.23187307E+000  0.22814610E+001  0.39932227E+001
 -0.15574681E+000  0.23187161E+000  0.22814524E+001  0.39932163E+001
 -0.15574811E+000  0.23187041E+000  0.22814445E+001  0.39932107E+001
 -0.15574928E+000  0.23186944E+000  0.22814372E+001  0.39932059E+001
 -0.15575032E+000  0.23186867E+000  0.22814305E+001  0.39932019E+001
 -0.15575125E+000  0.23186807E+000  0.22814244E+001  0.39931987E+001
 -0.15575207E+000  0.23186762E+000  0.22814187E+001  0.39931962E+001
 -0.15575280E+000  0.23186729E+000  0.22814135E+001  0.39931943E+001
 -0.15575345E+000  0.23186706E+000  0.22814088E+001  0.39931931E+001
 -0.15575402E+000  0.23186691E+000  0.22814044E+001  0.39931924E+001
 -0.15575453E+000  0.23186683E+000  0.22814003E+001  0.39931922E+001
 -0.15575497E+000  0.23186680E+000  0.22813966E+001  0.39931925E+001
 -0.15575537E+000  0.23186680E+000  0.22813931E+001  0.39931931E+001
 -0.15575572E+000  0.23186683E+000  0.22813900E+001  0.39931942E+001
 -0.15575603E+000  0.23186687E+000  0.22813870E+001  0.39931955E+001
 -0.15575630E+000  0.23186691E+000  0.22813843E+001  0.39931971E+001
 -0.15575655E+000  0.23186694E+000  0.22813817E+001  0.39931990E+001
 -0.15575677E+000  0.23186694E+000  0.22813794E+001  0.39932010E+001
 -0.15575697E+000  0.23186692E+000  0.22813772E+001  0.39932033E+001
 -0.15575715E+000  0.23186685E+000  0.22813752E+001  0.39932056E+001
 -0.15575731E+000  0.23186674E+000  0.22813734E+001  0.39932080E+001
 -0.15575746E+000  0.23186658E+000  0.22813717E+001  0.39932105E+001
 -0.15575761E+000  0.23186636E+000  0.22813701E+001  0.39932131E+001
 -0.15575774E+000  0.23186607E+000  0.22813687E+001  0.39932156E+001
 -0.15575787E+000  0.23186572E+000  0.22813675E+001  0.39932182E+001
 -0.15575799E+000  0.23186529E+000  0.22813664E+001  0.39932208E+001
 -0.15575811E+000  0.23186479E+000  0.22813654E+001  0.39932234E+001
 -0.15575823E+000  0.23186421E+000  0.22813645E+001  0.39932259E+001
 -0.15575834E+000  0.23186355E+000  0.22813638E+001  0.39932284E+001
 -0.15575845E+000  0.23186281E+000  0.22813632E+001  0.39932309E+001
 -0.15575856E+000  0.23186200E+000  0.22813627E+001  0.39932334E+001
 -0.15575867E+000  0.23186111E+000  0.22813623E+001  0.39932357E+001
 -0.15575878E+000  0.23186015E+000  0.22813620E+001  0.39932381E+001
 -0.15575889E+000  0.23185912E+000  0.22813618E+001  0.39932404E+001
 -0.15575900E+000  0.23185803E+000  0.22813617E+001  0.39932427E+001
 -0.15575911E+000  0.23185688E+000  0.22813616E+001  0.39932450E+001
 -0.15575921E+000  0.23185567E+000  0.22813616E+001  0.39932472E+001
 -0.15575932E+000  0.23185442E+000  0.22813617E+001  0.39932494E+001
 -0.15575942E+000  0.23185312E+000  0.22813617E+001  0.39932516E+001
 -0.15575953E+000  0.23185179E+000  0.22813619E+001  0.39932538E+001
 -0.15575963E+000  0.23185043E+000  0.22813620E+001  0.39932560E+001
 -0.15575973E+000  0.23184905E+000  0.22813621E+001  0.39932582E+001
 -0.15575983E+000  0.23184765E+000  0.22813622E+001  0.39932604E+001
 -0.15575993E+000  0.23184624E+000  0.22813622E+001  0.39932627E+001
 -0.15576002E+000  0.23184483E+000  0.22813622E+001  0.39932649E+001
 -0.15576011E+000  0.23184343E+000  0.22813622E+001  0.39932673E+001
 -0.15576020E+000  0.23184203E+000  0.22813621E+001  0.39932696E+001
 -0.15576029E+000  0.23184065E+000  0.22813619E+001  0.39932720E+001
 -0.15576038E+000  0.23183928E+000  0.22813616E+001  0.39932745E+001
 -0.15576046E+000  0.23183794E+000  0.22813613E+001  0.39932770E+001
 -0.15576054E+000  0.23183663E+000  0.22813608E+001  0.39932796E+001
 -0.15576062E+000  0.23183535E+000  0.22813602E+001  0.39932822E+001
 -0.15576069E+000  0.23183411E+000  0.22813596E+001  0.39932849E+001
 -0.15576076E+000  0.23183290E+000  0.22813588E+001  0.39932876E+001
 -0.15576083E+000  0.23183173E+000  0.22813580E+001  0.39932904E+001
 -0.15576089E+000  0.23183060E+000  0.22813570E+001  0.39932933E+001
 -0.15576096E+000  0.23182952E+000  0.22813559E+001  0.39932962E+001
 -0.15576102E+000  0.23182848E+000  0.22813548E+001  0.39932991E+001
 -0.15576107E+000  0.23182748E+000  0.22813535E+001  0.39933021E+001
 -0.15576113E+000  0.23182653E+000  0.22813522E+001  0.39933051E+001
 -0.15576118E+000  0.23182563E+000  0.22813507E+001  0.39933082E+001
 -0.15576123E+000  0.23182477E+000  0.22813492E+001  0.39933112E+001
 -0.15576127E+000  0.23182395E+000  0.22813477E+001  0.39933143E+001
 -0.15576131E+000  0.23182318E+000  0.22813460E+001  0.39933174E+001
 -0.15576135E+000  0.23182245E+000  0.22813443E+001  0.39933205E+001
 -0.15576139E+000  0.23182176E+000  0.22813426E+001  0.39933236E+001
 -0.15576143E+000  0.23182111E+000  0.22813409E+001  0.39933267E+001
 -0.15576146E+000  0.23182049E+000  0.22813391E+001  0.39933297E+001
 -0.15576150E+000  0.23181992E+000  0.22813373E+001  0.39933328E+001
 -0.15576153E+000  0.23181938E+000  0.22813355E+001  0.39933358E+001
 -0.15576155E+000  0.23181888E+000  0.22813336E+001  0.39933387E+001
 -0.15576158E+000  0.23181841E+000  0.22813318E+001  0.39933416E+001
 -0.15576161E+000  0.23181797E+000  0.22813300E+001  0.39933444E+001
 -0.15576163E+000  0.23181756E+000  0.22813282E+001  0.39933472E+001
 -0.15576165E+000  0.23181718E+000  0.22813265E+001  0.39933500E+001
 -0.15576167E+000  0.23181683E+000  0.22813247E+001  0.39933526E+001
 -0.15576169E+000  0.23181650E+000  0.22813230E+001  0.39933552E+001
 -0.15576171E+000  0.23181619E+000  0.22813214E+001  0.39933577E+001
 -0.15576172E+000  0.23181591E+000  0.22813197E+001  0.39933601E+001
 -0.15576174E+000  0.23181564E+000  0.22813182E+001  0.39933625E+001
 -0.15576175E+000  0.23181540E+000  0.22813166E+001  0.39933648E+001
 -0.15576176E+000  0.23181518E+000  0.22813151E+001  0.39933669E+001
 -0.15576178E+000  0.23181497E+000  0.22813137E+001  0.39933691E+001
 -0.15576179E+000  0.23181478E+000  0.22813123E+001  0.39933711E+001
 -0.15576180E+000  0.23181460E+000  0.22813110E+001  0.39933730E+001
 -0.15576181E+000  0.23181444E+000  0.22813097E+001  0.39933749E+001
 -0.15576182E+000  0.23181429E+000  0.22813085E+001  0.39933766E+001
 -0.15576182E+000  0.23181415E+000  0.22813073E+001  0.39933783E+001
 -0.15576183E+000  0.23181402E+000  0.22813062E+001  0.39933800E+001
 -0.15576184E+000  0.23181390E+000  0.22813052E+001  0.39933815E+001
 -0.15576185E+000  0.23181380E+000  0.22813042E+001  0.39933829E+001
 -0.15576185E+000  0.23181370E+000  0.22813032E+001  0.39933843E+001
 -0.15576186E+000  0.23181361E+000  0.22813023E+001  0.39933856E+001
 -0.15576186E+000  0.23181352E+000  0.22813014E+001  0.39933869E+001
 -0.15576187E+000  0.23181345E+000  0.22813006E+001  0.39933880E+001
 -0.15576187E+000  0.23181338E+000  0.22812999E+001  0.39933892E+001
 -0.15576188E+000  0.23181331E+000  0.22812992E+001  0.39933902E+001
 -0.15576188E+000  0.23181326E+000  0.22812985E+001  0.39933912E+001
 -0.15576188E+000  0.23181320E+000  0.22812978E+001  0.39933921E+001
 -0.15576189E+000  0.23181315E+000  0.22812973E+001  0.39933930E+001
 -0.15576189E+000  0.23181311E+000  0.22812967E+001  0.39933938E+001
 -0.15576189E+000  0.23181307E+000  0.22812962E+001  0.39933945E+001
 -0.15576189E+000  0.23181303E+000  0.22812957E+001  0.39933952E+001
 -0.15576190E+000  0.23181300E+000  0.22812952E+001  0.39933959E+001
 -0.15576190E+000  0.23181296E+000  0.22812948E+001  0.39933965E+001
 -0.15576190E+000  0.23181294E+000  0.22812944E+001  0.39933971E+001
 -0.15576190E+000  0.23181291E+000  0.22812940E+001  0.39933976E+001
 -0.15576190E+000  0.23181289E+000  0.22812937E+001  0.39933981E+001
 -0.15576190E+000  0.23181286E+000  0.22812934E+001  0.39933986E+001
 -0.15576191E+000  0.23181284E+000  0.22812931E+001  0.39933990E+001
 -0.15576191E+000  0.23181283E+000  0.22812928E+001  0.39933994E+001
 -0.15576191E+000  0.23181281E+000  0.22812926E+001  0.39933998E+001
 -0.15576191E+000  0.23181280E+000  0.22812923E+001  0.39934002E+001
 -0.15576191E+000  0.23181278E+000  0.22812921E+001  0.39934005E+001
 -0.15576191E+000  0.23181277E+000  0.22812919E+001  0.39934008E+001
 -0.15576191E+000  0.23181276E+000  0.22812917E+001  0.39934010E+001
 -0.15576191E+000  0.23181275E+000  0.22812915E+001  0.39934013E+001
 -0.15576191E+000  0.23181274E+000  0.22812914E+001  0.39934015E+001
 -0.15576191E+000  0.23181273E+000  0.22812912E+001  0.39934017E+001
 -0.15576192E+000  0.23181272E+000  0.22812911E+001  0.39934019E+001
 -0.15576192E+000  0.23181271E+000  0.22812910E+001  0.39934021E+001
 -0.15576192E+000  0.23181271E+000  0.22812909E+001  0.39934023E+001
