 -0.50351565E-001
 -0.50258441E-001
 -0.50184098E-001
 -0.50125361E-001
 -0.50079542E-001
 -0.50044383E-001
 -0.50017999E-001
 -0.49998824E-001
 -0.49985553E-001
 -0.49977145E-001
 -0.49972723E-001
 -0.49971550E-001
 -0.49973017E-001
 -0.49976620E-001
 -0.49981945E-001
 -0.49988650E-001
 -0.49996450E-001
 -0.50005113E-001
 -0.50014448E-001
 -0.50024292E-001
 -0.50034509E-001
 -0.50044988E-001
 -0.50055636E-001
 -0.50066375E-001
 -0.50077143E-001
 -0.50087904E-001
 -0.50098603E-001
 -0.50109193E-001
 -0.50119641E-001
 -0.50129918E-001
 -0.50140001E-001
 -0.50149872E-001
 -0.50159517E-001
 -0.50168924E-001
 -0.50178084E-001
 -0.50186991E-001
 -0.50195639E-001
 -0.50204026E-001
 -0.50212149E-001
 -0.50220007E-001
 -0.50227601E-001
 -0.50234931E-001
 -0.50241999E-001
 -0.50248806E-001
 -0.50255353E-001
 -0.50261643E-001
 -0.50267678E-001
 -0.50273459E-001
 -0.50278988E-001
 -0.50284268E-001
 -0.50289300E-001
 -0.50294087E-001
 -0.50298630E-001
 -0.50302932E-001
 -0.50306996E-001
 -0.50310826E-001
 -0.50314425E-001
 -0.50317797E-001
 -0.50320948E-001
 -0.50323883E-001
 -0.50326609E-001
 -0.50329133E-001
 -0.50331461E-001
 -0.50333601E-001
 -0.50335563E-001
 -0.50337355E-001
 -0.50338985E-001
 -0.50340464E-001
 -0.50341800E-001
 -0.50343004E-001
 -0.50344084E-001
 -0.50345049E-001
 -0.50345909E-001
 -0.50346673E-001
 -0.50347348E-001
 -0.50347943E-001
 -0.50348466E-001
 -0.50348923E-001
 -0.50349320E-001
 -0.50349665E-001
 -0.50349963E-001
 -0.50350218E-001
 -0.50350436E-001
 -0.50350621E-001
 -0.50350778E-001
 -0.50350908E-001
 -0.50351016E-001
 -0.50351105E-001
 -0.50351177E-001
 -0.50351235E-001
 -0.50351280E-001
 -0.50351315E-001
 -0.50351340E-001
 -0.50351359E-001
 -0.50351371E-001
 -0.50351378E-001
 -0.50351381E-001
 -0.50351381E-001
 -0.50351379E-001
 -0.50351375E-001
 -0.50351369E-001
 -0.50351362E-001
 -0.50351355E-001
 -0.50351348E-001
 -0.50351340E-001
 -0.50351333E-001
 -0.50351326E-001
 -0.50351319E-001
 -0.50351313E-001
 -0.50351307E-001
 -0.50351302E-001
 -0.50351297E-001
 -0.50351293E-001
 -0.50351290E-001
 -0.50351287E-001
 -0.50351285E-001
 -0.50351283E-001
 -0.50351282E-001
 -0.50351282E-001
 -0.50351282E-001
 -0.50351283E-001
 -0.50351284E-001
 -0.50351286E-001
 -0.50351288E-001
 -0.50351290E-001
 -0.50351293E-001
 -0.50351297E-001
 -0.50351300E-001
 -0.50351304E-001
 -0.50351309E-001
 -0.50351313E-001
 -0.50351318E-001
 -0.50351323E-001
 -0.50351329E-001
 -0.50351334E-001
 -0.50351340E-001
 -0.50351346E-001
 -0.50351352E-001
 -0.50351358E-001
 -0.50351364E-001
 -0.50351371E-001
 -0.50351377E-001
 -0.50351383E-001
 -0.50351390E-001
 -0.50351396E-001
 -0.50351402E-001
 -0.50351408E-001
 -0.50351415E-001
 -0.50351421E-001
 -0.50351427E-001
 -0.50351433E-001
 -0.50351438E-001
 -0.50351444E-001
 -0.50351450E-001
 -0.50351455E-001
 -0.50351460E-001
 -0.50351465E-001
 -0.50351470E-001
 -0.50351475E-001
 -0.50351480E-001
 -0.50351484E-001
 -0.50351489E-001
 -0.50351493E-001
 -0.50351497E-001
 -0.50351501E-001
 -0.50351504E-001
 -0.50351508E-001
 -0.50351511E-001
 -0.50351514E-001
 -0.50351517E-001
 -0.50351520E-001
 -0.50351523E-001
 -0.50351526E-001
 -0.50351528E-001
 -0.50351531E-001
 -0.50351533E-001
 -0.50351535E-001
 -0.50351537E-001
 -0.50351539E-001
 -0.50351541E-001
 -0.50351542E-001
 -0.50351544E-001
 -0.50351545E-001
 -0.50351547E-001
 -0.50351548E-001
 -0.50351549E-001
 -0.50351550E-001
 -0.50351551E-001
 -0.50351552E-001
 -0.50351553E-001
 -0.50351554E-001
 -0.50351555E-001
 -0.50351556E-001
 -0.50351556E-001
 -0.50351557E-001
 -0.50351558E-001
 -0.50351559E-001
 -0.50351560E-001
 -0.50351561E-001
 -0.50351561E-001
