  0.16380372E+001
  0.16383980E+001
  0.16386804E+001
  0.16389055E+001
  0.16390854E+001
  0.16392284E+001
  0.16393410E+001
  0.16394283E+001
  0.16394946E+001
  0.16395432E+001
  0.16395771E+001
  0.16395986E+001
  0.16396099E+001
  0.16396125E+001
  0.16396080E+001
  0.16395974E+001
  0.16395819E+001
  0.16395621E+001
  0.16395388E+001
  0.16395127E+001
  0.16394841E+001
  0.16394536E+001
  0.16394214E+001
  0.16393879E+001
  0.16393534E+001
  0.16393179E+001
  0.16392819E+001
  0.16392453E+001
  0.16392084E+001
  0.16391712E+001
  0.16391339E+001
  0.16390966E+001
  0.16390593E+001
  0.16390221E+001
  0.16389851E+001
  0.16389483E+001
  0.16389119E+001
  0.16388758E+001
  0.16388401E+001
  0.16388049E+001
  0.16387702E+001
  0.16387361E+001
  0.16387026E+001
  0.16386697E+001
  0.16386375E+001
  0.16386060E+001
  0.16385753E+001
  0.16385453E+001
  0.16385162E+001
  0.16384879E+001
  0.16384605E+001
  0.16384340E+001
  0.16384084E+001
  0.16383837E+001
  0.16383599E+001
  0.16383371E+001
  0.16383152E+001
  0.16382943E+001
  0.16382743E+001
  0.16382553E+001
  0.16382372E+001
  0.16382201E+001
  0.16382039E+001
  0.16381885E+001
  0.16381741E+001
  0.16381606E+001
  0.16381479E+001
  0.16381360E+001
  0.16381249E+001
  0.16381146E+001
  0.16381051E+001
  0.16380962E+001
  0.16380881E+001
  0.16380806E+001
  0.16380738E+001
  0.16380675E+001
  0.16380618E+001
  0.16380567E+001
  0.16380521E+001
  0.16380479E+001
  0.16380442E+001
  0.16380409E+001
  0.16380380E+001
  0.16380355E+001
  0.16380333E+001
  0.16380314E+001
  0.16380298E+001
  0.16380284E+001
  0.16380273E+001
  0.16380263E+001
  0.16380256E+001
  0.16380250E+001
  0.16380246E+001
  0.16380242E+001
  0.16380240E+001
  0.16380239E+001
  0.16380239E+001
  0.16380239E+001
  0.16380240E+001
  0.16380241E+001
  0.16380242E+001
  0.16380244E+001
  0.16380246E+001
  0.16380248E+001
  0.16380251E+001
  0.16380253E+001
  0.16380256E+001
  0.16380258E+001
  0.16380261E+001
  0.16380263E+001
  0.16380265E+001
  0.16380268E+001
  0.16380270E+001
  0.16380273E+001
  0.16380275E+001
  0.16380277E+001
  0.16380279E+001
  0.16380281E+001
  0.16380283E+001
  0.16380286E+001
  0.16380288E+001
  0.16380290E+001
  0.16380292E+001
  0.16380294E+001
  0.16380295E+001
  0.16380297E+001
  0.16380299E+001
  0.16380301E+001
  0.16380303E+001
  0.16380305E+001
  0.16380307E+001
  0.16380308E+001
  0.16380310E+001
  0.16380312E+001
  0.16380314E+001
  0.16380316E+001
  0.16380317E+001
  0.16380319E+001
  0.16380321E+001
  0.16380322E+001
  0.16380324E+001
  0.16380326E+001
  0.16380328E+001
  0.16380329E+001
  0.16380331E+001
  0.16380332E+001
  0.16380334E+001
  0.16380336E+001
  0.16380337E+001
  0.16380339E+001
  0.16380340E+001
  0.16380342E+001
  0.16380343E+001
  0.16380345E+001
  0.16380346E+001
  0.16380347E+001
  0.16380349E+001
  0.16380350E+001
  0.16380351E+001
  0.16380352E+001
  0.16380353E+001
  0.16380355E+001
  0.16380356E+001
  0.16380357E+001
  0.16380358E+001
  0.16380359E+001
  0.16380360E+001
  0.16380361E+001
  0.16380362E+001
  0.16380362E+001
  0.16380363E+001
  0.16380364E+001
  0.16380365E+001
  0.16380365E+001
  0.16380366E+001
  0.16380367E+001
  0.16380367E+001
  0.16380368E+001
  0.16380368E+001
  0.16380369E+001
  0.16380369E+001
  0.16380370E+001
  0.16380370E+001
  0.16380371E+001
  0.16380371E+001
  0.16380371E+001
  0.16380372E+001
  0.16380372E+001
  0.16380372E+001
  0.16380372E+001
  0.16380373E+001
  0.16380373E+001
  0.16380373E+001
  0.16380373E+001
  0.16380373E+001
  0.16380374E+001
  0.16380374E+001
  0.16380374E+001
  0.16380374E+001
  0.16380374E+001
