  0.12529871E+001
  0.12529513E+001
  0.12528858E+001
  0.12528196E+001
  0.12527587E+001
  0.12527043E+001
  0.12526564E+001
  0.12526142E+001
  0.12525774E+001
  0.12525451E+001
  0.12525169E+001
  0.12524921E+001
  0.12524703E+001
  0.12524512E+001
  0.12524343E+001
  0.12524193E+001
  0.12524061E+001
  0.12523943E+001
  0.12523838E+001
  0.12523744E+001
  0.12523660E+001
  0.12523584E+001
  0.12523516E+001
  0.12523454E+001
  0.12523397E+001
  0.12523345E+001
  0.12523298E+001
  0.12523254E+001
  0.12523213E+001
  0.12523176E+001
  0.12523141E+001
  0.12523108E+001
  0.12523077E+001
  0.12523048E+001
  0.12523021E+001
  0.12522995E+001
  0.12522971E+001
  0.12522947E+001
  0.12522925E+001
  0.12522904E+001
  0.12522883E+001
  0.12522864E+001
  0.12522845E+001
  0.12522827E+001
  0.12522810E+001
  0.12522794E+001
  0.12522778E+001
  0.12522763E+001
  0.12522749E+001
  0.12522735E+001
  0.12522722E+001
  0.12522709E+001
  0.12522698E+001
  0.12522686E+001
  0.12522676E+001
  0.12522666E+001
  0.12522656E+001
  0.12522648E+001
  0.12522639E+001
  0.12522631E+001
  0.12522624E+001
  0.12522617E+001
  0.12522611E+001
  0.12522605E+001
  0.12522600E+001
  0.12522595E+001
  0.12522591E+001
  0.12522586E+001
  0.12522583E+001
  0.12522579E+001
  0.12522576E+001
  0.12522574E+001
  0.12522571E+001
  0.12522569E+001
  0.12522567E+001
  0.12522566E+001
  0.12522564E+001
  0.12522563E+001
  0.12522562E+001
  0.12522562E+001
  0.12522561E+001
  0.12522561E+001
  0.12522561E+001
  0.12522560E+001
  0.12522560E+001
  0.12522561E+001
  0.12522561E+001
  0.12522561E+001
  0.12522561E+001
  0.12522562E+001
  0.12522562E+001
  0.12522563E+001
  0.12522563E+001
  0.12522564E+001
  0.12522564E+001
  0.12522565E+001
  0.12522565E+001
  0.12522566E+001
  0.12522566E+001
  0.12522567E+001
  0.12522567E+001
  0.12522567E+001
  0.12522568E+001
  0.12522568E+001
  0.12522569E+001
  0.12522569E+001
  0.12522569E+001
  0.12522569E+001
  0.12522570E+001
  0.12522570E+001
  0.12522570E+001
  0.12522570E+001
  0.12522570E+001
  0.12522570E+001
  0.12522570E+001
  0.12522571E+001
  0.12522571E+001
  0.12522571E+001
  0.12522570E+001
  0.12522570E+001
  0.12522570E+001
  0.12522570E+001
  0.12522570E+001
  0.12522570E+001
  0.12522570E+001
  0.12522569E+001
  0.12522569E+001
  0.12522569E+001
  0.12522568E+001
  0.12522568E+001
  0.12522568E+001
  0.12522567E+001
  0.12522567E+001
  0.12522566E+001
  0.12522566E+001
  0.12522565E+001
  0.12522565E+001
  0.12522564E+001
  0.12522563E+001
  0.12522563E+001
  0.12522562E+001
  0.12522561E+001
  0.12522560E+001
  0.12522560E+001
  0.12522559E+001
  0.12522558E+001
  0.12522557E+001
  0.12522556E+001
  0.12522555E+001
  0.12522554E+001
  0.12522553E+001
  0.12522552E+001
  0.12522551E+001
  0.12522550E+001
  0.12522549E+001
  0.12522548E+001
  0.12522546E+001
  0.12522545E+001
  0.12522544E+001
  0.12522543E+001
  0.12522541E+001
  0.12522540E+001
  0.12522539E+001
  0.12522537E+001
  0.12522536E+001
  0.12522535E+001
  0.12522533E+001
  0.12522532E+001
  0.12522531E+001
  0.12522529E+001
  0.12522528E+001
  0.12522526E+001
  0.12522525E+001
  0.12522524E+001
  0.12522522E+001
  0.12522521E+001
  0.12522519E+001
  0.12522518E+001
  0.12522516E+001
  0.12522515E+001
  0.12522513E+001
  0.12522512E+001
  0.12522511E+001
  0.12522509E+001
  0.12522508E+001
  0.12522506E+001
  0.12522505E+001
  0.12522504E+001
  0.12522502E+001
  0.12522501E+001
  0.12522500E+001
  0.12522498E+001
  0.12522497E+001
  0.12522496E+001
  0.12522494E+001
  0.12522493E+001
  0.12522492E+001
  0.12522491E+001
  0.12522490E+001
  0.12522488E+001
