  0.19555103E+001
  0.19209604E+001
  0.19106976E+001
  0.19078280E+001
  0.19079860E+001
  0.19095825E+001
  0.19119004E+001
  0.19145788E+001
  0.19174108E+001
  0.19202412E+001
  0.19230205E+001
  0.19257183E+001
  0.19283121E+001
  0.19307894E+001
  0.19331413E+001
  0.19353637E+001
  0.19374539E+001
  0.19394108E+001
  0.19412313E+001
  0.19429213E+001
  0.19444835E+001
  0.19459214E+001
  0.19472385E+001
  0.19484387E+001
  0.19495199E+001
  0.19504040E+001
  0.19511249E+001
  0.19517115E+001
  0.19521876E+001
  0.19525732E+001
  0.19528850E+001
  0.19531366E+001
  0.19533396E+001
  0.19535034E+001
  0.19536357E+001
  0.19537428E+001
  0.19538300E+001
  0.19539014E+001
  0.19539604E+001
  0.19540095E+001
  0.19540511E+001
  0.19540866E+001
  0.19541174E+001
  0.19541445E+001
  0.19541686E+001
  0.19541903E+001
  0.19542100E+001
  0.19542281E+001
  0.19542447E+001
  0.19542601E+001
  0.19542743E+001
  0.19542876E+001
  0.19542998E+001
  0.19543111E+001
  0.19543216E+001
  0.19543313E+001
  0.19543402E+001
  0.19543484E+001
  0.19543559E+001
  0.19543628E+001
  0.19543690E+001
  0.19543746E+001
  0.19543798E+001
  0.19543844E+001
  0.19543885E+001
  0.19543922E+001
  0.19543955E+001
  0.19543985E+001
  0.19544011E+001
  0.19544034E+001
  0.19544055E+001
  0.19544073E+001
  0.19544089E+001
  0.19544102E+001
  0.19544115E+001
  0.19544125E+001
  0.19544134E+001
  0.19544142E+001
  0.19544149E+001
  0.19544155E+001
  0.19544160E+001
  0.19544164E+001
  0.19544167E+001
  0.19544169E+001
  0.19544171E+001
  0.19544172E+001
  0.19544172E+001
  0.19544172E+001
  0.19544172E+001
  0.19544171E+001
  0.19544170E+001
  0.19544169E+001
  0.19544167E+001
  0.19544166E+001
  0.19544164E+001
  0.19544163E+001
  0.19544161E+001
  0.19544159E+001
  0.19544158E+001
  0.19544157E+001
  0.19544155E+001
  0.19544154E+001
  0.19544153E+001
  0.19544153E+001
  0.19544152E+001
  0.19544152E+001
  0.19544151E+001
  0.19544151E+001
  0.19544151E+001
  0.19544152E+001
  0.19544152E+001
  0.19544153E+001
  0.19544153E+001
  0.19544154E+001
  0.19544155E+001
  0.19544156E+001
  0.19544157E+001
  0.19544159E+001
  0.19544160E+001
  0.19544161E+001
  0.19544163E+001
  0.19544164E+001
  0.19544166E+001
  0.19544167E+001
  0.19544168E+001
  0.19544170E+001
  0.19544171E+001
  0.19544173E+001
  0.19544174E+001
  0.19544175E+001
  0.19544176E+001
  0.19544177E+001
  0.19544179E+001
  0.19544180E+001
  0.19544180E+001
  0.19544181E+001
  0.19544182E+001
  0.19544183E+001
  0.19544183E+001
  0.19544184E+001
  0.19544184E+001
  0.19544184E+001
  0.19544185E+001
  0.19544185E+001
  0.19544185E+001
  0.19544185E+001
  0.19544184E+001
  0.19544184E+001
  0.19544184E+001
  0.19544183E+001
  0.19544183E+001
  0.19544182E+001
  0.19544181E+001
  0.19544181E+001
  0.19544180E+001
  0.19544179E+001
  0.19544178E+001
  0.19544177E+001
  0.19544175E+001
  0.19544174E+001
  0.19544173E+001
  0.19544172E+001
  0.19544170E+001
  0.19544169E+001
  0.19544167E+001
  0.19544166E+001
  0.19544164E+001
  0.19544162E+001
  0.19544160E+001
  0.19544159E+001
  0.19544157E+001
  0.19544155E+001
  0.19544153E+001
  0.19544151E+001
  0.19544149E+001
  0.19544147E+001
  0.19544145E+001
  0.19544143E+001
  0.19544141E+001
  0.19544139E+001
  0.19544137E+001
  0.19544135E+001
  0.19544133E+001
  0.19544131E+001
  0.19544129E+001
  0.19544127E+001
  0.19544125E+001
  0.19544123E+001
  0.19544121E+001
  0.19544119E+001
  0.19544116E+001
  0.19544114E+001
  0.19544112E+001
  0.19544110E+001
  0.19544108E+001
  0.19544106E+001
  0.19544105E+001
  0.19544103E+001
  0.19544102E+001
  0.19544100E+001
