  0.59966056E+000
  0.59937521E+000
  0.59917763E+000
  0.59903133E+000
  0.59892317E+000
  0.59884396E+000
  0.59878712E+000
  0.59874756E+000
  0.59872159E+000
  0.59870625E+000
  0.59869904E+000
  0.59869809E+000
  0.59870195E+000
  0.59870950E+000
  0.59871981E+000
  0.59873216E+000
  0.59874600E+000
  0.59876093E+000
  0.59877686E+000
  0.59879335E+000
  0.59881004E+000
  0.59882670E+000
  0.59884315E+000
  0.59885924E+000
  0.59887517E+000
  0.59889432E+000
  0.59891445E+000
  0.59893433E+000
  0.59895325E+000
  0.59897088E+000
  0.59898708E+000
  0.59900181E+000
  0.59901510E+000
  0.59902702E+000
  0.59903765E+000
  0.59904706E+000
  0.59905535E+000
  0.59906259E+000
  0.59906886E+000
  0.59907425E+000
  0.59907883E+000
  0.59908267E+000
  0.59908585E+000
  0.59908842E+000
  0.59909047E+000
  0.59909205E+000
  0.59909322E+000
  0.59909404E+000
  0.59909457E+000
  0.59909484E+000
  0.59909492E+000
  0.59909482E+000
  0.59909460E+000
  0.59909427E+000
  0.59909387E+000
  0.59909342E+000
  0.59909294E+000
  0.59909244E+000
  0.59909194E+000
  0.59909144E+000
  0.59909096E+000
  0.59909049E+000
  0.59909006E+000
  0.59908966E+000
  0.59908928E+000
  0.59908895E+000
  0.59908864E+000
  0.59908838E+000
  0.59908815E+000
  0.59908795E+000
  0.59908778E+000
  0.59908765E+000
  0.59908755E+000
  0.59908747E+000
  0.59908742E+000
  0.59908740E+000
  0.59908739E+000
  0.59908740E+000
  0.59908742E+000
  0.59908746E+000
  0.59908751E+000
  0.59908756E+000
  0.59908762E+000
  0.59908767E+000
  0.59908774E+000
  0.59908780E+000
  0.59908785E+000
  0.59908791E+000
  0.59908796E+000
  0.59908801E+000
  0.59908805E+000
  0.59908809E+000
  0.59908812E+000
  0.59908815E+000
  0.59908817E+000
  0.59908819E+000
  0.59908820E+000
  0.59908822E+000
  0.59908822E+000
  0.59908823E+000
  0.59908823E+000
  0.59908823E+000
  0.59908823E+000
  0.59908823E+000
  0.59908822E+000
  0.59908822E+000
  0.59908821E+000
  0.59908820E+000
  0.59908820E+000
  0.59908819E+000
  0.59908818E+000
  0.59908816E+000
  0.59908815E+000
  0.59908814E+000
  0.59908813E+000
  0.59908812E+000
  0.59908810E+000
  0.59908809E+000
  0.59908807E+000
  0.59908806E+000
  0.59908804E+000
  0.59908803E+000
  0.59908801E+000
  0.59908800E+000
  0.59908798E+000
  0.59908796E+000
  0.59908795E+000
  0.59908793E+000
  0.59908791E+000
  0.59908789E+000
  0.59908788E+000
  0.59908786E+000
  0.59908784E+000
  0.59908782E+000
  0.59908780E+000
  0.59908779E+000
  0.59908777E+000
  0.59908775E+000
  0.59908773E+000
  0.59908771E+000
  0.59908770E+000
  0.59908768E+000
  0.59908766E+000
  0.59908765E+000
  0.59908763E+000
  0.59908761E+000
  0.59908760E+000
  0.59908758E+000
  0.59908757E+000
  0.59908756E+000
  0.59908754E+000
  0.59908753E+000
  0.59908752E+000
  0.59908751E+000
  0.59908749E+000
  0.59908748E+000
  0.59908747E+000
  0.59908747E+000
  0.59908746E+000
  0.59908745E+000
  0.59908744E+000
  0.59908743E+000
  0.59908743E+000
  0.59908742E+000
  0.59908742E+000
  0.59908741E+000
  0.59908741E+000
  0.59908740E+000
  0.59908740E+000
  0.59908740E+000
  0.59908739E+000
  0.59908739E+000
  0.59908739E+000
  0.59908739E+000
  0.59908739E+000
  0.59908739E+000
  0.59908739E+000
  0.59908739E+000
  0.59908739E+000
  0.59908738E+000
  0.59908739E+000
  0.59908739E+000
  0.59908739E+000
  0.59908739E+000
  0.59908739E+000
  0.59908739E+000
  0.59908739E+000
  0.59908739E+000
  0.59908739E+000
  0.59908739E+000
  0.59908739E+000
  0.59908739E+000
  0.59908740E+000
  0.59908740E+000
  0.59908740E+000
  0.59908740E+000
  0.59908740E+000
  0.59908740E+000
  0.59908741E+000
  0.59908741E+000
