  0.65948195E+000  0.85511683E+000  0.97789604E+000  0.25194539E+001
  0.65954824E+000  0.85505600E+000  0.97772825E+000  0.25194728E+001
  0.65949821E+000  0.85527610E+000  0.97730859E+000  0.25194608E+001
  0.65947962E+000  0.85529175E+000  0.97706908E+000  0.25194383E+001
  0.65943268E+000  0.85521234E+000  0.97697686E+000  0.25194132E+001
  0.65942846E+000  0.85508483E+000  0.97691541E+000  0.25193889E+001
  0.65960989E+000  0.85478977E+000  0.97685953E+000  0.25193666E+001
  0.65957546E+000  0.85481082E+000  0.97672453E+000  0.25193464E+001
  0.66020188E+000  0.85409824E+000  0.97668099E+000  0.25193286E+001
  0.66017473E+000  0.85404911E+000  0.97664408E+000  0.25193129E+001
  0.66057007E+000  0.85358971E+000  0.97660913E+000  0.25192989E+001
  0.66054836E+000  0.85356561E+000  0.97656821E+000  0.25192865E+001
  0.66052885E+000  0.85353429E+000  0.97654291E+000  0.25192755E+001
  0.66051352E+000  0.85350411E+000  0.97652146E+000  0.25192659E+001
  0.66049651E+000  0.85348167E+000  0.97650190E+000  0.25192573E+001
  0.66048205E+000  0.85346125E+000  0.97648464E+000  0.25192497E+001
  0.66046887E+000  0.85344348E+000  0.97646937E+000  0.25192429E+001
  0.66045683E+000  0.85342809E+000  0.97645577E+000  0.25192369E+001
  0.66044579E+000  0.85342043E+000  0.97643790E+000  0.25192315E+001
  0.66043561E+000  0.85340864E+000  0.97642716E+000  0.25192267E+001
  0.66042618E+000  0.85339831E+000  0.97641758E+000  0.25192223E+001
  0.66041741E+000  0.85338926E+000  0.97640899E+000  0.25192184E+001
  0.66040923E+000  0.85338130E+000  0.97640128E+000  0.25192149E+001
  0.66040155E+000  0.85337430E+000  0.97639432E+000  0.25192116E+001
  0.66039432E+000  0.85336734E+000  0.97638881E+000  0.25192087E+001
  0.66038749E+000  0.85336191E+000  0.97638303E+000  0.25192060E+001
  0.66038101E+000  0.85335712E+000  0.97637773E+000  0.25192035E+001
  0.66037483E+000  0.85335289E+000  0.97637288E+000  0.25192013E+001
  0.66036893E+000  0.85334913E+000  0.97636844E+000  0.25191992E+001
  0.66036327E+000  0.85334578E+000  0.97636437E+000  0.25191972E+001
  0.66035782E+000  0.85334278E+000  0.97636065E+000  0.25191954E+001
  0.66035257E+000  0.85334008E+000  0.97635722E+000  0.25191936E+001
  0.66034750E+000  0.85333765E+000  0.97635407E+000  0.25191920E+001
  0.66034259E+000  0.85333544E+000  0.97635116E+000  0.25191905E+001
  0.66033782E+000  0.85333342E+000  0.97634847E+000  0.25191890E+001
  0.66033319E+000  0.85333158E+000  0.97634598E+000  0.25191877E+001
  0.66032870E+000  0.85332988E+000  0.97634367E+000  0.25191864E+001
  0.66032432E+000  0.85332831E+000  0.97634152E+000  0.25191851E+001
  0.66032007E+000  0.85332686E+000  0.97633951E+000  0.25191839E+001
  0.66031593E+000  0.85332551E+000  0.97633764E+000  0.25191827E+001
  0.66031191E+000  0.85332425E+000  0.97633588E+000  0.25191816E+001
  0.66030800E+000  0.85332308E+000  0.97633424E+000  0.25191806E+001
  0.66030420E+000  0.85332198E+000  0.97633270E+000  0.25191795E+001
  0.66030052E+000  0.85332095E+000  0.97633125E+000  0.25191785E+001
  0.66029696E+000  0.85331999E+000  0.97632989E+000  0.25191776E+001
  0.66029351E+000  0.85331908E+000  0.97632861E+000  0.25191766E+001
  0.66029018E+000  0.85331824E+000  0.97632739E+000  0.25191757E+001
  0.66028697E+000  0.85331745E+000  0.97632625E+000  0.25191749E+001
  0.66028388E+000  0.85331671E+000  0.97632516E+000  0.25191740E+001
  0.66028092E+000  0.85331602E+000  0.97632414E+000  0.25191732E+001
  0.66027808E+000  0.85331537E+000  0.97632317E+000  0.25191725E+001
  0.66027537E+000  0.85331477E+000  0.97632225E+000  0.25191717E+001
  0.66027279E+000  0.85331422E+000  0.97632137E+000  0.25191710E+001
  0.66027034E+000  0.85331370E+000  0.97632055E+000  0.25191703E+001
  0.66026801E+000  0.85331323E+000  0.97631976E+000  0.25191697E+001
  0.66026582E+000  0.85331279E+000  0.97631902E+000  0.25191690E+001
  0.66026374E+000  0.85331238E+000  0.97631831E+000  0.25191684E+001
  0.66026180E+000  0.85331201E+000  0.97631764E+000  0.25191679E+001
  0.66025998E+000  0.85331168E+000  0.97631701E+000  0.25191673E+001
  0.66025827E+000  0.85331137E+000  0.97631641E+000  0.25191668E+001
  0.66025669E+000  0.85331109E+000  0.97631585E+000  0.25191664E+001
  0.66025522E+000  0.85331084E+000  0.97631531E+000  0.25191659E+001
  0.66025387E+000  0.85331062E+000  0.97631480E+000  0.25191655E+001
  0.66025262E+000  0.85331041E+000  0.97631433E+000  0.25191651E+001
  0.66025147E+000  0.85331024E+000  0.97631388E+000  0.25191647E+001
  0.66025042E+000  0.85331008E+000  0.97631346E+000  0.25191644E+001
  0.66024946E+000  0.85330994E+000  0.97631306E+000  0.25191641E+001
  0.66024860E+000  0.85330982E+000  0.97631269E+000  0.25191638E+001
  0.66024781E+000  0.85330972E+000  0.97631235E+000  0.25191635E+001
  0.66024711E+000  0.85330964E+000  0.97631202E+000  0.25191633E+001
  0.66024648E+000  0.85330957E+000  0.97631172E+000  0.25191631E+001
  0.66024591E+000  0.85330952E+000  0.97631145E+000  0.25191629E+001
  0.66024541E+000  0.85330948E+000  0.97631119E+000  0.25191627E+001
  0.66024497E+000  0.85330945E+000  0.97631095E+000  0.25191626E+001
  0.66024459E+000  0.85330944E+000  0.97631074E+000  0.25191625E+001
  0.66024425E+000  0.85330944E+000  0.97631054E+000  0.25191624E+001
  0.66024396E+000  0.85330944E+000  0.97631036E+000  0.25191623E+001
  0.66024371E+000  0.85330946E+000  0.97631020E+000  0.25191623E+001
  0.66024349E+000  0.85330948E+000  0.97631006E+000  0.25191623E+001
  0.66024331E+000  0.85330952E+000  0.97630993E+000  0.25191622E+001
  0.66024317E+000  0.85330956E+000  0.97630982E+000  0.25191623E+001
  0.66024304E+000  0.85330960E+000  0.97630972E+000  0.25191623E+001
  0.66024295E+000  0.85330965E+000  0.97630963E+000  0.25191623E+001
  0.66024287E+000  0.85330971E+000  0.97630956E+000  0.25191624E+001
  0.66024281E+000  0.85330976E+000  0.97630949E+000  0.25191624E+001
  0.66024277E+000  0.85330982E+000  0.97630943E+000  0.25191625E+001
  0.66024274E+000  0.85330988E+000  0.97630939E+000  0.25191626E+001
  0.66024272E+000  0.85330994E+000  0.97630934E+000  0.25191627E+001
  0.66024272E+000  0.85331000E+000  0.97630931E+000  0.25191628E+001
  0.66024272E+000  0.85331006E+000  0.97630928E+000  0.25191630E+001
  0.66024273E+000  0.85331012E+000  0.97630925E+000  0.25191631E+001
  0.66024274E+000  0.85331017E+000  0.97630923E+000  0.25191632E+001
  0.66024276E+000  0.85331023E+000  0.97630921E+000  0.25191634E+001
  0.66024278E+000  0.85331028E+000  0.97630919E+000  0.25191635E+001
  0.66024281E+000  0.85331032E+000  0.97630917E+000  0.25191637E+001
  0.66024284E+000  0.85331037E+000  0.97630915E+000  0.25191638E+001
  0.66024287E+000  0.85331041E+000  0.97630913E+000  0.25191640E+001
  0.66024290E+000  0.85331044E+000  0.97630911E+000  0.25191641E+001
  0.66024293E+000  0.85331047E+000  0.97630909E+000  0.25191643E+001
  0.66024296E+000  0.85331050E+000  0.97630906E+000  0.25191644E+001
  0.66024299E+000  0.85331053E+000  0.97630904E+000  0.25191646E+001
  0.66024302E+000  0.85331055E+000  0.97630901E+000  0.25191647E+001
  0.66024304E+000  0.85331056E+000  0.97630898E+000  0.25191648E+001
  0.66024307E+000  0.85331058E+000  0.97630895E+000  0.25191650E+001
  0.66024310E+000  0.85331059E+000  0.97630892E+000  0.25191651E+001
  0.66024313E+000  0.85331059E+000  0.97630888E+000  0.25191652E+001
  0.66024315E+000  0.85331060E+000  0.97630885E+000  0.25191654E+001
  0.66024318E+000  0.85331060E+000  0.97630881E+000  0.25191655E+001
  0.66024320E+000  0.85331060E+000  0.97630876E+000  0.25191656E+001
  0.66024322E+000  0.85331060E+000  0.97630872E+000  0.25191657E+001
  0.66024325E+000  0.85331059E+000  0.97630867E+000  0.25191658E+001
  0.66024327E+000  0.85331058E+000  0.97630862E+000  0.25191659E+001
  0.66024329E+000  0.85331057E+000  0.97630857E+000  0.25191660E+001
  0.66024331E+000  0.85331056E+000  0.97630852E+000  0.25191661E+001
  0.66024333E+000  0.85331055E+000  0.97630846E+000  0.25191662E+001
  0.66024334E+000  0.85331054E+000  0.97630840E+000  0.25191662E+001
  0.66024336E+000  0.85331052E+000  0.97630834E+000  0.25191663E+001
  0.66024338E+000  0.85331051E+000  0.97630828E+000  0.25191663E+001
  0.66024339E+000  0.85331049E+000  0.97630822E+000  0.25191664E+001
  0.66024341E+000  0.85331048E+000  0.97630815E+000  0.25191664E+001
  0.66024342E+000  0.85331046E+000  0.97630809E+000  0.25191665E+001
  0.66024343E+000  0.85331044E+000  0.97630802E+000  0.25191665E+001
  0.66024344E+000  0.85331043E+000  0.97630795E+000  0.25191665E+001
  0.66024345E+000  0.85331041E+000  0.97630787E+000  0.25191665E+001
  0.66024346E+000  0.85331039E+000  0.97630780E+000  0.25191665E+001
  0.66024347E+000  0.85331038E+000  0.97630773E+000  0.25191665E+001
  0.66024348E+000  0.85331036E+000  0.97630765E+000  0.25191664E+001
  0.66024349E+000  0.85331035E+000  0.97630757E+000  0.25191664E+001
  0.66024350E+000  0.85331033E+000  0.97630749E+000  0.25191664E+001
  0.66024350E+000  0.85331032E+000  0.97630742E+000  0.25191663E+001
  0.66024351E+000  0.85331030E+000  0.97630734E+000  0.25191662E+001
  0.66024351E+000  0.85331029E+000  0.97630725E+000  0.25191662E+001
  0.66024351E+000  0.85331028E+000  0.97630717E+000  0.25191661E+001
  0.66024351E+000  0.85331027E+000  0.97630709E+000  0.25191660E+001
  0.66024352E+000  0.85331026E+000  0.97630701E+000  0.25191658E+001
  0.66024352E+000  0.85331024E+000  0.97630692E+000  0.25191657E+001
  0.66024352E+000  0.85331023E+000  0.97630684E+000  0.25191656E+001
  0.66024352E+000  0.85331022E+000  0.97630675E+000  0.25191654E+001
  0.66024351E+000  0.85331021E+000  0.97630667E+000  0.25191653E+001
  0.66024351E+000  0.85331020E+000  0.97630659E+000  0.25191651E+001
  0.66024351E+000  0.85331020E+000  0.97630650E+000  0.25191649E+001
  0.66024350E+000  0.85331019E+000  0.97630642E+000  0.25191647E+001
  0.66024350E+000  0.85331018E+000  0.97630633E+000  0.25191645E+001
  0.66024350E+000  0.85331017E+000  0.97630625E+000  0.25191643E+001
  0.66024349E+000  0.85331016E+000  0.97630617E+000  0.25191640E+001
  0.66024349E+000  0.85331016E+000  0.97630609E+000  0.25191638E+001
  0.66024348E+000  0.85331015E+000  0.97630600E+000  0.25191635E+001
  0.66024347E+000  0.85331014E+000  0.97630592E+000  0.25191632E+001
  0.66024347E+000  0.85331014E+000  0.97630584E+000  0.25191629E+001
  0.66024346E+000  0.85331013E+000  0.97630577E+000  0.25191626E+001
  0.66024345E+000  0.85331012E+000  0.97630569E+000  0.25191623E+001
  0.66024345E+000  0.85331012E+000  0.97630561E+000  0.25191620E+001
  0.66024344E+000  0.85331011E+000  0.97630554E+000  0.25191616E+001
  0.66024343E+000  0.85331011E+000  0.97630547E+000  0.25191613E+001
  0.66024342E+000  0.85331010E+000  0.97630539E+000  0.25191609E+001
  0.66024342E+000  0.85331010E+000  0.97630532E+000  0.25191605E+001
  0.66024341E+000  0.85331009E+000  0.97630526E+000  0.25191601E+001
  0.66024340E+000  0.85331009E+000  0.97630519E+000  0.25191597E+001
  0.66024340E+000  0.85331008E+000  0.97630512E+000  0.25191593E+001
  0.66024339E+000  0.85331008E+000  0.97630506E+000  0.25191589E+001
  0.66024338E+000  0.85331007E+000  0.97630500E+000  0.25191584E+001
  0.66024337E+000  0.85331007E+000  0.97630494E+000  0.25191580E+001
  0.66024337E+000  0.85331006E+000  0.97630488E+000  0.25191575E+001
  0.66024336E+000  0.85331006E+000  0.97630482E+000  0.25191571E+001
  0.66024336E+000  0.85331005E+000  0.97630477E+000  0.25191566E+001
  0.66024335E+000  0.85331005E+000  0.97630472E+000  0.25191561E+001
  0.66024334E+000  0.85331005E+000  0.97630467E+000  0.25191556E+001
  0.66024334E+000  0.85331004E+000  0.97630462E+000  0.25191551E+001
  0.66024333E+000  0.85331004E+000  0.97630457E+000  0.25191546E+001
  0.66024333E+000  0.85331004E+000  0.97630452E+000  0.25191541E+001
  0.66024332E+000  0.85331003E+000  0.97630448E+000  0.25191536E+001
  0.66024332E+000  0.85331003E+000  0.97630444E+000  0.25191531E+001
  0.66024331E+000  0.85331003E+000  0.97630440E+000  0.25191526E+001
  0.66024331E+000  0.85331002E+000  0.97630436E+000  0.25191520E+001
  0.66024330E+000  0.85331002E+000  0.97630432E+000  0.25191515E+001
  0.66024330E+000  0.85331002E+000  0.97630429E+000  0.25191510E+001
  0.66024330E+000  0.85331001E+000  0.97630426E+000  0.25191504E+001
  0.66024329E+000  0.85331001E+000  0.97630422E+000  0.25191499E+001
  0.66024329E+000  0.85331001E+000  0.97630419E+000  0.25191493E+001
  0.66024328E+000  0.85331001E+000  0.97630417E+000  0.25191488E+001
  0.66024328E+000  0.85331000E+000  0.97630414E+000  0.25191483E+001
  0.66024328E+000  0.85331000E+000  0.97630411E+000  0.25191477E+001
  0.66024328E+000  0.85331000E+000  0.97630409E+000  0.25191472E+001
  0.66024327E+000  0.85331000E+000  0.97630406E+000  0.25191467E+001
  0.66024327E+000  0.85331000E+000  0.97630404E+000  0.25191461E+001
  0.66024327E+000  0.85330999E+000  0.97630402E+000  0.25191456E+001
  0.66024327E+000  0.85330999E+000  0.97630400E+000  0.25191451E+001
  0.66024327E+000  0.85330999E+000  0.97630398E+000  0.25191445E+001
  0.66024326E+000  0.85330999E+000  0.97630396E+000  0.25191440E+001
  0.66024326E+000  0.85330999E+000  0.97630395E+000  0.25191435E+001
  0.66024326E+000  0.85330999E+000  0.97630393E+000  0.25191430E+001
  0.66024326E+000  0.85330999E+000  0.97630392E+000  0.25191425E+001
  0.66024326E+000  0.85330999E+000  0.97630390E+000  0.25191420E+001
  0.66024326E+000  0.85330998E+000  0.97630389E+000  0.25191415E+001
  0.66024325E+000  0.85330998E+000  0.97630388E+000  0.25191410E+001
  0.66024325E+000  0.85330998E+000  0.97630387E+000  0.25191405E+001
  0.66024325E+000  0.85330998E+000  0.97630386E+000  0.25191400E+001
  0.66024325E+000  0.85330998E+000  0.97630385E+000  0.25191395E+001
  0.66024325E+000  0.85330998E+000  0.97630384E+000  0.25191391E+001
  0.66024325E+000  0.85330998E+000  0.97630383E+000  0.25191386E+001
