  0.70260948E+000  0.85403980E+000  0.10381788E+001  0.24171207E+001
  0.70254346E+000  0.85386880E+000  0.10382167E+001  0.24171763E+001
  0.70246734E+000  0.85371923E+000  0.10382040E+001  0.24171531E+001
  0.70239170E+000  0.85359147E+000  0.10381806E+001  0.24171150E+001
  0.70232069E+000  0.85348307E+000  0.10381555E+001  0.24170758E+001
  0.70225562E+000  0.85339130E+000  0.10381312E+001  0.24170394E+001
  0.70219669E+000  0.85331381E+000  0.10381083E+001  0.24170069E+001
  0.70213786E+000  0.85325422E+000  0.10380868E+001  0.24169783E+001
  0.70208633E+000  0.85320344E+000  0.10380666E+001  0.24169534E+001
  0.70204145E+000  0.85316278E+000  0.10380449E+001  0.24169317E+001
  0.70200211E+000  0.85312724E+000  0.10380255E+001  0.24169129E+001
  0.70196751E+000  0.85309603E+000  0.10380084E+001  0.24168967E+001
  0.70193696E+000  0.85306863E+000  0.10379933E+001  0.24168827E+001
  0.70190987E+000  0.85304458E+000  0.10379800E+001  0.24168705E+001
  0.70188573E+000  0.85302346E+000  0.10379682E+001  0.24168600E+001
  0.70186412E+000  0.85300492E+000  0.10379577E+001  0.24168509E+001
  0.70184291E+000  0.85299041E+000  0.10379483E+001  0.24168430E+001
  0.70182160E+000  0.85297984E+000  0.10379400E+001  0.24168362E+001
  0.70180174E+000  0.85297131E+000  0.10379323E+001  0.24168302E+001
  0.70178314E+000  0.85296646E+000  0.10379234E+001  0.24168251E+001
  0.70176568E+000  0.85296318E+000  0.10379150E+001  0.24168206E+001
  0.70174924E+000  0.85296122E+000  0.10379069E+001  0.24168167E+001
  0.70173371E+000  0.85296038E+000  0.10378993E+001  0.24168133E+001
  0.70171900E+000  0.85296048E+000  0.10378920E+001  0.24168103E+001
  0.70170503E+000  0.85296137E+000  0.10378851E+001  0.24168077E+001
  0.70169169E+000  0.85296291E+000  0.10378784E+001  0.24168054E+001
  0.70167895E+000  0.85296498E+000  0.10378720E+001  0.24168035E+001
  0.70166679E+000  0.85296747E+000  0.10378659E+001  0.24168017E+001
  0.70165517E+000  0.85297030E+000  0.10378600E+001  0.24168002E+001
  0.70164404E+000  0.85297339E+000  0.10378543E+001  0.24167988E+001
  0.70163338E+000  0.85297667E+000  0.10378489E+001  0.24167976E+001
  0.70162316E+000  0.85298007E+000  0.10378437E+001  0.24167966E+001
  0.70161334E+000  0.85298356E+000  0.10378387E+001  0.24167956E+001
  0.70160391E+000  0.85298708E+000  0.10378339E+001  0.24167948E+001
  0.70159484E+000  0.85299060E+000  0.10378293E+001  0.24167940E+001
  0.70158612E+000  0.85299409E+000  0.10378249E+001  0.24167933E+001
  0.70157774E+000  0.85299752E+000  0.10378207E+001  0.24167926E+001
  0.70156967E+000  0.85300088E+000  0.10378167E+001  0.24167920E+001
  0.70156192E+000  0.85300415E+000  0.10378128E+001  0.24167914E+001
  0.70155447E+000  0.85300731E+000  0.10378092E+001  0.24167909E+001
  0.70154731E+000  0.85301036E+000  0.10378057E+001  0.24167903E+001
  0.70154045E+000  0.85301329E+000  0.10378023E+001  0.24167898E+001
  0.70153387E+000  0.85301609E+000  0.10377991E+001  0.24167894E+001
  0.70152758E+000  0.85301877E+000  0.10377960E+001  0.24167889E+001
  0.70152156E+000  0.85302131E+000  0.10377931E+001  0.24167885E+001
  0.70151583E+000  0.85302373E+000  0.10377902E+001  0.24167880E+001
  0.70151037E+000  0.85302601E+000  0.10377875E+001  0.24167876E+001
  0.70150518E+000  0.85302817E+000  0.10377849E+001  0.24167872E+001
  0.70150027E+000  0.85303020E+000  0.10377824E+001  0.24167869E+001
  0.70149562E+000  0.85303210E+000  0.10377800E+001  0.24167865E+001
  0.70149123E+000  0.85303387E+000  0.10377778E+001  0.24167862E+001
  0.70148711E+000  0.85303553E+000  0.10377756E+001  0.24167859E+001
  0.70148324E+000  0.85303707E+000  0.10377734E+001  0.24167856E+001
  0.70147962E+000  0.85303849E+000  0.10377714E+001  0.24167854E+001
  0.70147625E+000  0.85303980E+000  0.10377695E+001  0.24167851E+001
  0.70147311E+000  0.85304101E+000  0.10377676E+001  0.24167849E+001
  0.70147019E+000  0.85304213E+000  0.10377658E+001  0.24167847E+001
  0.70146750E+000  0.85304315E+000  0.10377641E+001  0.24167845E+001
  0.70146501E+000  0.85304408E+000  0.10377625E+001  0.24167844E+001
  0.70146272E+000  0.85304494E+000  0.10377610E+001  0.24167842E+001
  0.70146061E+000  0.85304573E+000  0.10377595E+001  0.24167841E+001
  0.70145868E+000  0.85304646E+000  0.10377581E+001  0.24167840E+001
  0.70145690E+000  0.85304713E+000  0.10377568E+001  0.24167839E+001
  0.70145527E+000  0.85304776E+000  0.10377555E+001  0.24167839E+001
  0.70145378E+000  0.85304835E+000  0.10377544E+001  0.24167838E+001
  0.70145240E+000  0.85304892E+000  0.10377532E+001  0.24167838E+001
  0.70145114E+000  0.85304946E+000  0.10377522E+001  0.24167838E+001
  0.70144997E+000  0.85304998E+000  0.10377512E+001  0.24167838E+001
  0.70144889E+000  0.85305049E+000  0.10377502E+001  0.24167838E+001
  0.70144789E+000  0.85305100E+000  0.10377493E+001  0.24167838E+001
  0.70144695E+000  0.85305151E+000  0.10377485E+001  0.24167839E+001
  0.70144608E+000  0.85305202E+000  0.10377477E+001  0.24167840E+001
  0.70144526E+000  0.85305254E+000  0.10377470E+001  0.24167841E+001
  0.70144448E+000  0.85305306E+000  0.10377463E+001  0.24167842E+001
  0.70144374E+000  0.85305359E+000  0.10377456E+001  0.24167843E+001
  0.70144304E+000  0.85305412E+000  0.10377450E+001  0.24167844E+001
  0.70144237E+000  0.85305467E+000  0.10377445E+001  0.24167846E+001
  0.70144173E+000  0.85305522E+000  0.10377439E+001  0.24167848E+001
  0.70144112E+000  0.85305577E+000  0.10377434E+001  0.24167850E+001
  0.70144054E+000  0.85305633E+000  0.10377430E+001  0.24167852E+001
  0.70143998E+000  0.85305689E+000  0.10377425E+001  0.24167854E+001
  0.70143944E+000  0.85305745E+000  0.10377421E+001  0.24167856E+001
  0.70143893E+000  0.85305800E+000  0.10377418E+001  0.24167859E+001
  0.70143843E+000  0.85305855E+000  0.10377414E+001  0.24167861E+001
  0.70143796E+000  0.85305909E+000  0.10377411E+001  0.24167864E+001
  0.70143751E+000  0.85305961E+000  0.10377408E+001  0.24167866E+001
  0.70143708E+000  0.85306013E+000  0.10377405E+001  0.24167869E+001
  0.70143668E+000  0.85306063E+000  0.10377402E+001  0.24167872E+001
  0.70143629E+000  0.85306112E+000  0.10377400E+001  0.24167875E+001
  0.70143592E+000  0.85306159E+000  0.10377397E+001  0.24167878E+001
  0.70143557E+000  0.85306205E+000  0.10377395E+001  0.24167881E+001
  0.70143523E+000  0.85306248E+000  0.10377393E+001  0.24167884E+001
  0.70143492E+000  0.85306290E+000  0.10377391E+001  0.24167887E+001
  0.70143461E+000  0.85306330E+000  0.10377389E+001  0.24167890E+001
  0.70143433E+000  0.85306368E+000  0.10377387E+001  0.24167893E+001
  0.70143406E+000  0.85306405E+000  0.10377385E+001  0.24167896E+001
  0.70143380E+000  0.85306439E+000  0.10377383E+001  0.24167898E+001
  0.70143355E+000  0.85306472E+000  0.10377381E+001  0.24167901E+001
  0.70143331E+000  0.85306503E+000  0.10377380E+001  0.24167904E+001
  0.70143309E+000  0.85306532E+000  0.10377378E+001  0.24167907E+001
  0.70143287E+000  0.85306560E+000  0.10377377E+001  0.24167909E+001
  0.70143267E+000  0.85306586E+000  0.10377375E+001  0.24167912E+001
  0.70143247E+000  0.85306611E+000  0.10377374E+001  0.24167915E+001
  0.70143228E+000  0.85306634E+000  0.10377372E+001  0.24167917E+001
  0.70143210E+000  0.85306655E+000  0.10377371E+001  0.24167919E+001
  0.70143192E+000  0.85306675E+000  0.10377370E+001  0.24167922E+001
  0.70143175E+000  0.85306693E+000  0.10377369E+001  0.24167924E+001
  0.70143159E+000  0.85306710E+000  0.10377368E+001  0.24167926E+001
  0.70143143E+000  0.85306726E+000  0.10377366E+001  0.24167928E+001
  0.70143128E+000  0.85306741E+000  0.10377365E+001  0.24167930E+001
  0.70143114E+000  0.85306754E+000  0.10377364E+001  0.24167932E+001
  0.70143100E+000  0.85306766E+000  0.10377363E+001  0.24167934E+001
  0.70143086E+000  0.85306776E+000  0.10377362E+001  0.24167936E+001
  0.70143073E+000  0.85306786E+000  0.10377361E+001  0.24167937E+001
  0.70143061E+000  0.85306794E+000  0.10377361E+001  0.24167939E+001
  0.70143049E+000  0.85306801E+000  0.10377360E+001  0.24167940E+001
  0.70143037E+000  0.85306808E+000  0.10377359E+001  0.24167942E+001
  0.70143026E+000  0.85306813E+000  0.10377358E+001  0.24167943E+001
  0.70143015E+000  0.85306818E+000  0.10377357E+001  0.24167944E+001
  0.70143005E+000  0.85306821E+000  0.10377356E+001  0.24167946E+001
  0.70142995E+000  0.85306824E+000  0.10377355E+001  0.24167947E+001
  0.70142985E+000  0.85306826E+000  0.10377354E+001  0.24167948E+001
  0.70142976E+000  0.85306827E+000  0.10377353E+001  0.24167949E+001
  0.70142967E+000  0.85306828E+000  0.10377352E+001  0.24167950E+001
  0.70142959E+000  0.85306828E+000  0.10377351E+001  0.24167951E+001
  0.70142951E+000  0.85306827E+000  0.10377350E+001  0.24167952E+001
  0.70142943E+000  0.85306826E+000  0.10377349E+001  0.24167953E+001
  0.70142936E+000  0.85306825E+000  0.10377348E+001  0.24167954E+001
  0.70142929E+000  0.85306823E+000  0.10377347E+001  0.24167955E+001
  0.70142923E+000  0.85306821E+000  0.10377345E+001  0.24167956E+001
  0.70142916E+000  0.85306819E+000  0.10377344E+001  0.24167956E+001
  0.70142910E+000  0.85306816E+000  0.10377342E+001  0.24167957E+001
  0.70142905E+000  0.85306813E+000  0.10377341E+001  0.24167958E+001
  0.70142899E+000  0.85306810E+000  0.10377339E+001  0.24167958E+001
  0.70142894E+000  0.85306807E+000  0.10377337E+001  0.24167958E+001
  0.70142890E+000  0.85306804E+000  0.10377336E+001  0.24167959E+001
  0.70142885E+000  0.85306801E+000  0.10377334E+001  0.24167959E+001
  0.70142881E+000  0.85306798E+000  0.10377332E+001  0.24167959E+001
  0.70142877E+000  0.85306794E+000  0.10377330E+001  0.24167959E+001
  0.70142873E+000  0.85306791E+000  0.10377328E+001  0.24167959E+001
  0.70142870E+000  0.85306788E+000  0.10377326E+001  0.24167959E+001
  0.70142866E+000  0.85306784E+000  0.10377324E+001  0.24167959E+001
  0.70142863E+000  0.85306781E+000  0.10377322E+001  0.24167958E+001
  0.70142860E+000  0.85306778E+000  0.10377320E+001  0.24167958E+001
  0.70142858E+000  0.85306775E+000  0.10377318E+001  0.24167957E+001
  0.70142855E+000  0.85306772E+000  0.10377316E+001  0.24167956E+001
  0.70142853E+000  0.85306769E+000  0.10377314E+001  0.24167955E+001
  0.70142850E+000  0.85306766E+000  0.10377312E+001  0.24167954E+001
  0.70142848E+000  0.85306764E+000  0.10377309E+001  0.24167953E+001
  0.70142846E+000  0.85306761E+000  0.10377307E+001  0.24167951E+001
  0.70142845E+000  0.85306759E+000  0.10377305E+001  0.24167950E+001
  0.70142843E+000  0.85306756E+000  0.10377303E+001  0.24167948E+001
  0.70142841E+000  0.85306754E+000  0.10377301E+001  0.24167946E+001
  0.70142840E+000  0.85306752E+000  0.10377300E+001  0.24167944E+001
  0.70142839E+000  0.85306750E+000  0.10377298E+001  0.24167941E+001
  0.70142837E+000  0.85306748E+000  0.10377296E+001  0.24167939E+001
  0.70142836E+000  0.85306747E+000  0.10377294E+001  0.24167936E+001
  0.70142835E+000  0.85306745E+000  0.10377292E+001  0.24167933E+001
  0.70142834E+000  0.85306743E+000  0.10377291E+001  0.24167930E+001
  0.70142833E+000  0.85306742E+000  0.10377289E+001  0.24167927E+001
  0.70142832E+000  0.85306740E+000  0.10377288E+001  0.24167924E+001
  0.70142832E+000  0.85306739E+000  0.10377286E+001  0.24167920E+001
  0.70142831E+000  0.85306738E+000  0.10377285E+001  0.24167917E+001
  0.70142830E+000  0.85306737E+000  0.10377283E+001  0.24167913E+001
  0.70142830E+000  0.85306736E+000  0.10377282E+001  0.24167909E+001
  0.70142829E+000  0.85306735E+000  0.10377281E+001  0.24167905E+001
  0.70142828E+000  0.85306734E+000  0.10377280E+001  0.24167901E+001
  0.70142828E+000  0.85306733E+000  0.10377279E+001  0.24167896E+001
  0.70142828E+000  0.85306732E+000  0.10377277E+001  0.24167892E+001
  0.70142827E+000  0.85306732E+000  0.10377276E+001  0.24167887E+001
  0.70142827E+000  0.85306731E+000  0.10377276E+001  0.24167883E+001
  0.70142826E+000  0.85306730E+000  0.10377275E+001  0.24167878E+001
  0.70142826E+000  0.85306730E+000  0.10377274E+001  0.24167873E+001
  0.70142826E+000  0.85306729E+000  0.10377273E+001  0.24167869E+001
  0.70142826E+000  0.85306729E+000  0.10377272E+001  0.24167864E+001
  0.70142825E+000  0.85306728E+000  0.10377271E+001  0.24167859E+001
  0.70142825E+000  0.85306728E+000  0.10377271E+001  0.24167854E+001
  0.70142825E+000  0.85306728E+000  0.10377270E+001  0.24167849E+001
  0.70142825E+000  0.85306727E+000  0.10377270E+001  0.24167843E+001
  0.70142825E+000  0.85306727E+000  0.10377269E+001  0.24167838E+001
  0.70142824E+000  0.85306727E+000  0.10377269E+001  0.24167833E+001
  0.70142824E+000  0.85306726E+000  0.10377268E+001  0.24167828E+001
  0.70142824E+000  0.85306726E+000  0.10377268E+001  0.24167823E+001
  0.70142824E+000  0.85306726E+000  0.10377267E+001  0.24167818E+001
  0.70142824E+000  0.85306726E+000  0.10377267E+001  0.24167812E+001
  0.70142824E+000  0.85306726E+000  0.10377266E+001  0.24167807E+001
  0.70142824E+000  0.85306725E+000  0.10377266E+001  0.24167802E+001
  0.70142824E+000  0.85306725E+000  0.10377266E+001  0.24167797E+001
  0.70142824E+000  0.85306725E+000  0.10377265E+001  0.24167792E+001
  0.70142824E+000  0.85306725E+000  0.10377265E+001  0.24167787E+001
  0.70142824E+000  0.85306725E+000  0.10377265E+001  0.24167782E+001
  0.70142824E+000  0.85306725E+000  0.10377265E+001  0.24167777E+001
  0.70142824E+000  0.85306725E+000  0.10377265E+001  0.24167772E+001
  0.70142823E+000  0.85306724E+000  0.10377264E+001  0.24167767E+001
  0.70142823E+000  0.85306724E+000  0.10377264E+001  0.24167762E+001
  0.70142823E+000  0.85306724E+000  0.10377264E+001  0.24167757E+001
  0.70142823E+000  0.85306724E+000  0.10377264E+001  0.24167752E+001
  0.70142823E+000  0.85306724E+000  0.10377264E+001  0.24167748E+001
  0.70142823E+000  0.85306724E+000  0.10377264E+001  0.24167743E+001
  0.70142823E+000  0.85306724E+000  0.10377263E+001  0.24167738E+001
