 -0.44559505E+000
 -0.44553041E+000
 -0.44554748E+000
 -0.44558406E+000
 -0.44562420E+000
 -0.44566265E+000
 -0.44569767E+000
 -0.44572886E+000
 -0.44575630E+000
 -0.44578026E+000
 -0.44580110E+000
 -0.44581918E+000
 -0.44583486E+000
 -0.44584844E+000
 -0.44586021E+000
 -0.44587041E+000
 -0.44587925E+000
 -0.44588691E+000
 -0.44589354E+000
 -0.44589930E+000
 -0.44590431E+000
 -0.44590865E+000
 -0.44591243E+000
 -0.44591571E+000
 -0.44591856E+000
 -0.44592104E+000
 -0.44592320E+000
 -0.44592509E+000
 -0.44592673E+000
 -0.44592816E+000
 -0.44592942E+000
 -0.44593052E+000
 -0.44593148E+000
 -0.44593234E+000
 -0.44593309E+000
 -0.44593376E+000
 -0.44593436E+000
 -0.44593489E+000
 -0.44593537E+000
 -0.44593581E+000
 -0.44593620E+000
 -0.44593656E+000
 -0.44593688E+000
 -0.44593718E+000
 -0.44593745E+000
 -0.44593771E+000
 -0.44593794E+000
 -0.44593815E+000
 -0.44593835E+000
 -0.44593854E+000
 -0.44593870E+000
 -0.44593886E+000
 -0.44593900E+000
 -0.44593913E+000
 -0.44593926E+000
 -0.44593937E+000
 -0.44593947E+000
 -0.44593956E+000
 -0.44593964E+000
 -0.44593972E+000
 -0.44593979E+000
 -0.44593985E+000
 -0.44593991E+000
 -0.44593996E+000
 -0.44594001E+000
 -0.44594005E+000
 -0.44594009E+000
 -0.44594012E+000
 -0.44594015E+000
 -0.44594018E+000
 -0.44594020E+000
 -0.44594022E+000
 -0.44594024E+000
 -0.44594026E+000
 -0.44594027E+000
 -0.44594029E+000
 -0.44594030E+000
 -0.44594030E+000
 -0.44594031E+000
 -0.44594031E+000
 -0.44594031E+000
 -0.44594031E+000
 -0.44594031E+000
 -0.44594030E+000
 -0.44594029E+000
 -0.44594028E+000
 -0.44594027E+000
 -0.44594026E+000
 -0.44594024E+000
 -0.44594022E+000
 -0.44594020E+000
 -0.44594018E+000
 -0.44594015E+000
 -0.44594013E+000
 -0.44594010E+000
 -0.44594007E+000
 -0.44594004E+000
 -0.44594001E+000
 -0.44593998E+000
 -0.44593995E+000
 -0.44593991E+000
 -0.44593988E+000
 -0.44593984E+000
 -0.44593981E+000
 -0.44593977E+000
 -0.44593973E+000
 -0.44593969E+000
 -0.44593965E+000
 -0.44593961E+000
 -0.44593957E+000
 -0.44593953E+000
 -0.44593948E+000
 -0.44593944E+000
 -0.44593939E+000
 -0.44593934E+000
 -0.44593929E+000
 -0.44593924E+000
 -0.44593918E+000
 -0.44593913E+000
 -0.44593907E+000
 -0.44593901E+000
 -0.44593895E+000
 -0.44593888E+000
 -0.44593881E+000
 -0.44593874E+000
 -0.44593866E+000
 -0.44593859E+000
 -0.44593851E+000
 -0.44593842E+000
 -0.44593833E+000
 -0.44593824E+000
 -0.44593815E+000
 -0.44593805E+000
 -0.44593795E+000
 -0.44593784E+000
 -0.44593773E+000
 -0.44593762E+000
 -0.44593750E+000
 -0.44593738E+000
 -0.44593725E+000
 -0.44593712E+000
 -0.44593699E+000
 -0.44593685E+000
 -0.44593671E+000
 -0.44593656E+000
 -0.44593641E+000
 -0.44593626E+000
 -0.44593610E+000
 -0.44593594E+000
 -0.44593577E+000
 -0.44593560E+000
 -0.44593543E+000
 -0.44593525E+000
 -0.44593508E+000
 -0.44593489E+000
 -0.44593471E+000
 -0.44593452E+000
 -0.44593433E+000
 -0.44593414E+000
 -0.44593394E+000
 -0.44593375E+000
 -0.44593355E+000
 -0.44593334E+000
 -0.44593314E+000
 -0.44593294E+000
 -0.44593273E+000
 -0.44593252E+000
 -0.44593231E+000
 -0.44593210E+000
 -0.44593189E+000
 -0.44593168E+000
 -0.44593147E+000
 -0.44593126E+000
 -0.44593105E+000
 -0.44593084E+000
 -0.44593063E+000
 -0.44593042E+000
 -0.44593021E+000
 -0.44593000E+000
 -0.44592979E+000
 -0.44592959E+000
 -0.44592938E+000
 -0.44592918E+000
 -0.44592897E+000
 -0.44592877E+000
 -0.44592857E+000
 -0.44592838E+000
 -0.44592818E+000
 -0.44592799E+000
 -0.44592780E+000
 -0.44592761E+000
 -0.44592743E+000
 -0.44592724E+000
 -0.44592706E+000
 -0.44592688E+000
 -0.44592671E+000
 -0.44592654E+000
 -0.44592637E+000
 -0.44592620E+000
 -0.44592604E+000
