  0.11433791E+001
  0.11434320E+001
  0.11435098E+001
  0.11435857E+001
  0.11436544E+001
  0.11437153E+001
  0.11437687E+001
  0.11438155E+001
  0.11438563E+001
  0.11438919E+001
  0.11439231E+001
  0.11439505E+001
  0.11439744E+001
  0.11439955E+001
  0.11440141E+001
  0.11440304E+001
  0.11440450E+001
  0.11440578E+001
  0.11440693E+001
  0.11440795E+001
  0.11440887E+001
  0.11440970E+001
  0.11441044E+001
  0.11441111E+001
  0.11441172E+001
  0.11441228E+001
  0.11441279E+001
  0.11441326E+001
  0.11441370E+001
  0.11441410E+001
  0.11441447E+001
  0.11441481E+001
  0.11441514E+001
  0.11441544E+001
  0.11441572E+001
  0.11441599E+001
  0.11441625E+001
  0.11441649E+001
  0.11441672E+001
  0.11441693E+001
  0.11441714E+001
  0.11441734E+001
  0.11441753E+001
  0.11441771E+001
  0.11441788E+001
  0.11441805E+001
  0.11441820E+001
  0.11441835E+001
  0.11441849E+001
  0.11441863E+001
  0.11441876E+001
  0.11441888E+001
  0.11441900E+001
  0.11441911E+001
  0.11441921E+001
  0.11441931E+001
  0.11441940E+001
  0.11441949E+001
  0.11441957E+001
  0.11441964E+001
  0.11441971E+001
  0.11441978E+001
  0.11441984E+001
  0.11441990E+001
  0.11441995E+001
  0.11442000E+001
  0.11442004E+001
  0.11442008E+001
  0.11442011E+001
  0.11442015E+001
  0.11442018E+001
  0.11442020E+001
  0.11442023E+001
  0.11442025E+001
  0.11442027E+001
  0.11442028E+001
  0.11442030E+001
  0.11442031E+001
  0.11442032E+001
  0.11442032E+001
  0.11442033E+001
  0.11442034E+001
  0.11442034E+001
  0.11442034E+001
  0.11442035E+001
  0.11442035E+001
  0.11442035E+001
  0.11442035E+001
  0.11442035E+001
  0.11442035E+001
  0.11442034E+001
  0.11442034E+001
  0.11442034E+001
  0.11442034E+001
  0.11442034E+001
  0.11442034E+001
  0.11442034E+001
  0.11442034E+001
  0.11442033E+001
  0.11442033E+001
  0.11442033E+001
  0.11442033E+001
  0.11442033E+001
  0.11442033E+001
  0.11442033E+001
  0.11442033E+001
  0.11442034E+001
  0.11442034E+001
  0.11442034E+001
  0.11442034E+001
  0.11442034E+001
  0.11442034E+001
  0.11442035E+001
  0.11442035E+001
  0.11442035E+001
  0.11442035E+001
  0.11442036E+001
  0.11442036E+001
  0.11442036E+001
  0.11442037E+001
  0.11442037E+001
  0.11442037E+001
  0.11442038E+001
  0.11442038E+001
  0.11442039E+001
  0.11442039E+001
  0.11442039E+001
  0.11442040E+001
  0.11442040E+001
  0.11442041E+001
  0.11442041E+001
  0.11442042E+001
  0.11442042E+001
  0.11442043E+001
  0.11442043E+001
  0.11442043E+001
  0.11442044E+001
  0.11442044E+001
  0.11442045E+001
  0.11442045E+001
  0.11442046E+001
  0.11442046E+001
  0.11442047E+001
  0.11442047E+001
  0.11442048E+001
  0.11442048E+001
  0.11442048E+001
  0.11442049E+001
  0.11442049E+001
  0.11442050E+001
  0.11442050E+001
  0.11442051E+001
  0.11442051E+001
  0.11442051E+001
  0.11442052E+001
  0.11442052E+001
  0.11442053E+001
  0.11442053E+001
  0.11442054E+001
  0.11442054E+001
  0.11442054E+001
  0.11442055E+001
  0.11442055E+001
  0.11442055E+001
  0.11442056E+001
  0.11442056E+001
  0.11442056E+001
  0.11442057E+001
  0.11442057E+001
  0.11442057E+001
  0.11442058E+001
  0.11442058E+001
  0.11442058E+001
  0.11442059E+001
  0.11442059E+001
  0.11442059E+001
  0.11442059E+001
  0.11442060E+001
  0.11442060E+001
  0.11442060E+001
  0.11442060E+001
  0.11442060E+001
  0.11442061E+001
  0.11442061E+001
  0.11442061E+001
  0.11442061E+001
  0.11442061E+001
  0.11442062E+001
  0.11442062E+001
  0.11442062E+001
  0.11442062E+001
  0.11442062E+001
  0.11442062E+001
  0.11442063E+001
  0.11442063E+001
  0.11442063E+001
  0.11442063E+001
  0.11442063E+001
  0.11442063E+001
  0.11442063E+001
