  0.52615124E+000
  0.52618489E+000
  0.52623277E+000
  0.52627927E+000
  0.52632135E+000
  0.52635865E+000
  0.52639143E+000
  0.52642018E+000
  0.52644533E+000
  0.52646728E+000
  0.52648652E+000
  0.52650339E+000
  0.52651822E+000
  0.52653126E+000
  0.52654276E+000
  0.52655294E+000
  0.52656195E+000
  0.52656996E+000
  0.52657710E+000
  0.52658348E+000
  0.52658921E+000
  0.52659436E+000
  0.52659902E+000
  0.52660323E+000
  0.52660707E+000
  0.52661059E+000
  0.52661381E+000
  0.52661678E+000
  0.52661951E+000
  0.52662205E+000
  0.52662441E+000
  0.52662662E+000
  0.52662868E+000
  0.52663062E+000
  0.52663245E+000
  0.52663418E+000
  0.52663582E+000
  0.52663738E+000
  0.52663887E+000
  0.52664028E+000
  0.52664164E+000
  0.52664293E+000
  0.52664417E+000
  0.52664535E+000
  0.52664648E+000
  0.52664757E+000
  0.52664860E+000
  0.52664959E+000
  0.52665053E+000
  0.52665142E+000
  0.52665228E+000
  0.52665308E+000
  0.52665385E+000
  0.52665457E+000
  0.52665526E+000
  0.52665590E+000
  0.52665650E+000
  0.52665707E+000
  0.52665760E+000
  0.52665809E+000
  0.52665855E+000
  0.52665897E+000
  0.52665936E+000
  0.52665972E+000
  0.52666005E+000
  0.52666035E+000
  0.52666062E+000
  0.52666087E+000
  0.52666110E+000
  0.52666130E+000
  0.52666148E+000
  0.52666164E+000
  0.52666178E+000
  0.52666191E+000
  0.52666202E+000
  0.52666211E+000
  0.52666219E+000
  0.52666226E+000
  0.52666232E+000
  0.52666236E+000
  0.52666240E+000
  0.52666243E+000
  0.52666245E+000
  0.52666246E+000
  0.52666247E+000
  0.52666248E+000
  0.52666248E+000
  0.52666248E+000
  0.52666247E+000
  0.52666246E+000
  0.52666245E+000
  0.52666245E+000
  0.52666243E+000
  0.52666242E+000
  0.52666241E+000
  0.52666241E+000
  0.52666240E+000
  0.52666239E+000
  0.52666238E+000
  0.52666238E+000
  0.52666237E+000
  0.52666237E+000
  0.52666237E+000
  0.52666237E+000
  0.52666237E+000
  0.52666237E+000
  0.52666238E+000
  0.52666238E+000
  0.52666239E+000
  0.52666240E+000
  0.52666241E+000
  0.52666242E+000
  0.52666243E+000
  0.52666244E+000
  0.52666246E+000
  0.52666247E+000
  0.52666249E+000
  0.52666250E+000
  0.52666252E+000
  0.52666254E+000
  0.52666256E+000
  0.52666258E+000
  0.52666260E+000
  0.52666262E+000
  0.52666264E+000
  0.52666266E+000
  0.52666268E+000
  0.52666271E+000
  0.52666273E+000
  0.52666275E+000
  0.52666278E+000
  0.52666280E+000
  0.52666282E+000
  0.52666285E+000
  0.52666287E+000
  0.52666290E+000
  0.52666292E+000
  0.52666294E+000
  0.52666297E+000
  0.52666299E+000
  0.52666302E+000
  0.52666304E+000
  0.52666307E+000
  0.52666309E+000
  0.52666312E+000
  0.52666314E+000
  0.52666316E+000
  0.52666319E+000
  0.52666321E+000
  0.52666323E+000
  0.52666326E+000
  0.52666328E+000
  0.52666330E+000
  0.52666333E+000
  0.52666335E+000
  0.52666337E+000
  0.52666339E+000
  0.52666341E+000
  0.52666343E+000
  0.52666345E+000
  0.52666347E+000
  0.52666349E+000
  0.52666351E+000
  0.52666353E+000
  0.52666355E+000
  0.52666356E+000
  0.52666358E+000
  0.52666360E+000
  0.52666361E+000
  0.52666363E+000
  0.52666365E+000
  0.52666366E+000
  0.52666368E+000
  0.52666369E+000
  0.52666370E+000
  0.52666372E+000
  0.52666373E+000
  0.52666374E+000
  0.52666375E+000
  0.52666377E+000
  0.52666378E+000
  0.52666379E+000
  0.52666380E+000
  0.52666381E+000
  0.52666382E+000
  0.52666383E+000
  0.52666384E+000
  0.52666384E+000
  0.52666385E+000
  0.52666386E+000
  0.52666387E+000
  0.52666388E+000
  0.52666388E+000
  0.52666389E+000
  0.52666390E+000
  0.52666390E+000
  0.52666391E+000
  0.52666391E+000
  0.52666392E+000
  0.52666393E+000
