  0.62107002E+000  0.10075072E+001  0.12356865E+001  0.42380010E+001
  0.62114887E+000  0.10076420E+001  0.12357146E+001  0.42380074E+001
  0.62122645E+000  0.10077842E+001  0.12358154E+001  0.42380283E+001
  0.62129657E+000  0.10079164E+001  0.12359176E+001  0.42380528E+001
  0.62135854E+000  0.10080346E+001  0.12360093E+001  0.42380770E+001
  0.62141298E+000  0.10081385E+001  0.12360895E+001  0.42380992E+001
  0.62146067E+000  0.10082290E+001  0.12361593E+001  0.42381190E+001
  0.62150242E+000  0.10083076E+001  0.12362200E+001  0.42381366E+001
  0.62153873E+000  0.10083757E+001  0.12362728E+001  0.42381520E+001
  0.62157012E+000  0.10084348E+001  0.12363187E+001  0.42381654E+001
  0.62159743E+000  0.10084859E+001  0.12363587E+001  0.42381775E+001
  0.62162126E+000  0.10085302E+001  0.12363935E+001  0.42381881E+001
  0.62164214E+000  0.10085686E+001  0.12364240E+001  0.42381976E+001
  0.62166042E+000  0.10086019E+001  0.12364507E+001  0.42382059E+001
  0.62167647E+000  0.10086308E+001  0.12364741E+001  0.42382133E+001
  0.62169058E+000  0.10086559E+001  0.12364947E+001  0.42382199E+001
  0.62170300E+000  0.10086778E+001  0.12365128E+001  0.42382257E+001
  0.62171397E+000  0.10086969E+001  0.12365288E+001  0.42382310E+001
  0.62172366E+000  0.10087136E+001  0.12365430E+001  0.42382357E+001
  0.62173225E+000  0.10087282E+001  0.12365556E+001  0.42382400E+001
  0.62173990E+000  0.10087410E+001  0.12365668E+001  0.42382439E+001
  0.62174673E+000  0.10087523E+001  0.12365767E+001  0.42382474E+001
  0.62175283E+000  0.10087622E+001  0.12365857E+001  0.42382505E+001
  0.62175832E+000  0.10087710E+001  0.12365936E+001  0.42382535E+001
  0.62176326E+000  0.10087788E+001  0.12366008E+001  0.42382561E+001
  0.62176773E+000  0.10087857E+001  0.12366073E+001  0.42382586E+001
  0.62177180E+000  0.10087919E+001  0.12366132E+001  0.42382609E+001
  0.62177551E+000  0.10087974E+001  0.12366185E+001  0.42382630E+001
  0.62177890E+000  0.10088023E+001  0.12366233E+001  0.42382650E+001
  0.62178203E+000  0.10088068E+001  0.12366277E+001  0.42382668E+001
  0.62178493E+000  0.10088107E+001  0.12366318E+001  0.42382686E+001
  0.62178762E+000  0.10088143E+001  0.12366354E+001  0.42382702E+001
  0.62179013E+000  0.10088176E+001  0.12366388E+001  0.42382718E+001
  0.62179248E+000  0.10088205E+001  0.12366418E+001  0.42382733E+001
  0.62179469E+000  0.10088233E+001  0.12366447E+001  0.42382747E+001
  0.62179678E+000  0.10088258E+001  0.12366473E+001  0.42382760E+001
  0.62179877E+000  0.10088281E+001  0.12366497E+001  0.42382773E+001
  0.62180065E+000  0.10088302E+001  0.12366519E+001  0.42382785E+001
  0.62180244E+000  0.10088322E+001  0.12366540E+001  0.42382797E+001
  0.62180416E+000  0.10088340E+001  0.12366559E+001  0.42382809E+001
  0.62180579E+000  0.10088357E+001  0.12366576E+001  0.42382820E+001
  0.62180736E+000  0.10088374E+001  0.12366593E+001  0.42382830E+001
  0.62180885E+000  0.10088389E+001  0.12366608E+001  0.42382841E+001
  0.62181028E+000  0.10088403E+001  0.12366622E+001  0.42382851E+001
  0.62181165E+000  0.10088416E+001  0.12366635E+001  0.42382860E+001
  0.62181296E+000  0.10088429E+001  0.12366648E+001  0.42382870E+001
  0.62181420E+000  0.10088441E+001  0.12366659E+001  0.42382879E+001
  0.62181539E+000  0.10088452E+001  0.12366670E+001  0.42382888E+001
  0.62181651E+000  0.10088462E+001  0.12366680E+001  0.42382896E+001
  0.62181758E+000  0.10088472E+001  0.12366689E+001  0.42382904E+001
  0.62181859E+000  0.10088481E+001  0.12366697E+001  0.42382912E+001
  0.62181954E+000  0.10088489E+001  0.12366705E+001  0.42382920E+001
  0.62182044E+000  0.10088497E+001  0.12366713E+001  0.42382928E+001
  0.62182127E+000  0.10088504E+001  0.12366720E+001  0.42382935E+001
  0.62182206E+000  0.10088511E+001  0.12366726E+001  0.42382942E+001
  0.62182278E+000  0.10088517E+001  0.12366732E+001  0.42382949E+001
  0.62182345E+000  0.10088523E+001  0.12366737E+001  0.42382955E+001
  0.62182407E+000  0.10088528E+001  0.12366742E+001  0.42382962E+001
  0.62182464E+000  0.10088532E+001  0.12366747E+001  0.42382968E+001
  0.62182516E+000  0.10088536E+001  0.12366751E+001  0.42382974E+001
  0.62182562E+000  0.10088540E+001  0.12366755E+001  0.42382979E+001
  0.62182604E+000  0.10088544E+001  0.12366758E+001  0.42382985E+001
  0.62182642E+000  0.10088547E+001  0.12366761E+001  0.42382990E+001
  0.62182675E+000  0.10088549E+001  0.12366764E+001  0.42382995E+001
  0.62182704E+000  0.10088552E+001  0.12366766E+001  0.42383000E+001
  0.62182730E+000  0.10088553E+001  0.12366768E+001  0.42383004E+001
  0.62182751E+000  0.10088555E+001  0.12366770E+001  0.42383009E+001
  0.62182769E+000  0.10088557E+001  0.12366771E+001  0.42383013E+001
  0.62182784E+000  0.10088558E+001  0.12366772E+001  0.42383017E+001
  0.62182796E+000  0.10088559E+001  0.12366773E+001  0.42383021E+001
  0.62182805E+000  0.10088559E+001  0.12366774E+001  0.42383025E+001
  0.62182811E+000  0.10088560E+001  0.12366774E+001  0.42383029E+001
  0.62182815E+000  0.10088560E+001  0.12366775E+001  0.42383032E+001
  0.62182816E+000  0.10088560E+001  0.12366775E+001  0.42383035E+001
  0.62182816E+000  0.10088560E+001  0.12366775E+001  0.42383039E+001
  0.62182813E+000  0.10088560E+001  0.12366774E+001  0.42383042E+001
  0.62182809E+000  0.10088560E+001  0.12366774E+001  0.42383044E+001
  0.62182803E+000  0.10088559E+001  0.12366773E+001  0.42383047E+001
  0.62182796E+000  0.10088559E+001  0.12366773E+001  0.42383050E+001
  0.62182788E+000  0.10088558E+001  0.12366772E+001  0.42383052E+001
  0.62182779E+000  0.10088557E+001  0.12366771E+001  0.42383054E+001
  0.62182769E+000  0.10088556E+001  0.12366770E+001  0.42383056E+001
  0.62182758E+000  0.10088555E+001  0.12366769E+001  0.42383058E+001
  0.62182747E+000  0.10088554E+001  0.12366767E+001  0.42383060E+001
  0.62182735E+000  0.10088553E+001  0.12366766E+001  0.42383062E+001
  0.62182723E+000  0.10088552E+001  0.12366765E+001  0.42383064E+001
  0.62182710E+000  0.10088551E+001  0.12366763E+001  0.42383065E+001
  0.62182697E+000  0.10088550E+001  0.12366762E+001  0.42383067E+001
  0.62182684E+000  0.10088549E+001  0.12366760E+001  0.42383068E+001
  0.62182672E+000  0.10088548E+001  0.12366758E+001  0.42383070E+001
  0.62182659E+000  0.10088547E+001  0.12366757E+001  0.42383071E+001
  0.62182646E+000  0.10088546E+001  0.12366755E+001  0.42383072E+001
  0.62182634E+000  0.10088545E+001  0.12366754E+001  0.42383074E+001
  0.62182621E+000  0.10088544E+001  0.12366752E+001  0.42383075E+001
  0.62182609E+000  0.10088543E+001  0.12366750E+001  0.42383076E+001
  0.62182598E+000  0.10088542E+001  0.12366749E+001  0.42383077E+001
  0.62182586E+000  0.10088541E+001  0.12366747E+001  0.42383078E+001
  0.62182575E+000  0.10088540E+001  0.12366745E+001  0.42383079E+001
  0.62182565E+000  0.10088539E+001  0.12366744E+001  0.42383080E+001
  0.62182554E+000  0.10088538E+001  0.12366742E+001  0.42383081E+001
  0.62182544E+000  0.10088538E+001  0.12366740E+001  0.42383082E+001
  0.62182535E+000  0.10088537E+001  0.12366739E+001  0.42383083E+001
  0.62182525E+000  0.10088536E+001  0.12366737E+001  0.42383084E+001
  0.62182516E+000  0.10088535E+001  0.12366736E+001  0.42383084E+001
  0.62182508E+000  0.10088535E+001  0.12366734E+001  0.42383085E+001
  0.62182499E+000  0.10088534E+001  0.12366732E+001  0.42383086E+001
  0.62182491E+000  0.10088533E+001  0.12366731E+001  0.42383086E+001
  0.62182484E+000  0.10088532E+001  0.12366729E+001  0.42383087E+001
  0.62182476E+000  0.10088532E+001  0.12366728E+001  0.42383087E+001
  0.62182469E+000  0.10088531E+001  0.12366726E+001  0.42383088E+001
  0.62182462E+000  0.10088531E+001  0.12366725E+001  0.42383088E+001
  0.62182456E+000  0.10088530E+001  0.12366723E+001  0.42383088E+001
  0.62182450E+000  0.10088530E+001  0.12366722E+001  0.42383089E+001
  0.62182443E+000  0.10088529E+001  0.12366720E+001  0.42383089E+001
  0.62182437E+000  0.10088528E+001  0.12366719E+001  0.42383089E+001
  0.62182432E+000  0.10088528E+001  0.12366717E+001  0.42383089E+001
  0.62182426E+000  0.10088527E+001  0.12366715E+001  0.42383088E+001
  0.62182421E+000  0.10088527E+001  0.12366714E+001  0.42383088E+001
  0.62182416E+000  0.10088526E+001  0.12366712E+001  0.42383087E+001
  0.62182411E+000  0.10088526E+001  0.12366711E+001  0.42383087E+001
  0.62182406E+000  0.10088526E+001  0.12366709E+001  0.42383086E+001
  0.62182401E+000  0.10088525E+001  0.12366708E+001  0.42383085E+001
  0.62182396E+000  0.10088525E+001  0.12366706E+001  0.42383084E+001
  0.62182392E+000  0.10088524E+001  0.12366705E+001  0.42383083E+001
  0.62182387E+000  0.10088524E+001  0.12366703E+001  0.42383081E+001
  0.62182383E+000  0.10088523E+001  0.12366702E+001  0.42383080E+001
  0.62182378E+000  0.10088523E+001  0.12366700E+001  0.42383078E+001
  0.62182374E+000  0.10088523E+001  0.12366699E+001  0.42383076E+001
  0.62182370E+000  0.10088522E+001  0.12366697E+001  0.42383074E+001
  0.62182366E+000  0.10088522E+001  0.12366696E+001  0.42383072E+001
  0.62182362E+000  0.10088522E+001  0.12366694E+001  0.42383070E+001
  0.62182358E+000  0.10088521E+001  0.12366693E+001  0.42383067E+001
  0.62182354E+000  0.10088521E+001  0.12366691E+001  0.42383064E+001
  0.62182350E+000  0.10088521E+001  0.12366690E+001  0.42383061E+001
  0.62182346E+000  0.10088520E+001  0.12366688E+001  0.42383058E+001
  0.62182342E+000  0.10088520E+001  0.12366687E+001  0.42383055E+001
  0.62182339E+000  0.10088520E+001  0.12366685E+001  0.42383051E+001
  0.62182335E+000  0.10088519E+001  0.12366684E+001  0.42383047E+001
  0.62182331E+000  0.10088519E+001  0.12366682E+001  0.42383043E+001
  0.62182328E+000  0.10088519E+001  0.12366681E+001  0.42383039E+001
  0.62182324E+000  0.10088518E+001  0.12366679E+001  0.42383035E+001
  0.62182321E+000  0.10088518E+001  0.12366678E+001  0.42383030E+001
  0.62182317E+000  0.10088518E+001  0.12366676E+001  0.42383025E+001
  0.62182314E+000  0.10088518E+001  0.12366675E+001  0.42383020E+001
  0.62182311E+000  0.10088518E+001  0.12366674E+001  0.42383015E+001
  0.62182307E+000  0.10088517E+001  0.12366672E+001  0.42383010E+001
  0.62182304E+000  0.10088517E+001  0.12366671E+001  0.42383004E+001
  0.62182301E+000  0.10088517E+001  0.12366670E+001  0.42382998E+001
  0.62182298E+000  0.10088517E+001  0.12366668E+001  0.42382992E+001
  0.62182295E+000  0.10088516E+001  0.12366667E+001  0.42382986E+001
  0.62182292E+000  0.10088516E+001  0.12366666E+001  0.42382980E+001
  0.62182289E+000  0.10088516E+001  0.12366664E+001  0.42382973E+001
  0.62182286E+000  0.10088516E+001  0.12366663E+001  0.42382966E+001
  0.62182283E+000  0.10088516E+001  0.12366662E+001  0.42382960E+001
  0.62182280E+000  0.10088516E+001  0.12366661E+001  0.42382953E+001
  0.62182277E+000  0.10088515E+001  0.12366660E+001  0.42382945E+001
  0.62182275E+000  0.10088515E+001  0.12366659E+001  0.42382938E+001
  0.62182272E+000  0.10088515E+001  0.12366658E+001  0.42382931E+001
  0.62182270E+000  0.10088515E+001  0.12366657E+001  0.42382923E+001
  0.62182267E+000  0.10088515E+001  0.12366656E+001  0.42382915E+001
  0.62182265E+000  0.10088515E+001  0.12366655E+001  0.42382907E+001
  0.62182263E+000  0.10088515E+001  0.12366654E+001  0.42382899E+001
  0.62182261E+000  0.10088514E+001  0.12366653E+001  0.42382891E+001
  0.62182259E+000  0.10088514E+001  0.12366652E+001  0.42382883E+001
  0.62182257E+000  0.10088514E+001  0.12366651E+001  0.42382875E+001
  0.62182255E+000  0.10088514E+001  0.12366650E+001  0.42382866E+001
  0.62182253E+000  0.10088514E+001  0.12366650E+001  0.42382858E+001
  0.62182251E+000  0.10088514E+001  0.12366649E+001  0.42382849E+001
  0.62182249E+000  0.10088514E+001  0.12366648E+001  0.42382841E+001
  0.62182248E+000  0.10088514E+001  0.12366648E+001  0.42382832E+001
  0.62182246E+000  0.10088514E+001  0.12366647E+001  0.42382824E+001
  0.62182245E+000  0.10088514E+001  0.12366646E+001  0.42382815E+001
  0.62182243E+000  0.10088513E+001  0.12366646E+001  0.42382806E+001
  0.62182242E+000  0.10088513E+001  0.12366645E+001  0.42382797E+001
  0.62182240E+000  0.10088513E+001  0.12366645E+001  0.42382789E+001
  0.62182239E+000  0.10088513E+001  0.12366644E+001  0.42382780E+001
  0.62182238E+000  0.10088513E+001  0.12366644E+001  0.42382771E+001
  0.62182237E+000  0.10088513E+001  0.12366643E+001  0.42382762E+001
  0.62182236E+000  0.10088513E+001  0.12366643E+001  0.42382754E+001
  0.62182235E+000  0.10088513E+001  0.12366642E+001  0.42382745E+001
  0.62182234E+000  0.10088513E+001  0.12366642E+001  0.42382736E+001
  0.62182233E+000  0.10088513E+001  0.12366641E+001  0.42382728E+001
  0.62182232E+000  0.10088513E+001  0.12366641E+001  0.42382719E+001
  0.62182231E+000  0.10088513E+001  0.12366641E+001  0.42382711E+001
  0.62182231E+000  0.10088513E+001  0.12366640E+001  0.42382702E+001
  0.62182230E+000  0.10088513E+001  0.12366640E+001  0.42382694E+001
  0.62182229E+000  0.10088513E+001  0.12366640E+001  0.42382686E+001
  0.62182229E+000  0.10088513E+001  0.12366639E+001  0.42382678E+001
  0.62182228E+000  0.10088513E+001  0.12366639E+001  0.42382669E+001
  0.62182227E+000  0.10088513E+001  0.12366639E+001  0.42382661E+001
  0.62182227E+000  0.10088513E+001  0.12366639E+001  0.42382654E+001
  0.62182227E+000  0.10088512E+001  0.12366638E+001  0.42382646E+001
  0.62182226E+000  0.10088512E+001  0.12366638E+001  0.42382638E+001
  0.62182226E+000  0.10088512E+001  0.12366638E+001  0.42382630E+001
  0.62182225E+000  0.10088512E+001  0.12366638E+001  0.42382623E+001
  0.62182225E+000  0.10088512E+001  0.12366638E+001  0.42382616E+001
  0.62182225E+000  0.10088512E+001  0.12366638E+001  0.42382608E+001
  0.62182224E+000  0.10088512E+001  0.12366637E+001  0.42382601E+001
  0.62182224E+000  0.10088512E+001  0.12366637E+001  0.42382594E+001
  0.62182224E+000  0.10088512E+001  0.12366637E+001  0.42382587E+001
