  0.17755661E+001
  0.17756281E+001
  0.17757135E+001
  0.17757957E+001
  0.17758697E+001
  0.17759349E+001
  0.17759919E+001
  0.17760415E+001
  0.17760847E+001
  0.17761221E+001
  0.17761547E+001
  0.17761832E+001
  0.17762079E+001
  0.17762296E+001
  0.17762485E+001
  0.17762651E+001
  0.17762797E+001
  0.17762925E+001
  0.17763039E+001
  0.17763139E+001
  0.17763228E+001
  0.17763307E+001
  0.17763377E+001
  0.17763440E+001
  0.17763496E+001
  0.17763547E+001
  0.17763593E+001
  0.17763635E+001
  0.17763673E+001
  0.17763707E+001
  0.17763739E+001
  0.17763768E+001
  0.17763794E+001
  0.17763819E+001
  0.17763842E+001
  0.17763863E+001
  0.17763883E+001
  0.17763902E+001
  0.17763919E+001
  0.17763936E+001
  0.17763952E+001
  0.17763966E+001
  0.17763980E+001
  0.17763993E+001
  0.17764006E+001
  0.17764018E+001
  0.17764029E+001
  0.17764039E+001
  0.17764049E+001
  0.17764059E+001
  0.17764068E+001
  0.17764076E+001
  0.17764084E+001
  0.17764092E+001
  0.17764099E+001
  0.17764105E+001
  0.17764111E+001
  0.17764117E+001
  0.17764122E+001
  0.17764127E+001
  0.17764131E+001
  0.17764135E+001
  0.17764139E+001
  0.17764142E+001
  0.17764146E+001
  0.17764148E+001
  0.17764151E+001
  0.17764153E+001
  0.17764155E+001
  0.17764157E+001
  0.17764158E+001
  0.17764160E+001
  0.17764161E+001
  0.17764162E+001
  0.17764162E+001
  0.17764163E+001
  0.17764163E+001
  0.17764164E+001
  0.17764164E+001
  0.17764164E+001
  0.17764164E+001
  0.17764164E+001
  0.17764163E+001
  0.17764163E+001
  0.17764162E+001
  0.17764162E+001
  0.17764161E+001
  0.17764161E+001
  0.17764160E+001
  0.17764160E+001
  0.17764159E+001
  0.17764158E+001
  0.17764158E+001
  0.17764157E+001
  0.17764156E+001
  0.17764156E+001
  0.17764155E+001
  0.17764154E+001
  0.17764154E+001
  0.17764153E+001
  0.17764152E+001
  0.17764152E+001
  0.17764151E+001
  0.17764150E+001
  0.17764150E+001
  0.17764149E+001
  0.17764149E+001
  0.17764148E+001
  0.17764147E+001
  0.17764147E+001
  0.17764146E+001
  0.17764146E+001
  0.17764145E+001
  0.17764144E+001
  0.17764144E+001
  0.17764143E+001
  0.17764142E+001
  0.17764141E+001
  0.17764141E+001
  0.17764140E+001
  0.17764139E+001
  0.17764138E+001
  0.17764137E+001
  0.17764136E+001
  0.17764136E+001
  0.17764135E+001
  0.17764134E+001
  0.17764132E+001
  0.17764131E+001
  0.17764130E+001
  0.17764129E+001
  0.17764128E+001
  0.17764127E+001
  0.17764125E+001
  0.17764124E+001
  0.17764123E+001
  0.17764121E+001
  0.17764120E+001
  0.17764118E+001
  0.17764116E+001
  0.17764115E+001
  0.17764113E+001
  0.17764112E+001
  0.17764110E+001
  0.17764108E+001
  0.17764106E+001
  0.17764104E+001
  0.17764102E+001
  0.17764100E+001
  0.17764098E+001
  0.17764096E+001
  0.17764094E+001
  0.17764092E+001
  0.17764090E+001
  0.17764088E+001
  0.17764086E+001
  0.17764084E+001
  0.17764081E+001
  0.17764079E+001
  0.17764077E+001
  0.17764075E+001
  0.17764072E+001
  0.17764070E+001
  0.17764068E+001
  0.17764065E+001
  0.17764063E+001
  0.17764060E+001
  0.17764058E+001
  0.17764056E+001
  0.17764053E+001
  0.17764051E+001
  0.17764048E+001
  0.17764046E+001
  0.17764044E+001
  0.17764041E+001
  0.17764039E+001
  0.17764037E+001
  0.17764034E+001
  0.17764032E+001
  0.17764030E+001
  0.17764027E+001
  0.17764025E+001
  0.17764023E+001
  0.17764021E+001
  0.17764018E+001
  0.17764016E+001
  0.17764014E+001
  0.17764012E+001
  0.17764010E+001
  0.17764008E+001
  0.17764006E+001
  0.17764004E+001
  0.17764002E+001
  0.17764000E+001
  0.17763998E+001
  0.17763996E+001
  0.17763994E+001
  0.17763992E+001
  0.17763990E+001
  0.17763988E+001
