  0.63596778E+000
  0.63599722E+000
  0.63604046E+000
  0.63608267E+000
  0.63612091E+000
  0.63615477E+000
  0.63618448E+000
  0.63621050E+000
  0.63623321E+000
  0.63625302E+000
  0.63627037E+000
  0.63628557E+000
  0.63629890E+000
  0.63631062E+000
  0.63632094E+000
  0.63633006E+000
  0.63633814E+000
  0.63634530E+000
  0.63635168E+000
  0.63635737E+000
  0.63636248E+000
  0.63636706E+000
  0.63637120E+000
  0.63637494E+000
  0.63637834E+000
  0.63638145E+000
  0.63638429E+000
  0.63638691E+000
  0.63638931E+000
  0.63639154E+000
  0.63639360E+000
  0.63639553E+000
  0.63639732E+000
  0.63639900E+000
  0.63640059E+000
  0.63640208E+000
  0.63640349E+000
  0.63640483E+000
  0.63640611E+000
  0.63640732E+000
  0.63640847E+000
  0.63640957E+000
  0.63641062E+000
  0.63641163E+000
  0.63641258E+000
  0.63641350E+000
  0.63641437E+000
  0.63641520E+000
  0.63641600E+000
  0.63641675E+000
  0.63641747E+000
  0.63641815E+000
  0.63641880E+000
  0.63641941E+000
  0.63641999E+000
  0.63642053E+000
  0.63642104E+000
  0.63642152E+000
  0.63642197E+000
  0.63642239E+000
  0.63642279E+000
  0.63642315E+000
  0.63642349E+000
  0.63642380E+000
  0.63642409E+000
  0.63642435E+000
  0.63642459E+000
  0.63642481E+000
  0.63642501E+000
  0.63642519E+000
  0.63642536E+000
  0.63642550E+000
  0.63642563E+000
  0.63642575E+000
  0.63642585E+000
  0.63642594E+000
  0.63642601E+000
  0.63642608E+000
  0.63642613E+000
  0.63642618E+000
  0.63642622E+000
  0.63642625E+000
  0.63642627E+000
  0.63642628E+000
  0.63642629E+000
  0.63642630E+000
  0.63642630E+000
  0.63642630E+000
  0.63642630E+000
  0.63642630E+000
  0.63642629E+000
  0.63642628E+000
  0.63642627E+000
  0.63642626E+000
  0.63642626E+000
  0.63642625E+000
  0.63642624E+000
  0.63642624E+000
  0.63642623E+000
  0.63642623E+000
  0.63642622E+000
  0.63642622E+000
  0.63642622E+000
  0.63642622E+000
  0.63642623E+000
  0.63642623E+000
  0.63642624E+000
  0.63642625E+000
  0.63642625E+000
  0.63642626E+000
  0.63642627E+000
  0.63642629E+000
  0.63642630E+000
  0.63642631E+000
  0.63642633E+000
  0.63642634E+000
  0.63642636E+000
  0.63642638E+000
  0.63642640E+000
  0.63642642E+000
  0.63642644E+000
  0.63642646E+000
  0.63642648E+000
  0.63642650E+000
  0.63642652E+000
  0.63642654E+000
  0.63642657E+000
  0.63642659E+000
  0.63642661E+000
  0.63642664E+000
  0.63642666E+000
  0.63642669E+000
  0.63642671E+000
  0.63642674E+000
  0.63642676E+000
  0.63642679E+000
  0.63642681E+000
  0.63642684E+000
  0.63642686E+000
  0.63642689E+000
  0.63642691E+000
  0.63642694E+000
  0.63642696E+000
  0.63642699E+000
  0.63642702E+000
  0.63642704E+000
  0.63642707E+000
  0.63642709E+000
  0.63642712E+000
  0.63642714E+000
  0.63642716E+000
  0.63642719E+000
  0.63642721E+000
  0.63642724E+000
  0.63642726E+000
  0.63642728E+000
  0.63642730E+000
  0.63642733E+000
  0.63642735E+000
  0.63642737E+000
  0.63642739E+000
  0.63642741E+000
  0.63642743E+000
  0.63642745E+000
  0.63642747E+000
  0.63642749E+000
  0.63642751E+000
  0.63642753E+000
  0.63642754E+000
  0.63642756E+000
  0.63642758E+000
  0.63642760E+000
  0.63642761E+000
  0.63642763E+000
  0.63642764E+000
  0.63642766E+000
  0.63642767E+000
  0.63642769E+000
  0.63642770E+000
  0.63642771E+000
  0.63642772E+000
  0.63642774E+000
  0.63642775E+000
  0.63642776E+000
  0.63642777E+000
  0.63642778E+000
  0.63642779E+000
  0.63642780E+000
  0.63642781E+000
  0.63642782E+000
  0.63642783E+000
  0.63642784E+000
  0.63642785E+000
  0.63642785E+000
  0.63642786E+000
  0.63642787E+000
  0.63642788E+000
  0.63642788E+000
  0.63642789E+000
  0.63642789E+000
