  0.90789087E+000
  0.90745613E+000
  0.90710510E+000
  0.90681097E+000
  0.90656241E+000
  0.90635188E+000
  0.90617353E+000
  0.90602250E+000
  0.90589460E+000
  0.90578633E+000
  0.90569480E+000
  0.90561747E+000
  0.90555217E+000
  0.90549713E+000
  0.90545078E+000
  0.90541186E+000
  0.90537924E+000
  0.90535200E+000
  0.90532933E+000
  0.90531057E+000
  0.90529513E+000
  0.90528252E+000
  0.90527232E+000
  0.90526416E+000
  0.90525774E+000
  0.90525281E+000
  0.90524912E+000
  0.90524647E+000
  0.90524470E+000
  0.90524364E+000
  0.90524319E+000
  0.90524322E+000
  0.90524365E+000
  0.90524440E+000
  0.90524540E+000
  0.90524659E+000
  0.90524793E+000
  0.90524937E+000
  0.90525088E+000
  0.90525243E+000
  0.90525401E+000
  0.90525559E+000
  0.90525715E+000
  0.90525870E+000
  0.90526021E+000
  0.90526168E+000
  0.90526312E+000
  0.90526450E+000
  0.90526584E+000
  0.90526713E+000
  0.90526836E+000
  0.90526955E+000
  0.90527069E+000
  0.90527177E+000
  0.90527281E+000
  0.90527380E+000
  0.90527473E+000
  0.90527563E+000
  0.90527647E+000
  0.90527727E+000
  0.90527803E+000
  0.90527874E+000
  0.90527942E+000
  0.90528005E+000
  0.90528065E+000
  0.90528121E+000
  0.90528174E+000
  0.90528223E+000
  0.90528270E+000
  0.90528313E+000
  0.90528354E+000
  0.90528393E+000
  0.90528429E+000
  0.90528463E+000
  0.90528495E+000
  0.90528525E+000
  0.90528553E+000
  0.90528580E+000
  0.90528605E+000
  0.90528630E+000
  0.90528653E+000
  0.90528675E+000
  0.90528695E+000
  0.90528715E+000
  0.90528734E+000
  0.90528752E+000
  0.90528769E+000
  0.90528785E+000
  0.90528800E+000
  0.90528815E+000
  0.90528829E+000
  0.90528842E+000
  0.90528855E+000
  0.90528866E+000
  0.90528878E+000
  0.90528888E+000
  0.90528898E+000
  0.90528908E+000
  0.90528917E+000
  0.90528925E+000
  0.90528933E+000
  0.90528941E+000
  0.90528948E+000
  0.90528955E+000
  0.90528962E+000
  0.90528968E+000
  0.90528974E+000
  0.90528980E+000
  0.90528985E+000
  0.90528990E+000
  0.90528995E+000
  0.90529000E+000
  0.90529005E+000
  0.90529009E+000
  0.90529014E+000
  0.90529018E+000
  0.90529022E+000
  0.90529026E+000
  0.90529030E+000
  0.90529034E+000
  0.90529038E+000
  0.90529041E+000
  0.90529045E+000
  0.90529048E+000
  0.90529052E+000
  0.90529055E+000
  0.90529059E+000
  0.90529062E+000
  0.90529065E+000
  0.90529069E+000
  0.90529072E+000
  0.90529075E+000
  0.90529079E+000
  0.90529082E+000
  0.90529085E+000
  0.90529088E+000
  0.90529091E+000
  0.90529094E+000
  0.90529098E+000
  0.90529101E+000
  0.90529104E+000
  0.90529107E+000
  0.90529110E+000
  0.90529113E+000
  0.90529116E+000
  0.90529119E+000
  0.90529122E+000
  0.90529125E+000
  0.90529128E+000
  0.90529131E+000
  0.90529134E+000
  0.90529137E+000
  0.90529140E+000
  0.90529143E+000
  0.90529146E+000
  0.90529148E+000
  0.90529151E+000
  0.90529154E+000
  0.90529157E+000
  0.90529159E+000
  0.90529162E+000
  0.90529164E+000
  0.90529167E+000
  0.90529169E+000
  0.90529172E+000
  0.90529174E+000
  0.90529176E+000
  0.90529179E+000
  0.90529181E+000
  0.90529183E+000
  0.90529185E+000
  0.90529187E+000
  0.90529189E+000
  0.90529191E+000
  0.90529193E+000
  0.90529195E+000
  0.90529197E+000
  0.90529198E+000
  0.90529200E+000
  0.90529202E+000
  0.90529203E+000
  0.90529205E+000
  0.90529206E+000
  0.90529208E+000
  0.90529209E+000
  0.90529211E+000
  0.90529212E+000
  0.90529213E+000
  0.90529214E+000
  0.90529215E+000
  0.90529217E+000
  0.90529218E+000
  0.90529219E+000
  0.90529220E+000
  0.90529221E+000
  0.90529222E+000
  0.90529223E+000
  0.90529223E+000
  0.90529224E+000
  0.90529226E+000
