  0.26138386E+000
  0.25112039E+000
  0.24817803E+000
  0.24746708E+000
  0.24764442E+000
  0.24822610E+000
  0.24899857E+000
  0.24985781E+000
  0.25074596E+000
  0.25161746E+000
  0.25246145E+000
  0.25327209E+000
  0.25404508E+000
  0.25477848E+000
  0.25547103E+000
  0.25612252E+000
  0.25673295E+000
  0.25730241E+000
  0.25783012E+000
  0.25831839E+000
  0.25876839E+000
  0.25918137E+000
  0.25955856E+000
  0.25990123E+000
  0.26020867E+000
  0.26045563E+000
  0.26065341E+000
  0.26081123E+000
  0.26093663E+000
  0.26103577E+000
  0.26111372E+000
  0.26117464E+000
  0.26122194E+000
  0.26125843E+000
  0.26128638E+000
  0.26130765E+000
  0.26132373E+000
  0.26133582E+000
  0.26134488E+000
  0.26135167E+000
  0.26135676E+000
  0.26136061E+000
  0.26136357E+000
  0.26136589E+000
  0.26136777E+000
  0.26136932E+000
  0.26137067E+000
  0.26137187E+000
  0.26137295E+000
  0.26137396E+000
  0.26137490E+000
  0.26137578E+000
  0.26137661E+000
  0.26137739E+000
  0.26137812E+000
  0.26137879E+000
  0.26137940E+000
  0.26137997E+000
  0.26138048E+000
  0.26138093E+000
  0.26138134E+000
  0.26138170E+000
  0.26138201E+000
  0.26138228E+000
  0.26138251E+000
  0.26138271E+000
  0.26138287E+000
  0.26138300E+000
  0.26138310E+000
  0.26138319E+000
  0.26138325E+000
  0.26138329E+000
  0.26138332E+000
  0.26138333E+000
  0.26138333E+000
  0.26138332E+000
  0.26138330E+000
  0.26138328E+000
  0.26138324E+000
  0.26138320E+000
  0.26138316E+000
  0.26138310E+000
  0.26138305E+000
  0.26138298E+000
  0.26138291E+000
  0.26138284E+000
  0.26138277E+000
  0.26138269E+000
  0.26138261E+000
  0.26138253E+000
  0.26138244E+000
  0.26138236E+000
  0.26138228E+000
  0.26138220E+000
  0.26138213E+000
  0.26138206E+000
  0.26138199E+000
  0.26138193E+000
  0.26138187E+000
  0.26138182E+000
  0.26138177E+000
  0.26138173E+000
  0.26138170E+000
  0.26138167E+000
  0.26138165E+000
  0.26138163E+000
  0.26138163E+000
  0.26138162E+000
  0.26138163E+000
  0.26138163E+000
  0.26138165E+000
  0.26138167E+000
  0.26138169E+000
  0.26138172E+000
  0.26138175E+000
  0.26138179E+000
  0.26138183E+000
  0.26138187E+000
  0.26138192E+000
  0.26138197E+000
  0.26138202E+000
  0.26138207E+000
  0.26138212E+000
  0.26138218E+000
  0.26138223E+000
  0.26138228E+000
  0.26138234E+000
  0.26138239E+000
  0.26138245E+000
  0.26138250E+000
  0.26138255E+000
  0.26138261E+000
  0.26138266E+000
  0.26138271E+000
  0.26138275E+000
  0.26138280E+000
  0.26138285E+000
  0.26138289E+000
  0.26138293E+000
  0.26138297E+000
  0.26138301E+000
  0.26138305E+000
  0.26138309E+000
  0.26138312E+000
  0.26138315E+000
  0.26138319E+000
  0.26138322E+000
  0.26138325E+000
  0.26138328E+000
  0.26138330E+000
  0.26138333E+000
  0.26138335E+000
  0.26138338E+000
  0.26138340E+000
  0.26138342E+000
  0.26138344E+000
  0.26138346E+000
  0.26138348E+000
  0.26138350E+000
  0.26138352E+000
  0.26138354E+000
  0.26138355E+000
  0.26138357E+000
  0.26138359E+000
  0.26138360E+000
  0.26138361E+000
  0.26138363E+000
  0.26138364E+000
  0.26138365E+000
  0.26138366E+000
  0.26138368E+000
  0.26138369E+000
  0.26138370E+000
  0.26138371E+000
  0.26138372E+000
  0.26138372E+000
  0.26138373E+000
  0.26138374E+000
  0.26138375E+000
  0.26138375E+000
  0.26138376E+000
  0.26138377E+000
  0.26138377E+000
  0.26138378E+000
  0.26138379E+000
  0.26138379E+000
  0.26138380E+000
  0.26138380E+000
  0.26138380E+000
  0.26138381E+000
  0.26138381E+000
  0.26138382E+000
  0.26138382E+000
  0.26138382E+000
  0.26138382E+000
  0.26138383E+000
  0.26138383E+000
  0.26138383E+000
  0.26138386E+000
  0.26138387E+000
