  0.53182286E-005
  0.51515064E-005
  0.50928008E-005
  0.50817474E-005
  0.50916468E-005
  0.51102726E-005
  0.51318860E-005
  0.51537515E-005
  0.51745772E-005
  0.51937874E-005
  0.52111669E-005
  0.52266921E-005
  0.52404244E-005
  0.52524869E-005
  0.52630160E-005
  0.52721601E-005
  0.52800613E-005
  0.52868574E-005
  0.52926746E-005
  0.52976330E-005
  0.53018374E-005
  0.53053850E-005
  0.53083618E-005
  0.53108427E-005
  0.53128957E-005
  0.53145806E-005
  0.53159492E-005
  0.53170479E-005
  0.53179169E-005
  0.53185913E-005
  0.53191018E-005
  0.53194753E-005
  0.53197350E-005
  0.53199012E-005
  0.53199913E-005
  0.53200206E-005
  0.53200017E-005
  0.53199459E-005
  0.53198622E-005
  0.53197588E-005
  0.53196420E-005
  0.53195171E-005
  0.53193886E-005
  0.53192598E-005
  0.53191335E-005
  0.53190114E-005
  0.53188953E-005
  0.53187863E-005
  0.53186849E-005
  0.53185917E-005
  0.53185066E-005
  0.53184298E-005
  0.53183610E-005
  0.53183000E-005
  0.53182463E-005
  0.53181998E-005
  0.53181598E-005
  0.53181259E-005
  0.53180978E-005
  0.53180747E-005
  0.53180565E-005
  0.53180426E-005
  0.53180324E-005
  0.53180257E-005
  0.53180222E-005
  0.53180212E-005
  0.53180225E-005
  0.53180259E-005
  0.53180309E-005
  0.53180374E-005
  0.53180451E-005
  0.53180537E-005
  0.53180631E-005
  0.53180731E-005
  0.53180834E-005
  0.53180940E-005
  0.53181045E-005
  0.53181150E-005
  0.53181251E-005
  0.53181350E-005
  0.53181444E-005
  0.53181532E-005
  0.53181615E-005
  0.53181691E-005
  0.53181759E-005
  0.53181821E-005
  0.53181876E-005
  0.53181924E-005
  0.53181965E-005
  0.53182001E-005
  0.53182031E-005
  0.53182056E-005
  0.53182077E-005
  0.53182093E-005
  0.53182107E-005
  0.53182117E-005
  0.53182126E-005
  0.53182132E-005
  0.53182138E-005
  0.53182142E-005
  0.53182145E-005
  0.53182148E-005
  0.53182150E-005
  0.53182152E-005
  0.53182154E-005
  0.53182156E-005
  0.53182158E-005
  0.53182161E-005
  0.53182163E-005
  0.53182166E-005
  0.53182169E-005
  0.53182172E-005
  0.53182175E-005
  0.53182178E-005
  0.53182182E-005
  0.53182186E-005
  0.53182189E-005
  0.53182193E-005
  0.53182197E-005
  0.53182200E-005
  0.53182204E-005
  0.53182207E-005
  0.53182211E-005
  0.53182215E-005
  0.53182218E-005
  0.53182221E-005
  0.53182225E-005
  0.53182228E-005
  0.53182231E-005
  0.53182234E-005
  0.53182237E-005
  0.53182239E-005
  0.53182242E-005
  0.53182244E-005
  0.53182247E-005
  0.53182249E-005
  0.53182251E-005
  0.53182253E-005
  0.53182255E-005
  0.53182257E-005
  0.53182259E-005
  0.53182261E-005
  0.53182262E-005
  0.53182264E-005
  0.53182265E-005
  0.53182266E-005
  0.53182268E-005
  0.53182269E-005
  0.53182270E-005
  0.53182271E-005
  0.53182272E-005
  0.53182273E-005
  0.53182274E-005
  0.53182275E-005
  0.53182276E-005
  0.53182277E-005
  0.53182278E-005
  0.53182279E-005
  0.53182279E-005
  0.53182280E-005
  0.53182280E-005
  0.53182281E-005
  0.53182282E-005
  0.53182283E-005
  0.53182283E-005
  0.53182283E-005
  0.53182284E-005
  0.53182284E-005
  0.53182285E-005
  0.53182285E-005
  0.53182285E-005
  0.53182286E-005
  0.53182286E-005
  0.53182286E-005
  0.53182287E-005
  0.53182287E-005
  0.53182287E-005
  0.53182287E-005
  0.53182287E-005
  0.53182287E-005
  0.53182288E-005
  0.53182288E-005
  0.53182288E-005
  0.53182288E-005
  0.53182288E-005
  0.53182288E-005
  0.53182288E-005
  0.53182288E-005
  0.53182288E-005
  0.53182288E-005
  0.53182288E-005
  0.53182288E-005
  0.53182288E-005
  0.53182288E-005
  0.53182288E-005
  0.53182287E-005
  0.53182287E-005
  0.53182288E-005
  0.53182300E-005
  0.53182303E-005
