  0.13124710E+000
  0.13123279E+000
  0.13121950E+000
  0.13120768E+000
  0.13119742E+000
  0.13118865E+000
  0.13118123E+000
  0.13117502E+000
  0.13116987E+000
  0.13116566E+000
  0.13116226E+000
  0.13115957E+000
  0.13115750E+000
  0.13115597E+000
  0.13115490E+000
  0.13115423E+000
  0.13115391E+000
  0.13115391E+000
  0.13115417E+000
  0.13115466E+000
  0.13115536E+000
  0.13115624E+000
  0.13115728E+000
  0.13115846E+000
  0.13115976E+000
  0.13116117E+000
  0.13116268E+000
  0.13116427E+000
  0.13116594E+000
  0.13116768E+000
  0.13116947E+000
  0.13117132E+000
  0.13117322E+000
  0.13117515E+000
  0.13117712E+000
  0.13117912E+000
  0.13118114E+000
  0.13118318E+000
  0.13118523E+000
  0.13118729E+000
  0.13118936E+000
  0.13119142E+000
  0.13119348E+000
  0.13119553E+000
  0.13119756E+000
  0.13119957E+000
  0.13120157E+000
  0.13120353E+000
  0.13120547E+000
  0.13120737E+000
  0.13120923E+000
  0.13121105E+000
  0.13121282E+000
  0.13121455E+000
  0.13121623E+000
  0.13121786E+000
  0.13121943E+000
  0.13122095E+000
  0.13122241E+000
  0.13122382E+000
  0.13122516E+000
  0.13122645E+000
  0.13122768E+000
  0.13122885E+000
  0.13122996E+000
  0.13123102E+000
  0.13123202E+000
  0.13123297E+000
  0.13123386E+000
  0.13123470E+000
  0.13123550E+000
  0.13123624E+000
  0.13123694E+000
  0.13123760E+000
  0.13123821E+000
  0.13123878E+000
  0.13123932E+000
  0.13123982E+000
  0.13124029E+000
  0.13124073E+000
  0.13124114E+000
  0.13124152E+000
  0.13124187E+000
  0.13124220E+000
  0.13124251E+000
  0.13124280E+000
  0.13124307E+000
  0.13124332E+000
  0.13124355E+000
  0.13124377E+000
  0.13124398E+000
  0.13124417E+000
  0.13124435E+000
  0.13124452E+000
  0.13124467E+000
  0.13124482E+000
  0.13124496E+000
  0.13124509E+000
  0.13124522E+000
  0.13124533E+000
  0.13124544E+000
  0.13124555E+000
  0.13124565E+000
  0.13124574E+000
  0.13124583E+000
  0.13124591E+000
  0.13124599E+000
  0.13124606E+000
  0.13124613E+000
  0.13124620E+000
  0.13124626E+000
  0.13124632E+000
  0.13124638E+000
  0.13124643E+000
  0.13124648E+000
  0.13124652E+000
  0.13124656E+000
  0.13124661E+000
  0.13124664E+000
  0.13124668E+000
  0.13124671E+000
  0.13124674E+000
  0.13124677E+000
  0.13124680E+000
  0.13124682E+000
  0.13124684E+000
  0.13124686E+000
  0.13124688E+000
  0.13124690E+000
  0.13124692E+000
  0.13124693E+000
  0.13124695E+000
  0.13124696E+000
  0.13124697E+000
  0.13124698E+000
  0.13124699E+000
  0.13124700E+000
  0.13124701E+000
  0.13124702E+000
  0.13124703E+000
  0.13124703E+000
  0.13124704E+000
  0.13124704E+000
  0.13124705E+000
  0.13124705E+000
  0.13124706E+000
  0.13124706E+000
  0.13124706E+000
  0.13124707E+000
  0.13124707E+000
  0.13124707E+000
  0.13124707E+000
  0.13124708E+000
  0.13124708E+000
  0.13124708E+000
  0.13124708E+000
  0.13124708E+000
  0.13124709E+000
  0.13124709E+000
  0.13124709E+000
  0.13124709E+000
  0.13124709E+000
  0.13124709E+000
  0.13124709E+000
  0.13124709E+000
  0.13124709E+000
  0.13124709E+000
  0.13124709E+000
  0.13124710E+000
  0.13124710E+000
  0.13124710E+000
  0.13124710E+000
  0.13124710E+000
  0.13124710E+000
  0.13124710E+000
  0.13124710E+000
  0.13124710E+000
  0.13124710E+000
  0.13124710E+000
  0.13124710E+000
  0.13124710E+000
  0.13124710E+000
  0.13124710E+000
  0.13124710E+000
  0.13124710E+000
  0.13124710E+000
  0.13124710E+000
  0.13124710E+000
  0.13124710E+000
  0.13124710E+000
  0.13124710E+000
  0.13124710E+000
  0.13124710E+000
  0.13124710E+000
  0.13124710E+000
  0.13124710E+000
  0.13124710E+000
  0.13124710E+000
  0.13124710E+000
  0.13124710E+000
