  0.46626308E-001
  0.45164611E-001
  0.44649924E-001
  0.44553016E-001
  0.44639806E-001
  0.44803104E-001
  0.44992594E-001
  0.45184294E-001
  0.45366878E-001
  0.45535299E-001
  0.45687670E-001
  0.45823784E-001
  0.45944178E-001
  0.46049934E-001
  0.46142245E-001
  0.46222414E-001
  0.46291686E-001
  0.46351268E-001
  0.46402270E-001
  0.46445741E-001
  0.46482602E-001
  0.46513705E-001
  0.46539803E-001
  0.46561554E-001
  0.46579553E-001
  0.46594325E-001
  0.46606324E-001
  0.46615957E-001
  0.46623576E-001
  0.46629488E-001
  0.46633964E-001
  0.46637239E-001
  0.46639516E-001
  0.46640972E-001
  0.46641763E-001
  0.46642019E-001
  0.46641853E-001
  0.46641364E-001
  0.46640631E-001
  0.46639724E-001
  0.46638700E-001
  0.46637605E-001
  0.46636478E-001
  0.46635349E-001
  0.46634241E-001
  0.46633171E-001
  0.46632153E-001
  0.46631198E-001
  0.46630309E-001
  0.46629492E-001
  0.46628746E-001
  0.46628072E-001
  0.46627469E-001
  0.46626934E-001
  0.46626464E-001
  0.46626056E-001
  0.46625705E-001
  0.46625408E-001
  0.46625161E-001
  0.46624959E-001
  0.46624799E-001
  0.46624677E-001
  0.46624589E-001
  0.46624530E-001
  0.46624498E-001
  0.46624490E-001
  0.46624502E-001
  0.46624531E-001
  0.46624575E-001
  0.46624632E-001
  0.46624699E-001
  0.46624775E-001
  0.46624857E-001
  0.46624945E-001
  0.46625035E-001
  0.46625128E-001
  0.46625220E-001
  0.46625312E-001
  0.46625401E-001
  0.46625488E-001
  0.46625570E-001
  0.46625647E-001
  0.46625720E-001
  0.46625786E-001
  0.46625846E-001
  0.46625901E-001
  0.46625949E-001
  0.46625991E-001
  0.46626027E-001
  0.46626058E-001
  0.46626085E-001
  0.46626107E-001
  0.46626125E-001
  0.46626139E-001
  0.46626151E-001
  0.46626160E-001
  0.46626168E-001
  0.46626173E-001
  0.46626179E-001
  0.46626182E-001
  0.46626185E-001
  0.46626187E-001
  0.46626189E-001
  0.46626191E-001
  0.46626193E-001
  0.46626195E-001
  0.46626197E-001
  0.46626199E-001
  0.46626201E-001
  0.46626203E-001
  0.46626206E-001
  0.46626208E-001
  0.46626211E-001
  0.46626214E-001
  0.46626217E-001
  0.46626220E-001
  0.46626223E-001
  0.46626227E-001
  0.46626230E-001
  0.46626233E-001
  0.46626236E-001
  0.46626239E-001
  0.46626243E-001
  0.46626246E-001
  0.46626249E-001
  0.46626252E-001
  0.46626255E-001
  0.46626257E-001
  0.46626260E-001
  0.46626263E-001
  0.46626265E-001
  0.46626267E-001
  0.46626270E-001
  0.46626272E-001
  0.46626274E-001
  0.46626276E-001
  0.46626278E-001
  0.46626280E-001
  0.46626281E-001
  0.46626283E-001
  0.46626285E-001
  0.46626286E-001
  0.46626287E-001
  0.46626289E-001
  0.46626290E-001
  0.46626291E-001
  0.46626292E-001
  0.46626293E-001
  0.46626294E-001
  0.46626295E-001
  0.46626296E-001
  0.46626297E-001
  0.46626298E-001
  0.46626299E-001
  0.46626300E-001
  0.46626300E-001
  0.46626301E-001
  0.46626302E-001
  0.46626302E-001
  0.46626303E-001
  0.46626303E-001
  0.46626304E-001
  0.46626305E-001
  0.46626305E-001
  0.46626305E-001
  0.46626306E-001
  0.46626306E-001
  0.46626307E-001
  0.46626307E-001
  0.46626308E-001
  0.46626308E-001
  0.46626308E-001
  0.46626308E-001
  0.46626309E-001
  0.46626309E-001
  0.46626309E-001
  0.46626309E-001
  0.46626309E-001
  0.46626310E-001
  0.46626310E-001
  0.46626310E-001
  0.46626310E-001
  0.46626310E-001
  0.46626310E-001
  0.46626310E-001
  0.46626310E-001
  0.46626310E-001
  0.46626310E-001
  0.46626310E-001
  0.46626310E-001
  0.46626310E-001
  0.46626310E-001
  0.46626310E-001
  0.46626310E-001
  0.46626310E-001
  0.46626310E-001
  0.46626310E-001
  0.46626310E-001
  0.46626320E-001
  0.46626323E-001
