  0.86193873E+000
  0.86174523E+000
  0.86160157E+000
  0.86149215E+000
  0.86140866E+000
  0.86134559E+000
  0.86129890E+000
  0.86126543E+000
  0.86124269E+000
  0.86122869E+000
  0.86122184E+000
  0.86122078E+000
  0.86122441E+000
  0.86123184E+000
  0.86124231E+000
  0.86125523E+000
  0.86127008E+000
  0.86128645E+000
  0.86130401E+000
  0.86132247E+000
  0.86134159E+000
  0.86136117E+000
  0.86138105E+000
  0.86140109E+000
  0.86142118E+000
  0.86144123E+000
  0.86146116E+000
  0.86148087E+000
  0.86150034E+000
  0.86151950E+000
  0.86153832E+000
  0.86155677E+000
  0.86157482E+000
  0.86159246E+000
  0.86160966E+000
  0.86162642E+000
  0.86164271E+000
  0.86165854E+000
  0.86167389E+000
  0.86168875E+000
  0.86170313E+000
  0.86171702E+000
  0.86173042E+000
  0.86174333E+000
  0.86175575E+000
  0.86176769E+000
  0.86177913E+000
  0.86179008E+000
  0.86180056E+000
  0.86181055E+000
  0.86182007E+000
  0.86182912E+000
  0.86183770E+000
  0.86184583E+000
  0.86185350E+000
  0.86186072E+000
  0.86186752E+000
  0.86187389E+000
  0.86187984E+000
  0.86188540E+000
  0.86189056E+000
  0.86189536E+000
  0.86189979E+000
  0.86190388E+000
  0.86190765E+000
  0.86191110E+000
  0.86191426E+000
  0.86191715E+000
  0.86191977E+000
  0.86192215E+000
  0.86192431E+000
  0.86192625E+000
  0.86192801E+000
  0.86192958E+000
  0.86193098E+000
  0.86193224E+000
  0.86193335E+000
  0.86193434E+000
  0.86193521E+000
  0.86193598E+000
  0.86193665E+000
  0.86193723E+000
  0.86193774E+000
  0.86193817E+000
  0.86193854E+000
  0.86193885E+000
  0.86193912E+000
  0.86193934E+000
  0.86193951E+000
  0.86193966E+000
  0.86193977E+000
  0.86193985E+000
  0.86193991E+000
  0.86193996E+000
  0.86193998E+000
  0.86193999E+000
  0.86193999E+000
  0.86193998E+000
  0.86193997E+000
  0.86193994E+000
  0.86193992E+000
  0.86193988E+000
  0.86193985E+000
  0.86193981E+000
  0.86193978E+000
  0.86193974E+000
  0.86193971E+000
  0.86193967E+000
  0.86193963E+000
  0.86193960E+000
  0.86193957E+000
  0.86193953E+000
  0.86193950E+000
  0.86193947E+000
  0.86193944E+000
  0.86193942E+000
  0.86193939E+000
  0.86193936E+000
  0.86193934E+000
  0.86193932E+000
  0.86193929E+000
  0.86193927E+000
  0.86193925E+000
  0.86193923E+000
  0.86193921E+000
  0.86193919E+000
  0.86193918E+000
  0.86193916E+000
  0.86193914E+000
  0.86193913E+000
  0.86193911E+000
  0.86193910E+000
  0.86193908E+000
  0.86193907E+000
  0.86193905E+000
  0.86193904E+000
  0.86193902E+000
  0.86193901E+000
  0.86193900E+000
  0.86193899E+000
  0.86193897E+000
  0.86193896E+000
  0.86193895E+000
  0.86193894E+000
  0.86193893E+000
  0.86193892E+000
  0.86193890E+000
  0.86193889E+000
  0.86193888E+000
  0.86193887E+000
  0.86193887E+000
  0.86193886E+000
  0.86193885E+000
  0.86193884E+000
  0.86193883E+000
  0.86193882E+000
  0.86193881E+000
  0.86193881E+000
  0.86193880E+000
  0.86193879E+000
  0.86193878E+000
  0.86193878E+000
  0.86193877E+000
  0.86193877E+000
  0.86193876E+000
  0.86193875E+000
  0.86193875E+000
  0.86193874E+000
  0.86193874E+000
  0.86193874E+000
  0.86193873E+000
  0.86193873E+000
  0.86193872E+000
  0.86193872E+000
  0.86193872E+000
  0.86193871E+000
  0.86193871E+000
  0.86193871E+000
  0.86193871E+000
  0.86193870E+000
  0.86193870E+000
  0.86193870E+000
  0.86193870E+000
  0.86193870E+000
  0.86193869E+000
  0.86193869E+000
  0.86193869E+000
  0.86193869E+000
  0.86193869E+000
  0.86193869E+000
  0.86193869E+000
  0.86193869E+000
  0.86193869E+000
  0.86193869E+000
  0.86193869E+000
  0.86193869E+000
  0.86193869E+000
  0.86193869E+000
  0.86193869E+000
  0.86193869E+000
