  0.46014712E+000
  0.46012210E+000
  0.46009301E+000
  0.46006673E+000
  0.46004347E+000
  0.46002144E+000
  0.46000354E+000
  0.45998902E+000
  0.45997541E+000
  0.45996389E+000
  0.45995283E+000
  0.45994406E+000
  0.45993648E+000
  0.45992980E+000
  0.45992388E+000
  0.45991888E+000
  0.45991454E+000
  0.45991070E+000
  0.45990729E+000
  0.45990427E+000
  0.45990116E+000
  0.45989891E+000
  0.45989594E+000
  0.45989412E+000
  0.45989234E+000
  0.45989074E+000
  0.45988938E+000
  0.45988810E+000
  0.45988698E+000
  0.45988589E+000
  0.45988491E+000
  0.45988402E+000
  0.45988319E+000
  0.45988244E+000
  0.45988173E+000
  0.45988108E+000
  0.45988046E+000
  0.45987988E+000
  0.45987933E+000
  0.45987881E+000
  0.45987832E+000
  0.45987785E+000
  0.45987745E+000
  0.45987703E+000
  0.45987664E+000
  0.45987628E+000
  0.45987594E+000
  0.45987562E+000
  0.45987532E+000
  0.45987503E+000
  0.45987475E+000
  0.45987450E+000
  0.45987427E+000
  0.45987405E+000
  0.45987385E+000
  0.45987366E+000
  0.45987349E+000
  0.45987333E+000
  0.45987320E+000
  0.45987307E+000
  0.45987296E+000
  0.45987286E+000
  0.45987276E+000
  0.45987269E+000
  0.45987267E+000
  0.45987261E+000
  0.45987258E+000
  0.45987255E+000
  0.45987252E+000
  0.45987250E+000
  0.45987250E+000
  0.45987249E+000
  0.45987249E+000
  0.45987250E+000
  0.45987253E+000
  0.45987255E+000
  0.45987258E+000
  0.45987260E+000
  0.45987265E+000
  0.45987268E+000
  0.45987272E+000
  0.45987276E+000
  0.45987280E+000
  0.45987285E+000
  0.45987290E+000
  0.45987296E+000
  0.45987301E+000
  0.45987307E+000
  0.45987312E+000
  0.45987317E+000
  0.45987322E+000
  0.45987327E+000
  0.45987332E+000
  0.45987337E+000
  0.45987342E+000
  0.45987347E+000
  0.45987353E+000
  0.45987357E+000
  0.45987362E+000
  0.45987367E+000
  0.45987371E+000
  0.45987376E+000
  0.45987380E+000
  0.45987385E+000
  0.45987389E+000
  0.45987393E+000
  0.45987395E+000
  0.45987399E+000
  0.45987403E+000
  0.45987407E+000
  0.45987411E+000
  0.45987414E+000
  0.45987418E+000
  0.45987421E+000
  0.45987425E+000
  0.45987428E+000
  0.45987431E+000
  0.45987434E+000
  0.45987437E+000
  0.45987440E+000
  0.45987443E+000
  0.45987445E+000
  0.45987448E+000
  0.45987450E+000
  0.45987452E+000
  0.45987454E+000
  0.45987456E+000
  0.45987458E+000
  0.45987460E+000
  0.45987461E+000
  0.45987463E+000
  0.45987464E+000
  0.45987465E+000
  0.45987466E+000
  0.45987467E+000
  0.45987467E+000
  0.45987467E+000
  0.45987468E+000
  0.45987468E+000
  0.45987468E+000
  0.45987467E+000
  0.45987467E+000
  0.45987466E+000
  0.45987465E+000
  0.45987464E+000
  0.45987463E+000
  0.45987462E+000
  0.45987460E+000
  0.45987458E+000
  0.45987456E+000
  0.45987454E+000
  0.45987452E+000
  0.45987450E+000
  0.45987447E+000
  0.45987444E+000
  0.45987442E+000
  0.45987439E+000
  0.45987435E+000
  0.45987432E+000
  0.45987429E+000
  0.45987425E+000
  0.45987421E+000
  0.45987417E+000
  0.45987413E+000
  0.45987409E+000
  0.45987405E+000
  0.45987401E+000
  0.45987396E+000
  0.45987392E+000
  0.45987387E+000
  0.45987383E+000
  0.45987378E+000
  0.45987373E+000
  0.45987369E+000
  0.45987364E+000
  0.45987359E+000
  0.45987354E+000
  0.45987349E+000
  0.45987344E+000
  0.45987339E+000
  0.45987334E+000
  0.45987329E+000
  0.45987324E+000
  0.45987319E+000
  0.45987313E+000
  0.45987308E+000
  0.45987303E+000
  0.45987298E+000
  0.45987293E+000
  0.45987289E+000
  0.45987284E+000
  0.45987279E+000
  0.45987274E+000
  0.45987269E+000
  0.45987264E+000
  0.45987260E+000
  0.45987255E+000
  0.45987251E+000
  0.45987246E+000
  0.45987242E+000
