  0.35689370E+000
  0.35692240E+000
  0.35695614E+000
  0.35698752E+000
  0.35701560E+000
  0.35704016E+000
  0.35706158E+000
  0.35708134E+000
  0.35709818E+000
  0.35711282E+000
  0.35712512E+000
  0.35713618E+000
  0.35714566E+000
  0.35715464E+000
  0.35716216E+000
  0.35716887E+000
  0.35717485E+000
  0.35718010E+000
  0.35718455E+000
  0.35718865E+000
  0.35719252E+000
  0.35719604E+000
  0.35719886E+000
  0.35720145E+000
  0.35720389E+000
  0.35720607E+000
  0.35720810E+000
  0.35720995E+000
  0.35721167E+000
  0.35721322E+000
  0.35721470E+000
  0.35721602E+000
  0.35721725E+000
  0.35721838E+000
  0.35721946E+000
  0.35722047E+000
  0.35722141E+000
  0.35722229E+000
  0.35722312E+000
  0.35722391E+000
  0.35722466E+000
  0.35722537E+000
  0.35722604E+000
  0.35722668E+000
  0.35722728E+000
  0.35722785E+000
  0.35722840E+000
  0.35722891E+000
  0.35722940E+000
  0.35722987E+000
  0.35723030E+000
  0.35723071E+000
  0.35723109E+000
  0.35723146E+000
  0.35723179E+000
  0.35723211E+000
  0.35723240E+000
  0.35723268E+000
  0.35723293E+000
  0.35723316E+000
  0.35723338E+000
  0.35723357E+000
  0.35723373E+000
  0.35723389E+000
  0.35723403E+000
  0.35723417E+000
  0.35723428E+000
  0.35723438E+000
  0.35723448E+000
  0.35723456E+000
  0.35723463E+000
  0.35723470E+000
  0.35723476E+000
  0.35723481E+000
  0.35723485E+000
  0.35723489E+000
  0.35723493E+000
  0.35723496E+000
  0.35723498E+000
  0.35723500E+000
  0.35723502E+000
  0.35723504E+000
  0.35723493E+000
  0.35723495E+000
  0.35723496E+000
  0.35723497E+000
  0.35723498E+000
  0.35723499E+000
  0.35723500E+000
  0.35723501E+000
  0.35723502E+000
  0.35723503E+000
  0.35723504E+000
  0.35723506E+000
  0.35723507E+000
  0.35723508E+000
  0.35723510E+000
  0.35723511E+000
  0.35723513E+000
  0.35723514E+000
  0.35723516E+000
  0.35723518E+000
  0.35723520E+000
  0.35723522E+000
  0.35723524E+000
  0.35723526E+000
  0.35723529E+000
  0.35723531E+000
  0.35723533E+000
  0.35723535E+000
  0.35723538E+000
  0.35723540E+000
  0.35723542E+000
  0.35723544E+000
  0.35723547E+000
  0.35723549E+000
  0.35723551E+000
  0.35723553E+000
  0.35723555E+000
  0.35723557E+000
  0.35723559E+000
  0.35723561E+000
  0.35723563E+000
  0.35723565E+000
  0.35723566E+000
  0.35723568E+000
  0.35723570E+000
  0.35723571E+000
  0.35723572E+000
  0.35723573E+000
  0.35723575E+000
  0.35723575E+000
  0.35723576E+000
  0.35723577E+000
  0.35723578E+000
  0.35723578E+000
  0.35723578E+000
  0.35723578E+000
  0.35723578E+000
  0.35723578E+000
  0.35723578E+000
  0.35723577E+000
  0.35723576E+000
  0.35723575E+000
  0.35723574E+000
  0.35723573E+000
  0.35723571E+000
  0.35723570E+000
  0.35723568E+000
  0.35723566E+000
  0.35723564E+000
  0.35723562E+000
  0.35723559E+000
  0.35723556E+000
  0.35723553E+000
  0.35723550E+000
  0.35723547E+000
  0.35723544E+000
  0.35723540E+000
  0.35723536E+000
  0.35723532E+000
  0.35723528E+000
  0.35723524E+000
  0.35723520E+000
  0.35723515E+000
  0.35723511E+000
  0.35723506E+000
  0.35723501E+000
  0.35723496E+000
  0.35723491E+000
  0.35723486E+000
  0.35723480E+000
  0.35723475E+000
  0.35723469E+000
  0.35723464E+000
  0.35723458E+000
  0.35723453E+000
  0.35723447E+000
  0.35723441E+000
  0.35723435E+000
  0.35723430E+000
  0.35723424E+000
  0.35723418E+000
  0.35723412E+000
  0.35723406E+000
  0.35723400E+000
  0.35723394E+000
  0.35723388E+000
  0.35723382E+000
  0.35723377E+000
  0.35723371E+000
  0.35723365E+000
  0.35723359E+000
  0.35723354E+000
  0.35723348E+000
  0.35723342E+000
  0.35723337E+000
  0.35723331E+000
  0.35723326E+000
  0.35723321E+000
