  0.81427371E+000
  0.81427325E+000
  0.81427281E+000
  0.81427242E+000
  0.81427207E+000
  0.81427176E+000
  0.81427148E+000
  0.81427124E+000
  0.81427102E+000
  0.81427083E+000
  0.81427065E+000
  0.81427049E+000
  0.81427035E+000
  0.81427022E+000
  0.81427011E+000
  0.81427000E+000
  0.81426990E+000
  0.81426982E+000
  0.81426973E+000
  0.81426966E+000
  0.81426959E+000
  0.81426953E+000
  0.81426947E+000
  0.81426941E+000
  0.81426936E+000
  0.81426931E+000
  0.81426926E+000
  0.81426922E+000
  0.81426918E+000
  0.81426914E+000
  0.81426911E+000
  0.81426907E+000
  0.81426904E+000
  0.81426901E+000
  0.81426898E+000
  0.81426896E+000
  0.81426893E+000
  0.81426891E+000
  0.81426889E+000
  0.81426887E+000
  0.81426885E+000
  0.81426883E+000
  0.81426882E+000
  0.81426881E+000
  0.81426880E+000
  0.81426879E+000
  0.81426878E+000
  0.81426878E+000
  0.81426877E+000
  0.81426877E+000
  0.81426877E+000
  0.81426877E+000
  0.81426878E+000
  0.81426879E+000
  0.81426879E+000
  0.81426881E+000
  0.81426882E+000
  0.81426883E+000
  0.81426885E+000
  0.81426887E+000
  0.81426889E+000
  0.81426892E+000
  0.81426894E+000
  0.81426897E+000
  0.81426900E+000
  0.81426903E+000
  0.81426906E+000
  0.81426910E+000
  0.81426913E+000
  0.81426917E+000
  0.81426921E+000
  0.81426925E+000
  0.81426930E+000
  0.81426934E+000
  0.81426939E+000
  0.81426944E+000
  0.81426949E+000
  0.81426954E+000
  0.81426959E+000
  0.81426964E+000
  0.81426970E+000
  0.81426976E+000
  0.81426981E+000
  0.81426987E+000
  0.81426993E+000
  0.81426999E+000
  0.81427005E+000
  0.81427012E+000
  0.81427018E+000
  0.81427024E+000
  0.81427031E+000
  0.81427037E+000
  0.81427044E+000
  0.81427051E+000
  0.81427057E+000
  0.81427064E+000
  0.81427071E+000
  0.81427078E+000
  0.81427085E+000
  0.81427092E+000
  0.81427099E+000
  0.81427106E+000
  0.81427113E+000
  0.81427120E+000
  0.81427128E+000
  0.81427135E+000
  0.81427142E+000
  0.81427149E+000
  0.81427156E+000
  0.81427164E+000
  0.81427171E+000
  0.81427178E+000
  0.81427186E+000
  0.81427193E+000
  0.81427201E+000
  0.81427208E+000
  0.81427215E+000
  0.81427223E+000
  0.81427230E+000
  0.81427237E+000
  0.81427245E+000
  0.81427252E+000
  0.81427259E+000
  0.81427266E+000
  0.81427273E+000
  0.81427281E+000
  0.81427288E+000
  0.81427295E+000
  0.81427301E+000
  0.81427308E+000
  0.81427315E+000
  0.81427322E+000
  0.81427328E+000
  0.81427335E+000
  0.81427341E+000
  0.81427347E+000
  0.81427353E+000
  0.81427359E+000
  0.81427365E+000
  0.81427371E+000
  0.81427376E+000
  0.81427381E+000
  0.81427387E+000
  0.81427392E+000
  0.81427396E+000
  0.81427401E+000
  0.81427406E+000
  0.81427410E+000
  0.81427414E+000
  0.81427418E+000
  0.81427422E+000
  0.81427425E+000
  0.81427429E+000
  0.81427432E+000
  0.81427435E+000
  0.81427438E+000
  0.81427440E+000
  0.81427443E+000
  0.81427445E+000
  0.81427447E+000
  0.81427449E+000
  0.81427451E+000
  0.81427452E+000
  0.81427454E+000
  0.81427455E+000
  0.81427456E+000
  0.81427457E+000
  0.81427458E+000
  0.81427458E+000
  0.81427459E+000
  0.81427459E+000
  0.81427459E+000
  0.81427459E+000
  0.81427459E+000
  0.81427459E+000
  0.81427459E+000
  0.81427459E+000
  0.81427458E+000
  0.81427458E+000
  0.81427457E+000
  0.81427456E+000
  0.81427455E+000
  0.81427454E+000
  0.81427453E+000
  0.81427452E+000
  0.81427451E+000
  0.81427450E+000
  0.81427449E+000
  0.81427448E+000
  0.81427447E+000
  0.81427445E+000
  0.81427444E+000
  0.81427443E+000
  0.81427441E+000
  0.81427440E+000
  0.81427438E+000
  0.81427437E+000
  0.81427435E+000
  0.81427434E+000
  0.81427432E+000
