  0.88682554E+000
  0.88681363E+000
  0.88680390E+000
  0.88679606E+000
  0.88678981E+000
  0.88678486E+000
  0.88678099E+000
  0.88677804E+000
  0.88677583E+000
  0.88677426E+000
  0.88677320E+000
  0.88677258E+000
  0.88677232E+000
  0.88677236E+000
  0.88677264E+000
  0.88677313E+000
  0.88677378E+000
  0.88677457E+000
  0.88677548E+000
  0.88677647E+000
  0.88677753E+000
  0.88677866E+000
  0.88677983E+000
  0.88678103E+000
  0.88678226E+000
  0.88678351E+000
  0.88678476E+000
  0.88678603E+000
  0.88678729E+000
  0.88678855E+000
  0.88678980E+000
  0.88679105E+000
  0.88679228E+000
  0.88679349E+000
  0.88679469E+000
  0.88679587E+000
  0.88679703E+000
  0.88679816E+000
  0.88679928E+000
  0.88680037E+000
  0.88680143E+000
  0.88680247E+000
  0.88680347E+000
  0.88680445E+000
  0.88680541E+000
  0.88680633E+000
  0.88680722E+000
  0.88680808E+000
  0.88680891E+000
  0.88680971E+000
  0.88681048E+000
  0.88681122E+000
  0.88681192E+000
  0.88681260E+000
  0.88681324E+000
  0.88681385E+000
  0.88681443E+000
  0.88681497E+000
  0.88681549E+000
  0.88681598E+000
  0.88681644E+000
  0.88681688E+000
  0.88681728E+000
  0.88681766E+000
  0.88681802E+000
  0.88681835E+000
  0.88681866E+000
  0.88681895E+000
  0.88681921E+000
  0.88681946E+000
  0.88681969E+000
  0.88681991E+000
  0.88682011E+000
  0.88682029E+000
  0.88682046E+000
  0.88682063E+000
  0.88682077E+000
  0.88682091E+000
  0.88682104E+000
  0.88682117E+000
  0.88682128E+000
  0.88682139E+000
  0.88682149E+000
  0.88682159E+000
  0.88682169E+000
  0.88682178E+000
  0.88682186E+000
  0.88682194E+000
  0.88682203E+000
  0.88682210E+000
  0.88682218E+000
  0.88682226E+000
  0.88682233E+000
  0.88682240E+000
  0.88682248E+000
  0.88682255E+000
  0.88682262E+000
  0.88682269E+000
  0.88682276E+000
  0.88682284E+000
  0.88682291E+000
  0.88682298E+000
  0.88682305E+000
  0.88682312E+000
  0.88682320E+000
  0.88682327E+000
  0.88682334E+000
  0.88682342E+000
  0.88682349E+000
  0.88682357E+000
  0.88682364E+000
  0.88682372E+000
  0.88682379E+000
  0.88682387E+000
  0.88682394E+000
  0.88682402E+000
  0.88682409E+000
  0.88682417E+000
  0.88682425E+000
  0.88682432E+000
  0.88682440E+000
  0.88682447E+000
  0.88682455E+000
  0.88682462E+000
  0.88682469E+000
  0.88682477E+000
  0.88682484E+000
  0.88682491E+000
  0.88682498E+000
  0.88682505E+000
  0.88682512E+000
  0.88682519E+000
  0.88682526E+000
  0.88682532E+000
  0.88682539E+000
  0.88682545E+000
  0.88682551E+000
  0.88682557E+000
  0.88682563E+000
  0.88682569E+000
  0.88682574E+000
  0.88682580E+000
  0.88682585E+000
  0.88682590E+000
  0.88682595E+000
  0.88682599E+000
  0.88682604E+000
  0.88682608E+000
  0.88682612E+000
  0.88682616E+000
  0.88682619E+000
  0.88682623E+000
  0.88682626E+000
  0.88682629E+000
  0.88682632E+000
  0.88682634E+000
  0.88682637E+000
  0.88682639E+000
  0.88682641E+000
  0.88682643E+000
  0.88682644E+000
  0.88682646E+000
  0.88682647E+000
  0.88682648E+000
  0.88682649E+000
  0.88682650E+000
  0.88682651E+000
  0.88682651E+000
  0.88682652E+000
  0.88682652E+000
  0.88682652E+000
  0.88682652E+000
  0.88682652E+000
  0.88682651E+000
  0.88682651E+000
  0.88682650E+000
  0.88682650E+000
  0.88682649E+000
  0.88682648E+000
  0.88682647E+000
  0.88682646E+000
  0.88682645E+000
  0.88682644E+000
  0.88682643E+000
  0.88682641E+000
  0.88682640E+000
  0.88682639E+000
  0.88682637E+000
  0.88682636E+000
  0.88682634E+000
  0.88682633E+000
  0.88682631E+000
  0.88682630E+000
  0.88682628E+000
  0.88682627E+000
  0.88682625E+000
  0.88682623E+000
  0.88682622E+000
  0.88682620E+000
  0.88682618E+000
