  0.15728635E+000  0.20467507E+000  0.39895136E+000  0.60085818E+000  0.91165562E+000  0.10507161E+001  0.15621067E+001  0.34684672E+001  0.50328833E+001  0.86253701E+001  0.13804050E+002
  0.15733502E+000  0.20468801E+000  0.39897995E+000  0.60086816E+000  0.91204174E+000  0.10509871E+001  0.15621209E+001  0.34684999E+001  0.50328976E+001  0.86253824E+001  0.13804053E+002
  0.15738091E+000  0.20474925E+000  0.39900452E+000  0.60097945E+000  0.91227029E+000  0.10512867E+001  0.15621358E+001  0.34685267E+001  0.50329109E+001  0.86253964E+001  0.13804055E+002
  0.15741154E+000  0.20478831E+000  0.39902674E+000  0.60098403E+000  0.91249153E+000  0.10515304E+001  0.15621496E+001  0.34681136E+001  0.50329227E+001  0.86254101E+001  0.13804058E+002
  0.15743110E+000  0.20479913E+000  0.39904574E+000  0.60098723E+000  0.91269311E+000  0.10516667E+001  0.15621624E+001  0.34681807E+001  0.50329324E+001  0.86254225E+001  0.13804060E+002
  0.15744736E+000  0.20480757E+000  0.39906196E+000  0.60098951E+000  0.91270298E+000  0.10518562E+001  0.15621744E+001  0.34682360E+001  0.50329402E+001  0.86254336E+001  0.13804061E+002
  0.15746096E+000  0.20481482E+000  0.39907579E+000  0.60099118E+000  0.91278775E+000  0.10520428E+001  0.15621857E+001  0.34682818E+001  0.50329462E+001  0.86254432E+001  0.13804063E+002
  0.15747242E+000  0.20482152E+000  0.39908757E+000  0.60099247E+000  0.91290516E+000  0.10521619E+001  0.15621965E+001  0.34683198E+001  0.50329508E+001  0.86254515E+001  0.13804064E+002
  0.15753282E+000  0.20483538E+000  0.39908749E+000  0.60099351E+000  0.91299897E+000  0.10522537E+001  0.15622068E+001  0.34683514E+001  0.50329542E+001  0.86254587E+001  0.13804065E+002
  0.15754130E+000  0.20485805E+000  0.39909501E+000  0.60099442E+000  0.91306515E+000  0.10523251E+001  0.15622168E+001  0.34683779E+001  0.50329565E+001  0.86254648E+001  0.13804066E+002
  0.15754849E+000  0.20487721E+000  0.39910182E+000  0.60099654E+000  0.91316528E+000  0.10524334E+001  0.15622265E+001  0.34684000E+001  0.50329580E+001  0.86254700E+001  0.13804067E+002
  0.15755459E+000  0.20489328E+000  0.39911085E+000  0.60104234E+000  0.91320386E+000  0.10524666E+001  0.15622359E+001  0.34684186E+001  0.50329588E+001  0.86254745E+001  0.13804067E+002
  0.15755977E+000  0.20490671E+000  0.39911857E+000  0.60108144E+000  0.91327508E+000  0.10524908E+001  0.15622451E+001  0.34684342E+001  0.50329591E+001  0.86254783E+001  0.13804068E+002
  0.15756418E+000  0.20491790E+000  0.39912514E+000  0.60099752E+000  0.91333260E+000  0.10525755E+001  0.15622541E+001  0.34684474E+001  0.50329590E+001  0.86254815E+001  0.13804068E+002
  0.15756793E+000  0.20492720E+000  0.39913071E+000  0.60099827E+000  0.91337380E+000  0.10525926E+001  0.15622629E+001  0.34684585E+001  0.50329587E+001  0.86254843E+001  0.13804069E+002
  0.15757113E+000  0.20493492E+000  0.39912167E+000  0.60099902E+000  0.91339365E+000  0.10526072E+001  0.15622716E+001  0.34684678E+001  0.50329582E+001  0.86254866E+001  0.13804069E+002
  0.15757384E+000  0.20494228E+000  0.39912412E+000  0.60099978E+000  0.91341408E+000  0.10526197E+001  0.15622801E+001  0.34684757E+001  0.50329576E+001  0.86254886E+001  0.13804070E+002
  0.15757615E+000  0.20494398E+000  0.39912621E+000  0.60100055E+000  0.91343354E+000  0.10527157E+001  0.15622885E+001  0.34684824E+001  0.50329570E+001  0.86254903E+001  0.13804070E+002
  0.15757811E+000  0.20494548E+000  0.39912799E+000  0.60100132E+000  0.91345004E+000  0.10527364E+001  0.15622968E+001  0.34684880E+001  0.50329563E+001  0.86254918E+001  0.13804070E+002
  0.15757977E+000  0.20494680E+000  0.39912951E+000  0.60100209E+000  0.91346402E+000  0.10527621E+001  0.15623049E+001  0.34684927E+001  0.50329556E+001  0.86254930E+001  0.13804070E+002
  0.15761716E+000  0.20494795E+000  0.39913080E+000  0.60100286E+000  0.91347584E+000  0.10527684E+001  0.15623129E+001  0.34684967E+001  0.50329549E+001  0.86254940E+001  0.13804070E+002
  0.15761767E+000  0.20494895E+000  0.39913190E+000  0.60100363E+000  0.91348580E+000  0.10527738E+001  0.15623207E+001  0.34685000E+001  0.50329542E+001  0.86254948E+001  0.13804070E+002
  0.15761809E+000  0.20494982E+000  0.39913283E+000  0.60100439E+000  0.91349418E+000  0.10527783E+001  0.15623284E+001  0.34685028E+001  0.50329535E+001  0.86254955E+001  0.13804070E+002
  0.15761844E+000  0.20495057E+000  0.39913363E+000  0.60100515E+000  0.91350121E+000  0.10527821E+001  0.15623359E+001  0.34685051E+001  0.50329528E+001  0.86254961E+001  0.13804071E+002
  0.15761874E+000  0.20495122E+000  0.39913430E+000  0.60100590E+000  0.91350707E+000  0.10528152E+001  0.15623433E+001  0.34685070E+001  0.50329522E+001  0.86254966E+001  0.13804071E+002
  0.15761898E+000  0.20495176E+000  0.39913487E+000  0.60100680E+000  0.91351195E+000  0.10528178E+001  0.15623505E+001  0.34685087E+001  0.50329515E+001  0.86254970E+001  0.13804071E+002
  0.15761918E+000  0.20495223E+000  0.39913536E+000  0.60100783E+000  0.91351598E+000  0.10528199E+001  0.15623575E+001  0.34685100E+001  0.50329509E+001  0.86254974E+001  0.13804071E+002
  0.15761934E+000  0.20495262E+000  0.39913577E+000  0.60100879E+000  0.91351930E+000  0.10528217E+001  0.15623644E+001  0.34685111E+001  0.50329503E+001  0.86254976E+001  0.13804071E+002
  0.15761946E+000  0.20495295E+000  0.39913611E+000  0.60100969E+000  0.91352200E+000  0.10528231E+001  0.15623711E+001  0.34685120E+001  0.50329497E+001  0.86254979E+001  0.13804071E+002
  0.15761956E+000  0.20495322E+000  0.39913641E+000  0.60101053E+000  0.91352419E+000  0.10528243E+001  0.15623777E+001  0.34685127E+001  0.50329491E+001  0.86254980E+001  0.13804071E+002
  0.15761964E+000  0.20495345E+000  0.39913666E+000  0.60101133E+000  0.91352595E+000  0.10528252E+001  0.15623841E+001  0.34685133E+001  0.50329484E+001  0.86254982E+001  0.13804071E+002
  0.15761970E+000  0.20495363E+000  0.39913687E+000  0.60101209E+000  0.91352735E+000  0.10528259E+001  0.15623903E+001  0.34685137E+001  0.50329479E+001  0.86254983E+001  0.13804071E+002
  0.15761974E+000  0.20495378E+000  0.39913706E+000  0.60101282E+000  0.91352845E+000  0.10528265E+001  0.15623963E+001  0.34685141E+001  0.50329473E+001  0.86254983E+001  0.13804071E+002
  0.15761976E+000  0.20495390E+000  0.39913721E+000  0.60101351E+000  0.91352929E+000  0.10528269E+001  0.15624021E+001  0.34685144E+001  0.50329467E+001  0.86254984E+001  0.13804071E+002
  0.15761978E+000  0.20495399E+000  0.39913735E+000  0.60101417E+000  0.91352993E+000  0.10528272E+001  0.15624077E+001  0.34685146E+001  0.50329462E+001  0.86254984E+001  0.13804071E+002
  0.15761978E+000  0.20495406E+000  0.39913747E+000  0.60101481E+000  0.91353040E+000  0.10528274E+001  0.15624132E+001  0.34685148E+001  0.50329456E+001  0.86254985E+001  0.13804071E+002
  0.15761978E+000  0.20495411E+000  0.39913757E+000  0.60101542E+000  0.91353074E+000  0.10528276E+001  0.15624184E+001  0.34685149E+001  0.50329451E+001  0.86254985E+001  0.13804071E+002
  0.15761977E+000  0.20495415E+000  0.39913767E+000  0.60101601E+000  0.91353096E+000  0.10528277E+001  0.15624235E+001  0.34685150E+001  0.50329446E+001  0.86254985E+001  0.13804071E+002
  0.15761976E+000  0.20495418E+000  0.39913775E+000  0.60101659E+000  0.91353110E+000  0.10528277E+001  0.15624284E+001  0.34685151E+001  0.50329441E+001  0.86254985E+001  0.13804071E+002
  0.15761974E+000  0.20495419E+000  0.39913783E+000  0.60101714E+000  0.91353117E+000  0.10528277E+001  0.15624330E+001  0.34685152E+001  0.50329436E+001  0.86254985E+001  0.13804071E+002
  0.15761972E+000  0.20495420E+000  0.39913790E+000  0.60101767E+000  0.91353118E+000  0.10528277E+001  0.15624375E+001  0.34685152E+001  0.50329432E+001  0.86254985E+001  0.13804071E+002
  0.15761970E+000  0.20495420E+000  0.39913797E+000  0.60101818E+000  0.91353116E+000  0.10528276E+001  0.15624417E+001  0.34685152E+001  0.50329427E+001  0.86254985E+001  0.13804071E+002
  0.15761967E+000  0.20495419E+000  0.39913803E+000  0.60101868E+000  0.91353110E+000  0.10528276E+001  0.15624458E+001  0.34685153E+001  0.50329423E+001  0.86254985E+001  0.13804071E+002
  0.15761964E+000  0.20495418E+000  0.39913809E+000  0.60101916E+000  0.91353101E+000  0.10528275E+001  0.15624496E+001  0.34685153E+001  0.50329419E+001  0.86254985E+001  0.13804071E+002
  0.15761962E+000  0.20495417E+000  0.39913814E+000  0.60101962E+000  0.91353091E+000  0.10528274E+001  0.15624534E+001  0.34685153E+001  0.50329416E+001  0.86254984E+001  0.13804071E+002
  0.15761959E+000  0.20495415E+000  0.39913819E+000  0.60102006E+000  0.91353079E+000  0.10528273E+001  0.15624569E+001  0.34685153E+001  0.50329412E+001  0.86254984E+001  0.13804071E+002
  0.15761956E+000  0.20495413E+000  0.39913824E+000  0.60102049E+000  0.91353067E+000  0.10528272E+001  0.15624603E+001  0.34685153E+001  0.50329409E+001  0.86254984E+001  0.13804071E+002
  0.15761952E+000  0.20495411E+000  0.39913828E+000  0.60102089E+000  0.91353054E+000  0.10528271E+001  0.15624634E+001  0.34685153E+001  0.50329406E+001  0.86254984E+001  0.13804071E+002
  0.15761949E+000  0.20495408E+000  0.39913832E+000  0.60102128E+000  0.91353040E+000  0.10528270E+001  0.15624663E+001  0.34685153E+001  0.50329403E+001  0.86254984E+001  0.13804071E+002
  0.15761946E+000  0.20495406E+000  0.39913836E+000  0.60102165E+000  0.91353026E+000  0.10528269E+001  0.15624690E+001  0.34685153E+001  0.50329401E+001  0.86254984E+001  0.13804071E+002
  0.15761943E+000  0.20495403E+000  0.39913839E+000  0.60102200E+000  0.91353012E+000  0.10528268E+001  0.15624714E+001  0.34685153E+001  0.50329399E+001  0.86254984E+001  0.13804071E+002
  0.15761939E+000  0.20495400E+000  0.39913842E+000  0.60102233E+000  0.91352997E+000  0.10528268E+001  0.15624737E+001  0.34685153E+001  0.50329397E+001  0.86254984E+001  0.13804071E+002
  0.15761936E+000  0.20495398E+000  0.39913845E+000  0.60102264E+000  0.91352983E+000  0.10528267E+001  0.15624758E+001  0.34685153E+001  0.50329395E+001  0.86254983E+001  0.13804071E+002
  0.15761932E+000  0.20495395E+000  0.39913847E+000  0.60102293E+000  0.91352968E+000  0.10528266E+001  0.15624776E+001  0.34685153E+001  0.50329394E+001  0.86254983E+001  0.13804071E+002
  0.15761929E+000  0.20495392E+000  0.39913849E+000  0.60102320E+000  0.91352954E+000  0.10528265E+001  0.15624793E+001  0.34685153E+001  0.50329392E+001  0.86254983E+001  0.13804071E+002
  0.15761925E+000  0.20495389E+000  0.39913850E+000  0.60102345E+000  0.91352940E+000  0.10528264E+001  0.15624809E+001  0.34685153E+001  0.50329392E+001  0.86254983E+001  0.13804071E+002
  0.15761922E+000  0.20495386E+000  0.39913851E+000  0.60102368E+000  0.91352925E+000  0.10528263E+001  0.15624822E+001  0.34685153E+001  0.50329391E+001  0.86254983E+001  0.13804071E+002
  0.15761918E+000  0.20495382E+000  0.39913851E+000  0.60102390E+000  0.91352911E+000  0.10528262E+001  0.15624835E+001  0.34685153E+001  0.50329391E+001  0.86254983E+001  0.13804071E+002
  0.15761914E+000  0.20495379E+000  0.39913851E+000  0.60102409E+000  0.91352897E+000  0.10528261E+001  0.15624846E+001  0.34685154E+001  0.50329390E+001  0.86254983E+001  0.13804071E+002
  0.15761911E+000  0.20495376E+000  0.39913851E+000  0.60102427E+000  0.91352883E+000  0.10528261E+001  0.15624855E+001  0.34685154E+001  0.50329391E+001  0.86254983E+001  0.13804071E+002
  0.15761907E+000  0.20495373E+000  0.39913850E+000  0.60102443E+000  0.91352869E+000  0.10528260E+001  0.15624864E+001  0.34685154E+001  0.50329391E+001  0.86254983E+001  0.13804071E+002
  0.15761903E+000  0.20495370E+000  0.39913848E+000  0.60102457E+000  0.91352856E+000  0.10528259E+001  0.15624871E+001  0.34685154E+001  0.50329392E+001  0.86254983E+001  0.13804071E+002
  0.15761900E+000  0.20495367E+000  0.39913846E+000  0.60102470E+000  0.91352842E+000  0.10528258E+001  0.15624878E+001  0.34685154E+001  0.50329393E+001  0.86254984E+001  0.13804071E+002
  0.15761896E+000  0.20495364E+000  0.39913844E+000  0.60102480E+000  0.91352829E+000  0.10528258E+001  0.15624883E+001  0.34685154E+001  0.50329394E+001  0.86254984E+001  0.13804071E+002
  0.15761892E+000  0.20495360E+000  0.39913841E+000  0.60102490E+000  0.91352816E+000  0.10528257E+001  0.15624888E+001  0.34685154E+001  0.50329395E+001  0.86254984E+001  0.13804071E+002
  0.15761888E+000  0.20495357E+000  0.39913838E+000  0.60102497E+000  0.91352803E+000  0.10528256E+001  0.15624892E+001  0.34685154E+001  0.50329397E+001  0.86254984E+001  0.13804071E+002
  0.15761885E+000  0.20495354E+000  0.39913834E+000  0.60102504E+000  0.91352790E+000  0.10528255E+001  0.15624896E+001  0.34685154E+001  0.50329399E+001  0.86254984E+001  0.13804071E+002
  0.15761881E+000  0.20495351E+000  0.39913830E+000  0.60102508E+000  0.91352777E+000  0.10528255E+001  0.15624898E+001  0.34685154E+001  0.50329401E+001  0.86254984E+001  0.13804071E+002
  0.15761877E+000  0.20495348E+000  0.39913826E+000  0.60102512E+000  0.91352764E+000  0.10528254E+001  0.15624901E+001  0.34685154E+001  0.50329403E+001  0.86254984E+001  0.13804071E+002
  0.15761874E+000  0.20495345E+000  0.39913821E+000  0.60102514E+000  0.91352752E+000  0.10528254E+001  0.15624902E+001  0.34685154E+001  0.50329405E+001  0.86254985E+001  0.13804071E+002
  0.15761870E+000  0.20495342E+000  0.39913815E+000  0.60102516E+000  0.91352739E+000  0.10528253E+001  0.15624903E+001  0.34685154E+001  0.50329408E+001  0.86254985E+001  0.13804071E+002
  0.15761866E+000  0.20495339E+000  0.39913810E+000  0.60102516E+000  0.91352727E+000  0.10528252E+001  0.15624904E+001  0.34685154E+001  0.50329411E+001  0.86254985E+001  0.13804071E+002
  0.15761863E+000  0.20495336E+000  0.39913804E+000  0.60102515E+000  0.91352714E+000  0.10528252E+001  0.15624905E+001  0.34685154E+001  0.50329414E+001  0.86254985E+001  0.13804071E+002
  0.15761859E+000  0.20495333E+000  0.39913797E+000  0.60102513E+000  0.91352702E+000  0.10528251E+001  0.15624905E+001  0.34685154E+001  0.50329417E+001  0.86254986E+001  0.13804071E+002
  0.15761855E+000  0.20495330E+000  0.39913791E+000  0.60102511E+000  0.91352690E+000  0.10528251E+001  0.15624904E+001  0.34685154E+001  0.50329420E+001  0.86254986E+001  0.13804071E+002
  0.15761852E+000  0.20495326E+000  0.39913784E+000  0.60102507E+000  0.91352677E+000  0.10528250E+001  0.15624904E+001  0.34685154E+001  0.50329424E+001  0.86254986E+001  0.13804071E+002
  0.15761848E+000  0.20495323E+000  0.39913777E+000  0.60102503E+000  0.91352665E+000  0.10528249E+001  0.15624903E+001  0.34685154E+001  0.50329427E+001  0.86254987E+001  0.13804071E+002
  0.15761844E+000  0.20495320E+000  0.39913770E+000  0.60102499E+000  0.91352653E+000  0.10528249E+001  0.15624902E+001  0.34685154E+001  0.50329431E+001  0.86254987E+001  0.13804071E+002
  0.15761841E+000  0.20495317E+000  0.39913762E+000  0.60102493E+000  0.91352640E+000  0.10528248E+001  0.15624901E+001  0.34685154E+001  0.50329435E+001  0.86254987E+001  0.13804071E+002
  0.15761837E+000  0.20495314E+000  0.39913755E+000  0.60102488E+000  0.91352628E+000  0.10528248E+001  0.15624900E+001  0.34685154E+001  0.50329439E+001  0.86254988E+001  0.13804071E+002
  0.15761834E+000  0.20495311E+000  0.39913747E+000  0.60102481E+000  0.91352616E+000  0.10528247E+001  0.15624898E+001  0.34685154E+001  0.50329442E+001  0.86254988E+001  0.13804071E+002
  0.15761830E+000  0.20495308E+000  0.39913739E+000  0.60102475E+000  0.91352604E+000  0.10528247E+001  0.15624897E+001  0.34685154E+001  0.50329447E+001  0.86254989E+001  0.13804071E+002
  0.15761827E+000  0.20495305E+000  0.39913732E+000  0.60102468E+000  0.91352592E+000  0.10528246E+001  0.15624895E+001  0.34685154E+001  0.50329451E+001  0.86254989E+001  0.13804071E+002
  0.15761823E+000  0.20495303E+000  0.39913724E+000  0.60102461E+000  0.91352580E+000  0.10528246E+001  0.15624893E+001  0.34685154E+001  0.50329455E+001  0.86254989E+001  0.13804071E+002
  0.15761820E+000  0.20495300E+000  0.39913717E+000  0.60102454E+000  0.91352568E+000  0.10528245E+001  0.15624891E+001  0.34685154E+001  0.50329459E+001  0.86254990E+001  0.13804071E+002
  0.15761817E+000  0.20495297E+000  0.39913709E+000  0.60102447E+000  0.91352557E+000  0.10528245E+001  0.15624890E+001  0.34685154E+001  0.50329463E+001  0.86254991E+001  0.13804071E+002
  0.15761814E+000  0.20495295E+000  0.39913702E+000  0.60102439E+000  0.91352545E+000  0.10528244E+001  0.15624888E+001  0.34685154E+001  0.50329467E+001  0.86254991E+001  0.13804071E+002
  0.15761811E+000  0.20495292E+000  0.39913695E+000  0.60102432E+000  0.91352534E+000  0.10528244E+001  0.15624886E+001  0.34685154E+001  0.50329472E+001  0.86254992E+001  0.13804071E+002
  0.15761808E+000  0.20495290E+000  0.39913688E+000  0.60102425E+000  0.91352524E+000  0.10528243E+001  0.15624884E+001  0.34685154E+001  0.50329476E+001  0.86254992E+001  0.13804071E+002
  0.15761805E+000  0.20495287E+000  0.39913681E+000  0.60102417E+000  0.91352514E+000  0.10528243E+001  0.15624882E+001  0.34685154E+001  0.50329480E+001  0.86254993E+001  0.13804071E+002
  0.15761803E+000  0.20495285E+000  0.39913675E+000  0.60102410E+000  0.91352504E+000  0.10528242E+001  0.15624880E+001  0.34685154E+001  0.50329484E+001  0.86254993E+001  0.13804071E+002
  0.15761800E+000  0.20495283E+000  0.39913669E+000  0.60102403E+000  0.91352494E+000  0.10528242E+001  0.15624878E+001  0.34685153E+001  0.50329489E+001  0.86254994E+001  0.13804071E+002
  0.15761798E+000  0.20495281E+000  0.39913663E+000  0.60102396E+000  0.91352485E+000  0.10528241E+001  0.15624876E+001  0.34685153E+001  0.50329493E+001  0.86254995E+001  0.13804071E+002
  0.15761795E+000  0.20495279E+000  0.39913657E+000  0.60102389E+000  0.91352477E+000  0.10528241E+001  0.15624874E+001  0.34685153E+001  0.50329497E+001  0.86254995E+001  0.13804071E+002
  0.15761793E+000  0.20495277E+000  0.39913651E+000  0.60102382E+000  0.91352468E+000  0.10528241E+001  0.15624873E+001  0.34685153E+001  0.50329501E+001  0.86254996E+001  0.13804071E+002
  0.15761791E+000  0.20495275E+000  0.39913646E+000  0.60102375E+000  0.91352461E+000  0.10528240E+001  0.15624871E+001  0.34685153E+001  0.50329504E+001  0.86254997E+001  0.13804071E+002
  0.15761789E+000  0.20495273E+000  0.39913641E+000  0.60102369E+000  0.91352453E+000  0.10528240E+001  0.15624869E+001  0.34685152E+001  0.50329508E+001  0.86254998E+001  0.13804071E+002
  0.15761788E+000  0.20495272E+000  0.39913637E+000  0.60102363E+000  0.91352447E+000  0.10528240E+001  0.15624867E+001  0.34685152E+001  0.50329512E+001  0.86254998E+001  0.13804071E+002
  0.15761786E+000  0.20495270E+000  0.39913632E+000  0.60102357E+000  0.91352440E+000  0.10528239E+001  0.15624866E+001  0.34685152E+001  0.50329515E+001  0.86254999E+001  0.13804071E+002
  0.15761784E+000  0.20495269E+000  0.39913628E+000  0.60102351E+000  0.91352434E+000  0.10528239E+001  0.15624864E+001  0.34685151E+001  0.50329518E+001  0.86255000E+001  0.13804071E+002
  0.15761783E+000  0.20495268E+000  0.39913624E+000  0.60102345E+000  0.91352428E+000  0.10528239E+001  0.15624862E+001  0.34685151E+001  0.50329521E+001  0.86255001E+001  0.13804071E+002
  0.15761782E+000  0.20495267E+000  0.39913621E+000  0.60102340E+000  0.91352423E+000  0.10528239E+001  0.15624861E+001  0.34685151E+001  0.50329524E+001  0.86255002E+001  0.13804071E+002
  0.15761780E+000  0.20495265E+000  0.39913617E+000  0.60102335E+000  0.91352418E+000  0.10528238E+001  0.15624859E+001  0.34685150E+001  0.50329527E+001  0.86255002E+001  0.13804071E+002
  0.15761779E+000  0.20495264E+000  0.39913614E+000  0.60102330E+000  0.91352414E+000  0.10528238E+001  0.15624858E+001  0.34685150E+001  0.50329529E+001  0.86255003E+001  0.13804071E+002
  0.15761778E+000  0.20495263E+000  0.39913611E+000  0.60102325E+000  0.91352409E+000  0.10528238E+001  0.15624856E+001  0.34685149E+001  0.50329531E+001  0.86255004E+001  0.13804071E+002
  0.15761777E+000  0.20495262E+000  0.39913608E+000  0.60102320E+000  0.91352405E+000  0.10528238E+001  0.15624855E+001  0.34685148E+001  0.50329533E+001  0.86255005E+001  0.13804071E+002
  0.15761776E+000  0.20495261E+000  0.39913606E+000  0.60102316E+000  0.91352402E+000  0.10528238E+001  0.15624854E+001  0.34685148E+001  0.50329534E+001  0.86255006E+001  0.13804071E+002
  0.15761775E+000  0.20495261E+000  0.39913603E+000  0.60102311E+000  0.91352398E+000  0.10528237E+001  0.15624852E+001  0.34685147E+001  0.50329536E+001  0.86255007E+001  0.13804071E+002
  0.15761775E+000  0.20495260E+000  0.39913601E+000  0.60102307E+000  0.91352395E+000  0.10528237E+001  0.15624851E+001  0.34685147E+001  0.50329536E+001  0.86255007E+001  0.13804071E+002
  0.15761774E+000  0.20495259E+000  0.39913599E+000  0.60102303E+000  0.91352392E+000  0.10528237E+001  0.15624850E+001  0.34685146E+001  0.50329537E+001  0.86255008E+001  0.13804071E+002
  0.15761773E+000  0.20495258E+000  0.39913597E+000  0.60102300E+000  0.91352390E+000  0.10528237E+001  0.15624849E+001  0.34685145E+001  0.50329537E+001  0.86255009E+001  0.13804071E+002
  0.15761773E+000  0.20495258E+000  0.39913595E+000  0.60102296E+000  0.91352387E+000  0.10528237E+001  0.15624847E+001  0.34685144E+001  0.50329537E+001  0.86255010E+001  0.13804071E+002
  0.15761772E+000  0.20495257E+000  0.39913593E+000  0.60102292E+000  0.91352385E+000  0.10528237E+001  0.15624846E+001  0.34685143E+001  0.50329536E+001  0.86255010E+001  0.13804071E+002
  0.15761772E+000  0.20495256E+000  0.39913592E+000  0.60102289E+000  0.91352383E+000  0.10528237E+001  0.15624845E+001  0.34685142E+001  0.50329535E+001  0.86255011E+001  0.13804071E+002
  0.15761771E+000  0.20495256E+000  0.39913590E+000  0.60102286E+000  0.91352382E+000  0.10528237E+001  0.15624844E+001  0.34685142E+001  0.50329534E+001  0.86255012E+001  0.13804071E+002
  0.15761771E+000  0.20495255E+000  0.39913589E+000  0.60102282E+000  0.91352380E+000  0.10528237E+001  0.15624843E+001  0.34685141E+001  0.50329532E+001  0.86255013E+001  0.13804071E+002
  0.15761771E+000  0.20495254E+000  0.39913588E+000  0.60102279E+000  0.91352378E+000  0.10528237E+001  0.15624842E+001  0.34685140E+001  0.50329530E+001  0.86255013E+001  0.13804071E+002
  0.15761770E+000  0.20495254E+000  0.39913586E+000  0.60102277E+000  0.91352377E+000  0.10528236E+001  0.15624841E+001  0.34685138E+001  0.50329528E+001  0.86255014E+001  0.13804071E+002
  0.15761770E+000  0.20495253E+000  0.39913585E+000  0.60102274E+000  0.91352376E+000  0.10528236E+001  0.15624840E+001  0.34685137E+001  0.50329525E+001  0.86255014E+001  0.13804071E+002
  0.15761770E+000  0.20495253E+000  0.39913584E+000  0.60102271E+000  0.91352375E+000  0.10528236E+001  0.15624839E+001  0.34685136E+001  0.50329522E+001  0.86255015E+001  0.13804071E+002
  0.15761770E+000  0.20495252E+000  0.39913583E+000  0.60102268E+000  0.91352374E+000  0.10528236E+001  0.15624838E+001  0.34685135E+001  0.50329518E+001  0.86255016E+001  0.13804071E+002
  0.15761770E+000  0.20495252E+000  0.39913582E+000  0.60102266E+000  0.91352373E+000  0.10528236E+001  0.15624837E+001  0.34685134E+001  0.50329514E+001  0.86255016E+001  0.13804071E+002
  0.15761769E+000  0.20495252E+000  0.39913581E+000  0.60102263E+000  0.91352372E+000  0.10528236E+001  0.15624836E+001  0.34685133E+001  0.50329510E+001  0.86255016E+001  0.13804071E+002
  0.15761769E+000  0.20495251E+000  0.39913581E+000  0.60102261E+000  0.91352371E+000  0.10528236E+001  0.15624835E+001  0.34685132E+001  0.50329505E+001  0.86255017E+001  0.13804071E+002
  0.15761769E+000  0.20495251E+000  0.39913580E+000  0.60102258E+000  0.91352371E+000  0.10528236E+001  0.15624834E+001  0.34685130E+001  0.50329500E+001  0.86255017E+001  0.13804071E+002
  0.15761769E+000  0.20495250E+000  0.39913579E+000  0.60102256E+000  0.91352370E+000  0.10528236E+001  0.15624833E+001  0.34685129E+001  0.50329495E+001  0.86255017E+001  0.13804071E+002
  0.15761769E+000  0.20495250E+000  0.39913578E+000  0.60102253E+000  0.91352370E+000  0.10528236E+001  0.15624832E+001  0.34685128E+001  0.50329489E+001  0.86255018E+001  0.13804071E+002
  0.15761769E+000  0.20495249E+000  0.39913578E+000  0.60102251E+000  0.91352369E+000  0.10528236E+001  0.15624832E+001  0.34685126E+001  0.50329483E+001  0.86255018E+001  0.13804071E+002
  0.15761769E+000  0.20495249E+000  0.39913577E+000  0.60102249E+000  0.91352369E+000  0.10528236E+001  0.15624831E+001  0.34685125E+001  0.50329477E+001  0.86255018E+001  0.13804071E+002
  0.15761769E+000  0.20495249E+000  0.39913576E+000  0.60102246E+000  0.91352368E+000  0.10528236E+001  0.15624830E+001  0.34685123E+001  0.50329470E+001  0.86255018E+001  0.13804071E+002
  0.15761769E+000  0.20495248E+000  0.39913575E+000  0.60102244E+000  0.91352368E+000  0.10528236E+001  0.15624829E+001  0.34685122E+001  0.50329463E+001  0.86255018E+001  0.13804071E+002
  0.15761769E+000  0.20495248E+000  0.39913575E+000  0.60102242E+000  0.91352368E+000  0.10528236E+001  0.15624828E+001  0.34685121E+001  0.50329456E+001  0.86255018E+001  0.13804071E+002
  0.15761769E+000  0.20495248E+000  0.39913574E+000  0.60102240E+000  0.91352368E+000  0.10528236E+001  0.15624828E+001  0.34685119E+001  0.50329449E+001  0.86255018E+001  0.13804071E+002
  0.15761769E+000  0.20495247E+000  0.39913573E+000  0.60102237E+000  0.91352367E+000  0.10528236E+001  0.15624827E+001  0.34685118E+001  0.50329441E+001  0.86255018E+001  0.13804071E+002
  0.15761769E+000  0.20495247E+000  0.39913573E+000  0.60102235E+000  0.91352367E+000  0.10528236E+001  0.15624826E+001  0.34685116E+001  0.50329433E+001  0.86255018E+001  0.13804071E+002
  0.15761769E+000  0.20495247E+000  0.39913572E+000  0.60102233E+000  0.91352367E+000  0.10528236E+001  0.15624825E+001  0.34685115E+001  0.50329425E+001  0.86255017E+001  0.13804071E+002
  0.15761769E+000  0.20495246E+000  0.39913572E+000  0.60102231E+000  0.91352367E+000  0.10528236E+001  0.15624825E+001  0.34685113E+001  0.50329417E+001  0.86255017E+001  0.13804071E+002
  0.15761769E+000  0.20495246E+000  0.39913571E+000  0.60102229E+000  0.91352367E+000  0.10528236E+001  0.15624824E+001  0.34685112E+001  0.50329409E+001  0.86255017E+001  0.13804071E+002
  0.15761769E+000  0.20495246E+000  0.39913570E+000  0.60102226E+000  0.91352367E+000  0.10528236E+001  0.15624823E+001  0.34685110E+001  0.50329400E+001  0.86255016E+001  0.13804071E+002
  0.15761769E+000  0.20495246E+000  0.39913570E+000  0.60102224E+000  0.91352367E+000  0.10528236E+001  0.15624823E+001  0.34685109E+001  0.50329391E+001  0.86255016E+001  0.13804071E+002
  0.15761769E+000  0.20495245E+000  0.39913569E+000  0.60102222E+000  0.91352367E+000  0.10528236E+001  0.15624822E+001  0.34685107E+001  0.50329382E+001  0.86255015E+001  0.13804071E+002
  0.15761769E+000  0.20495245E+000  0.39913568E+000  0.60102220E+000  0.91352366E+000  0.10528236E+001  0.15624821E+001  0.34685106E+001  0.50329373E+001  0.86255014E+001  0.13804071E+002
  0.15761769E+000  0.20495245E+000  0.39913568E+000  0.60102218E+000  0.91352366E+000  0.10528236E+001  0.15624821E+001  0.34685104E+001  0.50329364E+001  0.86255014E+001  0.13804071E+002
  0.15761769E+000  0.20495245E+000  0.39913567E+000  0.60102215E+000  0.91352366E+000  0.10528236E+001  0.15624820E+001  0.34685103E+001  0.50329355E+001  0.86255013E+001  0.13804071E+002
  0.15761769E+000  0.20495244E+000  0.39913566E+000  0.60102213E+000  0.91352366E+000  0.10528236E+001  0.15624819E+001  0.34685102E+001  0.50329346E+001  0.86255012E+001  0.13804071E+002
  0.15761769E+000  0.20495244E+000  0.39913566E+000  0.60102211E+000  0.91352366E+000  0.10528236E+001  0.15624818E+001  0.34685100E+001  0.50329336E+001  0.86255011E+001  0.13804071E+002
  0.15761769E+000  0.20495244E+000  0.39913565E+000  0.60102209E+000  0.91352366E+000  0.10528236E+001  0.15624818E+001  0.34685099E+001  0.50329327E+001  0.86255011E+001  0.13804071E+002
  0.15761769E+000  0.20495244E+000  0.39913565E+000  0.60102207E+000  0.91352366E+000  0.10528236E+001  0.15624817E+001  0.34685097E+001  0.50329317E+001  0.86255010E+001  0.13804071E+002
  0.15761769E+000  0.20495244E+000  0.39913564E+000  0.60102205E+000  0.91352366E+000  0.10528236E+001  0.15624816E+001  0.34685096E+001  0.50329308E+001  0.86255009E+001  0.13804071E+002
  0.15761769E+000  0.20495244E+000  0.39913564E+000  0.60102202E+000  0.91352366E+000  0.10528236E+001  0.15624816E+001  0.34685094E+001  0.50329298E+001  0.86255008E+001  0.13804071E+002
  0.15761769E+000  0.20495243E+000  0.39913563E+000  0.60102200E+000  0.91352366E+000  0.10528236E+001  0.15624815E+001  0.34685093E+001  0.50329288E+001  0.86255007E+001  0.13804071E+002
  0.15761769E+000  0.20495243E+000  0.39913562E+000  0.60102198E+000  0.91352366E+000  0.10528236E+001  0.15624814E+001  0.34685092E+001  0.50329279E+001  0.86255005E+001  0.13804071E+002
  0.15761769E+000  0.20495243E+000  0.39913562E+000  0.60102196E+000  0.91352366E+000  0.10528236E+001  0.15624814E+001  0.34685090E+001  0.50329269E+001  0.86255004E+001  0.13804071E+002
  0.15761769E+000  0.20495243E+000  0.39913561E+000  0.60102194E+000  0.91352366E+000  0.10528236E+001  0.15624813E+001  0.34685089E+001  0.50329260E+001  0.86255003E+001  0.13804071E+002
  0.15761769E+000  0.20495243E+000  0.39913561E+000  0.60102192E+000  0.91352366E+000  0.10528236E+001  0.15624813E+001  0.34685087E+001  0.50329250E+001  0.86255002E+001  0.13804071E+002
  0.15761769E+000  0.20495243E+000  0.39913560E+000  0.60102190E+000  0.91352366E+000  0.10528236E+001  0.15624812E+001  0.34685086E+001  0.50329240E+001  0.86255001E+001  0.13804071E+002
  0.15761769E+000  0.20495243E+000  0.39913560E+000  0.60102188E+000  0.91352366E+000  0.10528236E+001  0.15624811E+001  0.34685085E+001  0.50329231E+001  0.86254999E+001  0.13804071E+002
  0.15761769E+000  0.20495243E+000  0.39913559E+000  0.60102187E+000  0.91352366E+000  0.10528236E+001  0.15624811E+001  0.34685083E+001  0.50329222E+001  0.86254998E+001  0.13804071E+002
  0.15761769E+000  0.20495242E+000  0.39913559E+000  0.60102185E+000  0.91352366E+000  0.10528236E+001  0.15624810E+001  0.34685082E+001  0.50329212E+001  0.86254997E+001  0.13804071E+002
  0.15761769E+000  0.20495242E+000  0.39913558E+000  0.60102183E+000  0.91352366E+000  0.10528236E+001  0.15624809E+001  0.34685081E+001  0.50329203E+001  0.86254996E+001  0.13804071E+002
  0.15761769E+000  0.20495242E+000  0.39913558E+000  0.60102181E+000  0.91352366E+000  0.10528236E+001  0.15624809E+001  0.34685080E+001  0.50329194E+001  0.86254994E+001  0.13804071E+002
  0.15761769E+000  0.20495242E+000  0.39913558E+000  0.60102180E+000  0.91352366E+000  0.10528236E+001  0.15624808E+001  0.34685078E+001  0.50329184E+001  0.86254993E+001  0.13804071E+002
  0.15761769E+000  0.20495242E+000  0.39913557E+000  0.60102178E+000  0.91352366E+000  0.10528236E+001  0.15624808E+001  0.34685077E+001  0.50329175E+001  0.86254991E+001  0.13804071E+002
  0.15761769E+000  0.20495242E+000  0.39913557E+000  0.60102177E+000  0.91352366E+000  0.10528236E+001  0.15624807E+001  0.34685076E+001  0.50329166E+001  0.86254990E+001  0.13804071E+002
  0.15761769E+000  0.20495242E+000  0.39913556E+000  0.60102175E+000  0.91352366E+000  0.10528236E+001  0.15624807E+001  0.34685075E+001  0.50329157E+001  0.86254989E+001  0.13804071E+002
  0.15761769E+000  0.20495242E+000  0.39913556E+000  0.60102174E+000  0.91352366E+000  0.10528236E+001  0.15624806E+001  0.34685074E+001  0.50329149E+001  0.86254987E+001  0.13804071E+002
  0.15761769E+000  0.20495242E+000  0.39913556E+000  0.60102172E+000  0.91352366E+000  0.10528236E+001  0.15624805E+001  0.34685072E+001  0.50329140E+001  0.86254986E+001  0.13804071E+002
  0.15761769E+000  0.20495242E+000  0.39913555E+000  0.60102171E+000  0.91352366E+000  0.10528236E+001  0.15624805E+001  0.34685071E+001  0.50329131E+001  0.86254984E+001  0.13804071E+002
  0.15761769E+000  0.20495242E+000  0.39913555E+000  0.60102170E+000  0.91352366E+000  0.10528236E+001  0.15624804E+001  0.34685070E+001  0.50329123E+001  0.86254983E+001  0.13804071E+002
  0.15761769E+000  0.20495242E+000  0.39913555E+000  0.60102168E+000  0.91352366E+000  0.10528236E+001  0.15624804E+001  0.34685069E+001  0.50329114E+001  0.86254982E+001  0.13804071E+002
  0.15761769E+000  0.20495242E+000  0.39913555E+000  0.60102167E+000  0.91352366E+000  0.10528236E+001  0.15624804E+001  0.34685068E+001  0.50329106E+001  0.86254980E+001  0.13804071E+002
  0.15761769E+000  0.20495242E+000  0.39913554E+000  0.60102166E+000  0.91352366E+000  0.10528236E+001  0.15624803E+001  0.34685067E+001  0.50329098E+001  0.86254979E+001  0.13804071E+002
  0.15761769E+000  0.20495242E+000  0.39913554E+000  0.60102165E+000  0.91352365E+000  0.10528236E+001  0.15624803E+001  0.34685066E+001  0.50329090E+001  0.86254977E+001  0.13804071E+002
  0.15761769E+000  0.20495242E+000  0.39913554E+000  0.60102164E+000  0.91352365E+000  0.10528236E+001  0.15624802E+001  0.34685065E+001  0.50329082E+001  0.86254976E+001  0.13804071E+002
  0.15761769E+000  0.20495241E+000  0.39913554E+000  0.60102163E+000  0.91352365E+000  0.10528236E+001  0.15624802E+001  0.34685064E+001  0.50329074E+001  0.86254975E+001  0.13804071E+002
  0.15761769E+000  0.20495241E+000  0.39913553E+000  0.60102162E+000  0.91352365E+000  0.10528236E+001  0.15624801E+001  0.34685063E+001  0.50329066E+001  0.86254973E+001  0.13804071E+002
  0.15761769E+000  0.20495241E+000  0.39913553E+000  0.60102161E+000  0.91352365E+000  0.10528236E+001  0.15624801E+001  0.34685062E+001  0.50329058E+001  0.86254972E+001  0.13804071E+002
  0.15761769E+000  0.20495241E+000  0.39913553E+000  0.60102160E+000  0.91352365E+000  0.10528236E+001  0.15624801E+001  0.34685061E+001  0.50329051E+001  0.86254971E+001  0.13804071E+002
  0.15761769E+000  0.20495241E+000  0.39913553E+000  0.60102159E+000  0.91352365E+000  0.10528236E+001  0.15624800E+001  0.34685060E+001  0.50329044E+001  0.86254969E+001  0.13804071E+002
  0.15761769E+000  0.20495241E+000  0.39913553E+000  0.60102159E+000  0.91352365E+000  0.10528236E+001  0.15624800E+001  0.34685059E+001  0.50329036E+001  0.86254968E+001  0.13804071E+002
  0.15761769E+000  0.20495241E+000  0.39913553E+000  0.60102158E+000  0.91352365E+000  0.10528236E+001  0.15624800E+001  0.34685058E+001  0.50329030E+001  0.86254967E+001  0.13804071E+002
  0.15761769E+000  0.20495241E+000  0.39913552E+000  0.60102157E+000  0.91352365E+000  0.10528236E+001  0.15624799E+001  0.34685057E+001  0.50329024E+001  0.86254965E+001  0.13804071E+002
  0.15761769E+000  0.20495241E+000  0.39913552E+000  0.60102157E+000  0.91352365E+000  0.10528236E+001  0.15624799E+001  0.34685056E+001  0.50329018E+001  0.86254964E+001  0.13804071E+002
  0.15761769E+000  0.20495241E+000  0.39913552E+000  0.60102156E+000  0.91352365E+000  0.10528236E+001  0.15624799E+001  0.34685055E+001  0.50329012E+001  0.86254963E+001  0.13804071E+002
  0.15761769E+000  0.20495241E+000  0.39913552E+000  0.60102156E+000  0.91352365E+000  0.10528236E+001  0.15624798E+001  0.34685054E+001  0.50329006E+001  0.86254962E+001  0.13804071E+002
  0.15761769E+000  0.20495241E+000  0.39913552E+000  0.60102155E+000  0.91352365E+000  0.10528236E+001  0.15624798E+001  0.34685054E+001  0.50329000E+001  0.86254960E+001  0.13804071E+002
  0.15761769E+000  0.20495241E+000  0.39913552E+000  0.60102155E+000  0.91352365E+000  0.10528236E+001  0.15624798E+001  0.34685053E+001  0.50328994E+001  0.86254959E+001  0.13804071E+002
  0.15761769E+000  0.20495241E+000  0.39913552E+000  0.60102154E+000  0.91352365E+000  0.10528236E+001  0.15624798E+001  0.34685052E+001  0.50328989E+001  0.86254958E+001  0.13804071E+002
  0.15761769E+000  0.20495241E+000  0.39913552E+000  0.60102154E+000  0.91352365E+000  0.10528236E+001  0.15624797E+001  0.34685051E+001  0.50328983E+001  0.86254957E+001  0.13804071E+002
  0.15761769E+000  0.20495241E+000  0.39913551E+000  0.60102153E+000  0.91352365E+000  0.10528236E+001  0.15624797E+001  0.34685050E+001  0.50328978E+001  0.86254956E+001  0.13804071E+002
  0.15761769E+000  0.20495241E+000  0.39913551E+000  0.60102153E+000  0.91352365E+000  0.10528236E+001  0.15624797E+001  0.34685050E+001  0.50328973E+001  0.86254954E+001  0.13804071E+002
  0.15761769E+000  0.20495241E+000  0.39913551E+000  0.60102153E+000  0.91352365E+000  0.10528236E+001  0.15624797E+001  0.34685049E+001  0.50328967E+001  0.86254953E+001  0.13804071E+002
  0.15761769E+000  0.20495241E+000  0.39913551E+000  0.60102152E+000  0.91352365E+000  0.10528236E+001  0.15624797E+001  0.34685048E+001  0.50328962E+001  0.86254952E+001  0.13804071E+002
  0.15761769E+000  0.20495241E+000  0.39913551E+000  0.60102152E+000  0.91352365E+000  0.10528236E+001  0.15624796E+001  0.34685048E+001  0.50328957E+001  0.86254951E+001  0.13804071E+002
  0.15761769E+000  0.20495241E+000  0.39913551E+000  0.60102152E+000  0.91352365E+000  0.10528236E+001  0.15624796E+001  0.34685047E+001  0.50328953E+001  0.86254950E+001  0.13804071E+002
  0.15761769E+000  0.20495241E+000  0.39913551E+000  0.60102151E+000  0.91352365E+000  0.10528236E+001  0.15624796E+001  0.34685046E+001  0.50328948E+001  0.86254949E+001  0.13804071E+002
  0.15761769E+000  0.20495241E+000  0.39913551E+000  0.60102151E+000  0.91352365E+000  0.10528236E+001  0.15624796E+001  0.34685046E+001  0.50328943E+001  0.86254948E+001  0.13804071E+002
  0.15761769E+000  0.20495241E+000  0.39913551E+000  0.60102151E+000  0.91352365E+000  0.10528236E+001  0.15624796E+001  0.34685045E+001  0.50328939E+001  0.86254947E+001  0.13804071E+002
  0.15761769E+000  0.20495241E+000  0.39913551E+000  0.60102151E+000  0.91352364E+000  0.10528236E+001  0.15624796E+001  0.34685045E+001  0.50328935E+001  0.86254946E+001  0.13804071E+002
  0.15761769E+000  0.20495241E+000  0.39913551E+000  0.60102151E+000  0.91352364E+000  0.10528236E+001  0.15624796E+001  0.34685044E+001  0.50328930E+001  0.86254945E+001  0.13804071E+002
