 -0.82433473E+000 -0.64308161E+000 -0.27719921E+000 -0.66076871E-004  0.84371337E-001  0.17428241E+001  0.12063646E+002  0.59173118E+002  0.13400207E+003  0.34790471E+003  0.65682841E+003
 -0.82329556E+000 -0.64146413E+000 -0.27682757E+000 -0.65076173E-004  0.84554011E-001  0.17435527E+001  0.12064541E+002  0.59173155E+002  0.13400218E+003  0.34790479E+003  0.65682854E+003
 -0.82241469E+000 -0.64011166E+000 -0.27652130E+000 -0.64591767E-004  0.84697546E-001  0.17441490E+001  0.12065300E+002  0.59173164E+002  0.13400222E+003  0.34790483E+003  0.65682860E+003
 -0.82163344E+000 -0.63900056E+000 -0.27627178E+000 -0.64377329E-004  0.84808841E-001  0.17446321E+001  0.12065937E+002  0.59173162E+002  0.13400223E+003  0.34790484E+003  0.65682862E+003
 -0.82101718E+000 -0.63810550E+000 -0.27607077E+000 -0.64303948E-004  0.84893594E-001  0.17450185E+001  0.12066467E+002  0.59173158E+002  0.13400222E+003  0.34790484E+003  0.65682861E+003
 -0.82053919E+000 -0.63784561E+000 -0.27591089E+000 -0.64305347E-004  0.84956602E-001  0.17453226E+001  0.12066907E+002  0.59173153E+002  0.13400220E+003  0.34790483E+003  0.65682860E+003
 -0.82017671E+000 -0.63769162E+000 -0.27578578E+000 -0.64346873E-004  0.85001896E-001  0.17455580E+001  0.12067269E+002  0.59173148E+002  0.13400218E+003  0.34790482E+003  0.65682858E+003
 -0.81990962E+000 -0.63757493E+000 -0.27568993E+000 -0.64409773E-004  0.85015450E-001  0.17457359E+001  0.12067566E+002  0.59173144E+002  0.13400217E+003  0.34790480E+003  0.65682856E+003
 -0.81972051E+000 -0.63748930E+000 -0.27561850E+000 -0.64483522E-004  0.85023299E-001  0.17458595E+001  0.12067806E+002  0.59173140E+002  0.13400215E+003  0.34790479E+003  0.65682854E+003
 -0.81959455E+000 -0.63742943E+000 -0.27556766E+000 -0.64562055E-004  0.85027402E-001  0.17458799E+001  0.12067999E+002  0.59173137E+002  0.13400214E+003  0.34790478E+003  0.65682853E+003
 -0.81951933E+000 -0.63739080E+000 -0.27553422E+000 -0.64641846E-004  0.85028492E-001  0.17458929E+001  0.12068151E+002  0.59173134E+002  0.13400213E+003  0.34790477E+003  0.65682851E+003
 -0.81948457E+000 -0.63736966E+000 -0.27551545E+000 -0.64720717E-004  0.85027203E-001  0.17459003E+001  0.12068268E+002  0.59173132E+002  0.13400212E+003  0.34790477E+003  0.65682850E+003
 -0.81948296E+000 -0.63736268E+000 -0.27550904E+000 -0.64797314E-004  0.85024052E-001  0.17459031E+001  0.12068355E+002  0.59173130E+002  0.13400211E+003  0.34790476E+003  0.65682849E+003
 -0.81950763E+000 -0.63736725E+000 -0.27551302E+000 -0.64870911E-004  0.85019452E-001  0.17459020E+001  0.12068418E+002  0.59173128E+002  0.13400211E+003  0.34790475E+003  0.65682848E+003
 -0.81955287E+000 -0.63738120E+000 -0.27552574E+000 -0.64941094E-004  0.85013738E-001  0.17458976E+001  0.12068458E+002  0.59173127E+002  0.13400210E+003  0.34790475E+003  0.65682847E+003
 -0.81961467E+000 -0.63740269E+000 -0.27554576E+000 -0.65007709E-004  0.85007178E-001  0.17458905E+001  0.12068481E+002  0.59173126E+002  0.13400210E+003  0.34790474E+003  0.65682846E+003
 -0.81968975E+000 -0.63743018E+000 -0.27557189E+000 -0.65070729E-004  0.84994624E-001  0.17458811E+001  0.12068487E+002  0.59173125E+002  0.13400209E+003  0.34790474E+003  0.65682845E+003
 -0.81977506E+000 -0.63746248E+000 -0.27560308E+000 -0.65130234E-004  0.84975704E-001  0.17458697E+001  0.12068481E+002  0.59173124E+002  0.13400209E+003  0.34790473E+003  0.65682845E+003
 -0.81986815E+000 -0.63749861E+000 -0.27563844E+000 -0.65186352E-004  0.84955993E-001  0.17458540E+001  0.12068463E+002  0.59173123E+002  0.13400209E+003  0.34790473E+003  0.65682844E+003
 -0.81996710E+000 -0.63753777E+000 -0.27567721E+000 -0.65239261E-004  0.84935762E-001  0.17457915E+001  0.12068435E+002  0.59173123E+002  0.13400208E+003  0.34790473E+003  0.65682844E+003
 -0.82007041E+000 -0.63757930E+000 -0.27571875E+000 -0.65289136E-004  0.84915230E-001  0.17457243E+001  0.12068399E+002  0.59173122E+002  0.13400208E+003  0.34790473E+003  0.65682844E+003
 -0.82017688E+000 -0.63762267E+000 -0.27576248E+000 -0.65336172E-004  0.84894573E-001  0.17456531E+001  0.12068357E+002  0.59173122E+002  0.13400208E+003  0.34790473E+003  0.65682843E+003
 -0.82028559E+000 -0.63766745E+000 -0.27580793E+000 -0.65380550E-004  0.84873930E-001  0.17455788E+001  0.12068308E+002  0.59173121E+002  0.13400208E+003  0.34790472E+003  0.65682843E+003
 -0.82039584E+000 -0.63771330E+000 -0.27585467E+000 -0.65422440E-004  0.84853417E-001  0.17455021E+001  0.12068254E+002  0.59173121E+002  0.13400208E+003  0.34790472E+003  0.65682843E+003
 -0.82050706E+000 -0.63775992E+000 -0.27590234E+000 -0.65462005E-004  0.84833125E-001  0.17454234E+001  0.12068196E+002  0.59173121E+002  0.13400208E+003  0.34790472E+003  0.65682843E+003
 -0.82061887E+000 -0.63780711E+000 -0.27595061E+000 -0.65499396E-004  0.84813131E-001  0.17453433E+001  0.12068134E+002  0.59173120E+002  0.13400208E+003  0.34790472E+003  0.65682842E+003
 -0.82073095E+000 -0.63785468E+000 -0.27599922E+000 -0.65534746E-004  0.84793495E-001  0.17452622E+001  0.12068069E+002  0.59173120E+002  0.13400208E+003  0.34790472E+003  0.65682842E+003
 -0.82084308E+000 -0.63790249E+000 -0.27604791E+000 -0.65568179E-004  0.84774271E-001  0.17451805E+001  0.12068001E+002  0.59173120E+002  0.13400207E+003  0.34790472E+003  0.65682842E+003
 -0.82095512E+000 -0.63795044E+000 -0.27609647E+000 -0.65599803E-004  0.84755501E-001  0.17450985E+001  0.12067931E+002  0.59173120E+002  0.13400207E+003  0.34790472E+003  0.65682842E+003
 -0.82106695E+000 -0.63799842E+000 -0.27614472E+000 -0.65629716E-004  0.84737221E-001  0.17450166E+001  0.12067859E+002  0.59173120E+002  0.13400207E+003  0.34790472E+003  0.65682842E+003
 -0.82117850E+000 -0.63811373E+000 -0.27619248E+000 -0.65658008E-004  0.84719462E-001  0.17449349E+001  0.12067786E+002  0.59173120E+002  0.13400207E+003  0.34790472E+003  0.65682842E+003
 -0.82128975E+000 -0.63828438E+000 -0.27623962E+000 -0.65684759E-004  0.84702249E-001  0.17448538E+001  0.12067711E+002  0.59173120E+002  0.13400207E+003  0.34790472E+003  0.65682842E+003
 -0.82140066E+000 -0.63845455E+000 -0.27628599E+000 -0.65710042E-004  0.84685605E-001  0.17447734E+001  0.12067634E+002  0.59173120E+002  0.13400207E+003  0.34790472E+003  0.65682842E+003
 -0.82151124E+000 -0.63862411E+000 -0.27633150E+000 -0.65733924E-004  0.84669548E-001  0.17446940E+001  0.12067557E+002  0.59173120E+002  0.13400207E+003  0.34790472E+003  0.65682842E+003
 -0.82162147E+000 -0.63879291E+000 -0.27637604E+000 -0.65756466E-004  0.84654093E-001  0.17446157E+001  0.12067478E+002  0.59173120E+002  0.13400207E+003  0.34790472E+003  0.65682842E+003
 -0.82173135E+000 -0.63896082E+000 -0.27641953E+000 -0.65777730E-004  0.84639253E-001  0.17445386E+001  0.12067399E+002  0.59173120E+002  0.13400207E+003  0.34790472E+003  0.65682842E+003
 -0.82184088E+000 -0.63912771E+000 -0.27646189E+000 -0.65797769E-004  0.84625037E-001  0.17444629E+001  0.12067319E+002  0.59173119E+002  0.13400207E+003  0.34790472E+003  0.65682842E+003
 -0.82195002E+000 -0.63929342E+000 -0.27650306E+000 -0.65816639E-004  0.84611454E-001  0.17443886E+001  0.12067239E+002  0.59173119E+002  0.13400207E+003  0.34790472E+003  0.65682842E+003
 -0.82205876E+000 -0.63945780E+000 -0.27654299E+000 -0.65834391E-004  0.84598509E-001  0.17443160E+001  0.12067158E+002  0.59173119E+002  0.13400207E+003  0.34790472E+003  0.65682842E+003
 -0.82216702E+000 -0.63962066E+000 -0.27658163E+000 -0.65851078E-004  0.84586204E-001  0.17442450E+001  0.12067076E+002  0.59173119E+002  0.13400207E+003  0.34790472E+003  0.65682842E+003
 -0.82227474E+000 -0.63978180E+000 -0.27661894E+000 -0.65866751E-004  0.84574541E-001  0.17441757E+001  0.12066995E+002  0.59173119E+002  0.13400207E+003  0.34790472E+003  0.65682842E+003
 -0.82238181E+000 -0.63994100E+000 -0.27665489E+000 -0.65881458E-004  0.84563518E-001  0.17441083E+001  0.12066913E+002  0.59173119E+002  0.13400207E+003  0.34790472E+003  0.65682842E+003
 -0.82248811E+000 -0.64009803E+000 -0.27668947E+000 -0.65895251E-004  0.84553133E-001  0.17440428E+001  0.12066832E+002  0.59173119E+002  0.13400207E+003  0.34790472E+003  0.65682842E+003
 -0.82259350E+000 -0.64025263E+000 -0.27672264E+000 -0.65908177E-004  0.84543380E-001  0.17439792E+001  0.12066751E+002  0.59173119E+002  0.13400207E+003  0.34790472E+003  0.65682842E+003
 -0.82269686E+000 -0.64040453E+000 -0.27675441E+000 -0.65920283E-004  0.84534251E-001  0.17439175E+001  0.12066670E+002  0.59173119E+002  0.13400207E+003  0.34790472E+003  0.65682842E+003
 -0.82278585E+000 -0.64055345E+000 -0.27678476E+000 -0.65931615E-004  0.84525739E-001  0.17438579E+001  0.12066590E+002  0.59173119E+002  0.13400207E+003  0.34790472E+003  0.65682842E+003
 -0.82287354E+000 -0.64069911E+000 -0.27681370E+000 -0.65942216E-004  0.84517832E-001  0.17438004E+001  0.12066510E+002  0.59173119E+002  0.13400207E+003  0.34790472E+003  0.65682842E+003
 -0.82295975E+000 -0.64084124E+000 -0.27684124E+000 -0.65952131E-004  0.84510515E-001  0.17437451E+001  0.12066432E+002  0.59173119E+002  0.13400207E+003  0.34790472E+003  0.65682842E+003
 -0.82304424E+000 -0.64097955E+000 -0.27686738E+000 -0.65961397E-004  0.84503774E-001  0.17436918E+001  0.12066354E+002  0.59173119E+002  0.13400207E+003  0.34790472E+003  0.65682842E+003
 -0.82312681E+000 -0.64111377E+000 -0.27689214E+000 -0.65970054E-004  0.84497590E-001  0.17436408E+001  0.12066278E+002  0.59173119E+002  0.13400207E+003  0.34790472E+003  0.65682842E+003
 -0.82320722E+000 -0.64124365E+000 -0.27691555E+000 -0.65978135E-004  0.84491942E-001  0.17435920E+001  0.12066203E+002  0.59173119E+002  0.13400207E+003  0.34790472E+003  0.65682842E+003
 -0.82328525E+000 -0.64136897E+000 -0.27693762E+000 -0.65985674E-004  0.84486806E-001  0.17435453E+001  0.12066129E+002  0.59173119E+002  0.13400207E+003  0.34790472E+003  0.65682842E+003
 -0.82336069E+000 -0.64148952E+000 -0.27695838E+000 -0.65992702E-004  0.84482155E-001  0.17435010E+001  0.12066057E+002  0.59173119E+002  0.13400207E+003  0.34790472E+003  0.65682842E+003
 -0.82343335E+000 -0.64160511E+000 -0.27697788E+000 -0.65999246E-004  0.84477961E-001  0.17434588E+001  0.12065986E+002  0.59173119E+002  0.13400207E+003  0.34790472E+003  0.65682842E+003
 -0.82350302E+000 -0.64171559E+000 -0.27699614E+000 -0.66005335E-004  0.84474191E-001  0.17434189E+001  0.12065916E+002  0.59173119E+002  0.13400207E+003  0.34790472E+003  0.65682842E+003
 -0.82356956E+000 -0.64182086E+000 -0.27701321E+000 -0.66010993E-004  0.84470809E-001  0.17433812E+001  0.12065849E+002  0.59173119E+002  0.13400207E+003  0.34790472E+003  0.65682842E+003
 -0.82363282E+000 -0.64192082E+000 -0.27702913E+000 -0.66016243E-004  0.84467779E-001  0.17433458E+001  0.12065783E+002  0.59173119E+002  0.13400207E+003  0.34790472E+003  0.65682842E+003
 -0.82369270E+000 -0.64201543E+000 -0.27704394E+000 -0.66021108E-004  0.84465060E-001  0.17433124E+001  0.12065718E+002  0.59173119E+002  0.13400207E+003  0.34790472E+003  0.65682842E+003
 -0.82374913E+000 -0.64210466E+000 -0.27705768E+000 -0.66025609E-004  0.84462610E-001  0.17432813E+001  0.12065655E+002  0.59173119E+002  0.13400207E+003  0.34790472E+003  0.65682842E+003
 -0.82380206E+000 -0.64218855E+000 -0.27707041E+000 -0.66029767E-004  0.84460388E-001  0.17432522E+001  0.12065594E+002  0.59173119E+002  0.13400207E+003  0.34790472E+003  0.65682842E+003
 -0.82385147E+000 -0.64226713E+000 -0.27708217E+000 -0.66033600E-004  0.84458350E-001  0.17432251E+001  0.12065535E+002  0.59173119E+002  0.13400207E+003  0.34790472E+003  0.65682842E+003
 -0.82389740E+000 -0.64234049E+000 -0.27709300E+000 -0.66037130E-004  0.84456454E-001  0.17432001E+001  0.12065477E+002  0.59173119E+002  0.13400207E+003  0.34790472E+003  0.65682842E+003
 -0.82393989E+000 -0.64240874E+000 -0.27710297E+000 -0.66040373E-004  0.84454659E-001  0.17431769E+001  0.12065421E+002  0.59173119E+002  0.13400207E+003  0.34790472E+003  0.65682842E+003
 -0.82397902E+000 -0.64247200E+000 -0.27711211E+000 -0.66043348E-004  0.84452925E-001  0.17431556E+001  0.12065367E+002  0.59173119E+002  0.13400207E+003  0.34790472E+003  0.65682842E+003
 -0.82401490E+000 -0.64253045E+000 -0.27712046E+000 -0.66046073E-004  0.84451217E-001  0.17431361E+001  0.12065314E+002  0.59173119E+002  0.13400207E+003  0.34790472E+003  0.65682842E+003
 -0.82404766E+000 -0.64258424E+000 -0.27712809E+000 -0.66048564E-004  0.84449502E-001  0.17431182E+001  0.12065264E+002  0.59173119E+002  0.13400207E+003  0.34790472E+003  0.65682842E+003
 -0.82407744E+000 -0.64263359E+000 -0.27713503E+000 -0.66050837E-004  0.84447751E-001  0.17431019E+001  0.12065215E+002  0.59173119E+002  0.13400207E+003  0.34790472E+003  0.65682842E+003
 -0.82410440E+000 -0.64267871E+000 -0.27714133E+000 -0.66052909E-004  0.84445941E-001  0.17430871E+001  0.12065167E+002  0.59173119E+002  0.13400207E+003  0.34790472E+003  0.65682842E+003
 -0.82412872E+000 -0.64271980E+000 -0.27714704E+000 -0.66054794E-004  0.84444053E-001  0.17430738E+001  0.12065122E+002  0.59173119E+002  0.13400207E+003  0.34790472E+003  0.65682842E+003
 -0.82415058E+000 -0.64275711E+000 -0.27715219E+000 -0.66056508E-004  0.84442072E-001  0.17430617E+001  0.12065078E+002  0.59173119E+002  0.13400207E+003  0.34790472E+003  0.65682842E+003
 -0.82417016E+000 -0.64279086E+000 -0.27715682E+000 -0.66058063E-004  0.84439992E-001  0.17430509E+001  0.12065036E+002  0.59173119E+002  0.13400207E+003  0.34790472E+003  0.65682842E+003
 -0.82418765E+000 -0.64282131E+000 -0.27716099E+000 -0.66059473E-004  0.84437807E-001  0.17430413E+001  0.12064995E+002  0.59173119E+002  0.13400207E+003  0.34790472E+003  0.65682842E+003
 -0.82420322E+000 -0.64284868E+000 -0.27716472E+000 -0.66060750E-004  0.84435521E-001  0.17430326E+001  0.12064957E+002  0.59173119E+002  0.13400207E+003  0.34790472E+003  0.65682842E+003
 -0.82421706E+000 -0.64287321E+000 -0.27716805E+000 -0.66061906E-004  0.84433138E-001  0.17430250E+001  0.12064920E+002  0.59173119E+002  0.13400207E+003  0.34790472E+003  0.65682842E+003
 -0.82422932E+000 -0.64289514E+000 -0.27717102E+000 -0.66062952E-004  0.84430669E-001  0.17430182E+001  0.12064884E+002  0.59173119E+002  0.13400207E+003  0.34790472E+003  0.65682842E+003
 -0.82424018E+000 -0.64291468E+000 -0.27717366E+000 -0.66063897E-004  0.84428126E-001  0.17430123E+001  0.12064851E+002  0.59173119E+002  0.13400207E+003  0.34790472E+003  0.65682842E+003
 -0.82424978E+000 -0.64293206E+000 -0.27717600E+000 -0.66064750E-004  0.84425526E-001  0.17430070E+001  0.12064818E+002  0.59173119E+002  0.13400207E+003  0.34790472E+003  0.65682842E+003
 -0.82425827E+000 -0.64294747E+000 -0.27717807E+000 -0.66065522E-004  0.84422886E-001  0.17430024E+001  0.12064788E+002  0.59173119E+002  0.13400207E+003  0.34790472E+003  0.65682842E+003
 -0.82426576E+000 -0.64296112E+000 -0.27717990E+000 -0.66066217E-004  0.84420225E-001  0.17429984E+001  0.12064759E+002  0.59173119E+002  0.13400207E+003  0.34790472E+003  0.65682842E+003
 -0.82427238E+000 -0.64297317E+000 -0.27718151E+000 -0.66066846E-004  0.84417562E-001  0.17429950E+001  0.12064731E+002  0.59173119E+002  0.13400207E+003  0.34790472E+003  0.65682842E+003
 -0.82427823E+000 -0.64298381E+000 -0.27718293E+000 -0.66067413E-004  0.84414918E-001  0.17429919E+001  0.12064704E+002  0.59173119E+002  0.13400207E+003  0.34790472E+003  0.65682842E+003
 -0.82428341E+000 -0.64299319E+000 -0.27718418E+000 -0.66067925E-004  0.84412310E-001  0.17429893E+001  0.12064679E+002  0.59173119E+002  0.13400207E+003  0.34790472E+003  0.65682842E+003
 -0.82428799E+000 -0.64300145E+000 -0.27718528E+000 -0.66068387E-004  0.84409756E-001  0.17429871E+001  0.12064656E+002  0.59173119E+002  0.13400207E+003  0.34790472E+003  0.65682842E+003
 -0.82429206E+000 -0.64300872E+000 -0.27718624E+000 -0.66068806E-004  0.84407272E-001  0.17429851E+001  0.12064633E+002  0.59173119E+002  0.13400207E+003  0.34790472E+003  0.65682842E+003
 -0.82429568E+000 -0.64301512E+000 -0.27718708E+000 -0.66069185E-004  0.84404873E-001  0.17429835E+001  0.12064612E+002  0.59173119E+002  0.13400207E+003  0.34790472E+003  0.65682842E+003
 -0.82429891E+000 -0.64302075E+000 -0.27718783E+000 -0.66069529E-004  0.84402568E-001  0.17429820E+001  0.12064592E+002  0.59173119E+002  0.13400207E+003  0.34790472E+003  0.65682842E+003
 -0.82430179E+000 -0.64302572E+000 -0.27718848E+000 -0.66069841E-004  0.84400369E-001  0.17429808E+001  0.12064572E+002  0.59173119E+002  0.13400207E+003  0.34790472E+003  0.65682842E+003
 -0.82430437E+000 -0.64303011E+000 -0.27718906E+000 -0.66070127E-004  0.84398282E-001  0.17429797E+001  0.12064554E+002  0.59173119E+002  0.13400207E+003  0.34790472E+003  0.65682842E+003
 -0.82430669E+000 -0.64303399E+000 -0.27718957E+000 -0.66070388E-004  0.84396312E-001  0.17429788E+001  0.12064537E+002  0.59173119E+002  0.13400207E+003  0.34790472E+003  0.65682842E+003
 -0.82430878E+000 -0.64303744E+000 -0.27719003E+000 -0.66070630E-004  0.84394462E-001  0.17429779E+001  0.12064520E+002  0.59173119E+002  0.13400207E+003  0.34790472E+003  0.65682842E+003
 -0.82431067E+000 -0.64304051E+000 -0.27719044E+000 -0.66070853E-004  0.84392731E-001  0.17429771E+001  0.12064504E+002  0.59173119E+002  0.13400207E+003  0.34790472E+003  0.65682842E+003
 -0.82431238E+000 -0.64304325E+000 -0.27719081E+000 -0.66071062E-004  0.84391120E-001  0.17429764E+001  0.12064489E+002  0.59173119E+002  0.13400207E+003  0.34790472E+003  0.65682842E+003
 -0.82431394E+000 -0.64304571E+000 -0.27719115E+000 -0.66071258E-004  0.84389625E-001  0.17429756E+001  0.12064475E+002  0.59173119E+002  0.13400207E+003  0.34790472E+003  0.65682842E+003
 -0.82431536E+000 -0.64304793E+000 -0.27719146E+000 -0.66071443E-004  0.84388243E-001  0.17429749E+001  0.12064461E+002  0.59173119E+002  0.13400207E+003  0.34790472E+003  0.65682842E+003
 -0.82431666E+000 -0.64304995E+000 -0.27719174E+000 -0.66071619E-004  0.84386969E-001  0.17429741E+001  0.12064448E+002  0.59173119E+002  0.13400207E+003  0.34790472E+003  0.65682842E+003
 -0.82431785E+000 -0.64305178E+000 -0.27719201E+000 -0.66071789E-004  0.84385796E-001  0.17429733E+001  0.12064436E+002  0.59173119E+002  0.13400207E+003  0.34790472E+003  0.65682842E+003
 -0.82431895E+000 -0.64305347E+000 -0.27719227E+000 -0.66071952E-004  0.84384719E-001  0.17429724E+001  0.12064423E+002  0.59173119E+002  0.13400207E+003  0.34790472E+003  0.65682842E+003
 -0.82431997E+000 -0.64305502E+000 -0.27719251E+000 -0.66072111E-004  0.84383732E-001  0.17429714E+001  0.12064412E+002  0.59173119E+002  0.13400207E+003  0.34790472E+003  0.65682842E+003
 -0.82432090E+000 -0.64305646E+000 -0.27719274E+000 -0.66072266E-004  0.84382827E-001  0.17429703E+001  0.12064400E+002  0.59173119E+002  0.13400207E+003  0.34790472E+003  0.65682842E+003
 -0.82432178E+000 -0.64305780E+000 -0.27719297E+000 -0.66072418E-004  0.84381999E-001  0.17429691E+001  0.12064390E+002  0.59173119E+002  0.13400207E+003  0.34790472E+003  0.65682842E+003
 -0.82432259E+000 -0.64305905E+000 -0.27719319E+000 -0.66072568E-004  0.84381240E-001  0.17429678E+001  0.12064379E+002  0.59173119E+002  0.13400207E+003  0.34790472E+003  0.65682842E+003
 -0.82432334E+000 -0.64306023E+000 -0.27719340E+000 -0.66072715E-004  0.84380545E-001  0.17429663E+001  0.12064369E+002  0.59173119E+002  0.13400207E+003  0.34790472E+003  0.65682842E+003
 -0.82432405E+000 -0.64306135E+000 -0.27719361E+000 -0.66072861E-004  0.84379907E-001  0.17429647E+001  0.12064359E+002  0.59173119E+002  0.13400207E+003  0.34790472E+003  0.65682842E+003
 -0.82432471E+000 -0.64306240E+000 -0.27719382E+000 -0.66073005E-004  0.84379321E-001  0.17429629E+001  0.12064349E+002  0.59173119E+002  0.13400207E+003  0.34790472E+003  0.65682842E+003
 -0.82432532E+000 -0.64306340E+000 -0.27719402E+000 -0.66073148E-004  0.84378783E-001  0.17429609E+001  0.12064340E+002  0.59173119E+002  0.13400207E+003  0.34790472E+003  0.65682842E+003
 -0.82432590E+000 -0.64306435E+000 -0.27719422E+000 -0.66073289E-004  0.84378287E-001  0.17429588E+001  0.12064331E+002  0.59173119E+002  0.13400207E+003  0.34790472E+003  0.65682843E+003
 -0.82432644E+000 -0.64306525E+000 -0.27719441E+000 -0.66073429E-004  0.84377829E-001  0.17429565E+001  0.12064322E+002  0.59173119E+002  0.13400207E+003  0.34790472E+003  0.65682843E+003
 -0.82432695E+000 -0.64306612E+000 -0.27719461E+000 -0.66073567E-004  0.84377405E-001  0.17429540E+001  0.12064314E+002  0.59173119E+002  0.13400207E+003  0.34790472E+003  0.65682843E+003
 -0.82432743E+000 -0.64306694E+000 -0.27719480E+000 -0.66073703E-004  0.84377013E-001  0.17429514E+001  0.12064305E+002  0.59173119E+002  0.13400207E+003  0.34790472E+003  0.65682843E+003
 -0.82432787E+000 -0.64306773E+000 -0.27719498E+000 -0.66073837E-004  0.84376648E-001  0.17429486E+001  0.12064297E+002  0.59173119E+002  0.13400207E+003  0.34790472E+003  0.65682843E+003
 -0.82432829E+000 -0.64306848E+000 -0.27719517E+000 -0.66073969E-004  0.84376309E-001  0.17429456E+001  0.12064289E+002  0.59173119E+002  0.13400207E+003  0.34790472E+003  0.65682843E+003
 -0.82432869E+000 -0.64306920E+000 -0.27719535E+000 -0.66074099E-004  0.84375993E-001  0.17429425E+001  0.12064281E+002  0.59173119E+002  0.13400207E+003  0.34790472E+003  0.65682843E+003
 -0.82432906E+000 -0.64306988E+000 -0.27719552E+000 -0.66074226E-004  0.84375698E-001  0.17429393E+001  0.12064273E+002  0.59173119E+002  0.13400207E+003  0.34790472E+003  0.65682843E+003
 -0.82432941E+000 -0.64307053E+000 -0.27719570E+000 -0.66074350E-004  0.84375421E-001  0.17429360E+001  0.12064265E+002  0.59173119E+002  0.13400207E+003  0.34790472E+003  0.65682843E+003
 -0.82432974E+000 -0.64307116E+000 -0.27719586E+000 -0.66074472E-004  0.84375163E-001  0.17429326E+001  0.12064257E+002  0.59173119E+002  0.13400207E+003  0.34790472E+003  0.65682843E+003
 -0.82433005E+000 -0.64307175E+000 -0.27719603E+000 -0.66074590E-004  0.84374920E-001  0.17429290E+001  0.12064249E+002  0.59173119E+002  0.13400207E+003  0.34790472E+003  0.65682843E+003
 -0.82433034E+000 -0.64307232E+000 -0.27719619E+000 -0.66074705E-004  0.84374692E-001  0.17429255E+001  0.12064240E+002  0.59173119E+002  0.13400207E+003  0.34790472E+003  0.65682843E+003
 -0.82433061E+000 -0.64307286E+000 -0.27719634E+000 -0.66074817E-004  0.84374478E-001  0.17429218E+001  0.12064232E+002  0.59173119E+002  0.13400207E+003  0.34790472E+003  0.65682843E+003
 -0.82433087E+000 -0.64307337E+000 -0.27719649E+000 -0.66074925E-004  0.84374276E-001  0.17429181E+001  0.12064224E+002  0.59173119E+002  0.13400207E+003  0.34790472E+003  0.65682843E+003
 -0.82433111E+000 -0.64307386E+000 -0.27719663E+000 -0.66075030E-004  0.84374086E-001  0.17429144E+001  0.12064216E+002  0.59173119E+002  0.13400207E+003  0.34790472E+003  0.65682843E+003
 -0.82433133E+000 -0.64307432E+000 -0.27719677E+000 -0.66075131E-004  0.84373908E-001  0.17429107E+001  0.12064207E+002  0.59173119E+002  0.13400207E+003  0.34790472E+003  0.65682843E+003
 -0.82433155E+000 -0.64307476E+000 -0.27719691E+000 -0.66075228E-004  0.84373740E-001  0.17429069E+001  0.12064198E+002  0.59173119E+002  0.13400207E+003  0.34790472E+003  0.65682843E+003
 -0.82433175E+000 -0.64307518E+000 -0.27719704E+000 -0.66075322E-004  0.84373582E-001  0.17429032E+001  0.12064189E+002  0.59173119E+002  0.13400207E+003  0.34790472E+003  0.65682843E+003
 -0.82433194E+000 -0.64307557E+000 -0.27719716E+000 -0.66075412E-004  0.84373433E-001  0.17428996E+001  0.12064180E+002  0.59173119E+002  0.13400207E+003  0.34790472E+003  0.65682843E+003
 -0.82433212E+000 -0.64307595E+000 -0.27719728E+000 -0.66075498E-004  0.84373293E-001  0.17428960E+001  0.12064171E+002  0.59173119E+002  0.13400207E+003  0.34790472E+003  0.65682843E+003
 -0.82433228E+000 -0.64307630E+000 -0.27719739E+000 -0.66075580E-004  0.84373161E-001  0.17428924E+001  0.12064161E+002  0.59173119E+002  0.13400207E+003  0.34790472E+003  0.65682843E+003
 -0.82433244E+000 -0.64307664E+000 -0.27719750E+000 -0.66075659E-004  0.84373037E-001  0.17428889E+001  0.12064151E+002  0.59173119E+002  0.13400207E+003  0.34790472E+003  0.65682843E+003
 -0.82433259E+000 -0.64307696E+000 -0.27719760E+000 -0.66075734E-004  0.84372921E-001  0.17428855E+001  0.12064141E+002  0.59173119E+002  0.13400207E+003  0.34790472E+003  0.65682843E+003
 -0.82433273E+000 -0.64307725E+000 -0.27719770E+000 -0.66075805E-004  0.84372811E-001  0.17428822E+001  0.12064130E+002  0.59173119E+002  0.13400207E+003  0.34790472E+003  0.65682843E+003
 -0.82433286E+000 -0.64307754E+000 -0.27719780E+000 -0.66075873E-004  0.84372709E-001  0.17428789E+001  0.12064119E+002  0.59173119E+002  0.13400207E+003  0.34790472E+003  0.65682843E+003
 -0.82433298E+000 -0.64307780E+000 -0.27719788E+000 -0.66075937E-004  0.84372612E-001  0.17428758E+001  0.12064108E+002  0.59173119E+002  0.13400207E+003  0.34790472E+003  0.65682843E+003
 -0.82433310E+000 -0.64307805E+000 -0.27719797E+000 -0.66075998E-004  0.84372522E-001  0.17428728E+001  0.12064097E+002  0.59173119E+002  0.13400207E+003  0.34790472E+003  0.65682843E+003
 -0.82433320E+000 -0.64307829E+000 -0.27719805E+000 -0.66076056E-004  0.84372437E-001  0.17428699E+001  0.12064085E+002  0.59173119E+002  0.13400207E+003  0.34790472E+003  0.65682843E+003
 -0.82433331E+000 -0.64307851E+000 -0.27719812E+000 -0.66076110E-004  0.84372358E-001  0.17428671E+001  0.12064073E+002  0.59173119E+002  0.13400207E+003  0.34790472E+003  0.65682843E+003
 -0.82433340E+000 -0.64307872E+000 -0.27719820E+000 -0.66076161E-004  0.84372284E-001  0.17428644E+001  0.12064061E+002  0.59173119E+002  0.13400207E+003  0.34790472E+003  0.65682843E+003
 -0.82433349E+000 -0.64307892E+000 -0.27719826E+000 -0.66076210E-004  0.84372215E-001  0.17428618E+001  0.12064049E+002  0.59173119E+002  0.13400207E+003  0.34790472E+003  0.65682843E+003
 -0.82433358E+000 -0.64307910E+000 -0.27719833E+000 -0.66076256E-004  0.84372150E-001  0.17428594E+001  0.12064037E+002  0.59173119E+002  0.13400207E+003  0.34790472E+003  0.65682843E+003
 -0.82433365E+000 -0.64307928E+000 -0.27719839E+000 -0.66076299E-004  0.84372090E-001  0.17428571E+001  0.12064024E+002  0.59173119E+002  0.13400207E+003  0.34790472E+003  0.65682843E+003
 -0.82433373E+000 -0.64307944E+000 -0.27719844E+000 -0.66076339E-004  0.84372034E-001  0.17428548E+001  0.12064012E+002  0.59173119E+002  0.13400207E+003  0.34790472E+003  0.65682843E+003
 -0.82433380E+000 -0.64307959E+000 -0.27719850E+000 -0.66076377E-004  0.84371981E-001  0.17428528E+001  0.12063999E+002  0.59173118E+002  0.13400207E+003  0.34790472E+003  0.65682843E+003
 -0.82433386E+000 -0.64307973E+000 -0.27719855E+000 -0.66076412E-004  0.84371933E-001  0.17428508E+001  0.12063986E+002  0.59173118E+002  0.13400207E+003  0.34790472E+003  0.65682843E+003
 -0.82433392E+000 -0.64307987E+000 -0.27719859E+000 -0.66076445E-004  0.84371887E-001  0.17428489E+001  0.12063974E+002  0.59173118E+002  0.13400207E+003  0.34790472E+003  0.65682843E+003
 -0.82433398E+000 -0.64307999E+000 -0.27719864E+000 -0.66076476E-004  0.84371845E-001  0.17428471E+001  0.12063961E+002  0.59173118E+002  0.13400207E+003  0.34790472E+003  0.65682843E+003
 -0.82433403E+000 -0.64308011E+000 -0.27719868E+000 -0.66076505E-004  0.84371806E-001  0.17428455E+001  0.12063949E+002  0.59173118E+002  0.13400207E+003  0.34790472E+003  0.65682843E+003
 -0.82433408E+000 -0.64308022E+000 -0.27719872E+000 -0.66076533E-004  0.84371769E-001  0.17428439E+001  0.12063936E+002  0.59173118E+002  0.13400207E+003  0.34790472E+003  0.65682843E+003
 -0.82433413E+000 -0.64308032E+000 -0.27719875E+000 -0.66076558E-004  0.84371736E-001  0.17428424E+001  0.12063924E+002  0.59173118E+002  0.13400207E+003  0.34790472E+003  0.65682843E+003
 -0.82433417E+000 -0.64308042E+000 -0.27719879E+000 -0.66076581E-004  0.84371704E-001  0.17428411E+001  0.12063912E+002  0.59173118E+002  0.13400207E+003  0.34790472E+003  0.65682843E+003
 -0.82433421E+000 -0.64308050E+000 -0.27719882E+000 -0.66076604E-004  0.84371675E-001  0.17428398E+001  0.12063900E+002  0.59173118E+002  0.13400207E+003  0.34790472E+003  0.65682843E+003
 -0.82433425E+000 -0.64308059E+000 -0.27719885E+000 -0.66076624E-004  0.84371648E-001  0.17428386E+001  0.12063888E+002  0.59173118E+002  0.13400207E+003  0.34790472E+003  0.65682843E+003
 -0.82433429E+000 -0.64308066E+000 -0.27719887E+000 -0.66076643E-004  0.84371623E-001  0.17428375E+001  0.12063876E+002  0.59173118E+002  0.13400207E+003  0.34790472E+003  0.65682843E+003
 -0.82433432E+000 -0.64308074E+000 -0.27719890E+000 -0.66076661E-004  0.84371600E-001  0.17428364E+001  0.12063865E+002  0.59173118E+002  0.13400207E+003  0.34790472E+003  0.65682843E+003
 -0.82433435E+000 -0.64308080E+000 -0.27719892E+000 -0.66076677E-004  0.84371579E-001  0.17428355E+001  0.12063854E+002  0.59173118E+002  0.13400207E+003  0.34790472E+003  0.65682843E+003
 -0.82433438E+000 -0.64308086E+000 -0.27719895E+000 -0.66076692E-004  0.84371559E-001  0.17428346E+001  0.12063844E+002  0.59173118E+002  0.13400207E+003  0.34790472E+003  0.65682843E+003
 -0.82433441E+000 -0.64308092E+000 -0.27719897E+000 -0.66076706E-004  0.84371541E-001  0.17428337E+001  0.12063833E+002  0.59173118E+002  0.13400207E+003  0.34790472E+003  0.65682843E+003
 -0.82433443E+000 -0.64308098E+000 -0.27719898E+000 -0.66076720E-004  0.84371524E-001  0.17428330E+001  0.12063823E+002  0.59173118E+002  0.13400207E+003  0.34790472E+003  0.65682843E+003
 -0.82433445E+000 -0.64308103E+000 -0.27719900E+000 -0.66076732E-004  0.84371509E-001  0.17428322E+001  0.12063814E+002  0.59173118E+002  0.13400207E+003  0.34790472E+003  0.65682843E+003
 -0.82433448E+000 -0.64308107E+000 -0.27719902E+000 -0.66076743E-004  0.84371494E-001  0.17428316E+001  0.12063804E+002  0.59173118E+002  0.13400207E+003  0.34790472E+003  0.65682843E+003
 -0.82433450E+000 -0.64308112E+000 -0.27719903E+000 -0.66076754E-004  0.84371481E-001  0.17428310E+001  0.12063795E+002  0.59173118E+002  0.13400207E+003  0.34790472E+003  0.65682843E+003
 -0.82433451E+000 -0.64308116E+000 -0.27719905E+000 -0.66076763E-004  0.84371469E-001  0.17428304E+001  0.12063787E+002  0.59173118E+002  0.13400207E+003  0.34790472E+003  0.65682843E+003
 -0.82433453E+000 -0.64308119E+000 -0.27719906E+000 -0.66076772E-004  0.84371457E-001  0.17428299E+001  0.12063778E+002  0.59173118E+002  0.13400207E+003  0.34790472E+003  0.65682843E+003
 -0.82433455E+000 -0.64308123E+000 -0.27719907E+000 -0.66076780E-004  0.84371447E-001  0.17428294E+001  0.12063770E+002  0.59173118E+002  0.13400207E+003  0.34790472E+003  0.65682843E+003
 -0.82433456E+000 -0.64308126E+000 -0.27719908E+000 -0.66076788E-004  0.84371437E-001  0.17428290E+001  0.12063763E+002  0.59173118E+002  0.13400207E+003  0.34790472E+003  0.65682843E+003
 -0.82433458E+000 -0.64308129E+000 -0.27719909E+000 -0.66076795E-004  0.84371429E-001  0.17428285E+001  0.12063756E+002  0.59173118E+002  0.13400207E+003  0.34790472E+003  0.65682843E+003
 -0.82433459E+000 -0.64308132E+000 -0.27719910E+000 -0.66076802E-004  0.84371420E-001  0.17428282E+001  0.12063749E+002  0.59173118E+002  0.13400207E+003  0.34790472E+003  0.65682843E+003
 -0.82433460E+000 -0.64308134E+000 -0.27719911E+000 -0.66076808E-004  0.84371413E-001  0.17428278E+001  0.12063742E+002  0.59173118E+002  0.13400207E+003  0.34790472E+003  0.65682843E+003
 -0.82433461E+000 -0.64308136E+000 -0.27719912E+000 -0.66076813E-004  0.84371406E-001  0.17428275E+001  0.12063736E+002  0.59173118E+002  0.13400207E+003  0.34790472E+003  0.65682843E+003
 -0.82433462E+000 -0.64308139E+000 -0.27719913E+000 -0.66076818E-004  0.84371400E-001  0.17428272E+001  0.12063730E+002  0.59173118E+002  0.13400207E+003  0.34790472E+003  0.65682843E+003
 -0.82433463E+000 -0.64308141E+000 -0.27719913E+000 -0.66076823E-004  0.84371394E-001  0.17428269E+001  0.12063724E+002  0.59173118E+002  0.13400207E+003  0.34790472E+003  0.65682843E+003
 -0.82433464E+000 -0.64308143E+000 -0.27719914E+000 -0.66076827E-004  0.84371389E-001  0.17428267E+001  0.12063719E+002  0.59173118E+002  0.13400207E+003  0.34790472E+003  0.65682843E+003
 -0.82433465E+000 -0.64308144E+000 -0.27719915E+000 -0.66076831E-004  0.84371384E-001  0.17428265E+001  0.12063714E+002  0.59173118E+002  0.13400207E+003  0.34790472E+003  0.65682843E+003
 -0.82433466E+000 -0.64308146E+000 -0.27719915E+000 -0.66076835E-004  0.84371379E-001  0.17428263E+001  0.12063709E+002  0.59173118E+002  0.13400207E+003  0.34790472E+003  0.65682843E+003
 -0.82433466E+000 -0.64308147E+000 -0.27719916E+000 -0.66076838E-004  0.84371375E-001  0.17428261E+001  0.12063705E+002  0.59173118E+002  0.13400207E+003  0.34790472E+003  0.65682843E+003
 -0.82433467E+000 -0.64308149E+000 -0.27719916E+000 -0.66076841E-004  0.84371371E-001  0.17428259E+001  0.12063701E+002  0.59173118E+002  0.13400207E+003  0.34790472E+003  0.65682843E+003
 -0.82433468E+000 -0.64308150E+000 -0.27719917E+000 -0.66076844E-004  0.84371368E-001  0.17428257E+001  0.12063697E+002  0.59173118E+002  0.13400207E+003  0.34790472E+003  0.65682843E+003
 -0.82433468E+000 -0.64308151E+000 -0.27719917E+000 -0.66076847E-004  0.84371365E-001  0.17428256E+001  0.12063693E+002  0.59173118E+002  0.13400207E+003  0.34790472E+003  0.65682843E+003
 -0.82433469E+000 -0.64308152E+000 -0.27719917E+000 -0.66076849E-004  0.84371362E-001  0.17428255E+001  0.12063690E+002  0.59173118E+002  0.13400207E+003  0.34790472E+003  0.65682843E+003
 -0.82433469E+000 -0.64308153E+000 -0.27719918E+000 -0.66076852E-004  0.84371359E-001  0.17428253E+001  0.12063687E+002  0.59173118E+002  0.13400207E+003  0.34790472E+003  0.65682843E+003
 -0.82433469E+000 -0.64308154E+000 -0.27719918E+000 -0.66076854E-004  0.84371357E-001  0.17428252E+001  0.12063684E+002  0.59173118E+002  0.13400207E+003  0.34790472E+003  0.65682843E+003
 -0.82433470E+000 -0.64308155E+000 -0.27719918E+000 -0.66076855E-004  0.84371354E-001  0.17428251E+001  0.12063681E+002  0.59173118E+002  0.13400207E+003  0.34790472E+003  0.65682843E+003
 -0.82433470E+000 -0.64308156E+000 -0.27719918E+000 -0.66076857E-004  0.84371352E-001  0.17428250E+001  0.12063678E+002  0.59173118E+002  0.13400207E+003  0.34790471E+003  0.65682843E+003
 -0.82433471E+000 -0.64308156E+000 -0.27719919E+000 -0.66076859E-004  0.84371351E-001  0.17428249E+001  0.12063676E+002  0.59173118E+002  0.13400207E+003  0.34790471E+003  0.65682843E+003
 -0.82433471E+000 -0.64308157E+000 -0.27719919E+000 -0.66076860E-004  0.84371349E-001  0.17428249E+001  0.12063674E+002  0.59173118E+002  0.13400207E+003  0.34790471E+003  0.65682843E+003
 -0.82433471E+000 -0.64308157E+000 -0.27719919E+000 -0.66076861E-004  0.84371347E-001  0.17428248E+001  0.12063671E+002  0.59173118E+002  0.13400207E+003  0.34790471E+003  0.65682843E+003
 -0.82433471E+000 -0.64308158E+000 -0.27719919E+000 -0.66076862E-004  0.84371346E-001  0.17428247E+001  0.12063670E+002  0.59173118E+002  0.13400207E+003  0.34790471E+003  0.65682843E+003
 -0.82433472E+000 -0.64308158E+000 -0.27719919E+000 -0.66076863E-004  0.84371345E-001  0.17428247E+001  0.12063668E+002  0.59173118E+002  0.13400207E+003  0.34790471E+003  0.65682842E+003
 -0.82433472E+000 -0.64308159E+000 -0.27719920E+000 -0.66076864E-004  0.84371344E-001  0.17428246E+001  0.12063666E+002  0.59173118E+002  0.13400207E+003  0.34790471E+003  0.65682842E+003
 -0.82433472E+000 -0.64308159E+000 -0.27719920E+000 -0.66076865E-004  0.84371343E-001  0.17428246E+001  0.12063664E+002  0.59173118E+002  0.13400207E+003  0.34790471E+003  0.65682842E+003
 -0.82433472E+000 -0.64308159E+000 -0.27719920E+000 -0.66076866E-004  0.84371342E-001  0.17428245E+001  0.12063663E+002  0.59173118E+002  0.13400207E+003  0.34790471E+003  0.65682842E+003
 -0.82433472E+000 -0.64308160E+000 -0.27719920E+000 -0.66076867E-004  0.84371341E-001  0.17428245E+001  0.12063662E+002  0.59173118E+002  0.13400207E+003  0.34790471E+003  0.65682842E+003
 -0.82433472E+000 -0.64308160E+000 -0.27719920E+000 -0.66076867E-004  0.84371340E-001  0.17428244E+001  0.12063660E+002  0.59173118E+002  0.13400207E+003  0.34790471E+003  0.65682842E+003
 -0.82433472E+000 -0.64308160E+000 -0.27719920E+000 -0.66076868E-004  0.84371340E-001  0.17428244E+001  0.12063659E+002  0.59173118E+002  0.13400207E+003  0.34790471E+003  0.65682842E+003
 -0.82433472E+000 -0.64308160E+000 -0.27719920E+000 -0.66076868E-004  0.84371339E-001  0.17428244E+001  0.12063658E+002  0.59173118E+002  0.13400207E+003  0.34790471E+003  0.65682842E+003
 -0.82433473E+000 -0.64308160E+000 -0.27719920E+000 -0.66076869E-004  0.84371339E-001  0.17428244E+001  0.12063657E+002  0.59173118E+002  0.13400207E+003  0.34790471E+003  0.65682842E+003
 -0.82433473E+000 -0.64308161E+000 -0.27719920E+000 -0.66076869E-004  0.84371338E-001  0.17428243E+001  0.12063656E+002  0.59173118E+002  0.13400207E+003  0.34790471E+003  0.65682842E+003
 -0.82433473E+000 -0.64308161E+000 -0.27719920E+000 -0.66076869E-004  0.84371338E-001  0.17428243E+001  0.12063655E+002  0.59173118E+002  0.13400207E+003  0.34790471E+003  0.65682842E+003
 -0.82433473E+000 -0.64308161E+000 -0.27719920E+000 -0.66076870E-004  0.84371338E-001  0.17428243E+001  0.12063655E+002  0.59173118E+002  0.13400207E+003  0.34790471E+003  0.65682842E+003
 -0.82433473E+000 -0.64308162E+000 -0.27719921E+000 -0.66076870E-004  0.84371337E-001  0.17428243E+001  0.12063654E+002  0.59173118E+002  0.13400207E+003  0.34790471E+003  0.65682842E+003
 -0.82433474E+000 -0.64308163E+000 -0.27719921E+000 -0.66076872E-004  0.84371336E-001  0.17428242E+001  0.12063653E+002  0.59173118E+002  0.13400207E+003  0.34790471E+003  0.65682842E+003
 -0.82433475E+000 -0.64308165E+000 -0.27719921E+000 -0.66076880E-004  0.84371334E-001  0.17428242E+001  0.12063653E+002  0.59173118E+002  0.13400207E+003  0.34790471E+003  0.65682842E+003
 -0.82433474E+000 -0.64308162E+000 -0.27719921E+000 -0.66076881E-004  0.84371335E-001  0.17428242E+001  0.12063652E+002  0.59173118E+002  0.13400207E+003  0.34790471E+003  0.65682842E+003
