 -0.93136838E+000 -0.83200798E+000 -0.54954850E+000 -0.18462065E+000 -0.52196989E-002  0.96542082E-003  0.91442160E+000  0.45470511E+001  0.88191833E+001  0.15860427E+002  0.21714189E+002
 -0.93098952E+000 -0.83152942E+000 -0.54877097E+000 -0.18369577E+000 -0.50423842E-002  0.99086954E-003  0.91511680E+000  0.45479236E+001  0.88199540E+001  0.15861500E+002  0.21715009E+002
 -0.93068659E+000 -0.83113651E+000 -0.54812454E+000 -0.18295152E+000 -0.49800604E-002  0.99837032E-003  0.91568201E+000  0.45486579E+001  0.88206065E+001  0.15862403E+002  0.21715701E+002
 -0.93044850E+000 -0.83082014E+000 -0.54759384E+000 -0.18235879E+000 -0.49589072E-002  0.10003535E-002  0.91613784E+000  0.45492716E+001  0.88211571E+001  0.15863162E+002  0.21716285E+002
 -0.93026511E+000 -0.83056982E+000 -0.54716379E+000 -0.18189227E+000 -0.49563615E-002  0.10001953E-002  0.91650235E+000  0.45497803E+001  0.88216200E+001  0.15863796E+002  0.21716776E+002
 -0.93012667E+000 -0.83037645E+000 -0.54682013E+000 -0.18153164E+000 -0.49632558E-002  0.99908940E-003  0.91679070E+000  0.45501977E+001  0.88220075E+001  0.15864323E+002  0.21717186E+002
 -0.93002522E+000 -0.83023079E+000 -0.54654966E+000 -0.18125995E+000 -0.49751208E-002  0.99753704E-003  0.91701548E+000  0.45505363E+001  0.88223300E+001  0.15864760E+002  0.21717530E+002
 -0.92995361E+000 -0.83012474E+000 -0.54634092E+000 -0.18106283E+000 -0.49895691E-002  0.99578263E-003  0.91718717E+000  0.45508072E+001  0.88225965E+001  0.15865120E+002  0.21717815E+002
 -0.92990595E+000 -0.83005134E+000 -0.54618404E+000 -0.18092802E+000 -0.50051887E-002  0.99395435E-003  0.91731450E+000  0.45510204E+001  0.88228146E+001  0.15865413E+002  0.21718052E+002
 -0.92987741E+000 -0.83000449E+000 -0.54607085E+000 -0.18084511E+000 -0.50210450E-002  0.99213121E-003  0.91740479E+000  0.45511846E+001  0.88229908E+001  0.15865651E+002  0.21718246E+002
 -0.92986406E+000 -0.82997904E+000 -0.54599474E+000 -0.18080527E+000 -0.50367321E-002  0.99034390E-003  0.91746416E+000  0.45513074E+001  0.88231307E+001  0.15865840E+002  0.21718405E+002
 -0.92986267E+000 -0.82997073E+000 -0.54594971E+000 -0.18080107E+000 -0.50519902E-002  0.98861007E-003  0.91749772E+000  0.45513951E+001  0.88232393E+001  0.15865988E+002  0.21718533E+002
 -0.92987078E+000 -0.82997591E+000 -0.54593067E+000 -0.18082618E+000 -0.50666418E-002  0.98694179E-003  0.91750978E+000  0.45514531E+001  0.88233207E+001  0.15866102E+002  0.21718634E+002
 -0.92988616E+000 -0.82999176E+000 -0.54593336E+000 -0.18087528E+000 -0.50805872E-002  0.98534512E-003  0.91750395E+000  0.45514862E+001  0.88233787E+001  0.15866184E+002  0.21718713E+002
 -0.92990716E+000 -0.83001604E+000 -0.54595413E+000 -0.18094389E+000 -0.50937660E-002  0.98382407E-003  0.91748325E+000  0.45514980E+001  0.88234165E+001  0.15866241E+002  0.21718773E+002
 -0.92993252E+000 -0.83004678E+000 -0.54598992E+000 -0.18102819E+000 -0.51061532E-002  0.98238009E-003  0.91745024E+000  0.45514919E+001  0.88234368E+001  0.15866275E+002  0.21718816E+002
 -0.92996125E+000 -0.83008242E+000 -0.54603813E+000 -0.18112495E+000 -0.51177402E-002  0.98101384E-003  0.91740705E+000  0.45514705E+001  0.88234420E+001  0.15866290E+002  0.21718844E+002
 -0.92999249E+000 -0.83012175E+000 -0.54609656E+000 -0.18123149E+000 -0.51285329E-002  0.97972524E-003  0.91735548E+000  0.45514362E+001  0.88234343E+001  0.15866287E+002  0.21718860E+002
 -0.93002560E+000 -0.83016381E+000 -0.54616335E+000 -0.18134552E+000 -0.51385419E-002  0.97851471E-003  0.91729708E+000  0.45513907E+001  0.88234154E+001  0.15866270E+002  0.21718865E+002
 -0.93006004E+000 -0.83020785E+000 -0.54623694E+000 -0.18146514E+000 -0.51478012E-002  0.97737920E-003  0.91723311E+000  0.45513358E+001  0.88233869E+001  0.15866240E+002  0.21718859E+002
 -0.93009541E+000 -0.83025325E+000 -0.54631598E+000 -0.18158873E+000 -0.51563340E-002  0.97631705E-003  0.91716467E+000  0.45512729E+001  0.88233500E+001  0.15866198E+002  0.21718845E+002
 -0.93013140E+000 -0.83029957E+000 -0.54639935E+000 -0.18171491E+000 -0.51641682E-002  0.97532619E-003  0.91709266E+000  0.45512030E+001  0.88233059E+001  0.15866146E+002  0.21718823E+002
 -0.93016774E+000 -0.83034643E+000 -0.54648610E+000 -0.18184251E+000 -0.51713329E-002  0.97440452E-003  0.91701787E+000  0.45511273E+001  0.88232555E+001  0.15866085E+002  0.21718794E+002
 -0.93020424E+000 -0.83039356E+000 -0.54657543E+000 -0.18197053E+000 -0.51778590E-002  0.97354983E-003  0.91694096E+000  0.45510467E+001  0.88231997E+001  0.15866017E+002  0.21718759E+002
 -0.93024076E+000 -0.83044075E+000 -0.54666664E+000 -0.18209811E+000 -0.51837544E-002  0.97276239E-003  0.91686248E+000  0.45509617E+001  0.88231390E+001  0.15865941E+002  0.21718718E+002
 -0.93027717E+000 -0.83048786E+000 -0.54675917E+000 -0.18222453E+000 -0.51887404E-002  0.97207491E-003  0.91678292E+000  0.45508733E+001  0.88230741E+001  0.15865858E+002  0.21718672E+002
 -0.93031338E+000 -0.83053477E+000 -0.54685253E+000 -0.18234914E+000 -0.51929472E-002  0.97147318E-003  0.91670267E+000  0.45507818E+001  0.88230055E+001  0.15865770E+002  0.21718621E+002
 -0.93034932E+000 -0.83058140E+000 -0.54694630E+000 -0.18247143E+000 -0.51964929E-002  0.97094471E-003  0.91662210E+000  0.45506879E+001  0.88229336E+001  0.15865677E+002  0.21718565E+002
 -0.93038494E+000 -0.83062771E+000 -0.54704015E+000 -0.18259091E+000 -0.51994812E-002  0.97047875E-003  0.91654149E+000  0.45505920E+001  0.88228587E+001  0.15865579E+002  0.21718505E+002
 -0.93042020E+000 -0.83067366E+000 -0.54713376E+000 -0.18270721E+000 -0.52020018E-002  0.97006603E-003  0.91646111E+000  0.45504944E+001  0.88227811E+001  0.15865476E+002  0.21718441E+002
 -0.93045506E+000 -0.83071924E+000 -0.54722690E+000 -0.18281998E+000 -0.52041319E-002  0.96969865E-003  0.91638118E+000  0.45503956E+001  0.88227011E+001  0.15865370E+002  0.21718373E+002
 -0.93048950E+000 -0.83076443E+000 -0.54731936E+000 -0.18292898E+000 -0.52059366E-002  0.96936985E-003  0.91630190E+000  0.45502959E+001  0.88226189E+001  0.15865261E+002  0.21718301E+002
 -0.93052350E+000 -0.83080925E+000 -0.54741094E+000 -0.18303397E+000 -0.52074712E-002  0.96907397E-003  0.91622343E+000  0.45501955E+001  0.88225347E+001  0.15865148E+002  0.21718226E+002
 -0.93055705E+000 -0.83085369E+000 -0.54750152E+000 -0.18313479E+000 -0.52087818E-002  0.96880619E-003  0.91614594E+000  0.45500947E+001  0.88224487E+001  0.15865032E+002  0.21718147E+002
 -0.93059013E+000 -0.83089777E+000 -0.54759094E+000 -0.18323131E+000 -0.52099068E-002  0.96856249E-003  0.91606955E+000  0.45499937E+001  0.88223610E+001  0.15864914E+002  0.21718064E+002
 -0.93062274E+000 -0.83094148E+000 -0.54767909E+000 -0.18332347E+000 -0.52108782E-002  0.96833949E-003  0.91599437E+000  0.45498928E+001  0.88222717E+001  0.15864794E+002  0.21717978E+002
 -0.93065487E+000 -0.83098483E+000 -0.54776589E+000 -0.18341122E+000 -0.52117224E-002  0.96813442E-003  0.91592053E+000  0.45497921E+001  0.88221811E+001  0.15864672E+002  0.21717889E+002
 -0.93068651E+000 -0.83102781E+000 -0.54785122E+000 -0.18349456E+000 -0.52124611E-002  0.96794492E-003  0.91584810E+000  0.45496918E+001  0.88220892E+001  0.15864549E+002  0.21717796E+002
 -0.93071766E+000 -0.83107043E+000 -0.54793501E+000 -0.18357354E+000 -0.52131119E-002  0.96776909E-003  0.91577719E+000  0.45495921E+001  0.88219963E+001  0.15864424E+002  0.21717700E+002
 -0.93074830E+000 -0.83111265E+000 -0.54801718E+000 -0.18364821E+000 -0.52136895E-002  0.96760534E-003  0.91570786E+000  0.45494930E+001  0.88219024E+001  0.15864298E+002  0.21717601E+002
 -0.93077842E+000 -0.83115446E+000 -0.54809765E+000 -0.18371867E+000 -0.52142055E-002  0.96745236E-003  0.91564020E+000  0.45493947E+001  0.88218077E+001  0.15864171E+002  0.21717500E+002
 -0.93080801E+000 -0.83119582E+000 -0.54817634E+000 -0.18378503E+000 -0.52146695E-002  0.96730908E-003  0.91557427E+000  0.45492974E+001  0.88217125E+001  0.15864044E+002  0.21717395E+002
 -0.93083706E+000 -0.83123670E+000 -0.54825317E+000 -0.18384743E+000 -0.52150893E-002  0.96717463E-003  0.91551012E+000  0.45492011E+001  0.88216169E+001  0.15863916E+002  0.21717289E+002
 -0.93086554E+000 -0.83127705E+000 -0.54832808E+000 -0.18390601E+000 -0.52154710E-002  0.96704829E-003  0.91544782E+000  0.45491061E+001  0.88215211E+001  0.15863789E+002  0.21717180E+002
 -0.93089343E+000 -0.83131681E+000 -0.54840097E+000 -0.18396094E+000 -0.52158198E-002  0.96692945E-003  0.91538741E+000  0.45490123E+001  0.88214253E+001  0.15863661E+002  0.21717069E+002
 -0.93092071E+000 -0.83135591E+000 -0.54847179E+000 -0.18401237E+000 -0.52161396E-002  0.96681765E-003  0.91532894E+000  0.45489199E+001  0.88213297E+001  0.15863533E+002  0.21716957E+002
 -0.93094736E+000 -0.83139429E+000 -0.54854044E+000 -0.18406048E+000 -0.52164339E-002  0.96671244E-003  0.91527245E+000  0.45488290E+001  0.88212346E+001  0.15863406E+002  0.21716843E+002
 -0.93097333E+000 -0.83143188E+000 -0.54860686E+000 -0.18410544E+000 -0.52167055E-002  0.96661348E-003  0.91521796E+000  0.45487398E+001  0.88211401E+001  0.15863279E+002  0.21716728E+002
 -0.93099860E+000 -0.83146859E+000 -0.54867097E+000 -0.18414740E+000 -0.52169564E-002  0.96652047E-003  0.91516552E+000  0.45486522E+001  0.88210466E+001  0.15863153E+002  0.21716613E+002
 -0.93102313E+000 -0.83150435E+000 -0.54873271E+000 -0.18418652E+000 -0.52171887E-002  0.96643312E-003  0.91511514E+000  0.45485665E+001  0.88209541E+001  0.15863027E+002  0.21716498E+002
 -0.93104690E+000 -0.83153907E+000 -0.54879202E+000 -0.18422297E+000 -0.52174038E-002  0.96635123E-003  0.91506683E+000  0.45484827E+001  0.88208629E+001  0.15862903E+002  0.21716383E+002
 -0.93106985E+000 -0.83157268E+000 -0.54884884E+000 -0.18425689E+000 -0.52176031E-002  0.96627454E-003  0.91502061E+000  0.45484009E+001  0.88207732E+001  0.15862780E+002  0.21716269E+002
 -0.93109196E+000 -0.83160511E+000 -0.54890311E+000 -0.18428841E+000 -0.52177878E-002  0.96620284E-003  0.91497648E+000  0.45483213E+001  0.88206852E+001  0.15862658E+002  0.21716156E+002
 -0.93111320E+000 -0.83163627E+000 -0.54895481E+000 -0.18431769E+000 -0.52179588E-002  0.96613595E-003  0.91493443E+000  0.45482438E+001  0.88205990E+001  0.15862538E+002  0.21716044E+002
 -0.93113354E+000 -0.83166612E+000 -0.54900391E+000 -0.18434483E+000 -0.52181170E-002  0.96607365E-003  0.91489446E+000  0.45481686E+001  0.88205148E+001  0.15862419E+002  0.21715934E+002
 -0.93115294E+000 -0.83169460E+000 -0.54905039E+000 -0.18436996E+000 -0.52182633E-002  0.96601575E-003  0.91485654E+000  0.45480957E+001  0.88204328E+001  0.15862303E+002  0.21715825E+002
 -0.93117139E+000 -0.83172165E+000 -0.54909425E+000 -0.18439320E+000 -0.52183983E-002  0.96596206E-003  0.91482065E+000  0.45480253E+001  0.88203529E+001  0.15862188E+002  0.21715719E+002
 -0.93118886E+000 -0.83174726E+000 -0.54913550E+000 -0.18441466E+000 -0.52185226E-002  0.96591237E-003  0.91478676E+000  0.45479573E+001  0.88202754E+001  0.15862076E+002  0.21715616E+002
 -0.93120535E+000 -0.83177139E+000 -0.54917415E+000 -0.18443443E+000 -0.52186371E-002  0.96586649E-003  0.91475484E+000  0.45478919E+001  0.88202003E+001  0.15861967E+002  0.21715516E+002
 -0.93122086E+000 -0.83179404E+000 -0.54921025E+000 -0.18445262E+000 -0.52187422E-002  0.96582423E-003  0.91472483E+000  0.45478290E+001  0.88201278E+001  0.15861861E+002  0.21715418E+002
 -0.93123537E+000 -0.83181520E+000 -0.54924384E+000 -0.18446932E+000 -0.52188385E-002  0.96578538E-003  0.91469669E+000  0.45477687E+001  0.88200578E+001  0.15861757E+002  0.21715324E+002
 -0.93124890E+000 -0.83183488E+000 -0.54927498E+000 -0.18448463E+000 -0.52189266E-002  0.96574974E-003  0.91467036E+000  0.45477110E+001  0.88199905E+001  0.15861657E+002  0.21715234E+002
 -0.93126146E+000 -0.83185312E+000 -0.54930374E+000 -0.18449863E+000 -0.52190070E-002  0.96571712E-003  0.91464579E+000  0.45476560E+001  0.88199259E+001  0.15861561E+002  0.21715147E+002
 -0.93127307E+000 -0.83186994E+000 -0.54933020E+000 -0.18451141E+000 -0.52190802E-002  0.96568734E-003  0.91462291E+000  0.45476036E+001  0.88198640E+001  0.15861467E+002  0.21715063E+002
 -0.93128376E+000 -0.83188538E+000 -0.54935445E+000 -0.18452305E+000 -0.52191467E-002  0.96566018E-003  0.91460165E+000  0.45475538E+001  0.88198050E+001  0.15861378E+002  0.21714984E+002
 -0.93129355E+000 -0.83189950E+000 -0.54937660E+000 -0.18453363E+000 -0.52192070E-002  0.96563549E-003  0.91458195E+000  0.45475066E+001  0.88197487E+001  0.15861293E+002  0.21714908E+002
 -0.93130248E+000 -0.83191235E+000 -0.54939674E+000 -0.18454322E+000 -0.52192616E-002  0.96561308E-003  0.91456373E+000  0.45474621E+001  0.88196953E+001  0.15861211E+002  0.21714837E+002
 -0.93131060E+000 -0.83192400E+000 -0.54941499E+000 -0.18455189E+000 -0.52193108E-002  0.96559276E-003  0.91454691E+000  0.45474201E+001  0.88196447E+001  0.15861134E+002  0.21714770E+002
 -0.93131793E+000 -0.83193452E+000 -0.54943146E+000 -0.18455972E+000 -0.52193552E-002  0.96557439E-003  0.91453143E+000  0.45473806E+001  0.88195969E+001  0.15861061E+002  0.21714706E+002
 -0.93132453E+000 -0.83194397E+000 -0.54944627E+000 -0.18456677E+000 -0.52193952E-002  0.96555780E-003  0.91451721E+000  0.45473437E+001  0.88195520E+001  0.15860992E+002  0.21714647E+002
 -0.93133044E+000 -0.83195242E+000 -0.54945952E+000 -0.18457310E+000 -0.52194310E-002  0.96554285E-003  0.91450418E+000  0.45473091E+001  0.88195098E+001  0.15860928E+002  0.21714591E+002
 -0.93133572E+000 -0.83195996E+000 -0.54947134E+000 -0.18457877E+000 -0.52194631E-002  0.96552938E-003  0.91449227E+000  0.45472770E+001  0.88194705E+001  0.15860867E+002  0.21714540E+002
 -0.93134040E+000 -0.83196665E+000 -0.54948185E+000 -0.18458384E+000 -0.52194918E-002  0.96551729E-003  0.91448140E+000  0.45472472E+001  0.88194338E+001  0.15860811E+002  0.21714492E+002
 -0.93134454E+000 -0.83197256E+000 -0.54949115E+000 -0.18458836E+000 -0.52195174E-002  0.96550644E-003  0.91447152E+000  0.45472196E+001  0.88193997E+001  0.15860759E+002  0.21714448E+002
 -0.93134818E+000 -0.83197776E+000 -0.54949934E+000 -0.18459238E+000 -0.52195401E-002  0.96549672E-003  0.91446255E+000  0.45471942E+001  0.88193683E+001  0.15860711E+002  0.21714408E+002
 -0.93135137E+000 -0.83198232E+000 -0.54950654E+000 -0.18459595E+000 -0.52195604E-002  0.96548803E-003  0.91445444E+000  0.45471709E+001  0.88193394E+001  0.15860667E+002  0.21714371E+002
 -0.93135415E+000 -0.83198631E+000 -0.54951283E+000 -0.18459910E+000 -0.52195782E-002  0.96548029E-003  0.91444712E+000  0.45471496E+001  0.88193129E+001  0.15860627E+002  0.21714338E+002
 -0.93135656E+000 -0.83198977E+000 -0.54951831E+000 -0.18460188E+000 -0.52195939E-002  0.96547340E-003  0.91444055E+000  0.45471303E+001  0.88192888E+001  0.15860591E+002  0.21714307E+002
 -0.93135865E+000 -0.83199277E+000 -0.54952306E+000 -0.18460432E+000 -0.52196077E-002  0.96546730E-003  0.91443467E+000  0.45471128E+001  0.88192669E+001  0.15860558E+002  0.21714280E+002
 -0.93136043E+000 -0.83199535E+000 -0.54952716E+000 -0.18460645E+000 -0.52196196E-002  0.96546191E-003  0.91442943E+000  0.45470970E+001  0.88192471E+001  0.15860528E+002  0.21714256E+002
 -0.93136196E+000 -0.83199757E+000 -0.54953069E+000 -0.18460831E+000 -0.52196300E-002  0.96545716E-003  0.91442478E+000  0.45470829E+001  0.88192294E+001  0.15860502E+002  0.21714234E+002
 -0.93136326E+000 -0.83199946E+000 -0.54953370E+000 -0.18460992E+000 -0.52196388E-002  0.96545302E-003  0.91442067E+000  0.45470703E+001  0.88192136E+001  0.15860478E+002  0.21714215E+002
 -0.93136435E+000 -0.83200106E+000 -0.54953626E+000 -0.18461132E+000 -0.52196462E-002  0.96544942E-003  0.91441708E+000  0.45470592E+001  0.88191996E+001  0.15860457E+002  0.21714198E+002
 -0.93136527E+000 -0.83200241E+000 -0.54953842E+000 -0.18461251E+000 -0.52196525E-002  0.96544630E-003  0.91441394E+000  0.45470494E+001  0.88191872E+001  0.15860439E+002  0.21714183E+002
 -0.93136603E+000 -0.83200355E+000 -0.54954024E+000 -0.18461353E+000 -0.52196575E-002  0.96544364E-003  0.91441124E+000  0.45470409E+001  0.88191765E+001  0.15860423E+002  0.21714170E+002
 -0.93136666E+000 -0.83200449E+000 -0.54954175E+000 -0.18461440E+000 -0.52196616E-002  0.96544138E-003  0.91440892E+000  0.45470336E+001  0.88191671E+001  0.15860410E+002  0.21714159E+002
 -0.93136717E+000 -0.83200526E+000 -0.54954299E+000 -0.18461512E+000 -0.52196647E-002  0.96543949E-003  0.91440696E+000  0.45470273E+001  0.88191591E+001  0.15860398E+002  0.21714150E+002
 -0.93136758E+000 -0.83200589E+000 -0.54954401E+000 -0.18461573E+000 -0.52196670E-002  0.96543793E-003  0.91440532E+000  0.45470219E+001  0.88191523E+001  0.15860388E+002  0.21714142E+002
 -0.93136791E+000 -0.83200640E+000 -0.54954483E+000 -0.18461622E+000 -0.52196686E-002  0.96543666E-003  0.91440397E+000  0.45470175E+001  0.88191466E+001  0.15860380E+002  0.21714135E+002
 -0.93136816E+000 -0.83200680E+000 -0.54954548E+000 -0.18461663E+000 -0.52196695E-002  0.96543565E-003  0.91440288E+000  0.45470138E+001  0.88191419E+001  0.15860373E+002  0.21714130E+002
 -0.93136836E+000 -0.83200711E+000 -0.54954598E+000 -0.18461695E+000 -0.52196699E-002  0.96543486E-003  0.91440203E+000  0.45470108E+001  0.88191380E+001  0.15860367E+002  0.21714125E+002
 -0.93136850E+000 -0.83200735E+000 -0.54954637E+000 -0.18461721E+000 -0.52196699E-002  0.96543427E-003  0.91440137E+000  0.45470084E+001  0.88191349E+001  0.15860363E+002  0.21714122E+002
 -0.93136859E+000 -0.83200752E+000 -0.54954665E+000 -0.18461741E+000 -0.52196695E-002  0.96543385E-003  0.91440090E+000  0.45470066E+001  0.88191325E+001  0.15860359E+002  0.21714119E+002
 -0.93136866E+000 -0.83200763E+000 -0.54954685E+000 -0.18461755E+000 -0.52196688E-002  0.96543357E-003  0.91440058E+000  0.45470053E+001  0.88191307E+001  0.15860357E+002  0.21714117E+002
 -0.93136869E+000 -0.83200771E+000 -0.54954698E+000 -0.18461766E+000 -0.52196678E-002  0.96543341E-003  0.91440040E+000  0.45470044E+001  0.88191295E+001  0.15860355E+002  0.21714116E+002
 -0.93136870E+000 -0.83200774E+000 -0.54954705E+000 -0.18461773E+000 -0.52196667E-002  0.96543334E-003  0.91440033E+000  0.45470038E+001  0.88191286E+001  0.15860354E+002  0.21714115E+002
 -0.93136869E+000 -0.83200775E+000 -0.54954707E+000 -0.18461777E+000 -0.52196655E-002  0.96543334E-003  0.91440036E+000  0.45470035E+001  0.88191282E+001  0.15860353E+002  0.21714115E+002
 -0.93136866E+000 -0.83200774E+000 -0.54954706E+000 -0.18461780E+000 -0.52196641E-002  0.96543342E-003  0.91440048E+000  0.45470035E+001  0.88191281E+001  0.15860353E+002  0.21714115E+002
 -0.93136863E+000 -0.83200771E+000 -0.54954703E+000 -0.18461780E+000 -0.52196628E-002  0.96543352E-003  0.91440065E+000  0.45470037E+001  0.88191282E+001  0.15860353E+002  0.21714115E+002
 -0.93136859E+000 -0.83200766E+000 -0.54954697E+000 -0.18461779E+000 -0.52196614E-002  0.96543366E-003  0.91440089E+000  0.45470040E+001  0.88191286E+001  0.15860353E+002  0.21714115E+002
 -0.93136854E+000 -0.83200761E+000 -0.54954690E+000 -0.18461777E+000 -0.52196601E-002  0.96543381E-003  0.91440116E+000  0.45470045E+001  0.88191291E+001  0.15860354E+002  0.21714116E+002
 -0.93136849E+000 -0.83200754E+000 -0.54954681E+000 -0.18461774E+000 -0.52196588E-002  0.96543396E-003  0.91440147E+000  0.45470051E+001  0.88191298E+001  0.15860355E+002  0.21714117E+002
 -0.93136843E+000 -0.83200748E+000 -0.54954673E+000 -0.18461771E+000 -0.52196576E-002  0.96543413E-003  0.91440181E+000  0.45470058E+001  0.88191306E+001  0.15860356E+002  0.21714118E+002
 -0.93136838E+000 -0.83200741E+000 -0.54954664E+000 -0.18461768E+000 -0.52196565E-002  0.96543428E-003  0.91440216E+000  0.45470066E+001  0.88191314E+001  0.15860357E+002  0.21714119E+002
 -0.93136832E+000 -0.83200734E+000 -0.54954655E+000 -0.18461764E+000 -0.52196555E-002  0.96543442E-003  0.91440253E+000  0.45470074E+001  0.88191324E+001  0.15860358E+002  0.21714120E+002
 -0.93136827E+000 -0.83200728E+000 -0.54954646E+000 -0.18461761E+000 -0.52196545E-002  0.96543454E-003  0.91440290E+000  0.45470082E+001  0.88191334E+001  0.15860359E+002  0.21714122E+002
 -0.93136822E+000 -0.83200721E+000 -0.54954637E+000 -0.18461758E+000 -0.52196537E-002  0.96543464E-003  0.91440328E+000  0.45470091E+001  0.88191344E+001  0.15860361E+002  0.21714123E+002
 -0.93136817E+000 -0.83200715E+000 -0.54954629E+000 -0.18461755E+000 -0.52196530E-002  0.96543472E-003  0.91440366E+000  0.45470099E+001  0.88191354E+001  0.15860362E+002  0.21714124E+002
 -0.93136812E+000 -0.83200709E+000 -0.54954622E+000 -0.18461752E+000 -0.52196525E-002  0.96543478E-003  0.91440404E+000  0.45470108E+001  0.88191364E+001  0.15860364E+002  0.21714125E+002
 -0.93136808E+000 -0.83200704E+000 -0.54954615E+000 -0.18461749E+000 -0.52196520E-002  0.96543482E-003  0.91440442E+000  0.45470117E+001  0.88191375E+001  0.15860365E+002  0.21714127E+002
 -0.93136803E+000 -0.83200699E+000 -0.54954609E+000 -0.18461747E+000 -0.52196516E-002  0.96543483E-003  0.91440479E+000  0.45470125E+001  0.88191385E+001  0.15860366E+002  0.21714128E+002
 -0.93136800E+000 -0.83200694E+000 -0.54954604E+000 -0.18461745E+000 -0.52196514E-002  0.96543482E-003  0.91440515E+000  0.45470134E+001  0.88191395E+001  0.15860368E+002  0.21714129E+002
 -0.93136796E+000 -0.83200690E+000 -0.54954599E+000 -0.18461744E+000 -0.52196513E-002  0.96543479E-003  0.91440551E+000  0.45470142E+001  0.88191405E+001  0.15860369E+002  0.21714131E+002
 -0.93136793E+000 -0.83200687E+000 -0.54954595E+000 -0.18461743E+000 -0.52196513E-002  0.96543473E-003  0.91440587E+000  0.45470150E+001  0.88191415E+001  0.15860371E+002  0.21714132E+002
 -0.93136790E+000 -0.83200684E+000 -0.54954592E+000 -0.18461743E+000 -0.52196513E-002  0.96543466E-003  0.91440622E+000  0.45470158E+001  0.88191424E+001  0.15860372E+002  0.21714133E+002
 -0.93136788E+000 -0.83200681E+000 -0.54954589E+000 -0.18461743E+000 -0.52196515E-002  0.96543457E-003  0.91440656E+000  0.45470166E+001  0.88191434E+001  0.15860373E+002  0.21714134E+002
 -0.93136786E+000 -0.83200679E+000 -0.54954587E+000 -0.18461743E+000 -0.52196517E-002  0.96543447E-003  0.91440690E+000  0.45470174E+001  0.88191443E+001  0.15860375E+002  0.21714136E+002
 -0.93136784E+000 -0.83200677E+000 -0.54954586E+000 -0.18461744E+000 -0.52196521E-002  0.96543434E-003  0.91440723E+000  0.45470181E+001  0.88191452E+001  0.15860376E+002  0.21714137E+002
 -0.93136782E+000 -0.83200675E+000 -0.54954586E+000 -0.18461745E+000 -0.52196525E-002  0.96543421E-003  0.91440756E+000  0.45470188E+001  0.88191461E+001  0.15860377E+002  0.21714138E+002
 -0.93136781E+000 -0.83200674E+000 -0.54954585E+000 -0.18461746E+000 -0.52196530E-002  0.96543407E-003  0.91440788E+000  0.45470195E+001  0.88191469E+001  0.15860378E+002  0.21714139E+002
 -0.93136780E+000 -0.83200674E+000 -0.54954586E+000 -0.18461748E+000 -0.52196535E-002  0.96543391E-003  0.91440820E+000  0.45470203E+001  0.88191478E+001  0.15860379E+002  0.21714140E+002
 -0.93136779E+000 -0.83200673E+000 -0.54954587E+000 -0.18461750E+000 -0.52196541E-002  0.96543375E-003  0.91440852E+000  0.45470209E+001  0.88191486E+001  0.15860381E+002  0.21714141E+002
 -0.93136778E+000 -0.83200673E+000 -0.54954589E+000 -0.18461753E+000 -0.52196548E-002  0.96543358E-003  0.91440883E+000  0.45470216E+001  0.88191494E+001  0.15860382E+002  0.21714142E+002
 -0.93136778E+000 -0.83200674E+000 -0.54954591E+000 -0.18461756E+000 -0.52196555E-002  0.96543342E-003  0.91440914E+000  0.45470223E+001  0.88191502E+001  0.15860383E+002  0.21714143E+002
 -0.93136778E+000 -0.83200674E+000 -0.54954593E+000 -0.18461760E+000 -0.52196562E-002  0.96543324E-003  0.91440945E+000  0.45470230E+001  0.88191510E+001  0.15860384E+002  0.21714144E+002
 -0.93136778E+000 -0.83200675E+000 -0.54954596E+000 -0.18461763E+000 -0.52196570E-002  0.96543306E-003  0.91440975E+000  0.45470236E+001  0.88191518E+001  0.15860385E+002  0.21714145E+002
 -0.93136778E+000 -0.83200676E+000 -0.54954599E+000 -0.18461767E+000 -0.52196578E-002  0.96543289E-003  0.91441006E+000  0.45470243E+001  0.88191526E+001  0.15860386E+002  0.21714146E+002
 -0.93136778E+000 -0.83200678E+000 -0.54954603E+000 -0.18461772E+000 -0.52196586E-002  0.96543271E-003  0.91441036E+000  0.45470249E+001  0.88191533E+001  0.15860387E+002  0.21714147E+002
 -0.93136779E+000 -0.83200680E+000 -0.54954607E+000 -0.18461776E+000 -0.52196595E-002  0.96543253E-003  0.91441066E+000  0.45470255E+001  0.88191541E+001  0.15860388E+002  0.21714148E+002
 -0.93136780E+000 -0.83200681E+000 -0.54954611E+000 -0.18461781E+000 -0.52196604E-002  0.96543235E-003  0.91441096E+000  0.45470262E+001  0.88191548E+001  0.15860389E+002  0.21714149E+002
 -0.93136781E+000 -0.83200684E+000 -0.54954616E+000 -0.18461786E+000 -0.52196613E-002  0.96543218E-003  0.91441126E+000  0.45470268E+001  0.88191555E+001  0.15860391E+002  0.21714150E+002
 -0.93136781E+000 -0.83200686E+000 -0.54954620E+000 -0.18461792E+000 -0.52196622E-002  0.96543201E-003  0.91441156E+000  0.45470274E+001  0.88191563E+001  0.15860392E+002  0.21714151E+002
 -0.93136783E+000 -0.83200688E+000 -0.54954626E+000 -0.18461797E+000 -0.52196631E-002  0.96543184E-003  0.91441186E+000  0.45470280E+001  0.88191570E+001  0.15860393E+002  0.21714152E+002
 -0.93136784E+000 -0.83200691E+000 -0.54954631E+000 -0.18461803E+000 -0.52196640E-002  0.96543167E-003  0.91441215E+000  0.45470286E+001  0.88191577E+001  0.15860394E+002  0.21714153E+002
 -0.93136785E+000 -0.83200693E+000 -0.54954636E+000 -0.18461809E+000 -0.52196650E-002  0.96543150E-003  0.91441245E+000  0.45470292E+001  0.88191584E+001  0.15860395E+002  0.21714154E+002
 -0.93136786E+000 -0.83200696E+000 -0.54954642E+000 -0.18461815E+000 -0.52196659E-002  0.96543134E-003  0.91441274E+000  0.45470298E+001  0.88191592E+001  0.15860396E+002  0.21714155E+002
 -0.93136788E+000 -0.83200699E+000 -0.54954648E+000 -0.18461822E+000 -0.52196669E-002  0.96543118E-003  0.91441303E+000  0.45470305E+001  0.88191599E+001  0.15860397E+002  0.21714155E+002
 -0.93136789E+000 -0.83200702E+000 -0.54954653E+000 -0.18461828E+000 -0.52196678E-002  0.96543102E-003  0.91441333E+000  0.45470311E+001  0.88191606E+001  0.15860398E+002  0.21714156E+002
 -0.93136791E+000 -0.83200705E+000 -0.54954659E+000 -0.18461835E+000 -0.52196687E-002  0.96543087E-003  0.91441361E+000  0.45470317E+001  0.88191613E+001  0.15860399E+002  0.21714157E+002
 -0.93136792E+000 -0.83200708E+000 -0.54954665E+000 -0.18461841E+000 -0.52196697E-002  0.96543072E-003  0.91441390E+000  0.45470322E+001  0.88191620E+001  0.15860400E+002  0.21714158E+002
 -0.93136794E+000 -0.83200711E+000 -0.54954671E+000 -0.18461848E+000 -0.52196706E-002  0.96543056E-003  0.91441419E+000  0.45470328E+001  0.88191627E+001  0.15860401E+002  0.21714159E+002
 -0.93136795E+000 -0.83200714E+000 -0.54954678E+000 -0.18461855E+000 -0.52196715E-002  0.96543041E-003  0.91441447E+000  0.45470334E+001  0.88191634E+001  0.15860401E+002  0.21714160E+002
 -0.93136797E+000 -0.83200717E+000 -0.54954684E+000 -0.18461861E+000 -0.52196724E-002  0.96543026E-003  0.91441475E+000  0.45470340E+001  0.88191641E+001  0.15860402E+002  0.21714160E+002
 -0.93136799E+000 -0.83200720E+000 -0.54954690E+000 -0.18461868E+000 -0.52196733E-002  0.96543011E-003  0.91441502E+000  0.45470346E+001  0.88191648E+001  0.15860403E+002  0.21714161E+002
 -0.93136800E+000 -0.83200724E+000 -0.54954696E+000 -0.18461875E+000 -0.52196742E-002  0.96542996E-003  0.91441530E+000  0.45470352E+001  0.88191654E+001  0.15860404E+002  0.21714162E+002
 -0.93136802E+000 -0.83200727E+000 -0.54954702E+000 -0.18461882E+000 -0.52196751E-002  0.96542982E-003  0.91441557E+000  0.45470357E+001  0.88191661E+001  0.15860405E+002  0.21714163E+002
 -0.93136803E+000 -0.83200730E+000 -0.54954708E+000 -0.18461888E+000 -0.52196759E-002  0.96542966E-003  0.91441583E+000  0.45470363E+001  0.88191668E+001  0.15860406E+002  0.21714164E+002
 -0.93136805E+000 -0.83200733E+000 -0.54954713E+000 -0.18461895E+000 -0.52196768E-002  0.96542951E-003  0.91441609E+000  0.45470369E+001  0.88191675E+001  0.15860407E+002  0.21714164E+002
 -0.93136806E+000 -0.83200736E+000 -0.54954719E+000 -0.18461902E+000 -0.52196776E-002  0.96542936E-003  0.91441635E+000  0.45470374E+001  0.88191681E+001  0.15860408E+002  0.21714165E+002
 -0.93136808E+000 -0.83200739E+000 -0.54954725E+000 -0.18461908E+000 -0.52196785E-002  0.96542920E-003  0.91441660E+000  0.45470380E+001  0.88191688E+001  0.15860409E+002  0.21714166E+002
 -0.93136809E+000 -0.83200741E+000 -0.54954730E+000 -0.18461915E+000 -0.52196793E-002  0.96542905E-003  0.91441685E+000  0.45470385E+001  0.88191694E+001  0.15860410E+002  0.21714167E+002
 -0.93136811E+000 -0.83200744E+000 -0.54954736E+000 -0.18461921E+000 -0.52196800E-002  0.96542889E-003  0.91441709E+000  0.45470390E+001  0.88191700E+001  0.15860411E+002  0.21714168E+002
 -0.93136812E+000 -0.83200747E+000 -0.54954741E+000 -0.18461927E+000 -0.52196808E-002  0.96542873E-003  0.91441733E+000  0.45470395E+001  0.88191706E+001  0.15860412E+002  0.21714168E+002
 -0.93136814E+000 -0.83200749E+000 -0.54954746E+000 -0.18461933E+000 -0.52196816E-002  0.96542857E-003  0.91441756E+000  0.45470400E+001  0.88191712E+001  0.15860412E+002  0.21714169E+002
 -0.93136815E+000 -0.83200752E+000 -0.54954751E+000 -0.18461939E+000 -0.52196823E-002  0.96542840E-003  0.91441779E+000  0.45470405E+001  0.88191718E+001  0.15860413E+002  0.21714170E+002
 -0.93136816E+000 -0.83200754E+000 -0.54954756E+000 -0.18461945E+000 -0.52196830E-002  0.96542824E-003  0.91441801E+000  0.45470410E+001  0.88191724E+001  0.15860414E+002  0.21714170E+002
 -0.93136817E+000 -0.83200757E+000 -0.54954761E+000 -0.18461950E+000 -0.52196837E-002  0.96542807E-003  0.91441822E+000  0.45470415E+001  0.88191730E+001  0.15860415E+002  0.21714171E+002
 -0.93136819E+000 -0.83200759E+000 -0.54954766E+000 -0.18461956E+000 -0.52196844E-002  0.96542789E-003  0.91441843E+000  0.45470419E+001  0.88191735E+001  0.15860416E+002  0.21714172E+002
 -0.93136820E+000 -0.83200761E+000 -0.54954770E+000 -0.18461961E+000 -0.52196851E-002  0.96542772E-003  0.91441863E+000  0.45470424E+001  0.88191741E+001  0.15860416E+002  0.21714173E+002
 -0.93136821E+000 -0.83200763E+000 -0.54954774E+000 -0.18461966E+000 -0.52196857E-002  0.96542755E-003  0.91441883E+000  0.45470428E+001  0.88191746E+001  0.15860417E+002  0.21714173E+002
 -0.93136822E+000 -0.83200765E+000 -0.54954779E+000 -0.18461971E+000 -0.52196864E-002  0.96542737E-003  0.91441902E+000  0.45470433E+001  0.88191751E+001  0.15860418E+002  0.21714174E+002
 -0.93136823E+000 -0.83200767E+000 -0.54954783E+000 -0.18461976E+000 -0.52196870E-002  0.96542719E-003  0.91441920E+000  0.45470437E+001  0.88191756E+001  0.15860419E+002  0.21714175E+002
 -0.93136824E+000 -0.83200769E+000 -0.54954786E+000 -0.18461981E+000 -0.52196876E-002  0.96542701E-003  0.91441937E+000  0.45470441E+001  0.88191761E+001  0.15860419E+002  0.21714175E+002
 -0.93136825E+000 -0.83200771E+000 -0.54954790E+000 -0.18461985E+000 -0.52196881E-002  0.96542683E-003  0.91441954E+000  0.45470445E+001  0.88191766E+001  0.15860420E+002  0.21714176E+002
 -0.93136826E+000 -0.83200773E+000 -0.54954794E+000 -0.18461990E+000 -0.52196887E-002  0.96542666E-003  0.91441971E+000  0.45470448E+001  0.88191770E+001  0.15860421E+002  0.21714176E+002
 -0.93136826E+000 -0.83200774E+000 -0.54954797E+000 -0.18461994E+000 -0.52196892E-002  0.96542648E-003  0.91441986E+000  0.45470452E+001  0.88191775E+001  0.15860421E+002  0.21714177E+002
 -0.93136827E+000 -0.83200776E+000 -0.54954800E+000 -0.18461998E+000 -0.52196897E-002  0.96542629E-003  0.91442001E+000  0.45470455E+001  0.88191779E+001  0.15860422E+002  0.21714177E+002
 -0.93136828E+000 -0.83200777E+000 -0.54954803E+000 -0.18462001E+000 -0.52196902E-002  0.96542611E-003  0.91442016E+000  0.45470459E+001  0.88191783E+001  0.15860422E+002  0.21714178E+002
 -0.93136829E+000 -0.83200779E+000 -0.54954806E+000 -0.18462005E+000 -0.52196907E-002  0.96542593E-003  0.91442030E+000  0.45470462E+001  0.88191787E+001  0.15860423E+002  0.21714178E+002
 -0.93136829E+000 -0.83200780E+000 -0.54954809E+000 -0.18462009E+000 -0.52196911E-002  0.96542575E-003  0.91442043E+000  0.45470465E+001  0.88191791E+001  0.15860423E+002  0.21714179E+002
 -0.93136830E+000 -0.83200781E+000 -0.54954812E+000 -0.18462012E+000 -0.52196915E-002  0.96542558E-003  0.91442056E+000  0.45470468E+001  0.88191794E+001  0.15860424E+002  0.21714179E+002
 -0.93136831E+000 -0.83200783E+000 -0.54954814E+000 -0.18462015E+000 -0.52196920E-002  0.96542540E-003  0.91442067E+000  0.45470471E+001  0.88191798E+001  0.15860424E+002  0.21714180E+002
 -0.93136831E+000 -0.83200784E+000 -0.54954816E+000 -0.18462018E+000 -0.52196924E-002  0.96542523E-003  0.91442079E+000  0.45470474E+001  0.88191801E+001  0.15860425E+002  0.21714180E+002
 -0.93136832E+000 -0.83200785E+000 -0.54954819E+000 -0.18462021E+000 -0.52196927E-002  0.96542506E-003  0.91442090E+000  0.45470476E+001  0.88191804E+001  0.15860425E+002  0.21714181E+002
 -0.93136832E+000 -0.83200786E+000 -0.54954821E+000 -0.18462024E+000 -0.52196931E-002  0.96542489E-003  0.91442100E+000  0.45470479E+001  0.88191807E+001  0.15860426E+002  0.21714181E+002
 -0.93136833E+000 -0.83200787E+000 -0.54954823E+000 -0.18462026E+000 -0.52196934E-002  0.96542472E-003  0.91442110E+000  0.45470481E+001  0.88191810E+001  0.15860426E+002  0.21714182E+002
 -0.93136833E+000 -0.83200787E+000 -0.54954825E+000 -0.18462029E+000 -0.52196938E-002  0.96542456E-003  0.91442119E+000  0.45470484E+001  0.88191812E+001  0.15860427E+002  0.21714182E+002
 -0.93136833E+000 -0.83200788E+000 -0.54954826E+000 -0.18462031E+000 -0.52196941E-002  0.96542440E-003  0.91442128E+000  0.45470486E+001  0.88191815E+001  0.15860427E+002  0.21714182E+002
 -0.93136834E+000 -0.83200789E+000 -0.54954828E+000 -0.18462033E+000 -0.52196944E-002  0.96542424E-003  0.91442136E+000  0.45470488E+001  0.88191817E+001  0.15860427E+002  0.21714183E+002
 -0.93136834E+000 -0.83200790E+000 -0.54954830E+000 -0.18462035E+000 -0.52196947E-002  0.96542409E-003  0.91442143E+000  0.45470490E+001  0.88191820E+001  0.15860428E+002  0.21714183E+002
 -0.93136834E+000 -0.83200790E+000 -0.54954831E+000 -0.18462037E+000 -0.52196949E-002  0.96542394E-003  0.91442150E+000  0.45470492E+001  0.88191822E+001  0.15860428E+002  0.21714183E+002
 -0.93136835E+000 -0.83200791E+000 -0.54954833E+000 -0.18462039E+000 -0.52196952E-002  0.96542380E-003  0.91442157E+000  0.45470493E+001  0.88191824E+001  0.15860428E+002  0.21714184E+002
 -0.93136835E+000 -0.83200792E+000 -0.54954834E+000 -0.18462041E+000 -0.52196954E-002  0.96542366E-003  0.91442163E+000  0.45470495E+001  0.88191826E+001  0.15860428E+002  0.21714184E+002
 -0.93136835E+000 -0.83200792E+000 -0.54954835E+000 -0.18462043E+000 -0.52196956E-002  0.96542352E-003  0.91442169E+000  0.45470496E+001  0.88191827E+001  0.15860429E+002  0.21714184E+002
 -0.93136836E+000 -0.83200793E+000 -0.54954836E+000 -0.18462044E+000 -0.52196959E-002  0.96542339E-003  0.91442175E+000  0.45470498E+001  0.88191829E+001  0.15860429E+002  0.21714185E+002
 -0.93136836E+000 -0.83200793E+000 -0.54954837E+000 -0.18462046E+000 -0.52196961E-002  0.96542326E-003  0.91442180E+000  0.45470499E+001  0.88191830E+001  0.15860429E+002  0.21714185E+002
 -0.93136836E+000 -0.83200794E+000 -0.54954838E+000 -0.18462047E+000 -0.52196963E-002  0.96542313E-003  0.91442185E+000  0.45470501E+001  0.88191832E+001  0.15860429E+002  0.21714185E+002
 -0.93136836E+000 -0.83200794E+000 -0.54954839E+000 -0.18462048E+000 -0.52196964E-002  0.96542301E-003  0.91442189E+000  0.45470502E+001  0.88191833E+001  0.15860429E+002  0.21714185E+002
 -0.93136836E+000 -0.83200794E+000 -0.54954840E+000 -0.18462049E+000 -0.52196966E-002  0.96542290E-003  0.91442193E+000  0.45470503E+001  0.88191834E+001  0.15860429E+002  0.21714185E+002
 -0.93136837E+000 -0.83200795E+000 -0.54954841E+000 -0.18462051E+000 -0.52196967E-002  0.96542279E-003  0.91442197E+000  0.45470504E+001  0.88191836E+001  0.15860430E+002  0.21714186E+002
 -0.93136837E+000 -0.83200795E+000 -0.54954842E+000 -0.18462052E+000 -0.52196969E-002  0.96542268E-003  0.91442200E+000  0.45470505E+001  0.88191837E+001  0.15860430E+002  0.21714186E+002
 -0.93136837E+000 -0.83200795E+000 -0.54954842E+000 -0.18462053E+000 -0.52196970E-002  0.96542258E-003  0.91442203E+000  0.45470506E+001  0.88191838E+001  0.15860430E+002  0.21714186E+002
 -0.93136837E+000 -0.83200796E+000 -0.54954843E+000 -0.18462053E+000 -0.52196972E-002  0.96542248E-003  0.91442205E+000  0.45470507E+001  0.88191838E+001  0.15860430E+002  0.21714186E+002
 -0.93136837E+000 -0.83200796E+000 -0.54954843E+000 -0.18462054E+000 -0.52196973E-002  0.96542239E-003  0.91442208E+000  0.45470508E+001  0.88191839E+001  0.15860430E+002  0.21714186E+002
 -0.93136837E+000 -0.83200796E+000 -0.54954844E+000 -0.18462055E+000 -0.52196974E-002  0.96542230E-003  0.91442210E+000  0.45470508E+001  0.88191840E+001  0.15860430E+002  0.21714186E+002
 -0.93136837E+000 -0.83200796E+000 -0.54954845E+000 -0.18462056E+000 -0.52196975E-002  0.96542221E-003  0.91442212E+000  0.45470509E+001  0.88191841E+001  0.15860430E+002  0.21714187E+002
 -0.93136837E+000 -0.83200797E+000 -0.54954845E+000 -0.18462057E+000 -0.52196976E-002  0.96542213E-003  0.91442213E+000  0.45470510E+001  0.88191841E+001  0.15860430E+002  0.21714187E+002
 -0.93136838E+000 -0.83200797E+000 -0.54954846E+000 -0.18462058E+000 -0.52196978E-002  0.96542203E-003  0.91442214E+000  0.45470510E+001  0.88191842E+001  0.15860430E+002  0.21714187E+002
 -0.93136838E+000 -0.83200798E+000 -0.54954847E+000 -0.18462059E+000 -0.52196985E-002  0.96542185E-003  0.91442215E+000  0.45470511E+001  0.88191842E+001  0.15860430E+002  0.21714187E+002
 -0.93136838E+000 -0.83200797E+000 -0.54954847E+000 -0.18462059E+000 -0.52196986E-002  0.96542177E-003  0.91442217E+000  0.45470511E+001  0.88191843E+001  0.15860430E+002  0.21714187E+002
