  0.30962969E+000  0.34287865E+000  0.45274732E+000  0.59666123E+000  0.79086249E+000  0.88528348E+000  0.11859775E+001  0.18577382E+001  0.26130365E+001  0.43724449E+001  0.81149293E+001
  0.30935603E+000  0.34284390E+000  0.45273604E+000  0.59640202E+000  0.79098442E+000  0.88516906E+000  0.11859684E+001  0.18576895E+001  0.26131759E+001  0.43726901E+001  0.81167708E+001
  0.30911742E+000  0.34281434E+000  0.45269972E+000  0.59617934E+000  0.79092811E+000  0.88506263E+000  0.11859678E+001  0.18576376E+001  0.26131081E+001  0.43759649E+001  0.81167177E+001
  0.30891660E+000  0.34278920E+000  0.45265936E+000  0.59598870E+000  0.79086760E+000  0.88496295E+000  0.11858246E+001  0.18575972E+001  0.26130501E+001  0.43759579E+001  0.81166700E+001
  0.30874810E+000  0.34276781E+000  0.45264185E+000  0.59582584E+000  0.79083413E+000  0.88490693E+000  0.11858485E+001  0.18575738E+001  0.26130006E+001  0.43759313E+001  0.81166278E+001
  0.30859881E+000  0.34274959E+000  0.45263851E+000  0.59568693E+000  0.79079368E+000  0.88482842E+000  0.11858411E+001  0.18576622E+001  0.26129584E+001  0.43759036E+001  0.81165911E+001
  0.30847679E+000  0.34273405E+000  0.45261413E+000  0.59556856E+000  0.79076050E+000  0.88478694E+000  0.11859042E+001  0.18577417E+001  0.26129224E+001  0.43758813E+001  0.81165594E+001
  0.30836742E+000  0.34272076E+000  0.45260326E+000  0.59546775E+000  0.79073291E+000  0.88475159E+000  0.11858685E+001  0.18578068E+001  0.26128918E+001  0.43758656E+001  0.81165322E+001
  0.30827452E+000  0.34270940E+000  0.45259400E+000  0.59538193E+000  0.79071704E+000  0.88471070E+000  0.11858383E+001  0.18578598E+001  0.26128657E+001  0.43750356E+001  0.81165088E+001
  0.30820304E+000  0.34269966E+000  0.45258612E+000  0.59530888E+000  0.79069535E+000  0.88468574E+000  0.11858172E+001  0.18579025E+001  0.26128435E+001  0.43724247E+001  0.81164889E+001
  0.30813752E+000  0.34269131E+000  0.45257943E+000  0.59524671E+000  0.79067698E+000  0.88465393E+000  0.11858085E+001  0.18579365E+001  0.26128246E+001  0.43723801E+001  0.81164719E+001
  0.30808178E+000  0.34268413E+000  0.45257374E+000  0.59517757E+000  0.79066116E+000  0.88463589E+000  0.11857997E+001  0.18579631E+001  0.26128086E+001  0.43723413E+001  0.81164574E+001
  0.30803436E+000  0.34267797E+000  0.45256892E+000  0.59514882E+000  0.79064734E+000  0.88460790E+000  0.11857586E+001  0.18579836E+001  0.26127968E+001  0.43723077E+001  0.81164451E+001
  0.30799405E+000  0.34267266E+000  0.45256484E+000  0.59511055E+000  0.79063511E+000  0.88459488E+000  0.11857258E+001  0.18579987E+001  0.26127904E+001  0.43722789E+001  0.81164346E+001
  0.30795977E+000  0.34266809E+000  0.45256139E+000  0.59507803E+000  0.79062419E+000  0.88458386E+000  0.11856583E+001  0.18580095E+001  0.26127849E+001  0.43722541E+001  0.81164257E+001
  0.30792869E+000  0.34266415E+000  0.45255847E+000  0.59505040E+000  0.79061433E+000  0.88457454E+000  0.11856514E+001  0.18580164E+001  0.26127803E+001  0.43722330E+001  0.81164181E+001
  0.30790596E+000  0.34266076E+000  0.45255602E+000  0.59502695E+000  0.79060539E+000  0.88455407E+000  0.11856457E+001  0.18580202E+001  0.26127764E+001  0.43722149E+001  0.81164117E+001
  0.30788502E+000  0.34265783E+000  0.45255397E+000  0.59500708E+000  0.79059723E+000  0.88454737E+000  0.11856015E+001  0.18580214E+001  0.26127731E+001  0.43721995E+001  0.81164063E+001
  0.30786729E+000  0.34265530E+000  0.45255225E+000  0.59499025E+000  0.79059025E+000  0.88454173E+000  0.11855966E+001  0.18580202E+001  0.26127703E+001  0.43721864E+001  0.81164018E+001
  0.30785232E+000  0.34265312E+000  0.45255082E+000  0.59497604E+000  0.79058388E+000  0.88453700E+000  0.11855927E+001  0.18580172E+001  0.26127680E+001  0.43721752E+001  0.81163980E+001
  0.30783969E+000  0.34265124E+000  0.45255141E+000  0.59496405E+000  0.79057854E+000  0.88453303E+000  0.11855167E+001  0.18580125E+001  0.26127661E+001  0.43721658E+001  0.81163947E+001
  0.30782908E+000  0.34264961E+000  0.45254927E+000  0.59495398E+000  0.79057417E+000  0.88452972E+000  0.11855125E+001  0.18580065E+001  0.26127645E+001  0.43721577E+001  0.81163921E+001
  0.30782018E+000  0.34264821E+000  0.45254788E+000  0.59494553E+000  0.79057021E+000  0.88452698E+000  0.11855089E+001  0.18579993E+001  0.26127631E+001  0.43721510E+001  0.81163898E+001
  0.30781276E+000  0.34264700E+000  0.45254725E+000  0.59493848E+000  0.79056661E+000  0.88452471E+000  0.11855060E+001  0.18579912E+001  0.26127620E+001  0.43721453E+001  0.81163880E+001
  0.30780658E+000  0.34264595E+000  0.45254674E+000  0.59493262E+000  0.79056331E+000  0.88452285E+000  0.11855035E+001  0.18579822E+001  0.26127611E+001  0.43721405E+001  0.81163865E+001
  0.30780148E+000  0.34264505E+000  0.45254635E+000  0.59492777E+000  0.79056030E+000  0.88452134E+000  0.11855014E+001  0.18579725E+001  0.26127604E+001  0.43721364E+001  0.81163853E+001
  0.30779728E+000  0.34264428E+000  0.45254606E+000  0.59492379E+000  0.79055754E+000  0.88452012E+000  0.11854997E+001  0.18579623E+001  0.26127598E+001  0.43721331E+001  0.81163843E+001
  0.30779385E+000  0.34264361E+000  0.45254585E+000  0.59492053E+000  0.79055500E+000  0.88451914E+000  0.11854983E+001  0.18579515E+001  0.26127594E+001  0.43721303E+001  0.81163835E+001
  0.30779108E+000  0.34264303E+000  0.45254570E+000  0.59491790E+000  0.79055266E+000  0.88451838E+000  0.11854971E+001  0.18579404E+001  0.26127590E+001  0.43721280E+001  0.81163829E+001
  0.30778885E+000  0.34264254E+000  0.45254561E+000  0.59491579E+000  0.79055051E+000  0.88450478E+000  0.11854961E+001  0.18579289E+001  0.26127588E+001  0.43721261E+001  0.81163824E+001
  0.30778709E+000  0.34264211E+000  0.45254557E+000  0.59491411E+000  0.79054852E+000  0.88450427E+000  0.11854946E+001  0.18579171E+001  0.26127586E+001  0.43721245E+001  0.81163821E+001
  0.30778571E+000  0.34264174E+000  0.45254557E+000  0.59491281E+000  0.79054669E+000  0.88450389E+000  0.11854940E+001  0.18579050E+001  0.26127585E+001  0.43721233E+001  0.81163819E+001
  0.30778466E+000  0.34264143E+000  0.45254561E+000  0.59491180E+000  0.79054500E+000  0.88450360E+000  0.11854934E+001  0.18578928E+001  0.26127584E+001  0.43721223E+001  0.81163817E+001
  0.30778386E+000  0.34264116E+000  0.45254567E+000  0.59491105E+000  0.79054344E+000  0.88450340E+000  0.11854930E+001  0.18578803E+001  0.26127584E+001  0.43721215E+001  0.81163816E+001
  0.30778329E+000  0.34264094E+000  0.45254575E+000  0.59491051E+000  0.79054201E+000  0.88450327E+000  0.11854926E+001  0.18578678E+001  0.26127584E+001  0.43721209E+001  0.81163816E+001
  0.30778289E+000  0.34264074E+000  0.45254585E+000  0.59491013E+000  0.79054068E+000  0.88450319E+000  0.11854922E+001  0.18578550E+001  0.26127584E+001  0.43721204E+001  0.81163816E+001
  0.30778264E+000  0.34264058E+000  0.45254596E+000  0.59490989E+000  0.79053947E+000  0.88450316E+000  0.11854919E+001  0.18578422E+001  0.26127585E+001  0.43721200E+001  0.81163816E+001
  0.30778250E+000  0.34264044E+000  0.45254609E+000  0.59490975E+000  0.79053836E+000  0.88450316E+000  0.11854917E+001  0.18578292E+001  0.26127586E+001  0.43721198E+001  0.81163817E+001
  0.30778244E+000  0.34264032E+000  0.45254622E+000  0.59490971E+000  0.79053733E+000  0.88450319E+000  0.11854915E+001  0.18578162E+001  0.26127587E+001  0.43721196E+001  0.81163818E+001
  0.30778246E+000  0.34264022E+000  0.45254637E+000  0.59490972E+000  0.79053640E+000  0.88450324E+000  0.11854913E+001  0.18578031E+001  0.26127588E+001  0.43721195E+001  0.81163819E+001
  0.30778253E+000  0.34264014E+000  0.45254651E+000  0.59490979E+000  0.79053554E+000  0.88450331E+000  0.11854911E+001  0.18577899E+001  0.26127589E+001  0.43721195E+001  0.81163820E+001
  0.30778264E+000  0.34264007E+000  0.45254666E+000  0.59490990E+000  0.79053475E+000  0.88450339E+000  0.11854909E+001  0.18577766E+001  0.26127590E+001  0.43721194E+001  0.81163822E+001
  0.30778279E+000  0.34264002E+000  0.45254681E+000  0.59491003E+000  0.79053404E+000  0.88450348E+000  0.11854908E+001  0.18577632E+001  0.26127591E+001  0.43721195E+001  0.81163823E+001
  0.30778295E+000  0.34263998E+000  0.45254697E+000  0.59491018E+000  0.79053338E+000  0.88450358E+000  0.11854907E+001  0.18577498E+001  0.26127592E+001  0.43721195E+001  0.81163825E+001
  0.30778312E+000  0.34263994E+000  0.45254712E+000  0.59491035E+000  0.79053278E+000  0.88450368E+000  0.11854905E+001  0.18577363E+001  0.26127593E+001  0.43721196E+001  0.81163826E+001
  0.30778331E+000  0.34263992E+000  0.45254728E+000  0.59491053E+000  0.79053224E+000  0.88450378E+000  0.11854345E+001  0.18577228E+001  0.26127595E+001  0.43721197E+001  0.81163828E+001
  0.30778350E+000  0.34263991E+000  0.45254743E+000  0.59491071E+000  0.79053174E+000  0.88450389E+000  0.11854123E+001  0.18577092E+001  0.26127596E+001  0.43721198E+001  0.81163830E+001
  0.30778370E+000  0.34263990E+000  0.45254759E+000  0.59491090E+000  0.79053128E+000  0.88450400E+000  0.11853912E+001  0.18576956E+001  0.26127597E+001  0.43721200E+001  0.81163831E+001
  0.30778389E+000  0.34263990E+000  0.45254774E+000  0.59491108E+000  0.79053087E+000  0.88450411E+000  0.11853713E+001  0.18576819E+001  0.26127598E+001  0.43721201E+001  0.81163833E+001
  0.30778409E+000  0.34263990E+000  0.45254790E+000  0.59491127E+000  0.79053049E+000  0.88450422E+000  0.11853439E+001  0.18576682E+001  0.26127599E+001  0.43721203E+001  0.81163835E+001
  0.30778428E+000  0.34263991E+000  0.45254805E+000  0.59491145E+000  0.79053015E+000  0.88450433E+000  0.11852681E+001  0.18576545E+001  0.26127601E+001  0.43721204E+001  0.81163836E+001
  0.30778447E+000  0.34263993E+000  0.45254820E+000  0.59491163E+000  0.79052984E+000  0.88450444E+000  0.11852682E+001  0.18576408E+001  0.26127602E+001  0.43721206E+001  0.81163838E+001
  0.30778466E+000  0.34263995E+000  0.45254835E+000  0.59491181E+000  0.79052956E+000  0.88450455E+000  0.11852683E+001  0.18576270E+001  0.26127603E+001  0.43721208E+001  0.81163840E+001
  0.30778484E+000  0.34263998E+000  0.45254850E+000  0.59491198E+000  0.79052931E+000  0.88450466E+000  0.11852684E+001  0.18576133E+001  0.26127604E+001  0.43721210E+001  0.81163841E+001
  0.30778502E+000  0.34264001E+000  0.45254865E+000  0.59491215E+000  0.79052908E+000  0.88450476E+000  0.11852685E+001  0.18575996E+001  0.26127605E+001  0.43721212E+001  0.81163843E+001
  0.30778519E+000  0.34264004E+000  0.45254880E+000  0.59491232E+000  0.79052887E+000  0.88450487E+000  0.11852686E+001  0.18575860E+001  0.26127607E+001  0.43721214E+001  0.81163844E+001
  0.30778536E+000  0.34264008E+000  0.45254894E+000  0.59491248E+000  0.79052869E+000  0.88450498E+000  0.11852687E+001  0.18575685E+001  0.26127608E+001  0.43721216E+001  0.81163846E+001
  0.30778553E+000  0.34264012E+000  0.45254409E+000  0.59491263E+000  0.79052853E+000  0.88450509E+000  0.11852688E+001  0.18575506E+001  0.26127609E+001  0.43721219E+001  0.81163847E+001
  0.30778569E+000  0.34264017E+000  0.45254423E+000  0.59491279E+000  0.79052839E+000  0.88450519E+000  0.11852689E+001  0.18575328E+001  0.26127610E+001  0.43721221E+001  0.81163849E+001
  0.30778585E+000  0.34264022E+000  0.45254435E+000  0.59491294E+000  0.79052827E+000  0.88450530E+000  0.11852690E+001  0.18575298E+001  0.26127611E+001  0.43721224E+001  0.81163851E+001
  0.30778600E+000  0.34264027E+000  0.45254448E+000  0.59491308E+000  0.79052816E+000  0.88450540E+000  0.11852691E+001  0.18575291E+001  0.26127612E+001  0.43721226E+001  0.81163852E+001
  0.30778615E+000  0.34264033E+000  0.45254460E+000  0.59491322E+000  0.79052808E+000  0.88450550E+000  0.11852692E+001  0.18575284E+001  0.26127613E+001  0.43721229E+001  0.81163854E+001
  0.30778629E+000  0.34264039E+000  0.45254473E+000  0.59491336E+000  0.79052800E+000  0.88450560E+000  0.11852693E+001  0.18575277E+001  0.26127615E+001  0.43721232E+001  0.81163855E+001
  0.30778643E+000  0.34264045E+000  0.45254485E+000  0.59491349E+000  0.79052794E+000  0.88450571E+000  0.11852694E+001  0.18575271E+001  0.26127616E+001  0.43721235E+001  0.81163857E+001
  0.30778657E+000  0.34264052E+000  0.45254496E+000  0.59491362E+000  0.79052790E+000  0.88450581E+000  0.11852695E+001  0.18575264E+001  0.26127617E+001  0.43721238E+001  0.81163858E+001
  0.30778670E+000  0.34264059E+000  0.45254508E+000  0.59491375E+000  0.79052787E+000  0.88450591E+000  0.11852696E+001  0.18575258E+001  0.26127618E+001  0.43721241E+001  0.81163860E+001
  0.30778683E+000  0.34264066E+000  0.45254520E+000  0.59491387E+000  0.79052785E+000  0.88450600E+000  0.11852697E+001  0.18575252E+001  0.26127619E+001  0.43721244E+001  0.81163861E+001
  0.30778696E+000  0.34264074E+000  0.45254531E+000  0.59491399E+000  0.79052784E+000  0.88450610E+000  0.11852698E+001  0.18575246E+001  0.26127620E+001  0.43721248E+001  0.81163862E+001
  0.30778708E+000  0.34264082E+000  0.45254542E+000  0.59491410E+000  0.79052784E+000  0.88450620E+000  0.11852699E+001  0.18575241E+001  0.26127621E+001  0.43721251E+001  0.81163864E+001
  0.30778720E+000  0.34264090E+000  0.45254554E+000  0.59491422E+000  0.79052785E+000  0.88450630E+000  0.11852700E+001  0.18575235E+001  0.26127622E+001  0.43721255E+001  0.81163865E+001
  0.30778732E+000  0.34264099E+000  0.45254565E+000  0.59491433E+000  0.79052787E+000  0.88450639E+000  0.11852701E+001  0.18575230E+001  0.26127623E+001  0.43721259E+001  0.81163867E+001
  0.30778743E+000  0.34264108E+000  0.45254576E+000  0.59491444E+000  0.79052790E+000  0.88450649E+000  0.11852702E+001  0.18575225E+001  0.26127624E+001  0.43721263E+001  0.81163868E+001
  0.30778754E+000  0.34264117E+000  0.45254587E+000  0.59491455E+000  0.79052794E+000  0.88450659E+000  0.11852703E+001  0.18575221E+001  0.26127625E+001  0.43721266E+001  0.81163870E+001
  0.30778766E+000  0.34264126E+000  0.45254598E+000  0.59491465E+000  0.79052798E+000  0.88450668E+000  0.11852704E+001  0.18575216E+001  0.26127626E+001  0.43721271E+001  0.81163871E+001
  0.30778777E+000  0.34264135E+000  0.45254609E+000  0.59491476E+000  0.79052802E+000  0.88450678E+000  0.11852705E+001  0.18575212E+001  0.26127627E+001  0.43721275E+001  0.81163873E+001
  0.30778788E+000  0.34264145E+000  0.45254619E+000  0.59491486E+000  0.79052808E+000  0.88450687E+000  0.11852706E+001  0.18575209E+001  0.26127628E+001  0.43721279E+001  0.81163874E+001
  0.30778799E+000  0.34264155E+000  0.45254630E+000  0.59491497E+000  0.79052813E+000  0.88450697E+000  0.11852707E+001  0.18575205E+001  0.26127629E+001  0.43721283E+001  0.81163875E+001
  0.30778809E+000  0.34264165E+000  0.45254641E+000  0.59491507E+000  0.79052819E+000  0.88450706E+000  0.11852708E+001  0.18575202E+001  0.26127630E+001  0.43721288E+001  0.81163877E+001
  0.30778820E+000  0.34264175E+000  0.45254651E+000  0.59491517E+000  0.79052826E+000  0.88450715E+000  0.11852709E+001  0.18575199E+001  0.26127631E+001  0.43721292E+001  0.81163878E+001
  0.30778831E+000  0.34264185E+000  0.45254662E+000  0.59491527E+000  0.79052832E+000  0.88450724E+000  0.11852710E+001  0.18575196E+001  0.26127632E+001  0.43721297E+001  0.81163879E+001
  0.30778841E+000  0.34264195E+000  0.45254672E+000  0.59491537E+000  0.79052839E+000  0.88450733E+000  0.11852711E+001  0.18575194E+001  0.26127633E+001  0.43721301E+001  0.81163881E+001
  0.30778852E+000  0.34264204E+000  0.45254682E+000  0.59491547E+000  0.79052846E+000  0.88450742E+000  0.11852712E+001  0.18575191E+001  0.26127634E+001  0.43721306E+001  0.81163882E+001
  0.30778862E+000  0.34264214E+000  0.45254692E+000  0.59491557E+000  0.79052853E+000  0.88450751E+000  0.11852713E+001  0.18575189E+001  0.26127635E+001  0.43721311E+001  0.81163883E+001
  0.30778873E+000  0.34264224E+000  0.45254702E+000  0.59491567E+000  0.79052860E+000  0.88450760E+000  0.11852714E+001  0.18575187E+001  0.26127636E+001  0.43721316E+001  0.81163885E+001
  0.30778883E+000  0.34264233E+000  0.45254711E+000  0.59491576E+000  0.79052867E+000  0.88450768E+000  0.11852715E+001  0.18575186E+001  0.26127637E+001  0.43721321E+001  0.81163886E+001
  0.30778892E+000  0.34264242E+000  0.45254720E+000  0.59491586E+000  0.79052873E+000  0.88450776E+000  0.11852715E+001  0.18575184E+001  0.26127638E+001  0.43721326E+001  0.81163887E+001
  0.30778902E+000  0.34264251E+000  0.45254729E+000  0.59491595E+000  0.79052880E+000  0.88450784E+000  0.11852716E+001  0.18575182E+001  0.26127638E+001  0.43721331E+001  0.81163888E+001
  0.30778912E+000  0.34264260E+000  0.45254738E+000  0.59491604E+000  0.79052887E+000  0.88450792E+000  0.11852717E+001  0.18575181E+001  0.26127639E+001  0.43721336E+001  0.81163890E+001
  0.30778921E+000  0.34264268E+000  0.45254746E+000  0.59491612E+000  0.79052893E+000  0.88450799E+000  0.11852718E+001  0.18575180E+001  0.26127640E+001  0.43721341E+001  0.81163891E+001
  0.30778929E+000  0.34264276E+000  0.45254754E+000  0.59491621E+000  0.79052899E+000  0.88450806E+000  0.11852719E+001  0.18575179E+001  0.26127641E+001  0.43721347E+001  0.81163892E+001
  0.30778938E+000  0.34264284E+000  0.45254762E+000  0.59491629E+000  0.79052905E+000  0.88450813E+000  0.11852719E+001  0.18575178E+001  0.26127641E+001  0.43721352E+001  0.81163893E+001
  0.30778946E+000  0.34264291E+000  0.45254769E+000  0.59491637E+000  0.79052910E+000  0.88450819E+000  0.11852720E+001  0.18575177E+001  0.26127642E+001  0.43721357E+001  0.81163894E+001
  0.30778954E+000  0.34264298E+000  0.45254776E+000  0.59491644E+000  0.79052915E+000  0.88450826E+000  0.11852721E+001  0.18575176E+001  0.26127643E+001  0.43721363E+001  0.81163895E+001
  0.30778961E+000  0.34264305E+000  0.45254782E+000  0.59491651E+000  0.79052920E+000  0.88450831E+000  0.11852721E+001  0.18575175E+001  0.26127643E+001  0.43721368E+001  0.81163896E+001
  0.30778968E+000  0.34264311E+000  0.45254788E+000  0.59491658E+000  0.79052925E+000  0.88450837E+000  0.11852722E+001  0.18575174E+001  0.26127644E+001  0.43721374E+001  0.81163897E+001
  0.30778975E+000  0.34264317E+000  0.45254794E+000  0.59491664E+000  0.79052929E+000  0.88450842E+000  0.11852722E+001  0.18575173E+001  0.26127644E+001  0.43721379E+001  0.81163898E+001
  0.30778981E+000  0.34264323E+000  0.45254800E+000  0.59491670E+000  0.79052933E+000  0.88450847E+000  0.11852723E+001  0.18575172E+001  0.26127645E+001  0.43721384E+001  0.81163899E+001
  0.30778987E+000  0.34264328E+000  0.45254805E+000  0.59491676E+000  0.79052936E+000  0.88450851E+000  0.11852723E+001  0.18575171E+001  0.26127645E+001  0.43721390E+001  0.81163900E+001
  0.30778993E+000  0.34264333E+000  0.45254809E+000  0.59491681E+000  0.79052940E+000  0.88450856E+000  0.11852724E+001  0.18575169E+001  0.26127646E+001  0.43721395E+001  0.81163901E+001
  0.30778998E+000  0.34264337E+000  0.45254814E+000  0.59491686E+000  0.79052943E+000  0.88450859E+000  0.11852724E+001  0.18575168E+001  0.26127646E+001  0.43721400E+001  0.81163901E+001
  0.30779003E+000  0.34264341E+000  0.45254818E+000  0.59491690E+000  0.79052945E+000  0.88450863E+000  0.11852724E+001  0.18575167E+001  0.26127646E+001  0.43721406E+001  0.81163902E+001
  0.30779007E+000  0.34264345E+000  0.45254822E+000  0.59491695E+000  0.79052948E+000  0.88450867E+000  0.11852725E+001  0.18575165E+001  0.26127647E+001  0.43721411E+001  0.81163903E+001
  0.30779011E+000  0.34264349E+000  0.45254825E+000  0.59491699E+000  0.79052950E+000  0.88450870E+000  0.11852725E+001  0.18575164E+001  0.26127647E+001  0.43721416E+001  0.81163904E+001
  0.30779015E+000  0.34264352E+000  0.45254828E+000  0.59491702E+000  0.79052952E+000  0.88450873E+000  0.11852725E+001  0.18575162E+001  0.26127647E+001  0.43721421E+001  0.81163904E+001
  0.30779019E+000  0.34264355E+000  0.45254831E+000  0.59491706E+000  0.79052953E+000  0.88450875E+000  0.11852726E+001  0.18575161E+001  0.26127648E+001  0.43721426E+001  0.81163905E+001
  0.30779022E+000  0.34264358E+000  0.45254834E+000  0.59491709E+000  0.79052955E+000  0.88450878E+000  0.11852726E+001  0.18575159E+001  0.26127648E+001  0.43721431E+001  0.81163906E+001
  0.30779025E+000  0.34264361E+000  0.45254836E+000  0.59491712E+000  0.79052956E+000  0.88450880E+000  0.11852726E+001  0.18575157E+001  0.26127648E+001  0.43721436E+001  0.81163906E+001
  0.30779028E+000  0.34264363E+000  0.45254839E+000  0.59491714E+000  0.79052957E+000  0.88450882E+000  0.11852726E+001  0.18575155E+001  0.26127648E+001  0.43721441E+001  0.81163907E+001
  0.30779031E+000  0.34264365E+000  0.45254841E+000  0.59491717E+000  0.79052957E+000  0.88450884E+000  0.11852726E+001  0.18575153E+001  0.26127648E+001  0.43721445E+001  0.81163907E+001
  0.30779033E+000  0.34264367E+000  0.45254843E+000  0.59491719E+000  0.79052958E+000  0.88450885E+000  0.11852727E+001  0.18575151E+001  0.26127649E+001  0.43721450E+001  0.81163908E+001
  0.30779035E+000  0.34264369E+000  0.45254844E+000  0.59491721E+000  0.79052958E+000  0.88450887E+000  0.11852727E+001  0.18575149E+001  0.26127649E+001  0.43721454E+001  0.81163909E+001
  0.30779037E+000  0.34264370E+000  0.45254846E+000  0.59491723E+000  0.79052959E+000  0.88450888E+000  0.11852727E+001  0.18575147E+001  0.26127649E+001  0.43721458E+001  0.81163909E+001
  0.30779039E+000  0.34264372E+000  0.45254847E+000  0.59491725E+000  0.79052959E+000  0.88450890E+000  0.11852727E+001  0.18575144E+001  0.26127649E+001  0.43721462E+001  0.81163910E+001
  0.30779040E+000  0.34264373E+000  0.45254849E+000  0.59491726E+000  0.79052959E+000  0.88450891E+000  0.11852727E+001  0.18575142E+001  0.26127649E+001  0.43721466E+001  0.81163910E+001
  0.30779042E+000  0.34264374E+000  0.45254850E+000  0.59491727E+000  0.79052959E+000  0.88450892E+000  0.11852727E+001  0.18575139E+001  0.26127649E+001  0.43721469E+001  0.81163911E+001
  0.30779043E+000  0.34264375E+000  0.45254851E+000  0.59491729E+000  0.79052958E+000  0.88450893E+000  0.11852727E+001  0.18575137E+001  0.26127649E+001  0.43721472E+001  0.81163911E+001
  0.30779044E+000  0.34264376E+000  0.45254852E+000  0.59491730E+000  0.79052958E+000  0.88450893E+000  0.11852727E+001  0.18575134E+001  0.26127649E+001  0.43721475E+001  0.81163912E+001
  0.30779045E+000  0.34264377E+000  0.45254852E+000  0.59491731E+000  0.79052958E+000  0.88450894E+000  0.11852727E+001  0.18575131E+001  0.26127649E+001  0.43721478E+001  0.81163912E+001
  0.30779046E+000  0.34264377E+000  0.45254853E+000  0.59491732E+000  0.79052957E+000  0.88450895E+000  0.11852728E+001  0.18575128E+001  0.26127649E+001  0.43721481E+001  0.81163912E+001
  0.30779047E+000  0.34264378E+000  0.45254854E+000  0.59491732E+000  0.79052956E+000  0.88450895E+000  0.11852728E+001  0.18575125E+001  0.26127649E+001  0.43721483E+001  0.81163913E+001
  0.30779048E+000  0.34264378E+000  0.45254854E+000  0.59491733E+000  0.79052956E+000  0.88450895E+000  0.11852728E+001  0.18575123E+001  0.26127649E+001  0.43721485E+001  0.81163913E+001
  0.30779048E+000  0.34264379E+000  0.45254855E+000  0.59491734E+000  0.79052955E+000  0.88450896E+000  0.11852728E+001  0.18575120E+001  0.26127649E+001  0.43721487E+001  0.81163914E+001
  0.30779049E+000  0.34264379E+000  0.45254855E+000  0.59491734E+000  0.79052954E+000  0.88450896E+000  0.11852728E+001  0.18575116E+001  0.26127649E+001  0.43721488E+001  0.81163914E+001
  0.30779049E+000  0.34264379E+000  0.45254856E+000  0.59491735E+000  0.79052953E+000  0.88450896E+000  0.11852728E+001  0.18575113E+001  0.26127649E+001  0.43721489E+001  0.81163915E+001
  0.30779050E+000  0.34264379E+000  0.45254856E+000  0.59491735E+000  0.79052952E+000  0.88450897E+000  0.11852728E+001  0.18575110E+001  0.26127649E+001  0.43721490E+001  0.81163915E+001
  0.30779050E+000  0.34264380E+000  0.45254856E+000  0.59491735E+000  0.79052951E+000  0.88450897E+000  0.11852728E+001  0.18575107E+001  0.26127649E+001  0.43721490E+001  0.81163915E+001
  0.30779050E+000  0.34264380E+000  0.45254856E+000  0.59491736E+000  0.79052950E+000  0.88450897E+000  0.11852728E+001  0.18575104E+001  0.26127649E+001  0.43721491E+001  0.81163916E+001
  0.30779051E+000  0.34264380E+000  0.45254856E+000  0.59491736E+000  0.79052949E+000  0.88450897E+000  0.11852728E+001  0.18575101E+001  0.26127649E+001  0.43721490E+001  0.81163916E+001
  0.30779051E+000  0.34264380E+000  0.45254856E+000  0.59491736E+000  0.79052948E+000  0.88450897E+000  0.11852728E+001  0.18575097E+001  0.26127649E+001  0.43721490E+001  0.81163916E+001
  0.30779051E+000  0.34264380E+000  0.45254857E+000  0.59491736E+000  0.79052947E+000  0.88450897E+000  0.11852728E+001  0.18575094E+001  0.26127649E+001  0.43721489E+001  0.81163917E+001
  0.30779051E+000  0.34264380E+000  0.45254857E+000  0.59491736E+000  0.79052946E+000  0.88450897E+000  0.11852728E+001  0.18575091E+001  0.26127649E+001  0.43721488E+001  0.81163917E+001
  0.30779051E+000  0.34264380E+000  0.45254857E+000  0.59491736E+000  0.79052945E+000  0.88450897E+000  0.11852728E+001  0.18575087E+001  0.26127649E+001  0.43721486E+001  0.81163917E+001
  0.30779051E+000  0.34264379E+000  0.45254857E+000  0.59491737E+000  0.79052944E+000  0.88450897E+000  0.11852728E+001  0.18575084E+001  0.26127649E+001  0.43721484E+001  0.81163917E+001
  0.30779051E+000  0.34264379E+000  0.45254857E+000  0.59491737E+000  0.79052943E+000  0.88450897E+000  0.11852728E+001  0.18575081E+001  0.26127649E+001  0.43721482E+001  0.81163918E+001
  0.30779051E+000  0.34264379E+000  0.45254857E+000  0.59491737E+000  0.79052942E+000  0.88450897E+000  0.11852728E+001  0.18575078E+001  0.26127649E+001  0.43721480E+001  0.81163918E+001
  0.30779051E+000  0.34264379E+000  0.45254857E+000  0.59491737E+000  0.79052941E+000  0.88450897E+000  0.11852728E+001  0.18575074E+001  0.26127649E+001  0.43721477E+001  0.81163918E+001
  0.30779051E+000  0.34264379E+000  0.45254857E+000  0.59491737E+000  0.79052939E+000  0.88450897E+000  0.11852728E+001  0.18575071E+001  0.26127649E+001  0.43721474E+001  0.81163918E+001
  0.30779051E+000  0.34264379E+000  0.45254857E+000  0.59491737E+000  0.79052938E+000  0.88450896E+000  0.11852728E+001  0.18575068E+001  0.26127649E+001  0.43721470E+001  0.81163918E+001
  0.30779051E+000  0.34264379E+000  0.45254856E+000  0.59491737E+000  0.79052937E+000  0.88450896E+000  0.11852728E+001  0.18575064E+001  0.26127648E+001  0.43721466E+001  0.81163919E+001
  0.30779051E+000  0.34264379E+000  0.45254856E+000  0.59491736E+000  0.79052936E+000  0.88450896E+000  0.11852728E+001  0.18575061E+001  0.26127648E+001  0.43721462E+001  0.81163919E+001
  0.30779051E+000  0.34264378E+000  0.45254856E+000  0.59491736E+000  0.79052935E+000  0.88450896E+000  0.11852728E+001  0.18575058E+001  0.26127648E+001  0.43721458E+001  0.81163919E+001
  0.30779051E+000  0.34264378E+000  0.45254856E+000  0.59491736E+000  0.79052934E+000  0.88450896E+000  0.11852728E+001  0.18575055E+001  0.26127648E+001  0.43721453E+001  0.81163919E+001
  0.30779051E+000  0.34264378E+000  0.45254856E+000  0.59491736E+000  0.79052933E+000  0.88450896E+000  0.11852728E+001  0.18575052E+001  0.26127648E+001  0.43721448E+001  0.81163919E+001
  0.30779051E+000  0.34264378E+000  0.45254856E+000  0.59491736E+000  0.79052931E+000  0.88450896E+000  0.11852728E+001  0.18575049E+001  0.26127648E+001  0.43721442E+001  0.81163919E+001
  0.30779051E+000  0.34264378E+000  0.45254856E+000  0.59491736E+000  0.79052930E+000  0.88450896E+000  0.11852728E+001  0.18575046E+001  0.26127648E+001  0.43721437E+001  0.81163919E+001
  0.30779051E+000  0.34264378E+000  0.45254856E+000  0.59491736E+000  0.79052929E+000  0.88450895E+000  0.11852728E+001  0.18575042E+001  0.26127648E+001  0.43721431E+001  0.81163919E+001
  0.30779051E+000  0.34264377E+000  0.45254856E+000  0.59491736E+000  0.79052928E+000  0.88450895E+000  0.11852728E+001  0.18575039E+001  0.26127648E+001  0.43721425E+001  0.81163919E+001
  0.30779051E+000  0.34264377E+000  0.45254856E+000  0.59491736E+000  0.79052927E+000  0.88450895E+000  0.11852728E+001  0.18575036E+001  0.26127648E+001  0.43721418E+001  0.81163919E+001
  0.30779051E+000  0.34264377E+000  0.45254856E+000  0.59491736E+000  0.79052926E+000  0.88450895E+000  0.11852728E+001  0.18575033E+001  0.26127648E+001  0.43721412E+001  0.81163919E+001
  0.30779051E+000  0.34264377E+000  0.45254856E+000  0.59491736E+000  0.79052925E+000  0.88450895E+000  0.11852728E+001  0.18575031E+001  0.26127648E+001  0.43721405E+001  0.81163919E+001
  0.30779051E+000  0.34264377E+000  0.45254856E+000  0.59491736E+000  0.79052924E+000  0.88450895E+000  0.11852728E+001  0.18575028E+001  0.26127648E+001  0.43721398E+001  0.81163919E+001
  0.30779050E+000  0.34264377E+000  0.45254855E+000  0.59491736E+000  0.79052923E+000  0.88450895E+000  0.11852727E+001  0.18575025E+001  0.26127647E+001  0.43721391E+001  0.81163919E+001
  0.30779050E+000  0.34264377E+000  0.45254855E+000  0.59491736E+000  0.79052922E+000  0.88450895E+000  0.11852727E+001  0.18575022E+001  0.26127647E+001  0.43721384E+001  0.81163919E+001
  0.30779050E+000  0.34264376E+000  0.45254855E+000  0.59491736E+000  0.79052921E+000  0.88450894E+000  0.11852727E+001  0.18575019E+001  0.26127647E+001  0.43721376E+001  0.81163918E+001
  0.30779050E+000  0.34264376E+000  0.45254855E+000  0.59491736E+000  0.79052920E+000  0.88450894E+000  0.11852727E+001  0.18575016E+001  0.26127647E+001  0.43721369E+001  0.81163918E+001
  0.30779050E+000  0.34264376E+000  0.45254855E+000  0.59491736E+000  0.79052919E+000  0.88450894E+000  0.11852727E+001  0.18575014E+001  0.26127647E+001  0.43721361E+001  0.81163918E+001
  0.30779050E+000  0.34264376E+000  0.45254855E+000  0.59491735E+000  0.79052918E+000  0.88450894E+000  0.11852727E+001  0.18575011E+001  0.26127647E+001  0.43721353E+001  0.81163918E+001
  0.30779050E+000  0.34264376E+000  0.45254855E+000  0.59491735E+000  0.79052917E+000  0.88450894E+000  0.11852727E+001  0.18575008E+001  0.26127647E+001  0.43721345E+001  0.81163918E+001
  0.30779050E+000  0.34264376E+000  0.45254855E+000  0.59491735E+000  0.79052916E+000  0.88450894E+000  0.11852727E+001  0.18575006E+001  0.26127647E+001  0.43721337E+001  0.81163917E+001
  0.30779050E+000  0.34264376E+000  0.45254855E+000  0.59491735E+000  0.79052915E+000  0.88450894E+000  0.11852727E+001  0.18575003E+001  0.26127647E+001  0.43721329E+001  0.81163917E+001
  0.30779050E+000  0.34264376E+000  0.45254855E+000  0.59491735E+000  0.79052914E+000  0.88450894E+000  0.11852727E+001  0.18575001E+001  0.26127647E+001  0.43721321E+001  0.81163917E+001
  0.30779050E+000  0.34264376E+000  0.45254855E+000  0.59491735E+000  0.79052914E+000  0.88450894E+000  0.11852727E+001  0.18574998E+001  0.26127647E+001  0.43721312E+001  0.81163917E+001
  0.30779050E+000  0.34264376E+000  0.45254855E+000  0.59491735E+000  0.79052913E+000  0.88450894E+000  0.11852727E+001  0.18574996E+001  0.26127647E+001  0.43721304E+001  0.81163916E+001
  0.30779050E+000  0.34264376E+000  0.45254855E+000  0.59491735E+000  0.79052912E+000  0.88450894E+000  0.11852727E+001  0.18574993E+001  0.26127647E+001  0.43721296E+001  0.81163916E+001
  0.30779050E+000  0.34264376E+000  0.45254855E+000  0.59491735E+000  0.79052911E+000  0.88450893E+000  0.11852727E+001  0.18574991E+001  0.26127647E+001  0.43721288E+001  0.81163916E+001
  0.30779050E+000  0.34264375E+000  0.45254855E+000  0.59491735E+000  0.79052911E+000  0.88450893E+000  0.11852727E+001  0.18574988E+001  0.26127647E+001  0.43721279E+001  0.81163915E+001
  0.30779050E+000  0.34264375E+000  0.45254855E+000  0.59491735E+000  0.79052910E+000  0.88450893E+000  0.11852727E+001  0.18574986E+001  0.26127646E+001  0.43721271E+001  0.81163915E+001
  0.30779050E+000  0.34264375E+000  0.45254855E+000  0.59491735E+000  0.79052909E+000  0.88450893E+000  0.11852727E+001  0.18574984E+001  0.26127646E+001  0.43721263E+001  0.81163915E+001
  0.30779050E+000  0.34264375E+000  0.45254855E+000  0.59491735E+000  0.79052909E+000  0.88450893E+000  0.11852727E+001  0.18574981E+001  0.26127646E+001  0.43721254E+001  0.81163914E+001
  0.30779050E+000  0.34264375E+000  0.45254855E+000  0.59491735E+000  0.79052908E+000  0.88450893E+000  0.11852727E+001  0.18574979E+001  0.26127646E+001  0.43721246E+001  0.81163914E+001
  0.30779050E+000  0.34264375E+000  0.45254855E+000  0.59491735E+000  0.79052908E+000  0.88450893E+000  0.11852727E+001  0.18574977E+001  0.26127646E+001  0.43721238E+001  0.81163913E+001
  0.30779050E+000  0.34264375E+000  0.45254855E+000  0.59491735E+000  0.79052907E+000  0.88450893E+000  0.11852727E+001  0.18574975E+001  0.26127646E+001  0.43721230E+001  0.81163913E+001
  0.30779050E+000  0.34264375E+000  0.45254855E+000  0.59491735E+000  0.79052906E+000  0.88450893E+000  0.11852727E+001  0.18574973E+001  0.26127646E+001  0.43721222E+001  0.81163913E+001
  0.30779050E+000  0.34264375E+000  0.45254855E+000  0.59491735E+000  0.79052906E+000  0.88450893E+000  0.11852727E+001  0.18574971E+001  0.26127646E+001  0.43721214E+001  0.81163912E+001
  0.30779050E+000  0.34264375E+000  0.45254855E+000  0.59491735E+000  0.79052906E+000  0.88450893E+000  0.11852727E+001  0.18574969E+001  0.26127646E+001  0.43721206E+001  0.81163912E+001
  0.30779050E+000  0.34264375E+000  0.45254855E+000  0.59491735E+000  0.79052905E+000  0.88450893E+000  0.11852727E+001  0.18574966E+001  0.26127646E+001  0.43721198E+001  0.81163911E+001
  0.30779050E+000  0.34264375E+000  0.45254855E+000  0.59491735E+000  0.79052905E+000  0.88450893E+000  0.11852727E+001  0.18574964E+001  0.26127646E+001  0.43721190E+001  0.81163911E+001
  0.30779050E+000  0.34264375E+000  0.45254855E+000  0.59491735E+000  0.79052904E+000  0.88450893E+000  0.11852727E+001  0.18574963E+001  0.26127646E+001  0.43721182E+001  0.81163910E+001
  0.30779050E+000  0.34264375E+000  0.45254855E+000  0.59491735E+000  0.79052904E+000  0.88450893E+000  0.11852727E+001  0.18574961E+001  0.26127646E+001  0.43721174E+001  0.81163910E+001
  0.30779050E+000  0.34264375E+000  0.45254855E+000  0.59491735E+000  0.79052904E+000  0.88450893E+000  0.11852727E+001  0.18574959E+001  0.26127646E+001  0.43721167E+001  0.81163910E+001
  0.30779050E+000  0.34264375E+000  0.45254855E+000  0.59491735E+000  0.79052903E+000  0.88450893E+000  0.11852727E+001  0.18574957E+001  0.26127646E+001  0.43721159E+001  0.81163909E+001
  0.30779050E+000  0.34264375E+000  0.45254855E+000  0.59491735E+000  0.79052903E+000  0.88450893E+000  0.11852727E+001  0.18574955E+001  0.26127646E+001  0.43721152E+001  0.81163909E+001
  0.30779050E+000  0.34264375E+000  0.45254855E+000  0.59491735E+000  0.79052903E+000  0.88450893E+000  0.11852727E+001  0.18574953E+001  0.26127646E+001  0.43721144E+001  0.81163908E+001
  0.30779050E+000  0.34264375E+000  0.45254855E+000  0.59491735E+000  0.79052902E+000  0.88450893E+000  0.11852727E+001  0.18574952E+001  0.26127646E+001  0.43721137E+001  0.81163908E+001
  0.30779050E+000  0.34264375E+000  0.45254855E+000  0.59491735E+000  0.79052902E+000  0.88450893E+000  0.11852727E+001  0.18574950E+001  0.26127646E+001  0.43721130E+001  0.81163907E+001
  0.30779050E+000  0.34264375E+000  0.45254855E+000  0.59491735E+000  0.79052902E+000  0.88450893E+000  0.11852727E+001  0.18574948E+001  0.26127645E+001  0.43721123E+001  0.81163907E+001
  0.30779050E+000  0.34264375E+000  0.45254855E+000  0.59491735E+000  0.79052902E+000  0.88450893E+000  0.11852727E+001  0.18574947E+001  0.26127645E+001  0.43721116E+001  0.81163906E+001
  0.30779050E+000  0.34264375E+000  0.45254855E+000  0.59491735E+000  0.79052901E+000  0.88450893E+000  0.11852727E+001  0.18574945E+001  0.26127645E+001  0.43721109E+001  0.81163906E+001
  0.30779050E+000  0.34264375E+000  0.45254855E+000  0.59491735E+000  0.79052901E+000  0.88450893E+000  0.11852727E+001  0.18574944E+001  0.26127645E+001  0.43721103E+001  0.81163905E+001
  0.30779050E+000  0.34264375E+000  0.45254855E+000  0.59491735E+000  0.79052901E+000  0.88450893E+000  0.11852727E+001  0.18574942E+001  0.26127645E+001  0.43721096E+001  0.81163905E+001
  0.30779050E+000  0.34264375E+000  0.45254855E+000  0.59491735E+000  0.79052901E+000  0.88450893E+000  0.11852727E+001  0.18574941E+001  0.26127645E+001  0.43721089E+001  0.81163905E+001
  0.30779050E+000  0.34264375E+000  0.45254855E+000  0.59491735E+000  0.79052901E+000  0.88450893E+000  0.11852727E+001  0.18574940E+001  0.26127645E+001  0.43721083E+001  0.81163904E+001
  0.30779050E+000  0.34264375E+000  0.45254855E+000  0.59491735E+000  0.79052900E+000  0.88450893E+000  0.11852727E+001  0.18574938E+001  0.26127645E+001  0.43721077E+001  0.81163904E+001
  0.30779050E+000  0.34264375E+000  0.45254855E+000  0.59491735E+000  0.79052900E+000  0.88450893E+000  0.11852727E+001  0.18574937E+001  0.26127645E+001  0.43721071E+001  0.81163903E+001
  0.30779050E+000  0.34264375E+000  0.45254855E+000  0.59491735E+000  0.79052900E+000  0.88450893E+000  0.11852727E+001  0.18574936E+001  0.26127645E+001  0.43721065E+001  0.81163903E+001
  0.30779050E+000  0.34264375E+000  0.45254855E+000  0.59491735E+000  0.79052900E+000  0.88450893E+000  0.11852727E+001  0.18574935E+001  0.26127645E+001  0.43721059E+001  0.81163902E+001
  0.30779050E+000  0.34264375E+000  0.45254855E+000  0.59491735E+000  0.79052900E+000  0.88450893E+000  0.11852727E+001  0.18574933E+001  0.26127645E+001  0.43721053E+001  0.81163902E+001
  0.30779050E+000  0.34264375E+000  0.45254855E+000  0.59491735E+000  0.79052900E+000  0.88450893E+000  0.11852727E+001  0.18574932E+001  0.26127645E+001  0.43721047E+001  0.81163902E+001
  0.30779050E+000  0.34264375E+000  0.45254855E+000  0.59491735E+000  0.79052900E+000  0.88450893E+000  0.11852727E+001  0.18574931E+001  0.26127645E+001  0.43721042E+001  0.81163901E+001
  0.30779050E+000  0.34264375E+000  0.45254855E+000  0.59491736E+000  0.79052899E+000  0.88450893E+000  0.11852727E+001  0.18574930E+001  0.26127645E+001  0.43721036E+001  0.81163901E+001
