  0.00000000E+000  0.00000000E+000  0.00000000E+000  0.00000000E+000  0.42174581E-001  0.36748790E+000  0.69433515E+001  0.46552187E+002  0.11381362E+003  0.30126422E+003  0.59143845E+003
  0.00000000E+000  0.00000000E+000  0.00000000E+000  0.00000000E+000  0.42176723E-001  0.36749062E+000  0.69434424E+001  0.46552783E+002  0.11381448E+003  0.30126529E+003  0.59143947E+003
  0.00000000E+000  0.00000000E+000  0.00000000E+000  0.00000000E+000  0.42178692E-001  0.36749325E+000  0.69435293E+001  0.46553364E+002  0.11381530E+003  0.30126630E+003  0.59144044E+003
  0.00000000E+000  0.00000000E+000  0.00000000E+000  0.00000000E+000  0.42180498E-001  0.36749579E+000  0.69436084E+001  0.46553892E+002  0.11381605E+003  0.30126722E+003  0.59144132E+003
  0.00000000E+000  0.00000000E+000  0.00000000E+000  0.00000000E+000  0.42182159E-001  0.36749822E+000  0.69436793E+001  0.46554358E+002  0.11381671E+003  0.30126803E+003  0.59144209E+003
  0.00000000E+000  0.00000000E+000  0.00000000E+000  0.00000000E+000  0.42183693E-001  0.36750056E+000  0.69437424E+001  0.46554766E+002  0.11381728E+003  0.30126874E+003  0.59144278E+003
  0.00000000E+000  0.00000000E+000  0.00000000E+000  0.00000000E+000  0.42185116E-001  0.36750280E+000  0.69437983E+001  0.46555119E+002  0.11381778E+003  0.30126935E+003  0.59144337E+003
  0.00000000E+000  0.00000000E+000  0.00000000E+000  0.00000000E+000  0.42186445E-001  0.36750496E+000  0.69438478E+001  0.46555426E+002  0.11381821E+003  0.30126988E+003  0.59144389E+003
  0.00000000E+000  0.00000000E+000  0.00000000E+000  0.00000000E+000  0.42187693E-001  0.36750703E+000  0.69438915E+001  0.46555691E+002  0.11381859E+003  0.30127034E+003  0.59144433E+003
  0.00000000E+000  0.00000000E+000  0.00000000E+000  0.00000000E+000  0.42188874E-001  0.36750902E+000  0.69439302E+001  0.46555921E+002  0.11381891E+003  0.30127074E+003  0.59144471E+003
  0.00000000E+000  0.00000000E+000  0.00000000E+000  0.00000000E+000  0.42189999E-001  0.36751093E+000  0.69439644E+001  0.46556120E+002  0.11381919E+003  0.30127108E+003  0.59144504E+003
  0.00000000E+000  0.00000000E+000  0.00000000E+000  0.00000000E+000  0.42191077E-001  0.36751278E+000  0.69439948E+001  0.46556294E+002  0.11381943E+003  0.30127137E+003  0.59144532E+003
  0.00000000E+000  0.00000000E+000  0.00000000E+000  0.00000000E+000  0.42192118E-001  0.36751456E+000  0.69440217E+001  0.46556445E+002  0.11381964E+003  0.30127162E+003  0.59144557E+003
  0.00000000E+000  0.00000000E+000  0.00000000E+000  0.00000000E+000  0.42193129E-001  0.36751628E+000  0.69440457E+001  0.46556577E+002  0.11381982E+003  0.30127184E+003  0.59144577E+003
  0.00000000E+000  0.00000000E+000  0.00000000E+000  0.00000000E+000  0.42194116E-001  0.36751795E+000  0.69440670E+001  0.46556692E+002  0.11381998E+003  0.30127203E+003  0.59144595E+003
  0.00000000E+000  0.00000000E+000  0.00000000E+000  0.00000000E+000  0.42195086E-001  0.36751957E+000  0.69440861E+001  0.46556792E+002  0.11382011E+003  0.30127219E+003  0.59144611E+003
  0.00000000E+000  0.00000000E+000  0.00000000E+000  0.00000000E+000  0.42196044E-001  0.36752114E+000  0.69441032E+001  0.46556881E+002  0.11382023E+003  0.30127234E+003  0.59144624E+003
  0.00000000E+000  0.00000000E+000  0.00000000E+000  0.00000000E+000  0.42196994E-001  0.36752266E+000  0.69441186E+001  0.46556958E+002  0.11382034E+003  0.30127246E+003  0.59144635E+003
  0.00000000E+000  0.00000000E+000  0.00000000E+000  0.00000000E+000  0.42197940E-001  0.36752415E+000  0.69441325E+001  0.46557026E+002  0.11382043E+003  0.30127257E+003  0.59144645E+003
  0.00000000E+000  0.00000000E+000  0.00000000E+000  0.00000000E+000  0.42198884E-001  0.36752559E+000  0.69441450E+001  0.46557087E+002  0.11382051E+003  0.30127266E+003  0.59144654E+003
  0.00000000E+000  0.00000000E+000  0.00000000E+000  0.00000000E+000  0.42199830E-001  0.36752700E+000  0.69441564E+001  0.46557140E+002  0.11382058E+003  0.30127274E+003  0.59144661E+003
  0.00000000E+000  0.00000000E+000  0.00000000E+000  0.00000000E+000  0.42200779E-001  0.36752838E+000  0.69441667E+001  0.46557186E+002  0.11382064E+003  0.30127281E+003  0.59144668E+003
  0.00000000E+000  0.00000000E+000  0.00000000E+000  0.00000000E+000  0.42201733E-001  0.36752973E+000  0.69441761E+001  0.46557228E+002  0.11382069E+003  0.30127288E+003  0.59144674E+003
  0.00000000E+000  0.00000000E+000  0.00000000E+000  0.00000000E+000  0.42202694E-001  0.36753104E+000  0.69441847E+001  0.46557265E+002  0.11382074E+003  0.30127293E+003  0.59144679E+003
  0.00000000E+000  0.00000000E+000  0.00000000E+000  0.00000000E+000  0.42203661E-001  0.36753233E+000  0.69441925E+001  0.46557297E+002  0.11382079E+003  0.30127298E+003  0.59144683E+003
  0.00000000E+000  0.00000000E+000  0.00000000E+000  0.00000000E+000  0.42204637E-001  0.36753358E+000  0.69441997E+001  0.46557326E+002  0.11382082E+003  0.30127303E+003  0.59144687E+003
  0.00000000E+000  0.00000000E+000  0.00000000E+000  0.00000000E+000  0.42205620E-001  0.36753482E+000  0.69442063E+001  0.46557352E+002  0.11382086E+003  0.30127307E+003  0.59144690E+003
  0.00000000E+000  0.00000000E+000  0.00000000E+000  0.00000000E+000  0.42206611E-001  0.36753602E+000  0.69442124E+001  0.46557375E+002  0.11382089E+003  0.30127311E+003  0.59144694E+003
  0.00000000E+000  0.00000000E+000  0.00000000E+000  0.00000000E+000  0.42207609E-001  0.36753720E+000  0.69442180E+001  0.46557396E+002  0.11382092E+003  0.30127314E+003  0.59144697E+003
  0.00000000E+000  0.00000000E+000  0.00000000E+000  0.00000000E+000  0.42208613E-001  0.36753835E+000  0.69442231E+001  0.46557414E+002  0.11382094E+003  0.30127317E+003  0.59144699E+003
  0.00000000E+000  0.00000000E+000  0.00000000E+000  0.00000000E+000  0.42209622E-001  0.36753947E+000  0.69442279E+001  0.46557430E+002  0.11382096E+003  0.30127320E+003  0.59144702E+003
  0.00000000E+000  0.00000000E+000  0.00000000E+000  0.00000000E+000  0.42210635E-001  0.36754057E+000  0.69442322E+001  0.46557445E+002  0.11382099E+003  0.30127323E+003  0.59144704E+003
  0.00000000E+000  0.00000000E+000  0.00000000E+000  0.00000000E+000  0.42211648E-001  0.36754164E+000  0.69442362E+001  0.46557458E+002  0.11382100E+003  0.30127326E+003  0.59144707E+003
  0.00000000E+000  0.00000000E+000  0.00000000E+000  0.00000000E+000  0.42212660E-001  0.36754269E+000  0.69442398E+001  0.46557469E+002  0.11382102E+003  0.30127329E+003  0.59144709E+003
  0.00000000E+000  0.00000000E+000  0.00000000E+000  0.00000000E+000  0.42213668E-001  0.36754370E+000  0.69442431E+001  0.46557480E+002  0.11382104E+003  0.30127331E+003  0.59144711E+003
  0.00000000E+000  0.00000000E+000  0.00000000E+000  0.00000000E+000  0.42214667E-001  0.36754469E+000  0.69442461E+001  0.46557489E+002  0.11382106E+003  0.30127334E+003  0.59144714E+003
  0.00000000E+000  0.00000000E+000  0.00000000E+000  0.00000000E+000  0.42215655E-001  0.36754564E+000  0.69442487E+001  0.46557497E+002  0.11382107E+003  0.30127337E+003  0.59144716E+003
  0.00000000E+000  0.00000000E+000  0.00000000E+000  0.00000000E+000  0.42216627E-001  0.36754657E+000  0.69442510E+001  0.46557504E+002  0.11382108E+003  0.30127339E+003  0.59144718E+003
  0.00000000E+000  0.00000000E+000  0.00000000E+000  0.00000000E+000  0.42217578E-001  0.36754746E+000  0.69442531E+001  0.46557510E+002  0.11382110E+003  0.30127342E+003  0.59144721E+003
  0.00000000E+000  0.00000000E+000  0.00000000E+000  0.00000000E+000  0.42218502E-001  0.36754832E+000  0.69442548E+001  0.46557515E+002  0.11382111E+003  0.30127345E+003  0.59144723E+003
  0.00000000E+000  0.00000000E+000  0.00000000E+000  0.00000000E+000  0.42219393E-001  0.36754915E+000  0.69442563E+001  0.46557519E+002  0.11382113E+003  0.30127348E+003  0.59144726E+003
  0.00000000E+000  0.00000000E+000  0.00000000E+000  0.00000000E+000  0.42220246E-001  0.36754994E+000  0.69442574E+001  0.46557522E+002  0.11382114E+003  0.30127351E+003  0.59144728E+003
  0.00000000E+000  0.00000000E+000  0.00000000E+000  0.00000000E+000  0.42221053E-001  0.36755070E+000  0.69442582E+001  0.46557525E+002  0.11382115E+003  0.30127354E+003  0.59144731E+003
  0.00000000E+000  0.00000000E+000  0.00000000E+000  0.00000000E+000  0.42221808E-001  0.36755142E+000  0.69442588E+001  0.46557527E+002  0.11382116E+003  0.30127357E+003  0.59144734E+003
  0.00000000E+000  0.00000000E+000  0.00000000E+000  0.00000000E+000  0.42222503E-001  0.36755210E+000  0.69442590E+001  0.46557529E+002  0.11382118E+003  0.30127360E+003  0.59144737E+003
  0.00000000E+000  0.00000000E+000  0.00000000E+000  0.00000000E+000  0.42223130E-001  0.36755274E+000  0.69442589E+001  0.46557529E+002  0.11382119E+003  0.30127364E+003  0.59144740E+003
  0.00000000E+000  0.00000000E+000  0.00000000E+000  0.00000000E+000  0.42223683E-001  0.36755335E+000  0.69442585E+001  0.46557529E+002  0.11382120E+003  0.30127367E+003  0.59144744E+003
  0.00000000E+000  0.00000000E+000  0.00000000E+000  0.00000000E+000  0.42224155E-001  0.36755391E+000  0.69442578E+001  0.46557528E+002  0.11382121E+003  0.30127371E+003  0.59144747E+003
  0.00000000E+000  0.00000000E+000  0.00000000E+000  0.00000000E+000  0.42224536E-001  0.36755444E+000  0.69442568E+001  0.46557527E+002  0.11382123E+003  0.30127375E+003  0.59144751E+003
  0.00000000E+000  0.00000000E+000  0.00000000E+000  0.00000000E+000  0.42224822E-001  0.36755492E+000  0.69442554E+001  0.46557525E+002  0.11382124E+003  0.30127379E+003  0.59144755E+003
  0.00000000E+000  0.00000000E+000  0.00000000E+000  0.00000000E+000  0.42225006E-001  0.36755536E+000  0.69442538E+001  0.46557522E+002  0.11382126E+003  0.30127383E+003  0.59144759E+003
  0.00000000E+000  0.00000000E+000  0.00000000E+000  0.00000000E+000  0.42225081E-001  0.36755576E+000  0.69442518E+001  0.46557519E+002  0.11382127E+003  0.30127388E+003  0.59144763E+003
  0.00000000E+000  0.00000000E+000  0.00000000E+000  0.00000000E+000  0.42225043E-001  0.36755613E+000  0.69442495E+001  0.46557515E+002  0.11382128E+003  0.30127392E+003  0.59144768E+003
  0.00000000E+000  0.00000000E+000  0.00000000E+000  0.00000000E+000  0.42224888E-001  0.36755645E+000  0.69442469E+001  0.46557511E+002  0.11382130E+003  0.30127397E+003  0.59144772E+003
  0.00000000E+000  0.00000000E+000  0.00000000E+000  0.00000000E+000  0.42224613E-001  0.36755673E+000  0.69442439E+001  0.46557505E+002  0.11382131E+003  0.30127402E+003  0.59144777E+003
  0.00000000E+000  0.00000000E+000  0.00000000E+000  0.00000000E+000  0.42224215E-001  0.36755698E+000  0.69442407E+001  0.46557499E+002  0.11382133E+003  0.30127407E+003  0.59144783E+003
  0.00000000E+000  0.00000000E+000  0.00000000E+000  0.00000000E+000  0.42223695E-001  0.36755719E+000  0.69442371E+001  0.46557493E+002  0.11382134E+003  0.30127413E+003  0.59144788E+003
  0.00000000E+000  0.00000000E+000  0.00000000E+000  0.00000000E+000  0.42223052E-001  0.36755737E+000  0.69442332E+001  0.46557486E+002  0.11382136E+003  0.30127418E+003  0.59144794E+003
  0.00000000E+000  0.00000000E+000  0.00000000E+000  0.00000000E+000  0.42222289E-001  0.36755752E+000  0.69442290E+001  0.46557478E+002  0.11382137E+003  0.30127424E+003  0.59144800E+003
  0.00000000E+000  0.00000000E+000  0.00000000E+000  0.00000000E+000  0.42221408E-001  0.36755765E+000  0.69442245E+001  0.46557469E+002  0.11382139E+003  0.30127430E+003  0.59144806E+003
  0.00000000E+000  0.00000000E+000  0.00000000E+000  0.00000000E+000  0.42220415E-001  0.36755775E+000  0.69442197E+001  0.46557460E+002  0.11382141E+003  0.30127437E+003  0.59144813E+003
  0.00000000E+000  0.00000000E+000  0.00000000E+000  0.00000000E+000  0.42219314E-001  0.36755783E+000  0.69442146E+001  0.46557450E+002  0.11382142E+003  0.30127443E+003  0.59144820E+003
  0.00000000E+000  0.00000000E+000  0.00000000E+000  0.00000000E+000  0.42218113E-001  0.36755789E+000  0.69442092E+001  0.46557439E+002  0.11382144E+003  0.30127450E+003  0.59144827E+003
  0.00000000E+000  0.00000000E+000  0.00000000E+000  0.00000000E+000  0.42216820E-001  0.36755794E+000  0.69442036E+001  0.46557427E+002  0.11382146E+003  0.30127457E+003  0.59144834E+003
  0.00000000E+000  0.00000000E+000  0.00000000E+000  0.00000000E+000  0.42215443E-001  0.36755798E+000  0.69441976E+001  0.46557415E+002  0.11382148E+003  0.30127464E+003  0.59144842E+003
  0.00000000E+000  0.00000000E+000  0.00000000E+000  0.00000000E+000  0.42213994E-001  0.36755802E+000  0.69441914E+001  0.46557402E+002  0.11382149E+003  0.30127472E+003  0.59144850E+003
  0.00000000E+000  0.00000000E+000  0.00000000E+000  0.00000000E+000  0.42212482E-001  0.36755805E+000  0.69441850E+001  0.46557387E+002  0.11382151E+003  0.30127480E+003  0.59144859E+003
  0.00000000E+000  0.00000000E+000  0.00000000E+000  0.00000000E+000  0.42210919E-001  0.36755809E+000  0.69441783E+001  0.46557372E+002  0.11382153E+003  0.30127488E+003  0.59144868E+003
  0.00000000E+000  0.00000000E+000  0.00000000E+000  0.00000000E+000  0.42209316E-001  0.36755813E+000  0.69441713E+001  0.46557356E+002  0.11382155E+003  0.30127496E+003  0.59144877E+003
  0.00000000E+000  0.00000000E+000  0.00000000E+000  0.00000000E+000  0.42207685E-001  0.36755818E+000  0.69441642E+001  0.46557339E+002  0.11382156E+003  0.30127504E+003  0.59144887E+003
  0.00000000E+000  0.00000000E+000  0.00000000E+000  0.00000000E+000  0.42206037E-001  0.36755824E+000  0.69441568E+001  0.46557320E+002  0.11382158E+003  0.30127513E+003  0.59144897E+003
  0.00000000E+000  0.00000000E+000  0.00000000E+000  0.00000000E+000  0.42204384E-001  0.36755830E+000  0.69441493E+001  0.46557301E+002  0.11382160E+003  0.30127522E+003  0.59144908E+003
  0.00000000E+000  0.00000000E+000  0.00000000E+000  0.00000000E+000  0.42202737E-001  0.36755838E+000  0.69441415E+001  0.46557280E+002  0.11382162E+003  0.30127532E+003  0.59144919E+003
  0.00000000E+000  0.00000000E+000  0.00000000E+000  0.00000000E+000  0.42201105E-001  0.36755846E+000  0.69441336E+001  0.46557258E+002  0.11382164E+003  0.30127542E+003  0.59144930E+003
  0.00000000E+000  0.00000000E+000  0.00000000E+000  0.00000000E+000  0.42199499E-001  0.36755855E+000  0.69441256E+001  0.46557235E+002  0.11382165E+003  0.30127551E+003  0.59144942E+003
  0.00000000E+000  0.00000000E+000  0.00000000E+000  0.00000000E+000  0.42197928E-001  0.36755864E+000  0.69441174E+001  0.46557211E+002  0.11382167E+003  0.30127562E+003  0.59144954E+003
  0.00000000E+000  0.00000000E+000  0.00000000E+000  0.00000000E+000  0.42196399E-001  0.36755872E+000  0.69441091E+001  0.46557185E+002  0.11382169E+003  0.30127572E+003  0.59144967E+003
  0.00000000E+000  0.00000000E+000  0.00000000E+000  0.00000000E+000  0.42194920E-001  0.36755881E+000  0.69441006E+001  0.46557158E+002  0.11382170E+003  0.30127583E+003  0.59144980E+003
  0.00000000E+000  0.00000000E+000  0.00000000E+000  0.00000000E+000  0.42193495E-001  0.36755888E+000  0.69440922E+001  0.46557129E+002  0.11382172E+003  0.30127594E+003  0.59144994E+003
  0.00000000E+000  0.00000000E+000  0.00000000E+000  0.00000000E+000  0.42192131E-001  0.36755893E+000  0.69440836E+001  0.46557099E+002  0.11382173E+003  0.30127605E+003  0.59145009E+003
  0.00000000E+000  0.00000000E+000  0.00000000E+000  0.00000000E+000  0.42190830E-001  0.36755895E+000  0.69440750E+001  0.46557068E+002  0.11382174E+003  0.30127617E+003  0.59145024E+003
  0.00000000E+000  0.00000000E+000  0.00000000E+000  0.00000000E+000  0.42189595E-001  0.36755893E+000  0.69440664E+001  0.46557035E+002  0.11382175E+003  0.30127629E+003  0.59145039E+003
  0.00000000E+000  0.00000000E+000  0.00000000E+000  0.00000000E+000  0.42188428E-001  0.36755887E+000  0.69440577E+001  0.46557001E+002  0.11382176E+003  0.30127641E+003  0.59145055E+003
  0.00000000E+000  0.00000000E+000  0.00000000E+000  0.00000000E+000  0.42187331E-001  0.36755876E+000  0.69440491E+001  0.46556965E+002  0.11382177E+003  0.30127653E+003  0.59145072E+003
  0.00000000E+000  0.00000000E+000  0.00000000E+000  0.00000000E+000  0.42186302E-001  0.36755859E+000  0.69440406E+001  0.46556927E+002  0.11382178E+003  0.30127666E+003  0.59145089E+003
  0.00000000E+000  0.00000000E+000  0.00000000E+000  0.00000000E+000  0.42185341E-001  0.36755834E+000  0.69440320E+001  0.46556889E+002  0.11382179E+003  0.30127679E+003  0.59145107E+003
  0.00000000E+000  0.00000000E+000  0.00000000E+000  0.00000000E+000  0.42184447E-001  0.36755802E+000  0.69440236E+001  0.46556848E+002  0.11382179E+003  0.30127692E+003  0.59145125E+003
  0.00000000E+000  0.00000000E+000  0.00000000E+000  0.00000000E+000  0.42183618E-001  0.36755761E+000  0.69440153E+001  0.46556806E+002  0.11382180E+003  0.30127705E+003  0.59145144E+003
  0.00000000E+000  0.00000000E+000  0.00000000E+000  0.00000000E+000  0.42182851E-001  0.36755710E+000  0.69440070E+001  0.46556763E+002  0.11382180E+003  0.30127719E+003  0.59145163E+003
  0.00000000E+000  0.00000000E+000  0.00000000E+000  0.00000000E+000  0.42182144E-001  0.36755650E+000  0.69439989E+001  0.46556719E+002  0.11382180E+003  0.30127732E+003  0.59145184E+003
  0.00000000E+000  0.00000000E+000  0.00000000E+000  0.00000000E+000  0.42181494E-001  0.36755579E+000  0.69439910E+001  0.46556673E+002  0.11382179E+003  0.30127746E+003  0.59145205E+003
  0.00000000E+000  0.00000000E+000  0.00000000E+000  0.00000000E+000  0.42180897E-001  0.36755498E+000  0.69439832E+001  0.46556625E+002  0.11382179E+003  0.30127760E+003  0.59145226E+003
  0.00000000E+000  0.00000000E+000  0.00000000E+000  0.00000000E+000  0.42180350E-001  0.36755406E+000  0.69439755E+001  0.46556577E+002  0.11382178E+003  0.30127775E+003  0.59145248E+003
  0.00000000E+000  0.00000000E+000  0.00000000E+000  0.00000000E+000  0.42179849E-001  0.36755303E+000  0.69439680E+001  0.46556527E+002  0.11382177E+003  0.30127789E+003  0.59145271E+003
  0.00000000E+000  0.00000000E+000  0.00000000E+000  0.00000000E+000  0.42179392E-001  0.36755189E+000  0.69439607E+001  0.46556476E+002  0.11382176E+003  0.30127803E+003  0.59145295E+003
  0.00000000E+000  0.00000000E+000  0.00000000E+000  0.00000000E+000  0.42178976E-001  0.36755064E+000  0.69439536E+001  0.46556424E+002  0.11382175E+003  0.30127818E+003  0.59145319E+003
  0.00000000E+000  0.00000000E+000  0.00000000E+000  0.00000000E+000  0.42178596E-001  0.36754930E+000  0.69439467E+001  0.46556371E+002  0.11382173E+003  0.30127832E+003  0.59145343E+003
  0.00000000E+000  0.00000000E+000  0.00000000E+000  0.00000000E+000  0.42178250E-001  0.36754785E+000  0.69439400E+001  0.46556316E+002  0.11382171E+003  0.30127847E+003  0.59145369E+003
  0.00000000E+000  0.00000000E+000  0.00000000E+000  0.00000000E+000  0.42177935E-001  0.36754632E+000  0.69439334E+001  0.46556261E+002  0.11382169E+003  0.30127861E+003  0.59145395E+003
  0.00000000E+000  0.00000000E+000  0.00000000E+000  0.00000000E+000  0.42177648E-001  0.36754470E+000  0.69439271E+001  0.46556205E+002  0.11382167E+003  0.30127876E+003  0.59145421E+003
  0.00000000E+000  0.00000000E+000  0.00000000E+000  0.00000000E+000  0.42177387E-001  0.36754301E+000  0.69439209E+001  0.46556149E+002  0.11382164E+003  0.30127890E+003  0.59145448E+003
  0.00000000E+000  0.00000000E+000  0.00000000E+000  0.00000000E+000  0.42177150E-001  0.36754126E+000  0.69439149E+001  0.46556091E+002  0.11382161E+003  0.30127904E+003  0.59145476E+003
  0.00000000E+000  0.00000000E+000  0.00000000E+000  0.00000000E+000  0.42176933E-001  0.36753944E+000  0.69439090E+001  0.46556033E+002  0.11382157E+003  0.30127919E+003  0.59145504E+003
  0.00000000E+000  0.00000000E+000  0.00000000E+000  0.00000000E+000  0.42176736E-001  0.36753758E+000  0.69439032E+001  0.46555974E+002  0.11382154E+003  0.30127933E+003  0.59145533E+003
  0.00000000E+000  0.00000000E+000  0.00000000E+000  0.00000000E+000  0.42176557E-001  0.36753569E+000  0.69438976E+001  0.46555915E+002  0.11382150E+003  0.30127946E+003  0.59145563E+003
  0.00000000E+000  0.00000000E+000  0.00000000E+000  0.00000000E+000  0.42176393E-001  0.36753377E+000  0.69438921E+001  0.46555855E+002  0.11382145E+003  0.30127960E+003  0.59145592E+003
  0.00000000E+000  0.00000000E+000  0.00000000E+000  0.00000000E+000  0.42176243E-001  0.36753183E+000  0.69438867E+001  0.46555795E+002  0.11382141E+003  0.30127973E+003  0.59145623E+003
  0.00000000E+000  0.00000000E+000  0.00000000E+000  0.00000000E+000  0.42176107E-001  0.36752989E+000  0.69438813E+001  0.46555735E+002  0.11382136E+003  0.30127986E+003  0.59145654E+003
  0.00000000E+000  0.00000000E+000  0.00000000E+000  0.00000000E+000  0.42175982E-001  0.36752795E+000  0.69438759E+001  0.46555674E+002  0.11382130E+003  0.30127999E+003  0.59145685E+003
  0.00000000E+000  0.00000000E+000  0.00000000E+000  0.00000000E+000  0.42175867E-001  0.36752603E+000  0.69438705E+001  0.46555614E+002  0.11382125E+003  0.30128011E+003  0.59145716E+003
  0.00000000E+000  0.00000000E+000  0.00000000E+000  0.00000000E+000  0.42175762E-001  0.36752412E+000  0.69438651E+001  0.46555554E+002  0.11382119E+003  0.30128023E+003  0.59145748E+003
  0.00000000E+000  0.00000000E+000  0.00000000E+000  0.00000000E+000  0.42175666E-001  0.36752225E+000  0.69438596E+001  0.46555493E+002  0.11382113E+003  0.30128034E+003  0.59145780E+003
  0.00000000E+000  0.00000000E+000  0.00000000E+000  0.00000000E+000  0.42175578E-001  0.36752041E+000  0.69438540E+001  0.46555433E+002  0.11382106E+003  0.30128045E+003  0.59145812E+003
  0.00000000E+000  0.00000000E+000  0.00000000E+000  0.00000000E+000  0.42175497E-001  0.36751861E+000  0.69438483E+001  0.46555373E+002  0.11382100E+003  0.30128055E+003  0.59145845E+003
  0.00000000E+000  0.00000000E+000  0.00000000E+000  0.00000000E+000  0.42175423E-001  0.36751686E+000  0.69438424E+001  0.46555313E+002  0.11382093E+003  0.30128064E+003  0.59145877E+003
  0.00000000E+000  0.00000000E+000  0.00000000E+000  0.00000000E+000  0.42175354E-001  0.36751516E+000  0.69438363E+001  0.46555254E+002  0.11382085E+003  0.30128073E+003  0.59145910E+003
  0.00000000E+000  0.00000000E+000  0.00000000E+000  0.00000000E+000  0.42175292E-001  0.36751352E+000  0.69438300E+001  0.46555195E+002  0.11382078E+003  0.30128082E+003  0.59145943E+003
  0.00000000E+000  0.00000000E+000  0.00000000E+000  0.00000000E+000  0.42175234E-001  0.36751193E+000  0.69438234E+001  0.46555137E+002  0.11382070E+003  0.30128090E+003  0.59145975E+003
  0.00000000E+000  0.00000000E+000  0.00000000E+000  0.00000000E+000  0.42175181E-001  0.36751041E+000  0.69438166E+001  0.46555079E+002  0.11382062E+003  0.30128096E+003  0.59146007E+003
  0.00000000E+000  0.00000000E+000  0.00000000E+000  0.00000000E+000  0.42175132E-001  0.36750896E+000  0.69438095E+001  0.46555022E+002  0.11382053E+003  0.30128103E+003  0.59146040E+003
  0.00000000E+000  0.00000000E+000  0.00000000E+000  0.00000000E+000  0.42175087E-001  0.36750757E+000  0.69438021E+001  0.46554966E+002  0.11382045E+003  0.30128108E+003  0.59146072E+003
  0.00000000E+000  0.00000000E+000  0.00000000E+000  0.00000000E+000  0.42175045E-001  0.36750624E+000  0.69437943E+001  0.46554910E+002  0.11382036E+003  0.30128112E+003  0.59146103E+003
  0.00000000E+000  0.00000000E+000  0.00000000E+000  0.00000000E+000  0.42175007E-001  0.36750498E+000  0.69437862E+001  0.46554855E+002  0.11382027E+003  0.30128116E+003  0.59146134E+003
  0.00000000E+000  0.00000000E+000  0.00000000E+000  0.00000000E+000  0.42174972E-001  0.36750379E+000  0.69437778E+001  0.46554801E+002  0.11382018E+003  0.30128119E+003  0.59146165E+003
  0.00000000E+000  0.00000000E+000  0.00000000E+000  0.00000000E+000  0.42174939E-001  0.36750266E+000  0.69437691E+001  0.46554748E+002  0.11382008E+003  0.30128121E+003  0.59146195E+003
  0.00000000E+000  0.00000000E+000  0.00000000E+000  0.00000000E+000  0.42174909E-001  0.36750159E+000  0.69437600E+001  0.46554695E+002  0.11381999E+003  0.30128122E+003  0.59146225E+003
  0.00000000E+000  0.00000000E+000  0.00000000E+000  0.00000000E+000  0.42174882E-001  0.36750059E+000  0.69437507E+001  0.46554643E+002  0.11381989E+003  0.30128122E+003  0.59146254E+003
  0.00000000E+000  0.00000000E+000  0.00000000E+000  0.00000000E+000  0.42174857E-001  0.36749965E+000  0.69437410E+001  0.46554593E+002  0.11381980E+003  0.30128121E+003  0.59146282E+003
  0.00000000E+000  0.00000000E+000  0.00000000E+000  0.00000000E+000  0.42174833E-001  0.36749876E+000  0.69437310E+001  0.46554543E+002  0.11381970E+003  0.30128119E+003  0.59146309E+003
  0.00000000E+000  0.00000000E+000  0.00000000E+000  0.00000000E+000  0.42174812E-001  0.36749793E+000  0.69437208E+001  0.46554494E+002  0.11381960E+003  0.30128116E+003  0.59146335E+003
  0.00000000E+000  0.00000000E+000  0.00000000E+000  0.00000000E+000  0.42174793E-001  0.36749716E+000  0.69437103E+001  0.46554445E+002  0.11381950E+003  0.30128113E+003  0.59146360E+003
  0.00000000E+000  0.00000000E+000  0.00000000E+000  0.00000000E+000  0.42174775E-001  0.36749644E+000  0.69436997E+001  0.46554398E+002  0.11381939E+003  0.30128108E+003  0.59146384E+003
  0.00000000E+000  0.00000000E+000  0.00000000E+000  0.00000000E+000  0.42174758E-001  0.36749576E+000  0.69436888E+001  0.46554351E+002  0.11381929E+003  0.30128102E+003  0.59146407E+003
  0.00000000E+000  0.00000000E+000  0.00000000E+000  0.00000000E+000  0.42174743E-001  0.36749514E+000  0.69436778E+001  0.46554305E+002  0.11381919E+003  0.30128095E+003  0.59146429E+003
  0.00000000E+000  0.00000000E+000  0.00000000E+000  0.00000000E+000  0.42174729E-001  0.36749455E+000  0.69436667E+001  0.46554260E+002  0.11381909E+003  0.30128087E+003  0.59146449E+003
  0.00000000E+000  0.00000000E+000  0.00000000E+000  0.00000000E+000  0.42174716E-001  0.36749401E+000  0.69436555E+001  0.46554215E+002  0.11381898E+003  0.30128079E+003  0.59146468E+003
  0.00000000E+000  0.00000000E+000  0.00000000E+000  0.00000000E+000  0.42174704E-001  0.36749351E+000  0.69436442E+001  0.46554172E+002  0.11381888E+003  0.30128069E+003  0.59146486E+003
  0.00000000E+000  0.00000000E+000  0.00000000E+000  0.00000000E+000  0.42174694E-001  0.36749305E+000  0.69436330E+001  0.46554128E+002  0.11381878E+003  0.30128058E+003  0.59146502E+003
  0.00000000E+000  0.00000000E+000  0.00000000E+000  0.00000000E+000  0.42174684E-001  0.36749262E+000  0.69436217E+001  0.46554085E+002  0.11381868E+003  0.30128047E+003  0.59146516E+003
  0.00000000E+000  0.00000000E+000  0.00000000E+000  0.00000000E+000  0.42174675E-001  0.36749223E+000  0.69436105E+001  0.46554043E+002  0.11381858E+003  0.30128035E+003  0.59146529E+003
  0.00000000E+000  0.00000000E+000  0.00000000E+000  0.00000000E+000  0.42174667E-001  0.36749186E+000  0.69435995E+001  0.46554001E+002  0.11381847E+003  0.30128021E+003  0.59146540E+003
  0.00000000E+000  0.00000000E+000  0.00000000E+000  0.00000000E+000  0.42174659E-001  0.36749152E+000  0.69435885E+001  0.46553960E+002  0.11381837E+003  0.30128007E+003  0.59146549E+003
  0.00000000E+000  0.00000000E+000  0.00000000E+000  0.00000000E+000  0.42174652E-001  0.36749122E+000  0.69435777E+001  0.46553919E+002  0.11381827E+003  0.30127992E+003  0.59146557E+003
  0.00000000E+000  0.00000000E+000  0.00000000E+000  0.00000000E+000  0.42174646E-001  0.36749093E+000  0.69435671E+001  0.46553878E+002  0.11381817E+003  0.30127976E+003  0.59146563E+003
  0.00000000E+000  0.00000000E+000  0.00000000E+000  0.00000000E+000  0.42174640E-001  0.36749067E+000  0.69435566E+001  0.46553838E+002  0.11381807E+003  0.30127960E+003  0.59146567E+003
  0.00000000E+000  0.00000000E+000  0.00000000E+000  0.00000000E+000  0.42174635E-001  0.36749043E+000  0.69435464E+001  0.46553797E+002  0.11381798E+003  0.30127943E+003  0.59146570E+003
  0.00000000E+000  0.00000000E+000  0.00000000E+000  0.00000000E+000  0.42174630E-001  0.36749021E+000  0.69435365E+001  0.46553758E+002  0.11381788E+003  0.30127925E+003  0.59146570E+003
  0.00000000E+000  0.00000000E+000  0.00000000E+000  0.00000000E+000  0.42174626E-001  0.36749001E+000  0.69435268E+001  0.46553718E+002  0.11381778E+003  0.30127906E+003  0.59146569E+003
  0.00000000E+000  0.00000000E+000  0.00000000E+000  0.00000000E+000  0.42174622E-001  0.36748982E+000  0.69435174E+001  0.46553678E+002  0.11381769E+003  0.30127887E+003  0.59146565E+003
  0.00000000E+000  0.00000000E+000  0.00000000E+000  0.00000000E+000  0.42174618E-001  0.36748965E+000  0.69435083E+001  0.46553639E+002  0.11381759E+003  0.30127867E+003  0.59146560E+003
  0.00000000E+000  0.00000000E+000  0.00000000E+000  0.00000000E+000  0.42174615E-001  0.36748950E+000  0.69434995E+001  0.46553600E+002  0.11381750E+003  0.30127847E+003  0.59146553E+003
  0.00000000E+000  0.00000000E+000  0.00000000E+000  0.00000000E+000  0.42174612E-001  0.36748935E+000  0.69434911E+001  0.46553561E+002  0.11381741E+003  0.30127826E+003  0.59146545E+003
  0.00000000E+000  0.00000000E+000  0.00000000E+000  0.00000000E+000  0.42174609E-001  0.36748922E+000  0.69434829E+001  0.46553522E+002  0.11381732E+003  0.30127805E+003  0.59146534E+003
  0.00000000E+000  0.00000000E+000  0.00000000E+000  0.00000000E+000  0.42174606E-001  0.36748910E+000  0.69434751E+001  0.46553484E+002  0.11381723E+003  0.30127783E+003  0.59146522E+003
  0.00000000E+000  0.00000000E+000  0.00000000E+000  0.00000000E+000  0.42174604E-001  0.36748900E+000  0.69434676E+001  0.46553446E+002  0.11381714E+003  0.30127761E+003  0.59146508E+003
  0.00000000E+000  0.00000000E+000  0.00000000E+000  0.00000000E+000  0.42174602E-001  0.36748890E+000  0.69434604E+001  0.46553407E+002  0.11381705E+003  0.30127739E+003  0.59146492E+003
  0.00000000E+000  0.00000000E+000  0.00000000E+000  0.00000000E+000  0.42174600E-001  0.36748881E+000  0.69434536E+001  0.46553370E+002  0.11381697E+003  0.30127716E+003  0.59146474E+003
  0.00000000E+000  0.00000000E+000  0.00000000E+000  0.00000000E+000  0.42174598E-001  0.36748872E+000  0.69434471E+001  0.46553332E+002  0.11381688E+003  0.30127693E+003  0.59146455E+003
  0.00000000E+000  0.00000000E+000  0.00000000E+000  0.00000000E+000  0.42174596E-001  0.36748865E+000  0.69434409E+001  0.46553295E+002  0.11381680E+003  0.30127670E+003  0.59146435E+003
  0.00000000E+000  0.00000000E+000  0.00000000E+000  0.00000000E+000  0.42174595E-001  0.36748858E+000  0.69434350E+001  0.46553258E+002  0.11381671E+003  0.30127647E+003  0.59146412E+003
  0.00000000E+000  0.00000000E+000  0.00000000E+000  0.00000000E+000  0.42174593E-001  0.36748852E+000  0.69434294E+001  0.46553221E+002  0.11381663E+003  0.30127623E+003  0.59146389E+003
  0.00000000E+000  0.00000000E+000  0.00000000E+000  0.00000000E+000  0.42174592E-001  0.36748846E+000  0.69434242E+001  0.46553185E+002  0.11381655E+003  0.30127600E+003  0.59146363E+003
  0.00000000E+000  0.00000000E+000  0.00000000E+000  0.00000000E+000  0.42174591E-001  0.36748841E+000  0.69434192E+001  0.46553149E+002  0.11381647E+003  0.30127576E+003  0.59146337E+003
  0.00000000E+000  0.00000000E+000  0.00000000E+000  0.00000000E+000  0.42174590E-001  0.36748836E+000  0.69434145E+001  0.46553114E+002  0.11381639E+003  0.30127553E+003  0.59146309E+003
  0.00000000E+000  0.00000000E+000  0.00000000E+000  0.00000000E+000  0.42174589E-001  0.36748832E+000  0.69434101E+001  0.46553079E+002  0.11381631E+003  0.30127529E+003  0.59146280E+003
  0.00000000E+000  0.00000000E+000  0.00000000E+000  0.00000000E+000  0.42174588E-001  0.36748828E+000  0.69434059E+001  0.46553045E+002  0.11381623E+003  0.30127505E+003  0.59146250E+003
  0.00000000E+000  0.00000000E+000  0.00000000E+000  0.00000000E+000  0.42174587E-001  0.36748824E+000  0.69434020E+001  0.46553011E+002  0.11381616E+003  0.30127482E+003  0.59146218E+003
  0.00000000E+000  0.00000000E+000  0.00000000E+000  0.00000000E+000  0.42174586E-001  0.36748821E+000  0.69433983E+001  0.46552978E+002  0.11381608E+003  0.30127458E+003  0.59146186E+003
  0.00000000E+000  0.00000000E+000  0.00000000E+000  0.00000000E+000  0.42174586E-001  0.36748818E+000  0.69433949E+001  0.46552945E+002  0.11381601E+003  0.30127435E+003  0.59146153E+003
  0.00000000E+000  0.00000000E+000  0.00000000E+000  0.00000000E+000  0.42174585E-001  0.36748815E+000  0.69433917E+001  0.46552913E+002  0.11381593E+003  0.30127411E+003  0.59146119E+003
  0.00000000E+000  0.00000000E+000  0.00000000E+000  0.00000000E+000  0.42174585E-001  0.36748813E+000  0.69433887E+001  0.46552882E+002  0.11381586E+003  0.30127388E+003  0.59146084E+003
  0.00000000E+000  0.00000000E+000  0.00000000E+000  0.00000000E+000  0.42174584E-001  0.36748811E+000  0.69433859E+001  0.46552852E+002  0.11381579E+003  0.30127365E+003  0.59146048E+003
  0.00000000E+000  0.00000000E+000  0.00000000E+000  0.00000000E+000  0.42174584E-001  0.36748809E+000  0.69433833E+001  0.46552822E+002  0.11381572E+003  0.30127342E+003  0.59146011E+003
  0.00000000E+000  0.00000000E+000  0.00000000E+000  0.00000000E+000  0.42174583E-001  0.36748807E+000  0.69433808E+001  0.46552793E+002  0.11381565E+003  0.30127319E+003  0.59145974E+003
  0.00000000E+000  0.00000000E+000  0.00000000E+000  0.00000000E+000  0.42174583E-001  0.36748805E+000  0.69433786E+001  0.46552765E+002  0.11381558E+003  0.30127297E+003  0.59145937E+003
  0.00000000E+000  0.00000000E+000  0.00000000E+000  0.00000000E+000  0.42174582E-001  0.36748804E+000  0.69433764E+001  0.46552738E+002  0.11381552E+003  0.30127274E+003  0.59145899E+003
  0.00000000E+000  0.00000000E+000  0.00000000E+000  0.00000000E+000  0.42174582E-001  0.36748802E+000  0.69433745E+001  0.46552711E+002  0.11381545E+003  0.30127252E+003  0.59145861E+003
  0.00000000E+000  0.00000000E+000  0.00000000E+000  0.00000000E+000  0.42174582E-001  0.36748801E+000  0.69433727E+001  0.46552685E+002  0.11381539E+003  0.30127230E+003  0.59145822E+003
  0.00000000E+000  0.00000000E+000  0.00000000E+000  0.00000000E+000  0.42174582E-001  0.36748800E+000  0.69433710E+001  0.46552660E+002  0.11381532E+003  0.30127208E+003  0.59145783E+003
  0.00000000E+000  0.00000000E+000  0.00000000E+000  0.00000000E+000  0.42174581E-001  0.36748799E+000  0.69433694E+001  0.46552636E+002  0.11381526E+003  0.30127187E+003  0.59145744E+003
  0.00000000E+000  0.00000000E+000  0.00000000E+000  0.00000000E+000  0.42174581E-001  0.36748798E+000  0.69433680E+001  0.46552613E+002  0.11381520E+003  0.30127166E+003  0.59145704E+003
  0.00000000E+000  0.00000000E+000  0.00000000E+000  0.00000000E+000  0.42174581E-001  0.36748797E+000  0.69433666E+001  0.46552591E+002  0.11381514E+003  0.30127145E+003  0.59145665E+003
  0.00000000E+000  0.00000000E+000  0.00000000E+000  0.00000000E+000  0.42174581E-001  0.36748796E+000  0.69433654E+001  0.46552569E+002  0.11381508E+003  0.30127124E+003  0.59145625E+003
  0.00000000E+000  0.00000000E+000  0.00000000E+000  0.00000000E+000  0.42174581E-001  0.36748796E+000  0.69433643E+001  0.46552549E+002  0.11381502E+003  0.30127104E+003  0.59145586E+003
  0.00000000E+000  0.00000000E+000  0.00000000E+000  0.00000000E+000  0.42174581E-001  0.36748795E+000  0.69433632E+001  0.46552529E+002  0.11381497E+003  0.30127084E+003  0.59145546E+003
  0.00000000E+000  0.00000000E+000  0.00000000E+000  0.00000000E+000  0.42174581E-001  0.36748794E+000  0.69433622E+001  0.46552510E+002  0.11381491E+003  0.30127064E+003  0.59145507E+003
  0.00000000E+000  0.00000000E+000  0.00000000E+000  0.00000000E+000  0.42174580E-001  0.36748794E+000  0.69433613E+001  0.46552492E+002  0.11381486E+003  0.30127045E+003  0.59145467E+003
  0.00000000E+000  0.00000000E+000  0.00000000E+000  0.00000000E+000  0.42174580E-001  0.36748793E+000  0.69433605E+001  0.46552474E+002  0.11381481E+003  0.30127026E+003  0.59145428E+003
  0.00000000E+000  0.00000000E+000  0.00000000E+000  0.00000000E+000  0.42174580E-001  0.36748793E+000  0.69433597E+001  0.46552457E+002  0.11381476E+003  0.30127007E+003  0.59145390E+003
  0.00000000E+000  0.00000000E+000  0.00000000E+000  0.00000000E+000  0.42174580E-001  0.36748793E+000  0.69433590E+001  0.46552442E+002  0.11381471E+003  0.30126988E+003  0.59145351E+003
  0.00000000E+000  0.00000000E+000  0.00000000E+000  0.00000000E+000  0.42174580E-001  0.36748792E+000  0.69433584E+001  0.46552426E+002  0.11381466E+003  0.30126970E+003  0.59145312E+003
  0.00000000E+000  0.00000000E+000  0.00000000E+000  0.00000000E+000  0.42174580E-001  0.36748792E+000  0.69433578E+001  0.46552412E+002  0.11381461E+003  0.30126952E+003  0.59145274E+003
  0.00000000E+000  0.00000000E+000  0.00000000E+000  0.00000000E+000  0.42174580E-001  0.36748792E+000  0.69433573E+001  0.46552398E+002  0.11381457E+003  0.30126935E+003  0.59145237E+003
  0.00000000E+000  0.00000000E+000  0.00000000E+000  0.00000000E+000  0.42174580E-001  0.36748792E+000  0.69433568E+001  0.46552385E+002  0.11381453E+003  0.30126917E+003  0.59145199E+003
  0.00000000E+000  0.00000000E+000  0.00000000E+000  0.00000000E+000  0.42174580E-001  0.36748791E+000  0.69433563E+001  0.46552373E+002  0.11381448E+003  0.30126900E+003  0.59145162E+003
  0.00000000E+000  0.00000000E+000  0.00000000E+000  0.00000000E+000  0.42174580E-001  0.36748791E+000  0.69433559E+001  0.46552361E+002  0.11381444E+003  0.30126884E+003  0.59145126E+003
  0.00000000E+000  0.00000000E+000  0.00000000E+000  0.00000000E+000  0.42174580E-001  0.36748791E+000  0.69433555E+001  0.46552350E+002  0.11381440E+003  0.30126868E+003  0.59145090E+003
  0.00000000E+000  0.00000000E+000  0.00000000E+000  0.00000000E+000  0.42174580E-001  0.36748791E+000  0.69433552E+001  0.46552339E+002  0.11381437E+003  0.30126852E+003  0.59145054E+003
  0.00000000E+000  0.00000000E+000  0.00000000E+000  0.00000000E+000  0.42174580E-001  0.36748791E+000  0.69433548E+001  0.46552330E+002  0.11381433E+003  0.30126836E+003  0.59145019E+003
  0.00000000E+000  0.00000000E+000  0.00000000E+000  0.00000000E+000  0.42174581E-001  0.36748791E+000  0.69433545E+001  0.46552320E+002  0.11381429E+003  0.30126821E+003  0.59144984E+003
