  0.30237416E+002
  0.30238192E+002
  0.30238635E+002
  0.30238882E+002
  0.30239008E+002
  0.30239056E+002
  0.30239053E+002
  0.30239017E+002
  0.30238958E+002
  0.30238886E+002
  0.30238805E+002
  0.30238720E+002
  0.30238632E+002
  0.30238545E+002
  0.30238458E+002
  0.30238373E+002
  0.30238290E+002
  0.30238210E+002
  0.30238133E+002
  0.30238059E+002
  0.30237988E+002
  0.30237920E+002
  0.30237855E+002
  0.30237792E+002
  0.30237733E+002
  0.30237675E+002
  0.30237621E+002
  0.30237568E+002
  0.30237518E+002
  0.30237469E+002
  0.30237423E+002
  0.30237378E+002
  0.30237334E+002
  0.30237293E+002
  0.30237252E+002
  0.30237213E+002
  0.30237175E+002
  0.30237138E+002
  0.30237102E+002
  0.30237066E+002
  0.30237032E+002
  0.30236998E+002
  0.30236965E+002
  0.30236933E+002
  0.30236901E+002
  0.30236870E+002
  0.30236840E+002
  0.30236810E+002
  0.30236780E+002
  0.30236751E+002
  0.30236722E+002
  0.30236694E+002
  0.30236666E+002
  0.30236638E+002
  0.30236611E+002
  0.30236584E+002
  0.30236558E+002
  0.30236532E+002
  0.30236506E+002
  0.30236481E+002
  0.30236456E+002
  0.30236431E+002
  0.30236407E+002
  0.30236383E+002
  0.30236360E+002
  0.30236337E+002
  0.30236315E+002
  0.30236294E+002
  0.30236273E+002
  0.30236253E+002
  0.30236234E+002
  0.30236215E+002
  0.30236198E+002
  0.30236181E+002
  0.30236165E+002
  0.30236151E+002
  0.30236137E+002
  0.30236125E+002
  0.30236114E+002
  0.30236103E+002
  0.30236094E+002
  0.30236086E+002
  0.30236079E+002
  0.30236073E+002
  0.30236068E+002
  0.30236063E+002
  0.30236060E+002
  0.30236057E+002
  0.30236055E+002
  0.30236054E+002
  0.30236053E+002
  0.30236053E+002
  0.30236053E+002
  0.30236054E+002
  0.30236055E+002
  0.30236056E+002
  0.30236058E+002
  0.30236060E+002
  0.30236062E+002
  0.30236064E+002
  0.30236066E+002
  0.30236068E+002
  0.30236071E+002
  0.30236074E+002
  0.30236076E+002
  0.30236079E+002
  0.30236082E+002
  0.30236085E+002
  0.30236087E+002
  0.30236090E+002
  0.30236094E+002
  0.30236097E+002
  0.30236100E+002
  0.30236103E+002
  0.30236107E+002
  0.30236110E+002
  0.30236114E+002
  0.30236118E+002
  0.30236122E+002
  0.30236126E+002
  0.30236131E+002
  0.30236135E+002
  0.30236140E+002
  0.30236145E+002
  0.30236150E+002
  0.30236155E+002
  0.30236161E+002
  0.30236167E+002
  0.30236173E+002
  0.30236179E+002
  0.30236186E+002
  0.30236193E+002
  0.30236200E+002
  0.30236207E+002
  0.30236215E+002
  0.30236223E+002
  0.30236232E+002
  0.30236240E+002
  0.30236249E+002
  0.30236258E+002
  0.30236268E+002
  0.30236278E+002
  0.30236288E+002
  0.30236298E+002
  0.30236309E+002
  0.30236320E+002
  0.30236331E+002
  0.30236343E+002
  0.30236355E+002
  0.30236367E+002
  0.30236380E+002
  0.30236393E+002
  0.30236406E+002
  0.30236419E+002
  0.30236433E+002
  0.30236447E+002
  0.30236461E+002
  0.30236475E+002
  0.30236489E+002
  0.30236504E+002
  0.30236519E+002
  0.30236534E+002
  0.30236549E+002
  0.30236565E+002
  0.30236580E+002
  0.30236596E+002
  0.30236612E+002
  0.30236627E+002
  0.30236643E+002
  0.30236659E+002
  0.30236675E+002
  0.30236691E+002
  0.30236707E+002
  0.30236723E+002
  0.30236739E+002
  0.30236755E+002
  0.30236771E+002
  0.30236787E+002
  0.30236803E+002
  0.30236819E+002
  0.30236834E+002
  0.30236850E+002
  0.30236865E+002
  0.30236880E+002
  0.30236896E+002
  0.30236910E+002
  0.30236925E+002
  0.30236940E+002
  0.30236954E+002
  0.30236968E+002
  0.30236982E+002
  0.30236996E+002
  0.30237010E+002
  0.30237023E+002
  0.30237036E+002
  0.30237049E+002
  0.30237061E+002
  0.30237074E+002
  0.30237086E+002
  0.30237098E+002
