  0.15277937E+001  0.10236782E+001  0.70914818E+001  0.11130672E+003
  0.15196265E+001  0.10300650E+001  0.70821976E+001  0.11132089E+003
  0.15175532E+001  0.10313349E+001  0.70782123E+001  0.11132745E+003
  0.15137364E+001  0.10335730E+001  0.70806267E+001  0.11132761E+003
  0.15109033E+001  0.10302700E+001  0.70858622E+001  0.11132901E+003
  0.15086503E+001  0.10319788E+001  0.70862487E+001  0.11132936E+003
  0.15071640E+001  0.10328008E+001  0.70866740E+001  0.11132959E+003
  0.15058856E+001  0.10311421E+001  0.70849972E+001  0.11133406E+003
  0.15057934E+001  0.10296411E+001  0.70864920E+001  0.11133392E+003
  0.15054204E+001  0.10296815E+001  0.70874684E+001  0.11133299E+003
  0.15051504E+001  0.10296338E+001  0.70873064E+001  0.11128520E+003
  0.15035935E+001  0.10285524E+001  0.70865986E+001  0.11133615E+003
  0.15025157E+001  0.10294493E+001  0.70867156E+001  0.11133586E+003
  0.15024819E+001  0.10289426E+001  0.70871188E+001  0.11133565E+003
  0.15023948E+001  0.10289245E+001  0.70865465E+001  0.11133598E+003
  0.15023877E+001  0.10282331E+001  0.70872730E+001  0.11133561E+003
  0.15023928E+001  0.10280659E+001  0.70874642E+001  0.11133525E+003
  0.15023796E+001  0.10279875E+001  0.70875905E+001  0.11133490E+003
  0.15019069E+001  0.10283915E+001  0.70876953E+001  0.11133455E+003
  0.15005135E+001  0.10297076E+001  0.70878098E+001  0.11133422E+003
  0.15005214E+001  0.10296572E+001  0.70878901E+001  0.11133390E+003
  0.15005291E+001  0.10296160E+001  0.70879615E+001  0.11133359E+003
  0.15005283E+001  0.10295888E+001  0.70880274E+001  0.11133329E+003
  0.15005369E+001  0.10295601E+001  0.70880524E+001  0.11133303E+003
  0.15005440E+001  0.10295381E+001  0.70881048E+001  0.11133276E+003
  0.15005527E+001  0.10295191E+001  0.70881519E+001  0.11133249E+003
  0.15004030E+001  0.10296544E+001  0.70882020E+001  0.11133224E+003
  0.15004116E+001  0.10296424E+001  0.70881985E+001  0.11133203E+003
  0.15004202E+001  0.10296333E+001  0.70882325E+001  0.11133180E+003
  0.15004286E+001  0.10296266E+001  0.70882631E+001  0.11133157E+003
  0.15004369E+001  0.10296217E+001  0.70882908E+001  0.11133136E+003
  0.15004449E+001  0.10296096E+001  0.70883245E+001  0.11133115E+003
  0.15004528E+001  0.10296083E+001  0.70883464E+001  0.11133094E+003
  0.15004605E+001  0.10296083E+001  0.70883660E+001  0.11133075E+003
  0.15004680E+001  0.10296093E+001  0.70883837E+001  0.11133056E+003
  0.15004753E+001  0.10296113E+001  0.70883999E+001  0.11133038E+003
  0.15004824E+001  0.10296140E+001  0.70884145E+001  0.11133020E+003
  0.15004893E+001  0.10296173E+001  0.70884276E+001  0.11133003E+003
  0.15004960E+001  0.10296210E+001  0.70884394E+001  0.11132986E+003
  0.15005025E+001  0.10296251E+001  0.70884502E+001  0.11132970E+003
  0.15005088E+001  0.10296295E+001  0.70884600E+001  0.11132954E+003
  0.15005149E+001  0.10296341E+001  0.70884691E+001  0.11132939E+003
  0.15005209E+001  0.10296387E+001  0.70884776E+001  0.11132924E+003
  0.15005267E+001  0.10296434E+001  0.70884856E+001  0.11132909E+003
  0.15005324E+001  0.10296480E+001  0.70884933E+001  0.11132895E+003
  0.15005379E+001  0.10296526E+001  0.70885009E+001  0.11132880E+003
  0.15005434E+001  0.10296571E+001  0.70885084E+001  0.11132866E+003
  0.15005487E+001  0.10296614E+001  0.70885158E+001  0.11132853E+003
  0.15005540E+001  0.10296656E+001  0.70885234E+001  0.11132839E+003
  0.15005592E+001  0.10296696E+001  0.70885311E+001  0.11132826E+003
  0.15005644E+001  0.10296826E+001  0.70885299E+001  0.11132813E+003
  0.15005695E+001  0.10296863E+001  0.70885381E+001  0.11132800E+003
  0.15005745E+001  0.10296898E+001  0.70885467E+001  0.11132787E+003
  0.15005796E+001  0.10296931E+001  0.70885556E+001  0.11132774E+003
  0.15005845E+001  0.10296963E+001  0.70885648E+001  0.11132761E+003
  0.15005895E+001  0.10296995E+001  0.70885744E+001  0.11132749E+003
  0.15005944E+001  0.10297026E+001  0.70885843E+001  0.11132736E+003
  0.15005993E+001  0.10297056E+001  0.70885945E+001  0.11132724E+003
  0.15006042E+001  0.10297087E+001  0.70886049E+001  0.11132712E+003
  0.15006091E+001  0.10297118E+001  0.70886156E+001  0.11132700E+003
  0.15006139E+001  0.10297150E+001  0.70886264E+001  0.11132688E+003
  0.15006187E+001  0.10297184E+001  0.70886373E+001  0.11132676E+003
  0.15006234E+001  0.10297219E+001  0.70886482E+001  0.11132665E+003
  0.15006281E+001  0.10297256E+001  0.70886590E+001  0.11132653E+003
  0.15006327E+001  0.10297295E+001  0.70886697E+001  0.11132642E+003
  0.15006372E+001  0.10297336E+001  0.70886801E+001  0.11132631E+003
  0.15006417E+001  0.10297379E+001  0.70886903E+001  0.11132620E+003
  0.15006460E+001  0.10297425E+001  0.70887000E+001  0.11132610E+003
  0.15006503E+001  0.10297472E+001  0.70887093E+001  0.11132600E+003
  0.15006545E+001  0.10297522E+001  0.70887180E+001  0.11132590E+003
  0.15006585E+001  0.10297573E+001  0.70887262E+001  0.11132581E+003
  0.15006624E+001  0.10297625E+001  0.70887336E+001  0.11132572E+003
  0.15006662E+001  0.10297678E+001  0.70887404E+001  0.11132563E+003
  0.15006698E+001  0.10297731E+001  0.70887464E+001  0.11132555E+003
  0.15006732E+001  0.10297785E+001  0.70887517E+001  0.11132547E+003
  0.15006765E+001  0.10297837E+001  0.70887563E+001  0.11132540E+003
  0.15006797E+001  0.10297889E+001  0.70887601E+001  0.11132533E+003
  0.15006826E+001  0.10297940E+001  0.70887633E+001  0.11132527E+003
  0.15006854E+001  0.10297989E+001  0.70887658E+001  0.11132522E+003
  0.15006880E+001  0.10298035E+001  0.70887677E+001  0.11132517E+003
  0.15006904E+001  0.10298080E+001  0.70887690E+001  0.11132512E+003
  0.15006926E+001  0.10298123E+001  0.70887699E+001  0.11132508E+003
  0.15006947E+001  0.10298163E+001  0.70887703E+001  0.11132505E+003
  0.15006966E+001  0.10298204E+001  0.70887699E+001  0.11132502E+003
  0.15006983E+001  0.10298239E+001  0.70887696E+001  0.11132499E+003
  0.15006999E+001  0.10298271E+001  0.70887690E+001  0.11132497E+003
  0.15007013E+001  0.10298301E+001  0.70887681E+001  0.11132495E+003
  0.15007026E+001  0.10298329E+001  0.70887672E+001  0.11132494E+003
  0.15007038E+001  0.10298355E+001  0.70887661E+001  0.11132493E+003
  0.15007049E+001  0.10298379E+001  0.70887649E+001  0.11132492E+003
  0.15007058E+001  0.10298401E+001  0.70887638E+001  0.11132492E+003
  0.15007066E+001  0.10298421E+001  0.70887627E+001  0.11132491E+003
  0.15007074E+001  0.10298440E+001  0.70887617E+001  0.11132491E+003
  0.15007080E+001  0.10298457E+001  0.70887608E+001  0.11132492E+003
  0.15007086E+001  0.10298473E+001  0.70887600E+001  0.11132492E+003
  0.15007092E+001  0.10298488E+001  0.70887594E+001  0.11132492E+003
  0.15007096E+001  0.10298502E+001  0.70887591E+001  0.11132493E+003
  0.15007101E+001  0.10298516E+001  0.70887590E+001  0.11132493E+003
  0.15007105E+001  0.10298528E+001  0.70887591E+001  0.11132494E+003
  0.15007108E+001  0.10298540E+001  0.70887595E+001  0.11132494E+003
  0.15007112E+001  0.10298552E+001  0.70887602E+001  0.11132495E+003
  0.15007115E+001  0.10298563E+001  0.70887611E+001  0.11132496E+003
  0.15007118E+001  0.10298573E+001  0.70887623E+001  0.11132497E+003
  0.15007121E+001  0.10298584E+001  0.70887638E+001  0.11132497E+003
  0.15007124E+001  0.10298594E+001  0.70887656E+001  0.11132498E+003
  0.15007127E+001  0.10298603E+001  0.70887677E+001  0.11132499E+003
  0.15007130E+001  0.10298613E+001  0.70887700E+001  0.11132500E+003
  0.15007133E+001  0.10298622E+001  0.70887726E+001  0.11132500E+003
  0.15007136E+001  0.10298631E+001  0.70887755E+001  0.11132501E+003
  0.15007139E+001  0.10298639E+001  0.70887786E+001  0.11132502E+003
  0.15007143E+001  0.10298648E+001  0.70887819E+001  0.11132503E+003
  0.15007146E+001  0.10298656E+001  0.70887854E+001  0.11132504E+003
  0.15007150E+001  0.10298664E+001  0.70887891E+001  0.11132504E+003
  0.15007154E+001  0.10298672E+001  0.70887930E+001  0.11132505E+003
  0.15007158E+001  0.10298680E+001  0.70887970E+001  0.11132506E+003
  0.15007162E+001  0.10298687E+001  0.70888012E+001  0.11132507E+003
  0.15007167E+001  0.10298695E+001  0.70888055E+001  0.11132508E+003
  0.15007171E+001  0.10298702E+001  0.70888099E+001  0.11132509E+003
  0.15007176E+001  0.10298709E+001  0.70888144E+001  0.11132510E+003
  0.15007181E+001  0.10298715E+001  0.70888189E+001  0.11132511E+003
  0.15007186E+001  0.10298722E+001  0.70888235E+001  0.11132512E+003
  0.15007191E+001  0.10298728E+001  0.70888282E+001  0.11132513E+003
  0.15007196E+001  0.10298734E+001  0.70888328E+001  0.11132515E+003
  0.15007201E+001  0.10298740E+001  0.70888374E+001  0.11132516E+003
  0.15007207E+001  0.10298745E+001  0.70888420E+001  0.11132518E+003
  0.15007212E+001  0.10298751E+001  0.70888466E+001  0.11132519E+003
  0.15007217E+001  0.10298756E+001  0.70888511E+001  0.11132521E+003
  0.15007222E+001  0.10298761E+001  0.70888555E+001  0.11132523E+003
  0.15007227E+001  0.10298765E+001  0.70888598E+001  0.11132525E+003
  0.15007232E+001  0.10298770E+001  0.70888640E+001  0.11132527E+003
  0.15007237E+001  0.10298774E+001  0.70888681E+001  0.11132529E+003
  0.15007242E+001  0.10298778E+001  0.70888721E+001  0.11132531E+003
  0.15007247E+001  0.10298782E+001  0.70888759E+001  0.11132534E+003
  0.15007251E+001  0.10298786E+001  0.70888796E+001  0.11132536E+003
  0.15007256E+001  0.10298789E+001  0.70888832E+001  0.11132539E+003
  0.15007260E+001  0.10298793E+001  0.70888865E+001  0.11132541E+003
  0.15007263E+001  0.10298796E+001  0.70888898E+001  0.11132544E+003
  0.15007267E+001  0.10298799E+001  0.70888928E+001  0.11132548E+003
  0.15007270E+001  0.10298801E+001  0.70888956E+001  0.11132551E+003
  0.15007273E+001  0.10298804E+001  0.70888983E+001  0.11132554E+003
  0.15007276E+001  0.10298806E+001  0.70889008E+001  0.11132558E+003
  0.15007279E+001  0.10298809E+001  0.70889031E+001  0.11132561E+003
  0.15007281E+001  0.10298811E+001  0.70889052E+001  0.11132565E+003
  0.15007283E+001  0.10298813E+001  0.70889071E+001  0.11132569E+003
  0.15007285E+001  0.10298814E+001  0.70889089E+001  0.11132573E+003
  0.15007286E+001  0.10298816E+001  0.70889104E+001  0.11132577E+003
  0.15007287E+001  0.10298817E+001  0.70889118E+001  0.11132582E+003
  0.15007288E+001  0.10298819E+001  0.70889130E+001  0.11132586E+003
  0.15007288E+001  0.10298820E+001  0.70889141E+001  0.11132591E+003
  0.15007289E+001  0.10298821E+001  0.70889150E+001  0.11132596E+003
  0.15007289E+001  0.10298822E+001  0.70889157E+001  0.11132601E+003
  0.15007289E+001  0.10298823E+001  0.70889163E+001  0.11132606E+003
  0.15007288E+001  0.10298823E+001  0.70889168E+001  0.11132611E+003
  0.15007288E+001  0.10298824E+001  0.70889171E+001  0.11132616E+003
  0.15007287E+001  0.10298824E+001  0.70889173E+001  0.11132622E+003
  0.15007286E+001  0.10298825E+001  0.70889173E+001  0.11132627E+003
  0.15007285E+001  0.10298825E+001  0.70889173E+001  0.11132633E+003
  0.15007283E+001  0.10298825E+001  0.70889171E+001  0.11132639E+003
  0.15007282E+001  0.10298825E+001  0.70889169E+001  0.11132644E+003
  0.15007280E+001  0.10298825E+001  0.70889165E+001  0.11132650E+003
  0.15007279E+001  0.10298825E+001  0.70889161E+001  0.11132656E+003
  0.15007277E+001  0.10298824E+001  0.70889156E+001  0.11132662E+003
  0.15007275E+001  0.10298824E+001  0.70889150E+001  0.11132669E+003
  0.15007273E+001  0.10298824E+001  0.70889144E+001  0.11132675E+003
  0.15007271E+001  0.10298823E+001  0.70889137E+001  0.11132681E+003
  0.15007269E+001  0.10298823E+001  0.70889129E+001  0.11132687E+003
  0.15007267E+001  0.10298822E+001  0.70889121E+001  0.11132694E+003
  0.15007265E+001  0.10298821E+001  0.70889113E+001  0.11132700E+003
  0.15007262E+001  0.10298821E+001  0.70889105E+001  0.11132707E+003
  0.15007260E+001  0.10298820E+001  0.70889096E+001  0.11132713E+003
  0.15007258E+001  0.10298819E+001  0.70889087E+001  0.11132720E+003
  0.15007256E+001  0.10298818E+001  0.70889078E+001  0.11132726E+003
  0.15007254E+001  0.10298818E+001  0.70889069E+001  0.11132733E+003
  0.15007252E+001  0.10298817E+001  0.70889060E+001  0.11132739E+003
  0.15007250E+001  0.10298816E+001  0.70889051E+001  0.11132746E+003
  0.15007248E+001  0.10298815E+001  0.70889042E+001  0.11132752E+003
  0.15007246E+001  0.10298814E+001  0.70889033E+001  0.11132759E+003
  0.15007244E+001  0.10298813E+001  0.70889024E+001  0.11132765E+003
  0.15007242E+001  0.10298813E+001  0.70889015E+001  0.11132772E+003
  0.15007240E+001  0.10298812E+001  0.70889006E+001  0.11132778E+003
  0.15007238E+001  0.10298811E+001  0.70888998E+001  0.11132785E+003
  0.15007236E+001  0.10298810E+001  0.70888989E+001  0.11132791E+003
  0.15007235E+001  0.10298809E+001  0.70888981E+001  0.11132797E+003
  0.15007233E+001  0.10298808E+001  0.70888973E+001  0.11132803E+003
  0.15007232E+001  0.10298808E+001  0.70888965E+001  0.11132810E+003
  0.15007230E+001  0.10298807E+001  0.70888958E+001  0.11132816E+003
  0.15007229E+001  0.10298806E+001  0.70888951E+001  0.11132822E+003
  0.15007228E+001  0.10298805E+001  0.70888943E+001  0.11132828E+003
  0.15007226E+001  0.10298805E+001  0.70888937E+001  0.11132833E+003
  0.15007225E+001  0.10298804E+001  0.70888930E+001  0.11132839E+003
  0.15007224E+001  0.10298803E+001  0.70888924E+001  0.11132845E+003
  0.15007223E+001  0.10298802E+001  0.70888918E+001  0.11132850E+003
  0.15007222E+001  0.10298802E+001  0.70888912E+001  0.11132856E+003
  0.15007221E+001  0.10298801E+001  0.70888907E+001  0.11132861E+003
  0.15007220E+001  0.10298801E+001  0.70888901E+001  0.11132867E+003
  0.15007219E+001  0.10298800E+001  0.70888896E+001  0.11132872E+003
  0.15007218E+001  0.10298800E+001  0.70888892E+001  0.11132877E+003
  0.15007217E+001  0.10298799E+001  0.70888887E+001  0.11132882E+003
  0.15007217E+001  0.10298799E+001  0.70888883E+001  0.11132887E+003
  0.15007216E+001  0.10298798E+001  0.70888878E+001  0.11132892E+003
