  0.36544153E-001  0.37207889E+000  0.31419242E+001  0.11739913E+003
  0.36577632E-001  0.37226618E+000  0.31416857E+001  0.11740225E+003
  0.36592421E-001  0.37243290E+000  0.31414841E+001  0.11740404E+003
  0.36594234E-001  0.37257935E+000  0.31413138E+001  0.11740506E+003
  0.36594038E-001  0.37269972E+000  0.31411707E+001  0.11740558E+003
  0.36594442E-001  0.37279579E+000  0.31410516E+001  0.11740580E+003
  0.36595610E-001  0.37287113E+000  0.31409532E+001  0.11740581E+003
  0.36597794E-001  0.37292861E+000  0.31408729E+001  0.11740568E+003
  0.36599710E-001  0.37297218E+000  0.31408083E+001  0.11740547E+003
  0.36601345E-001  0.37300408E+000  0.31407574E+001  0.11740520E+003
  0.36602689E-001  0.37302617E+000  0.31407184E+001  0.11740489E+003
  0.36603746E-001  0.37304004E+000  0.31406897E+001  0.11740456E+003
  0.36604527E-001  0.37304699E+000  0.31406702E+001  0.11740422E+003
  0.36605047E-001  0.37304813E+000  0.31406585E+001  0.11740388E+003
  0.36605415E-001  0.37304432E+000  0.31406538E+001  0.11740354E+003
  0.36606225E-001  0.37303574E+000  0.31406550E+001  0.11740321E+003
  0.36606892E-001  0.37302367E+000  0.31406616E+001  0.11740288E+003
  0.36607426E-001  0.37300866E+000  0.31406727E+001  0.11740257E+003
  0.36607841E-001  0.37299119E+000  0.31406878E+001  0.11740226E+003
  0.36608149E-001  0.37297165E+000  0.31407064E+001  0.11740197E+003
  0.36608366E-001  0.37295042E+000  0.31407279E+001  0.11740168E+003
  0.36608505E-001  0.37292777E+000  0.31407519E+001  0.11740141E+003
  0.36608578E-001  0.37290397E+000  0.31407782E+001  0.11740114E+003
  0.36608598E-001  0.37287923E+000  0.31408062E+001  0.11740089E+003
  0.36608399E-001  0.37285391E+000  0.31408358E+001  0.11740065E+003
  0.36607531E-001  0.37282864E+000  0.31408668E+001  0.11740041E+003
  0.36606653E-001  0.37280291E+000  0.31408988E+001  0.11740019E+003
  0.36605772E-001  0.37277683E+000  0.31409317E+001  0.11739997E+003
  0.36604896E-001  0.37275051E+000  0.31409654E+001  0.11739976E+003
  0.36604028E-001  0.37272406E+000  0.31409998E+001  0.11739956E+003
  0.36603173E-001  0.37269755E+000  0.31410346E+001  0.11739937E+003
  0.36602335E-001  0.37267106E+000  0.31410698E+001  0.11739918E+003
  0.36599594E-001  0.37264657E+000  0.31411054E+001  0.11739900E+003
  0.36596173E-001  0.37262292E+000  0.31411412E+001  0.11739882E+003
  0.36592855E-001  0.37259938E+000  0.31411771E+001  0.11739865E+003
  0.36589641E-001  0.37257599E+000  0.31412132E+001  0.11739849E+003
  0.36586532E-001  0.37255279E+000  0.31412492E+001  0.11739832E+003
  0.36583528E-001  0.37252981E+000  0.31412851E+001  0.11739817E+003
  0.36580627E-001  0.37250709E+000  0.31413209E+001  0.11739801E+003
  0.36577829E-001  0.37248464E+000  0.31413563E+001  0.11739786E+003
  0.36575132E-001  0.37246249E+000  0.31413914E+001  0.11739771E+003
  0.36572535E-001  0.37244067E+000  0.31414259E+001  0.11739757E+003
  0.36570037E-001  0.37241920E+000  0.31414598E+001  0.11739743E+003
  0.36567636E-001  0.37239808E+000  0.31414929E+001  0.11739729E+003
  0.36565330E-001  0.37237734E+000  0.31415251E+001  0.11739715E+003
  0.36563120E-001  0.37235700E+000  0.31415563E+001  0.11739702E+003
  0.36561004E-001  0.37233706E+000  0.31415863E+001  0.11739689E+003
  0.36558982E-001  0.37231755E+000  0.31416151E+001  0.11739676E+003
  0.36557052E-001  0.37229849E+000  0.31416425E+001  0.11739664E+003
  0.36555214E-001  0.37227989E+000  0.31416684E+001  0.11739651E+003
  0.36553468E-001  0.37226176E+000  0.31416928E+001  0.11739640E+003
  0.36551815E-001  0.37224414E+000  0.31417156E+001  0.11739628E+003
  0.36550252E-001  0.37222703E+000  0.31417367E+001  0.11739616E+003
  0.36548781E-001  0.37221046E+000  0.31417561E+001  0.11739605E+003
  0.36547401E-001  0.37219446E+000  0.31417737E+001  0.11739594E+003
  0.36546111E-001  0.37217905E+000  0.31417895E+001  0.11739584E+003
  0.36544909E-001  0.37216425E+000  0.31418035E+001  0.11739573E+003
  0.36543796E-001  0.37215009E+000  0.31418157E+001  0.11739563E+003
  0.36542770E-001  0.37213659E+000  0.31418260E+001  0.11739553E+003
  0.36541828E-001  0.37212379E+000  0.31418345E+001  0.11739544E+003
  0.36540969E-001  0.37211170E+000  0.31418412E+001  0.11739534E+003
  0.36540191E-001  0.37210035E+000  0.31418460E+001  0.11739525E+003
  0.36539491E-001  0.37208975E+000  0.31418491E+001  0.11739516E+003
  0.36538866E-001  0.37207994E+000  0.31418504E+001  0.11739508E+003
  0.36538313E-001  0.37207091E+000  0.31418500E+001  0.11739500E+003
  0.36537831E-001  0.37206267E+000  0.31418481E+001  0.11739492E+003
  0.36537414E-001  0.37205524E+000  0.31418446E+001  0.11739484E+003
  0.36537062E-001  0.37204861E+000  0.31418397E+001  0.11739476E+003
  0.36536769E-001  0.37204277E+000  0.31418336E+001  0.11739469E+003
  0.36536534E-001  0.37203771E+000  0.31418263E+001  0.11739463E+003
  0.36536354E-001  0.37203340E+000  0.31418180E+001  0.11739456E+003
  0.36536224E-001  0.37202983E+000  0.31418090E+001  0.11739450E+003
  0.36536143E-001  0.37202696E+000  0.31417993E+001  0.11739444E+003
  0.36536107E-001  0.37202475E+000  0.31417891E+001  0.11739439E+003
  0.36536113E-001  0.37202317E+000  0.31417787E+001  0.11739434E+003
  0.36536159E-001  0.37202217E+000  0.31417681E+001  0.11739429E+003
  0.36536242E-001  0.37202171E+000  0.31417576E+001  0.11739425E+003
  0.36536358E-001  0.37202174E+000  0.31417474E+001  0.11739421E+003
  0.36536505E-001  0.37202221E+000  0.31417375E+001  0.11739417E+003
  0.36536680E-001  0.37202307E+000  0.31417281E+001  0.11739414E+003
  0.36536880E-001  0.37202428E+000  0.31417194E+001  0.11739411E+003
  0.36537103E-001  0.37202578E+000  0.31417113E+001  0.11739408E+003
  0.36537344E-001  0.37202755E+000  0.31417041E+001  0.11739406E+003
  0.36537603E-001  0.37202952E+000  0.31416976E+001  0.11739404E+003
  0.36537875E-001  0.37203167E+000  0.31416920E+001  0.11739402E+003
  0.36538159E-001  0.37203395E+000  0.31416873E+001  0.11739401E+003
  0.36538450E-001  0.37203633E+000  0.31416835E+001  0.11739400E+003
  0.36538748E-001  0.37203879E+000  0.31416806E+001  0.11739399E+003
  0.36539050E-001  0.37204129E+000  0.31416785E+001  0.11739398E+003
  0.36539352E-001  0.37204380E+000  0.31416772E+001  0.11739397E+003
  0.36539654E-001  0.37204631E+000  0.31416767E+001  0.11739397E+003
  0.36539952E-001  0.37204879E+000  0.31416769E+001  0.11739396E+003
  0.36540246E-001  0.37205124E+000  0.31416778E+001  0.11739396E+003
  0.36540533E-001  0.37205362E+000  0.31416794E+001  0.11739396E+003
  0.36540813E-001  0.37205594E+000  0.31416815E+001  0.11739396E+003
  0.36541084E-001  0.37205818E+000  0.31416841E+001  0.11739396E+003
  0.36541344E-001  0.37206033E+000  0.31416873E+001  0.11739396E+003
  0.36541594E-001  0.37206238E+000  0.31416908E+001  0.11739396E+003
  0.36541833E-001  0.37206434E+000  0.31416948E+001  0.11739396E+003
  0.36542059E-001  0.37206619E+000  0.31416991E+001  0.11739396E+003
  0.36542274E-001  0.37206794E+000  0.31417037E+001  0.11739396E+003
  0.36542475E-001  0.37206958E+000  0.31417086E+001  0.11739397E+003
  0.36542665E-001  0.37207111E+000  0.31417137E+001  0.11739397E+003
  0.36542842E-001  0.37207254E+000  0.31417191E+001  0.11739397E+003
  0.36543007E-001  0.37207386E+000  0.31417246E+001  0.11739398E+003
  0.36543159E-001  0.37207508E+000  0.31417303E+001  0.11739398E+003
  0.36543301E-001  0.37207620E+000  0.31417361E+001  0.11739399E+003
  0.36543430E-001  0.37207722E+000  0.31417420E+001  0.11739399E+003
  0.36543550E-001  0.37207815E+000  0.31417480E+001  0.11739399E+003
  0.36543658E-001  0.37207898E+000  0.31417540E+001  0.11739400E+003
  0.36543757E-001  0.37207973E+000  0.31417601E+001  0.11739401E+003
  0.36543846E-001  0.37208040E+000  0.31417662E+001  0.11739401E+003
  0.36543927E-001  0.37208099E+000  0.31417724E+001  0.11739402E+003
  0.36543999E-001  0.37208151E+000  0.31417785E+001  0.11739402E+003
  0.36544063E-001  0.37208196E+000  0.31417845E+001  0.11739403E+003
  0.36544120E-001  0.37208234E+000  0.31417906E+001  0.11739404E+003
  0.36544170E-001  0.37208266E+000  0.31417966E+001  0.11739405E+003
  0.36544214E-001  0.37208293E+000  0.31418025E+001  0.11739406E+003
  0.36544251E-001  0.37208314E+000  0.31418083E+001  0.11739407E+003
  0.36544284E-001  0.37208331E+000  0.31418140E+001  0.11739408E+003
  0.36544311E-001  0.37208343E+000  0.31418196E+001  0.11739409E+003
  0.36544334E-001  0.37208351E+000  0.31418251E+001  0.11739410E+003
  0.36544353E-001  0.37208356E+000  0.31418305E+001  0.11739412E+003
  0.36544368E-001  0.37208358E+000  0.31418357E+001  0.11739413E+003
  0.36544380E-001  0.37208356E+000  0.31418408E+001  0.11739415E+003
  0.36544389E-001  0.37208352E+000  0.31418457E+001  0.11739416E+003
  0.36544395E-001  0.37208346E+000  0.31418505E+001  0.11739418E+003
  0.36544398E-001  0.37208338E+000  0.31418551E+001  0.11739420E+003
  0.36544400E-001  0.37208328E+000  0.31418596E+001  0.11739422E+003
  0.36544399E-001  0.37208316E+000  0.31418638E+001  0.11739424E+003
  0.36544397E-001  0.37208304E+000  0.31418679E+001  0.11739426E+003
  0.36544394E-001  0.37208290E+000  0.31418719E+001  0.11739429E+003
  0.36544389E-001  0.37208276E+000  0.31418756E+001  0.11739431E+003
  0.36544383E-001  0.37208261E+000  0.31418792E+001  0.11739434E+003
  0.36544377E-001  0.37208245E+000  0.31418825E+001  0.11739437E+003
  0.36544370E-001  0.37208230E+000  0.31418858E+001  0.11739439E+003
  0.36544362E-001  0.37208214E+000  0.31418888E+001  0.11739443E+003
  0.36544353E-001  0.37208198E+000  0.31418917E+001  0.11739446E+003
  0.36544345E-001  0.37208182E+000  0.31418944E+001  0.11739449E+003
  0.36544336E-001  0.37208167E+000  0.31418969E+001  0.11739452E+003
  0.36544327E-001  0.37208151E+000  0.31418993E+001  0.11739456E+003
  0.36544318E-001  0.37208136E+000  0.31419015E+001  0.11739460E+003
  0.36544309E-001  0.37208121E+000  0.31419036E+001  0.11739464E+003
  0.36544300E-001  0.37208107E+000  0.31419055E+001  0.11739468E+003
  0.36544291E-001  0.37208093E+000  0.31419073E+001  0.11739472E+003
  0.36544283E-001  0.37208080E+000  0.31419089E+001  0.11739476E+003
  0.36544274E-001  0.37208067E+000  0.31419105E+001  0.11739480E+003
  0.36544266E-001  0.37208055E+000  0.31419119E+001  0.11739485E+003
  0.36544258E-001  0.37208043E+000  0.31419132E+001  0.11739490E+003
  0.36544251E-001  0.37208032E+000  0.31419144E+001  0.11739494E+003
  0.36544243E-001  0.37208021E+000  0.31419154E+001  0.11739499E+003
  0.36544236E-001  0.37208011E+000  0.31419164E+001  0.11739504E+003
  0.36544230E-001  0.37208002E+000  0.31419173E+001  0.11739510E+003
  0.36544223E-001  0.37207993E+000  0.31419182E+001  0.11739515E+003
  0.36544217E-001  0.37207984E+000  0.31419189E+001  0.11739520E+003
  0.36544212E-001  0.37207976E+000  0.31419196E+001  0.11739526E+003
  0.36544206E-001  0.37207969E+000  0.31419202E+001  0.11739531E+003
  0.36544201E-001  0.37207962E+000  0.31419207E+001  0.11739537E+003
  0.36544196E-001  0.37207955E+000  0.31419212E+001  0.11739543E+003
  0.36544192E-001  0.37207949E+000  0.31419216E+001  0.11739549E+003
  0.36544188E-001  0.37207944E+000  0.31419220E+001  0.11739554E+003
  0.36544184E-001  0.37207939E+000  0.31419223E+001  0.11739560E+003
  0.36544181E-001  0.37207934E+000  0.31419226E+001  0.11739567E+003
  0.36544177E-001  0.37207929E+000  0.31419229E+001  0.11739573E+003
  0.36544175E-001  0.37207925E+000  0.31419231E+001  0.11739579E+003
  0.36544172E-001  0.37207922E+000  0.31419233E+001  0.11739585E+003
  0.36544169E-001  0.37207918E+000  0.31419235E+001  0.11739591E+003
  0.36544167E-001  0.37207915E+000  0.31419236E+001  0.11739598E+003
  0.36544165E-001  0.37207912E+000  0.31419238E+001  0.11739604E+003
  0.36544163E-001  0.37207910E+000  0.31419239E+001  0.11739610E+003
  0.36544162E-001  0.37207907E+000  0.31419240E+001  0.11739617E+003
  0.36544160E-001  0.37207905E+000  0.31419240E+001  0.11739623E+003
  0.36544159E-001  0.37207903E+000  0.31419241E+001  0.11739630E+003
  0.36544158E-001  0.37207902E+000  0.31419241E+001  0.11739636E+003
  0.36544157E-001  0.37207900E+000  0.31419242E+001  0.11739642E+003
  0.36544156E-001  0.37207899E+000  0.31419242E+001  0.11739649E+003
  0.36544155E-001  0.37207898E+000  0.31419243E+001  0.11739655E+003
  0.36544155E-001  0.37207897E+000  0.31419243E+001  0.11739662E+003
  0.36544155E-001  0.37207896E+000  0.31419243E+001  0.11739668E+003
  0.36544154E-001  0.37207895E+000  0.31419243E+001  0.11739674E+003
  0.36544154E-001  0.37207894E+000  0.31419243E+001  0.11739680E+003
  0.36544154E-001  0.37207894E+000  0.31419243E+001  0.11739687E+003
  0.36544154E-001  0.37207893E+000  0.31419243E+001  0.11739693E+003
  0.36544154E-001  0.37207893E+000  0.31419243E+001  0.11739699E+003
  0.36544154E-001  0.37207893E+000  0.31419243E+001  0.11739705E+003
  0.36544154E-001  0.37207892E+000  0.31419243E+001  0.11739711E+003
  0.36544154E-001  0.37207892E+000  0.31419243E+001  0.11739717E+003
  0.36544154E-001  0.37207892E+000  0.31419243E+001  0.11739723E+003
  0.36544154E-001  0.37207892E+000  0.31419243E+001  0.11739728E+003
  0.36544154E-001  0.37207892E+000  0.31419243E+001  0.11739734E+003
  0.36544155E-001  0.37207892E+000  0.31419243E+001  0.11739740E+003
  0.36544155E-001  0.37207892E+000  0.31419243E+001  0.11739745E+003
  0.36544155E-001  0.37207892E+000  0.31419243E+001  0.11739751E+003
  0.36544155E-001  0.37207892E+000  0.31419243E+001  0.11739756E+003
  0.36544156E-001  0.37207892E+000  0.31419243E+001  0.11739761E+003
  0.36544156E-001  0.37207892E+000  0.31419243E+001  0.11739766E+003
  0.36544157E-001  0.37207892E+000  0.31419243E+001  0.11739771E+003
  0.36544157E-001  0.37207893E+000  0.31419243E+001  0.11739776E+003
  0.36544159E-001  0.37207894E+000  0.31419243E+001  0.11739781E+003
  0.36544161E-001  0.37207895E+000  0.31419243E+001  0.11739786E+003
