  0.10549454E+000
  0.10601948E+000
  0.10627765E+000
  0.10641732E+000
  0.10649492E+000
  0.10653736E+000
  0.10655897E+000
  0.10656794E+000
  0.10656927E+000
  0.10656593E+000
  0.10655968E+000
  0.10655185E+000
  0.10654333E+000
  0.10653466E+000
  0.10652615E+000
  0.10651796E+000
  0.10651021E+000
  0.10650294E+000
  0.10649619E+000
  0.10648996E+000
  0.10648426E+000
  0.10647907E+000
  0.10647436E+000
  0.10647012E+000
  0.10646631E+000
  0.10646292E+000
  0.10645990E+000
  0.10645724E+000
  0.10645490E+000
  0.10645286E+000
  0.10645109E+000
  0.10644957E+000
  0.10644826E+000
  0.10644716E+000
  0.10644623E+000
  0.10644546E+000
  0.10644482E+000
  0.10644431E+000
  0.10644390E+000
  0.10644359E+000
  0.10644335E+000
  0.10644317E+000
  0.10644304E+000
  0.10644297E+000
  0.10644292E+000
  0.10644291E+000
  0.10644291E+000
  0.10644293E+000
  0.10644296E+000
  0.10644300E+000
  0.10644303E+000
  0.10644307E+000
  0.10644311E+000
  0.10644313E+000
  0.10644315E+000
  0.10644317E+000
  0.10644317E+000
  0.10644316E+000
  0.10644313E+000
  0.10644310E+000
  0.10644305E+000
  0.10644299E+000
  0.10644292E+000
  0.10644283E+000
  0.10644274E+000
  0.10644263E+000
  0.10644251E+000
  0.10644238E+000
  0.10644224E+000
  0.10644209E+000
  0.10644194E+000
  0.10644178E+000
  0.10644162E+000
  0.10644145E+000
  0.10644129E+000
  0.10644113E+000
  0.10644097E+000
  0.10644081E+000
  0.10644066E+000
  0.10644052E+000
  0.10644038E+000
  0.10644026E+000
  0.10644014E+000
  0.10644003E+000
  0.10643993E+000
  0.10643985E+000
  0.10643977E+000
  0.10643970E+000
  0.10643964E+000
  0.10643959E+000
  0.10643955E+000
  0.10643951E+000
  0.10643948E+000
  0.10643946E+000
  0.10643944E+000
  0.10643943E+000
  0.10643942E+000
  0.10643941E+000
  0.10643941E+000
  0.10643941E+000
  0.10643941E+000
  0.10643942E+000
  0.10643942E+000
  0.10643943E+000
  0.10643943E+000
  0.10643944E+000
  0.10643944E+000
  0.10643945E+000
  0.10643946E+000
  0.10643946E+000
  0.10643947E+000
  0.10643948E+000
  0.10643948E+000
  0.10643949E+000
  0.10643949E+000
  0.10643950E+000
  0.10643951E+000
  0.10643951E+000
  0.10643952E+000
  0.10643952E+000
  0.10643953E+000
  0.10643953E+000
  0.10643954E+000
  0.10643955E+000
  0.10643955E+000
  0.10643956E+000
  0.10643957E+000
  0.10643958E+000
  0.10643959E+000
  0.10643960E+000
  0.10643961E+000
  0.10643962E+000
  0.10643963E+000
  0.10643964E+000
  0.10643965E+000
  0.10643967E+000
  0.10643968E+000
  0.10643970E+000
  0.10643971E+000
  0.10643973E+000
  0.10643975E+000
  0.10643977E+000
  0.10643979E+000
  0.10643981E+000
  0.10643984E+000
  0.10643986E+000
  0.10643989E+000
  0.10643991E+000
  0.10643994E+000
  0.10643997E+000
  0.10644000E+000
  0.10644003E+000
  0.10644007E+000
  0.10644010E+000
  0.10644014E+000
  0.10644018E+000
  0.10644021E+000
  0.10644025E+000
  0.10644030E+000
  0.10644034E+000
  0.10644038E+000
  0.10644043E+000
  0.10644047E+000
  0.10644052E+000
  0.10644057E+000
  0.10644062E+000
  0.10644067E+000
  0.10644072E+000
  0.10644077E+000
  0.10644082E+000
  0.10644087E+000
  0.10644093E+000
  0.10644098E+000
  0.10644104E+000
  0.10644109E+000
  0.10644115E+000
  0.10644121E+000
  0.10644126E+000
  0.10644132E+000
  0.10644138E+000
  0.10644143E+000
  0.10644149E+000
  0.10644155E+000
  0.10644161E+000
  0.10644166E+000
  0.10644172E+000
  0.10644178E+000
  0.10644183E+000
  0.10644189E+000
  0.10644195E+000
  0.10644200E+000
  0.10644206E+000
  0.10644211E+000
  0.10644216E+000
  0.10644222E+000
  0.10644227E+000
  0.10644232E+000
  0.10644237E+000
  0.10644242E+000
  0.10644248E+000
