  0.15876857E+001
  0.15852049E+001
  0.15833306E+001
  0.15818906E+001
  0.15807788E+001
  0.15799231E+001
  0.15792708E+001
  0.15787820E+001
  0.15784260E+001
  0.15781779E+001
  0.15780180E+001
  0.15779302E+001
  0.15779018E+001
  0.15779221E+001
  0.15779824E+001
  0.15780756E+001
  0.15781959E+001
  0.15783385E+001
  0.15784993E+001
  0.15786751E+001
  0.15788631E+001
  0.15790611E+001
  0.15792672E+001
  0.15794798E+001
  0.15796977E+001
  0.15799196E+001
  0.15801447E+001
  0.15803723E+001
  0.15806016E+001
  0.15808321E+001
  0.15810633E+001
  0.15812948E+001
  0.15815262E+001
  0.15817571E+001
  0.15819873E+001
  0.15822166E+001
  0.15824445E+001
  0.15826710E+001
  0.15828957E+001
  0.15831184E+001
  0.15833389E+001
  0.15835569E+001
  0.15837722E+001
  0.15839847E+001
  0.15841939E+001
  0.15843998E+001
  0.15846021E+001
  0.15848004E+001
  0.15849947E+001
  0.15851846E+001
  0.15853699E+001
  0.15855504E+001
  0.15857259E+001
  0.15858962E+001
  0.15860609E+001
  0.15862201E+001
  0.15863734E+001
  0.15865208E+001
  0.15866620E+001
  0.15867971E+001
  0.15869257E+001
  0.15870479E+001
  0.15871636E+001
  0.15872727E+001
  0.15873752E+001
  0.15874710E+001
  0.15875602E+001
  0.15876428E+001
  0.15877188E+001
  0.15877883E+001
  0.15878513E+001
  0.15879080E+001
  0.15879585E+001
  0.15880030E+001
  0.15880416E+001
  0.15880744E+001
  0.15881018E+001
  0.15881240E+001
  0.15881413E+001
  0.15881538E+001
  0.15881620E+001
  0.15881662E+001
  0.15881666E+001
  0.15881637E+001
  0.15881577E+001
  0.15881491E+001
  0.15881380E+001
  0.15881250E+001
  0.15881103E+001
  0.15880942E+001
  0.15880770E+001
  0.15880590E+001
  0.15880404E+001
  0.15880215E+001
  0.15880025E+001
  0.15879835E+001
  0.15879648E+001
  0.15879464E+001
  0.15879284E+001
  0.15879111E+001
  0.15878944E+001
  0.15878783E+001
  0.15878631E+001
  0.15878486E+001
  0.15878349E+001
  0.15878221E+001
  0.15878100E+001
  0.15877987E+001
  0.15877882E+001
  0.15877785E+001
  0.15877695E+001
  0.15877611E+001
  0.15877535E+001
  0.15877465E+001
  0.15877400E+001
  0.15877342E+001
  0.15877288E+001
  0.15877240E+001
  0.15877196E+001
  0.15877156E+001
  0.15877120E+001
  0.15877088E+001
  0.15877059E+001
  0.15877034E+001
  0.15877011E+001
  0.15876990E+001
  0.15876972E+001
  0.15876956E+001
  0.15876942E+001
  0.15876930E+001
  0.15876920E+001
  0.15876910E+001
  0.15876902E+001
  0.15876895E+001
  0.15876889E+001
  0.15876884E+001
  0.15876880E+001
  0.15876877E+001
  0.15876874E+001
  0.15876871E+001
  0.15876869E+001
  0.15876868E+001
  0.15876866E+001
  0.15876865E+001
  0.15876865E+001
  0.15876864E+001
  0.15876864E+001
  0.15876864E+001
  0.15876864E+001
  0.15876864E+001
  0.15876864E+001
  0.15876864E+001
  0.15876864E+001
  0.15876864E+001
  0.15876865E+001
  0.15876865E+001
  0.15876865E+001
  0.15876865E+001
  0.15876865E+001
  0.15876865E+001
  0.15876865E+001
  0.15876865E+001
  0.15876865E+001
  0.15876865E+001
  0.15876865E+001
  0.15876865E+001
  0.15876865E+001
  0.15876865E+001
  0.15876864E+001
  0.15876864E+001
  0.15876864E+001
  0.15876863E+001
  0.15876863E+001
  0.15876863E+001
  0.15876862E+001
  0.15876862E+001
  0.15876861E+001
  0.15876861E+001
  0.15876860E+001
  0.15876860E+001
  0.15876859E+001
  0.15876859E+001
  0.15876858E+001
  0.15876858E+001
  0.15876857E+001
  0.15876857E+001
  0.15876856E+001
  0.15876856E+001
  0.15876855E+001
  0.15876855E+001
  0.15876854E+001
  0.15876854E+001
  0.15876853E+001
  0.15876853E+001
  0.15876853E+001
  0.15876852E+001
  0.15876852E+001
  0.15876851E+001
  0.15876851E+001
  0.15876850E+001
