  0.11689451E+001  0.55213609E+000  0.89660057E+000  0.37330614E+001
  0.11401842E+001  0.57376276E+000  0.89580331E+000  0.37310699E+001
  0.11269436E+001  0.58024790E+000  0.89181326E+000  0.37343182E+001
  0.11211866E+001  0.57420435E+000  0.89964135E+000  0.37325306E+001
  0.11150658E+001  0.57120949E+000  0.90648065E+000  0.37303597E+001
  0.11099596E+001  0.57327570E+000  0.90780170E+000  0.37286558E+001
  0.11084102E+001  0.57303330E+000  0.90811391E+000  0.37275261E+001
  0.11006631E+001  0.57931121E+000  0.90507631E+000  0.37300779E+001
  0.10999701E+001  0.57436761E+000  0.90983348E+000  0.37295331E+001
  0.10992031E+001  0.57423685E+000  0.90938489E+000  0.37298873E+001
  0.10984314E+001  0.57443829E+000  0.90784229E+000  0.37300618E+001
  0.10976957E+001  0.57009840E+000  0.91216676E+000  0.37317604E+001
  0.10947993E+001  0.57269971E+000  0.91221332E+000  0.37318953E+001
  0.10945013E+001  0.57235766E+000  0.91263535E+000  0.37321944E+001
  0.10939814E+001  0.57286665E+000  0.91249892E+000  0.37325829E+001
  0.10939078E+001  0.57082636E+000  0.91467130E+000  0.37328974E+001
  0.10939639E+001  0.57034436E+000  0.91521962E+000  0.37332562E+001
  0.10939756E+001  0.57042585E+000  0.91530360E+000  0.37336493E+001
  0.10940399E+001  0.57050942E+000  0.91537851E+000  0.37340698E+001
  0.10893813E+001  0.57524385E+000  0.91556429E+000  0.37345114E+001
  0.10895253E+001  0.57529748E+000  0.91566119E+000  0.37349689E+001
  0.10896832E+001  0.57535801E+000  0.91576524E+000  0.37354385E+001
  0.10898472E+001  0.57542687E+000  0.91587843E+000  0.37359169E+001
  0.10900289E+001  0.57549356E+000  0.91597815E+000  0.37364192E+001
  0.10902082E+001  0.57557433E+000  0.91610073E+000  0.37369078E+001
  0.10904068E+001  0.57564581E+000  0.91622755E+000  0.37373988E+001
  0.10904277E+001  0.57588509E+000  0.91637590E+000  0.37378907E+001
  0.10906383E+001  0.57595942E+000  0.91649356E+000  0.37383983E+001
  0.10908535E+001  0.57603518E+000  0.91662912E+000  0.37388890E+001
  0.10910725E+001  0.57611182E+000  0.91676659E+000  0.37393779E+001
  0.10912945E+001  0.57618872E+000  0.91690600E+000  0.37398644E+001
  0.10915189E+001  0.57624229E+000  0.91707041E+000  0.37403479E+001
  0.10917451E+001  0.57632038E+000  0.91721153E+000  0.37408281E+001
  0.10919725E+001  0.57639862E+000  0.91735334E+000  0.37413045E+001
  0.10922007E+001  0.57647688E+000  0.91749563E+000  0.37417767E+001
  0.10924291E+001  0.57655502E+000  0.91763822E+000  0.37422445E+001
  0.10926572E+001  0.57663294E+000  0.91778097E+000  0.37427075E+001
  0.10928847E+001  0.57671054E+000  0.91792373E+000  0.37431654E+001
  0.10931111E+001  0.57678770E+000  0.91806639E+000  0.37436180E+001
  0.10933359E+001  0.57686435E+000  0.91820883E+000  0.37440649E+001
  0.10935587E+001  0.57694037E+000  0.91835096E+000  0.37445058E+001
  0.10937792E+001  0.57701569E+000  0.91849268E+000  0.37449405E+001
  0.10939968E+001  0.57709020E+000  0.91863391E+000  0.37453685E+001
  0.10942113E+001  0.57716382E+000  0.91877454E+000  0.37457894E+001
  0.10944222E+001  0.57723646E+000  0.91891448E+000  0.37462031E+001
  0.10946291E+001  0.57730802E+000  0.91905365E+000  0.37466090E+001
  0.10948316E+001  0.57737842E+000  0.91919192E+000  0.37470068E+001
  0.10950294E+001  0.57744754E+000  0.91932920E+000  0.37473961E+001
  0.10952220E+001  0.57751530E+000  0.91946536E+000  0.37477765E+001
  0.10954093E+001  0.57758161E+000  0.91960027E+000  0.37481477E+001
  0.10955907E+001  0.57767047E+000  0.91970970E+000  0.37485093E+001
  0.10957660E+001  0.57773357E+000  0.91984170E+000  0.37488609E+001
  0.10959350E+001  0.57779495E+000  0.91997201E+000  0.37492022E+001
  0.10960973E+001  0.57785449E+000  0.92010045E+000  0.37495329E+001
  0.10962527E+001  0.57791213E+000  0.92022684E+000  0.37498525E+001
  0.10964011E+001  0.57796778E+000  0.92035098E+000  0.37501610E+001
  0.10965422E+001  0.57802137E+000  0.92047267E+000  0.37504580E+001
  0.10966759E+001  0.57807283E+000  0.92059169E+000  0.37507432E+001
  0.10968021E+001  0.57812210E+000  0.92070781E+000  0.37510166E+001
  0.10969208E+001  0.57816913E+000  0.92082079E+000  0.37512779E+001
  0.10970320E+001  0.57821387E+000  0.92093041E+000  0.37515270E+001
  0.10971356E+001  0.57825629E+000  0.92103641E+000  0.37517638E+001
  0.10972317E+001  0.57829636E+000  0.92113855E+000  0.37519881E+001
  0.10973205E+001  0.57833405E+000  0.92123659E+000  0.37522001E+001
  0.10974019E+001  0.57836936E+000  0.92133030E+000  0.37523995E+001
  0.10974762E+001  0.57840228E+000  0.92141945E+000  0.37525865E+001
  0.10975436E+001  0.57843281E+000  0.92150385E+000  0.37527611E+001
  0.10976042E+001  0.57846096E+000  0.92158330E+000  0.37529232E+001
  0.10976582E+001  0.57848677E+000  0.92165764E+000  0.37530730E+001
  0.10977061E+001  0.57851026E+000  0.92172675E+000  0.37532105E+001
  0.10977479E+001  0.57853147E+000  0.92179053E+000  0.37533359E+001
  0.10977840E+001  0.57855045E+000  0.92184892E+000  0.37534493E+001
  0.10978146E+001  0.57856727E+000  0.92190189E+000  0.37535508E+001
  0.10978402E+001  0.57858199E+000  0.92194946E+000  0.37536408E+001
  0.10978609E+001  0.57859469E+000  0.92199168E+000  0.37537194E+001
  0.10978772E+001  0.57860546E+000  0.92202865E+000  0.37537869E+001
  0.10978893E+001  0.57861440E+000  0.92206051E+000  0.37538437E+001
  0.10978975E+001  0.57862161E+000  0.92208743E+000  0.37538901E+001
  0.10979022E+001  0.57862720E+000  0.92210961E+000  0.37539265E+001
  0.10979037E+001  0.57863127E+000  0.92212728E+000  0.37539536E+001
  0.10979023E+001  0.57863396E+000  0.92214071E+000  0.37539717E+001
  0.10978983E+001  0.57863538E+000  0.92215018E+000  0.37539814E+001
  0.10978920E+001  0.57863565E+000  0.92215598E+000  0.37539834E+001
  0.10978837E+001  0.57863531E+000  0.92215801E+000  0.37539783E+001
  0.10978736E+001  0.57863364E+000  0.92215741E+000  0.37539667E+001
  0.10978621E+001  0.57863118E+000  0.92215409E+000  0.37539493E+001
  0.10978494E+001  0.57862803E+000  0.92214837E+000  0.37539269E+001
  0.10978357E+001  0.57862432E+000  0.92214055E+000  0.37539000E+001
  0.10978212E+001  0.57862013E+000  0.92213093E+000  0.37538694E+001
  0.10978062E+001  0.57861556E+000  0.92211982E+000  0.37538357E+001
  0.10977909E+001  0.57861071E+000  0.92210747E+000  0.37537995E+001
  0.10977753E+001  0.57860565E+000  0.92209414E+000  0.37537614E+001
  0.10977597E+001  0.57860045E+000  0.92208008E+000  0.37537220E+001
  0.10977441E+001  0.57859518E+000  0.92206550E+000  0.37536817E+001
  0.10977288E+001  0.57858991E+000  0.92205060E+000  0.37536411E+001
  0.10977138E+001  0.57858467E+000  0.92203555E+000  0.37536005E+001
  0.10976992E+001  0.57857952E+000  0.92202052E+000  0.37535603E+001
  0.10976850E+001  0.57857448E+000  0.92200564E+000  0.37535208E+001
  0.10976713E+001  0.57856960E+000  0.92199102E+000  0.37534822E+001
  0.10976582E+001  0.57856489E+000  0.92197676E+000  0.37534449E+001
  0.10976457E+001  0.57856038E+000  0.92196296E+000  0.37534088E+001
  0.10976338E+001  0.57855608E+000  0.92194966E+000  0.37533743E+001
  0.10976225E+001  0.57855199E+000  0.92193693E+000  0.37533414E+001
  0.10976118E+001  0.57854813E+000  0.92192480E+000  0.37533102E+001
  0.10976018E+001  0.57854449E+000  0.92191329E+000  0.37532806E+001
  0.10975924E+001  0.57854108E+000  0.92190243E+000  0.37532528E+001
  0.10975836E+001  0.57853790E+000  0.92189222E+000  0.37532268E+001
  0.10975754E+001  0.57853493E+000  0.92188266E+000  0.37532024E+001
  0.10975678E+001  0.57853217E+000  0.92187374E+000  0.37531797E+001
  0.10975607E+001  0.57852962E+000  0.92186545E+000  0.37531587E+001
  0.10975541E+001  0.57852727E+000  0.92185777E+000  0.37531392E+001
  0.10975480E+001  0.57852510E+000  0.92185068E+000  0.37531212E+001
  0.10975425E+001  0.57852310E+000  0.92184416E+000  0.37531047E+001
  0.10975373E+001  0.57852128E+000  0.92183818E+000  0.37530895E+001
  0.10975326E+001  0.57851961E+000  0.92183271E+000  0.37530757E+001
  0.10975283E+001  0.57851808E+000  0.92182772E+000  0.37530630E+001
  0.10975243E+001  0.57851669E+000  0.92182320E+000  0.37530515E+001
  0.10975207E+001  0.57851543E+000  0.92181910E+000  0.37530411E+001
  0.10975175E+001  0.57851428E+000  0.92181540E+000  0.37530316E+001
  0.10975145E+001  0.57851324E+000  0.92181207E+000  0.37530231E+001
  0.10975118E+001  0.57851230E+000  0.92180908E+000  0.37530154E+001
  0.10975094E+001  0.57851145E+000  0.92180642E+000  0.37530085E+001
  0.10975072E+001  0.57851069E+000  0.92180405E+000  0.37530023E+001
  0.10975052E+001  0.57850999E+000  0.92180194E+000  0.37529968E+001
  0.10975034E+001  0.57850937E+000  0.92180009E+000  0.37529919E+001
  0.10975018E+001  0.57850881E+000  0.92179846E+000  0.37529875E+001
  0.10975004E+001  0.57850831E+000  0.92179704E+000  0.37529837E+001
  0.10974991E+001  0.57850785E+000  0.92179580E+000  0.37529803E+001
  0.10974980E+001  0.57850745E+000  0.92179473E+000  0.37529773E+001
  0.10974970E+001  0.57850708E+000  0.92179382E+000  0.37529747E+001
  0.10974961E+001  0.57850675E+000  0.92179304E+000  0.37529724E+001
  0.10974953E+001  0.57850646E+000  0.92179238E+000  0.37529704E+001
  0.10974946E+001  0.57850620E+000  0.92179184E+000  0.37529687E+001
  0.10974941E+001  0.57850596E+000  0.92179139E+000  0.37529672E+001
  0.10974935E+001  0.57850575E+000  0.92179103E+000  0.37529659E+001
  0.10974931E+001  0.57850556E+000  0.92179074E+000  0.37529648E+001
  0.10974927E+001  0.57850538E+000  0.92179053E+000  0.37529639E+001
  0.10974924E+001  0.57850523E+000  0.92179037E+000  0.37529631E+001
  0.10974921E+001  0.57850509E+000  0.92179026E+000  0.37529624E+001
  0.10974919E+001  0.57850497E+000  0.92179019E+000  0.37529619E+001
  0.10974917E+001  0.57850485E+000  0.92179017E+000  0.37529614E+001
  0.10974915E+001  0.57850475E+000  0.92179017E+000  0.37529611E+001
  0.10974914E+001  0.57850466E+000  0.92179021E+000  0.37529608E+001
  0.10974913E+001  0.57850458E+000  0.92179026E+000  0.37529605E+001
  0.10974912E+001  0.57850450E+000  0.92179034E+000  0.37529603E+001
  0.10974911E+001  0.57850443E+000  0.92179042E+000  0.37529602E+001
  0.10974911E+001  0.57850437E+000  0.92179052E+000  0.37529601E+001
  0.10974911E+001  0.57850431E+000  0.92179063E+000  0.37529600E+001
  0.10974910E+001  0.57850426E+000  0.92179075E+000  0.37529599E+001
  0.10974910E+001  0.57850421E+000  0.92179087E+000  0.37529598E+001
  0.10974910E+001  0.57850417E+000  0.92179099E+000  0.37529598E+001
  0.10974911E+001  0.57850413E+000  0.92179111E+000  0.37529598E+001
  0.10974911E+001  0.57850409E+000  0.92179123E+000  0.37529597E+001
  0.10974911E+001  0.57850406E+000  0.92179135E+000  0.37529597E+001
  0.10974911E+001  0.57850402E+000  0.92179147E+000  0.37529597E+001
  0.10974911E+001  0.57850399E+000  0.92179158E+000  0.37529596E+001
  0.10974912E+001  0.57850397E+000  0.92179169E+000  0.37529596E+001
  0.10974912E+001  0.57850394E+000  0.92179180E+000  0.37529595E+001
  0.10974912E+001  0.57850391E+000  0.92179189E+000  0.37529595E+001
  0.10974913E+001  0.57850389E+000  0.92179199E+000  0.37529594E+001
  0.10974913E+001  0.57850386E+000  0.92179207E+000  0.37529594E+001
  0.10974913E+001  0.57850384E+000  0.92179215E+000  0.37529593E+001
  0.10974913E+001  0.57850382E+000  0.92179223E+000  0.37529592E+001
  0.10974913E+001  0.57850380E+000  0.92179229E+000  0.37529591E+001
  0.10974914E+001  0.57850378E+000  0.92179235E+000  0.37529590E+001
  0.10974914E+001  0.57850376E+000  0.92179241E+000  0.37529589E+001
  0.10974914E+001  0.57850374E+000  0.92179246E+000  0.37529588E+001
  0.10974914E+001  0.57850372E+000  0.92179250E+000  0.37529587E+001
  0.10974914E+001  0.57850370E+000  0.92179254E+000  0.37529586E+001
  0.10974914E+001  0.57850368E+000  0.92179257E+000  0.37529585E+001
  0.10974914E+001  0.57850366E+000  0.92179259E+000  0.37529583E+001
  0.10974914E+001  0.57850364E+000  0.92179262E+000  0.37529582E+001
  0.10974914E+001  0.57850363E+000  0.92179263E+000  0.37529580E+001
  0.10974914E+001  0.57850361E+000  0.92179264E+000  0.37529579E+001
  0.10974914E+001  0.57850359E+000  0.92179265E+000  0.37529578E+001
  0.10974914E+001  0.57850357E+000  0.92179265E+000  0.37529576E+001
  0.10974913E+001  0.57850355E+000  0.92179265E+000  0.37529575E+001
  0.10974913E+001  0.57850354E+000  0.92179265E+000  0.37529573E+001
  0.10974913E+001  0.57850352E+000  0.92179264E+000  0.37529571E+001
  0.10974913E+001  0.57850350E+000  0.92179263E+000  0.37529570E+001
  0.10974913E+001  0.57850348E+000  0.92179261E+000  0.37529568E+001
  0.10974912E+001  0.57850346E+000  0.92179260E+000  0.37529567E+001
  0.10974912E+001  0.57850345E+000  0.92179258E+000  0.37529565E+001
  0.10974912E+001  0.57850343E+000  0.92179256E+000  0.37529564E+001
  0.10974912E+001  0.57850341E+000  0.92179254E+000  0.37529563E+001
  0.10974911E+001  0.57850340E+000  0.92179251E+000  0.37529561E+001
  0.10974911E+001  0.57850338E+000  0.92179249E+000  0.37529560E+001
  0.10974911E+001  0.57850337E+000  0.92179246E+000  0.37529559E+001
  0.10974910E+001  0.57850335E+000  0.92179244E+000  0.37529557E+001
  0.10974910E+001  0.57850334E+000  0.92179241E+000  0.37529556E+001
  0.10974910E+001  0.57850332E+000  0.92179239E+000  0.37529555E+001
  0.10974910E+001  0.57850331E+000  0.92179236E+000  0.37529554E+001
  0.10974909E+001  0.57850329E+000  0.92179234E+000  0.37529553E+001
  0.10974909E+001  0.57850328E+000  0.92179231E+000  0.37529552E+001
  0.10974909E+001  0.57850327E+000  0.92179228E+000  0.37529551E+001
  0.10974908E+001  0.57850326E+000  0.92179226E+000  0.37529550E+001
  0.10974908E+001  0.57850324E+000  0.92179223E+000  0.37529549E+001
  0.10974908E+001  0.57850322E+000  0.92179219E+000  0.37529548E+001
  0.10974907E+001  0.57850320E+000  0.92179214E+000  0.37529547E+001
  0.10974906E+001  0.57850316E+000  0.92179207E+000  0.37529545E+001
