 -0.15576191E+000  0.23181266E+000  0.22812896E+001  0.39934029E+001
 -0.15604483E+000  0.23072405E+000  0.22788248E+001  0.39873162E+001
 -0.15624808E+000  0.22982990E+000  0.22768058E+001  0.39829355E+001
 -0.15639029E+000  0.22910069E+000  0.22751565E+001  0.39796960E+001
 -0.15649293E+000  0.22851797E+000  0.22738171E+001  0.39772735E+001
 -0.15656755E+000  0.22806063E+000  0.22727394E+001  0.39754604E+001
 -0.15662034E+000  0.22770802E+000  0.22718821E+001  0.39741138E+001
 -0.15665617E+000  0.22744312E+000  0.22712109E+001  0.39731307E+001
 -0.15667765E+000  0.22725043E+000  0.22706967E+001  0.39724349E+001
 -0.15668760E+000  0.22711784E+000  0.22703143E+001  0.39719676E+001
 -0.15668829E+000  0.22703522E+000  0.22700425E+001  0.39716828E+001
 -0.15668102E+000  0.22699408E+000  0.22698635E+001  0.39715447E+001
 -0.15666700E+000  0.22698737E+000  0.22697621E+001  0.39715251E+001
 -0.15664797E+000  0.22700916E+000  0.22697258E+001  0.39716017E+001
 -0.15662529E+000  0.22705458E+000  0.22697439E+001  0.39717567E+001
 -0.15660038E+000  0.22711995E+000  0.22698079E+001  0.39719754E+001
 -0.15657349E+000  0.22720133E+000  0.22699102E+001  0.39722460E+001
 -0.15654518E+000  0.22729582E+000  0.22700448E+001  0.39725589E+001
 -0.15651590E+000  0.22740097E+000  0.22702065E+001  0.39729061E+001
 -0.15648601E+000  0.22751475E+000  0.22703910E+001  0.39732811E+001
 -0.15645580E+000  0.22763541E+000  0.22705946E+001  0.39736788E+001
 -0.15642552E+000  0.22776150E+000  0.22708144E+001  0.39740947E+001
 -0.15639536E+000  0.22789180E+000  0.22710477E+001  0.39745253E+001
 -0.15636547E+000  0.22802526E+000  0.22712925E+001  0.39749676E+001
 -0.15633575E+000  0.22816076E+000  0.22715469E+001  0.39754193E+001
 -0.15630568E+000  0.22829693E+000  0.22718093E+001  0.39758784E+001
 -0.15627624E+000  0.22843402E+000  0.22720783E+001  0.39763434E+001
 -0.15624749E+000  0.22857148E+000  0.22723529E+001  0.39768128E+001
 -0.15621949E+000  0.22870883E+000  0.22726318E+001  0.39772857E+001
 -0.15619228E+000  0.22884567E+000  0.22729144E+001  0.39777611E+001
 -0.15616591E+000  0.22898165E+000  0.22731996E+001  0.39782383E+001
 -0.15614039E+000  0.22911646E+000  0.22734867E+001  0.39787168E+001
 -0.15611379E+000  0.22924788E+000  0.22737750E+001  0.39791960E+001
 -0.15608735E+000  0.22937691E+000  0.22740639E+001  0.39796755E+001
 -0.15606190E+000  0.22950415E+000  0.22743528E+001  0.39801548E+001
 -0.15603741E+000  0.22962940E+000  0.22746410E+001  0.39806338E+001
 -0.15601390E+000  0.22975251E+000  0.22749281E+001  0.39811120E+001
 -0.15599136E+000  0.22987331E+000  0.22752134E+001  0.39815891E+001
 -0.15596977E+000  0.22999167E+000  0.22754966E+001  0.39820647E+001
 -0.15594912E+000  0.23010746E+000  0.22757770E+001  0.39825386E+001
 -0.15592940E+000  0.23022055E+000  0.22760544E+001  0.39830104E+001
 -0.15591060E+000  0.23033082E+000  0.22763282E+001  0.39834796E+001
 -0.15589270E+000  0.23043818E+000  0.22765981E+001  0.39839459E+001
 -0.15587569E+000  0.23054249E+000  0.22768636E+001  0.39844087E+001
 -0.15585954E+000  0.23064367E+000  0.22771244E+001  0.39848677E+001
 -0.15584425E+000  0.23074160E+000  0.22773802E+001  0.39853222E+001
 -0.15582980E+000  0.23083618E+000  0.22776305E+001  0.39857718E+001
 -0.15581618E+000  0.23092733E+000  0.22778752E+001  0.39862159E+001
 -0.15580337E+000  0.23101494E+000  0.22781138E+001  0.39866539E+001
 -0.15579136E+000  0.23109893E+000  0.22783460E+001  0.39870853E+001
 -0.15578014E+000  0.23117922E+000  0.22785716E+001  0.39875095E+001
 -0.15576969E+000  0.23125573E+000  0.22787903E+001  0.39879259E+001
 -0.15576000E+000  0.23132840E+000  0.22790017E+001  0.39883340E+001
 -0.15575105E+000  0.23139717E+000  0.22792058E+001  0.39887332E+001
 -0.15574283E+000  0.23146200E+000  0.22794021E+001  0.39891229E+001
 -0.15573532E+000  0.23152286E+000  0.22795906E+001  0.39895027E+001
 -0.15572850E+000  0.23157972E+000  0.22797711E+001  0.39898719E+001
 -0.15572235E+000  0.23163259E+000  0.22799433E+001  0.39902301E+001
 -0.15571685E+000  0.23168149E+000  0.22801072E+001  0.39905768E+001
 -0.15571198E+000  0.23172643E+000  0.22802627E+001  0.39909116E+001
 -0.15570771E+000  0.23176748E+000  0.22804097E+001  0.39912338E+001
 -0.15570401E+000  0.23180469E+000  0.22805482E+001  0.39915432E+001
 -0.15570086E+000  0.23183815E+000  0.22806782E+001  0.39918393E+001
 -0.15569823E+000  0.23186798E+000  0.22807997E+001  0.39921218E+001
 -0.15569609E+000  0.23189427E+000  0.22809128E+001  0.39923901E+001
 -0.15569442E+000  0.23191717E+000  0.22810176E+001  0.39926441E+001
 -0.15569318E+000  0.23193683E+000  0.22811142E+001  0.39928835E+001
 -0.15569235E+000  0.23195341E+000  0.22812026E+001  0.39931080E+001
 -0.15569189E+000  0.23196708E+000  0.22812831E+001  0.39933173E+001
 -0.15569179E+000  0.23197803E+000  0.22813559E+001  0.39935115E+001
 -0.15569200E+000  0.23198643E+000  0.22814210E+001  0.39936903E+001
 -0.15569252E+000  0.23199249E+000  0.22814788E+001  0.39938539E+001
 -0.15569331E+000  0.23199640E+000  0.22815295E+001  0.39940021E+001
 -0.15569435E+000  0.23199834E+000  0.22815732E+001  0.39941353E+001
 -0.15569562E+000  0.23199851E+000  0.22816103E+001  0.39942536E+001
 -0.15569709E+000  0.23199709E+000  0.22816410E+001  0.39943572E+001
 -0.15569874E+000  0.23199427E+000  0.22816656E+001  0.39944467E+001
 -0.15570055E+000  0.23199022E+000  0.22816846E+001  0.39945224E+001
 -0.15570251E+000  0.23198510E+000  0.22816981E+001  0.39945849E+001
 -0.15570459E+000  0.23197907E+000  0.22817066E+001  0.39946348E+001
 -0.15570677E+000  0.23197228E+000  0.22817105E+001  0.39946727E+001
 -0.15570904E+000  0.23196488E+000  0.22817100E+001  0.39946994E+001
 -0.15571138E+000  0.23195697E+000  0.22817057E+001  0.39947157E+001
 -0.15571377E+000  0.23194870E+000  0.22816979E+001  0.39947224E+001
 -0.15571619E+000  0.23194016E+000  0.22816870E+001  0.39947204E+001
 -0.15571862E+000  0.23193145E+000  0.22816735E+001  0.39947104E+001
 -0.15572106E+000  0.23192268E+000  0.22816577E+001  0.39946934E+001
 -0.15572349E+000  0.23191392E+000  0.22816399E+001  0.39946702E+001
 -0.15572588E+000  0.23190524E+000  0.22816207E+001  0.39946417E+001
 -0.15572824E+000  0.23189671E+000  0.22816002E+001  0.39946086E+001
 -0.15573055E+000  0.23188838E+000  0.22815789E+001  0.39945718E+001
 -0.15573279E+000  0.23188032E+000  0.22815570E+001  0.39945320E+001
 -0.15573497E+000  0.23187255E+000  0.22815348E+001  0.39944898E+001
 -0.15573706E+000  0.23186511E+000  0.22815126E+001  0.39944460E+001
 -0.15573908E+000  0.23185802E+000  0.22814905E+001  0.39944010E+001
 -0.15574100E+000  0.23185132E+000  0.22814688E+001  0.39943554E+001
 -0.15574283E+000  0.23184502E+000  0.22814476E+001  0.39943097E+001
 -0.15574456E+000  0.23183911E+000  0.22814271E+001  0.39942643E+001
 -0.15574620E+000  0.23183362E+000  0.22814073E+001  0.39942195E+001
 -0.15574774E+000  0.23182853E+000  0.22813884E+001  0.39941756E+001
 -0.15574918E+000  0.23182385E+000  0.22813704E+001  0.39941328E+001
 -0.15575052E+000  0.23181956E+000  0.22813534E+001  0.39940914E+001
 -0.15575177E+000  0.23181567E+000  0.22813374E+001  0.39940515E+001
 -0.15575293E+000  0.23181214E+000  0.22813224E+001  0.39940133E+001
 -0.15575401E+000  0.23180898E+000  0.22813085E+001  0.39939768E+001
 -0.15575499E+000  0.23180617E+000  0.22812956E+001  0.39939420E+001
 -0.15575590E+000  0.23180368E+000  0.22812837E+001  0.39939090E+001
 -0.15575673E+000  0.23180150E+000  0.22812728E+001  0.39938778E+001
 -0.15575748E+000  0.23179962E+000  0.22812629E+001  0.39938484E+001
 -0.15575817E+000  0.23179801E+000  0.22812539E+001  0.39938207E+001
 -0.15575879E+000  0.23179665E+000  0.22812458E+001  0.39937947E+001
 -0.15575935E+000  0.23179553E+000  0.22812386E+001  0.39937703E+001
 -0.15575985E+000  0.23179463E+000  0.22812321E+001  0.39937475E+001
 -0.15576030E+000  0.23179393E+000  0.22812265E+001  0.39937262E+001
 -0.15576070E+000  0.23179342E+000  0.22812216E+001  0.39937063E+001
 -0.15576106E+000  0.23179306E+000  0.22812174E+001  0.39936878E+001
 -0.15576137E+000  0.23179287E+000  0.22812138E+001  0.39936705E+001
 -0.15576165E+000  0.23179280E+000  0.22812108E+001  0.39936544E+001
 -0.15576188E+000  0.23179286E+000  0.22812084E+001  0.39936394E+001
 -0.15576209E+000  0.23179302E+000  0.22812065E+001  0.39936255E+001
 -0.15576227E+000  0.23179328E+000  0.22812052E+001  0.39936125E+001
 -0.15576242E+000  0.23179362E+000  0.22812042E+001  0.39936004E+001
 -0.15576254E+000  0.23179403E+000  0.22812037E+001  0.39935891E+001
 -0.15576265E+000  0.23179450E+000  0.22812036E+001  0.39935786E+001
 -0.15576273E+000  0.23179501E+000  0.22812038E+001  0.39935688E+001
 -0.15576280E+000  0.23179558E+000  0.22812043E+001  0.39935596E+001
 -0.15576285E+000  0.23179617E+000  0.22812051E+001  0.39935510E+001
 -0.15576288E+000  0.23179679E+000  0.22812062E+001  0.39935430E+001
 -0.15576291E+000  0.23179743E+000  0.22812075E+001  0.39935355E+001
 -0.15576292E+000  0.23179808E+000  0.22812090E+001  0.39935285E+001
 -0.15576292E+000  0.23179874E+000  0.22812106E+001  0.39935219E+001
 -0.15576292E+000  0.23179940E+000  0.22812125E+001  0.39935156E+001
 -0.15576290E+000  0.23180006E+000  0.22812144E+001  0.39935098E+001
 -0.15576289E+000  0.23180071E+000  0.22812165E+001  0.39935042E+001
 -0.15576286E+000  0.23180135E+000  0.22812187E+001  0.39934990E+001
 -0.15576284E+000  0.23180198E+000  0.22812210E+001  0.39934941E+001
 -0.15576281E+000  0.23180260E+000  0.22812233E+001  0.39934894E+001
 -0.15576277E+000  0.23180320E+000  0.22812257E+001  0.39934850E+001
 -0.15576274E+000  0.23180378E+000  0.22812281E+001  0.39934808E+001
 -0.15576270E+000  0.23180434E+000  0.22812305E+001  0.39934768E+001
 -0.15576266E+000  0.23180488E+000  0.22812329E+001  0.39934730E+001
 -0.15576262E+000  0.23180540E+000  0.22812354E+001  0.39934694E+001
 -0.15576258E+000  0.23180590E+000  0.22812378E+001  0.39934660E+001
 -0.15576254E+000  0.23180637E+000  0.22812402E+001  0.39934627E+001
 -0.15576250E+000  0.23180683E+000  0.22812425E+001  0.39934596E+001
 -0.15576246E+000  0.23180726E+000  0.22812448E+001  0.39934566E+001
 -0.15576243E+000  0.23180766E+000  0.22812471E+001  0.39934538E+001
 -0.15576239E+000  0.23180805E+000  0.22812493E+001  0.39934511E+001
 -0.15576235E+000  0.23180841E+000  0.22812515E+001  0.39934485E+001
 -0.15576232E+000  0.23180876E+000  0.22812536E+001  0.39934460E+001
 -0.15576229E+000  0.23180908E+000  0.22812556E+001  0.39934436E+001
 -0.15576225E+000  0.23180938E+000  0.22812576E+001  0.39934414E+001
 -0.15576222E+000  0.23180966E+000  0.22812595E+001  0.39934393E+001
 -0.15576219E+000  0.23180993E+000  0.22812613E+001  0.39934372E+001
 -0.15576217E+000  0.23181017E+000  0.22812630E+001  0.39934353E+001
 -0.15576214E+000  0.23181040E+000  0.22812647E+001  0.39934334E+001
 -0.15576212E+000  0.23181062E+000  0.22812663E+001  0.39934316E+001
 -0.15576209E+000  0.23181081E+000  0.22812679E+001  0.39934299E+001
 -0.15576207E+000  0.23181100E+000  0.22812693E+001  0.39934283E+001
 -0.15576205E+000  0.23181116E+000  0.22812707E+001  0.39934268E+001
 -0.15576203E+000  0.23181132E+000  0.22812720E+001  0.39934253E+001
 -0.15576202E+000  0.23181146E+000  0.22812733E+001  0.39934239E+001
 -0.15576200E+000  0.23181159E+000  0.22812744E+001  0.39934226E+001
 -0.15576199E+000  0.23181171E+000  0.22812755E+001  0.39934213E+001
 -0.15576198E+000  0.23181182E+000  0.22812766E+001  0.39934201E+001
 -0.15576196E+000  0.23181192E+000  0.22812775E+001  0.39934190E+001
 -0.15576195E+000  0.23181201E+000  0.22812785E+001  0.39934179E+001
 -0.15576194E+000  0.23181209E+000  0.22812793E+001  0.39934169E+001
 -0.15576193E+000  0.23181216E+000  0.22812801E+001  0.39934159E+001
 -0.15576193E+000  0.23181222E+000  0.22812809E+001  0.39934150E+001
 -0.15576192E+000  0.23181228E+000  0.22812816E+001  0.39934141E+001
 -0.15576192E+000  0.23181233E+000  0.22812822E+001  0.39934132E+001
 -0.15576191E+000  0.23181238E+000  0.22812828E+001  0.39934124E+001
 -0.15576191E+000  0.23181242E+000  0.22812834E+001  0.39934117E+001
 -0.15576190E+000  0.23181245E+000  0.22812839E+001  0.39934110E+001
 -0.15576190E+000  0.23181248E+000  0.22812844E+001  0.39934103E+001
 -0.15576190E+000  0.23181251E+000  0.22812848E+001  0.39934096E+001
 -0.15576190E+000  0.23181253E+000  0.22812852E+001  0.39934090E+001
 -0.15576190E+000  0.23181255E+000  0.22812855E+001  0.39934084E+001
 -0.15576190E+000  0.23181256E+000  0.22812859E+001  0.39934079E+001
 -0.15576190E+000  0.23181257E+000  0.22812862E+001  0.39934074E+001
 -0.15576190E+000  0.23181258E+000  0.22812865E+001  0.39934069E+001
 -0.15576190E+000  0.23181259E+000  0.22812867E+001  0.39934064E+001
 -0.15576190E+000  0.23181260E+000  0.22812869E+001  0.39934060E+001
 -0.15576190E+000  0.23181260E+000  0.22812872E+001  0.39934055E+001
 -0.15576191E+000  0.23181260E+000  0.22812873E+001  0.39934051E+001
 -0.15576191E+000  0.23181260E+000  0.22812875E+001  0.39934048E+001
 -0.15576191E+000  0.23181260E+000  0.22812877E+001  0.39934044E+001
 -0.15576191E+000  0.23181260E+000  0.22812878E+001  0.39934041E+001
 -0.15576192E+000  0.23181260E+000  0.22812879E+001  0.39934038E+001
 -0.15576192E+000  0.23181259E+000  0.22812880E+001  0.39934035E+001
 -0.15576192E+000  0.23181259E+000  0.22812881E+001  0.39934032E+001
 -0.15576192E+000  0.23181259E+000  0.22812882E+001  0.39934030E+001
 -0.15576192E+000  0.23181258E+000  0.22812883E+001  0.39934028E+001
 -0.15576193E+000  0.23181258E+000  0.22812884E+001  0.39934025E+001
 -0.15576193E+000  0.23181257E+000  0.22812884E+001  0.39934023E+001
 -0.15576194E+000  0.23181256E+000  0.22812885E+001  0.39934021E+001
 -0.15576194E+000  0.23181254E+000  0.22812885E+001  0.39934019E+001
 -0.15576196E+000  0.23181250E+000  0.22812885E+001  0.39934017E+001
 -0.15576197E+000  0.23181245E+000  0.22812885E+001  0.39934015E+001
