 -0.50351565E-001
 -0.50452382E-001
 -0.50529404E-001
 -0.50587415E-001
 -0.50630267E-001
 -0.50661054E-001
 -0.50682221E-001
 -0.50695718E-001
 -0.50703111E-001
 -0.50705665E-001
 -0.50704400E-001
 -0.50699995E-001
 -0.50693031E-001
 -0.50684183E-001
 -0.50673957E-001
 -0.50662741E-001
 -0.50650834E-001
 -0.50638471E-001
 -0.50625837E-001
 -0.50613079E-001
 -0.50600313E-001
 -0.50587632E-001
 -0.50575111E-001
 -0.50562808E-001
 -0.50550769E-001
 -0.50539032E-001
 -0.50527624E-001
 -0.50516568E-001
 -0.50505880E-001
 -0.50495569E-001
 -0.50485645E-001
 -0.50476109E-001
 -0.50466964E-001
 -0.50458207E-001
 -0.50449833E-001
 -0.50441838E-001
 -0.50434214E-001
 -0.50426953E-001
 -0.50420044E-001
 -0.50413478E-001
 -0.50407244E-001
 -0.50401332E-001
 -0.50395730E-001
 -0.50390427E-001
 -0.50385414E-001
 -0.50380681E-001
 -0.50376217E-001
 -0.50372015E-001
 -0.50368065E-001
 -0.50364360E-001
 -0.50360892E-001
 -0.50357654E-001
 -0.50354640E-001
 -0.50351842E-001
 -0.50349254E-001
 -0.50346870E-001
 -0.50344683E-001
 -0.50342688E-001
 -0.50340876E-001
 -0.50339243E-001
 -0.50337780E-001
 -0.50336481E-001
 -0.50335339E-001
 -0.50334347E-001
 -0.50333498E-001
 -0.50332784E-001
 -0.50332198E-001
 -0.50331734E-001
 -0.50331384E-001
 -0.50331142E-001
 -0.50331001E-001
 -0.50330955E-001
 -0.50330997E-001
 -0.50331123E-001
 -0.50331327E-001
 -0.50331602E-001
 -0.50331945E-001
 -0.50332348E-001
 -0.50332807E-001
 -0.50333317E-001
 -0.50333873E-001
 -0.50334468E-001
 -0.50335098E-001
 -0.50335756E-001
 -0.50336439E-001
 -0.50337139E-001
 -0.50337852E-001
 -0.50338572E-001
 -0.50339295E-001
 -0.50340015E-001
 -0.50340729E-001
 -0.50341432E-001
 -0.50342120E-001
 -0.50342791E-001
 -0.50343440E-001
 -0.50344067E-001
 -0.50344669E-001
 -0.50345244E-001
 -0.50345791E-001
 -0.50346310E-001
 -0.50346800E-001
 -0.50347261E-001
 -0.50347694E-001
 -0.50348098E-001
 -0.50348474E-001
 -0.50348824E-001
 -0.50349147E-001
 -0.50349445E-001
 -0.50349720E-001
 -0.50349971E-001
 -0.50350201E-001
 -0.50350410E-001
 -0.50350600E-001
 -0.50350772E-001
 -0.50350927E-001
 -0.50351067E-001
 -0.50351191E-001
 -0.50351302E-001
 -0.50351400E-001
 -0.50351487E-001
 -0.50351563E-001
 -0.50351629E-001
 -0.50351686E-001
 -0.50351735E-001
 -0.50351776E-001
 -0.50351811E-001
 -0.50351839E-001
 -0.50351862E-001
 -0.50351880E-001
 -0.50351894E-001
 -0.50351903E-001
 -0.50351909E-001
 -0.50351912E-001
 -0.50351912E-001
 -0.50351910E-001
 -0.50351906E-001
 -0.50351900E-001
 -0.50351892E-001
 -0.50351883E-001
 -0.50351874E-001
 -0.50351863E-001
 -0.50351852E-001
 -0.50351840E-001
 -0.50351827E-001
 -0.50351815E-001
 -0.50351802E-001
 -0.50351790E-001
 -0.50351777E-001
 -0.50351765E-001
 -0.50351753E-001
 -0.50351741E-001
 -0.50351729E-001
 -0.50351718E-001
 -0.50351707E-001
 -0.50351696E-001
 -0.50351686E-001
 -0.50351677E-001
 -0.50351667E-001
 -0.50351659E-001
 -0.50351650E-001
 -0.50351643E-001
 -0.50351635E-001
 -0.50351629E-001
 -0.50351622E-001
 -0.50351616E-001
 -0.50351611E-001
 -0.50351606E-001
 -0.50351601E-001
 -0.50351597E-001
 -0.50351593E-001
 -0.50351589E-001
 -0.50351586E-001
 -0.50351583E-001
 -0.50351581E-001
 -0.50351579E-001
 -0.50351577E-001
 -0.50351575E-001
 -0.50351574E-001
 -0.50351573E-001
 -0.50351572E-001
 -0.50351571E-001
 -0.50351571E-001
 -0.50351570E-001
 -0.50351570E-001
 -0.50351570E-001
 -0.50351570E-001
 -0.50351570E-001
 -0.50351570E-001
 -0.50351570E-001
 -0.50351571E-001
 -0.50351571E-001
 -0.50351571E-001
 -0.50351572E-001
 -0.50351572E-001
 -0.50351573E-001
 -0.50351573E-001
 -0.50351575E-001
 -0.50351577E-001
 -0.50351581E-001
 -0.50351585E-001
