  0.16380372E+001
  0.16356573E+001
  0.16338600E+001
  0.16324780E+001
  0.16314091E+001
  0.16305841E+001
  0.16299530E+001
  0.16294777E+001
  0.16291291E+001
  0.16288836E+001
  0.16287224E+001
  0.16286302E+001
  0.16285948E+001
  0.16286062E+001
  0.16286563E+001
  0.16287383E+001
  0.16288467E+001
  0.16289769E+001
  0.16291251E+001
  0.16292882E+001
  0.16294634E+001
  0.16296488E+001
  0.16298423E+001
  0.16300427E+001
  0.16302484E+001
  0.16304586E+001
  0.16306724E+001
  0.16308889E+001
  0.16311075E+001
  0.16313277E+001
  0.16315489E+001
  0.16317709E+001
  0.16319931E+001
  0.16322153E+001
  0.16324372E+001
  0.16326584E+001
  0.16328788E+001
  0.16330979E+001
  0.16333157E+001
  0.16335319E+001
  0.16337461E+001
  0.16339582E+001
  0.16341680E+001
  0.16343751E+001
  0.16345793E+001
  0.16347805E+001
  0.16349783E+001
  0.16351724E+001
  0.16353628E+001
  0.16355490E+001
  0.16357308E+001
  0.16359081E+001
  0.16360806E+001
  0.16362480E+001
  0.16364102E+001
  0.16365670E+001
  0.16367181E+001
  0.16368635E+001
  0.16370029E+001
  0.16371363E+001
  0.16372635E+001
  0.16373844E+001
  0.16374989E+001
  0.16376070E+001
  0.16377087E+001
  0.16378038E+001
  0.16378924E+001
  0.16379745E+001
  0.16380502E+001
  0.16381194E+001
  0.16381823E+001
  0.16382390E+001
  0.16382895E+001
  0.16383341E+001
  0.16383729E+001
  0.16384060E+001
  0.16384338E+001
  0.16384564E+001
  0.16384741E+001
  0.16384872E+001
  0.16384959E+001
  0.16385007E+001
  0.16385017E+001
  0.16384994E+001
  0.16384942E+001
  0.16384862E+001
  0.16384759E+001
  0.16384636E+001
  0.16384496E+001
  0.16384342E+001
  0.16384177E+001
  0.16384004E+001
  0.16383826E+001
  0.16383643E+001
  0.16383459E+001
  0.16383276E+001
  0.16383094E+001
  0.16382916E+001
  0.16382742E+001
  0.16382574E+001
  0.16382412E+001
  0.16382256E+001
  0.16382108E+001
  0.16381967E+001
  0.16381834E+001
  0.16381709E+001
  0.16381592E+001
  0.16381482E+001
  0.16381380E+001
  0.16381285E+001
  0.16381197E+001
  0.16381116E+001
  0.16381041E+001
  0.16380972E+001
  0.16380910E+001
  0.16380852E+001
  0.16380800E+001
  0.16380753E+001
  0.16380710E+001
  0.16380671E+001
  0.16380636E+001
  0.16380604E+001
  0.16380576E+001
  0.16380551E+001
  0.16380529E+001
  0.16380509E+001
  0.16380491E+001
  0.16380475E+001
  0.16380461E+001
  0.16380449E+001
  0.16380439E+001
  0.16380429E+001
  0.16380421E+001
  0.16380414E+001
  0.16380408E+001
  0.16380403E+001
  0.16380399E+001
  0.16380395E+001
  0.16380392E+001
  0.16380390E+001
  0.16380388E+001
  0.16380386E+001
  0.16380385E+001
  0.16380384E+001
  0.16380383E+001
  0.16380382E+001
  0.16380382E+001
  0.16380382E+001
  0.16380381E+001
  0.16380381E+001
  0.16380381E+001
  0.16380381E+001
  0.16380381E+001
  0.16380381E+001
  0.16380381E+001
  0.16380382E+001
  0.16380382E+001
  0.16380382E+001
  0.16380382E+001
  0.16380382E+001
  0.16380382E+001
  0.16380382E+001
  0.16380382E+001
  0.16380381E+001
  0.16380381E+001
  0.16380381E+001
  0.16380381E+001
  0.16380381E+001
  0.16380380E+001
  0.16380380E+001
  0.16380380E+001
  0.16380379E+001
  0.16380379E+001
  0.16380378E+001
  0.16380378E+001
  0.16380378E+001
  0.16380377E+001
  0.16380377E+001
  0.16380376E+001
  0.16380376E+001
  0.16380375E+001
  0.16380375E+001
  0.16380374E+001
  0.16380373E+001
  0.16380373E+001
  0.16380372E+001
  0.16380372E+001
  0.16380371E+001
  0.16380371E+001
  0.16380371E+001
  0.16380370E+001
  0.16380370E+001
  0.16380369E+001
  0.16380369E+001
  0.16380368E+001
  0.16380368E+001
  0.16380368E+001
  0.16380367E+001
  0.16380366E+001
  0.16380366E+001
