  0.12542004E+001
  0.12535864E+001
  0.12532028E+001
  0.12529265E+001
  0.12527152E+001
  0.12525493E+001
  0.12524169E+001
  0.12523105E+001
  0.12522248E+001
  0.12521559E+001
  0.12521003E+001
  0.12520557E+001
  0.12520207E+001
  0.12519933E+001
  0.12519722E+001
  0.12519563E+001
  0.12519448E+001
  0.12519369E+001
  0.12519319E+001
  0.12519295E+001
  0.12519292E+001
  0.12519306E+001
  0.12519335E+001
  0.12519375E+001
  0.12519425E+001
  0.12519484E+001
  0.12519549E+001
  0.12519619E+001
  0.12519693E+001
  0.12519770E+001
  0.12519850E+001
  0.12519932E+001
  0.12520014E+001
  0.12520098E+001
  0.12520181E+001
  0.12520265E+001
  0.12520348E+001
  0.12520430E+001
  0.12520512E+001
  0.12520593E+001
  0.12520672E+001
  0.12520750E+001
  0.12520827E+001
  0.12520903E+001
  0.12520977E+001
  0.12521049E+001
  0.12521120E+001
  0.12521189E+001
  0.12521256E+001
  0.12521322E+001
  0.12521386E+001
  0.12521447E+001
  0.12521507E+001
  0.12521565E+001
  0.12521621E+001
  0.12521675E+001
  0.12521727E+001
  0.12521777E+001
  0.12521825E+001
  0.12521870E+001
  0.12521914E+001
  0.12521956E+001
  0.12521995E+001
  0.12522032E+001
  0.12522068E+001
  0.12522101E+001
  0.12522132E+001
  0.12522162E+001
  0.12522189E+001
  0.12522215E+001
  0.12522238E+001
  0.12522260E+001
  0.12522280E+001
  0.12522298E+001
  0.12522315E+001
  0.12522330E+001
  0.12522343E+001
  0.12522355E+001
  0.12522365E+001
  0.12522374E+001
  0.12522382E+001
  0.12522388E+001
  0.12522393E+001
  0.12522397E+001
  0.12522400E+001
  0.12522402E+001
  0.12522404E+001
  0.12522404E+001
  0.12522404E+001
  0.12522403E+001
  0.12522401E+001
  0.12522399E+001
  0.12522397E+001
  0.12522394E+001
  0.12522391E+001
  0.12522388E+001
  0.12522385E+001
  0.12522381E+001
  0.12522378E+001
  0.12522375E+001
  0.12522371E+001
  0.12522368E+001
  0.12522365E+001
  0.12522362E+001
  0.12522359E+001
  0.12522356E+001
  0.12522353E+001
  0.12522350E+001
  0.12522348E+001
  0.12522345E+001
  0.12522343E+001
  0.12522341E+001
  0.12522339E+001
  0.12522337E+001
  0.12522336E+001
  0.12522334E+001
  0.12522332E+001
  0.12522331E+001
  0.12522330E+001
  0.12522329E+001
  0.12522328E+001
  0.12522327E+001
  0.12522326E+001
  0.12522325E+001
  0.12522324E+001
  0.12522324E+001
  0.12522323E+001
  0.12522323E+001
  0.12522322E+001
  0.12522322E+001
  0.12522322E+001
  0.12522322E+001
  0.12522322E+001
  0.12522322E+001
  0.12522321E+001
  0.12522322E+001
  0.12522322E+001
  0.12522322E+001
  0.12522322E+001
  0.12522322E+001
  0.12522323E+001
  0.12522323E+001
  0.12522324E+001
  0.12522324E+001
  0.12522325E+001
  0.12522325E+001
  0.12522326E+001
  0.12522327E+001
  0.12522327E+001
  0.12522328E+001
  0.12522329E+001
  0.12522330E+001
  0.12522331E+001
  0.12522332E+001
  0.12522333E+001
  0.12522334E+001
  0.12522335E+001
  0.12522336E+001
  0.12522338E+001
  0.12522339E+001
  0.12522340E+001
  0.12522341E+001
  0.12522343E+001
  0.12522344E+001
  0.12522346E+001
  0.12522347E+001
  0.12522349E+001
  0.12522350E+001
  0.12522352E+001
  0.12522354E+001
  0.12522355E+001
  0.12522357E+001
  0.12522359E+001
  0.12522360E+001
  0.12522362E+001
  0.12522364E+001
  0.12522366E+001
  0.12522367E+001
  0.12522369E+001
  0.12522371E+001
  0.12522373E+001
  0.12522374E+001
  0.12522376E+001
  0.12522378E+001
  0.12522380E+001
  0.12522382E+001
  0.12522383E+001
  0.12522385E+001
  0.12522387E+001
  0.12522389E+001
  0.12522390E+001
  0.12522392E+001
  0.12522394E+001
  0.12522395E+001
  0.12522397E+001
  0.12522399E+001
  0.12522400E+001
  0.12522402E+001
  0.12522404E+001
  0.12522405E+001
