  0.19573266E+001
  0.20061676E+001
  0.20116123E+001
  0.20078844E+001
  0.20018463E+001
  0.19954216E+001
  0.19894157E+001
  0.19840372E+001
  0.19794090E+001
  0.19755250E+001
  0.19721658E+001
  0.19693338E+001
  0.19670006E+001
  0.19650647E+001
  0.19634498E+001
  0.19620963E+001
  0.19609575E+001
  0.19599961E+001
  0.19591821E+001
  0.19584915E+001
  0.19579045E+001
  0.19574049E+001
  0.19569793E+001
  0.19566164E+001
  0.19563067E+001
  0.19560424E+001
  0.19558165E+001
  0.19556234E+001
  0.19554581E+001
  0.19553164E+001
  0.19551946E+001
  0.19550897E+001
  0.19549989E+001
  0.19549201E+001
  0.19548513E+001
  0.19547907E+001
  0.19547371E+001
  0.19546893E+001
  0.19546462E+001
  0.19546071E+001
  0.19545712E+001
  0.19545381E+001
  0.19545074E+001
  0.19544785E+001
  0.19544514E+001
  0.19544258E+001
  0.19544015E+001
  0.19543784E+001
  0.19543564E+001
  0.19543356E+001
  0.19543158E+001
  0.19542970E+001
  0.19542793E+001
  0.19542626E+001
  0.19542469E+001
  0.19542323E+001
  0.19542188E+001
  0.19542064E+001
  0.19541950E+001
  0.19541848E+001
  0.19541756E+001
  0.19541676E+001
  0.19541606E+001
  0.19541547E+001
  0.19541500E+001
  0.19541462E+001
  0.19541435E+001
  0.19541419E+001
  0.19541412E+001
  0.19541415E+001
  0.19541427E+001
  0.19541447E+001
  0.19541477E+001
  0.19541514E+001
  0.19541559E+001
  0.19541610E+001
  0.19541669E+001
  0.19541733E+001
  0.19541802E+001
  0.19541876E+001
  0.19541954E+001
  0.19542035E+001
  0.19542119E+001
  0.19542205E+001
  0.19542291E+001
  0.19542379E+001
  0.19542466E+001
  0.19542553E+001
  0.19542638E+001
  0.19542722E+001
  0.19542804E+001
  0.19542883E+001
  0.19542959E+001
  0.19543032E+001
  0.19543102E+001
  0.19543169E+001
  0.19543232E+001
  0.19543291E+001
  0.19543347E+001
  0.19543400E+001
  0.19543449E+001
  0.19543494E+001
  0.19543536E+001
  0.19543575E+001
  0.19543610E+001
  0.19543643E+001
  0.19543673E+001
  0.19543700E+001
  0.19543725E+001
  0.19543747E+001
  0.19543767E+001
  0.19543785E+001
  0.19543801E+001
  0.19543815E+001
  0.19543827E+001
  0.19543838E+001
  0.19543848E+001
  0.19543856E+001
  0.19543863E+001
  0.19543869E+001
  0.19543874E+001
  0.19543878E+001
  0.19543881E+001
  0.19543883E+001
  0.19543885E+001
  0.19543886E+001
  0.19543887E+001
  0.19543887E+001
  0.19543887E+001
  0.19543887E+001
  0.19543886E+001
  0.19543885E+001
  0.19543884E+001
  0.19543883E+001
  0.19543881E+001
  0.19543880E+001
  0.19543878E+001
  0.19543877E+001
  0.19543875E+001
  0.19543874E+001
  0.19543872E+001
  0.19543871E+001
  0.19543870E+001
  0.19543868E+001
  0.19543867E+001
  0.19543866E+001
  0.19543865E+001
  0.19543864E+001
  0.19543864E+001
  0.19543863E+001
  0.19543863E+001
  0.19543862E+001
  0.19543862E+001
  0.19543862E+001
  0.19543862E+001
  0.19543863E+001
  0.19543863E+001
  0.19543864E+001
  0.19543864E+001
  0.19543865E+001
  0.19543866E+001
  0.19543867E+001
  0.19543869E+001
  0.19543870E+001
  0.19543872E+001
  0.19543873E+001
  0.19543875E+001
  0.19543877E+001
  0.19543879E+001
  0.19543881E+001
  0.19543883E+001
  0.19543885E+001
  0.19543888E+001
  0.19543890E+001
  0.19543893E+001
  0.19543895E+001
  0.19543898E+001
  0.19543901E+001
  0.19543903E+001
  0.19543906E+001
  0.19543909E+001
  0.19543912E+001
  0.19543915E+001
  0.19543917E+001
  0.19543920E+001
  0.19543923E+001
  0.19543926E+001
  0.19543929E+001
  0.19543932E+001
  0.19543935E+001
  0.19543938E+001
  0.19543940E+001
  0.19543943E+001
  0.19543946E+001
  0.19543949E+001
  0.19543952E+001
  0.19543954E+001
  0.19543957E+001
  0.19543961E+001
  0.19543964E+001
