  0.66653642E+000  0.85176966E+000  0.97606348E+000  0.25224325E+001
  0.66408096E+000  0.85344714E+000  0.97564998E+000  0.25211679E+001
  0.66288405E+000  0.85393972E+000  0.97544998E+000  0.25205379E+001
  0.66249874E+000  0.85344321E+000  0.97576108E+000  0.25200034E+001
  0.66201219E+000  0.85323215E+000  0.97601539E+000  0.25196012E+001
  0.66166793E+000  0.85321358E+000  0.97601905E+000  0.25192970E+001
  0.66149838E+000  0.85313441E+000  0.97596517E+000  0.25190701E+001
  0.66083711E+000  0.85356066E+000  0.97583513E+000  0.25190094E+001
  0.66073820E+000  0.85329655E+000  0.97599091E+000  0.25188739E+001
  0.66063275E+000  0.85327779E+000  0.97591688E+000  0.25187966E+001
  0.66055759E+000  0.85323838E+000  0.97572276E+000  0.25181732E+001
  0.66047470E+000  0.85296986E+000  0.97604573E+000  0.25187330E+001
  0.66030627E+000  0.85306788E+000  0.97602302E+000  0.25186859E+001
  0.66026905E+000  0.85303064E+000  0.97601765E+000  0.25186561E+001
  0.66022985E+000  0.85302992E+000  0.97599540E+000  0.25186339E+001
  0.66020927E+000  0.85293499E+000  0.97606600E+000  0.25186153E+001
  0.66019599E+000  0.85290238E+000  0.97607796E+000  0.25186031E+001
  0.66018482E+000  0.85289536E+000  0.97607143E+000  0.25185962E+001
  0.66017022E+000  0.85289773E+000  0.97606671E+000  0.25185934E+001
  0.65984866E+000  0.85320777E+000  0.97606786E+000  0.25185942E+001
  0.65984822E+000  0.85320430E+000  0.97606692E+000  0.25185977E+001
  0.65984986E+000  0.85320211E+000  0.97606731E+000  0.25186035E+001
  0.65985303E+000  0.85320109E+000  0.97606893E+000  0.25186111E+001
  0.65985800E+000  0.85320067E+000  0.97607112E+000  0.25186206E+001
  0.65986397E+000  0.85320121E+000  0.97607446E+000  0.25186309E+001
  0.65987130E+000  0.85320204E+000  0.97607846E+000  0.25186420E+001
  0.65987496E+000  0.85320302E+000  0.97608789E+000  0.25186539E+001
  0.65988397E+000  0.85320471E+000  0.97609026E+000  0.25186689E+001
  0.65989360E+000  0.85320673E+000  0.97609553E+000  0.25186816E+001
  0.65990377E+000  0.85320900E+000  0.97610105E+000  0.25186946E+001
  0.65991435E+000  0.85321146E+000  0.97610676E+000  0.25187078E+001
  0.65992528E+000  0.85320823E+000  0.97611845E+000  0.25187210E+001
  0.65993647E+000  0.85321099E+000  0.97612436E+000  0.25187342E+001
  0.65994786E+000  0.85321383E+000  0.97613030E+000  0.25187474E+001
  0.65995939E+000  0.85321673E+000  0.97613624E+000  0.25187604E+001
  0.65997102E+000  0.85321967E+000  0.97614217E+000  0.25187733E+001
  0.65998268E+000  0.85322263E+000  0.97614805E+000  0.25187861E+001
  0.65999435E+000  0.85322559E+000  0.97615387E+000  0.25187986E+001
  0.66000599E+000  0.85322854E+000  0.97615961E+000  0.25188109E+001
  0.66001756E+000  0.85323147E+000  0.97616527E+000  0.25188230E+001
  0.66002903E+000  0.85323438E+000  0.97617084E+000  0.25188349E+001
  0.66004038E+000  0.85323725E+000  0.97617632E+000  0.25188465E+001
  0.66005157E+000  0.85324008E+000  0.97618170E+000  0.25188579E+001
  0.66006259E+000  0.85324287E+000  0.97618698E+000  0.25188690E+001
  0.66007340E+000  0.85324562E+000  0.97619216E+000  0.25188798E+001
  0.66008400E+000  0.85324831E+000  0.97619724E+000  0.25188904E+001
  0.66009436E+000  0.85325096E+000  0.97620223E+000  0.25189007E+001
  0.66010445E+000  0.85325356E+000  0.97620712E+000  0.25189108E+001
  0.66011427E+000  0.85325610E+000  0.97621193E+000  0.25189206E+001
  0.66012379E+000  0.85325860E+000  0.97621663E+000  0.25189301E+001
  0.66013299E+000  0.85326687E+000  0.97621542E+000  0.25189393E+001
  0.66014188E+000  0.85326925E+000  0.97621994E+000  0.25189482E+001
  0.66015042E+000  0.85327158E+000  0.97622438E+000  0.25189569E+001
  0.66015861E+000  0.85327385E+000  0.97622873E+000  0.25189652E+001
  0.66016644E+000  0.85327605E+000  0.97623299E+000  0.25189733E+001
  0.66017391E+000  0.85327820E+000  0.97623715E+000  0.25189811E+001
  0.66018100E+000  0.85328028E+000  0.97624122E+000  0.25189887E+001
  0.66018771E+000  0.85328230E+000  0.97624519E+000  0.25189959E+001
  0.66019404E+000  0.85328425E+000  0.97624906E+000  0.25190028E+001
  0.66019999E+000  0.85328613E+000  0.97625283E+000  0.25190095E+001
  0.66020557E+000  0.85328795E+000  0.97625649E+000  0.25190159E+001
  0.66021076E+000  0.85328969E+000  0.97626004E+000  0.25190220E+001
  0.66021559E+000  0.85329136E+000  0.97626346E+000  0.25190279E+001
  0.66022006E+000  0.85329295E+000  0.97626677E+000  0.25190335E+001
  0.66022418E+000  0.85329447E+000  0.97626995E+000  0.25190388E+001
  0.66022796E+000  0.85329591E+000  0.97627300E+000  0.25190438E+001
  0.66023141E+000  0.85329728E+000  0.97627591E+000  0.25190486E+001
  0.66023454E+000  0.85329857E+000  0.97627867E+000  0.25190532E+001
  0.66023737E+000  0.85329978E+000  0.97628130E+000  0.25190575E+001
  0.66023992E+000  0.85330091E+000  0.97628377E+000  0.25190615E+001
  0.66024219E+000  0.85330197E+000  0.97628609E+000  0.25190653E+001
  0.66024420E+000  0.85330295E+000  0.97628826E+000  0.25190689E+001
  0.66024597E+000  0.85330386E+000  0.97629027E+000  0.25190722E+001
  0.66024751E+000  0.85330469E+000  0.97629212E+000  0.25190753E+001
  0.66024884E+000  0.85330546E+000  0.97629382E+000  0.25190782E+001
  0.66024997E+000  0.85330615E+000  0.97629536E+000  0.25190808E+001
  0.66025091E+000  0.85330677E+000  0.97629675E+000  0.25190832E+001
  0.66025169E+000  0.85330734E+000  0.97629799E+000  0.25190853E+001
  0.66025231E+000  0.85330784E+000  0.97629908E+000  0.25190873E+001
  0.66025278E+000  0.85330828E+000  0.97630003E+000  0.25190890E+001
  0.66025312E+000  0.85330867E+000  0.97630085E+000  0.25190905E+001
  0.66025334E+000  0.85330901E+000  0.97630154E+000  0.25190917E+001
  0.66025346E+000  0.85330930E+000  0.97630210E+000  0.25190928E+001
  0.66025348E+000  0.85330956E+000  0.97630255E+000  0.25190937E+001
  0.66025341E+000  0.85330976E+000  0.97630289E+000  0.25190944E+001
  0.66025327E+000  0.85330993E+000  0.97630314E+000  0.25190949E+001
  0.66025306E+000  0.85331007E+000  0.97630331E+000  0.25190953E+001
  0.66025280E+000  0.85331018E+000  0.97630339E+000  0.25190955E+001
  0.66025249E+000  0.85331026E+000  0.97630341E+000  0.25190956E+001
  0.66025214E+000  0.85331031E+000  0.97630336E+000  0.25190955E+001
  0.66025176E+000  0.85331035E+000  0.97630326E+000  0.25190954E+001
  0.66025136E+000  0.85331037E+000  0.97630312E+000  0.25190951E+001
  0.66025094E+000  0.85331038E+000  0.97630294E+000  0.25190947E+001
  0.66025051E+000  0.85331037E+000  0.97630273E+000  0.25190943E+001
  0.66025007E+000  0.85331035E+000  0.97630250E+000  0.25190938E+001
  0.66024964E+000  0.85331033E+000  0.97630225E+000  0.25190933E+001
  0.66024920E+000  0.85331030E+000  0.97630200E+000  0.25190927E+001
  0.66024878E+000  0.85331026E+000  0.97630173E+000  0.25190921E+001
  0.66024836E+000  0.85331023E+000  0.97630147E+000  0.25190915E+001
  0.66024796E+000  0.85331019E+000  0.97630121E+000  0.25190908E+001
  0.66024757E+000  0.85331015E+000  0.97630096E+000  0.25190902E+001
  0.66024720E+000  0.85331010E+000  0.97630071E+000  0.25190895E+001
  0.66024684E+000  0.85331006E+000  0.97630048E+000  0.25190888E+001
  0.66024650E+000  0.85331003E+000  0.97630026E+000  0.25190882E+001
  0.66024618E+000  0.85330999E+000  0.97630006E+000  0.25190875E+001
  0.66024588E+000  0.85330995E+000  0.97629987E+000  0.25190869E+001
  0.66024560E+000  0.85330992E+000  0.97629970E+000  0.25190863E+001
  0.66024533E+000  0.85330989E+000  0.97629955E+000  0.25190856E+001
  0.66024509E+000  0.85330986E+000  0.97629941E+000  0.25190850E+001
  0.66024486E+000  0.85330983E+000  0.97629929E+000  0.25190845E+001
  0.66024465E+000  0.85330981E+000  0.97629919E+000  0.25190839E+001
  0.66024445E+000  0.85330979E+000  0.97629910E+000  0.25190834E+001
  0.66024427E+000  0.85330977E+000  0.97629904E+000  0.25190829E+001
  0.66024410E+000  0.85330976E+000  0.97629898E+000  0.25190824E+001
  0.66024395E+000  0.85330974E+000  0.97629895E+000  0.25190819E+001
  0.66024382E+000  0.85330973E+000  0.97629892E+000  0.25190814E+001
  0.66024369E+000  0.85330972E+000  0.97629891E+000  0.25190810E+001
  0.66024358E+000  0.85330971E+000  0.97629892E+000  0.25190805E+001
  0.66024348E+000  0.85330970E+000  0.97629893E+000  0.25190801E+001
  0.66024339E+000  0.85330970E+000  0.97629896E+000  0.25190798E+001
  0.66024331E+000  0.85330969E+000  0.97629900E+000  0.25190794E+001
  0.66024323E+000  0.85330969E+000  0.97629905E+000  0.25190790E+001
  0.66024317E+000  0.85330969E+000  0.97629910E+000  0.25190787E+001
  0.66024311E+000  0.85330969E+000  0.97629917E+000  0.25190784E+001
  0.66024306E+000  0.85330969E+000  0.97629924E+000  0.25190781E+001
  0.66024302E+000  0.85330969E+000  0.97629932E+000  0.25190778E+001
  0.66024299E+000  0.85330969E+000  0.97629940E+000  0.25190775E+001
  0.66024296E+000  0.85330969E+000  0.97629949E+000  0.25190773E+001
  0.66024293E+000  0.85330970E+000  0.97629958E+000  0.25190771E+001
  0.66024291E+000  0.85330970E+000  0.97629968E+000  0.25190769E+001
  0.66024289E+000  0.85330971E+000  0.97629978E+000  0.25190767E+001
  0.66024288E+000  0.85330971E+000  0.97629988E+000  0.25190765E+001
  0.66024287E+000  0.85330971E+000  0.97629999E+000  0.25190764E+001
  0.66024286E+000  0.85330972E+000  0.97630009E+000  0.25190762E+001
  0.66024286E+000  0.85330973E+000  0.97630020E+000  0.25190761E+001
  0.66024286E+000  0.85330973E+000  0.97630031E+000  0.25190760E+001
  0.66024286E+000  0.85330974E+000  0.97630042E+000  0.25190760E+001
  0.66024286E+000  0.85330974E+000  0.97630053E+000  0.25190759E+001
  0.66024287E+000  0.85330975E+000  0.97630064E+000  0.25190759E+001
  0.66024287E+000  0.85330975E+000  0.97630075E+000  0.25190759E+001
  0.66024288E+000  0.85330976E+000  0.97630086E+000  0.25190759E+001
  0.66024289E+000  0.85330977E+000  0.97630096E+000  0.25190759E+001
  0.66024290E+000  0.85330977E+000  0.97630107E+000  0.25190760E+001
  0.66024291E+000  0.85330978E+000  0.97630117E+000  0.25190760E+001
  0.66024292E+000  0.85330979E+000  0.97630128E+000  0.25190761E+001
  0.66024293E+000  0.85330979E+000  0.97630138E+000  0.25190763E+001
  0.66024294E+000  0.85330980E+000  0.97630148E+000  0.25190764E+001
  0.66024296E+000  0.85330981E+000  0.97630157E+000  0.25190766E+001
  0.66024297E+000  0.85330981E+000  0.97630167E+000  0.25190768E+001
  0.66024298E+000  0.85330982E+000  0.97630176E+000  0.25190770E+001
  0.66024299E+000  0.85330982E+000  0.97630185E+000  0.25190772E+001
  0.66024301E+000  0.85330983E+000  0.97630194E+000  0.25190775E+001
  0.66024302E+000  0.85330984E+000  0.97630202E+000  0.25190778E+001
  0.66024303E+000  0.85330984E+000  0.97630210E+000  0.25190781E+001
  0.66024304E+000  0.85330985E+000  0.97630218E+000  0.25190784E+001
  0.66024305E+000  0.85330985E+000  0.97630226E+000  0.25190787E+001
  0.66024306E+000  0.85330986E+000  0.97630233E+000  0.25190791E+001
  0.66024307E+000  0.85330986E+000  0.97630240E+000  0.25190795E+001
  0.66024308E+000  0.85330987E+000  0.97630247E+000  0.25190799E+001
  0.66024309E+000  0.85330987E+000  0.97630254E+000  0.25190803E+001
  0.66024310E+000  0.85330988E+000  0.97630260E+000  0.25190808E+001
  0.66024311E+000  0.85330988E+000  0.97630266E+000  0.25190812E+001
  0.66024312E+000  0.85330989E+000  0.97630272E+000  0.25190817E+001
  0.66024313E+000  0.85330989E+000  0.97630278E+000  0.25190822E+001
  0.66024314E+000  0.85330990E+000  0.97630283E+000  0.25190828E+001
  0.66024315E+000  0.85330990E+000  0.97630288E+000  0.25190833E+001
  0.66024315E+000  0.85330990E+000  0.97630293E+000  0.25190839E+001
  0.66024316E+000  0.85330991E+000  0.97630297E+000  0.25190844E+001
  0.66024317E+000  0.85330991E+000  0.97630302E+000  0.25190850E+001
  0.66024317E+000  0.85330992E+000  0.97630306E+000  0.25190856E+001
  0.66024318E+000  0.85330992E+000  0.97630310E+000  0.25190862E+001
  0.66024318E+000  0.85330992E+000  0.97630314E+000  0.25190869E+001
  0.66024319E+000  0.85330993E+000  0.97630317E+000  0.25190875E+001
  0.66024319E+000  0.85330993E+000  0.97630321E+000  0.25190881E+001
  0.66024320E+000  0.85330993E+000  0.97630324E+000  0.25190888E+001
  0.66024320E+000  0.85330993E+000  0.97630327E+000  0.25190894E+001
  0.66024320E+000  0.85330994E+000  0.97630330E+000  0.25190901E+001
  0.66024321E+000  0.85330994E+000  0.97630332E+000  0.25190908E+001
  0.66024321E+000  0.85330994E+000  0.97630335E+000  0.25190915E+001
  0.66024321E+000  0.85330994E+000  0.97630337E+000  0.25190922E+001
  0.66024321E+000  0.85330994E+000  0.97630340E+000  0.25190928E+001
  0.66024322E+000  0.85330995E+000  0.97630342E+000  0.25190935E+001
  0.66024322E+000  0.85330995E+000  0.97630344E+000  0.25190942E+001
  0.66024322E+000  0.85330995E+000  0.97630346E+000  0.25190949E+001
  0.66024322E+000  0.85330995E+000  0.97630347E+000  0.25190956E+001
  0.66024322E+000  0.85330995E+000  0.97630349E+000  0.25190963E+001
  0.66024322E+000  0.85330995E+000  0.97630350E+000  0.25190970E+001
  0.66024323E+000  0.85330996E+000  0.97630352E+000  0.25190977E+001
  0.66024323E+000  0.85330996E+000  0.97630353E+000  0.25190984E+001
  0.66024323E+000  0.85330996E+000  0.97630354E+000  0.25190990E+001
  0.66024323E+000  0.85330996E+000  0.97630356E+000  0.25190997E+001
  0.66024323E+000  0.85330996E+000  0.97630357E+000  0.25191004E+001
  0.66024323E+000  0.85330996E+000  0.97630358E+000  0.25191011E+001
  0.66024323E+000  0.85330996E+000  0.97630359E+000  0.25191017E+001
  0.66024323E+000  0.85330996E+000  0.97630360E+000  0.25191024E+001
  0.66024323E+000  0.85330996E+000  0.97630360E+000  0.25191030E+001
  0.66024323E+000  0.85330996E+000  0.97630361E+000  0.25191036E+001
  0.66024323E+000  0.85330997E+000  0.97630362E+000  0.25191043E+001
  0.66024323E+000  0.85330997E+000  0.97630363E+000  0.25191049E+001
  0.66024322E+000  0.85330996E+000  0.97630362E+000  0.25191055E+001
