  0.70207463E+000  0.85433008E+000  0.10401218E+001  0.24202755E+001
  0.70190286E+000  0.85415292E+000  0.10394963E+001  0.24187938E+001
  0.70177197E+000  0.85399624E+000  0.10390403E+001  0.24180031E+001
  0.70168873E+000  0.85384128E+000  0.10386761E+001  0.24175003E+001
  0.70163886E+000  0.85369270E+000  0.10383757E+001  0.24171536E+001
  0.70159257E+000  0.85357348E+000  0.10381275E+001  0.24169040E+001
  0.70154417E+000  0.85348284E+000  0.10379214E+001  0.24167196E+001
  0.70148650E+000  0.85342348E+000  0.10377508E+001  0.24165815E+001
  0.70143980E+000  0.85337170E+000  0.10376105E+001  0.24164776E+001
  0.70140236E+000  0.85332630E+000  0.10374959E+001  0.24163994E+001
  0.70137141E+000  0.85328625E+000  0.10374028E+001  0.24163411E+001
  0.70134642E+000  0.85325069E+000  0.10373278E+001  0.24162984E+001
  0.70132860E+000  0.85321890E+000  0.10372679E+001  0.24162676E+001
  0.70131642E+000  0.85319028E+000  0.10372206E+001  0.24162462E+001
  0.70130727E+000  0.85316583E+000  0.10371838E+001  0.24162322E+001
  0.70129017E+000  0.85315528E+000  0.10371559E+001  0.24162242E+001
  0.70127526E+000  0.85314747E+000  0.10371357E+001  0.24162211E+001
  0.70126228E+000  0.85314183E+000  0.10371218E+001  0.24162218E+001
  0.70125100E+000  0.85313794E+000  0.10371134E+001  0.24162257E+001
  0.70124123E+000  0.85313545E+000  0.10371096E+001  0.24162321E+001
  0.70123278E+000  0.85313407E+000  0.10371098E+001  0.24162405E+001
  0.70122549E+000  0.85313360E+000  0.10371132E+001  0.24162504E+001
  0.70121922E+000  0.85313387E+000  0.10371195E+001  0.24162616E+001
  0.70121385E+000  0.85313474E+000  0.10371282E+001  0.24162736E+001
  0.70121114E+000  0.85313423E+000  0.10371388E+001  0.24162863E+001
  0.70121597E+000  0.85312730E+000  0.10371511E+001  0.24162995E+001
  0.70122123E+000  0.85312089E+000  0.10371646E+001  0.24163130E+001
  0.70122684E+000  0.85311499E+000  0.10371793E+001  0.24163267E+001
  0.70123271E+000  0.85310956E+000  0.10371947E+001  0.24163405E+001
  0.70123878E+000  0.85310459E+000  0.10372108E+001  0.24163543E+001
  0.70124498E+000  0.85310006E+000  0.10372273E+001  0.24163680E+001
  0.70125127E+000  0.85309596E+000  0.10372441E+001  0.24163817E+001
  0.70125970E+000  0.85309017E+000  0.10372610E+001  0.24163952E+001
  0.70126890E+000  0.85308401E+000  0.10372779E+001  0.24164085E+001
  0.70127799E+000  0.85307832E+000  0.10372947E+001  0.24164217E+001
  0.70128692E+000  0.85307309E+000  0.10373114E+001  0.24164347E+001
  0.70129568E+000  0.85306829E+000  0.10373279E+001  0.24164475E+001
  0.70130426E+000  0.85306390E+000  0.10373441E+001  0.24164601E+001
  0.70131262E+000  0.85305991E+000  0.10373600E+001  0.24164725E+001
  0.70132077E+000  0.85305628E+000  0.10373756E+001  0.24164847E+001
  0.70132867E+000  0.85305300E+000  0.10373908E+001  0.24164966E+001
  0.70133634E+000  0.85305004E+000  0.10374057E+001  0.24165083E+001
  0.70134374E+000  0.85304739E+000  0.10374203E+001  0.24165198E+001
  0.70135088E+000  0.85304502E+000  0.10374346E+001  0.24165309E+001
  0.70135775E+000  0.85304292E+000  0.10374485E+001  0.24165418E+001
  0.70136434E+000  0.85304107E+000  0.10374621E+001  0.24165524E+001
  0.70137064E+000  0.85303945E+000  0.10374754E+001  0.24165628E+001
  0.70137665E+000  0.85303806E+000  0.10374884E+001  0.24165728E+001
  0.70138236E+000  0.85303688E+000  0.10375011E+001  0.24165825E+001
  0.70138777E+000  0.85303591E+000  0.10375135E+001  0.24165918E+001
  0.70139288E+000  0.85303513E+000  0.10375256E+001  0.24166009E+001
  0.70139768E+000  0.85303454E+000  0.10375374E+001  0.24166096E+001
  0.70140217E+000  0.85303413E+000  0.10375489E+001  0.24166181E+001
  0.70140636E+000  0.85303389E+000  0.10375600E+001  0.24166262E+001
  0.70141024E+000  0.85303381E+000  0.10375708E+001  0.24166340E+001
  0.70141382E+000  0.85303387E+000  0.10375812E+001  0.24166415E+001
  0.70141710E+000  0.85303408E+000  0.10375912E+001  0.24166487E+001
  0.70142010E+000  0.85303442E+000  0.10376009E+001  0.24166557E+001
  0.70142281E+000  0.85303488E+000  0.10376101E+001  0.24166624E+001
  0.70142526E+000  0.85303544E+000  0.10376190E+001  0.24166688E+001
  0.70142745E+000  0.85303609E+000  0.10376275E+001  0.24166749E+001
  0.70142939E+000  0.85303682E+000  0.10376355E+001  0.24166808E+001
  0.70143110E+000  0.85303762E+000  0.10376432E+001  0.24166864E+001
  0.70143259E+000  0.85303847E+000  0.10376504E+001  0.24166917E+001
  0.70143388E+000  0.85303936E+000  0.10376573E+001  0.24166969E+001
  0.70143498E+000  0.85304028E+000  0.10376637E+001  0.24167017E+001
  0.70143591E+000  0.85304122E+000  0.10376698E+001  0.24167063E+001
  0.70143667E+000  0.85304217E+000  0.10376755E+001  0.24167107E+001
  0.70143729E+000  0.85304312E+000  0.10376807E+001  0.24167147E+001
  0.70143778E+000  0.85304407E+000  0.10376857E+001  0.24167186E+001
  0.70143815E+000  0.85304500E+000  0.10376902E+001  0.24167222E+001
  0.70143841E+000  0.85304593E+000  0.10376944E+001  0.24167255E+001
  0.70143857E+000  0.85304683E+000  0.10376983E+001  0.24167286E+001
  0.70143864E+000  0.85304772E+000  0.10377018E+001  0.24167314E+001
  0.70143864E+000  0.85304858E+000  0.10377050E+001  0.24167340E+001
  0.70143856E+000  0.85304942E+000  0.10377079E+001  0.24167364E+001
  0.70143842E+000  0.85305024E+000  0.10377105E+001  0.24167385E+001
  0.70143823E+000  0.85305104E+000  0.10377127E+001  0.24167403E+001
  0.70143799E+000  0.85305182E+000  0.10377147E+001  0.24167419E+001
  0.70143770E+000  0.85305257E+000  0.10377165E+001  0.24167433E+001
  0.70143738E+000  0.85305331E+000  0.10377179E+001  0.24167445E+001
  0.70143703E+000  0.85305402E+000  0.10377191E+001  0.24167454E+001
  0.70143665E+000  0.85305471E+000  0.10377201E+001  0.24167462E+001
  0.70143625E+000  0.85305538E+000  0.10377209E+001  0.24167467E+001
  0.70143583E+000  0.85305604E+000  0.10377215E+001  0.24167471E+001
  0.70143540E+000  0.85305666E+000  0.10377220E+001  0.24167472E+001
  0.70143496E+000  0.85305727E+000  0.10377222E+001  0.24167473E+001
  0.70143452E+000  0.85305785E+000  0.10377224E+001  0.24167471E+001
  0.70143408E+000  0.85305842E+000  0.10377224E+001  0.24167469E+001
  0.70143363E+000  0.85305895E+000  0.10377222E+001  0.24167465E+001
  0.70143320E+000  0.85305947E+000  0.10377221E+001  0.24167460E+001
  0.70143277E+000  0.85305996E+000  0.10377218E+001  0.24167454E+001
  0.70143236E+000  0.85306043E+000  0.10377215E+001  0.24167448E+001
  0.70143196E+000  0.85306087E+000  0.10377211E+001  0.24167440E+001
  0.70143157E+000  0.85306129E+000  0.10377207E+001  0.24167432E+001
  0.70143120E+000  0.85306168E+000  0.10377202E+001  0.24167424E+001
  0.70143085E+000  0.85306205E+000  0.10377198E+001  0.24167415E+001
  0.70143052E+000  0.85306240E+000  0.10377193E+001  0.24167406E+001
  0.70143021E+000  0.85306273E+000  0.10377189E+001  0.24167397E+001
  0.70142991E+000  0.85306303E+000  0.10377185E+001  0.24167388E+001
  0.70142964E+000  0.85306331E+000  0.10377180E+001  0.24167378E+001
  0.70142939E+000  0.85306358E+000  0.10377176E+001  0.24167369E+001
  0.70142916E+000  0.85306383E+000  0.10377173E+001  0.24167359E+001
  0.70142895E+000  0.85306405E+000  0.10377169E+001  0.24167350E+001
  0.70142876E+000  0.85306427E+000  0.10377166E+001  0.24167341E+001
  0.70142858E+000  0.85306446E+000  0.10377163E+001  0.24167332E+001
  0.70142843E+000  0.85306465E+000  0.10377161E+001  0.24167323E+001
  0.70142829E+000  0.85306482E+000  0.10377159E+001  0.24167314E+001
  0.70142816E+000  0.85306497E+000  0.10377157E+001  0.24167306E+001
  0.70142805E+000  0.85306512E+000  0.10377155E+001  0.24167297E+001
  0.70142796E+000  0.85306525E+000  0.10377154E+001  0.24167289E+001
  0.70142788E+000  0.85306538E+000  0.10377153E+001  0.24167281E+001
  0.70142781E+000  0.85306549E+000  0.10377153E+001  0.24167274E+001
  0.70142775E+000  0.85306560E+000  0.10377152E+001  0.24167266E+001
  0.70142770E+000  0.85306570E+000  0.10377152E+001  0.24167259E+001
  0.70142766E+000  0.85306579E+000  0.10377153E+001  0.24167252E+001
  0.70142763E+000  0.85306588E+000  0.10377153E+001  0.24167245E+001
  0.70142760E+000  0.85306596E+000  0.10377154E+001  0.24167238E+001
  0.70142758E+000  0.85306603E+000  0.10377155E+001  0.24167231E+001
  0.70142757E+000  0.85306610E+000  0.10377156E+001  0.24167225E+001
  0.70142757E+000  0.85306617E+000  0.10377157E+001  0.24167219E+001
  0.70142757E+000  0.85306623E+000  0.10377159E+001  0.24167213E+001
  0.70142757E+000  0.85306629E+000  0.10377161E+001  0.24167207E+001
  0.70142758E+000  0.85306634E+000  0.10377163E+001  0.24167202E+001
  0.70142759E+000  0.85306639E+000  0.10377165E+001  0.24167196E+001
  0.70142760E+000  0.85306644E+000  0.10377167E+001  0.24167191E+001
  0.70142761E+000  0.85306648E+000  0.10377169E+001  0.24167186E+001
  0.70142763E+000  0.85306653E+000  0.10377171E+001  0.24167181E+001
  0.70142765E+000  0.85306657E+000  0.10377174E+001  0.24167177E+001
  0.70142767E+000  0.85306661E+000  0.10377176E+001  0.24167172E+001
  0.70142769E+000  0.85306664E+000  0.10377179E+001  0.24167168E+001
  0.70142771E+000  0.85306668E+000  0.10377181E+001  0.24167164E+001
  0.70142774E+000  0.85306671E+000  0.10377184E+001  0.24167161E+001
  0.70142776E+000  0.85306674E+000  0.10377187E+001  0.24167157E+001
  0.70142778E+000  0.85306677E+000  0.10377189E+001  0.24167154E+001
  0.70142780E+000  0.85306680E+000  0.10377192E+001  0.24167151E+001
  0.70142783E+000  0.85306682E+000  0.10377195E+001  0.24167149E+001
  0.70142785E+000  0.85306685E+000  0.10377197E+001  0.24167146E+001
  0.70142787E+000  0.85306687E+000  0.10377200E+001  0.24167144E+001
  0.70142789E+000  0.85306689E+000  0.10377203E+001  0.24167142E+001
  0.70142791E+000  0.85306691E+000  0.10377205E+001  0.24167140E+001
  0.70142793E+000  0.85306693E+000  0.10377208E+001  0.24167139E+001
  0.70142795E+000  0.85306695E+000  0.10377210E+001  0.24167138E+001
  0.70142797E+000  0.85306697E+000  0.10377213E+001  0.24167137E+001
  0.70142799E+000  0.85306698E+000  0.10377215E+001  0.24167137E+001
  0.70142801E+000  0.85306700E+000  0.10377217E+001  0.24167136E+001
  0.70142802E+000  0.85306701E+000  0.10377220E+001  0.24167136E+001
  0.70142804E+000  0.85306703E+000  0.10377222E+001  0.24167137E+001
  0.70142805E+000  0.85306704E+000  0.10377224E+001  0.24167137E+001
  0.70142807E+000  0.85306705E+000  0.10377226E+001  0.24167138E+001
  0.70142808E+000  0.85306706E+000  0.10377228E+001  0.24167139E+001
  0.70142809E+000  0.85306707E+000  0.10377230E+001  0.24167141E+001
  0.70142810E+000  0.85306708E+000  0.10377232E+001  0.24167143E+001
  0.70142812E+000  0.85306709E+000  0.10377233E+001  0.24167145E+001
  0.70142813E+000  0.85306710E+000  0.10377235E+001  0.24167147E+001
  0.70142814E+000  0.85306711E+000  0.10377237E+001  0.24167150E+001
  0.70142814E+000  0.85306712E+000  0.10377238E+001  0.24167152E+001
  0.70142815E+000  0.85306712E+000  0.10377240E+001  0.24167156E+001
  0.70142816E+000  0.85306713E+000  0.10377241E+001  0.24167159E+001
  0.70142817E+000  0.85306714E+000  0.10377243E+001  0.24167163E+001
  0.70142818E+000  0.85306714E+000  0.10377244E+001  0.24167166E+001
  0.70142818E+000  0.85306715E+000  0.10377245E+001  0.24167171E+001
  0.70142819E+000  0.85306715E+000  0.10377246E+001  0.24167175E+001
  0.70142819E+000  0.85306716E+000  0.10377247E+001  0.24167179E+001
  0.70142820E+000  0.85306716E+000  0.10377248E+001  0.24167184E+001
  0.70142820E+000  0.85306717E+000  0.10377249E+001  0.24167189E+001
  0.70142821E+000  0.85306717E+000  0.10377250E+001  0.24167194E+001
  0.70142821E+000  0.85306717E+000  0.10377251E+001  0.24167200E+001
  0.70142821E+000  0.85306718E+000  0.10377252E+001  0.24167205E+001
  0.70142821E+000  0.85306718E+000  0.10377253E+001  0.24167211E+001
  0.70142822E+000  0.85306718E+000  0.10377253E+001  0.24167217E+001
  0.70142822E+000  0.85306719E+000  0.10377254E+001  0.24167223E+001
  0.70142822E+000  0.85306719E+000  0.10377255E+001  0.24167229E+001
  0.70142822E+000  0.85306719E+000  0.10377255E+001  0.24167235E+001
  0.70142822E+000  0.85306720E+000  0.10377256E+001  0.24167242E+001
  0.70142823E+000  0.85306720E+000  0.10377256E+001  0.24167248E+001
  0.70142823E+000  0.85306720E+000  0.10377257E+001  0.24167254E+001
  0.70142823E+000  0.85306720E+000  0.10377257E+001  0.24167261E+001
  0.70142823E+000  0.85306721E+000  0.10377257E+001  0.24167268E+001
  0.70142823E+000  0.85306721E+000  0.10377258E+001  0.24167275E+001
  0.70142823E+000  0.85306721E+000  0.10377258E+001  0.24167281E+001
  0.70142823E+000  0.85306721E+000  0.10377258E+001  0.24167288E+001
  0.70142823E+000  0.85306721E+000  0.10377259E+001  0.24167295E+001
  0.70142823E+000  0.85306722E+000  0.10377259E+001  0.24167302E+001
  0.70142823E+000  0.85306722E+000  0.10377259E+001  0.24167309E+001
  0.70142823E+000  0.85306722E+000  0.10377259E+001  0.24167316E+001
  0.70142823E+000  0.85306722E+000  0.10377260E+001  0.24167322E+001
  0.70142823E+000  0.85306722E+000  0.10377260E+001  0.24167329E+001
  0.70142823E+000  0.85306723E+000  0.10377260E+001  0.24167336E+001
  0.70142823E+000  0.85306723E+000  0.10377260E+001  0.24167343E+001
  0.70142823E+000  0.85306723E+000  0.10377260E+001  0.24167350E+001
  0.70142823E+000  0.85306723E+000  0.10377261E+001  0.24167356E+001
  0.70142823E+000  0.85306723E+000  0.10377261E+001  0.24167363E+001
  0.70142823E+000  0.85306723E+000  0.10377261E+001  0.24167369E+001
  0.70142823E+000  0.85306723E+000  0.10377261E+001  0.24167376E+001
  0.70142823E+000  0.85306724E+000  0.10377261E+001  0.24167382E+001
  0.70142823E+000  0.85306724E+000  0.10377261E+001  0.24167389E+001
  0.70142823E+000  0.85306724E+000  0.10377261E+001  0.24167395E+001
  0.70142822E+000  0.85306725E+000  0.10377261E+001  0.24167401E+001
  0.70142822E+000  0.85306724E+000  0.10377261E+001  0.24167407E+001
