 -0.44219992E+000
 -0.44407845E+000
 -0.44503320E+000
 -0.44557383E+000
 -0.44589437E+000
 -0.44608760E+000
 -0.44620319E+000
 -0.44626977E+000
 -0.44630510E+000
 -0.44631987E+000
 -0.44632069E+000
 -0.44631257E+000
 -0.44629901E+000
 -0.44628225E+000
 -0.44626368E+000
 -0.44624420E+000
 -0.44622445E+000
 -0.44620486E+000
 -0.44618575E+000
 -0.44616732E+000
 -0.44614972E+000
 -0.44613301E+000
 -0.44611726E+000
 -0.44610248E+000
 -0.44608867E+000
 -0.44607580E+000
 -0.44606385E+000
 -0.44605278E+000
 -0.44604255E+000
 -0.44603311E+000
 -0.44602441E+000
 -0.44601640E+000
 -0.44600903E+000
 -0.44600225E+000
 -0.44599601E+000
 -0.44599027E+000
 -0.44598499E+000
 -0.44598011E+000
 -0.44597561E+000
 -0.44597145E+000
 -0.44596759E+000
 -0.44596401E+000
 -0.44596068E+000
 -0.44595757E+000
 -0.44595466E+000
 -0.44595193E+000
 -0.44594937E+000
 -0.44594696E+000
 -0.44594468E+000
 -0.44594254E+000
 -0.44594050E+000
 -0.44593857E+000
 -0.44593674E+000
 -0.44593500E+000
 -0.44593334E+000
 -0.44593175E+000
 -0.44593024E+000
 -0.44592878E+000
 -0.44592738E+000
 -0.44592603E+000
 -0.44592472E+000
 -0.44592346E+000
 -0.44592223E+000
 -0.44592103E+000
 -0.44591986E+000
 -0.44591871E+000
 -0.44591758E+000
 -0.44591648E+000
 -0.44591539E+000
 -0.44591432E+000
 -0.44591327E+000
 -0.44591224E+000
 -0.44591123E+000
 -0.44591025E+000
 -0.44590930E+000
 -0.44590838E+000
 -0.44590750E+000
 -0.44590666E+000
 -0.44590586E+000
 -0.44590511E+000
 -0.44590441E+000
 -0.44590376E+000
 -0.44590316E+000
 -0.44590262E+000
 -0.44590213E+000
 -0.44590170E+000
 -0.44590132E+000
 -0.44590099E+000
 -0.44590070E+000
 -0.44590046E+000
 -0.44590027E+000
 -0.44590010E+000
 -0.44589998E+000
 -0.44589988E+000
 -0.44589981E+000
 -0.44589977E+000
 -0.44589974E+000
 -0.44589974E+000
 -0.44589974E+000
 -0.44589976E+000
 -0.44589979E+000
 -0.44589983E+000
 -0.44589987E+000
 -0.44589991E+000
 -0.44589996E+000
 -0.44590002E+000
 -0.44590007E+000
 -0.44590012E+000
 -0.44590018E+000
 -0.44590023E+000
 -0.44590028E+000
 -0.44590033E+000
 -0.44590039E+000
 -0.44590044E+000
 -0.44590049E+000
 -0.44590054E+000
 -0.44590059E+000
 -0.44590063E+000
 -0.44590068E+000
 -0.44590073E+000
 -0.44590078E+000
 -0.44590083E+000
 -0.44590088E+000
 -0.44590093E+000
 -0.44590099E+000
 -0.44590104E+000
 -0.44590110E+000
 -0.44590116E+000
 -0.44590122E+000
 -0.44590128E+000
 -0.44590135E+000
 -0.44590142E+000
 -0.44590149E+000
 -0.44590157E+000
 -0.44590165E+000
 -0.44590173E+000
 -0.44590182E+000
 -0.44590191E+000
 -0.44590201E+000
 -0.44590211E+000
 -0.44590221E+000
 -0.44590232E+000
 -0.44590244E+000
 -0.44590256E+000
 -0.44590268E+000
 -0.44590281E+000
 -0.44590295E+000
 -0.44590309E+000
 -0.44590323E+000
 -0.44590338E+000
 -0.44590354E+000
 -0.44590370E+000
 -0.44590387E+000
 -0.44590404E+000
 -0.44590422E+000
 -0.44590440E+000
 -0.44590459E+000
 -0.44590478E+000
 -0.44590498E+000
 -0.44590518E+000
 -0.44590539E+000
 -0.44590560E+000
 -0.44590582E+000
 -0.44590604E+000
 -0.44590626E+000
 -0.44590649E+000
 -0.44590672E+000
 -0.44590695E+000
 -0.44590719E+000
 -0.44590743E+000
 -0.44590767E+000
 -0.44590791E+000
 -0.44590816E+000
 -0.44590841E+000
 -0.44590866E+000
 -0.44590891E+000
 -0.44590916E+000
 -0.44590941E+000
 -0.44590967E+000
 -0.44590992E+000
 -0.44591017E+000
 -0.44591043E+000
 -0.44591068E+000
 -0.44591093E+000
 -0.44591118E+000
 -0.44591143E+000
 -0.44591168E+000
 -0.44591193E+000
 -0.44591217E+000
 -0.44591241E+000
 -0.44591265E+000
 -0.44591289E+000
 -0.44591313E+000
 -0.44591336E+000
 -0.44591359E+000
 -0.44591381E+000
 -0.44591403E+000
 -0.44591425E+000
 -0.44591446E+000
 -0.44591470E+000
