  0.11425095E+001
  0.11429593E+001
  0.11432619E+001
  0.11434964E+001
  0.11436867E+001
  0.11438430E+001
  0.11439723E+001
  0.11440794E+001
  0.11441678E+001
  0.11442404E+001
  0.11443003E+001
  0.11443493E+001
  0.11443885E+001
  0.11444199E+001
  0.11444445E+001
  0.11444637E+001
  0.11444781E+001
  0.11444887E+001
  0.11444959E+001
  0.11445004E+001
  0.11445026E+001
  0.11445028E+001
  0.11445013E+001
  0.11444985E+001
  0.11444944E+001
  0.11444895E+001
  0.11444837E+001
  0.11444773E+001
  0.11444704E+001
  0.11444631E+001
  0.11444554E+001
  0.11444475E+001
  0.11444394E+001
  0.11444312E+001
  0.11444230E+001
  0.11444147E+001
  0.11444064E+001
  0.11443982E+001
  0.11443900E+001
  0.11443820E+001
  0.11443740E+001
  0.11443662E+001
  0.11443585E+001
  0.11443509E+001
  0.11443436E+001
  0.11443364E+001
  0.11443293E+001
  0.11443225E+001
  0.11443158E+001
  0.11443094E+001
  0.11443031E+001
  0.11442970E+001
  0.11442912E+001
  0.11442855E+001
  0.11442801E+001
  0.11442749E+001
  0.11442699E+001
  0.11442651E+001
  0.11442605E+001
  0.11442562E+001
  0.11442520E+001
  0.11442481E+001
  0.11442444E+001
  0.11442409E+001
  0.11442376E+001
  0.11442345E+001
  0.11442316E+001
  0.11442289E+001
  0.11442263E+001
  0.11442240E+001
  0.11442218E+001
  0.11442198E+001
  0.11442180E+001
  0.11442163E+001
  0.11442148E+001
  0.11442135E+001
  0.11442122E+001
  0.11442111E+001
  0.11442102E+001
  0.11442094E+001
  0.11442086E+001
  0.11442080E+001
  0.11442075E+001
  0.11442071E+001
  0.11442068E+001
  0.11442066E+001
  0.11442064E+001
  0.11442064E+001
  0.11442063E+001
  0.11442063E+001
  0.11442064E+001
  0.11442065E+001
  0.11442066E+001
  0.11442068E+001
  0.11442070E+001
  0.11442071E+001
  0.11442073E+001
  0.11442075E+001
  0.11442077E+001
  0.11442079E+001
  0.11442081E+001
  0.11442083E+001
  0.11442085E+001
  0.11442087E+001
  0.11442088E+001
  0.11442090E+001
  0.11442091E+001
  0.11442092E+001
  0.11442094E+001
  0.11442095E+001
  0.11442095E+001
  0.11442096E+001
  0.11442097E+001
  0.11442097E+001
  0.11442098E+001
  0.11442098E+001
  0.11442098E+001
  0.11442099E+001
  0.11442099E+001
  0.11442099E+001
  0.11442099E+001
  0.11442098E+001
  0.11442098E+001
  0.11442098E+001
  0.11442098E+001
  0.11442097E+001
  0.11442097E+001
  0.11442096E+001
  0.11442096E+001
  0.11442096E+001
  0.11442095E+001
  0.11442094E+001
  0.11442094E+001
  0.11442093E+001
  0.11442093E+001
  0.11442092E+001
  0.11442092E+001
  0.11442091E+001
  0.11442090E+001
  0.11442090E+001
  0.11442089E+001
  0.11442089E+001
  0.11442088E+001
  0.11442087E+001
  0.11442087E+001
  0.11442086E+001
  0.11442085E+001
  0.11442085E+001
  0.11442084E+001
  0.11442084E+001
  0.11442083E+001
  0.11442083E+001
  0.11442082E+001
  0.11442081E+001
  0.11442081E+001
  0.11442080E+001
  0.11442080E+001
  0.11442079E+001
  0.11442079E+001
  0.11442078E+001
  0.11442078E+001
  0.11442077E+001
  0.11442077E+001
  0.11442076E+001
  0.11442076E+001
  0.11442076E+001
  0.11442075E+001
  0.11442075E+001
  0.11442074E+001
  0.11442074E+001
  0.11442074E+001
  0.11442073E+001
  0.11442073E+001
  0.11442073E+001
  0.11442072E+001
  0.11442072E+001
  0.11442072E+001
  0.11442072E+001
  0.11442071E+001
  0.11442071E+001
  0.11442071E+001
  0.11442071E+001
  0.11442070E+001
  0.11442070E+001
  0.11442070E+001
  0.11442070E+001
  0.11442070E+001
  0.11442069E+001
  0.11442069E+001
  0.11442069E+001
  0.11442069E+001
  0.11442069E+001
  0.11442068E+001
  0.11442068E+001
  0.11442068E+001
  0.11442068E+001
  0.11442068E+001
  0.11442068E+001
  0.11442068E+001
  0.11442068E+001
