  0.17715188E+001
  0.17724327E+001
  0.17731310E+001
  0.17737025E+001
  0.17741798E+001
  0.17745803E+001
  0.17749175E+001
  0.17752017E+001
  0.17754408E+001
  0.17756418E+001
  0.17758111E+001
  0.17759534E+001
  0.17760723E+001
  0.17761715E+001
  0.17762541E+001
  0.17763228E+001
  0.17763795E+001
  0.17764261E+001
  0.17764642E+001
  0.17764950E+001
  0.17765196E+001
  0.17765390E+001
  0.17765538E+001
  0.17765649E+001
  0.17765728E+001
  0.17765780E+001
  0.17765809E+001
  0.17765819E+001
  0.17765813E+001
  0.17765794E+001
  0.17765765E+001
  0.17765726E+001
  0.17765681E+001
  0.17765629E+001
  0.17765574E+001
  0.17765515E+001
  0.17765455E+001
  0.17765392E+001
  0.17765329E+001
  0.17765265E+001
  0.17765202E+001
  0.17765138E+001
  0.17765076E+001
  0.17765014E+001
  0.17764954E+001
  0.17764895E+001
  0.17764837E+001
  0.17764781E+001
  0.17764726E+001
  0.17764672E+001
  0.17764621E+001
  0.17764570E+001
  0.17764522E+001
  0.17764475E+001
  0.17764430E+001
  0.17764386E+001
  0.17764345E+001
  0.17764304E+001
  0.17764266E+001
  0.17764229E+001
  0.17764194E+001
  0.17764160E+001
  0.17764128E+001
  0.17764097E+001
  0.17764068E+001
  0.17764040E+001
  0.17764014E+001
  0.17763989E+001
  0.17763966E+001
  0.17763943E+001
  0.17763922E+001
  0.17763903E+001
  0.17763884E+001
  0.17763867E+001
  0.17763851E+001
  0.17763836E+001
  0.17763821E+001
  0.17763809E+001
  0.17763797E+001
  0.17763786E+001
  0.17763775E+001
  0.17763766E+001
  0.17763758E+001
  0.17763751E+001
  0.17763744E+001
  0.17763738E+001
  0.17763733E+001
  0.17763728E+001
  0.17763724E+001
  0.17763721E+001
  0.17763718E+001
  0.17763716E+001
  0.17763714E+001
  0.17763712E+001
  0.17763710E+001
  0.17763709E+001
  0.17763708E+001
  0.17763708E+001
  0.17763707E+001
  0.17763707E+001
  0.17763707E+001
  0.17763706E+001
  0.17763706E+001
  0.17763706E+001
  0.17763706E+001
  0.17763706E+001
  0.17763706E+001
  0.17763707E+001
  0.17763707E+001
  0.17763707E+001
  0.17763707E+001
  0.17763707E+001
  0.17763707E+001
  0.17763707E+001
  0.17763708E+001
  0.17763708E+001
  0.17763708E+001
  0.17763708E+001
  0.17763709E+001
  0.17763709E+001
  0.17763709E+001
  0.17763709E+001
  0.17763710E+001
  0.17763710E+001
  0.17763711E+001
  0.17763711E+001
  0.17763712E+001
  0.17763712E+001
  0.17763713E+001
  0.17763713E+001
  0.17763714E+001
  0.17763715E+001
  0.17763716E+001
  0.17763717E+001
  0.17763718E+001
  0.17763719E+001
  0.17763720E+001
  0.17763721E+001
  0.17763722E+001
  0.17763723E+001
  0.17763724E+001
  0.17763726E+001
  0.17763727E+001
  0.17763729E+001
  0.17763730E+001
  0.17763732E+001
  0.17763734E+001
  0.17763735E+001
  0.17763737E+001
  0.17763739E+001
  0.17763741E+001
  0.17763743E+001
  0.17763745E+001
  0.17763748E+001
  0.17763750E+001
  0.17763752E+001
  0.17763755E+001
  0.17763757E+001
  0.17763759E+001
  0.17763762E+001
  0.17763764E+001
  0.17763767E+001
  0.17763770E+001
  0.17763772E+001
  0.17763775E+001
  0.17763778E+001
  0.17763781E+001
  0.17763784E+001
  0.17763786E+001
  0.17763789E+001
  0.17763792E+001
  0.17763795E+001
  0.17763798E+001
  0.17763801E+001
  0.17763804E+001
  0.17763807E+001
  0.17763810E+001
  0.17763813E+001
  0.17763816E+001
  0.17763819E+001
  0.17763822E+001
  0.17763825E+001
  0.17763828E+001
  0.17763830E+001
  0.17763833E+001
  0.17763836E+001
  0.17763839E+001
  0.17763842E+001
  0.17763844E+001
  0.17763847E+001
  0.17763850E+001
  0.17763852E+001
  0.17763855E+001
  0.17763858E+001
  0.17763860E+001
  0.17763863E+001
  0.17763865E+001
  0.17763867E+001
  0.17763870E+001
  0.17763872E+001
