 -0.11921776E+000  0.60389155E+000  0.54232138E+001  0.12139254E+003
 -0.11946719E+000  0.60299023E+000  0.54205106E+001  0.12138957E+003
 -0.11965566E+000  0.60226280E+000  0.54182899E+001  0.12138698E+003
 -0.11979605E+000  0.60168004E+000  0.54164703E+001  0.12138475E+003
 -0.11989889E+000  0.60121769E+000  0.54149879E+001  0.12138286E+003
 -0.11997311E+000  0.60085642E+000  0.54137910E+001  0.12138126E+003
 -0.12002473E+000  0.60057915E+000  0.54128353E+001  0.12137992E+003
 -0.12005838E+000  0.60037173E+000  0.54120838E+001  0.12137881E+003
 -0.12007794E+000  0.60022261E+000  0.54115050E+001  0.12137790E+003
 -0.12008626E+000  0.60012192E+000  0.54110717E+001  0.12137716E+003
 -0.12008560E+000  0.60006139E+000  0.54107609E+001  0.12137657E+003
 -0.12007728E+000  0.60003412E+000  0.54105532E+001  0.12137610E+003
 -0.12006247E+000  0.60003436E+000  0.54104323E+001  0.12137575E+003
 -0.12004293E+000  0.60005729E+000  0.54103843E+001  0.12137548E+003
 -0.12001988E+000  0.60009890E+000  0.54103977E+001  0.12137530E+003
 -0.11999416E+000  0.60015569E+000  0.54104629E+001  0.12137519E+003
 -0.11996660E+000  0.60022500E+000  0.54105718E+001  0.12137513E+003
 -0.11993775E+000  0.60030448E+000  0.54107175E+001  0.12137513E+003
 -0.11990806E+000  0.60039216E+000  0.54108943E+001  0.12137517E+003
 -0.11987786E+000  0.60048640E+000  0.54110973E+001  0.12137525E+003
 -0.11984744E+000  0.60058583E+000  0.54113225E+001  0.12137536E+003
 -0.11981702E+000  0.60068927E+000  0.54115663E+001  0.12137550E+003
 -0.11978678E+000  0.60079577E+000  0.54118259E+001  0.12137567E+003
 -0.11975687E+000  0.60090449E+000  0.54120987E+001  0.12137586E+003
 -0.11972735E+000  0.60101467E+000  0.54123827E+001  0.12137607E+003
 -0.11969815E+000  0.60112558E+000  0.54126760E+001  0.12137629E+003
 -0.11966959E+000  0.60123693E+000  0.54129771E+001  0.12137653E+003
 -0.11964171E+000  0.60134830E+000  0.54132846E+001  0.12137679E+003
 -0.11961459E+000  0.60145934E+000  0.54135973E+001  0.12137705E+003
 -0.11958825E+000  0.60156973E+000  0.54139141E+001  0.12137732E+003
 -0.11956273E+000  0.60167920E+000  0.54142342E+001  0.12137761E+003
 -0.11953805E+000  0.60178752E+000  0.54145565E+001  0.12137790E+003
 -0.11951419E+000  0.60189445E+000  0.54148804E+001  0.12137820E+003
 -0.11949118E+000  0.60199984E+000  0.54152051E+001  0.12137850E+003
 -0.11946904E+000  0.60210353E+000  0.54155299E+001  0.12137881E+003
 -0.11944777E+000  0.60220539E+000  0.54158542E+001  0.12137912E+003
 -0.11942737E+000  0.60230530E+000  0.54161773E+001  0.12137944E+003
 -0.11940783E+000  0.60240312E+000  0.54164985E+001  0.12137976E+003
 -0.11938914E+000  0.60249875E+000  0.54168174E+001  0.12138008E+003
 -0.11937129E+000  0.60259210E+000  0.54171333E+001  0.12138040E+003
 -0.11935427E+000  0.60268304E+000  0.54174457E+001  0.12138072E+003
 -0.11933807E+000  0.60277150E+000  0.54177541E+001  0.12138105E+003
 -0.11932267E+000  0.60285737E+000  0.54180578E+001  0.12138137E+003
 -0.11930805E+000  0.60294057E+000  0.54183565E+001  0.12138170E+003
 -0.11929421E+000  0.60302101E+000  0.54186495E+001  0.12138202E+003
 -0.11928113E+000  0.60309859E+000  0.54189365E+001  0.12138234E+003
 -0.11926880E+000  0.60317324E+000  0.54192169E+001  0.12138266E+003
 -0.11925720E+000  0.60324488E+000  0.54194903E+001  0.12138298E+003
 -0.11924632E+000  0.60331343E+000  0.54197563E+001  0.12138329E+003
 -0.11923615E+000  0.60337881E+000  0.54200144E+001  0.12138360E+003
 -0.11922667E+000  0.60344098E+000  0.54202644E+001  0.12138390E+003
 -0.11921788E+000  0.60349986E+000  0.54205059E+001  0.12138420E+003
 -0.11920975E+000  0.60355543E+000  0.54207385E+001  0.12138450E+003
 -0.11920227E+000  0.60360763E+000  0.54209619E+001  0.12138479E+003
 -0.11919543E+000  0.60365646E+000  0.54211759E+001  0.12138507E+003
 -0.11918921E+000  0.60370190E+000  0.54213802E+001  0.12138534E+003
 -0.11918359E+000  0.60374397E+000  0.54215746E+001  0.12138561E+003
 -0.11917856E+000  0.60378268E+000  0.54217590E+001  0.12138586E+003
 -0.11917408E+000  0.60381808E+000  0.54219332E+001  0.12138611E+003
 -0.11917015E+000  0.60385022E+000  0.54220972E+001  0.12138635E+003
 -0.11916674E+000  0.60387918E+000  0.54222509E+001  0.12138658E+003
 -0.11916382E+000  0.60390504E+000  0.54223942E+001  0.12138680E+003
 -0.11916137E+000  0.60392791E+000  0.54225273E+001  0.12138700E+003
 -0.11915937E+000  0.60394791E+000  0.54226501E+001  0.12138720E+003
 -0.11915778E+000  0.60396518E+000  0.54227628E+001  0.12138739E+003
 -0.11915659E+000  0.60397985E+000  0.54228657E+001  0.12138756E+003
 -0.11915577E+000  0.60399207E+000  0.54229587E+001  0.12138772E+003
 -0.11915528E+000  0.60400202E+000  0.54230423E+001  0.12138787E+003
 -0.11915512E+000  0.60400985E+000  0.54231167E+001  0.12138801E+003
 -0.11915525E+000  0.60401573E+000  0.54231822E+001  0.12138814E+003
 -0.11915565E+000  0.60401984E+000  0.54232391E+001  0.12138825E+003
 -0.11915630E+000  0.60402232E+000  0.54232878E+001  0.12138835E+003
 -0.11915717E+000  0.60402335E+000  0.54233287E+001  0.12138844E+003
 -0.11915824E+000  0.60402309E+000  0.54233623E+001  0.12138852E+003
 -0.11915950E+000  0.60402168E+000  0.54233889E+001  0.12138859E+003
 -0.11916093E+000  0.60401926E+000  0.54234091E+001  0.12138865E+003
 -0.11916250E+000  0.60401598E+000  0.54234233E+001  0.12138869E+003
 -0.11916419E+000  0.60401195E+000  0.54234320E+001  0.12138873E+003
 -0.11916600E+000  0.60400731E+000  0.54234356E+001  0.12138876E+003
 -0.11916791E+000  0.60400214E+000  0.54234347E+001  0.12138877E+003
 -0.11916989E+000  0.60399656E+000  0.54234298E+001  0.12138878E+003
 -0.11917194E+000  0.60399066E+000  0.54234213E+001  0.12138878E+003
 -0.11917403E+000  0.60398452E+000  0.54234098E+001  0.12138878E+003
 -0.11917616E+000  0.60397822E+000  0.54233955E+001  0.12138876E+003
 -0.11917831E+000  0.60397182E+000  0.54233791E+001  0.12138874E+003
 -0.11918046E+000  0.60396540E+000  0.54233608E+001  0.12138872E+003
 -0.11918261E+000  0.60395901E+000  0.54233412E+001  0.12138869E+003
 -0.11918474E+000  0.60395270E+000  0.54233205E+001  0.12138866E+003
 -0.11918683E+000  0.60394652E+000  0.54232992E+001  0.12138862E+003
 -0.11918889E+000  0.60394051E+000  0.54232774E+001  0.12138858E+003
 -0.11919090E+000  0.60393469E+000  0.54232556E+001  0.12138854E+003
 -0.11919284E+000  0.60392911E+000  0.54232339E+001  0.12138849E+003
 -0.11919472E+000  0.60392378E+000  0.54232127E+001  0.12138845E+003
 -0.11919653E+000  0.60391873E+000  0.54231920E+001  0.12138840E+003
 -0.11919826E+000  0.60391397E+000  0.54231720E+001  0.12138836E+003
 -0.11919992E+000  0.60390950E+000  0.54231529E+001  0.12138831E+003
 -0.11920148E+000  0.60390535E+000  0.54231349E+001  0.12138827E+003
 -0.11920297E+000  0.60390150E+000  0.54231179E+001  0.12138822E+003
 -0.11920436E+000  0.60389796E+000  0.54231021E+001  0.12138818E+003
 -0.11920568E+000  0.60389472E+000  0.54230875E+001  0.12138814E+003
 -0.11920690E+000  0.60389179E+000  0.54230741E+001  0.12138810E+003
 -0.11920805E+000  0.60388914E+000  0.54230620E+001  0.12138806E+003
 -0.11920911E+000  0.60388678E+000  0.54230511E+001  0.12138802E+003
 -0.11921009E+000  0.60388468E+000  0.54230415E+001  0.12138799E+003
 -0.11921100E+000  0.60388284E+000  0.54230331E+001  0.12138795E+003
 -0.11921183E+000  0.60388125E+000  0.54230259E+001  0.12138792E+003
 -0.11921260E+000  0.60387988E+000  0.54230198E+001  0.12138789E+003
 -0.11921330E+000  0.60387872E+000  0.54230148E+001  0.12138787E+003
 -0.11921393E+000  0.60387776E+000  0.54230109E+001  0.12138784E+003
 -0.11921451E+000  0.60387699E+000  0.54230079E+001  0.12138782E+003
 -0.11921503E+000  0.60387639E+000  0.54230059E+001  0.12138780E+003
 -0.11921550E+000  0.60387594E+000  0.54230048E+001  0.12138778E+003
 -0.11921593E+000  0.60387562E+000  0.54230045E+001  0.12138776E+003
 -0.11921631E+000  0.60387544E+000  0.54230050E+001  0.12138775E+003
 -0.11921664E+000  0.60387537E+000  0.54230061E+001  0.12138774E+003
 -0.11921694E+000  0.60387540E+000  0.54230079E+001  0.12138773E+003
 -0.11921720E+000  0.60387553E+000  0.54230103E+001  0.12138772E+003
 -0.11921743E+000  0.60387573E+000  0.54230133E+001  0.12138771E+003
 -0.11921763E+000  0.60387600E+000  0.54230167E+001  0.12138771E+003
 -0.11921781E+000  0.60387633E+000  0.54230205E+001  0.12138770E+003
 -0.11921796E+000  0.60387671E+000  0.54230248E+001  0.12138770E+003
 -0.11921808E+000  0.60387713E+000  0.54230293E+001  0.12138770E+003
 -0.11921819E+000  0.60387759E+000  0.54230342E+001  0.12138771E+003
 -0.11921828E+000  0.60387807E+000  0.54230393E+001  0.12138771E+003
 -0.11921835E+000  0.60387858E+000  0.54230446E+001  0.12138771E+003
 -0.11921841E+000  0.60387910E+000  0.54230500E+001  0.12138772E+003
 -0.11921845E+000  0.60387963E+000  0.54230556E+001  0.12138773E+003
 -0.11921848E+000  0.60388017E+000  0.54230613E+001  0.12138774E+003
 -0.11921851E+000  0.60388071E+000  0.54230670E+001  0.12138775E+003
 -0.11921852E+000  0.60388124E+000  0.54230728E+001  0.12138777E+003
 -0.11921852E+000  0.60388178E+000  0.54230786E+001  0.12138778E+003
 -0.11921852E+000  0.60388230E+000  0.54230843E+001  0.12138780E+003
 -0.11921852E+000  0.60388282E+000  0.54230900E+001  0.12138782E+003
 -0.11921850E+000  0.60388332E+000  0.54230957E+001  0.12138784E+003
 -0.11921849E+000  0.60388381E+000  0.54231013E+001  0.12138786E+003
 -0.11921847E+000  0.60388428E+000  0.54231067E+001  0.12138789E+003
 -0.11921844E+000  0.60388474E+000  0.54231121E+001  0.12138791E+003
 -0.11921842E+000  0.60388518E+000  0.54231173E+001  0.12138794E+003
 -0.11921839E+000  0.60388560E+000  0.54231224E+001  0.12138797E+003
 -0.11921836E+000  0.60388601E+000  0.54231274E+001  0.12138800E+003
 -0.11921833E+000  0.60388639E+000  0.54231322E+001  0.12138803E+003
 -0.11921830E+000  0.60388676E+000  0.54231368E+001  0.12138807E+003
 -0.11921827E+000  0.60388711E+000  0.54231413E+001  0.12138810E+003
 -0.11921824E+000  0.60388745E+000  0.54231456E+001  0.12138814E+003
 -0.11921821E+000  0.60388776E+000  0.54231498E+001  0.12138818E+003
 -0.11921818E+000  0.60388806E+000  0.54231538E+001  0.12138822E+003
 -0.11921815E+000  0.60388834E+000  0.54231576E+001  0.12138826E+003
 -0.11921812E+000  0.60388860E+000  0.54231612E+001  0.12138830E+003
 -0.11921810E+000  0.60388884E+000  0.54231646E+001  0.12138835E+003
 -0.11921807E+000  0.60388908E+000  0.54231679E+001  0.12138839E+003
 -0.11921804E+000  0.60388929E+000  0.54231710E+001  0.12138844E+003
 -0.11921802E+000  0.60388949E+000  0.54231740E+001  0.12138849E+003
 -0.11921799E+000  0.60388968E+000  0.54231768E+001  0.12138854E+003
 -0.11921797E+000  0.60388985E+000  0.54231794E+001  0.12138859E+003
 -0.11921795E+000  0.60389002E+000  0.54231819E+001  0.12138864E+003
 -0.11921793E+000  0.60389017E+000  0.54231843E+001  0.12138869E+003
 -0.11921791E+000  0.60389030E+000  0.54231865E+001  0.12138874E+003
 -0.11921789E+000  0.60389043E+000  0.54231886E+001  0.12138880E+003
 -0.11921788E+000  0.60389055E+000  0.54231905E+001  0.12138886E+003
 -0.11921786E+000  0.60389066E+000  0.54231923E+001  0.12138891E+003
 -0.11921785E+000  0.60389076E+000  0.54231940E+001  0.12138897E+003
 -0.11921783E+000  0.60389085E+000  0.54231956E+001  0.12138903E+003
 -0.11921782E+000  0.60389093E+000  0.54231971E+001  0.12138909E+003
 -0.11921781E+000  0.60389100E+000  0.54231984E+001  0.12138915E+003
 -0.11921780E+000  0.60389107E+000  0.54231997E+001  0.12138921E+003
 -0.11921779E+000  0.60389113E+000  0.54232009E+001  0.12138927E+003
 -0.11921778E+000  0.60389119E+000  0.54232020E+001  0.12138933E+003
 -0.11921778E+000  0.60389124E+000  0.54232030E+001  0.12138939E+003
 -0.11921777E+000  0.60389128E+000  0.54232039E+001  0.12138946E+003
 -0.11921776E+000  0.60389132E+000  0.54232047E+001  0.12138952E+003
 -0.11921776E+000  0.60389135E+000  0.54232055E+001  0.12138958E+003
 -0.11921776E+000  0.60389138E+000  0.54232062E+001  0.12138965E+003
 -0.11921775E+000  0.60389141E+000  0.54232069E+001  0.12138971E+003
 -0.11921775E+000  0.60389143E+000  0.54232075E+001  0.12138977E+003
 -0.11921775E+000  0.60389145E+000  0.54232081E+001  0.12138984E+003
 -0.11921775E+000  0.60389147E+000  0.54232086E+001  0.12138990E+003
 -0.11921774E+000  0.60389149E+000  0.54232090E+001  0.12138996E+003
 -0.11921774E+000  0.60389150E+000  0.54232095E+001  0.12139002E+003
 -0.11921774E+000  0.60389151E+000  0.54232098E+001  0.12139009E+003
 -0.11921774E+000  0.60389151E+000  0.54232102E+001  0.12139015E+003
 -0.11921775E+000  0.60389152E+000  0.54232105E+001  0.12139021E+003
 -0.11921775E+000  0.60389152E+000  0.54232108E+001  0.12139027E+003
 -0.11921775E+000  0.60389152E+000  0.54232110E+001  0.12139033E+003
 -0.11921775E+000  0.60389153E+000  0.54232113E+001  0.12139039E+003
 -0.11921775E+000  0.60389153E+000  0.54232115E+001  0.12139045E+003
 -0.11921775E+000  0.60389153E+000  0.54232117E+001  0.12139051E+003
 -0.11921775E+000  0.60389152E+000  0.54232118E+001  0.12139057E+003
 -0.11921776E+000  0.60389152E+000  0.54232120E+001  0.12139063E+003
 -0.11921776E+000  0.60389152E+000  0.54232121E+001  0.12139069E+003
 -0.11921776E+000  0.60389152E+000  0.54232122E+001  0.12139074E+003
 -0.11921776E+000  0.60389151E+000  0.54232123E+001  0.12139080E+003
 -0.11921777E+000  0.60389151E+000  0.54232124E+001  0.12139085E+003
 -0.11921777E+000  0.60389151E+000  0.54232125E+001  0.12139091E+003
 -0.11921777E+000  0.60389150E+000  0.54232126E+001  0.12139096E+003
 -0.11921777E+000  0.60389150E+000  0.54232127E+001  0.12139101E+003
 -0.11921777E+000  0.60389149E+000  0.54232127E+001  0.12139106E+003
 -0.11921778E+000  0.60389148E+000  0.54232127E+001  0.12139111E+003
 -0.11921779E+000  0.60389147E+000  0.54232128E+001  0.12139116E+003
 -0.11921780E+000  0.60389144E+000  0.54232128E+001  0.12139121E+003
 -0.11921781E+000  0.60389140E+000  0.54232127E+001  0.12139126E+003
