  0.61847768E+000  0.10067184E+001  0.12332387E+001  0.42276410E+001
  0.61904620E+000  0.10071215E+001  0.12340171E+001  0.42295467E+001
  0.61951456E+000  0.10074446E+001  0.12345122E+001  0.42310531E+001
  0.61990628E+000  0.10077118E+001  0.12349024E+001  0.42322899E+001
  0.62023628E+000  0.10079315E+001  0.12352290E+001  0.42333228E+001
  0.62051369E+000  0.10081140E+001  0.12355042E+001  0.42341897E+001
  0.62074773E+000  0.10082667E+001  0.12357360E+001  0.42349203E+001
  0.62094477E+000  0.10083949E+001  0.12359309E+001  0.42355368E+001
  0.62111083E+000  0.10085020E+001  0.12360947E+001  0.42360560E+001
  0.62125093E+000  0.10085916E+001  0.12362322E+001  0.42364929E+001
  0.62136903E+000  0.10086681E+001  0.12361972E+001  0.42356304E+001
  0.62146847E+000  0.10087334E+001  0.12364432E+001  0.42371691E+001
  0.62155206E+000  0.10087867E+001  0.12365230E+001  0.42374277E+001
  0.62162223E+000  0.10088304E+001  0.12365892E+001  0.42376446E+001
  0.62168108E+000  0.10088662E+001  0.12366437E+001  0.42378261E+001
  0.62173027E+000  0.10088954E+001  0.12366885E+001  0.42379773E+001
  0.62177126E+000  0.10089191E+001  0.12367251E+001  0.42381030E+001
  0.62180528E+000  0.10089381E+001  0.12367547E+001  0.42382070E+001
  0.62183335E+000  0.10089533E+001  0.12367784E+001  0.42382924E+001
  0.62185626E+000  0.10089652E+001  0.12367970E+001  0.42383621E+001
  0.62187487E+000  0.10089744E+001  0.12368113E+001  0.42384184E+001
  0.62188980E+000  0.10089812E+001  0.12368221E+001  0.42384633E+001
  0.62190161E+000  0.10089860E+001  0.12368298E+001  0.42384985E+001
  0.62191076E+000  0.10089890E+001  0.12368350E+001  0.42385255E+001
  0.62191764E+000  0.10089907E+001  0.12368380E+001  0.42385456E+001
  0.62192261E+000  0.10089911E+001  0.12368392E+001  0.42385597E+001
  0.62192595E+000  0.10089905E+001  0.12368389E+001  0.42385689E+001
  0.62192792E+000  0.10089891E+001  0.12368374E+001  0.42385739E+001
  0.62192874E+000  0.10089869E+001  0.12368348E+001  0.42385754E+001
  0.62192860E+000  0.10089842E+001  0.12368315E+001  0.42385740E+001
  0.62192767E+000  0.10089810E+001  0.12368274E+001  0.42385703E+001
  0.62192607E+000  0.10089775E+001  0.12368229E+001  0.42385645E+001
  0.62192394E+000  0.10089736E+001  0.12368179E+001  0.42385573E+001
  0.62192138E+000  0.10089695E+001  0.12368127E+001  0.42385487E+001
  0.62191848E+000  0.10089652E+001  0.12368072E+001  0.42385392E+001
  0.62191531E+000  0.10089608E+001  0.12368016E+001  0.42385289E+001
  0.62191194E+000  0.10089563E+001  0.12367959E+001  0.42385181E+001
  0.62190843E+000  0.10089518E+001  0.12367902E+001  0.42385069E+001
  0.62190482E+000  0.10089473E+001  0.12367845E+001  0.42384955E+001
  0.62190114E+000  0.10089427E+001  0.12367789E+001  0.42384839E+001
  0.62189745E+000  0.10089382E+001  0.12367732E+001  0.42384723E+001
  0.62189375E+000  0.10089337E+001  0.12367677E+001  0.42384607E+001
  0.62189007E+000  0.10089293E+001  0.12367623E+001  0.42384492E+001
  0.62188644E+000  0.10089250E+001  0.12367570E+001  0.42384379E+001
  0.62188287E+000  0.10089207E+001  0.12367518E+001  0.42384267E+001
  0.62187937E+000  0.10089166E+001  0.12367467E+001  0.42384158E+001
  0.62187595E+000  0.10089125E+001  0.12367418E+001  0.42384051E+001
  0.62187262E+000  0.10089085E+001  0.12367369E+001  0.42383946E+001
  0.62186938E+000  0.10089047E+001  0.12367323E+001  0.42383844E+001
  0.62186625E+000  0.10089009E+001  0.12367277E+001  0.42383745E+001
  0.62186323E+000  0.10088973E+001  0.12367233E+001  0.42383649E+001
  0.62186032E+000  0.10088938E+001  0.12367190E+001  0.42383555E+001
  0.62185752E+000  0.10088904E+001  0.12367149E+001  0.42383465E+001
  0.62185485E+000  0.10088872E+001  0.12367109E+001  0.42383377E+001
  0.62185229E+000  0.10088841E+001  0.12367070E+001  0.42383291E+001
  0.62184985E+000  0.10088811E+001  0.12367033E+001  0.42383209E+001
  0.62184753E+000  0.10088783E+001  0.12366997E+001  0.42383129E+001
  0.62184533E+000  0.10088756E+001  0.12366962E+001  0.42383052E+001
  0.62184325E+000  0.10088730E+001  0.12366929E+001  0.42382978E+001
  0.62184128E+000  0.10088706E+001  0.12366897E+001  0.42382906E+001
  0.62183944E+000  0.10088683E+001  0.12366866E+001  0.42382836E+001
  0.62183770E+000  0.10088662E+001  0.12366837E+001  0.42382769E+001
  0.62183607E+000  0.10088642E+001  0.12366809E+001  0.42382705E+001
  0.62183455E+000  0.10088624E+001  0.12366782E+001  0.42382642E+001
  0.62183313E+000  0.10088607E+001  0.12366757E+001  0.42382582E+001
  0.62183181E+000  0.10088591E+001  0.12366733E+001  0.42382524E+001
  0.62183059E+000  0.10088576E+001  0.12366710E+001  0.42382469E+001
  0.62182945E+000  0.10088563E+001  0.12366688E+001  0.42382415E+001
  0.62182840E+000  0.10088551E+001  0.12366668E+001  0.42382364E+001
  0.62182744E+000  0.10088541E+001  0.12366649E+001  0.42382315E+001
  0.62182654E+000  0.10088531E+001  0.12366631E+001  0.42382267E+001
  0.62182573E+000  0.10088522E+001  0.12366614E+001  0.42382222E+001
  0.62182497E+000  0.10088515E+001  0.12366599E+001  0.42382179E+001
  0.62182429E+000  0.10088508E+001  0.12366584E+001  0.42382137E+001
  0.62182366E+000  0.10088502E+001  0.12366571E+001  0.42382098E+001
  0.62182309E+000  0.10088497E+001  0.12366559E+001  0.42382061E+001
  0.62182257E+000  0.10088492E+001  0.12366548E+001  0.42382026E+001
  0.62182210E+000  0.10088488E+001  0.12366538E+001  0.42381992E+001
  0.62182167E+000  0.10088485E+001  0.12366529E+001  0.42381961E+001
  0.62182129E+000  0.10088482E+001  0.12366521E+001  0.42381932E+001
  0.62182095E+000  0.10088480E+001  0.12366513E+001  0.42381904E+001
  0.62182065E+000  0.10088478E+001  0.12366507E+001  0.42381879E+001
  0.62182038E+000  0.10088477E+001  0.12366502E+001  0.42381855E+001
  0.62182015E+000  0.10088476E+001  0.12366497E+001  0.42381833E+001
  0.62181994E+000  0.10088475E+001  0.12366494E+001  0.42381813E+001
  0.62181977E+000  0.10088475E+001  0.12366490E+001  0.42381795E+001
  0.62181962E+000  0.10088474E+001  0.12366488E+001  0.42381778E+001
  0.62181949E+000  0.10088474E+001  0.12366486E+001  0.42381763E+001
  0.62181939E+000  0.10088475E+001  0.12366485E+001  0.42381749E+001
  0.62181930E+000  0.10088475E+001  0.12366485E+001  0.42381736E+001
  0.62181923E+000  0.10088476E+001  0.12366484E+001  0.42381725E+001
  0.62181918E+000  0.10088476E+001  0.12366485E+001  0.42381715E+001
  0.62181915E+000  0.10088477E+001  0.12366485E+001  0.42381706E+001
  0.62181913E+000  0.10088478E+001  0.12366486E+001  0.42381697E+001
  0.62181911E+000  0.10088479E+001  0.12366487E+001  0.42381690E+001
  0.62181911E+000  0.10088479E+001  0.12366489E+001  0.42381683E+001
  0.62181912E+000  0.10088480E+001  0.12366491E+001  0.42381677E+001
  0.62181914E+000  0.10088481E+001  0.12366492E+001  0.42381671E+001
  0.62181916E+000  0.10088482E+001  0.12366494E+001  0.42381666E+001
  0.62181918E+000  0.10088483E+001  0.12366497E+001  0.42381661E+001
  0.62181922E+000  0.10088484E+001  0.12366499E+001  0.42381656E+001
  0.62181925E+000  0.10088485E+001  0.12366501E+001  0.42381652E+001
  0.62181929E+000  0.10088486E+001  0.12366504E+001  0.42381648E+001
  0.62181933E+000  0.10088487E+001  0.12366506E+001  0.42381644E+001
  0.62181938E+000  0.10088488E+001  0.12366509E+001  0.42381640E+001
  0.62181942E+000  0.10088489E+001  0.12366511E+001  0.42381636E+001
  0.62181947E+000  0.10088490E+001  0.12366514E+001  0.42381633E+001
  0.62181952E+000  0.10088490E+001  0.12366516E+001  0.42381629E+001
  0.62181957E+000  0.10088491E+001  0.12366519E+001  0.42381626E+001
  0.62181962E+000  0.10088492E+001  0.12366521E+001  0.42381623E+001
  0.62181967E+000  0.10088493E+001  0.12366524E+001  0.42381620E+001
  0.62181973E+000  0.10088493E+001  0.12366527E+001  0.42381616E+001
  0.62181978E+000  0.10088494E+001  0.12366529E+001  0.42381613E+001
  0.62181983E+000  0.10088495E+001  0.12366532E+001  0.42381610E+001
  0.62181989E+000  0.10088495E+001  0.12366534E+001  0.42381607E+001
  0.62181994E+000  0.10088496E+001  0.12366537E+001  0.42381604E+001
  0.62181999E+000  0.10088497E+001  0.12366539E+001  0.42381602E+001
  0.62182005E+000  0.10088497E+001  0.12366542E+001  0.42381599E+001
  0.62182010E+000  0.10088498E+001  0.12366544E+001  0.42381596E+001
  0.62182016E+000  0.10088498E+001  0.12366547E+001  0.42381594E+001
  0.62182021E+000  0.10088499E+001  0.12366549E+001  0.42381591E+001
  0.62182027E+000  0.10088499E+001  0.12366552E+001  0.42381589E+001
  0.62182032E+000  0.10088500E+001  0.12366554E+001  0.42381587E+001
  0.62182037E+000  0.10088500E+001  0.12366557E+001  0.42381585E+001
  0.62182043E+000  0.10088501E+001  0.12366559E+001  0.42381584E+001
  0.62182048E+000  0.10088501E+001  0.12366561E+001  0.42381582E+001
  0.62182053E+000  0.10088502E+001  0.12366564E+001  0.42381581E+001
  0.62182059E+000  0.10088502E+001  0.12366566E+001  0.42381580E+001
  0.62182064E+000  0.10088503E+001  0.12366568E+001  0.42381579E+001
  0.62182069E+000  0.10088503E+001  0.12366570E+001  0.42381579E+001
  0.62182074E+000  0.10088503E+001  0.12366573E+001  0.42381578E+001
  0.62182079E+000  0.10088504E+001  0.12366575E+001  0.42381578E+001
  0.62182084E+000  0.10088504E+001  0.12366577E+001  0.42381579E+001
  0.62182089E+000  0.10088504E+001  0.12366579E+001  0.42381579E+001
  0.62182094E+000  0.10088505E+001  0.12366581E+001  0.42381580E+001
  0.62182099E+000  0.10088505E+001  0.12366583E+001  0.42381581E+001
  0.62182104E+000  0.10088505E+001  0.12366585E+001  0.42381583E+001
  0.62182108E+000  0.10088506E+001  0.12366587E+001  0.42381584E+001
  0.62182113E+000  0.10088506E+001  0.12366589E+001  0.42381586E+001
  0.62182117E+000  0.10088506E+001  0.12366591E+001  0.42381589E+001
  0.62182122E+000  0.10088506E+001  0.12366593E+001  0.42381592E+001
  0.62182126E+000  0.10088507E+001  0.12366594E+001  0.42381595E+001
  0.62182130E+000  0.10088507E+001  0.12366596E+001  0.42381598E+001
  0.62182134E+000  0.10088507E+001  0.12366598E+001  0.42381602E+001
  0.62182138E+000  0.10088507E+001  0.12366599E+001  0.42381606E+001
  0.62182142E+000  0.10088508E+001  0.12366601E+001  0.42381610E+001
  0.62182146E+000  0.10088508E+001  0.12366602E+001  0.42381615E+001
  0.62182149E+000  0.10088508E+001  0.12366604E+001  0.42381620E+001
  0.62182153E+000  0.10088508E+001  0.12366605E+001  0.42381626E+001
  0.62182156E+000  0.10088508E+001  0.12366607E+001  0.42381631E+001
  0.62182160E+000  0.10088509E+001  0.12366608E+001  0.42381637E+001
  0.62182163E+000  0.10088509E+001  0.12366609E+001  0.42381644E+001
  0.62182166E+000  0.10088509E+001  0.12366611E+001  0.42381651E+001
  0.62182169E+000  0.10088509E+001  0.12366612E+001  0.42381658E+001
  0.62182172E+000  0.10088509E+001  0.12366613E+001  0.42381665E+001
  0.62182174E+000  0.10088509E+001  0.12366614E+001  0.42381673E+001
  0.62182177E+000  0.10088510E+001  0.12366615E+001  0.42381681E+001
  0.62182179E+000  0.10088510E+001  0.12366616E+001  0.42381689E+001
  0.62182182E+000  0.10088510E+001  0.12366617E+001  0.42381697E+001
  0.62182184E+000  0.10088510E+001  0.12366618E+001  0.42381706E+001
  0.62182186E+000  0.10088510E+001  0.12366619E+001  0.42381715E+001
  0.62182188E+000  0.10088510E+001  0.12366620E+001  0.42381724E+001
  0.62182190E+000  0.10088510E+001  0.12366621E+001  0.42381734E+001
  0.62182192E+000  0.10088510E+001  0.12366622E+001  0.42381744E+001
  0.62182194E+000  0.10088511E+001  0.12366623E+001  0.42381754E+001
  0.62182195E+000  0.10088511E+001  0.12366623E+001  0.42381764E+001
  0.62182197E+000  0.10088511E+001  0.12366624E+001  0.42381774E+001
  0.62182199E+000  0.10088511E+001  0.12366625E+001  0.42381784E+001
  0.62182200E+000  0.10088511E+001  0.12366625E+001  0.42381795E+001
  0.62182201E+000  0.10088511E+001  0.12366626E+001  0.42381806E+001
  0.62182203E+000  0.10088511E+001  0.12366626E+001  0.42381817E+001
  0.62182204E+000  0.10088511E+001  0.12366627E+001  0.42381828E+001
  0.62182205E+000  0.10088511E+001  0.12366627E+001  0.42381839E+001
  0.62182206E+000  0.10088511E+001  0.12366628E+001  0.42381850E+001
  0.62182207E+000  0.10088511E+001  0.12366628E+001  0.42381861E+001
  0.62182208E+000  0.10088511E+001  0.12366629E+001  0.42381872E+001
  0.62182209E+000  0.10088511E+001  0.12366629E+001  0.42381883E+001
  0.62182210E+000  0.10088511E+001  0.12366630E+001  0.42381895E+001
  0.62182210E+000  0.10088511E+001  0.12366630E+001  0.42381906E+001
  0.62182211E+000  0.10088512E+001  0.12366630E+001  0.42381917E+001
  0.62182212E+000  0.10088512E+001  0.12366631E+001  0.42381929E+001
  0.62182212E+000  0.10088512E+001  0.12366631E+001  0.42381940E+001
  0.62182213E+000  0.10088512E+001  0.12366631E+001  0.42381951E+001
  0.62182213E+000  0.10088512E+001  0.12366632E+001  0.42381962E+001
  0.62182214E+000  0.10088512E+001  0.12366632E+001  0.42381973E+001
  0.62182214E+000  0.10088512E+001  0.12366632E+001  0.42381984E+001
  0.62182215E+000  0.10088512E+001  0.12366632E+001  0.42381995E+001
  0.62182215E+000  0.10088512E+001  0.12366632E+001  0.42382006E+001
  0.62182216E+000  0.10088512E+001  0.12366633E+001  0.42382017E+001
  0.62182216E+000  0.10088512E+001  0.12366633E+001  0.42382027E+001
  0.62182216E+000  0.10088512E+001  0.12366633E+001  0.42382038E+001
  0.62182217E+000  0.10088512E+001  0.12366633E+001  0.42382048E+001
  0.62182217E+000  0.10088512E+001  0.12366633E+001  0.42382058E+001
  0.62182217E+000  0.10088512E+001  0.12366634E+001  0.42382068E+001
  0.62182217E+000  0.10088512E+001  0.12366634E+001  0.42382078E+001
  0.62182218E+000  0.10088512E+001  0.12366634E+001  0.42382088E+001
  0.62182218E+000  0.10088512E+001  0.12366634E+001  0.42382098E+001
  0.62182218E+000  0.10088512E+001  0.12366634E+001  0.42382107E+001
  0.62182218E+000  0.10088512E+001  0.12366634E+001  0.42382116E+001
  0.62182218E+000  0.10088512E+001  0.12366634E+001  0.42382125E+001
