  0.90410450E+000
  0.90441935E+000
  0.90463117E+000
  0.90479528E+000
  0.90492852E+000
  0.90503788E+000
  0.90512842E+000
  0.90520342E+000
  0.90526527E+000
  0.90531609E+000
  0.90535800E+000
  0.90539232E+000
  0.90541980E+000
  0.90544171E+000
  0.90545899E+000
  0.90547238E+000
  0.90548250E+000
  0.90548989E+000
  0.90549497E+000
  0.90549812E+000
  0.90549962E+000
  0.90549975E+000
  0.90549873E+000
  0.90549673E+000
  0.90549393E+000
  0.90549045E+000
  0.90548643E+000
  0.90548195E+000
  0.90547710E+000
  0.90547196E+000
  0.90546660E+000
  0.90546107E+000
  0.90545542E+000
  0.90544968E+000
  0.90544390E+000
  0.90543810E+000
  0.90543231E+000
  0.90542655E+000
  0.90542083E+000
  0.90541519E+000
  0.90540962E+000
  0.90540414E+000
  0.90539875E+000
  0.90539347E+000
  0.90538831E+000
  0.90538326E+000
  0.90537834E+000
  0.90537355E+000
  0.90536889E+000
  0.90536436E+000
  0.90535998E+000
  0.90535573E+000
  0.90535163E+000
  0.90534768E+000
  0.90534388E+000
  0.90534023E+000
  0.90533673E+000
  0.90533338E+000
  0.90533018E+000
  0.90532713E+000
  0.90532423E+000
  0.90532149E+000
  0.90531889E+000
  0.90531643E+000
  0.90531412E+000
  0.90531195E+000
  0.90530992E+000
  0.90530802E+000
  0.90530625E+000
  0.90530461E+000
  0.90530310E+000
  0.90530170E+000
  0.90530042E+000
  0.90529925E+000
  0.90529819E+000
  0.90529723E+000
  0.90529638E+000
  0.90529562E+000
  0.90529495E+000
  0.90529437E+000
  0.90529387E+000
  0.90529345E+000
  0.90529310E+000
  0.90529282E+000
  0.90529260E+000
  0.90529244E+000
  0.90529233E+000
  0.90529226E+000
  0.90529224E+000
  0.90529225E+000
  0.90529230E+000
  0.90529237E+000
  0.90529246E+000
  0.90529257E+000
  0.90529269E+000
  0.90529282E+000
  0.90529295E+000
  0.90529309E+000
  0.90529324E+000
  0.90529337E+000
  0.90529351E+000
  0.90529364E+000
  0.90529377E+000
  0.90529389E+000
  0.90529400E+000
  0.90529411E+000
  0.90529420E+000
  0.90529429E+000
  0.90529437E+000
  0.90529444E+000
  0.90529450E+000
  0.90529455E+000
  0.90529459E+000
  0.90529463E+000
  0.90529466E+000
  0.90529468E+000
  0.90529470E+000
  0.90529471E+000
  0.90529472E+000
  0.90529472E+000
  0.90529471E+000
  0.90529470E+000
  0.90529469E+000
  0.90529467E+000
  0.90529465E+000
  0.90529463E+000
  0.90529460E+000
  0.90529457E+000
  0.90529454E+000
  0.90529450E+000
  0.90529447E+000
  0.90529443E+000
  0.90529439E+000
  0.90529435E+000
  0.90529431E+000
  0.90529427E+000
  0.90529423E+000
  0.90529419E+000
  0.90529414E+000
  0.90529410E+000
  0.90529406E+000
  0.90529401E+000
  0.90529397E+000
  0.90529392E+000
  0.90529388E+000
  0.90529384E+000
  0.90529380E+000
  0.90529375E+000
  0.90529371E+000
  0.90529367E+000
  0.90529363E+000
  0.90529359E+000
  0.90529355E+000
  0.90529351E+000
  0.90529348E+000
  0.90529344E+000
  0.90529340E+000
  0.90529337E+000
  0.90529333E+000
  0.90529330E+000
  0.90529327E+000
  0.90529323E+000
  0.90529320E+000
  0.90529317E+000
  0.90529314E+000
  0.90529311E+000
  0.90529308E+000
  0.90529306E+000
  0.90529303E+000
  0.90529300E+000
  0.90529298E+000
  0.90529296E+000
  0.90529293E+000
  0.90529291E+000
  0.90529289E+000
  0.90529287E+000
  0.90529285E+000
  0.90529283E+000
  0.90529281E+000
  0.90529279E+000
  0.90529277E+000
  0.90529276E+000
  0.90529274E+000
  0.90529272E+000
  0.90529271E+000
  0.90529270E+000
  0.90529268E+000
  0.90529267E+000
  0.90529266E+000
  0.90529264E+000
  0.90529263E+000
  0.90529262E+000
  0.90529261E+000
  0.90529260E+000
  0.90529259E+000
  0.90529258E+000
  0.90529257E+000
  0.90529256E+000
  0.90529255E+000
  0.90529256E+000
