  0.26138386E+000
  0.27535896E+000
  0.27658260E+000
  0.27532801E+000
  0.27351790E+000
  0.27165992E+000
  0.26996027E+000
  0.26846354E+000
  0.26719607E+000
  0.26615149E+000
  0.26526147E+000
  0.26453346E+000
  0.26396259E+000
  0.26350899E+000
  0.26314474E+000
  0.26284979E+000
  0.26260927E+000
  0.26241207E+000
  0.26224972E+000
  0.26211569E+000
  0.26200482E+000
  0.26191304E+000
  0.26183705E+000
  0.26177417E+000
  0.26172216E+000
  0.26167921E+000
  0.26164376E+000
  0.26161453E+000
  0.26159043E+000
  0.26157053E+000
  0.26155405E+000
  0.26154034E+000
  0.26152883E+000
  0.26151905E+000
  0.26151062E+000
  0.26150320E+000
  0.26149653E+000
  0.26149039E+000
  0.26148460E+000
  0.26147904E+000
  0.26147360E+000
  0.26146820E+000
  0.26146279E+000
  0.26145734E+000
  0.26145185E+000
  0.26144629E+000
  0.26144068E+000
  0.26143504E+000
  0.26142939E+000
  0.26142374E+000
  0.26141814E+000
  0.26141260E+000
  0.26140715E+000
  0.26140182E+000
  0.26139663E+000
  0.26139162E+000
  0.26138680E+000
  0.26138220E+000
  0.26137783E+000
  0.26137371E+000
  0.26136985E+000
  0.26136626E+000
  0.26136296E+000
  0.26135995E+000
  0.26135723E+000
  0.26135480E+000
  0.26135267E+000
  0.26135083E+000
  0.26134929E+000
  0.26134802E+000
  0.26134703E+000
  0.26134631E+000
  0.26134585E+000
  0.26134563E+000
  0.26134564E+000
  0.26134587E+000
  0.26134631E+000
  0.26134693E+000
  0.26134772E+000
  0.26134867E+000
  0.26134975E+000
  0.26135094E+000
  0.26135224E+000
  0.26135362E+000
  0.26135506E+000
  0.26135655E+000
  0.26135807E+000
  0.26135961E+000
  0.26136115E+000
  0.26136268E+000
  0.26136419E+000
  0.26136567E+000
  0.26136711E+000
  0.26136850E+000
  0.26136984E+000
  0.26137112E+000
  0.26137233E+000
  0.26137349E+000
  0.26137458E+000
  0.26137561E+000
  0.26137656E+000
  0.26137746E+000
  0.26137829E+000
  0.26137906E+000
  0.26137976E+000
  0.26138041E+000
  0.26138101E+000
  0.26138155E+000
  0.26138204E+000
  0.26138249E+000
  0.26138288E+000
  0.26138324E+000
  0.26138356E+000
  0.26138384E+000
  0.26138409E+000
  0.26138431E+000
  0.26138450E+000
  0.26138466E+000
  0.26138480E+000
  0.26138492E+000
  0.26138501E+000
  0.26138509E+000
  0.26138515E+000
  0.26138520E+000
  0.26138523E+000
  0.26138525E+000
  0.26138527E+000
  0.26138527E+000
  0.26138526E+000
  0.26138525E+000
  0.26138523E+000
  0.26138520E+000
  0.26138518E+000
  0.26138514E+000
  0.26138511E+000
  0.26138507E+000
  0.26138503E+000
  0.26138499E+000
  0.26138494E+000
  0.26138490E+000
  0.26138486E+000
  0.26138481E+000
  0.26138477E+000
  0.26138472E+000
  0.26138468E+000
  0.26138464E+000
  0.26138460E+000
  0.26138456E+000
  0.26138452E+000
  0.26138448E+000
  0.26138444E+000
  0.26138441E+000
  0.26138437E+000
  0.26138434E+000
  0.26138431E+000
  0.26138428E+000
  0.26138425E+000
  0.26138422E+000
  0.26138420E+000
  0.26138417E+000
  0.26138415E+000
  0.26138413E+000
  0.26138411E+000
  0.26138409E+000
  0.26138407E+000
  0.26138405E+000
  0.26138404E+000
  0.26138402E+000
  0.26138401E+000
  0.26138400E+000
  0.26138398E+000
  0.26138397E+000
  0.26138396E+000
  0.26138396E+000
  0.26138395E+000
  0.26138394E+000
  0.26138393E+000
  0.26138393E+000
  0.26138392E+000
  0.26138392E+000
  0.26138391E+000
  0.26138391E+000
  0.26138391E+000
  0.26138391E+000
  0.26138390E+000
  0.26138390E+000
  0.26138390E+000
  0.26138390E+000
  0.26138390E+000
  0.26138390E+000
  0.26138389E+000
  0.26138389E+000
  0.26138389E+000
  0.26138389E+000
  0.26138389E+000
  0.26138389E+000
  0.26138389E+000
  0.26138390E+000
  0.26138391E+000
  0.26138393E+000
