  0.14115454E+000
  0.14247608E+000
  0.14328577E+000
  0.14375144E+000
  0.14398945E+000
  0.14408060E+000
  0.14407688E+000
  0.14401249E+000
  0.14391101E+000
  0.14378690E+000
  0.14365038E+000
  0.14349338E+000
  0.14331206E+000
  0.14312545E+000
  0.14294390E+000
  0.14277264E+000
  0.14261404E+000
  0.14246881E+000
  0.14233674E+000
  0.14221712E+000
  0.14210904E+000
  0.14201148E+000
  0.14192348E+000
  0.14184409E+000
  0.14177244E+000
  0.14170776E+000
  0.14164932E+000
  0.14159649E+000
  0.14154871E+000
  0.14150547E+000
  0.14146631E+000
  0.14143084E+000
  0.14139870E+000
  0.14136956E+000
  0.14134314E+000
  0.14131918E+000
  0.14129745E+000
  0.14127774E+000
  0.14125987E+000
  0.14124366E+000
  0.14122896E+000
  0.14121563E+000
  0.14120355E+000
  0.14119260E+000
  0.14118268E+000
  0.14117369E+000
  0.14116555E+000
  0.14115818E+000
  0.14115151E+000
  0.14114549E+000
  0.14114004E+000
  0.14113514E+000
  0.14113072E+000
  0.14112676E+000
  0.14112321E+000
  0.14112005E+000
  0.14111724E+000
  0.14111476E+000
  0.14111259E+000
  0.14111071E+000
  0.14110909E+000
  0.14110772E+000
  0.14110658E+000
  0.14110566E+000
  0.14110495E+000
  0.14110443E+000
  0.14110409E+000
  0.14110392E+000
  0.14110391E+000
  0.14110406E+000
  0.14110435E+000
  0.14110479E+000
  0.14110536E+000
  0.14110605E+000
  0.14110687E+000
  0.14110781E+000
  0.14110886E+000
  0.14111001E+000
  0.14111125E+000
  0.14111259E+000
  0.14111400E+000
  0.14111549E+000
  0.14111704E+000
  0.14111863E+000
  0.14112027E+000
  0.14112194E+000
  0.14112362E+000
  0.14112531E+000
  0.14112699E+000
  0.14112866E+000
  0.14113031E+000
  0.14113192E+000
  0.14113349E+000
  0.14113502E+000
  0.14113650E+000
  0.14113792E+000
  0.14113927E+000
  0.14114057E+000
  0.14114180E+000
  0.14114296E+000
  0.14114406E+000
  0.14114509E+000
  0.14114605E+000
  0.14114695E+000
  0.14114779E+000
  0.14114857E+000
  0.14114929E+000
  0.14114995E+000
  0.14115056E+000
  0.14115112E+000
  0.14115163E+000
  0.14115210E+000
  0.14115252E+000
  0.14115290E+000
  0.14115325E+000
  0.14115356E+000
  0.14115384E+000
  0.14115408E+000
  0.14115430E+000
  0.14115449E+000
  0.14115466E+000
  0.14115481E+000
  0.14115494E+000
  0.14115505E+000
  0.14115514E+000
  0.14115522E+000
  0.14115528E+000
  0.14115533E+000
  0.14115537E+000
  0.14115540E+000
  0.14115542E+000
  0.14115543E+000
  0.14115544E+000
  0.14115543E+000
  0.14115543E+000
  0.14115542E+000
  0.14115540E+000
  0.14115538E+000
  0.14115536E+000
  0.14115534E+000
  0.14115531E+000
  0.14115528E+000
  0.14115526E+000
  0.14115523E+000
  0.14115520E+000
  0.14115517E+000
  0.14115513E+000
  0.14115510E+000
  0.14115507E+000
  0.14115504E+000
  0.14115501E+000
  0.14115499E+000
  0.14115496E+000
  0.14115493E+000
  0.14115490E+000
  0.14115488E+000
  0.14115485E+000
  0.14115483E+000
  0.14115481E+000
  0.14115479E+000
  0.14115477E+000
  0.14115475E+000
  0.14115473E+000
  0.14115472E+000
  0.14115470E+000
  0.14115468E+000
  0.14115467E+000
  0.14115466E+000
  0.14115465E+000
  0.14115464E+000
  0.14115463E+000
  0.14115462E+000
  0.14115461E+000
  0.14115460E+000
  0.14115460E+000
  0.14115459E+000
  0.14115459E+000
  0.14115458E+000
  0.14115458E+000
  0.14115457E+000
  0.14115457E+000
  0.14115457E+000
  0.14115457E+000
  0.14115457E+000
  0.14115456E+000
  0.14115456E+000
  0.14115456E+000
  0.14115456E+000
  0.14115456E+000
  0.14115456E+000
  0.14115456E+000
  0.14115456E+000
  0.14115456E+000
  0.14115456E+000
  0.14115456E+000
  0.14115456E+000
  0.14115457E+000
  0.14115457E+000
  0.14115458E+000
  0.14115460E+000
