  0.86193873E+000
  0.86240201E+000
  0.86269776E+000
  0.86289420E+000
  0.86302521E+000
  0.86311074E+000
  0.86316361E+000
  0.86319249E+000
  0.86320344E+000
  0.86320092E+000
  0.86318832E+000
  0.86316794E+000
  0.86314162E+000
  0.86311106E+000
  0.86307750E+000
  0.86304188E+000
  0.86300490E+000
  0.86296710E+000
  0.86292890E+000
  0.86289062E+000
  0.86285250E+000
  0.86281474E+000
  0.86277749E+000
  0.86274086E+000
  0.86270493E+000
  0.86266977E+000
  0.86263542E+000
  0.86260194E+000
  0.86256932E+000
  0.86253760E+000
  0.86250678E+000
  0.86247687E+000
  0.86244786E+000
  0.86241976E+000
  0.86239255E+000
  0.86236623E+000
  0.86234079E+000
  0.86231621E+000
  0.86229249E+000
  0.86226962E+000
  0.86224757E+000
  0.86222635E+000
  0.86220593E+000
  0.86218630E+000
  0.86216746E+000
  0.86214939E+000
  0.86213208E+000
  0.86211551E+000
  0.86209968E+000
  0.86208458E+000
  0.86207019E+000
  0.86205650E+000
  0.86204349E+000
  0.86203116E+000
  0.86201948E+000
  0.86200845E+000
  0.86199804E+000
  0.86198824E+000
  0.86197902E+000
  0.86197038E+000
  0.86196228E+000
  0.86195472E+000
  0.86194766E+000
  0.86194110E+000
  0.86193500E+000
  0.86192936E+000
  0.86192416E+000
  0.86191937E+000
  0.86191500E+000
  0.86191102E+000
  0.86190742E+000
  0.86190421E+000
  0.86190136E+000
  0.86189888E+000
  0.86189675E+000
  0.86189498E+000
  0.86189354E+000
  0.86189244E+000
  0.86189167E+000
  0.86189121E+000
  0.86189105E+000
  0.86189117E+000
  0.86189156E+000
  0.86189220E+000
  0.86189306E+000
  0.86189413E+000
  0.86189537E+000
  0.86189678E+000
  0.86189831E+000
  0.86189995E+000
  0.86190168E+000
  0.86190346E+000
  0.86190529E+000
  0.86190714E+000
  0.86190899E+000
  0.86191082E+000
  0.86191263E+000
  0.86191440E+000
  0.86191612E+000
  0.86191779E+000
  0.86191938E+000
  0.86192091E+000
  0.86192236E+000
  0.86192374E+000
  0.86192504E+000
  0.86192626E+000
  0.86192740E+000
  0.86192846E+000
  0.86192946E+000
  0.86193037E+000
  0.86193122E+000
  0.86193201E+000
  0.86193273E+000
  0.86193338E+000
  0.86193399E+000
  0.86193454E+000
  0.86193503E+000
  0.86193549E+000
  0.86193590E+000
  0.86193626E+000
  0.86193659E+000
  0.86193689E+000
  0.86193716E+000
  0.86193739E+000
  0.86193760E+000
  0.86193779E+000
  0.86193795E+000
  0.86193809E+000
  0.86193822E+000
  0.86193832E+000
  0.86193842E+000
  0.86193850E+000
  0.86193857E+000
  0.86193863E+000
  0.86193867E+000
  0.86193871E+000
  0.86193875E+000
  0.86193878E+000
  0.86193880E+000
  0.86193881E+000
  0.86193882E+000
  0.86193883E+000
  0.86193884E+000
  0.86193884E+000
  0.86193884E+000
  0.86193884E+000
  0.86193884E+000
  0.86193883E+000
  0.86193883E+000
  0.86193882E+000
  0.86193882E+000
  0.86193881E+000
  0.86193880E+000
  0.86193880E+000
  0.86193879E+000
  0.86193878E+000
  0.86193878E+000
  0.86193877E+000
  0.86193877E+000
  0.86193876E+000
  0.86193876E+000
  0.86193875E+000
  0.86193875E+000
  0.86193875E+000
  0.86193875E+000
  0.86193874E+000
  0.86193874E+000
  0.86193874E+000
  0.86193874E+000
  0.86193874E+000
  0.86193874E+000
  0.86193874E+000
  0.86193874E+000
  0.86193874E+000
  0.86193875E+000
  0.86193875E+000
  0.86193875E+000
  0.86193875E+000
  0.86193875E+000
  0.86193876E+000
  0.86193876E+000
  0.86193876E+000
  0.86193877E+000
  0.86193877E+000
  0.86193877E+000
  0.86193878E+000
  0.86193878E+000
  0.86193878E+000
  0.86193878E+000
  0.86193879E+000
  0.86193879E+000
  0.86193879E+000
  0.86193880E+000
  0.86193880E+000
  0.86193880E+000
  0.86193880E+000
  0.86193881E+000
  0.86193881E+000
  0.86193882E+000
  0.86193884E+000
