  0.88682554E+000
  0.88685679E+000
  0.88688178E+000
  0.88690158E+000
  0.88691721E+000
  0.88692947E+000
  0.88693897E+000
  0.88694620E+000
  0.88695155E+000
  0.88695534E+000
  0.88695786E+000
  0.88695930E+000
  0.88695984E+000
  0.88695966E+000
  0.88695887E+000
  0.88695758E+000
  0.88695588E+000
  0.88695383E+000
  0.88695151E+000
  0.88694895E+000
  0.88694620E+000
  0.88694331E+000
  0.88694028E+000
  0.88693716E+000
  0.88693396E+000
  0.88693070E+000
  0.88692739E+000
  0.88692405E+000
  0.88692069E+000
  0.88691732E+000
  0.88691395E+000
  0.88691058E+000
  0.88690723E+000
  0.88690389E+000
  0.88690057E+000
  0.88689729E+000
  0.88689403E+000
  0.88689082E+000
  0.88688764E+000
  0.88688451E+000
  0.88688143E+000
  0.88687841E+000
  0.88687544E+000
  0.88687253E+000
  0.88686969E+000
  0.88686692E+000
  0.88686421E+000
  0.88686158E+000
  0.88685903E+000
  0.88685657E+000
  0.88685418E+000
  0.88685189E+000
  0.88684968E+000
  0.88684757E+000
  0.88684555E+000
  0.88684363E+000
  0.88684180E+000
  0.88684007E+000
  0.88683845E+000
  0.88683692E+000
  0.88683549E+000
  0.88683416E+000
  0.88683293E+000
  0.88683179E+000
  0.88683075E+000
  0.88682980E+000
  0.88682894E+000
  0.88682817E+000
  0.88682748E+000
  0.88682687E+000
  0.88682634E+000
  0.88682589E+000
  0.88682550E+000
  0.88682518E+000
  0.88682492E+000
  0.88682472E+000
  0.88682457E+000
  0.88682447E+000
  0.88682442E+000
  0.88682441E+000
  0.88682443E+000
  0.88682448E+000
  0.88682456E+000
  0.88682467E+000
  0.88682480E+000
  0.88682494E+000
  0.88682509E+000
  0.88682526E+000
  0.88682543E+000
  0.88682560E+000
  0.88682578E+000
  0.88682595E+000
  0.88682612E+000
  0.88682628E+000
  0.88682644E+000
  0.88682658E+000
  0.88682672E+000
  0.88682684E+000
  0.88682696E+000
  0.88682706E+000
  0.88682715E+000
  0.88682723E+000
  0.88682729E+000
  0.88682735E+000
  0.88682739E+000
  0.88682742E+000
  0.88682744E+000
  0.88682744E+000
  0.88682744E+000
  0.88682743E+000
  0.88682741E+000
  0.88682738E+000
  0.88682734E+000
  0.88682729E+000
  0.88682724E+000
  0.88682718E+000
  0.88682712E+000
  0.88682705E+000
  0.88682697E+000
  0.88682690E+000
  0.88682681E+000
  0.88682673E+000
  0.88682664E+000
  0.88682655E+000
  0.88682646E+000
  0.88682637E+000
  0.88682628E+000
  0.88682619E+000
  0.88682609E+000
  0.88682600E+000
  0.88682591E+000
  0.88682581E+000
  0.88682572E+000
  0.88682563E+000
  0.88682555E+000
  0.88682546E+000
  0.88682538E+000
  0.88682529E+000
  0.88682521E+000
  0.88682513E+000
  0.88682506E+000
  0.88682499E+000
  0.88682492E+000
  0.88682485E+000
  0.88682478E+000
  0.88682472E+000
  0.88682466E+000
  0.88682461E+000
  0.88682456E+000
  0.88682451E+000
  0.88682446E+000
  0.88682442E+000
  0.88682438E+000
  0.88682434E+000
  0.88682431E+000
  0.88682427E+000
  0.88682425E+000
  0.88682422E+000
  0.88682420E+000
  0.88682418E+000
  0.88682416E+000
  0.88682415E+000
  0.88682414E+000
  0.88682413E+000
  0.88682412E+000
  0.88682411E+000
  0.88682411E+000
  0.88682411E+000
  0.88682411E+000
  0.88682412E+000
  0.88682412E+000
  0.88682413E+000
  0.88682414E+000
  0.88682415E+000
  0.88682417E+000
  0.88682418E+000
  0.88682419E+000
  0.88682421E+000
  0.88682423E+000
  0.88682425E+000
  0.88682427E+000
  0.88682429E+000
  0.88682431E+000
  0.88682433E+000
  0.88682436E+000
  0.88682438E+000
  0.88682440E+000
  0.88682443E+000
  0.88682445E+000
  0.88682448E+000
  0.88682451E+000
  0.88682453E+000
  0.88682456E+000
  0.88682458E+000
  0.88682461E+000
  0.88682463E+000
  0.88682466E+000
  0.88682469E+000
  0.88682471E+000
  0.88682474E+000
