  0.46023780E+000
  0.46016955E+000
  0.46011749E+000
  0.46007231E+000
  0.46003460E+000
  0.46000362E+000
  0.45997704E+000
  0.45995443E+000
  0.45993389E+000
  0.45991948E+000
  0.45990642E+000
  0.45989558E+000
  0.45988619E+000
  0.45987831E+000
  0.45987114E+000
  0.45986842E+000
  0.45986306E+000
  0.45986086E+000
  0.45985733E+000
  0.45985636E+000
  0.45985351E+000
  0.45985153E+000
  0.45985047E+000
  0.45984955E+000
  0.45984942E+000
  0.45984890E+000
  0.45984874E+000
  0.45984833E+000
  0.45984942E+000
  0.45985039E+000
  0.45985054E+000
  0.45985083E+000
  0.45985138E+000
  0.45985196E+000
  0.45985284E+000
  0.45985348E+000
  0.45985425E+000
  0.45985499E+000
  0.45985572E+000
  0.45985646E+000
  0.45985717E+000
  0.45985792E+000
  0.45985860E+000
  0.45985936E+000
  0.45986007E+000
  0.45986076E+000
  0.45986137E+000
  0.45986174E+000
  0.45986246E+000
  0.45986312E+000
  0.45986376E+000
  0.45986432E+000
  0.45986497E+000
  0.45986544E+000
  0.45986591E+000
  0.45986609E+000
  0.45986636E+000
  0.45986680E+000
  0.45986726E+000
  0.45986762E+000
  0.45986802E+000
  0.45986833E+000
  0.45986868E+000
  0.45986889E+000
  0.45986941E+000
  0.45986962E+000
  0.45986990E+000
  0.45986998E+000
  0.45987012E+000
  0.45987021E+000
  0.45987035E+000
  0.45987037E+000
  0.45987043E+000
  0.45987047E+000
  0.45987044E+000
  0.45987047E+000
  0.45987063E+000
  0.45987074E+000
  0.45987069E+000
  0.45987073E+000
  0.45987079E+000
  0.45987079E+000
  0.45987078E+000
  0.45986999E+000
  0.45986999E+000
  0.45986989E+000
  0.45986977E+000
  0.45986971E+000
  0.45986968E+000
  0.45986968E+000
  0.45986954E+000
  0.45986945E+000
  0.45986938E+000
  0.45986931E+000
  0.45986923E+000
  0.45986919E+000
  0.45986909E+000
  0.45986904E+000
  0.45986898E+000
  0.45986891E+000
  0.45986889E+000
  0.45986884E+000
  0.45986877E+000
  0.45986872E+000
  0.45986865E+000
  0.45986856E+000
  0.45986853E+000
  0.45986845E+000
  0.45986840E+000
  0.45986823E+000
  0.45986818E+000
  0.45986812E+000
  0.45986806E+000
  0.45986800E+000
  0.45986794E+000
  0.45986787E+000
  0.45986781E+000
  0.45986774E+000
  0.45986768E+000
  0.45986752E+000
  0.45986741E+000
  0.45986736E+000
  0.45986731E+000
  0.45986725E+000
  0.45986719E+000
  0.45986714E+000
  0.45986709E+000
  0.45986706E+000
  0.45986701E+000
  0.45986696E+000
  0.45986692E+000
  0.45986688E+000
  0.45986684E+000
  0.45986680E+000
  0.45986676E+000
  0.45986673E+000
  0.45986670E+000
  0.45986667E+000
  0.45986665E+000
  0.45986662E+000
  0.45986660E+000
  0.45986659E+000
  0.45986657E+000
  0.45986656E+000
  0.45986655E+000
  0.45986653E+000
  0.45986653E+000
  0.45986653E+000
  0.45986653E+000
  0.45986654E+000
  0.45986655E+000
  0.45986656E+000
  0.45986658E+000
  0.45986660E+000
  0.45986662E+000
  0.45986664E+000
  0.45986667E+000
  0.45986670E+000
  0.45986674E+000
  0.45986677E+000
  0.45986681E+000
  0.45986685E+000
  0.45986690E+000
  0.45986694E+000
  0.45986699E+000
  0.45986704E+000
  0.45986709E+000
  0.45986715E+000
  0.45986720E+000
  0.45986726E+000
  0.45986732E+000
  0.45986738E+000
  0.45986744E+000
  0.45986750E+000
  0.45986757E+000
  0.45986763E+000
  0.45986770E+000
  0.45986777E+000
  0.45986783E+000
  0.45986790E+000
  0.45986797E+000
  0.45986804E+000
  0.45986811E+000
  0.45986818E+000
  0.45986825E+000
  0.45986832E+000
  0.45986838E+000
  0.45986845E+000
  0.45986852E+000
  0.45986859E+000
  0.45986866E+000
  0.45986872E+000
  0.45986879E+000
  0.45986886E+000
  0.45986892E+000
  0.45986898E+000
  0.45986905E+000
  0.45986911E+000
  0.45986917E+000
  0.45986923E+000
