  0.81427371E+000
  0.81427365E+000
  0.81427333E+000
  0.81427285E+000
  0.81427232E+000
  0.81427179E+000
  0.81427130E+000
  0.81427087E+000
  0.81427051E+000
  0.81427021E+000
  0.81426997E+000
  0.81426980E+000
  0.81426968E+000
  0.81426961E+000
  0.81426959E+000
  0.81426960E+000
  0.81426966E+000
  0.81426974E+000
  0.81426985E+000
  0.81426999E+000
  0.81427015E+000
  0.81427033E+000
  0.81427052E+000
  0.81427073E+000
  0.81427095E+000
  0.81427119E+000
  0.81427143E+000
  0.81427168E+000
  0.81427194E+000
  0.81427220E+000
  0.81427247E+000
  0.81427274E+000
  0.81427301E+000
  0.81427328E+000
  0.81427356E+000
  0.81427383E+000
  0.81427411E+000
  0.81427438E+000
  0.81427465E+000
  0.81427491E+000
  0.81427518E+000
  0.81427543E+000
  0.81427569E+000
  0.81427594E+000
  0.81427618E+000
  0.81427642E+000
  0.81427665E+000
  0.81427688E+000
  0.81427710E+000
  0.81427731E+000
  0.81427751E+000
  0.81427771E+000
  0.81427790E+000
  0.81427808E+000
  0.81427826E+000
  0.81427842E+000
  0.81427858E+000
  0.81427874E+000
  0.81427888E+000
  0.81427902E+000
  0.81427915E+000
  0.81427927E+000
  0.81427938E+000
  0.81427948E+000
  0.81427958E+000
  0.81427967E+000
  0.81427975E+000
  0.81427982E+000
  0.81427989E+000
  0.81427994E+000
  0.81427999E+000
  0.81428003E+000
  0.81428006E+000
  0.81428008E+000
  0.81428009E+000
  0.81428009E+000
  0.81428008E+000
  0.81428007E+000
  0.81428004E+000
  0.81428001E+000
  0.81427997E+000
  0.81427992E+000
  0.81427986E+000
  0.81427980E+000
  0.81427972E+000
  0.81427964E+000
  0.81427956E+000
  0.81427947E+000
  0.81427937E+000
  0.81427927E+000
  0.81427917E+000
  0.81427906E+000
  0.81427894E+000
  0.81427883E+000
  0.81427871E+000
  0.81427859E+000
  0.81427847E+000
  0.81427834E+000
  0.81427822E+000
  0.81427809E+000
  0.81427796E+000
  0.81427784E+000
  0.81427771E+000
  0.81427758E+000
  0.81427745E+000
  0.81427732E+000
  0.81427719E+000
  0.81427706E+000
  0.81427693E+000
  0.81427680E+000
  0.81427668E+000
  0.81427655E+000
  0.81427642E+000
  0.81427630E+000
  0.81427617E+000
  0.81427605E+000
  0.81427592E+000
  0.81427580E+000
  0.81427568E+000
  0.81427556E+000
  0.81427544E+000
  0.81427532E+000
  0.81427520E+000
  0.81427509E+000
  0.81427497E+000
  0.81427486E+000
  0.81427475E+000
  0.81427464E+000
  0.81427454E+000
  0.81427443E+000
  0.81427433E+000
  0.81427423E+000
  0.81427413E+000
  0.81427404E+000
  0.81427394E+000
  0.81427385E+000
  0.81427376E+000
  0.81427368E+000
  0.81427360E+000
  0.81427352E+000
  0.81427344E+000
  0.81427336E+000
  0.81427329E+000
  0.81427322E+000
  0.81427316E+000
  0.81427309E+000
  0.81427303E+000
  0.81427297E+000
  0.81427292E+000
  0.81427287E+000
  0.81427282E+000
  0.81427277E+000
  0.81427273E+000
  0.81427269E+000
  0.81427266E+000
  0.81427262E+000
  0.81427259E+000
  0.81427256E+000
  0.81427254E+000
  0.81427251E+000
  0.81427249E+000
  0.81427247E+000
  0.81427246E+000
  0.81427244E+000
  0.81427243E+000
  0.81427243E+000
  0.81427242E+000
  0.81427241E+000
  0.81427241E+000
  0.81427241E+000
  0.81427241E+000
  0.81427242E+000
  0.81427242E+000
  0.81427243E+000
  0.81427244E+000
  0.81427245E+000
  0.81427246E+000
  0.81427247E+000
  0.81427249E+000
  0.81427250E+000
  0.81427252E+000
  0.81427253E+000
  0.81427255E+000
  0.81427257E+000
  0.81427259E+000
  0.81427261E+000
  0.81427263E+000
  0.81427265E+000
  0.81427267E+000
  0.81427270E+000
  0.81427272E+000
  0.81427274E+000
  0.81427276E+000
  0.81427279E+000
  0.81427281E+000
  0.81427283E+000
  0.81427286E+000
  0.81427288E+000
  0.81427290E+000
  0.81427293E+000
