  0.35728183E+000
  0.35723264E+000
  0.35720483E+000
  0.35719295E+000
  0.35719077E+000
  0.35718923E+000
  0.35719176E+000
  0.35719419E+000
  0.35719808E+000
  0.35720137E+000
  0.35720604E+000
  0.35720830E+000
  0.35721170E+000
  0.35721421E+000
  0.35721620E+000
  0.35721930E+000
  0.35722097E+000
  0.35722205E+000
  0.35722307E+000
  0.35722377E+000
  0.35722466E+000
  0.35722529E+000
  0.35722570E+000
  0.35722608E+000
  0.35722656E+000
  0.35722625E+000
  0.35722636E+000
  0.35722639E+000
  0.35722637E+000
  0.35722636E+000
  0.35722630E+000
  0.35722627E+000
  0.35722697E+000
  0.35722691E+000
  0.35722683E+000
  0.35722684E+000
  0.35722657E+000
  0.35722636E+000
  0.35722621E+000
  0.35722611E+000
  0.35722601E+000
  0.35722595E+000
  0.35722592E+000
  0.35722592E+000
  0.35722521E+000
  0.35722509E+000
  0.35722513E+000
  0.35722519E+000
  0.35722518E+000
  0.35722523E+000
  0.35722565E+000
  0.35722570E+000
  0.35722574E+000
  0.35722581E+000
  0.35722583E+000
  0.35722594E+000
  0.35722605E+000
  0.35722620E+000
  0.35722626E+000
  0.35722636E+000
  0.35722647E+000
  0.35722691E+000
  0.35722712E+000
  0.35722718E+000
  0.35722733E+000
  0.35722748E+000
  0.35722751E+000
  0.35722763E+000
  0.35722766E+000
  0.35722784E+000
  0.35722791E+000
  0.35722822E+000
  0.35722841E+000
  0.35722854E+000
  0.35722830E+000
  0.35722847E+000
  0.35722861E+000
  0.35722868E+000
  0.35722874E+000
  0.35722887E+000
  0.35722898E+000
  0.35722902E+000
  0.35722904E+000
  0.35722907E+000
  0.35722909E+000
  0.35722914E+000
  0.35722907E+000
  0.35722909E+000
  0.35722911E+000
  0.35722909E+000
  0.35722906E+000
  0.35722909E+000
  0.35722908E+000
  0.35722906E+000
  0.35722904E+000
  0.35722879E+000
  0.35722873E+000
  0.35722869E+000
  0.35722867E+000
  0.35722862E+000
  0.35722858E+000
  0.35722854E+000
  0.35722850E+000
  0.35722844E+000
  0.35722839E+000
  0.35722833E+000
  0.35722821E+000
  0.35722813E+000
  0.35722801E+000
  0.35722795E+000
  0.35722789E+000
  0.35722783E+000
  0.35722778E+000
  0.35722772E+000
  0.35722766E+000
  0.35722758E+000
  0.35722752E+000
  0.35722746E+000
  0.35722740E+000
  0.35722734E+000
  0.35722728E+000
  0.35722722E+000
  0.35722717E+000
  0.35722711E+000
  0.35722705E+000
  0.35722700E+000
  0.35722694E+000
  0.35722689E+000
  0.35722684E+000
  0.35722679E+000
  0.35722674E+000
  0.35722670E+000
  0.35722665E+000
  0.35722661E+000
  0.35722657E+000
  0.35722653E+000
  0.35722650E+000
  0.35722646E+000
  0.35722643E+000
  0.35722641E+000
  0.35722638E+000
  0.35722636E+000
  0.35722634E+000
  0.35722632E+000
  0.35722631E+000
  0.35722630E+000
  0.35722629E+000
  0.35722628E+000
  0.35722628E+000
  0.35722628E+000
  0.35722629E+000
  0.35722630E+000
  0.35722631E+000
  0.35722632E+000
  0.35722634E+000
  0.35722636E+000
  0.35722639E+000
  0.35722641E+000
  0.35722645E+000
  0.35722648E+000
  0.35722652E+000
  0.35722655E+000
  0.35722660E+000
  0.35722664E+000
  0.35722669E+000
  0.35722674E+000
  0.35722679E+000
  0.35722685E+000
  0.35722691E+000
  0.35722697E+000
  0.35722703E+000
  0.35722709E+000
  0.35722716E+000
  0.35722723E+000
  0.35722729E+000
  0.35722737E+000
  0.35722744E+000
  0.35722751E+000
  0.35722758E+000
  0.35722766E+000
  0.35722774E+000
  0.35722781E+000
  0.35722789E+000
  0.35722797E+000
  0.35722805E+000
  0.35722812E+000
  0.35722820E+000
  0.35722828E+000
  0.35722836E+000
  0.35722844E+000
  0.35722852E+000
  0.35722860E+000
  0.35722867E+000
  0.35722875E+000
  0.35722883E+000
  0.35722890E+000
  0.35722898E+000
  0.35722905E+000
  0.35722912E+000
  0.35722919E+000
