 -0.82433473E+000 -0.64308161E+000 -0.27719921E+000 -0.66076871E-004  0.84371337E-001  0.17428241E+001  0.12063646E+002  0.59173118E+002  0.13400207E+003  0.34790471E+003  0.65682841E+003
 -0.82472690E+000 -0.64389905E+000 -0.27752503E+000 -0.67651470E-004  0.84108255E-001  0.17411178E+001  0.12059056E+002  0.59172951E+002  0.13400099E+003  0.34790255E+003  0.65682029E+003
 -0.82501899E+000 -0.64454635E+000 -0.27778559E+000 -0.68407133E-004  0.81677787E-001  0.17397152E+001  0.12055215E+002  0.59172923E+002  0.13400072E+003  0.34790179E+003  0.65681610E+003
 -0.82522978E+000 -0.64504860E+000 -0.27799142E+000 -0.68705144E-004  0.78972675E-001  0.17385709E+001  0.12052029E+002  0.59172929E+002  0.13400071E+003  0.34790164E+003  0.65681489E+003
 -0.82537632E+000 -0.64542925E+000 -0.27815176E+000 -0.68747158E-004  0.77995275E-001  0.17376452E+001  0.12049404E+002  0.59172945E+002  0.13400079E+003  0.34790174E+003  0.65681539E+003
 -0.82547289E+000 -0.64570932E+000 -0.27827440E+000 -0.68652300E-004  0.77291966E-001  0.17369040E+001  0.12047259E+002  0.59172964E+002  0.13400090E+003  0.34790196E+003  0.65681667E+003
 -0.82553108E+000 -0.64590712E+000 -0.27836585E+000 -0.68491799E-004  0.76900129E-001  0.17363181E+001  0.12045522E+002  0.59172982E+002  0.13400103E+003  0.34790222E+003  0.65681818E+003
 -0.82556014E+000 -0.64603822E+000 -0.27843146E+000 -0.68307220E-004  0.76896561E-001  0.17358630E+001  0.12044131E+002  0.59173000E+002  0.13400115E+003  0.34790250E+003  0.65681967E+003
 -0.82556752E+000 -0.64611558E+000 -0.27847569E+000 -0.68121473E-004  0.76894634E-001  0.17355179E+001  0.12043035E+002  0.59173015E+002  0.13400126E+003  0.34790278E+003  0.65682102E+003
 -0.82555888E+000 -0.64614997E+000 -0.27850222E+000 -0.67945984E-004  0.76893982E-001  0.17352653E+001  0.12042190E+002  0.59173029E+002  0.13400137E+003  0.34790303E+003  0.65682220E+003
 -0.82553855E+000 -0.64615029E+000 -0.27851412E+000 -0.67785445E-004  0.76894313E-001  0.17350905E+001  0.12041557E+002  0.59173041E+002  0.13400147E+003  0.34790326E+003  0.65682322E+003
 -0.82550984E+000 -0.64612380E+000 -0.27851395E+000 -0.67640865E-004  0.76895395E-001  0.17349813E+001  0.12041105E+002  0.59173052E+002  0.13400155E+003  0.34790347E+003  0.65682408E+003
 -0.82547528E+000 -0.64607639E+000 -0.27850385E+000 -0.67511377E-004  0.76897045E-001  0.17349273E+001  0.12040808E+002  0.59173062E+002  0.13400163E+003  0.34790366E+003  0.65682481E+003
 -0.82543677E+000 -0.64601283E+000 -0.27848561E+000 -0.67395351E-004  0.76899121E-001  0.17349199E+001  0.12040641E+002  0.59173070E+002  0.13400170E+003  0.34790382E+003  0.65682543E+003
 -0.82539574E+000 -0.64593696E+000 -0.27846072E+000 -0.67290996E-004  0.76927672E-001  0.17349519E+001  0.12040585E+002  0.59173077E+002  0.13400176E+003  0.34790396E+003  0.65682595E+003
 -0.82535327E+000 -0.64585189E+000 -0.27843045E+000 -0.67196640E-004  0.77158164E-001  0.17350172E+001  0.12040623E+002  0.59173083E+002  0.13400181E+003  0.34790408E+003  0.65682639E+003
 -0.82531013E+000 -0.64576011E+000 -0.27839587E+000 -0.67110827E-004  0.77403368E-001  0.17351107E+001  0.12040742E+002  0.59173089E+002  0.13400185E+003  0.34790419E+003  0.65682675E+003
 -0.82526693E+000 -0.64566363E+000 -0.27835786E+000 -0.67032345E-004  0.77658595E-001  0.17352281E+001  0.12040928E+002  0.59173093E+002  0.13400189E+003  0.34790428E+003  0.65682706E+003
 -0.82522408E+000 -0.64556404E+000 -0.27831719E+000 -0.66960199E-004  0.77920187E-001  0.17353657E+001  0.12041172E+002  0.59173097E+002  0.13400192E+003  0.34790436E+003  0.65682732E+003
 -0.82518189E+000 -0.64546264E+000 -0.27827449E+000 -0.66893583E-004  0.78185292E-001  0.17355203E+001  0.12041465E+002  0.59173101E+002  0.13400195E+003  0.34790443E+003  0.65682754E+003
 -0.82514057E+000 -0.64536041E+000 -0.27823030E+000 -0.66831844E-004  0.78451685E-001  0.17356892E+001  0.12041798E+002  0.59173104E+002  0.13400197E+003  0.34790448E+003  0.65682773E+003
 -0.82510026E+000 -0.64525815E+000 -0.27818509E+000 -0.66774450E-004  0.78717631E-001  0.17358699E+001  0.12042166E+002  0.59173106E+002  0.13400199E+003  0.34790453E+003  0.65682788E+003
 -0.82506105E+000 -0.64515646E+000 -0.27813923E+000 -0.66720965E-004  0.78981773E-001  0.17360605E+001  0.12042563E+002  0.59173108E+002  0.13400201E+003  0.34790457E+003  0.65682801E+003
 -0.82502297E+000 -0.64505578E+000 -0.27809307E+000 -0.66671026E-004  0.79243053E-001  0.17362591E+001  0.12042984E+002  0.59173110E+002  0.13400202E+003  0.34790461E+003  0.65682811E+003
 -0.82498604E+000 -0.64495647E+000 -0.27804687E+000 -0.66624331E-004  0.79587349E-001  0.17364642E+001  0.12043426E+002  0.59173111E+002  0.13400204E+003  0.34790464E+003  0.65682820E+003
 -0.82495023E+000 -0.64485875E+000 -0.27800088E+000 -0.66580622E-004  0.80242083E-001  0.17366743E+001  0.12043884E+002  0.59173113E+002  0.13400205E+003  0.34790466E+003  0.65682828E+003
 -0.82491550E+000 -0.64476278E+000 -0.27795530E+000 -0.66539679E-004  0.80882765E-001  0.17368883E+001  0.12044357E+002  0.59173114E+002  0.13400205E+003  0.34790468E+003  0.65682834E+003
 -0.82488181E+000 -0.64466868E+000 -0.27791032E+000 -0.66501311E-004  0.81508537E-001  0.17371050E+001  0.12044841E+002  0.59173115E+002  0.13400206E+003  0.34790470E+003  0.65682838E+003
 -0.82484909E+000 -0.64457648E+000 -0.27786607E+000 -0.66465353E-004  0.82118744E-001  0.17373234E+001  0.12045336E+002  0.59173115E+002  0.13400207E+003  0.34790471E+003  0.65682842E+003
 -0.82481727E+000 -0.64448622E+000 -0.27782270E+000 -0.66431655E-004  0.82712891E-001  0.17375428E+001  0.12045838E+002  0.59173116E+002  0.13400207E+003  0.34790472E+003  0.65682846E+003
 -0.82478628E+000 -0.64439787E+000 -0.27778031E+000 -0.66400085E-004  0.83290598E-001  0.17377623E+001  0.12046347E+002  0.59173116E+002  0.13400207E+003  0.34790473E+003  0.65682848E+003
 -0.82475605E+000 -0.64431141E+000 -0.27773900E+000 -0.66370524E-004  0.83851574E-001  0.17379812E+001  0.12046863E+002  0.59173117E+002  0.13400208E+003  0.34790474E+003  0.65682850E+003
 -0.82472650E+000 -0.64422681E+000 -0.27769884E+000 -0.66342862E-004  0.84026684E-001  0.17381991E+001  0.12047383E+002  0.59173117E+002  0.13400208E+003  0.34790474E+003  0.65682852E+003
 -0.82469757E+000 -0.64414402E+000 -0.27765991E+000 -0.66316998E-004  0.84050506E-001  0.17384154E+001  0.12047907E+002  0.59173117E+002  0.13400208E+003  0.34790475E+003  0.65682853E+003
 -0.82466917E+000 -0.64406300E+000 -0.27762227E+000 -0.66292838E-004  0.84073560E-001  0.17386296E+001  0.12048434E+002  0.59173117E+002  0.13400208E+003  0.34790475E+003  0.65682854E+003
 -0.82464126E+000 -0.64398371E+000 -0.27758595E+000 -0.66270292E-004  0.84095834E-001  0.17388414E+001  0.12048963E+002  0.59173118E+002  0.13400208E+003  0.34790475E+003  0.65682854E+003
 -0.82461378E+000 -0.64390611E+000 -0.27755100E+000 -0.66249277E-004  0.84117322E-001  0.17390503E+001  0.12049494E+002  0.59173118E+002  0.13400208E+003  0.34790475E+003  0.65682854E+003
 -0.82458668E+000 -0.64383020E+000 -0.27751744E+000 -0.66229712E-004  0.84138015E-001  0.17392562E+001  0.12050026E+002  0.59173118E+002  0.13400208E+003  0.34790475E+003  0.65682855E+003
 -0.82455993E+000 -0.64375597E+000 -0.27748530E+000 -0.66211519E-004  0.84157908E-001  0.17394587E+001  0.12050558E+002  0.59173118E+002  0.13400208E+003  0.34790475E+003  0.65682855E+003
 -0.82453351E+000 -0.64368342E+000 -0.27745459E+000 -0.66194624E-004  0.84176994E-001  0.17396576E+001  0.12051088E+002  0.59173118E+002  0.13400208E+003  0.34790475E+003  0.65682855E+003
 -0.82450739E+000 -0.64361258E+000 -0.27742532E+000 -0.66178955E-004  0.84195266E-001  0.17398527E+001  0.12051617E+002  0.59173118E+002  0.13400208E+003  0.34790475E+003  0.65682854E+003
 -0.82448159E+000 -0.64354349E+000 -0.27739750E+000 -0.66164442E-004  0.84212720E-001  0.17400437E+001  0.12052142E+002  0.59173118E+002  0.13400208E+003  0.34790475E+003  0.65682854E+003
 -0.82445610E+000 -0.64347621E+000 -0.27737111E+000 -0.66151019E-004  0.84229348E-001  0.17402304E+001  0.12052663E+002  0.59173118E+002  0.13400208E+003  0.34790475E+003  0.65682854E+003
 -0.82443096E+000 -0.64341081E+000 -0.27734616E+000 -0.66138622E-004  0.84245146E-001  0.17404127E+001  0.12053178E+002  0.59173118E+002  0.13400208E+003  0.34790475E+003  0.65682854E+003
 -0.82440620E+000 -0.64334736E+000 -0.27732263E+000 -0.66127190E-004  0.84260108E-001  0.17405902E+001  0.12053687E+002  0.59173118E+002  0.13400208E+003  0.34790475E+003  0.65682854E+003
 -0.82438187E+000 -0.64328595E+000 -0.27730050E+000 -0.66116664E-004  0.84274229E-001  0.17407629E+001  0.12054188E+002  0.59173118E+002  0.13400208E+003  0.34790475E+003  0.65682853E+003
 -0.82435803E+000 -0.64322669E+000 -0.27727976E+000 -0.66106988E-004  0.84287505E-001  0.17409303E+001  0.12054680E+002  0.59173118E+002  0.13400208E+003  0.34790475E+003  0.65682853E+003
 -0.82433474E+000 -0.64316967E+000 -0.27726038E+000 -0.66098113E-004  0.84299935E-001  0.17410924E+001  0.12055163E+002  0.59173118E+002  0.13400208E+003  0.34790475E+003  0.65682853E+003
 -0.82431209E+000 -0.64311500E+000 -0.27724234E+000 -0.66089987E-004  0.84311517E-001  0.17412489E+001  0.12055635E+002  0.59173118E+002  0.13400208E+003  0.34790475E+003  0.65682852E+003
 -0.82429014E+000 -0.64306278E+000 -0.27722560E+000 -0.66082566E-004  0.84322254E-001  0.17413995E+001  0.12056096E+002  0.59173118E+002  0.13400208E+003  0.34790474E+003  0.65682852E+003
 -0.82426899E+000 -0.64301312E+000 -0.27721013E+000 -0.66075808E-004  0.84332151E-001  0.17415441E+001  0.12056545E+002  0.59173118E+002  0.13400208E+003  0.34790474E+003  0.65682852E+003
 -0.82424873E+000 -0.64296609E+000 -0.27719589E+000 -0.66069672E-004  0.84341217E-001  0.17416825E+001  0.12056981E+002  0.59173118E+002  0.13400208E+003  0.34790474E+003  0.65682851E+003
 -0.82422943E+000 -0.64292180E+000 -0.27718285E+000 -0.66064122E-004  0.84349464E-001  0.17418144E+001  0.12057404E+002  0.59173118E+002  0.13400208E+003  0.34790474E+003  0.65682851E+003
 -0.82421118E+000 -0.64288030E+000 -0.27717096E+000 -0.66059123E-004  0.84356910E-001  0.17419397E+001  0.12057815E+002  0.59173118E+002  0.13400208E+003  0.34790474E+003  0.65682851E+003
 -0.82419405E+000 -0.64284167E+000 -0.27716019E+000 -0.66054644E-004  0.84363578E-001  0.17420582E+001  0.12058212E+002  0.59173118E+002  0.13400208E+003  0.34790474E+003  0.65682850E+003
 -0.82417812E+000 -0.64280594E+000 -0.27715048E+000 -0.66050653E-004  0.84369495E-001  0.17421699E+001  0.12058596E+002  0.59173118E+002  0.13400208E+003  0.34790474E+003  0.65682850E+003
 -0.82416343E+000 -0.64277315E+000 -0.27714179E+000 -0.66047123E-004  0.84374694E-001  0.17422746E+001  0.12058965E+002  0.59173118E+002  0.13400208E+003  0.34790474E+003  0.65682850E+003
 -0.82415005E+000 -0.64274331E+000 -0.27713408E+000 -0.66044027E-004  0.84379210E-001  0.17423722E+001  0.12059321E+002  0.59173118E+002  0.13400208E+003  0.34790474E+003  0.65682850E+003
 -0.82413800E+000 -0.64271641E+000 -0.27712730E+000 -0.66041338E-004  0.84383087E-001  0.17424629E+001  0.12059664E+002  0.59173118E+002  0.13400208E+003  0.34790474E+003  0.65682849E+003
 -0.82412730E+000 -0.64269245E+000 -0.27712140E+000 -0.66039032E-004  0.84386366E-001  0.17425465E+001  0.12059992E+002  0.59173118E+002  0.13400208E+003  0.34790473E+003  0.65682849E+003
 -0.82411797E+000 -0.64267137E+000 -0.27711633E+000 -0.66037086E-004  0.84389096E-001  0.17426232E+001  0.12060306E+002  0.59173118E+002  0.13400207E+003  0.34790473E+003  0.65682849E+003
 -0.82410999E+000 -0.64265314E+000 -0.27711205E+000 -0.66035477E-004  0.84391324E-001  0.17426929E+001  0.12060605E+002  0.59173118E+002  0.13400207E+003  0.34790473E+003  0.65682849E+003
 -0.82410336E+000 -0.64263769E+000 -0.27710850E+000 -0.66034183E-004  0.84393099E-001  0.17427560E+001  0.12060890E+002  0.59173118E+002  0.13400207E+003  0.34790473E+003  0.65682848E+003
 -0.82409805E+000 -0.64262493E+000 -0.27710565E+000 -0.66033183E-004  0.84394469E-001  0.17428125E+001  0.12061161E+002  0.59173118E+002  0.13400207E+003  0.34790473E+003  0.65682848E+003
 -0.82409401E+000 -0.64261478E+000 -0.27710344E+000 -0.66032456E-004  0.84395482E-001  0.17428625E+001  0.12061416E+002  0.59173118E+002  0.13400207E+003  0.34790473E+003  0.65682848E+003
 -0.82409120E+000 -0.64260714E+000 -0.27710183E+000 -0.66031982E-004  0.84396181E-001  0.17429065E+001  0.12061657E+002  0.59173118E+002  0.13400207E+003  0.34790473E+003  0.65682848E+003
 -0.82408957E+000 -0.64260189E+000 -0.27710078E+000 -0.66031743E-004  0.84396609E-001  0.17429445E+001  0.12061883E+002  0.59173118E+002  0.13400207E+003  0.34790473E+003  0.65682847E+003
 -0.82408904E+000 -0.64259893E+000 -0.27710024E+000 -0.66031720E-004  0.84396805E-001  0.17429770E+001  0.12062095E+002  0.59173118E+002  0.13400207E+003  0.34790473E+003  0.65682847E+003
 -0.82408956E+000 -0.64259812E+000 -0.27710018E+000 -0.66031895E-004  0.84396803E-001  0.17430041E+001  0.12062291E+002  0.59173118E+002  0.13400207E+003  0.34790473E+003  0.65682847E+003
 -0.82409105E+000 -0.64259934E+000 -0.27710056E+000 -0.66032252E-004  0.84396635E-001  0.17430263E+001  0.12062472E+002  0.59173118E+002  0.13400207E+003  0.34790473E+003  0.65682847E+003
 -0.82409345E+000 -0.64260245E+000 -0.27710134E+000 -0.66032776E-004  0.84396328E-001  0.17430438E+001  0.12062639E+002  0.59173118E+002  0.13400207E+003  0.34790473E+003  0.65682847E+003
 -0.82409667E+000 -0.64260734E+000 -0.27710248E+000 -0.66033450E-004  0.84395906E-001  0.17430571E+001  0.12062790E+002  0.59173118E+002  0.13400207E+003  0.34790472E+003  0.65682846E+003
 -0.82410065E+000 -0.64261386E+000 -0.27710396E+000 -0.66034262E-004  0.84395390E-001  0.17430664E+001  0.12062928E+002  0.59173118E+002  0.13400207E+003  0.34790472E+003  0.65682846E+003
 -0.82410532E+000 -0.64262188E+000 -0.27710574E+000 -0.66035196E-004  0.84394796E-001  0.17430720E+001  0.12063051E+002  0.59173118E+002  0.13400207E+003  0.34790472E+003  0.65682846E+003
 -0.82411061E+000 -0.64263128E+000 -0.27710779E+000 -0.66036241E-004  0.84394138E-001  0.17430745E+001  0.12063160E+002  0.59173118E+002  0.13400207E+003  0.34790472E+003  0.65682846E+003
 -0.82411645E+000 -0.64264192E+000 -0.27711009E+000 -0.66037385E-004  0.84393430E-001  0.17430740E+001  0.12063256E+002  0.59173118E+002  0.13400207E+003  0.34790472E+003  0.65682846E+003
 -0.82412277E+000 -0.64265367E+000 -0.27711260E+000 -0.66038615E-004  0.84392679E-001  0.17430709E+001  0.12063338E+002  0.59173118E+002  0.13400207E+003  0.34790472E+003  0.65682845E+003
 -0.82412952E+000 -0.64266641E+000 -0.27711530E+000 -0.66039920E-004  0.84391895E-001  0.17430656E+001  0.12063408E+002  0.59173118E+002  0.13400207E+003  0.34790472E+003  0.65682845E+003
 -0.82413663E+000 -0.64268001E+000 -0.27711817E+000 -0.66041290E-004  0.84391083E-001  0.17430583E+001  0.12063465E+002  0.59173118E+002  0.13400207E+003  0.34790472E+003  0.65682845E+003
 -0.82414404E+000 -0.64269436E+000 -0.27712117E+000 -0.66042714E-004  0.84390249E-001  0.17430493E+001  0.12063512E+002  0.59173118E+002  0.13400207E+003  0.34790472E+003  0.65682845E+003
 -0.82415170E+000 -0.64270932E+000 -0.27712430E+000 -0.66044182E-004  0.84389397E-001  0.17430390E+001  0.12063547E+002  0.59173118E+002  0.13400207E+003  0.34790472E+003  0.65682845E+003
 -0.82415956E+000 -0.64272478E+000 -0.27712751E+000 -0.66045683E-004  0.84388533E-001  0.17430275E+001  0.12063572E+002  0.59173118E+002  0.13400207E+003  0.34790472E+003  0.65682844E+003
 -0.82416755E+000 -0.64274063E+000 -0.27713080E+000 -0.66047207E-004  0.84387659E-001  0.17430151E+001  0.12063588E+002  0.59173118E+002  0.13400207E+003  0.34790472E+003  0.65682844E+003
 -0.82417563E+000 -0.64275675E+000 -0.27713414E+000 -0.66048746E-004  0.84386780E-001  0.17430020E+001  0.12063595E+002  0.59173118E+002  0.13400207E+003  0.34790472E+003  0.65682844E+003
 -0.82418376E+000 -0.64277303E+000 -0.27713750E+000 -0.66050289E-004  0.84385899E-001  0.17429884E+001  0.12063594E+002  0.59173118E+002  0.13400207E+003  0.34790471E+003  0.65682844E+003
 -0.82419187E+000 -0.64278938E+000 -0.27714087E+000 -0.66051828E-004  0.84385020E-001  0.17429745E+001  0.12063587E+002  0.59173117E+002  0.13400207E+003  0.34790471E+003  0.65682844E+003
 -0.82419994E+000 -0.64280568E+000 -0.27714422E+000 -0.66053355E-004  0.84384146E-001  0.17429605E+001  0.12063574E+002  0.59173117E+002  0.13400207E+003  0.34790471E+003  0.65682844E+003
 -0.82420792E+000 -0.64282185E+000 -0.27714754E+000 -0.66054860E-004  0.84383281E-001  0.17429465E+001  0.12063555E+002  0.59173117E+002  0.13400206E+003  0.34790471E+003  0.65682843E+003
 -0.82421577E+000 -0.64283781E+000 -0.27715081E+000 -0.66056337E-004  0.84382429E-001  0.17429326E+001  0.12063533E+002  0.59173117E+002  0.13400206E+003  0.34790471E+003  0.65682843E+003
 -0.82422345E+000 -0.64285347E+000 -0.27715402E+000 -0.66057779E-004  0.84381594E-001  0.17429190E+001  0.12063506E+002  0.59173117E+002  0.13400206E+003  0.34790471E+003  0.65682843E+003
 -0.82423094E+000 -0.64286875E+000 -0.27715714E+000 -0.66059180E-004  0.84380779E-001  0.17429057E+001  0.12063478E+002  0.59173117E+002  0.13400206E+003  0.34790471E+003  0.65682843E+003
 -0.82423820E+000 -0.64288361E+000 -0.27716018E+000 -0.66060534E-004  0.84379987E-001  0.17428929E+001  0.12063447E+002  0.59173117E+002  0.13400206E+003  0.34790471E+003  0.65682843E+003
 -0.82424522E+000 -0.64289798E+000 -0.27716311E+000 -0.66061838E-004  0.84379221E-001  0.17428806E+001  0.12063414E+002  0.59173117E+002  0.13400206E+003  0.34790471E+003  0.65682843E+003
 -0.82425197E+000 -0.64291182E+000 -0.27716592E+000 -0.66063087E-004  0.84378484E-001  0.17428689E+001  0.12063381E+002  0.59173117E+002  0.13400206E+003  0.34790471E+003  0.65682842E+003
 -0.82425843E+000 -0.64292509E+000 -0.27716862E+000 -0.66064278E-004  0.84377778E-001  0.17428578E+001  0.12063348E+002  0.59173117E+002  0.13400206E+003  0.34790471E+003  0.65682842E+003
 -0.82426460E+000 -0.64293776E+000 -0.27717119E+000 -0.66065410E-004  0.84377106E-001  0.17428474E+001  0.12063315E+002  0.59173117E+002  0.13400206E+003  0.34790471E+003  0.65682842E+003
 -0.82427046E+000 -0.64294981E+000 -0.27717363E+000 -0.66066482E-004  0.84376469E-001  0.17428377E+001  0.12063283E+002  0.59173117E+002  0.13400206E+003  0.34790471E+003  0.65682842E+003
 -0.82427601E+000 -0.64296122E+000 -0.27717594E+000 -0.66067491E-004  0.84375867E-001  0.17428287E+001  0.12063252E+002  0.59173117E+002  0.13400206E+003  0.34790471E+003  0.65682842E+003
 -0.82428125E+000 -0.64297200E+000 -0.27717811E+000 -0.66068439E-004  0.84375302E-001  0.17428204E+001  0.12063223E+002  0.59173117E+002  0.13400206E+003  0.34790470E+003  0.65682842E+003
 -0.82428617E+000 -0.64298213E+000 -0.27718016E+000 -0.66069325E-004  0.84374774E-001  0.17428128E+001  0.12063195E+002  0.59173117E+002  0.13400206E+003  0.34790470E+003  0.65682842E+003
 -0.82429079E+000 -0.64299163E+000 -0.27718207E+000 -0.66070151E-004  0.84374283E-001  0.17428059E+001  0.12063169E+002  0.59173117E+002  0.13400206E+003  0.34790470E+003  0.65682842E+003
 -0.82429510E+000 -0.64300050E+000 -0.27718385E+000 -0.66070918E-004  0.84373828E-001  0.17427996E+001  0.12063145E+002  0.59173117E+002  0.13400206E+003  0.34790470E+003  0.65682841E+003
 -0.82429911E+000 -0.64300876E+000 -0.27718550E+000 -0.66071628E-004  0.84373410E-001  0.17427941E+001  0.12063123E+002  0.59173117E+002  0.13400206E+003  0.34790470E+003  0.65682841E+003
 -0.82430283E+000 -0.64301643E+000 -0.27718704E+000 -0.66072282E-004  0.84373026E-001  0.17427892E+001  0.12063103E+002  0.59173117E+002  0.13400206E+003  0.34790470E+003  0.65682841E+003
 -0.82430628E+000 -0.64302352E+000 -0.27718845E+000 -0.66072884E-004  0.84372676E-001  0.17427850E+001  0.12063086E+002  0.59173117E+002  0.13400206E+003  0.34790470E+003  0.65682841E+003
 -0.82430946E+000 -0.64303007E+000 -0.27718975E+000 -0.66073434E-004  0.84372359E-001  0.17427813E+001  0.12063070E+002  0.59173117E+002  0.13400206E+003  0.34790470E+003  0.65682841E+003
 -0.82431238E+000 -0.64303609E+000 -0.27719095E+000 -0.66073937E-004  0.84372073E-001  0.17427782E+001  0.12063057E+002  0.59173117E+002  0.13400206E+003  0.34790470E+003  0.65682841E+003
 -0.82431506E+000 -0.64304161E+000 -0.27719204E+000 -0.66074394E-004  0.84371816E-001  0.17427756E+001  0.12063047E+002  0.59173117E+002  0.13400206E+003  0.34790470E+003  0.65682841E+003
 -0.82431752E+000 -0.64304665E+000 -0.27719304E+000 -0.66074808E-004  0.84371588E-001  0.17427735E+001  0.12063038E+002  0.59173117E+002  0.13400206E+003  0.34790470E+003  0.65682841E+003
 -0.82431976E+000 -0.64305126E+000 -0.27719394E+000 -0.66075182E-004  0.84371385E-001  0.17427719E+001  0.12063032E+002  0.59173117E+002  0.13400206E+003  0.34790470E+003  0.65682841E+003
 -0.82432179E+000 -0.64305544E+000 -0.27719476E+000 -0.66075517E-004  0.84371207E-001  0.17427707E+001  0.12063027E+002  0.59173117E+002  0.13400206E+003  0.34790470E+003  0.65682841E+003
 -0.82432364E+000 -0.64305923E+000 -0.27719550E+000 -0.66075818E-004  0.84371052E-001  0.17427699E+001  0.12063024E+002  0.59173117E+002  0.13400206E+003  0.34790470E+003  0.65682841E+003
 -0.82432530E+000 -0.64306265E+000 -0.27719617E+000 -0.66076086E-004  0.84370917E-001  0.17427694E+001  0.12063024E+002  0.59173117E+002  0.13400206E+003  0.34790470E+003  0.65682840E+003
 -0.82432681E+000 -0.64306573E+000 -0.27719676E+000 -0.66076323E-004  0.84370803E-001  0.17427693E+001  0.12063025E+002  0.59173117E+002  0.13400206E+003  0.34790470E+003  0.65682840E+003
 -0.82432815E+000 -0.64306849E+000 -0.27719729E+000 -0.66076533E-004  0.84370706E-001  0.17427695E+001  0.12063027E+002  0.59173117E+002  0.13400206E+003  0.34790470E+003  0.65682840E+003
 -0.82432936E+000 -0.64307096E+000 -0.27719776E+000 -0.66076717E-004  0.84370625E-001  0.17427699E+001  0.12063031E+002  0.59173117E+002  0.13400206E+003  0.34790470E+003  0.65682840E+003
 -0.82433043E+000 -0.64307316E+000 -0.27719818E+000 -0.66076876E-004  0.84370560E-001  0.17427706E+001  0.12063037E+002  0.59173117E+002  0.13400206E+003  0.34790470E+003  0.65682840E+003
 -0.82433139E+000 -0.64307511E+000 -0.27719855E+000 -0.66077015E-004  0.84370507E-001  0.17427715E+001  0.12063044E+002  0.59173117E+002  0.13400206E+003  0.34790470E+003  0.65682840E+003
 -0.82433223E+000 -0.64307683E+000 -0.27719887E+000 -0.66077133E-004  0.84370467E-001  0.17427726E+001  0.12063052E+002  0.59173117E+002  0.13400206E+003  0.34790470E+003  0.65682840E+003
 -0.82433297E+000 -0.64307834E+000 -0.27719915E+000 -0.66077234E-004  0.84370438E-001  0.17427738E+001  0.12063061E+002  0.59173117E+002  0.13400206E+003  0.34790470E+003  0.65682840E+003
 -0.82433362E+000 -0.64307966E+000 -0.27719938E+000 -0.66077318E-004  0.84370418E-001  0.17427752E+001  0.12063071E+002  0.59173117E+002  0.13400206E+003  0.34790470E+003  0.65682840E+003
 -0.82433418E+000 -0.64308080E+000 -0.27719959E+000 -0.66077387E-004  0.84370407E-001  0.17427766E+001  0.12063082E+002  0.59173117E+002  0.13400206E+003  0.34790470E+003  0.65682840E+003
 -0.82433467E+000 -0.64308179E+000 -0.27719976E+000 -0.66077443E-004  0.84370404E-001  0.17427782E+001  0.12063094E+002  0.59173117E+002  0.13400206E+003  0.34790470E+003  0.65682840E+003
 -0.82433508E+000 -0.64308262E+000 -0.27719991E+000 -0.66077488E-004  0.84370407E-001  0.17427798E+001  0.12063106E+002  0.59173117E+002  0.13400206E+003  0.34790469E+003  0.65682840E+003
 -0.82433544E+000 -0.64308333E+000 -0.27720002E+000 -0.66077522E-004  0.84370416E-001  0.17427815E+001  0.12063120E+002  0.59173117E+002  0.13400206E+003  0.34790469E+003  0.65682840E+003
 -0.82433573E+000 -0.64308393E+000 -0.27720012E+000 -0.66077546E-004  0.84370430E-001  0.17427833E+001  0.12063133E+002  0.59173117E+002  0.13400206E+003  0.34790469E+003  0.65682840E+003
 -0.82433597E+000 -0.64308441E+000 -0.27720019E+000 -0.66077562E-004  0.84370448E-001  0.17427850E+001  0.12063148E+002  0.59173117E+002  0.13400206E+003  0.34790469E+003  0.65682840E+003
 -0.82433617E+000 -0.64308481E+000 -0.27720025E+000 -0.66077570E-004  0.84370470E-001  0.17427868E+001  0.12063162E+002  0.59173117E+002  0.13400206E+003  0.34790469E+003  0.65682839E+003
 -0.82433633E+000 -0.64308511E+000 -0.27720029E+000 -0.66077572E-004  0.84370495E-001  0.17427885E+001  0.12063177E+002  0.59173117E+002  0.13400206E+003  0.34790469E+003  0.65682839E+003
 -0.82433645E+000 -0.64308535E+000 -0.27720032E+000 -0.66077569E-004  0.84370522E-001  0.17427903E+001  0.12063192E+002  0.59173117E+002  0.13400206E+003  0.34790469E+003  0.65682839E+003
 -0.82433654E+000 -0.64308552E+000 -0.27720033E+000 -0.66077561E-004  0.84370551E-001  0.17427920E+001  0.12063208E+002  0.59173117E+002  0.13400206E+003  0.34790469E+003  0.65682839E+003
 -0.82433660E+000 -0.64308563E+000 -0.27720033E+000 -0.66077549E-004  0.84370582E-001  0.17427937E+001  0.12063223E+002  0.59173118E+002  0.13400206E+003  0.34790469E+003  0.65682839E+003
 -0.82433663E+000 -0.64308569E+000 -0.27720032E+000 -0.66077533E-004  0.84370613E-001  0.17427954E+001  0.12063239E+002  0.59173118E+002  0.13400206E+003  0.34790469E+003  0.65682839E+003
 -0.82433664E+000 -0.64308571E+000 -0.27720031E+000 -0.66077515E-004  0.84370646E-001  0.17427970E+001  0.12063254E+002  0.59173118E+002  0.13400206E+003  0.34790469E+003  0.65682839E+003
 -0.82433664E+000 -0.64308569E+000 -0.27720029E+000 -0.66077494E-004  0.84370679E-001  0.17427986E+001  0.12063270E+002  0.59173118E+002  0.13400206E+003  0.34790469E+003  0.65682839E+003
 -0.82433662E+000 -0.64308563E+000 -0.27720026E+000 -0.66077471E-004  0.84370712E-001  0.17428002E+001  0.12063285E+002  0.59173118E+002  0.13400206E+003  0.34790469E+003  0.65682839E+003
 -0.82433658E+000 -0.64308555E+000 -0.27720023E+000 -0.66077447E-004  0.84370745E-001  0.17428016E+001  0.12063300E+002  0.59173118E+002  0.13400206E+003  0.34790469E+003  0.65682839E+003
 -0.82433654E+000 -0.64308545E+000 -0.27720019E+000 -0.66077422E-004  0.84370777E-001  0.17428031E+001  0.12063315E+002  0.59173118E+002  0.13400206E+003  0.34790469E+003  0.65682839E+003
 -0.82433648E+000 -0.64308533E+000 -0.27720015E+000 -0.66077395E-004  0.84370809E-001  0.17428044E+001  0.12063330E+002  0.59173118E+002  0.13400206E+003  0.34790469E+003  0.65682839E+003
 -0.82433642E+000 -0.64308519E+000 -0.27720011E+000 -0.66077369E-004  0.84370841E-001  0.17428058E+001  0.12063344E+002  0.59173118E+002  0.13400206E+003  0.34790469E+003  0.65682839E+003
 -0.82433635E+000 -0.64308504E+000 -0.27720007E+000 -0.66077342E-004  0.84370871E-001  0.17428070E+001  0.12063359E+002  0.59173118E+002  0.13400206E+003  0.34790469E+003  0.65682839E+003
 -0.82433628E+000 -0.64308488E+000 -0.27720002E+000 -0.66077315E-004  0.84370901E-001  0.17428082E+001  0.12063373E+002  0.59173118E+002  0.13400206E+003  0.34790469E+003  0.65682839E+003
 -0.82433620E+000 -0.64308471E+000 -0.27719998E+000 -0.66077289E-004  0.84370930E-001  0.17428093E+001  0.12063386E+002  0.59173118E+002  0.13400206E+003  0.34790469E+003  0.65682839E+003
 -0.82433612E+000 -0.64308454E+000 -0.27719993E+000 -0.66077262E-004  0.84370958E-001  0.17428104E+001  0.12063399E+002  0.59173118E+002  0.13400206E+003  0.34790469E+003  0.65682839E+003
 -0.82433604E+000 -0.64308436E+000 -0.27719989E+000 -0.66077237E-004  0.84370985E-001  0.17428114E+001  0.12063412E+002  0.59173118E+002  0.13400206E+003  0.34790469E+003  0.65682839E+003
 -0.82433595E+000 -0.64308419E+000 -0.27719984E+000 -0.66077211E-004  0.84371011E-001  0.17428124E+001  0.12063425E+002  0.59173118E+002  0.13400206E+003  0.34790469E+003  0.65682839E+003
 -0.82433587E+000 -0.64308402E+000 -0.27719980E+000 -0.66077187E-004  0.84371036E-001  0.17428133E+001  0.12063437E+002  0.59173118E+002  0.13400206E+003  0.34790469E+003  0.65682839E+003
 -0.82433579E+000 -0.64308384E+000 -0.27719975E+000 -0.66077163E-004  0.84371059E-001  0.17428142E+001  0.12063449E+002  0.59173118E+002  0.13400206E+003  0.34790469E+003  0.65682839E+003
 -0.82433571E+000 -0.64308368E+000 -0.27719971E+000 -0.66077140E-004  0.84371081E-001  0.17428150E+001  0.12063460E+002  0.59173118E+002  0.13400206E+003  0.34790469E+003  0.65682839E+003
 -0.82433563E+000 -0.64308351E+000 -0.27719967E+000 -0.66077119E-004  0.84371103E-001  0.17428157E+001  0.12063471E+002  0.59173118E+002  0.13400206E+003  0.34790470E+003  0.65682839E+003
 -0.82433556E+000 -0.64308335E+000 -0.27719963E+000 -0.66077098E-004  0.84371123E-001  0.17428164E+001  0.12063481E+002  0.59173118E+002  0.13400206E+003  0.34790470E+003  0.65682839E+003
 -0.82433548E+000 -0.64308319E+000 -0.27719959E+000 -0.66077078E-004  0.84371142E-001  0.17428171E+001  0.12063491E+002  0.59173118E+002  0.13400206E+003  0.34790470E+003  0.65682838E+003
 -0.82433541E+000 -0.64308305E+000 -0.27719956E+000 -0.66077059E-004  0.84371160E-001  0.17428177E+001  0.12063500E+002  0.59173118E+002  0.13400206E+003  0.34790470E+003  0.65682838E+003
 -0.82433534E+000 -0.64308290E+000 -0.27719952E+000 -0.66077041E-004  0.84371176E-001  0.17428183E+001  0.12063509E+002  0.59173118E+002  0.13400206E+003  0.34790470E+003  0.65682838E+003
 -0.82433528E+000 -0.64308277E+000 -0.27719949E+000 -0.66077024E-004  0.84371192E-001  0.17428188E+001  0.12063518E+002  0.59173118E+002  0.13400206E+003  0.34790470E+003  0.65682838E+003
 -0.82433522E+000 -0.64308264E+000 -0.27719946E+000 -0.66077008E-004  0.84371207E-001  0.17428193E+001  0.12063526E+002  0.59173118E+002  0.13400206E+003  0.34790470E+003  0.65682838E+003
 -0.82433516E+000 -0.64308251E+000 -0.27719943E+000 -0.66076993E-004  0.84371220E-001  0.17428197E+001  0.12063534E+002  0.59173118E+002  0.13400206E+003  0.34790470E+003  0.65682838E+003
 -0.82433510E+000 -0.64308240E+000 -0.27719940E+000 -0.66076979E-004  0.84371233E-001  0.17428202E+001  0.12063542E+002  0.59173118E+002  0.13400206E+003  0.34790470E+003  0.65682838E+003
 -0.82433505E+000 -0.64308229E+000 -0.27719938E+000 -0.66076966E-004  0.84371245E-001  0.17428205E+001  0.12063549E+002  0.59173118E+002  0.13400206E+003  0.34790470E+003  0.65682838E+003
 -0.82433500E+000 -0.64308219E+000 -0.27719936E+000 -0.66076954E-004  0.84371256E-001  0.17428209E+001  0.12063555E+002  0.59173118E+002  0.13400206E+003  0.34790470E+003  0.65682839E+003
 -0.82433496E+000 -0.64308210E+000 -0.27719933E+000 -0.66076943E-004  0.84371266E-001  0.17428212E+001  0.12063562E+002  0.59173118E+002  0.13400206E+003  0.34790470E+003  0.65682839E+003
 -0.82433492E+000 -0.64308201E+000 -0.27719931E+000 -0.66076932E-004  0.84371275E-001  0.17428215E+001  0.12063568E+002  0.59173118E+002  0.13400206E+003  0.34790470E+003  0.65682839E+003
 -0.82433488E+000 -0.64308194E+000 -0.27719930E+000 -0.66076923E-004  0.84371283E-001  0.17428218E+001  0.12063573E+002  0.59173118E+002  0.13400206E+003  0.34790470E+003  0.65682839E+003
 -0.82433485E+000 -0.64308187E+000 -0.27719928E+000 -0.66076915E-004  0.84371291E-001  0.17428220E+001  0.12063578E+002  0.59173118E+002  0.13400206E+003  0.34790470E+003  0.65682839E+003
 -0.82433482E+000 -0.64308180E+000 -0.27719926E+000 -0.66076907E-004  0.84371298E-001  0.17428223E+001  0.12063583E+002  0.59173118E+002  0.13400206E+003  0.34790470E+003  0.65682839E+003
 -0.82433479E+000 -0.64308174E+000 -0.27719925E+000 -0.66076899E-004  0.84371304E-001  0.17428225E+001  0.12063588E+002  0.59173118E+002  0.13400206E+003  0.34790470E+003  0.65682839E+003
 -0.82433476E+000 -0.64308169E+000 -0.27719924E+000 -0.66076893E-004  0.84371310E-001  0.17428227E+001  0.12063592E+002  0.59173118E+002  0.13400207E+003  0.34790470E+003  0.65682839E+003
 -0.82433474E+000 -0.64308164E+000 -0.27719923E+000 -0.66076888E-004  0.84371315E-001  0.17428228E+001  0.12063596E+002  0.59173118E+002  0.13400207E+003  0.34790470E+003  0.65682839E+003
 -0.82433472E+000 -0.64308160E+000 -0.27719922E+000 -0.66076883E-004  0.84371319E-001  0.17428230E+001  0.12063600E+002  0.59173118E+002  0.13400207E+003  0.34790470E+003  0.65682839E+003
 -0.82433470E+000 -0.64308157E+000 -0.27719921E+000 -0.66076878E-004  0.84371323E-001  0.17428231E+001  0.12063604E+002  0.59173118E+002  0.13400207E+003  0.34790470E+003  0.65682839E+003
 -0.82433469E+000 -0.64308154E+000 -0.27719920E+000 -0.66076875E-004  0.84371327E-001  0.17428232E+001  0.12063607E+002  0.59173118E+002  0.13400207E+003  0.34790470E+003  0.65682839E+003
 -0.82433468E+000 -0.64308151E+000 -0.27719919E+000 -0.66076871E-004  0.84371330E-001  0.17428233E+001  0.12063610E+002  0.59173118E+002  0.13400207E+003  0.34790470E+003  0.65682839E+003
 -0.82433467E+000 -0.64308149E+000 -0.27719919E+000 -0.66076868E-004  0.84371333E-001  0.17428234E+001  0.12063613E+002  0.59173118E+002  0.13400207E+003  0.34790470E+003  0.65682839E+003
 -0.82433466E+000 -0.64308147E+000 -0.27719919E+000 -0.66076866E-004  0.84371335E-001  0.17428235E+001  0.12063616E+002  0.59173118E+002  0.13400207E+003  0.34790470E+003  0.65682839E+003
 -0.82433465E+000 -0.64308146E+000 -0.27719918E+000 -0.66076864E-004  0.84371336E-001  0.17428236E+001  0.12063618E+002  0.59173118E+002  0.13400207E+003  0.34790470E+003  0.65682839E+003
 -0.82433465E+000 -0.64308145E+000 -0.27719918E+000 -0.66076863E-004  0.84371338E-001  0.17428237E+001  0.12063620E+002  0.59173118E+002  0.13400207E+003  0.34790470E+003  0.65682839E+003
 -0.82433465E+000 -0.64308145E+000 -0.27719918E+000 -0.66076862E-004  0.84371339E-001  0.17428237E+001  0.12063622E+002  0.59173118E+002  0.13400207E+003  0.34790470E+003  0.65682839E+003
 -0.82433465E+000 -0.64308145E+000 -0.27719918E+000 -0.66076862E-004  0.84371340E-001  0.17428238E+001  0.12063624E+002  0.59173118E+002  0.13400207E+003  0.34790470E+003  0.65682839E+003
 -0.82433465E+000 -0.64308145E+000 -0.27719918E+000 -0.66076862E-004  0.84371340E-001  0.17428238E+001  0.12063626E+002  0.59173118E+002  0.13400207E+003  0.34790470E+003  0.65682839E+003
 -0.82433465E+000 -0.64308146E+000 -0.27719918E+000 -0.66076861E-004  0.84371340E-001  0.17428238E+001  0.12063628E+002  0.59173118E+002  0.13400207E+003  0.34790470E+003  0.65682839E+003
 -0.82433465E+000 -0.64308146E+000 -0.27719918E+000 -0.66076862E-004  0.84371340E-001  0.17428239E+001  0.12063629E+002  0.59173118E+002  0.13400207E+003  0.34790470E+003  0.65682839E+003
 -0.82433466E+000 -0.64308147E+000 -0.27719918E+000 -0.66076862E-004  0.84371340E-001  0.17428239E+001  0.12063631E+002  0.59173118E+002  0.13400207E+003  0.34790470E+003  0.65682839E+003
 -0.82433466E+000 -0.64308148E+000 -0.27719918E+000 -0.66076863E-004  0.84371340E-001  0.17428239E+001  0.12063632E+002  0.59173118E+002  0.13400207E+003  0.34790470E+003  0.65682839E+003
 -0.82433467E+000 -0.64308150E+000 -0.27719919E+000 -0.66076864E-004  0.84371340E-001  0.17428239E+001  0.12063633E+002  0.59173118E+002  0.13400207E+003  0.34790470E+003  0.65682839E+003
 -0.82433468E+000 -0.64308151E+000 -0.27719919E+000 -0.66076865E-004  0.84371339E-001  0.17428239E+001  0.12063634E+002  0.59173118E+002  0.13400207E+003  0.34790470E+003  0.65682839E+003
 -0.82433468E+000 -0.64308153E+000 -0.27719919E+000 -0.66076866E-004  0.84371338E-001  0.17428240E+001  0.12063635E+002  0.59173118E+002  0.13400207E+003  0.34790470E+003  0.65682839E+003
 -0.82433469E+000 -0.64308154E+000 -0.27719919E+000 -0.66076868E-004  0.84371337E-001  0.17428240E+001  0.12063636E+002  0.59173118E+002  0.13400207E+003  0.34790470E+003  0.65682839E+003
 -0.82433470E+000 -0.64308156E+000 -0.27719920E+000 -0.66076869E-004  0.84371337E-001  0.17428240E+001  0.12063637E+002  0.59173118E+002  0.13400207E+003  0.34790470E+003  0.65682839E+003
 -0.82433471E+000 -0.64308158E+000 -0.27719920E+000 -0.66076870E-004  0.84371336E-001  0.17428240E+001  0.12063638E+002  0.59173118E+002  0.13400207E+003  0.34790470E+003  0.65682840E+003
 -0.82433472E+000 -0.64308159E+000 -0.27719920E+000 -0.66076872E-004  0.84371335E-001  0.17428240E+001  0.12063638E+002  0.59173118E+002  0.13400207E+003  0.34790470E+003  0.65682840E+003
 -0.82433472E+000 -0.64308161E+000 -0.27719921E+000 -0.66076873E-004  0.84371334E-001  0.17428240E+001  0.12063639E+002  0.59173118E+002  0.13400207E+003  0.34790470E+003  0.65682840E+003
 -0.82433473E+000 -0.64308163E+000 -0.27719921E+000 -0.66076875E-004  0.84371333E-001  0.17428240E+001  0.12063639E+002  0.59173118E+002  0.13400207E+003  0.34790470E+003  0.65682840E+003
 -0.82433474E+000 -0.64308164E+000 -0.27719921E+000 -0.66076876E-004  0.84371332E-001  0.17428240E+001  0.12063640E+002  0.59173118E+002  0.13400207E+003  0.34790471E+003  0.65682840E+003
 -0.82433475E+000 -0.64308166E+000 -0.27719922E+000 -0.66076877E-004  0.84371331E-001  0.17428240E+001  0.12063640E+002  0.59173118E+002  0.13400207E+003  0.34790471E+003  0.65682840E+003
 -0.82433476E+000 -0.64308168E+000 -0.27719922E+000 -0.66076879E-004  0.84371329E-001  0.17428239E+001  0.12063641E+002  0.59173118E+002  0.13400207E+003  0.34790471E+003  0.65682840E+003
 -0.82433477E+000 -0.64308170E+000 -0.27719923E+000 -0.66076881E-004  0.84371328E-001  0.17428239E+001  0.12063641E+002  0.59173118E+002  0.13400207E+003  0.34790471E+003  0.65682840E+003
 -0.82433478E+000 -0.64308173E+000 -0.27719923E+000 -0.66076883E-004  0.84371326E-001  0.17428239E+001  0.12063642E+002  0.59173118E+002  0.13400207E+003  0.34790471E+003  0.65682840E+003
 -0.82433481E+000 -0.64308178E+000 -0.27719924E+000 -0.66076888E-004  0.84371323E-001  0.17428239E+001  0.12063642E+002  0.59173118E+002  0.13400207E+003  0.34790471E+003  0.65682840E+003
 -0.82433485E+000 -0.64308187E+000 -0.27719926E+000 -0.66076898E-004  0.84371316E-001  0.17428238E+001  0.12063642E+002  0.59173118E+002  0.13400207E+003  0.34790471E+003  0.65682840E+003
 -0.82433489E+000 -0.64308194E+000 -0.27719928E+000 -0.66076910E-004  0.84371307E-001  0.17428238E+001  0.12063642E+002  0.59173118E+002  0.13400207E+003  0.34790471E+003  0.65682840E+003
