  0.00000000E+000  0.00000000E+000  0.00000000E+000  0.00000000E+000  0.42174581E-001  0.36748790E+000  0.69433515E+001  0.46552187E+002  0.11381362E+003  0.30126422E+003  0.59143845E+003
  0.00000000E+000  0.00000000E+000  0.00000000E+000  0.00000000E+000  0.42183924E-001  0.36752609E+000  0.69436342E+001  0.46553208E+002  0.11381616E+003  0.30127012E+003  0.59144931E+003
  0.00000000E+000  0.00000000E+000  0.00000000E+000  0.00000000E+000  0.42191120E-001  0.36755683E+000  0.69438513E+001  0.46553785E+002  0.11381743E+003  0.30127274E+003  0.59145426E+003
  0.00000000E+000  0.00000000E+000  0.00000000E+000  0.00000000E+000  0.42196556E-001  0.36758129E+000  0.69440195E+001  0.46554145E+002  0.11381807E+003  0.30127368E+003  0.59145598E+003
  0.00000000E+000  0.00000000E+000  0.00000000E+000  0.00000000E+000  0.42200562E-001  0.36760044E+000  0.69441489E+001  0.46554376E+002  0.11381838E+003  0.30127377E+003  0.59145596E+003
  0.00000000E+000  0.00000000E+000  0.00000000E+000  0.00000000E+000  0.42203411E-001  0.36761509E+000  0.69442470E+001  0.46554516E+002  0.11381848E+003  0.30127344E+003  0.59145506E+003
  0.00000000E+000  0.00000000E+000  0.00000000E+000  0.00000000E+000  0.42205327E-001  0.36762594E+000  0.69443193E+001  0.46554586E+002  0.11381846E+003  0.30127290E+003  0.59145375E+003
  0.00000000E+000  0.00000000E+000  0.00000000E+000  0.00000000E+000  0.42206490E-001  0.36763359E+000  0.69443704E+001  0.46554603E+002  0.11381837E+003  0.30127228E+003  0.59145231E+003
  0.00000000E+000  0.00000000E+000  0.00000000E+000  0.00000000E+000  0.42207048E-001  0.36763854E+000  0.69444041E+001  0.46554574E+002  0.11381821E+003  0.30127164E+003  0.59145087E+003
  0.00000000E+000  0.00000000E+000  0.00000000E+000  0.00000000E+000  0.42207120E-001  0.36764123E+000  0.69444233E+001  0.46554505E+002  0.11381801E+003  0.30127100E+003  0.59144951E+003
  0.00000000E+000  0.00000000E+000  0.00000000E+000  0.00000000E+000  0.42206805E-001  0.36764205E+000  0.69444306E+001  0.46554408E+002  0.11381778E+003  0.30127040E+003  0.59144827E+003
  0.00000000E+000  0.00000000E+000  0.00000000E+000  0.00000000E+000  0.42206182E-001  0.36764130E+000  0.69444280E+001  0.46554292E+002  0.11381753E+003  0.30126983E+003  0.59144715E+003
  0.00000000E+000  0.00000000E+000  0.00000000E+000  0.00000000E+000  0.42205317E-001  0.36763925E+000  0.69444171E+001  0.46554160E+002  0.11381727E+003  0.30126930E+003  0.59144616E+003
  0.00000000E+000  0.00000000E+000  0.00000000E+000  0.00000000E+000  0.42204262E-001  0.36763613E+000  0.69443995E+001  0.46554017E+002  0.11381700E+003  0.30126881E+003  0.59144528E+003
  0.00000000E+000  0.00000000E+000  0.00000000E+000  0.00000000E+000  0.42203061E-001  0.36763213E+000  0.69443762E+001  0.46553866E+002  0.11381672E+003  0.30126836E+003  0.59144451E+003
  0.00000000E+000  0.00000000E+000  0.00000000E+000  0.00000000E+000  0.42201750E-001  0.36762742E+000  0.69443481E+001  0.46553708E+002  0.11381645E+003  0.30126795E+003  0.59144384E+003
  0.00000000E+000  0.00000000E+000  0.00000000E+000  0.00000000E+000  0.42200356E-001  0.36762212E+000  0.69443161E+001  0.46553546E+002  0.11381617E+003  0.30126757E+003  0.59144325E+003
  0.00000000E+000  0.00000000E+000  0.00000000E+000  0.00000000E+000  0.42198905E-001  0.36761635E+000  0.69442807E+001  0.46553382E+002  0.11381590E+003  0.30126722E+003  0.59144275E+003
  0.00000000E+000  0.00000000E+000  0.00000000E+000  0.00000000E+000  0.42197413E-001  0.36761021E+000  0.69442426E+001  0.46553215E+002  0.11381563E+003  0.30126690E+003  0.59144231E+003
  0.00000000E+000  0.00000000E+000  0.00000000E+000  0.00000000E+000  0.42195897E-001  0.36760379E+000  0.69442022E+001  0.46553048E+002  0.11381536E+003  0.30126661E+003  0.59144193E+003
  0.00000000E+000  0.00000000E+000  0.00000000E+000  0.00000000E+000  0.42194370E-001  0.36759714E+000  0.69441598E+001  0.46552880E+002  0.11381510E+003  0.30126635E+003  0.59144160E+003
  0.00000000E+000  0.00000000E+000  0.00000000E+000  0.00000000E+000  0.42192841E-001  0.36759032E+000  0.69441157E+001  0.46552712E+002  0.11381484E+003  0.30126610E+003  0.59144132E+003
  0.00000000E+000  0.00000000E+000  0.00000000E+000  0.00000000E+000  0.42191319E-001  0.36758339E+000  0.69440703E+001  0.46552545E+002  0.11381458E+003  0.30126588E+003  0.59144108E+003
  0.00000000E+000  0.00000000E+000  0.00000000E+000  0.00000000E+000  0.42189810E-001  0.36757639E+000  0.69440237E+001  0.46552379E+002  0.11381434E+003  0.30126568E+003  0.59144088E+003
  0.00000000E+000  0.00000000E+000  0.00000000E+000  0.00000000E+000  0.42188322E-001  0.36756935E+000  0.69439761E+001  0.46552214E+002  0.11381409E+003  0.30126549E+003  0.59144070E+003
  0.00000000E+000  0.00000000E+000  0.00000000E+000  0.00000000E+000  0.42186858E-001  0.36756231E+000  0.69439277E+001  0.46552051E+002  0.11381386E+003  0.30126532E+003  0.59144055E+003
  0.00000000E+000  0.00000000E+000  0.00000000E+000  0.00000000E+000  0.42185423E-001  0.36755529E+000  0.69438786E+001  0.46551889E+002  0.11381363E+003  0.30126517E+003  0.59144042E+003
  0.00000000E+000  0.00000000E+000  0.00000000E+000  0.00000000E+000  0.42184020E-001  0.36754831E+000  0.69438289E+001  0.46551728E+002  0.11381340E+003  0.30126502E+003  0.59144031E+003
  0.00000000E+000  0.00000000E+000  0.00000000E+000  0.00000000E+000  0.42182653E-001  0.36754140E+000  0.69437787E+001  0.46551570E+002  0.11381318E+003  0.30126489E+003  0.59144022E+003
  0.00000000E+000  0.00000000E+000  0.00000000E+000  0.00000000E+000  0.42181324E-001  0.36753457E+000  0.69437282E+001  0.46551413E+002  0.11381297E+003  0.30126476E+003  0.59144014E+003
  0.00000000E+000  0.00000000E+000  0.00000000E+000  0.00000000E+000  0.42180037E-001  0.36752785E+000  0.69436773E+001  0.46551257E+002  0.11381276E+003  0.30126465E+003  0.59144007E+003
  0.00000000E+000  0.00000000E+000  0.00000000E+000  0.00000000E+000  0.42178792E-001  0.36752124E+000  0.69436263E+001  0.46551104E+002  0.11381256E+003  0.30126454E+003  0.59144001E+003
  0.00000000E+000  0.00000000E+000  0.00000000E+000  0.00000000E+000  0.42177592E-001  0.36751476E+000  0.69435751E+001  0.46550952E+002  0.11381236E+003  0.30126444E+003  0.59143996E+003
  0.00000000E+000  0.00000000E+000  0.00000000E+000  0.00000000E+000  0.42176439E-001  0.36750842E+000  0.69435238E+001  0.46550802E+002  0.11381216E+003  0.30126435E+003  0.59143992E+003
  0.00000000E+000  0.00000000E+000  0.00000000E+000  0.00000000E+000  0.42175333E-001  0.36750224E+000  0.69434726E+001  0.46550653E+002  0.11381197E+003  0.30126426E+003  0.59143989E+003
  0.00000000E+000  0.00000000E+000  0.00000000E+000  0.00000000E+000  0.42174276E-001  0.36749623E+000  0.69434214E+001  0.46550506E+002  0.11381179E+003  0.30126418E+003  0.59143986E+003
  0.00000000E+000  0.00000000E+000  0.00000000E+000  0.00000000E+000  0.42173269E-001  0.36749039E+000  0.69433704E+001  0.46550361E+002  0.11381161E+003  0.30126410E+003  0.59143983E+003
  0.00000000E+000  0.00000000E+000  0.00000000E+000  0.00000000E+000  0.42172313E-001  0.36748474E+000  0.69433196E+001  0.46550217E+002  0.11381143E+003  0.30126402E+003  0.59143981E+003
  0.00000000E+000  0.00000000E+000  0.00000000E+000  0.00000000E+000  0.42171407E-001  0.36747929E+000  0.69432691E+001  0.46550075E+002  0.11381125E+003  0.30126395E+003  0.59143979E+003
  0.00000000E+000  0.00000000E+000  0.00000000E+000  0.00000000E+000  0.42170552E-001  0.36747403E+000  0.69432190E+001  0.46549934E+002  0.11381108E+003  0.30126388E+003  0.59143978E+003
  0.00000000E+000  0.00000000E+000  0.00000000E+000  0.00000000E+000  0.42169747E-001  0.36746899E+000  0.69431694E+001  0.46549794E+002  0.11381091E+003  0.30126381E+003  0.59143976E+003
  0.00000000E+000  0.00000000E+000  0.00000000E+000  0.00000000E+000  0.42168994E-001  0.36746415E+000  0.69431204E+001  0.46549655E+002  0.11381074E+003  0.30126374E+003  0.59143975E+003
  0.00000000E+000  0.00000000E+000  0.00000000E+000  0.00000000E+000  0.42168290E-001  0.36745954E+000  0.69430720E+001  0.46549518E+002  0.11381057E+003  0.30126367E+003  0.59143973E+003
  0.00000000E+000  0.00000000E+000  0.00000000E+000  0.00000000E+000  0.42167637E-001  0.36745516E+000  0.69430243E+001  0.46549381E+002  0.11381041E+003  0.30126360E+003  0.59143972E+003
  0.00000000E+000  0.00000000E+000  0.00000000E+000  0.00000000E+000  0.42167032E-001  0.36745101E+000  0.69429774E+001  0.46549246E+002  0.11381024E+003  0.30126354E+003  0.59143971E+003
  0.00000000E+000  0.00000000E+000  0.00000000E+000  0.00000000E+000  0.42166475E-001  0.36744708E+000  0.69429314E+001  0.46549111E+002  0.11381008E+003  0.30126347E+003  0.59143970E+003
  0.00000000E+000  0.00000000E+000  0.00000000E+000  0.00000000E+000  0.42165967E-001  0.36744339E+000  0.69428864E+001  0.46548977E+002  0.11380992E+003  0.30126341E+003  0.59143969E+003
  0.00000000E+000  0.00000000E+000  0.00000000E+000  0.00000000E+000  0.42165504E-001  0.36743994E+000  0.69428424E+001  0.46548843E+002  0.11380975E+003  0.30126334E+003  0.59143967E+003
  0.00000000E+000  0.00000000E+000  0.00000000E+000  0.00000000E+000  0.42165087E-001  0.36743672E+000  0.69427995E+001  0.46548710E+002  0.11380959E+003  0.30126327E+003  0.59143966E+003
  0.00000000E+000  0.00000000E+000  0.00000000E+000  0.00000000E+000  0.42164715E-001  0.36743374E+000  0.69427577E+001  0.46548578E+002  0.11380943E+003  0.30126320E+003  0.59143965E+003
  0.00000000E+000  0.00000000E+000  0.00000000E+000  0.00000000E+000  0.42164387E-001  0.36743098E+000  0.69427172E+001  0.46548445E+002  0.11380927E+003  0.30126313E+003  0.59143963E+003
  0.00000000E+000  0.00000000E+000  0.00000000E+000  0.00000000E+000  0.42164101E-001  0.36742846E+000  0.69426780E+001  0.46548314E+002  0.11380910E+003  0.30126305E+003  0.59143962E+003
  0.00000000E+000  0.00000000E+000  0.00000000E+000  0.00000000E+000  0.42163857E-001  0.36742617E+000  0.69426401E+001  0.46548182E+002  0.11380893E+003  0.30126298E+003  0.59143960E+003
  0.00000000E+000  0.00000000E+000  0.00000000E+000  0.00000000E+000  0.42163654E-001  0.36742410E+000  0.69426036E+001  0.46548051E+002  0.11380877E+003  0.30126290E+003  0.59143959E+003
  0.00000000E+000  0.00000000E+000  0.00000000E+000  0.00000000E+000  0.42163490E-001  0.36742225E+000  0.69425685E+001  0.46547919E+002  0.11380860E+003  0.30126282E+003  0.59143957E+003
  0.00000000E+000  0.00000000E+000  0.00000000E+000  0.00000000E+000  0.42163365E-001  0.36742061E+000  0.69425349E+001  0.46547789E+002  0.11380843E+003  0.30126274E+003  0.59143955E+003
  0.00000000E+000  0.00000000E+000  0.00000000E+000  0.00000000E+000  0.42163277E-001  0.36741917E+000  0.69425029E+001  0.46547658E+002  0.11380826E+003  0.30126265E+003  0.59143953E+003
  0.00000000E+000  0.00000000E+000  0.00000000E+000  0.00000000E+000  0.42163226E-001  0.36741793E+000  0.69424723E+001  0.46547528E+002  0.11380809E+003  0.30126256E+003  0.59143951E+003
  0.00000000E+000  0.00000000E+000  0.00000000E+000  0.00000000E+000  0.42163210E-001  0.36741689E+000  0.69424434E+001  0.46547399E+002  0.11380791E+003  0.30126247E+003  0.59143948E+003
  0.00000000E+000  0.00000000E+000  0.00000000E+000  0.00000000E+000  0.42163228E-001  0.36741602E+000  0.69424161E+001  0.46547270E+002  0.11380774E+003  0.30126237E+003  0.59143946E+003
  0.00000000E+000  0.00000000E+000  0.00000000E+000  0.00000000E+000  0.42163279E-001  0.36741534E+000  0.69423905E+001  0.46547143E+002  0.11380756E+003  0.30126227E+003  0.59143943E+003
  0.00000000E+000  0.00000000E+000  0.00000000E+000  0.00000000E+000  0.42163361E-001  0.36741481E+000  0.69423665E+001  0.46547016E+002  0.11380739E+003  0.30126216E+003  0.59143941E+003
  0.00000000E+000  0.00000000E+000  0.00000000E+000  0.00000000E+000  0.42163473E-001  0.36741445E+000  0.69423443E+001  0.46546892E+002  0.11380721E+003  0.30126205E+003  0.59143937E+003
  0.00000000E+000  0.00000000E+000  0.00000000E+000  0.00000000E+000  0.42163614E-001  0.36741423E+000  0.69423237E+001  0.46546769E+002  0.11380703E+003  0.30126194E+003  0.59143934E+003
  0.00000000E+000  0.00000000E+000  0.00000000E+000  0.00000000E+000  0.42163782E-001  0.36741415E+000  0.69423050E+001  0.46546649E+002  0.11380685E+003  0.30126182E+003  0.59143931E+003
  0.00000000E+000  0.00000000E+000  0.00000000E+000  0.00000000E+000  0.42163975E-001  0.36741421E+000  0.69422880E+001  0.46546532E+002  0.11380667E+003  0.30126169E+003  0.59143927E+003
  0.00000000E+000  0.00000000E+000  0.00000000E+000  0.00000000E+000  0.42164191E-001  0.36741438E+000  0.69422728E+001  0.46546418E+002  0.11380649E+003  0.30126156E+003  0.59143923E+003
  0.00000000E+000  0.00000000E+000  0.00000000E+000  0.00000000E+000  0.42164429E-001  0.36741467E+000  0.69422593E+001  0.46546309E+002  0.11380631E+003  0.30126143E+003  0.59143919E+003
  0.00000000E+000  0.00000000E+000  0.00000000E+000  0.00000000E+000  0.42164685E-001  0.36741506E+000  0.69422477E+001  0.46546203E+002  0.11380613E+003  0.30126128E+003  0.59143914E+003
  0.00000000E+000  0.00000000E+000  0.00000000E+000  0.00000000E+000  0.42164959E-001  0.36741556E+000  0.69422379E+001  0.46546103E+002  0.11380596E+003  0.30126113E+003  0.59143909E+003
  0.00000000E+000  0.00000000E+000  0.00000000E+000  0.00000000E+000  0.42165248E-001  0.36741614E+000  0.69422299E+001  0.46546008E+002  0.11380578E+003  0.30126098E+003  0.59143904E+003
  0.00000000E+000  0.00000000E+000  0.00000000E+000  0.00000000E+000  0.42165549E-001  0.36741681E+000  0.69422237E+001  0.46545919E+002  0.11380561E+003  0.30126081E+003  0.59143898E+003
  0.00000000E+000  0.00000000E+000  0.00000000E+000  0.00000000E+000  0.42165860E-001  0.36741755E+000  0.69422192E+001  0.46545837E+002  0.11380544E+003  0.30126064E+003  0.59143892E+003
  0.00000000E+000  0.00000000E+000  0.00000000E+000  0.00000000E+000  0.42166180E-001  0.36741837E+000  0.69422165E+001  0.46545762E+002  0.11380528E+003  0.30126046E+003  0.59143885E+003
  0.00000000E+000  0.00000000E+000  0.00000000E+000  0.00000000E+000  0.42166505E-001  0.36741925E+000  0.69422155E+001  0.46545694E+002  0.11380511E+003  0.30126028E+003  0.59143878E+003
  0.00000000E+000  0.00000000E+000  0.00000000E+000  0.00000000E+000  0.42166835E-001  0.36742020E+000  0.69422163E+001  0.46545634E+002  0.11380496E+003  0.30126008E+003  0.59143870E+003
  0.00000000E+000  0.00000000E+000  0.00000000E+000  0.00000000E+000  0.42167166E-001  0.36742120E+000  0.69422186E+001  0.46545582E+002  0.11380480E+003  0.30125988E+003  0.59143862E+003
  0.00000000E+000  0.00000000E+000  0.00000000E+000  0.00000000E+000  0.42167498E-001  0.36742226E+000  0.69422225E+001  0.46545539E+002  0.11380466E+003  0.30125967E+003  0.59143854E+003
  0.00000000E+000  0.00000000E+000  0.00000000E+000  0.00000000E+000  0.42167828E-001  0.36742337E+000  0.69422280E+001  0.46545504E+002  0.11380451E+003  0.30125945E+003  0.59143844E+003
  0.00000000E+000  0.00000000E+000  0.00000000E+000  0.00000000E+000  0.42168154E-001  0.36742452E+000  0.69422349E+001  0.46545478E+002  0.11380438E+003  0.30125922E+003  0.59143834E+003
  0.00000000E+000  0.00000000E+000  0.00000000E+000  0.00000000E+000  0.42168476E-001  0.36742572E+000  0.69422431E+001  0.46545460E+002  0.11380424E+003  0.30125899E+003  0.59143824E+003
  0.00000000E+000  0.00000000E+000  0.00000000E+000  0.00000000E+000  0.42168791E-001  0.36742695E+000  0.69422526E+001  0.46545450E+002  0.11380412E+003  0.30125874E+003  0.59143812E+003
  0.00000000E+000  0.00000000E+000  0.00000000E+000  0.00000000E+000  0.42169100E-001  0.36742823E+000  0.69422633E+001  0.46545449E+002  0.11380400E+003  0.30125848E+003  0.59143800E+003
  0.00000000E+000  0.00000000E+000  0.00000000E+000  0.00000000E+000  0.42169400E-001  0.36742954E+000  0.69422751E+001  0.46545457E+002  0.11380389E+003  0.30125822E+003  0.59143787E+003
  0.00000000E+000  0.00000000E+000  0.00000000E+000  0.00000000E+000  0.42169691E-001  0.36743088E+000  0.69422879E+001  0.46545472E+002  0.11380378E+003  0.30125794E+003  0.59143773E+003
  0.00000000E+000  0.00000000E+000  0.00000000E+000  0.00000000E+000  0.42169973E-001  0.36743225E+000  0.69423016E+001  0.46545494E+002  0.11380368E+003  0.30125766E+003  0.59143758E+003
  0.00000000E+000  0.00000000E+000  0.00000000E+000  0.00000000E+000  0.42170244E-001  0.36743365E+000  0.69423160E+001  0.46545524E+002  0.11380359E+003  0.30125737E+003  0.59143742E+003
  0.00000000E+000  0.00000000E+000  0.00000000E+000  0.00000000E+000  0.42170505E-001  0.36743507E+000  0.69423312E+001  0.46545561E+002  0.11380351E+003  0.30125706E+003  0.59143724E+003
  0.00000000E+000  0.00000000E+000  0.00000000E+000  0.00000000E+000  0.42170756E-001  0.36743651E+000  0.69423469E+001  0.46545604E+002  0.11380343E+003  0.30125675E+003  0.59143706E+003
  0.00000000E+000  0.00000000E+000  0.00000000E+000  0.00000000E+000  0.42170995E-001  0.36743797E+000  0.69423632E+001  0.46545653E+002  0.11380335E+003  0.30125643E+003  0.59143687E+003
  0.00000000E+000  0.00000000E+000  0.00000000E+000  0.00000000E+000  0.42171224E-001  0.36743945E+000  0.69423798E+001  0.46545707E+002  0.11380329E+003  0.30125610E+003  0.59143666E+003
  0.00000000E+000  0.00000000E+000  0.00000000E+000  0.00000000E+000  0.42171442E-001  0.36744094E+000  0.69423969E+001  0.46545767E+002  0.11380323E+003  0.30125577E+003  0.59143644E+003
  0.00000000E+000  0.00000000E+000  0.00000000E+000  0.00000000E+000  0.42171649E-001  0.36744245E+000  0.69424142E+001  0.46545831E+002  0.11380317E+003  0.30125542E+003  0.59143620E+003
  0.00000000E+000  0.00000000E+000  0.00000000E+000  0.00000000E+000  0.42171846E-001  0.36744395E+000  0.69424317E+001  0.46545899E+002  0.11380313E+003  0.30125507E+003  0.59143595E+003
  0.00000000E+000  0.00000000E+000  0.00000000E+000  0.00000000E+000  0.42172032E-001  0.36744547E+000  0.69424494E+001  0.46545971E+002  0.11380309E+003  0.30125471E+003  0.59143569E+003
  0.00000000E+000  0.00000000E+000  0.00000000E+000  0.00000000E+000  0.42172209E-001  0.36744698E+000  0.69424672E+001  0.46546047E+002  0.11380305E+003  0.30125434E+003  0.59143540E+003
  0.00000000E+000  0.00000000E+000  0.00000000E+000  0.00000000E+000  0.42172376E-001  0.36744850E+000  0.69424851E+001  0.46546125E+002  0.11380302E+003  0.30125397E+003  0.59143511E+003
  0.00000000E+000  0.00000000E+000  0.00000000E+000  0.00000000E+000  0.42172534E-001  0.36745001E+000  0.69425031E+001  0.46546206E+002  0.11380300E+003  0.30125359E+003  0.59143479E+003
  0.00000000E+000  0.00000000E+000  0.00000000E+000  0.00000000E+000  0.42172683E-001  0.36745151E+000  0.69425210E+001  0.46546290E+002  0.11380298E+003  0.30125320E+003  0.59143446E+003
  0.00000000E+000  0.00000000E+000  0.00000000E+000  0.00000000E+000  0.42172823E-001  0.36745300E+000  0.69425390E+001  0.46546375E+002  0.11380297E+003  0.30125281E+003  0.59143411E+003
  0.00000000E+000  0.00000000E+000  0.00000000E+000  0.00000000E+000  0.42172955E-001  0.36745448E+000  0.69425569E+001  0.46546462E+002  0.11380297E+003  0.30125242E+003  0.59143374E+003
  0.00000000E+000  0.00000000E+000  0.00000000E+000  0.00000000E+000  0.42173079E-001  0.36745594E+000  0.69425747E+001  0.46546551E+002  0.11380297E+003  0.30125202E+003  0.59143335E+003
  0.00000000E+000  0.00000000E+000  0.00000000E+000  0.00000000E+000  0.42173195E-001  0.36745739E+000  0.69425925E+001  0.46546641E+002  0.11380297E+003  0.30125163E+003  0.59143294E+003
  0.00000000E+000  0.00000000E+000  0.00000000E+000  0.00000000E+000  0.42173305E-001  0.36745881E+000  0.69426103E+001  0.46546732E+002  0.11380299E+003  0.30125122E+003  0.59143252E+003
  0.00000000E+000  0.00000000E+000  0.00000000E+000  0.00000000E+000  0.42173407E-001  0.36746020E+000  0.69426280E+001  0.46546824E+002  0.11380301E+003  0.30125082E+003  0.59143207E+003
  0.00000000E+000  0.00000000E+000  0.00000000E+000  0.00000000E+000  0.42173503E-001  0.36746157E+000  0.69426456E+001  0.46546917E+002  0.11380303E+003  0.30125042E+003  0.59143160E+003
  0.00000000E+000  0.00000000E+000  0.00000000E+000  0.00000000E+000  0.42173593E-001  0.36746291E+000  0.69426631E+001  0.46547010E+002  0.11380306E+003  0.30125002E+003  0.59143112E+003
  0.00000000E+000  0.00000000E+000  0.00000000E+000  0.00000000E+000  0.42173677E-001  0.36746422E+000  0.69426805E+001  0.46547103E+002  0.11380310E+003  0.30124962E+003  0.59143061E+003
  0.00000000E+000  0.00000000E+000  0.00000000E+000  0.00000000E+000  0.42173755E-001  0.36746549E+000  0.69426979E+001  0.46547197E+002  0.11380314E+003  0.30124923E+003  0.59143009E+003
  0.00000000E+000  0.00000000E+000  0.00000000E+000  0.00000000E+000  0.42173828E-001  0.36746673E+000  0.69427152E+001  0.46547291E+002  0.11380319E+003  0.30124884E+003  0.59142954E+003
  0.00000000E+000  0.00000000E+000  0.00000000E+000  0.00000000E+000  0.42173895E-001  0.36746793E+000  0.69427324E+001  0.46547385E+002  0.11380325E+003  0.30124845E+003  0.59142898E+003
  0.00000000E+000  0.00000000E+000  0.00000000E+000  0.00000000E+000  0.42173958E-001  0.36746909E+000  0.69427496E+001  0.46547479E+002  0.11380331E+003  0.30124807E+003  0.59142839E+003
  0.00000000E+000  0.00000000E+000  0.00000000E+000  0.00000000E+000  0.42174016E-001  0.36747021E+000  0.69427666E+001  0.46547573E+002  0.11380338E+003  0.30124770E+003  0.59142779E+003
  0.00000000E+000  0.00000000E+000  0.00000000E+000  0.00000000E+000  0.42174070E-001  0.36747129E+000  0.69427836E+001  0.46547667E+002  0.11380345E+003  0.30124733E+003  0.59142717E+003
  0.00000000E+000  0.00000000E+000  0.00000000E+000  0.00000000E+000  0.42174120E-001  0.36747233E+000  0.69428004E+001  0.46547760E+002  0.11380353E+003  0.30124697E+003  0.59142654E+003
  0.00000000E+000  0.00000000E+000  0.00000000E+000  0.00000000E+000  0.42174166E-001  0.36747333E+000  0.69428172E+001  0.46547853E+002  0.11380361E+003  0.30124662E+003  0.59142589E+003
  0.00000000E+000  0.00000000E+000  0.00000000E+000  0.00000000E+000  0.42174208E-001  0.36747428E+000  0.69428339E+001  0.46547946E+002  0.11380370E+003  0.30124629E+003  0.59142522E+003
  0.00000000E+000  0.00000000E+000  0.00000000E+000  0.00000000E+000  0.42174247E-001  0.36747519E+000  0.69428504E+001  0.46548038E+002  0.11380379E+003  0.30124596E+003  0.59142455E+003
  0.00000000E+000  0.00000000E+000  0.00000000E+000  0.00000000E+000  0.42174283E-001  0.36747605E+000  0.69428668E+001  0.46548129E+002  0.11380389E+003  0.30124565E+003  0.59142385E+003
  0.00000000E+000  0.00000000E+000  0.00000000E+000  0.00000000E+000  0.42174316E-001  0.36747688E+000  0.69428831E+001  0.46548220E+002  0.11380400E+003  0.30124535E+003  0.59142315E+003
  0.00000000E+000  0.00000000E+000  0.00000000E+000  0.00000000E+000  0.42174345E-001  0.36747766E+000  0.69428993E+001  0.46548311E+002  0.11380411E+003  0.30124506E+003  0.59142244E+003
  0.00000000E+000  0.00000000E+000  0.00000000E+000  0.00000000E+000  0.42174373E-001  0.36747840E+000  0.69429152E+001  0.46548400E+002  0.11380422E+003  0.30124479E+003  0.59142172E+003
  0.00000000E+000  0.00000000E+000  0.00000000E+000  0.00000000E+000  0.42174397E-001  0.36747910E+000  0.69429311E+001  0.46548490E+002  0.11380434E+003  0.30124453E+003  0.59142099E+003
  0.00000000E+000  0.00000000E+000  0.00000000E+000  0.00000000E+000  0.42174420E-001  0.36747976E+000  0.69429467E+001  0.46548578E+002  0.11380446E+003  0.30124430E+003  0.59142026E+003
  0.00000000E+000  0.00000000E+000  0.00000000E+000  0.00000000E+000  0.42174440E-001  0.36748039E+000  0.69429621E+001  0.46548665E+002  0.11380459E+003  0.30124407E+003  0.59141953E+003
  0.00000000E+000  0.00000000E+000  0.00000000E+000  0.00000000E+000  0.42174458E-001  0.36748097E+000  0.69429773E+001  0.46548752E+002  0.11380472E+003  0.30124387E+003  0.59141879E+003
  0.00000000E+000  0.00000000E+000  0.00000000E+000  0.00000000E+000  0.42174475E-001  0.36748152E+000  0.69429923E+001  0.46548838E+002  0.11380485E+003  0.30124368E+003  0.59141806E+003
  0.00000000E+000  0.00000000E+000  0.00000000E+000  0.00000000E+000  0.42174489E-001  0.36748203E+000  0.69430071E+001  0.46548923E+002  0.11380499E+003  0.30124351E+003  0.59141733E+003
  0.00000000E+000  0.00000000E+000  0.00000000E+000  0.00000000E+000  0.42174503E-001  0.36748251E+000  0.69430215E+001  0.46549008E+002  0.11380512E+003  0.30124337E+003  0.59141660E+003
  0.00000000E+000  0.00000000E+000  0.00000000E+000  0.00000000E+000  0.42174514E-001  0.36748296E+000  0.69430358E+001  0.46549091E+002  0.11380527E+003  0.30124324E+003  0.59141588E+003
  0.00000000E+000  0.00000000E+000  0.00000000E+000  0.00000000E+000  0.42174525E-001  0.36748338E+000  0.69430497E+001  0.46549174E+002  0.11380541E+003  0.30124313E+003  0.59141517E+003
  0.00000000E+000  0.00000000E+000  0.00000000E+000  0.00000000E+000  0.42174534E-001  0.36748377E+000  0.69430633E+001  0.46549255E+002  0.11380556E+003  0.30124304E+003  0.59141447E+003
  0.00000000E+000  0.00000000E+000  0.00000000E+000  0.00000000E+000  0.42174542E-001  0.36748412E+000  0.69430766E+001  0.46549336E+002  0.11380571E+003  0.30124297E+003  0.59141378E+003
  0.00000000E+000  0.00000000E+000  0.00000000E+000  0.00000000E+000  0.42174549E-001  0.36748446E+000  0.69430896E+001  0.46549416E+002  0.11380586E+003  0.30124292E+003  0.59141311E+003
  0.00000000E+000  0.00000000E+000  0.00000000E+000  0.00000000E+000  0.42174555E-001  0.36748476E+000  0.69431022E+001  0.46549495E+002  0.11380601E+003  0.30124288E+003  0.59141245E+003
  0.00000000E+000  0.00000000E+000  0.00000000E+000  0.00000000E+000  0.42174561E-001  0.36748505E+000  0.69431145E+001  0.46549573E+002  0.11380616E+003  0.30124287E+003  0.59141181E+003
  0.00000000E+000  0.00000000E+000  0.00000000E+000  0.00000000E+000  0.42174565E-001  0.36748531E+000  0.69431265E+001  0.46549650E+002  0.11380632E+003  0.30124288E+003  0.59141120E+003
  0.00000000E+000  0.00000000E+000  0.00000000E+000  0.00000000E+000  0.42174569E-001  0.36748555E+000  0.69431380E+001  0.46549726E+002  0.11380647E+003  0.30124291E+003  0.59141060E+003
  0.00000000E+000  0.00000000E+000  0.00000000E+000  0.00000000E+000  0.42174573E-001  0.36748577E+000  0.69431492E+001  0.46549801E+002  0.11380663E+003  0.30124296E+003  0.59141003E+003
  0.00000000E+000  0.00000000E+000  0.00000000E+000  0.00000000E+000  0.42174576E-001  0.36748597E+000  0.69431601E+001  0.46549875E+002  0.11380678E+003  0.30124303E+003  0.59140948E+003
  0.00000000E+000  0.00000000E+000  0.00000000E+000  0.00000000E+000  0.42174578E-001  0.36748616E+000  0.69431705E+001  0.46549948E+002  0.11380694E+003  0.30124312E+003  0.59140896E+003
  0.00000000E+000  0.00000000E+000  0.00000000E+000  0.00000000E+000  0.42174580E-001  0.36748633E+000  0.69431806E+001  0.46550020E+002  0.11380710E+003  0.30124322E+003  0.59140847E+003
  0.00000000E+000  0.00000000E+000  0.00000000E+000  0.00000000E+000  0.42174581E-001  0.36748648E+000  0.69431902E+001  0.46550090E+002  0.11380725E+003  0.30124334E+003  0.59140801E+003
  0.00000000E+000  0.00000000E+000  0.00000000E+000  0.00000000E+000  0.42174582E-001  0.36748662E+000  0.69431995E+001  0.46550160E+002  0.11380741E+003  0.30124348E+003  0.59140758E+003
  0.00000000E+000  0.00000000E+000  0.00000000E+000  0.00000000E+000  0.42174583E-001  0.36748675E+000  0.69432084E+001  0.46550229E+002  0.11380757E+003  0.30124364E+003  0.59140718E+003
  0.00000000E+000  0.00000000E+000  0.00000000E+000  0.00000000E+000  0.42174584E-001  0.36748686E+000  0.69432170E+001  0.46550296E+002  0.11380772E+003  0.30124382E+003  0.59140682E+003
  0.00000000E+000  0.00000000E+000  0.00000000E+000  0.00000000E+000  0.42174584E-001  0.36748697E+000  0.69432251E+001  0.46550363E+002  0.11380788E+003  0.30124400E+003  0.59140649E+003
  0.00000000E+000  0.00000000E+000  0.00000000E+000  0.00000000E+000  0.42174585E-001  0.36748706E+000  0.69432329E+001  0.46550428E+002  0.11380803E+003  0.30124421E+003  0.59140619E+003
  0.00000000E+000  0.00000000E+000  0.00000000E+000  0.00000000E+000  0.42174585E-001  0.36748715E+000  0.69432403E+001  0.46550492E+002  0.11380818E+003  0.30124443E+003  0.59140593E+003
  0.00000000E+000  0.00000000E+000  0.00000000E+000  0.00000000E+000  0.42174585E-001  0.36748722E+000  0.69432474E+001  0.46550555E+002  0.11380833E+003  0.30124466E+003  0.59140570E+003
  0.00000000E+000  0.00000000E+000  0.00000000E+000  0.00000000E+000  0.42174585E-001  0.36748729E+000  0.69432541E+001  0.46550616E+002  0.11380848E+003  0.30124490E+003  0.59140551E+003
  0.00000000E+000  0.00000000E+000  0.00000000E+000  0.00000000E+000  0.42174584E-001  0.36748735E+000  0.69432604E+001  0.46550677E+002  0.11380863E+003  0.30124516E+003  0.59140536E+003
  0.00000000E+000  0.00000000E+000  0.00000000E+000  0.00000000E+000  0.42174584E-001  0.36748741E+000  0.69432665E+001  0.46550736E+002  0.11380878E+003  0.30124543E+003  0.59140524E+003
  0.00000000E+000  0.00000000E+000  0.00000000E+000  0.00000000E+000  0.42174584E-001  0.36748746E+000  0.69432722E+001  0.46550793E+002  0.11380892E+003  0.30124571E+003  0.59140516E+003
  0.00000000E+000  0.00000000E+000  0.00000000E+000  0.00000000E+000  0.42174583E-001  0.36748750E+000  0.69432775E+001  0.46550850E+002  0.11380907E+003  0.30124600E+003  0.59140511E+003
  0.00000000E+000  0.00000000E+000  0.00000000E+000  0.00000000E+000  0.42174583E-001  0.36748754E+000  0.69432826E+001  0.46550905E+002  0.11380921E+003  0.30124630E+003  0.59140510E+003
  0.00000000E+000  0.00000000E+000  0.00000000E+000  0.00000000E+000  0.42174582E-001  0.36748758E+000  0.69432874E+001  0.46550959E+002  0.11380935E+003  0.30124660E+003  0.59140513E+003
  0.00000000E+000  0.00000000E+000  0.00000000E+000  0.00000000E+000  0.42174582E-001  0.36748761E+000  0.69432919E+001  0.46551011E+002  0.11380948E+003  0.30124692E+003  0.59140519E+003
  0.00000000E+000  0.00000000E+000  0.00000000E+000  0.00000000E+000  0.42174581E-001  0.36748764E+000  0.69432961E+001  0.46551062E+002  0.11380962E+003  0.30124724E+003  0.59140528E+003
  0.00000000E+000  0.00000000E+000  0.00000000E+000  0.00000000E+000  0.42174581E-001  0.36748766E+000  0.69433001E+001  0.46551112E+002  0.11380975E+003  0.30124757E+003  0.59140541E+003
  0.00000000E+000  0.00000000E+000  0.00000000E+000  0.00000000E+000  0.42174581E-001  0.36748768E+000  0.69433038E+001  0.46551160E+002  0.11380988E+003  0.30124790E+003  0.59140556E+003
  0.00000000E+000  0.00000000E+000  0.00000000E+000  0.00000000E+000  0.42174580E-001  0.36748770E+000  0.69433073E+001  0.46551207E+002  0.11381001E+003  0.30124824E+003  0.59140575E+003
  0.00000000E+000  0.00000000E+000  0.00000000E+000  0.00000000E+000  0.42174580E-001  0.36748772E+000  0.69433106E+001  0.46551252E+002  0.11381014E+003  0.30124858E+003  0.59140597E+003
  0.00000000E+000  0.00000000E+000  0.00000000E+000  0.00000000E+000  0.42174579E-001  0.36748774E+000  0.69433136E+001  0.46551296E+002  0.11381026E+003  0.30124893E+003  0.59140622E+003
  0.00000000E+000  0.00000000E+000  0.00000000E+000  0.00000000E+000  0.42174579E-001  0.36748775E+000  0.69433165E+001  0.46551339E+002  0.11381038E+003  0.30124927E+003  0.59140650E+003
  0.00000000E+000  0.00000000E+000  0.00000000E+000  0.00000000E+000  0.42174579E-001  0.36748776E+000  0.69433191E+001  0.46551380E+002  0.11381050E+003  0.30124962E+003  0.59140681E+003
  0.00000000E+000  0.00000000E+000  0.00000000E+000  0.00000000E+000  0.42174579E-001  0.36748777E+000  0.69433216E+001  0.46551420E+002  0.11381062E+003  0.30124998E+003  0.59140714E+003
  0.00000000E+000  0.00000000E+000  0.00000000E+000  0.00000000E+000  0.42174578E-001  0.36748778E+000  0.69433239E+001  0.46551458E+002  0.11381073E+003  0.30125033E+003  0.59140749E+003
  0.00000000E+000  0.00000000E+000  0.00000000E+000  0.00000000E+000  0.42174578E-001  0.36748779E+000  0.69433260E+001  0.46551495E+002  0.11381084E+003  0.30125068E+003  0.59140787E+003
  0.00000000E+000  0.00000000E+000  0.00000000E+000  0.00000000E+000  0.42174578E-001  0.36748780E+000  0.69433280E+001  0.46551531E+002  0.11381095E+003  0.30125103E+003  0.59140827E+003
  0.00000000E+000  0.00000000E+000  0.00000000E+000  0.00000000E+000  0.42174578E-001  0.36748781E+000  0.69433298E+001  0.46551565E+002  0.11381106E+003  0.30125138E+003  0.59140869E+003
  0.00000000E+000  0.00000000E+000  0.00000000E+000  0.00000000E+000  0.42174578E-001  0.36748781E+000  0.69433315E+001  0.46551598E+002  0.11381116E+003  0.30125174E+003  0.59140913E+003
  0.00000000E+000  0.00000000E+000  0.00000000E+000  0.00000000E+000  0.42174578E-001  0.36748782E+000  0.69433331E+001  0.46551630E+002  0.11381126E+003  0.30125208E+003  0.59140959E+003
  0.00000000E+000  0.00000000E+000  0.00000000E+000  0.00000000E+000  0.42174578E-001  0.36748782E+000  0.69433346E+001  0.46551660E+002  0.11381136E+003  0.30125243E+003  0.59141007E+003
  0.00000000E+000  0.00000000E+000  0.00000000E+000  0.00000000E+000  0.42174578E-001  0.36748783E+000  0.69433360E+001  0.46551689E+002  0.11381145E+003  0.30125278E+003  0.59141056E+003
  0.00000000E+000  0.00000000E+000  0.00000000E+000  0.00000000E+000  0.42174578E-001  0.36748783E+000  0.69433372E+001  0.46551717E+002  0.11381155E+003  0.30125312E+003  0.59141106E+003
  0.00000000E+000  0.00000000E+000  0.00000000E+000  0.00000000E+000  0.42174578E-001  0.36748784E+000  0.69433384E+001  0.46551744E+002  0.11381164E+003  0.30125345E+003  0.59141157E+003
  0.00000000E+000  0.00000000E+000  0.00000000E+000  0.00000000E+000  0.42174578E-001  0.36748784E+000  0.69433394E+001  0.46551769E+002  0.11381172E+003  0.30125379E+003  0.59141210E+003
  0.00000000E+000  0.00000000E+000  0.00000000E+000  0.00000000E+000  0.42174578E-001  0.36748785E+000  0.69433404E+001  0.46551794E+002  0.11381181E+003  0.30125412E+003  0.59141264E+003
  0.00000000E+000  0.00000000E+000  0.00000000E+000  0.00000000E+000  0.42174579E-001  0.36748785E+000  0.69433413E+001  0.46551817E+002  0.11381189E+003  0.30125444E+003  0.59141318E+003
  0.00000000E+000  0.00000000E+000  0.00000000E+000  0.00000000E+000  0.42174579E-001  0.36748785E+000  0.69433422E+001  0.46551839E+002  0.11381197E+003  0.30125477E+003  0.59141374E+003
  0.00000000E+000  0.00000000E+000  0.00000000E+000  0.00000000E+000  0.42174579E-001  0.36748786E+000  0.69433430E+001  0.46551860E+002  0.11381205E+003  0.30125508E+003  0.59141429E+003
  0.00000000E+000  0.00000000E+000  0.00000000E+000  0.00000000E+000  0.42174579E-001  0.36748786E+000  0.69433437E+001  0.46551880E+002  0.11381212E+003  0.30125539E+003  0.59141486E+003
  0.00000000E+000  0.00000000E+000  0.00000000E+000  0.00000000E+000  0.42174579E-001  0.36748786E+000  0.69433443E+001  0.46551899E+002  0.11381219E+003  0.30125570E+003  0.59141543E+003
  0.00000000E+000  0.00000000E+000  0.00000000E+000  0.00000000E+000  0.42174580E-001  0.36748787E+000  0.69433450E+001  0.46551916E+002  0.11381226E+003  0.30125600E+003  0.59141600E+003
  0.00000000E+000  0.00000000E+000  0.00000000E+000  0.00000000E+000  0.42174580E-001  0.36748787E+000  0.69433455E+001  0.46551934E+002  0.11381233E+003  0.30125629E+003  0.59141657E+003
  0.00000000E+000  0.00000000E+000  0.00000000E+000  0.00000000E+000  0.42174580E-001  0.36748787E+000  0.69433460E+001  0.46551950E+002  0.11381239E+003  0.30125658E+003  0.59141714E+003
  0.00000000E+000  0.00000000E+000  0.00000000E+000  0.00000000E+000  0.42174580E-001  0.36748787E+000  0.69433465E+001  0.46551965E+002  0.11381245E+003  0.30125686E+003  0.59141771E+003
  0.00000000E+000  0.00000000E+000  0.00000000E+000  0.00000000E+000  0.42174580E-001  0.36748788E+000  0.69433470E+001  0.46551979E+002  0.11381251E+003  0.30125714E+003  0.59141828E+003
  0.00000000E+000  0.00000000E+000  0.00000000E+000  0.00000000E+000  0.42174581E-001  0.36748788E+000  0.69433474E+001  0.46551993E+002  0.11381257E+003  0.30125741E+003  0.59141885E+003
  0.00000000E+000  0.00000000E+000  0.00000000E+000  0.00000000E+000  0.42174581E-001  0.36748788E+000  0.69433477E+001  0.46552006E+002  0.11381263E+003  0.30125768E+003  0.59141942E+003
  0.00000000E+000  0.00000000E+000  0.00000000E+000  0.00000000E+000  0.42174581E-001  0.36748789E+000  0.69433481E+001  0.46552018E+002  0.11381268E+003  0.30125793E+003  0.59141998E+003
  0.00000000E+000  0.00000000E+000  0.00000000E+000  0.00000000E+000  0.42174581E-001  0.36748789E+000  0.69433484E+001  0.46552029E+002  0.11381273E+003  0.30125818E+003  0.59142053E+003
  0.00000000E+000  0.00000000E+000  0.00000000E+000  0.00000000E+000  0.42174581E-001  0.36748789E+000  0.69433487E+001  0.46552040E+002  0.11381278E+003  0.30125843E+003  0.59142109E+003
  0.00000000E+000  0.00000000E+000  0.00000000E+000  0.00000000E+000  0.42174581E-001  0.36748789E+000  0.69433490E+001  0.46552050E+002  0.11381282E+003  0.30125867E+003  0.59142163E+003
  0.00000000E+000  0.00000000E+000  0.00000000E+000  0.00000000E+000  0.42174581E-001  0.36748789E+000  0.69433492E+001  0.46552060E+002  0.11381287E+003  0.30125890E+003  0.59142217E+003
  0.00000000E+000  0.00000000E+000  0.00000000E+000  0.00000000E+000  0.42174582E-001  0.36748790E+000  0.69433495E+001  0.46552069E+002  0.11381291E+003  0.30125912E+003  0.59142270E+003
  0.00000000E+000  0.00000000E+000  0.00000000E+000  0.00000000E+000  0.42174582E-001  0.36748790E+000  0.69433497E+001  0.46552077E+002  0.11381295E+003  0.30125934E+003  0.59142323E+003
  0.00000000E+000  0.00000000E+000  0.00000000E+000  0.00000000E+000  0.42174582E-001  0.36748790E+000  0.69433499E+001  0.46552085E+002  0.11381299E+003  0.30125955E+003  0.59142375E+003
  0.00000000E+000  0.00000000E+000  0.00000000E+000  0.00000000E+000  0.42174583E-001  0.36748791E+000  0.69433500E+001  0.46552092E+002  0.11381302E+003  0.30125976E+003  0.59142425E+003
