  0.30237416E+002
  0.30218234E+002
  0.30201907E+002
  0.30188051E+002
  0.30176317E+002
  0.30166398E+002
  0.30158027E+002
  0.30150973E+002
  0.30145040E+002
  0.30140059E+002
  0.30135888E+002
  0.30132405E+002
  0.30129507E+002
  0.30127108E+002
  0.30125134E+002
  0.30123523E+002
  0.30122222E+002
  0.30121186E+002
  0.30120376E+002
  0.30119761E+002
  0.30119313E+002
  0.30119009E+002
  0.30118828E+002
  0.30118753E+002
  0.30118771E+002
  0.30118867E+002
  0.30119032E+002
  0.30119257E+002
  0.30119533E+002
  0.30119854E+002
  0.30120214E+002
  0.30120609E+002
  0.30121034E+002
  0.30121485E+002
  0.30121960E+002
  0.30122457E+002
  0.30122972E+002
  0.30123505E+002
  0.30124054E+002
  0.30124617E+002
  0.30125194E+002
  0.30125785E+002
  0.30126387E+002
  0.30127001E+002
  0.30127627E+002
  0.30128263E+002
  0.30128911E+002
  0.30129568E+002
  0.30130235E+002
  0.30130912E+002
  0.30131599E+002
  0.30132294E+002
  0.30132998E+002
  0.30133711E+002
  0.30134432E+002
  0.30135160E+002
  0.30135895E+002
  0.30136638E+002
  0.30137387E+002
  0.30138143E+002
  0.30138904E+002
  0.30139670E+002
  0.30140442E+002
  0.30141218E+002
  0.30141999E+002
  0.30142784E+002
  0.30143572E+002
  0.30144364E+002
  0.30145159E+002
  0.30145956E+002
  0.30146756E+002
  0.30147558E+002
  0.30148362E+002
  0.30149167E+002
  0.30149973E+002
  0.30150781E+002
  0.30151588E+002
  0.30152396E+002
  0.30153203E+002
  0.30154010E+002
  0.30154816E+002
  0.30155620E+002
  0.30156423E+002
  0.30157224E+002
  0.30158023E+002
  0.30158820E+002
  0.30159614E+002
  0.30160405E+002
  0.30161194E+002
  0.30161980E+002
  0.30162764E+002
  0.30163544E+002
  0.30164322E+002
  0.30165098E+002
  0.30165871E+002
  0.30166642E+002
  0.30167411E+002
  0.30168179E+002
  0.30168945E+002
  0.30169710E+002
  0.30170474E+002
  0.30171237E+002
  0.30172000E+002
  0.30172762E+002
  0.30173525E+002
  0.30174288E+002
  0.30175051E+002
  0.30175815E+002
  0.30176581E+002
  0.30177347E+002
  0.30178114E+002
  0.30178883E+002
  0.30179653E+002
  0.30180425E+002
  0.30181198E+002
  0.30181973E+002
  0.30182750E+002
  0.30183528E+002
  0.30184308E+002
  0.30185090E+002
  0.30185873E+002
  0.30186658E+002
  0.30187444E+002
  0.30188231E+002
  0.30189020E+002
  0.30189809E+002
  0.30190600E+002
  0.30191391E+002
  0.30192182E+002
  0.30192974E+002
  0.30193765E+002
  0.30194557E+002
  0.30195347E+002
  0.30196137E+002
  0.30196926E+002
  0.30197713E+002
  0.30198499E+002
  0.30199282E+002
  0.30200063E+002
  0.30200842E+002
  0.30201617E+002
  0.30202389E+002
  0.30203157E+002
  0.30203921E+002
  0.30204681E+002
  0.30205436E+002
  0.30206185E+002
  0.30206929E+002
  0.30207668E+002
  0.30208400E+002
  0.30209126E+002
  0.30209845E+002
  0.30210556E+002
  0.30211261E+002
  0.30211957E+002
  0.30212645E+002
  0.30213325E+002
  0.30213997E+002
  0.30214659E+002
  0.30215312E+002
  0.30215956E+002
  0.30216590E+002
  0.30217214E+002
  0.30217828E+002
  0.30218432E+002
  0.30219026E+002
  0.30219608E+002
  0.30220180E+002
  0.30220741E+002
  0.30221291E+002
  0.30221830E+002
  0.30222358E+002
  0.30222874E+002
  0.30223379E+002
  0.30223873E+002
  0.30224355E+002
  0.30224826E+002
  0.30225285E+002
  0.30225733E+002
  0.30226169E+002
  0.30226594E+002
  0.30227008E+002
  0.30227410E+002
  0.30227801E+002
  0.30228181E+002
  0.30228551E+002
  0.30228909E+002
  0.30229256E+002
  0.30229593E+002
  0.30229920E+002
  0.30230236E+002
  0.30230541E+002
  0.30230837E+002
  0.30231123E+002
  0.30231399E+002
  0.30231666E+002
  0.30231923E+002
  0.30232172E+002
  0.30232411E+002
  0.30232641E+002
