  0.17782782E+001  0.10564121E+001  0.75993072E+001  0.11051568E+003
  0.17328334E+001  0.94415739E+000  0.76824425E+001  0.11051352E+003
  0.17138217E+001  0.90958220E+000  0.75607629E+001  0.11062348E+003
  0.17024302E+001  0.90259465E+000  0.75268270E+001  0.11062037E+003
  0.16936438E+001  0.89918708E+000  0.75018524E+001  0.11061060E+003
  0.16846104E+001  0.89322615E+000  0.74297547E+001  0.11065801E+003
  0.16462357E+001  0.91916996E+000  0.74211410E+001  0.11064557E+003
  0.16402067E+001  0.91344956E+000  0.74120387E+001  0.11063821E+003
  0.15502558E+001  0.99933186E+000  0.73828867E+001  0.11064770E+003
  0.15343299E+001  0.10122392E+001  0.73744394E+001  0.11063924E+003
  0.15327548E+001  0.10099915E+001  0.73590929E+001  0.11064173E+003
  0.15253137E+001  0.10154744E+001  0.73496313E+001  0.11063921E+003
  0.15229774E+001  0.10144022E+001  0.73282826E+001  0.11065238E+003
  0.15198877E+001  0.10169426E+001  0.73250574E+001  0.11064656E+003
  0.15157243E+001  0.10208976E+001  0.73251825E+001  0.11063875E+003
  0.15133250E+001  0.10177353E+001  0.73299484E+001  0.11063310E+003
  0.15115654E+001  0.10173824E+001  0.73250896E+001  0.11063486E+003
  0.15078629E+001  0.10206139E+001  0.73246308E+001  0.11063165E+003
  0.15016161E+001  0.10264858E+001  0.73248911E+001  0.11062853E+003
  0.15016008E+001  0.10262749E+001  0.72409971E+001  0.11071019E+003
  0.15002036E+001  0.10276337E+001  0.72411334E+001  0.11070830E+003
  0.15001966E+001  0.10275913E+001  0.72412726E+001  0.11070699E+003
  0.14997181E+001  0.10280536E+001  0.72186320E+001  0.11072892E+003
  0.14997316E+001  0.10280264E+001  0.71095112E+001  0.11083776E+003
  0.14997434E+001  0.10280010E+001  0.70882322E+001  0.11085912E+003
  0.14997327E+001  0.10280199E+001  0.70882257E+001  0.11085950E+003
  0.14997446E+001  0.10280142E+001  0.70882566E+001  0.11086013E+003
  0.14996044E+001  0.10281647E+001  0.70882437E+001  0.11086103E+003
  0.14996236E+001  0.10281734E+001  0.70882562E+001  0.11086209E+003
  0.14996435E+001  0.10281758E+001  0.70882755E+001  0.11086333E+003
  0.14996641E+001  0.10281903E+001  0.70882835E+001  0.11086473E+003
  0.14996643E+001  0.10282273E+001  0.70882907E+001  0.11086627E+003
  0.14996852E+001  0.10282455E+001  0.70882969E+001  0.11086792E+003
  0.14997074E+001  0.10282638E+001  0.70930909E+001  0.11079426E+003
  0.14997300E+001  0.10282831E+001  0.70883072E+001  0.11087154E+003
  0.14997445E+001  0.10283116E+001  0.70883115E+001  0.11087347E+003
  0.14997679E+001  0.10283324E+001  0.70883152E+001  0.11087549E+003
  0.14997918E+001  0.10283537E+001  0.70883184E+001  0.11087757E+003
  0.14998159E+001  0.10283757E+001  0.70883211E+001  0.11087972E+003
  0.14998405E+001  0.10283982E+001  0.70883234E+001  0.11088192E+003
  0.14998653E+001  0.10284213E+001  0.70883254E+001  0.11088418E+003
  0.14998905E+001  0.10284448E+001  0.70883271E+001  0.11088649E+003
  0.14999159E+001  0.10284688E+001  0.70883286E+001  0.11088885E+003
  0.14999417E+001  0.10284932E+001  0.70883300E+001  0.11089125E+003
  0.14999677E+001  0.10285180E+001  0.70883312E+001  0.11089370E+003
  0.15000025E+001  0.10285345E+001  0.70902453E+001  0.11086604E+003
  0.15000290E+001  0.10285600E+001  0.70901031E+001  0.11087083E+003
  0.15000557E+001  0.10285857E+001  0.70899757E+001  0.11087544E+003
  0.15000826E+001  0.10286117E+001  0.70898627E+001  0.11087986E+003
  0.15001097E+001  0.10286380E+001  0.70897640E+001  0.11088411E+003
  0.15001370E+001  0.10286645E+001  0.70896789E+001  0.11088818E+003
  0.15001643E+001  0.10286913E+001  0.70896070E+001  0.11089208E+003
  0.15001926E+001  0.10287175E+001  0.70895478E+001  0.11089583E+003
  0.15002201E+001  0.10287447E+001  0.70895007E+001  0.11089943E+003
  0.15002477E+001  0.10287722E+001  0.70894651E+001  0.11090289E+003
  0.15002753E+001  0.10287999E+001  0.70894403E+001  0.11090622E+003
  0.15003028E+001  0.10288278E+001  0.70894258E+001  0.11090943E+003
  0.15003302E+001  0.10288569E+001  0.70894201E+001  0.11091253E+003
  0.15003575E+001  0.10288866E+001  0.70894231E+001  0.11091553E+003
  0.15003846E+001  0.10289166E+001  0.70883912E+001  0.11093489E+003
  0.15004116E+001  0.10289562E+001  0.70883908E+001  0.11093787E+003
  0.15004383E+001  0.10289867E+001  0.70884007E+001  0.11094087E+003
  0.15004856E+001  0.10289965E+001  0.70884117E+001  0.11094389E+003
  0.15005117E+001  0.10290274E+001  0.70884237E+001  0.11094692E+003
  0.15005374E+001  0.10290586E+001  0.70884369E+001  0.11094998E+003
  0.15005627E+001  0.10290898E+001  0.70884512E+001  0.11095305E+003
  0.15005875E+001  0.10291212E+001  0.70884667E+001  0.11095613E+003
  0.15006118E+001  0.10291527E+001  0.70884833E+001  0.11095922E+003
  0.15006356E+001  0.10291842E+001  0.70885011E+001  0.11096233E+003
  0.15006588E+001  0.10292157E+001  0.70885201E+001  0.11096544E+003
  0.15006814E+001  0.10292471E+001  0.70885403E+001  0.11096857E+003
  0.15007033E+001  0.10292784E+001  0.70885618E+001  0.11097170E+003
  0.15007246E+001  0.10293095E+001  0.70885845E+001  0.11097484E+003
  0.15007452E+001  0.10293403E+001  0.70886084E+001  0.11097799E+003
  0.15007650E+001  0.10293708E+001  0.70886337E+001  0.11098114E+003
  0.15007841E+001  0.10294010E+001  0.70886602E+001  0.11098429E+003
  0.15008024E+001  0.10294306E+001  0.70886881E+001  0.11098744E+003
  0.15008199E+001  0.10294598E+001  0.70887172E+001  0.11099060E+003
  0.15008366E+001  0.10294884E+001  0.70887476E+001  0.11099375E+003
  0.15008525E+001  0.10295165E+001  0.70887793E+001  0.11099690E+003
  0.15008676E+001  0.10295439E+001  0.70888122E+001  0.11100005E+003
  0.15008818E+001  0.10295706E+001  0.70888463E+001  0.11100320E+003
  0.15008952E+001  0.10295967E+001  0.70888815E+001  0.11100633E+003
  0.15009079E+001  0.10296220E+001  0.70889178E+001  0.11100946E+003
  0.15009197E+001  0.10296465E+001  0.70889552E+001  0.11101258E+003
  0.15009307E+001  0.10296704E+001  0.70889935E+001  0.11101570E+003
  0.15009409E+001  0.10296934E+001  0.70890326E+001  0.11101880E+003
  0.15009504E+001  0.10297157E+001  0.70890724E+001  0.11102190E+003
  0.15009591E+001  0.10297372E+001  0.70891129E+001  0.11102498E+003
  0.15009671E+001  0.10297580E+001  0.70891539E+001  0.11102806E+003
  0.15009744E+001  0.10297779E+001  0.70891953E+001  0.11103112E+003
  0.15009810E+001  0.10297971E+001  0.70892369E+001  0.11103418E+003
  0.15009870E+001  0.10298158E+001  0.70892784E+001  0.11103722E+003
  0.15009924E+001  0.10298334E+001  0.70893202E+001  0.11104026E+003
  0.15009972E+001  0.10298502E+001  0.70893620E+001  0.11104329E+003
  0.15010015E+001  0.10298663E+001  0.70894036E+001  0.11104631E+003
  0.15010052E+001  0.10298816E+001  0.70894448E+001  0.11104933E+003
  0.15010085E+001  0.10298961E+001  0.70894856E+001  0.11105234E+003
  0.15010112E+001  0.10299098E+001  0.70895258E+001  0.11105535E+003
  0.15010136E+001  0.10299228E+001  0.70895654E+001  0.11105835E+003
  0.15010156E+001  0.10299351E+001  0.70896043E+001  0.11106135E+003
  0.15010171E+001  0.10299466E+001  0.70896423E+001  0.11106436E+003
  0.15010184E+001  0.10299573E+001  0.70896794E+001  0.11106736E+003
  0.15010193E+001  0.10299674E+001  0.70897155E+001  0.11107036E+003
  0.15010200E+001  0.10299767E+001  0.70897505E+001  0.11107337E+003
  0.15010203E+001  0.10299853E+001  0.70897844E+001  0.11107638E+003
  0.15010205E+001  0.10299933E+001  0.70898171E+001  0.11107939E+003
  0.15010204E+001  0.10300005E+001  0.70898486E+001  0.11108241E+003
  0.15010200E+001  0.10300071E+001  0.70898787E+001  0.11108543E+003
  0.15010195E+001  0.10300130E+001  0.70899075E+001  0.11108846E+003
  0.15010189E+001  0.10300183E+001  0.70899349E+001  0.11109150E+003
  0.15010180E+001  0.10300230E+001  0.70899608E+001  0.11109454E+003
  0.15010170E+001  0.10300271E+001  0.70899853E+001  0.11109760E+003
  0.15010159E+001  0.10300306E+001  0.70900083E+001  0.11110066E+003
  0.15010146E+001  0.10300336E+001  0.70900296E+001  0.11110373E+003
  0.15010131E+001  0.10300360E+001  0.70900494E+001  0.11110681E+003
  0.15010116E+001  0.10300379E+001  0.70900676E+001  0.11110990E+003
  0.15010099E+001  0.10300394E+001  0.70900840E+001  0.11111299E+003
  0.15010080E+001  0.10300404E+001  0.70900988E+001  0.11111610E+003
  0.15010060E+001  0.10300409E+001  0.70901118E+001  0.11111921E+003
  0.15010039E+001  0.10300411E+001  0.70901231E+001  0.11112234E+003
  0.15010017E+001  0.10300408E+001  0.70901326E+001  0.11112547E+003
  0.15009992E+001  0.10300403E+001  0.70901403E+001  0.11112861E+003
  0.15009967E+001  0.10300394E+001  0.70901461E+001  0.11113176E+003
  0.15009939E+001  0.10300382E+001  0.70901501E+001  0.11113491E+003
  0.15009910E+001  0.10300367E+001  0.70901523E+001  0.11113807E+003
  0.15009880E+001  0.10300350E+001  0.70901526E+001  0.11114124E+003
  0.15009847E+001  0.10300331E+001  0.70901510E+001  0.11114441E+003
  0.15009813E+001  0.10300309E+001  0.70901475E+001  0.11114758E+003
  0.15009777E+001  0.10300286E+001  0.70901422E+001  0.11115076E+003
  0.15009738E+001  0.10300262E+001  0.70901351E+001  0.11115394E+003
  0.15009698E+001  0.10300236E+001  0.70901262E+001  0.11115712E+003
  0.15009657E+001  0.10300208E+001  0.70901155E+001  0.11116030E+003
  0.15009613E+001  0.10300180E+001  0.70901031E+001  0.11116348E+003
  0.15009567E+001  0.10300151E+001  0.70900890E+001  0.11116666E+003
  0.15009520E+001  0.10300122E+001  0.70900734E+001  0.11116983E+003
  0.15009470E+001  0.10300092E+001  0.70900562E+001  0.11117300E+003
  0.15009420E+001  0.10300061E+001  0.70900375E+001  0.11117616E+003
  0.15009367E+001  0.10300030E+001  0.70900174E+001  0.11117931E+003
  0.15009313E+001  0.10299999E+001  0.70899961E+001  0.11118245E+003
  0.15009258E+001  0.10299968E+001  0.70899736E+001  0.11118559E+003
  0.15009201E+001  0.10299937E+001  0.70899499E+001  0.11118871E+003
  0.15009143E+001  0.10299905E+001  0.70899252E+001  0.11119181E+003
  0.15009085E+001  0.10299874E+001  0.70898996E+001  0.11119490E+003
  0.15009025E+001  0.10299843E+001  0.70898732E+001  0.11119798E+003
  0.15008965E+001  0.10299812E+001  0.70898461E+001  0.11120103E+003
  0.15008904E+001  0.10299781E+001  0.70898183E+001  0.11120407E+003
  0.15008843E+001  0.10299751E+001  0.70897901E+001  0.11120708E+003
  0.15008782E+001  0.10299720E+001  0.70897615E+001  0.11121007E+003
  0.15008721E+001  0.10299690E+001  0.70897326E+001  0.11121304E+003
  0.15008660E+001  0.10299661E+001  0.70897035E+001  0.11121598E+003
  0.15008600E+001  0.10299631E+001  0.70896743E+001  0.11121889E+003
  0.15008540E+001  0.10299602E+001  0.70896451E+001  0.11122178E+003
  0.15008481E+001  0.10299573E+001  0.70896160E+001  0.11122463E+003
  0.15008422E+001  0.10299545E+001  0.70895871E+001  0.11122746E+003
  0.15008365E+001  0.10299517E+001  0.70895584E+001  0.11123025E+003
  0.15008309E+001  0.10299489E+001  0.70895301E+001  0.11123301E+003
  0.15008254E+001  0.10299462E+001  0.70895021E+001  0.11123573E+003
  0.15008200E+001  0.10299435E+001  0.70894747E+001  0.11123841E+003
  0.15008148E+001  0.10299409E+001  0.70894477E+001  0.11124106E+003
  0.15008097E+001  0.10299383E+001  0.70894214E+001  0.11124367E+003
  0.15008047E+001  0.10299357E+001  0.70893956E+001  0.11124624E+003
  0.15008000E+001  0.10299333E+001  0.70893705E+001  0.11124877E+003
  0.15007954E+001  0.10299308E+001  0.70893461E+001  0.11125125E+003
  0.15007910E+001  0.10299285E+001  0.70893225E+001  0.11125370E+003
  0.15007867E+001  0.10299261E+001  0.70892995E+001  0.11125610E+003
  0.15007827E+001  0.10299239E+001  0.70892774E+001  0.11125846E+003
  0.15007788E+001  0.10299217E+001  0.70892560E+001  0.11126078E+003
  0.15007751E+001  0.10299196E+001  0.70892354E+001  0.11126305E+003
  0.15007715E+001  0.10299175E+001  0.70892156E+001  0.11126527E+003
  0.15007682E+001  0.10299155E+001  0.70891965E+001  0.11126745E+003
  0.15007650E+001  0.10299136E+001  0.70891783E+001  0.11126959E+003
  0.15007619E+001  0.10299117E+001  0.70891609E+001  0.11127168E+003
  0.15007591E+001  0.10299099E+001  0.70891442E+001  0.11127372E+003
  0.15007564E+001  0.10299081E+001  0.70891283E+001  0.11127571E+003
  0.15007538E+001  0.10299065E+001  0.70891132E+001  0.11127766E+003
  0.15007514E+001  0.10299049E+001  0.70890987E+001  0.11127956E+003
  0.15007492E+001  0.10299033E+001  0.70890850E+001  0.11128142E+003
  0.15007471E+001  0.10299019E+001  0.70890720E+001  0.11128322E+003
  0.15007451E+001  0.10299004E+001  0.70890597E+001  0.11128498E+003
  0.15007432E+001  0.10298991E+001  0.70890481E+001  0.11128670E+003
  0.15007415E+001  0.10298978E+001  0.70890370E+001  0.11128837E+003
  0.15007399E+001  0.10298966E+001  0.70890266E+001  0.11128999E+003
  0.15007384E+001  0.10298955E+001  0.70890168E+001  0.11129157E+003
  0.15007370E+001  0.10298944E+001  0.70890075E+001  0.11129310E+003
  0.15007357E+001  0.10298933E+001  0.70889988E+001  0.11129459E+003
  0.15007345E+001  0.10298923E+001  0.70889906E+001  0.11129603E+003
  0.15007334E+001  0.10298914E+001  0.70889829E+001  0.11129743E+003
  0.15007323E+001  0.10298905E+001  0.70889756E+001  0.11129879E+003
  0.15007313E+001  0.10298897E+001  0.70889689E+001  0.11130010E+003
  0.15007305E+001  0.10298889E+001  0.70889625E+001  0.11130137E+003
  0.15007296E+001  0.10298882E+001  0.70889566E+001  0.11130261E+003
  0.15007289E+001  0.10298875E+001  0.70889510E+001  0.11130380E+003
  0.15007282E+001  0.10298869E+001  0.70889458E+001  0.11130495E+003
  0.15007275E+001  0.10298863E+001  0.70889409E+001  0.11130606E+003
  0.15007269E+001  0.10298857E+001  0.70889364E+001  0.11130713E+003
  0.15007264E+001  0.10298852E+001  0.70889322E+001  0.11130816E+003
  0.15007259E+001  0.10298847E+001  0.70889283E+001  0.11130916E+003
  0.15007254E+001  0.10298843E+001  0.70889246E+001  0.11131012E+003
  0.15007250E+001  0.10298838E+001  0.70889212E+001  0.11131105E+003
