  0.36544153E-001  0.37207889E+000  0.31419242E+001  0.11739913E+003
  0.36570415E-001  0.37222268E+000  0.31406964E+001  0.11732346E+003
  0.36565732E-001  0.37236688E+000  0.31396513E+001  0.11725906E+003
  0.36553450E-001  0.37249289E+000  0.31387633E+001  0.11720441E+003
  0.36545861E-001  0.37259247E+000  0.31380156E+001  0.11715813E+003
  0.36541530E-001  0.37267048E+000  0.31373880E+001  0.11711900E+003
  0.36538186E-001  0.37273208E+000  0.31368629E+001  0.11708599E+003
  0.36535639E-001  0.37277985E+000  0.31364255E+001  0.11705817E+003
  0.36533718E-001  0.37281638E+000  0.31360624E+001  0.11703476E+003
  0.36532273E-001  0.37284396E+000  0.31357620E+001  0.11701511E+003
  0.36531183E-001  0.37286300E+000  0.31355164E+001  0.11699865E+003
  0.36530353E-001  0.37287484E+000  0.31353174E+001  0.11698491E+003
  0.36529715E-001  0.37288059E+000  0.31351584E+001  0.11697347E+003
  0.36529216E-001  0.37288122E+000  0.31350335E+001  0.11696400E+003
  0.36528820E-001  0.37287756E+000  0.31349379E+001  0.11695621E+003
  0.36528504E-001  0.37287029E+000  0.31348674E+001  0.11694984E+003
  0.36528251E-001  0.37285998E+000  0.31348184E+001  0.11694470E+003
  0.36528052E-001  0.37284711E+000  0.31347878E+001  0.11694059E+003
  0.36527903E-001  0.37283208E+000  0.31347730E+001  0.11693739E+003
  0.36527801E-001  0.37281525E+000  0.31347719E+001  0.11693494E+003
  0.36527748E-001  0.37279692E+000  0.31347824E+001  0.11693316E+003
  0.36527743E-001  0.37277735E+000  0.31348030E+001  0.11693194E+003
  0.36527790E-001  0.37275676E+000  0.31348322E+001  0.11693121E+003
  0.36527891E-001  0.37273535E+000  0.31348689E+001  0.11693090E+003
  0.36528048E-001  0.37271347E+000  0.31349117E+001  0.11693094E+003
  0.36528262E-001  0.37269155E+000  0.31349595E+001  0.11693130E+003
  0.36528537E-001  0.37266926E+000  0.31350121E+001  0.11693193E+003
  0.36528874E-001  0.37264671E+000  0.31350688E+001  0.11693280E+003
  0.36530008E-001  0.37262327E+000  0.31351290E+001  0.11693386E+003
  0.36531268E-001  0.37259969E+000  0.31351923E+001  0.11693511E+003
  0.36532582E-001  0.37257614E+000  0.31352582E+001  0.11693650E+003
  0.36533948E-001  0.37255267E+000  0.31353265E+001  0.11693804E+003
  0.36535366E-001  0.37252937E+000  0.31353968E+001  0.11693969E+003
  0.36536834E-001  0.37250627E+000  0.31354689E+001  0.11694144E+003
  0.36538349E-001  0.37248344E+000  0.31355425E+001  0.11694329E+003
  0.36539910E-001  0.37246093E+000  0.31356175E+001  0.11694522E+003
  0.36541512E-001  0.37243877E+000  0.31356937E+001  0.11694723E+003
  0.36543154E-001  0.37241701E+000  0.31357709E+001  0.11694930E+003
  0.36544833E-001  0.37239567E+000  0.31358489E+001  0.11695144E+003
  0.36546080E-001  0.37237526E+000  0.31359277E+001  0.11695363E+003
  0.36547199E-001  0.37235550E+000  0.31360070E+001  0.11695588E+003
  0.36548360E-001  0.37233624E+000  0.31360867E+001  0.11695818E+003
  0.36549559E-001  0.37231751E+000  0.31361667E+001  0.11696053E+003
  0.36550794E-001  0.37229932E+000  0.31362469E+001  0.11696292E+003
  0.36552060E-001  0.37228170E+000  0.31363271E+001  0.11696536E+003
  0.36553355E-001  0.37226466E+000  0.31364072E+001  0.11696784E+003
  0.36554675E-001  0.37224824E+000  0.31364872E+001  0.11697037E+003
  0.36556017E-001  0.37223244E+000  0.31365669E+001  0.11697293E+003
  0.36557378E-001  0.37221729E+000  0.31366463E+001  0.11697553E+003
  0.36557487E-001  0.37220407E+000  0.31367253E+001  0.11697818E+003
  0.36556962E-001  0.37219218E+000  0.31368038E+001  0.11698086E+003
  0.36556497E-001  0.37218093E+000  0.31368819E+001  0.11698357E+003
  0.36556089E-001  0.37217035E+000  0.31369595E+001  0.11698632E+003
  0.36555732E-001  0.37216045E+000  0.31370366E+001  0.11698911E+003
  0.36555424E-001  0.37215125E+000  0.31371132E+001  0.11699192E+003
  0.36555159E-001  0.37214277E+000  0.31371892E+001  0.11699477E+003
  0.36554934E-001  0.37213502E+000  0.31372647E+001  0.11699764E+003
  0.36554745E-001  0.37212801E+000  0.31373398E+001  0.11700054E+003
  0.36554591E-001  0.37212176E+000  0.31374143E+001  0.11700347E+003
  0.36554469E-001  0.37211629E+000  0.31374883E+001  0.11700643E+003
  0.36554374E-001  0.37211158E+000  0.31375618E+001  0.11700940E+003
  0.36554303E-001  0.37210766E+000  0.31376349E+001  0.11701240E+003
  0.36554253E-001  0.37210453E+000  0.31377075E+001  0.11701542E+003
  0.36554220E-001  0.37210217E+000  0.31377797E+001  0.11701845E+003
  0.36554201E-001  0.37210059E+000  0.31378515E+001  0.11702150E+003
  0.36554192E-001  0.37209977E+000  0.31379230E+001  0.11702457E+003
  0.36554192E-001  0.37209969E+000  0.31379941E+001  0.11702766E+003
  0.36554197E-001  0.37210034E+000  0.31380650E+001  0.11703075E+003
  0.36554207E-001  0.37210167E+000  0.31381356E+001  0.11703386E+003
  0.36554219E-001  0.37210367E+000  0.31382062E+001  0.11703698E+003
  0.36554232E-001  0.37210628E+000  0.31382766E+001  0.11704010E+003
  0.36554244E-001  0.37210947E+000  0.31383471E+001  0.11704324E+003
  0.36554256E-001  0.37211319E+000  0.31384177E+001  0.11704638E+003
  0.36554267E-001  0.37211738E+000  0.31384884E+001  0.11704952E+003
  0.36554276E-001  0.37212198E+000  0.31385594E+001  0.11705267E+003
  0.36554283E-001  0.37212695E+000  0.31386306E+001  0.11705582E+003
  0.36554288E-001  0.37213221E+000  0.31387021E+001  0.11705898E+003
  0.36554290E-001  0.37213771E+000  0.31387741E+001  0.11706213E+003
  0.36554290E-001  0.37214339E+000  0.31388464E+001  0.11706528E+003
  0.36554287E-001  0.37214919E+000  0.31389192E+001  0.11706843E+003
  0.36554281E-001  0.37215504E+000  0.31389924E+001  0.11707158E+003
  0.36554271E-001  0.37216089E+000  0.31390660E+001  0.11707471E+003
  0.36554257E-001  0.37216669E+000  0.31391400E+001  0.11707785E+003
  0.36554239E-001  0.37217237E+000  0.31392144E+001  0.11708097E+003
  0.36554214E-001  0.37217790E+000  0.31392892E+001  0.11708409E+003
  0.36554184E-001  0.37218321E+000  0.31393642E+001  0.11708719E+003
  0.36554146E-001  0.37218827E+000  0.31394395E+001  0.11709029E+003
  0.36554100E-001  0.37219304E+000  0.31395149E+001  0.11709337E+003
  0.36554044E-001  0.37219748E+000  0.31395905E+001  0.11709645E+003
  0.36553978E-001  0.37220155E+000  0.31396661E+001  0.11709951E+003
  0.36553902E-001  0.37220523E+000  0.31397418E+001  0.11710257E+003
  0.36553813E-001  0.37220849E+000  0.31398173E+001  0.11710561E+003
  0.36553711E-001  0.37221132E+000  0.31398927E+001  0.11710865E+003
  0.36553596E-001  0.37221368E+000  0.31399679E+001  0.11711167E+003
  0.36553467E-001  0.37221557E+000  0.31400428E+001  0.11711469E+003
  0.36553323E-001  0.37221698E+000  0.31401174E+001  0.11711770E+003
  0.36553165E-001  0.37221791E+000  0.31401916E+001  0.11712070E+003
  0.36552993E-001  0.37221835E+000  0.31402652E+001  0.11712369E+003
  0.36552807E-001  0.37221831E+000  0.31403384E+001  0.11712668E+003
  0.36552607E-001  0.37221780E+000  0.31404109E+001  0.11712967E+003
  0.36552394E-001  0.37221682E+000  0.31404827E+001  0.11713266E+003
  0.36552168E-001  0.37221540E+000  0.31405537E+001  0.11713564E+003
  0.36551931E-001  0.37221354E+000  0.31406239E+001  0.11713862E+003
  0.36551683E-001  0.37221128E+000  0.31406931E+001  0.11714161E+003
  0.36551426E-001  0.37220863E+000  0.31407613E+001  0.11714459E+003
  0.36551161E-001  0.37220563E+000  0.31408283E+001  0.11714758E+003
  0.36550889E-001  0.37220230E+000  0.31408941E+001  0.11715057E+003
  0.36550611E-001  0.37219868E+000  0.31409585E+001  0.11715357E+003
  0.36550329E-001  0.37219480E+000  0.31410215E+001  0.11715657E+003
  0.36550045E-001  0.37219068E+000  0.31410830E+001  0.11715958E+003
  0.36549759E-001  0.37218638E+000  0.31411428E+001  0.11716259E+003
  0.36549473E-001  0.37218191E+000  0.31412009E+001  0.11716561E+003
  0.36549189E-001  0.37217733E+000  0.31412572E+001  0.11716864E+003
  0.36548907E-001  0.37217265E+000  0.31413115E+001  0.11717168E+003
  0.36548630E-001  0.37216792E+000  0.31413639E+001  0.11717473E+003
  0.36548357E-001  0.37216316E+000  0.31414142E+001  0.11717778E+003
  0.36548091E-001  0.37215841E+000  0.31414624E+001  0.11718084E+003
  0.36547831E-001  0.37215369E+000  0.31415083E+001  0.11718392E+003
  0.36547580E-001  0.37214903E+000  0.31415520E+001  0.11718700E+003
  0.36547337E-001  0.37214446E+000  0.31415935E+001  0.11719009E+003
  0.36547103E-001  0.37213999E+000  0.31416326E+001  0.11719319E+003
  0.36546879E-001  0.37213565E+000  0.31416693E+001  0.11719629E+003
  0.36546665E-001  0.37213146E+000  0.31417038E+001  0.11719941E+003
  0.36546462E-001  0.37212742E+000  0.31417359E+001  0.11720253E+003
  0.36546269E-001  0.37212355E+000  0.31417657E+001  0.11720566E+003
  0.36546087E-001  0.37211986E+000  0.31417933E+001  0.11720879E+003
  0.36545916E-001  0.37211635E+000  0.31418186E+001  0.11721193E+003
  0.36545755E-001  0.37211303E+000  0.31418417E+001  0.11721508E+003
  0.36545605E-001  0.37210991E+000  0.31418627E+001  0.11721823E+003
  0.36545466E-001  0.37210698E+000  0.31418817E+001  0.11722138E+003
  0.36545336E-001  0.37210424E+000  0.31418987E+001  0.11722453E+003
  0.36545217E-001  0.37210170E+000  0.31419138E+001  0.11722768E+003
  0.36545107E-001  0.37209934E+000  0.31419271E+001  0.11723083E+003
  0.36545005E-001  0.37209716E+000  0.31419387E+001  0.11723398E+003
  0.36544913E-001  0.37209516E+000  0.31419487E+001  0.11723713E+003
  0.36544828E-001  0.37209332E+000  0.31419573E+001  0.11724027E+003
  0.36544752E-001  0.37209165E+000  0.31419644E+001  0.11724341E+003
  0.36544682E-001  0.37209013E+000  0.31419703E+001  0.11724654E+003
  0.36544620E-001  0.37208876E+000  0.31419750E+001  0.11724966E+003
  0.36544563E-001  0.37208752E+000  0.31419787E+001  0.11725277E+003
  0.36544513E-001  0.37208640E+000  0.31419813E+001  0.11725587E+003
  0.36544468E-001  0.37208541E+000  0.31419831E+001  0.11725896E+003
  0.36544428E-001  0.37208452E+000  0.31419842E+001  0.11726203E+003
  0.36544393E-001  0.37208373E+000  0.31419846E+001  0.11726509E+003
  0.36544361E-001  0.37208304E+000  0.31419843E+001  0.11726813E+003
  0.36544334E-001  0.37208243E+000  0.31419836E+001  0.11727115E+003
  0.36544310E-001  0.37208190E+000  0.31419824E+001  0.11727415E+003
  0.36544289E-001  0.37208144E+000  0.31419809E+001  0.11727713E+003
  0.36544271E-001  0.37208104E+000  0.31419791E+001  0.11728008E+003
  0.36544255E-001  0.37208069E+000  0.31419770E+001  0.11728301E+003
  0.36544242E-001  0.37208040E+000  0.31419748E+001  0.11728592E+003
  0.36544230E-001  0.37208014E+000  0.31419724E+001  0.11728880E+003
  0.36544220E-001  0.37207993E+000  0.31419699E+001  0.11729165E+003
  0.36544212E-001  0.37207975E+000  0.31419674E+001  0.11729447E+003
  0.36544205E-001  0.37207961E+000  0.31419649E+001  0.11729725E+003
  0.36544199E-001  0.37207948E+000  0.31419624E+001  0.11730001E+003
  0.36544194E-001  0.37207938E+000  0.31419599E+001  0.11730273E+003
  0.36544189E-001  0.37207930E+000  0.31419574E+001  0.11730542E+003
  0.36544186E-001  0.37207924E+000  0.31419551E+001  0.11730807E+003
  0.36544183E-001  0.37207918E+000  0.31419528E+001  0.11731069E+003
  0.36544180E-001  0.37207914E+000  0.31419507E+001  0.11731326E+003
  0.36544178E-001  0.37207911E+000  0.31419486E+001  0.11731580E+003
  0.36544176E-001  0.37207909E+000  0.31419467E+001  0.11731830E+003
  0.36544175E-001  0.37207907E+000  0.31419448E+001  0.11732076E+003
  0.36544174E-001  0.37207906E+000  0.31419431E+001  0.11732318E+003
  0.36544172E-001  0.37207905E+000  0.31419415E+001  0.11732555E+003
  0.36544171E-001  0.37207905E+000  0.31419400E+001  0.11732788E+003
  0.36544170E-001  0.37207904E+000  0.31419386E+001  0.11733017E+003
  0.36544169E-001  0.37207904E+000  0.31419374E+001  0.11733242E+003
  0.36544168E-001  0.37207904E+000  0.31419362E+001  0.11733462E+003
  0.36544168E-001  0.37207903E+000  0.31419351E+001  0.11733678E+003
  0.36544167E-001  0.37207903E+000  0.31419341E+001  0.11733889E+003
  0.36544166E-001  0.37207903E+000  0.31419332E+001  0.11734095E+003
  0.36544165E-001  0.37207903E+000  0.31419324E+001  0.11734298E+003
  0.36544164E-001  0.37207902E+000  0.31419317E+001  0.11734495E+003
  0.36544163E-001  0.37207902E+000  0.31419310E+001  0.11734688E+003
  0.36544162E-001  0.37207902E+000  0.31419304E+001  0.11734876E+003
  0.36544161E-001  0.37207901E+000  0.31419298E+001  0.11735060E+003
  0.36544161E-001  0.37207900E+000  0.31419293E+001  0.11735239E+003
  0.36544160E-001  0.37207900E+000  0.31419289E+001  0.11735414E+003
  0.36544159E-001  0.37207899E+000  0.31419284E+001  0.11735584E+003
  0.36544158E-001  0.37207898E+000  0.31419281E+001  0.11735749E+003
  0.36544157E-001  0.37207898E+000  0.31419277E+001  0.11735910E+003
  0.36544156E-001  0.37207897E+000  0.31419274E+001  0.11736067E+003
  0.36544156E-001  0.37207896E+000  0.31419271E+001  0.11736219E+003
  0.36544155E-001  0.37207895E+000  0.31419268E+001  0.11736367E+003
  0.36544154E-001  0.37207894E+000  0.31419266E+001  0.11736510E+003
  0.36544154E-001  0.37207893E+000  0.31419263E+001  0.11736649E+003
  0.36544153E-001  0.37207893E+000  0.31419261E+001  0.11736784E+003
  0.36544153E-001  0.37207892E+000  0.31419259E+001  0.11736914E+003
  0.36544152E-001  0.37207891E+000  0.31419257E+001  0.11737041E+003
  0.36544152E-001  0.37207891E+000  0.31419256E+001  0.11737163E+003
  0.36544152E-001  0.37207890E+000  0.31419254E+001  0.11737282E+003
  0.36544152E-001  0.37207890E+000  0.31419253E+001  0.11737396E+003
  0.36544152E-001  0.37207889E+000  0.31419251E+001  0.11737506E+003
  0.36544152E-001  0.37207889E+000  0.31419250E+001  0.11737613E+003
  0.36544152E-001  0.37207889E+000  0.31419249E+001  0.11737716E+003
  0.36544153E-001  0.37207889E+000  0.31419247E+001  0.11737815E+003
  0.36544154E-001  0.37207890E+000  0.31419246E+001  0.11737911E+003
  0.36544156E-001  0.37207890E+000  0.31419245E+001  0.11738003E+003
