  0.10610802E+000
  0.10615468E+000
  0.10614725E+000
  0.10612040E+000
  0.10608622E+000
  0.10605013E+000
  0.10601525E+000
  0.10598396E+000
  0.10595662E+000
  0.10593316E+000
  0.10591330E+000
  0.10589673E+000
  0.10588311E+000
  0.10587211E+000
  0.10586340E+000
  0.10585671E+000
  0.10585177E+000
  0.10584835E+000
  0.10584625E+000
  0.10584528E+000
  0.10584529E+000
  0.10584612E+000
  0.10584767E+000
  0.10584981E+000
  0.10585246E+000
  0.10585552E+000
  0.10585894E+000
  0.10586264E+000
  0.10586657E+000
  0.10587069E+000
  0.10587495E+000
  0.10587933E+000
  0.10588379E+000
  0.10588831E+000
  0.10589288E+000
  0.10589748E+000
  0.10590210E+000
  0.10590674E+000
  0.10591138E+000
  0.10591604E+000
  0.10592069E+000
  0.10592536E+000
  0.10593003E+000
  0.10593470E+000
  0.10593939E+000
  0.10594409E+000
  0.10594880E+000
  0.10595352E+000
  0.10595825E+000
  0.10596300E+000
  0.10596776E+000
  0.10597252E+000
  0.10597730E+000
  0.10598208E+000
  0.10598687E+000
  0.10599165E+000
  0.10599643E+000
  0.10600121E+000
  0.10600597E+000
  0.10601072E+000
  0.10601545E+000
  0.10602015E+000
  0.10602483E+000
  0.10602948E+000
  0.10603410E+000
  0.10603868E+000
  0.10604322E+000
  0.10604772E+000
  0.10605218E+000
  0.10605659E+000
  0.10606096E+000
  0.10606528E+000
  0.10606955E+000
  0.10607378E+000
  0.10607795E+000
  0.10608208E+000
  0.10608616E+000
  0.10609019E+000
  0.10609417E+000
  0.10609810E+000
  0.10610198E+000
  0.10610581E+000
  0.10610960E+000
  0.10611333E+000
  0.10611702E+000
  0.10612066E+000
  0.10612425E+000
  0.10612779E+000
  0.10613129E+000
  0.10613475E+000
  0.10613816E+000
  0.10614153E+000
  0.10614486E+000
  0.10614815E+000
  0.10615140E+000
  0.10615461E+000
  0.10615779E+000
  0.10616094E+000
  0.10616406E+000
  0.10616716E+000
  0.10617022E+000
  0.10617327E+000
  0.10617629E+000
  0.10617929E+000
  0.10618228E+000
  0.10618525E+000
  0.10618821E+000
  0.10619116E+000
  0.10619409E+000
  0.10619702E+000
  0.10619995E+000
  0.10620286E+000
  0.10620578E+000
  0.10620869E+000
  0.10621161E+000
  0.10621452E+000
  0.10621743E+000
  0.10622035E+000
  0.10622327E+000
  0.10622619E+000
  0.10622912E+000
  0.10623205E+000
  0.10623498E+000
  0.10623792E+000
  0.10624087E+000
  0.10624382E+000
  0.10624678E+000
  0.10624975E+000
  0.10625271E+000
  0.10625569E+000
  0.10625867E+000
  0.10626165E+000
  0.10626464E+000
  0.10626762E+000
  0.10627062E+000
  0.10627361E+000
  0.10627660E+000
  0.10627960E+000
  0.10628259E+000
  0.10628559E+000
  0.10628857E+000
  0.10629156E+000
  0.10629454E+000
  0.10629751E+000
  0.10630048E+000
  0.10630344E+000
  0.10630639E+000
  0.10630932E+000
  0.10631225E+000
  0.10631516E+000
  0.10631805E+000
  0.10632093E+000
  0.10632379E+000
  0.10632663E+000
  0.10632946E+000
  0.10633225E+000
  0.10633503E+000
  0.10633778E+000
  0.10634051E+000
  0.10634320E+000
  0.10634587E+000
  0.10634851E+000
  0.10635112E+000
  0.10635370E+000
  0.10635624E+000
  0.10635875E+000
  0.10636123E+000
  0.10636366E+000
  0.10636607E+000
  0.10636843E+000
  0.10637075E+000
  0.10637304E+000
  0.10637528E+000
  0.10637749E+000
  0.10637965E+000
  0.10638177E+000
  0.10638385E+000
  0.10638588E+000
  0.10638787E+000
  0.10638982E+000
  0.10639173E+000
  0.10639359E+000
  0.10639540E+000
  0.10639718E+000
  0.10639891E+000
  0.10640059E+000
  0.10640223E+000
  0.10640383E+000
  0.10640538E+000
  0.10640689E+000
  0.10640836E+000
  0.10640979E+000
  0.10641117E+000
  0.10641252E+000
  0.10641382E+000
  0.10641508E+000
  0.10641630E+000
  0.10641748E+000
  0.10641862E+000
  0.10641973E+000
