  0.15876857E+001
  0.15857120E+001
  0.15841258E+001
  0.15828468E+001
  0.15818169E+001
  0.15809914E+001
  0.15803348E+001
  0.15798189E+001
  0.15794204E+001
  0.15791200E+001
  0.15789019E+001
  0.15787530E+001
  0.15786623E+001
  0.15786204E+001
  0.15786198E+001
  0.15786540E+001
  0.15787177E+001
  0.15788065E+001
  0.15789166E+001
  0.15790449E+001
  0.15791888E+001
  0.15793461E+001
  0.15795149E+001
  0.15796936E+001
  0.15798809E+001
  0.15800756E+001
  0.15802767E+001
  0.15804834E+001
  0.15806948E+001
  0.15809103E+001
  0.15811292E+001
  0.15813511E+001
  0.15815753E+001
  0.15818014E+001
  0.15820289E+001
  0.15822574E+001
  0.15824864E+001
  0.15827156E+001
  0.15829445E+001
  0.15831727E+001
  0.15833999E+001
  0.15836257E+001
  0.15838496E+001
  0.15840713E+001
  0.15842904E+001
  0.15845066E+001
  0.15847194E+001
  0.15849285E+001
  0.15851335E+001
  0.15853341E+001
  0.15855299E+001
  0.15857207E+001
  0.15859060E+001
  0.15860856E+001
  0.15862592E+001
  0.15864265E+001
  0.15865874E+001
  0.15867414E+001
  0.15868886E+001
  0.15870286E+001
  0.15871614E+001
  0.15872868E+001
  0.15874047E+001
  0.15875151E+001
  0.15876179E+001
  0.15877130E+001
  0.15878007E+001
  0.15878808E+001
  0.15879534E+001
  0.15880188E+001
  0.15880770E+001
  0.15881282E+001
  0.15881727E+001
  0.15882106E+001
  0.15882422E+001
  0.15882678E+001
  0.15882877E+001
  0.15883023E+001
  0.15883120E+001
  0.15883169E+001
  0.15883177E+001
  0.15883146E+001
  0.15883080E+001
  0.15882983E+001
  0.15882860E+001
  0.15882714E+001
  0.15882548E+001
  0.15882366E+001
  0.15882172E+001
  0.15881968E+001
  0.15881757E+001
  0.15881541E+001
  0.15881324E+001
  0.15881107E+001
  0.15880892E+001
  0.15880680E+001
  0.15880473E+001
  0.15880271E+001
  0.15880076E+001
  0.15879888E+001
  0.15879707E+001
  0.15879535E+001
  0.15879370E+001
  0.15879213E+001
  0.15879064E+001
  0.15878924E+001
  0.15878790E+001
  0.15878664E+001
  0.15878546E+001
  0.15878434E+001
  0.15878329E+001
  0.15878229E+001
  0.15878136E+001
  0.15878048E+001
  0.15877966E+001
  0.15877888E+001
  0.15877814E+001
  0.15877745E+001
  0.15877680E+001
  0.15877619E+001
  0.15877561E+001
  0.15877506E+001
  0.15877455E+001
  0.15877406E+001
  0.15877360E+001
  0.15877316E+001
  0.15877275E+001
  0.15877236E+001
  0.15877198E+001
  0.15877163E+001
  0.15877130E+001
  0.15877098E+001
  0.15877068E+001
  0.15877039E+001
  0.15877012E+001
  0.15876986E+001
  0.15876962E+001
  0.15876939E+001
  0.15876917E+001
  0.15876896E+001
  0.15876877E+001
  0.15876858E+001
  0.15876841E+001
  0.15876825E+001
  0.15876809E+001
  0.15876795E+001
  0.15876781E+001
  0.15876768E+001
  0.15876756E+001
  0.15876745E+001
  0.15876735E+001
  0.15876726E+001
  0.15876717E+001
  0.15876709E+001
  0.15876702E+001
  0.15876695E+001
  0.15876689E+001
  0.15876684E+001
  0.15876679E+001
  0.15876675E+001
  0.15876671E+001
  0.15876668E+001
  0.15876665E+001
  0.15876663E+001
  0.15876661E+001
  0.15876660E+001
  0.15876659E+001
  0.15876659E+001
  0.15876659E+001
  0.15876659E+001
  0.15876659E+001
  0.15876660E+001
  0.15876661E+001
  0.15876663E+001
  0.15876664E+001
  0.15876666E+001
  0.15876668E+001
  0.15876671E+001
  0.15876673E+001
  0.15876676E+001
  0.15876678E+001
  0.15876681E+001
  0.15876684E+001
  0.15876687E+001
  0.15876691E+001
  0.15876694E+001
  0.15876697E+001
  0.15876701E+001
  0.15876704E+001
  0.15876708E+001
  0.15876711E+001
  0.15876715E+001
  0.15876719E+001
  0.15876722E+001
  0.15876726E+001
  0.15876730E+001
  0.15876733E+001
  0.15876737E+001
  0.15876740E+001
  0.15876743E+001
