  0.11899064E+001  0.55516893E+000  0.89685267E+000  0.37088152E+001
  0.11646549E+001  0.57220160E+000  0.89329729E+000  0.37126945E+001
  0.11432842E+001  0.57927018E+000  0.90504390E+000  0.37089052E+001
  0.11347803E+001  0.57975489E+000  0.90525102E+000  0.37116014E+001
  0.11266351E+001  0.57692292E+000  0.90845098E+000  0.37152590E+001
  0.11241935E+001  0.56722167E+000  0.91024464E+000  0.37223063E+001
  0.11172225E+001  0.56902485E+000  0.91340793E+000  0.37216845E+001
  0.11054499E+001  0.57954884E+000  0.91299463E+000  0.37212826E+001
  0.11037871E+001  0.58003091E+000  0.91138952E+000  0.37224743E+001
  0.11018034E+001  0.57631920E+000  0.91542870E+000  0.37229293E+001
  0.11009247E+001  0.57464735E+000  0.91426869E+000  0.37257675E+001
  0.11003308E+001  0.57207765E+000  0.91440452E+000  0.37281995E+001
  0.10998600E+001  0.57140332E+000  0.91039521E+000  0.37329909E+001
  0.10992265E+001  0.57177940E+000  0.90993914E+000  0.37335370E+001
  0.10964192E+001  0.57445850E+000  0.91006611E+000  0.37335358E+001
  0.10958090E+001  0.57239559E+000  0.91258256E+000  0.37338293E+001
  0.10956269E+001  0.57052590E+000  0.91431214E+000  0.37344064E+001
  0.10951260E+001  0.57061496E+000  0.91465607E+000  0.37348294E+001
  0.10949645E+001  0.57079056E+000  0.91479007E+000  0.37351217E+001
  0.10950602E+001  0.57071913E+000  0.91544416E+000  0.37349566E+001
  0.10904493E+001  0.57552550E+000  0.91553981E+000  0.37352411E+001
  0.10906054E+001  0.57554717E+000  0.91567939E+000  0.37355529E+001
  0.10907303E+001  0.57565271E+000  0.91589836E+000  0.37357787E+001
  0.10909073E+001  0.57571764E+000  0.91654593E+000  0.37356041E+001
  0.10910791E+001  0.57579600E+000  0.91671499E+000  0.37359341E+001
  0.10912677E+001  0.57587190E+000  0.91682079E+000  0.37363426E+001
  0.10914668E+001  0.57592709E+000  0.91696582E+000  0.37367478E+001
  0.10914867E+001  0.57618569E+000  0.91708019E+000  0.37371815E+001
  0.10916950E+001  0.57626106E+000  0.91721282E+000  0.37376108E+001
  0.10919068E+001  0.57631297E+000  0.91737181E+000  0.37380501E+001
  0.10921212E+001  0.57639019E+000  0.91750781E+000  0.37384983E+001
  0.10923376E+001  0.57646793E+000  0.91764514E+000  0.37389541E+001
  0.10925540E+001  0.57654743E+000  0.91778352E+000  0.37394167E+001
  0.10927729E+001  0.57662547E+000  0.91834688E+000  0.37375405E+001
  0.10929922E+001  0.57670348E+000  0.91806246E+000  0.37403579E+001
  0.10932059E+001  0.57678683E+000  0.91820258E+000  0.37408346E+001
  0.10934247E+001  0.57686441E+000  0.91834288E+000  0.37413141E+001
  0.10936425E+001  0.57694162E+000  0.91848319E+000  0.37417955E+001
  0.10938588E+001  0.57701834E+000  0.91862335E+000  0.37422779E+001
  0.10940734E+001  0.57709448E+000  0.91876320E+000  0.37427604E+001
  0.10942857E+001  0.57716994E+000  0.91890259E+000  0.37432420E+001
  0.10944953E+001  0.57724462E+000  0.91904139E+000  0.37437220E+001
  0.10947018E+001  0.57731843E+000  0.91917945E+000  0.37441993E+001
  0.10949048E+001  0.57739126E+000  0.91931662E+000  0.37446731E+001
  0.10951039E+001  0.57746303E+000  0.91945275E+000  0.37451425E+001
  0.10953042E+001  0.57752811E+000  0.91975759E+000  0.37446679E+001
  0.10954944E+001  0.57759741E+000  0.91987848E+000  0.37451964E+001
  0.10956795E+001  0.57766533E+000  0.91999915E+000  0.37457108E+001
  0.10958592E+001  0.57773176E+000  0.92011940E+000  0.37462105E+001
  0.10960332E+001  0.57779658E+000  0.92023903E+000  0.37466950E+001
  0.10962011E+001  0.57785970E+000  0.92035779E+000  0.37471637E+001
  0.10963626E+001  0.57792101E+000  0.92047545E+000  0.37476162E+001
  0.10965191E+001  0.57797880E+000  0.92059176E+000  0.37480521E+001
  0.10966672E+001  0.57803618E+000  0.92070645E+000  0.37484710E+001
  0.10968081E+001  0.57809145E+000  0.92081925E+000  0.37488727E+001
  0.10969418E+001  0.57814454E+000  0.92092989E+000  0.37492568E+001
  0.10970681E+001  0.57819535E+000  0.92103809E+000  0.37496232E+001
  0.10971869E+001  0.57824385E+000  0.92114355E+000  0.37499717E+001
  0.10972982E+001  0.57828997E+000  0.92124601E+000  0.37503020E+001
  0.10974018E+001  0.57833366E+000  0.92125230E+000  0.37511272E+001
  0.10974980E+001  0.57839897E+000  0.92132291E+000  0.37514263E+001
  0.10975866E+001  0.57843764E+000  0.92141328E+000  0.37517102E+001
  0.10976679E+001  0.57847368E+000  0.92149910E+000  0.37519787E+001
  0.10977418E+001  0.57850724E+000  0.92158020E+000  0.37522315E+001
  0.10978086E+001  0.57853826E+000  0.92165641E+000  0.37524686E+001
  0.10978684E+001  0.57856674E+000  0.92172759E+000  0.37526898E+001
  0.10979216E+001  0.57859272E+000  0.92179362E+000  0.37528951E+001
  0.10979683E+001  0.57861622E+000  0.92185442E+000  0.37530846E+001
  0.10980088E+001  0.57863729E+000  0.92190993E+000  0.37532582E+001
  0.10980434E+001  0.57865601E+000  0.92196012E+000  0.37534162E+001
  0.10980724E+001  0.57867243E+000  0.92200502E+000  0.37535587E+001
  0.10980961E+001  0.57868665E+000  0.92204466E+000  0.37536860E+001
  0.10981148E+001  0.57869874E+000  0.92207915E+000  0.37537985E+001
  0.10981288E+001  0.57870881E+000  0.92210859E+000  0.37538965E+001
  0.10981385E+001  0.57871696E+000  0.92213314E+000  0.37539806E+001
  0.10981442E+001  0.57872332E+000  0.92215301E+000  0.37540511E+001
  0.10981463E+001  0.57872799E+000  0.92216840E+000  0.37541088E+001
  0.10981449E+001  0.57873111E+000  0.92217958E+000  0.37541542E+001
  0.10981406E+001  0.57873279E+000  0.92218680E+000  0.37541881E+001
  0.10981335E+001  0.57873318E+000  0.92219037E+000  0.37542112E+001
  0.10981239E+001  0.57873240E+000  0.92219058E+000  0.37542243E+001
  0.10981122E+001  0.57873058E+000  0.92218775E+000  0.37542282E+001
  0.10980986E+001  0.57872784E+000  0.92218221E+000  0.37542238E+001
  0.10980834E+001  0.57872431E+000  0.92217427E+000  0.37542119E+001
  0.10980668E+001  0.57872011E+000  0.92216425E+000  0.37541933E+001
  0.10980492E+001  0.57871535E+000  0.92215247E+000  0.37541690E+001
  0.10980306E+001  0.57871014E+000  0.92213922E+000  0.37541397E+001
  0.10980113E+001  0.57870457E+000  0.92212479E+000  0.37541063E+001
  0.10979915E+001  0.57869874E+000  0.92210946E+000  0.37540694E+001
  0.10979714E+001  0.57869273E+000  0.92209347E+000  0.37540299E+001
  0.10979511E+001  0.57868661E+000  0.92207705E+000  0.37539884E+001
  0.10979307E+001  0.57868045E+000  0.92206042E+000  0.37539454E+001
  0.10979105E+001  0.57867472E+000  0.92204335E+000  0.37539016E+001
  0.10978905E+001  0.57866865E+000  0.92202683E+000  0.37538574E+001
  0.10978707E+001  0.57866267E+000  0.92201061E+000  0.37538133E+001
  0.10978514E+001  0.57865684E+000  0.92199479E+000  0.37537695E+001
  0.10978325E+001  0.57865117E+000  0.92197948E+000  0.37537265E+001
  0.10978141E+001  0.57864568E+000  0.92196478E+000  0.37536845E+001
  0.10977962E+001  0.57864039E+000  0.92195073E+000  0.37536436E+001
  0.10977790E+001  0.57863530E+000  0.92193740E+000  0.37536040E+001
  0.10977623E+001  0.57863042E+000  0.92192481E+000  0.37535659E+001
  0.10977463E+001  0.57862574E+000  0.92191300E+000  0.37535293E+001
  0.10977310E+001  0.57862127E+000  0.92190195E+000  0.37534942E+001
  0.10977163E+001  0.57861699E+000  0.92189169E+000  0.37534608E+001
  0.10977022E+001  0.57861289E+000  0.92188219E+000  0.37534289E+001
  0.10976888E+001  0.57860896E+000  0.92187343E+000  0.37533987E+001
  0.10976761E+001  0.57860519E+000  0.92186540E+000  0.37533699E+001
  0.10976639E+001  0.57860158E+000  0.92185807E+000  0.37533427E+001
  0.10976524E+001  0.57859809E+000  0.92185139E+000  0.37533169E+001
  0.10976415E+001  0.57859473E+000  0.92184535E+000  0.37532925E+001
  0.10976312E+001  0.57859147E+000  0.92183989E+000  0.37532694E+001
  0.10976214E+001  0.57858831E+000  0.92183499E+000  0.37532475E+001
  0.10976122E+001  0.57858524E+000  0.92183061E+000  0.37532269E+001
  0.10976035E+001  0.57858224E+000  0.92182669E+000  0.37532073E+001
  0.10975953E+001  0.57857931E+000  0.92182322E+000  0.37531889E+001
  0.10975876E+001  0.57857643E+000  0.92182015E+000  0.37531714E+001
  0.10975804E+001  0.57857362E+000  0.92181744E+000  0.37531548E+001
  0.10975736E+001  0.57857084E+000  0.92181506E+000  0.37531391E+001
  0.10975673E+001  0.57856812E+000  0.92181297E+000  0.37531243E+001
  0.10975613E+001  0.57856543E+000  0.92181116E+000  0.37531102E+001
  0.10975558E+001  0.57856279E+000  0.92180958E+000  0.37530968E+001
  0.10975506E+001  0.57856018E+000  0.92180821E+000  0.37530840E+001
  0.10975458E+001  0.57855762E+000  0.92180703E+000  0.37530720E+001
  0.10975413E+001  0.57855509E+000  0.92180600E+000  0.37530604E+001
  0.10975372E+001  0.57855261E+000  0.92180512E+000  0.37530495E+001
  0.10975333E+001  0.57855018E+000  0.92180436E+000  0.37530391E+001
  0.10975298E+001  0.57854779E+000  0.92180370E+000  0.37530291E+001
  0.10975265E+001  0.57854545E+000  0.92180312E+000  0.37530196E+001
  0.10975234E+001  0.57854317E+000  0.92180262E+000  0.37530106E+001
  0.10975206E+001  0.57854095E+000  0.92180218E+000  0.37530019E+001
  0.10975181E+001  0.57853879E+000  0.92180179E+000  0.37529937E+001
  0.10975157E+001  0.57853669E+000  0.92180144E+000  0.37529858E+001
  0.10975135E+001  0.57853467E+000  0.92180111E+000  0.37529783E+001
  0.10975116E+001  0.57853271E+000  0.92180081E+000  0.37529711E+001
  0.10975097E+001  0.57853082E+000  0.92180053E+000  0.37529642E+001
  0.10975081E+001  0.57852901E+000  0.92180026E+000  0.37529577E+001
  0.10975066E+001  0.57852728E+000  0.92180000E+000  0.37529515E+001
  0.10975052E+001  0.57852562E+000  0.92179975E+000  0.37529455E+001
  0.10975039E+001  0.57852404E+000  0.92179949E+000  0.37529398E+001
  0.10975028E+001  0.57852254E+000  0.92179924E+000  0.37529344E+001
  0.10975018E+001  0.57852112E+000  0.92179899E+000  0.37529293E+001
  0.10975008E+001  0.57851978E+000  0.92179874E+000  0.37529245E+001
  0.10975000E+001  0.57851851E+000  0.92179849E+000  0.37529199E+001
  0.10974992E+001  0.57851732E+000  0.92179824E+000  0.37529155E+001
  0.10974985E+001  0.57851620E+000  0.92179798E+000  0.37529114E+001
  0.10974979E+001  0.57851516E+000  0.92179773E+000  0.37529075E+001
  0.10974973E+001  0.57851418E+000  0.92179748E+000  0.37529039E+001
  0.10974968E+001  0.57851327E+000  0.92179723E+000  0.37529005E+001
  0.10974964E+001  0.57851243E+000  0.92179698E+000  0.37528973E+001
  0.10974959E+001  0.57851165E+000  0.92179673E+000  0.37528943E+001
  0.10974956E+001  0.57851093E+000  0.92179649E+000  0.37528915E+001
  0.10974952E+001  0.57851026E+000  0.92179626E+000  0.37528890E+001
  0.10974949E+001  0.57850965E+000  0.92179603E+000  0.37528867E+001
  0.10974946E+001  0.57850909E+000  0.92179580E+000  0.37528845E+001
  0.10974944E+001  0.57850857E+000  0.92179559E+000  0.37528826E+001
  0.10974941E+001  0.57850810E+000  0.92179538E+000  0.37528809E+001
  0.10974939E+001  0.57850767E+000  0.92179518E+000  0.37528793E+001
  0.10974937E+001  0.57850727E+000  0.92179498E+000  0.37528780E+001
  0.10974936E+001  0.57850691E+000  0.92179480E+000  0.37528768E+001
  0.10974934E+001  0.57850659E+000  0.92179463E+000  0.37528757E+001
  0.10974932E+001  0.57850629E+000  0.92179446E+000  0.37528749E+001
  0.10974931E+001  0.57850602E+000  0.92179430E+000  0.37528742E+001
  0.10974930E+001  0.57850578E+000  0.92179416E+000  0.37528737E+001
  0.10974928E+001  0.57850556E+000  0.92179402E+000  0.37528733E+001
  0.10974927E+001  0.57850536E+000  0.92179389E+000  0.37528730E+001
  0.10974926E+001  0.57850517E+000  0.92179376E+000  0.37528729E+001
  0.10974925E+001  0.57850501E+000  0.92179365E+000  0.37528730E+001
  0.10974924E+001  0.57850486E+000  0.92179354E+000  0.37528731E+001
  0.10974923E+001  0.57850473E+000  0.92179344E+000  0.37528734E+001
  0.10974923E+001  0.57850460E+000  0.92179335E+000  0.37528738E+001
  0.10974922E+001  0.57850449E+000  0.92179327E+000  0.37528743E+001
  0.10974921E+001  0.57850439E+000  0.92179319E+000  0.37528749E+001
  0.10974920E+001  0.57850430E+000  0.92179311E+000  0.37528755E+001
  0.10974920E+001  0.57850421E+000  0.92179304E+000  0.37528763E+001
  0.10974919E+001  0.57850413E+000  0.92179298E+000  0.37528772E+001
  0.10974918E+001  0.57850406E+000  0.92179292E+000  0.37528781E+001
  0.10974918E+001  0.57850400E+000  0.92179286E+000  0.37528792E+001
  0.10974917E+001  0.57850394E+000  0.92179281E+000  0.37528802E+001
  0.10974916E+001  0.57850388E+000  0.92179276E+000  0.37528814E+001
  0.10974916E+001  0.57850383E+000  0.92179272E+000  0.37528826E+001
  0.10974915E+001  0.57850378E+000  0.92179268E+000  0.37528838E+001
  0.10974915E+001  0.57850373E+000  0.92179263E+000  0.37528851E+001
  0.10974914E+001  0.57850369E+000  0.92179260E+000  0.37528865E+001
  0.10974914E+001  0.57850365E+000  0.92179256E+000  0.37528878E+001
  0.10974913E+001  0.57850362E+000  0.92179253E+000  0.37528893E+001
  0.10974913E+001  0.57850358E+000  0.92179250E+000  0.37528907E+001
  0.10974912E+001  0.57850355E+000  0.92179247E+000  0.37528922E+001
  0.10974912E+001  0.57850352E+000  0.92179244E+000  0.37528936E+001
  0.10974912E+001  0.57850349E+000  0.92179241E+000  0.37528951E+001
  0.10974911E+001  0.57850346E+000  0.92179239E+000  0.37528966E+001
  0.10974911E+001  0.57850344E+000  0.92179236E+000  0.37528982E+001
  0.10974911E+001  0.57850342E+000  0.92179234E+000  0.37528997E+001
  0.10974910E+001  0.57850339E+000  0.92179232E+000  0.37529012E+001
  0.10974910E+001  0.57850337E+000  0.92179230E+000  0.37529027E+001
  0.10974910E+001  0.57850335E+000  0.92179228E+000  0.37529042E+001
  0.10974909E+001  0.57850333E+000  0.92179225E+000  0.37529058E+001
  0.10974909E+001  0.57850331E+000  0.92179223E+000  0.37529072E+001
  0.10974909E+001  0.57850329E+000  0.92179220E+000  0.37529087E+001
  0.10974908E+001  0.57850326E+000  0.92179216E+000  0.37529101E+001
  0.10974907E+001  0.57850322E+000  0.92179210E+000  0.37529115E+001
