 -0.15576191E+000  0.23181266E+000  0.22812896E+001  0.39934029E+001
 -0.15606287E+000  0.23056354E+000  0.22782313E+001  0.39901163E+001
 -0.15626765E+000  0.22951685E+000  0.22757056E+001  0.39875488E+001
 -0.15641215E+000  0.22865748E+000  0.22736267E+001  0.39855156E+001
 -0.15652145E+000  0.22796769E+000  0.22719187E+001  0.39839031E+001
 -0.15660276E+000  0.22741940E+000  0.22705248E+001  0.39826248E+001
 -0.15666071E+000  0.22698812E+000  0.22693962E+001  0.39816162E+001
 -0.15670012E+000  0.22665475E+000  0.22684924E+001  0.39808289E+001
 -0.15672469E+000  0.22640324E+000  0.22677786E+001  0.39802248E+001
 -0.15673734E+000  0.22622016E+000  0.22672248E+001  0.39797730E+001
 -0.15674038E+000  0.22609415E+000  0.22668059E+001  0.39794485E+001
 -0.15673522E+000  0.22601574E+000  0.22665006E+001  0.39792313E+001
 -0.15672292E+000  0.22597703E+000  0.22662907E+001  0.39791047E+001
 -0.15670534E+000  0.22597134E+000  0.22661612E+001  0.39790550E+001
 -0.15668382E+000  0.22599309E+000  0.22660994E+001  0.39790710E+001
 -0.15665938E+000  0.22603761E+000  0.22660948E+001  0.39791435E+001
 -0.15663280E+000  0.22610097E+000  0.22661385E+001  0.39792647E+001
 -0.15660465E+000  0.22617990E+000  0.22662230E+001  0.39794282E+001
 -0.15657543E+000  0.22627162E+000  0.22663420E+001  0.39796286E+001
 -0.15654552E+000  0.22637381E+000  0.22664903E+001  0.39798616E+001
 -0.15651522E+000  0.22648450E+000  0.22666633E+001  0.39801232E+001
 -0.15648478E+000  0.22660203E+000  0.22668574E+001  0.39804103E+001
 -0.15645441E+000  0.22672500E+000  0.22670694E+001  0.39807202E+001
 -0.15642428E+000  0.22685221E+000  0.22672965E+001  0.39810506E+001
 -0.15639453E+000  0.22698266E+000  0.22675366E+001  0.39813995E+001
 -0.15636526E+000  0.22711549E+000  0.22677876E+001  0.39817652E+001
 -0.15633657E+000  0.22724996E+000  0.22680479E+001  0.39821462E+001
 -0.15630851E+000  0.22738543E+000  0.22683160E+001  0.39825411E+001
 -0.15628171E+000  0.22752196E+000  0.22685906E+001  0.39829489E+001
 -0.15625568E+000  0.22765853E+000  0.22688705E+001  0.39833683E+001
 -0.15623041E+000  0.22779468E+000  0.22691548E+001  0.39837984E+001
 -0.15620594E+000  0.22793006E+000  0.22694426E+001  0.39842381E+001
 -0.15618230E+000  0.22806437E+000  0.22697329E+001  0.39846867E+001
 -0.15615950E+000  0.22819733E+000  0.22700251E+001  0.39851431E+001
 -0.15613756E+000  0.22832870E+000  0.22703184E+001  0.39856065E+001
 -0.15611649E+000  0.22845829E+000  0.22706121E+001  0.39860760E+001
 -0.15609627E+000  0.22858590E+000  0.22709057E+001  0.39865507E+001
 -0.15607690E+000  0.22871136E+000  0.22711987E+001  0.39870297E+001
 -0.15605837E+000  0.22883453E+000  0.22714903E+001  0.39875120E+001
 -0.15604003E+000  0.22895464E+000  0.22717802E+001  0.39879966E+001
 -0.15602228E+000  0.22907198E+000  0.22720679E+001  0.39884827E+001
 -0.15600535E+000  0.22918666E+000  0.22723528E+001  0.39889691E+001
 -0.15598920E+000  0.22929859E+000  0.22726347E+001  0.39894549E+001
 -0.15597383E+000  0.22940764E+000  0.22729130E+001  0.39899389E+001
 -0.15595921E+000  0.22951374E+000  0.22731875E+001  0.39904202E+001
 -0.15594533E+000  0.22961677E+000  0.22734577E+001  0.39908977E+001
 -0.15593217E+000  0.22971667E+000  0.22737232E+001  0.39913703E+001
 -0.15591970E+000  0.22981334E+000  0.22739838E+001  0.39918370E+001
 -0.15590792E+000  0.22990670E+000  0.22742391E+001  0.39922966E+001
 -0.15589551E+000  0.22999541E+000  0.22744887E+001  0.39927482E+001
 -0.15588310E+000  0.23008002E+000  0.22747325E+001  0.39931908E+001
 -0.15587138E+000  0.23016120E+000  0.22749700E+001  0.39936233E+001
 -0.15586033E+000  0.23023890E+000  0.22752011E+001  0.39940448E+001
 -0.15584994E+000  0.23031310E+000  0.22754254E+001  0.39944543E+001
 -0.15584019E+000  0.23038377E+000  0.22756427E+001  0.39948510E+001
 -0.15583106E+000  0.23045091E+000  0.22758528E+001  0.39952340E+001
 -0.15582254E+000  0.23051452E+000  0.22760556E+001  0.39956023E+001
 -0.15581459E+000  0.23057463E+000  0.22762509E+001  0.39959554E+001
 -0.15580719E+000  0.23063127E+000  0.22764385E+001  0.39962923E+001
 -0.15580033E+000  0.23068450E+000  0.22766185E+001  0.39966124E+001
 -0.15579398E+000  0.23073440E+000  0.22767907E+001  0.39969150E+001
 -0.15578814E+000  0.23078104E+000  0.22769552E+001  0.39971996E+001
 -0.15578278E+000  0.23082453E+000  0.22771120E+001  0.39974656E+001
 -0.15577788E+000  0.23086499E+000  0.22772611E+001  0.39977125E+001
 -0.15577343E+000  0.23090255E+000  0.22774028E+001  0.39979400E+001
 -0.15576939E+000  0.23093734E+000  0.22775370E+001  0.39981477E+001
 -0.15576575E+000  0.23096953E+000  0.22776639E+001  0.39983354E+001
 -0.15576248E+000  0.23099927E+000  0.22777837E+001  0.39985030E+001
 -0.15575957E+000  0.23102673E+000  0.22778967E+001  0.39986504E+001
 -0.15575700E+000  0.23105209E+000  0.22780029E+001  0.39987777E+001
 -0.15575475E+000  0.23107551E+000  0.22781027E+001  0.39988851E+001
 -0.15575280E+000  0.23109718E+000  0.22781964E+001  0.39989727E+001
 -0.15575113E+000  0.23111726E+000  0.22782840E+001  0.39990411E+001
 -0.15574972E+000  0.23113592E+000  0.22783660E+001  0.39990906E+001
 -0.15574857E+000  0.23115332E+000  0.22784426E+001  0.39991219E+001
 -0.15574765E+000  0.23116963E+000  0.22785141E+001  0.39991357E+001
 -0.15574695E+000  0.23118499E+000  0.22785807E+001  0.39991327E+001
 -0.15574646E+000  0.23119953E+000  0.22786429E+001  0.39991139E+001
 -0.15574616E+000  0.23121340E+000  0.22787009E+001  0.39990801E+001
 -0.15574604E+000  0.23122670E+000  0.22787551E+001  0.39990325E+001
 -0.15574607E+000  0.23123956E+000  0.22788057E+001  0.39989721E+001
 -0.15574626E+000  0.23125208E+000  0.22788530E+001  0.39988999E+001
 -0.15574658E+000  0.23126433E+000  0.22788975E+001  0.39988172E+001
 -0.15574702E+000  0.23127642E+000  0.22789393E+001  0.39987251E+001
 -0.15574756E+000  0.23128842E+000  0.22789789E+001  0.39986248E+001
 -0.15574818E+000  0.23130038E+000  0.22790165E+001  0.39985173E+001
 -0.15574888E+000  0.23131237E+000  0.22790524E+001  0.39984038E+001
 -0.15574964E+000  0.23132444E+000  0.22790869E+001  0.39982853E+001
 -0.15575044E+000  0.23133662E+000  0.22791202E+001  0.39981628E+001
 -0.15575127E+000  0.23134895E+000  0.22791525E+001  0.39980373E+001
 -0.15575212E+000  0.23136146E+000  0.22791841E+001  0.39979097E+001
 -0.15575298E+000  0.23137416E+000  0.22792152E+001  0.39977807E+001
 -0.15575383E+000  0.23138706E+000  0.22792460E+001  0.39976510E+001
 -0.15575467E+000  0.23140017E+000  0.22792765E+001  0.39975214E+001
 -0.15575548E+000  0.23141348E+000  0.22793070E+001  0.39973923E+001
 -0.15575627E+000  0.23142699E+000  0.22793376E+001  0.39972643E+001
 -0.15575702E+000  0.23144068E+000  0.22793683E+001  0.39971377E+001
 -0.15575773E+000  0.23145452E+000  0.22793993E+001  0.39970129E+001
 -0.15575839E+000  0.23146850E+000  0.22794306E+001  0.39968903E+001
 -0.15575902E+000  0.23148258E+000  0.22794622E+001  0.39967699E+001
 -0.15575959E+000  0.23149672E+000  0.22794943E+001  0.39966520E+001
 -0.15576011E+000  0.23151090E+000  0.22795268E+001  0.39965368E+001
 -0.15576059E+000  0.23152507E+000  0.22795598E+001  0.39964242E+001
 -0.15576102E+000  0.23153918E+000  0.22795933E+001  0.39963143E+001
 -0.15576140E+000  0.23155321E+000  0.22796274E+001  0.39962071E+001
 -0.15576174E+000  0.23156710E+000  0.22796619E+001  0.39961027E+001
 -0.15576203E+000  0.23158081E+000  0.22796969E+001  0.39960009E+001
 -0.15576229E+000  0.23159430E+000  0.22797325E+001  0.39959018E+001
 -0.15576251E+000  0.23160753E+000  0.22797685E+001  0.39958053E+001
 -0.15576269E+000  0.23162046E+000  0.22798051E+001  0.39957112E+001
 -0.15576284E+000  0.23163306E+000  0.22798420E+001  0.39956197E+001
 -0.15576297E+000  0.23164528E+000  0.22798795E+001  0.39955305E+001
 -0.15576307E+000  0.23165711E+000  0.22799173E+001  0.39954436E+001
 -0.15576314E+000  0.23166851E+000  0.22799555E+001  0.39953589E+001
 -0.15576320E+000  0.23167945E+000  0.22799941E+001  0.39952764E+001
 -0.15576324E+000  0.23168993E+000  0.22800329E+001  0.39951960E+001
 -0.15576326E+000  0.23169992E+000  0.22800720E+001  0.39951176E+001
 -0.15576327E+000  0.23170942E+000  0.22801113E+001  0.39950412E+001
 -0.15576327E+000  0.23171840E+000  0.22801507E+001  0.39949668E+001
 -0.15576325E+000  0.23172688E+000  0.22801902E+001  0.39948943E+001
 -0.15576324E+000  0.23173484E+000  0.22802297E+001  0.39948236E+001
 -0.15576321E+000  0.23174230E+000  0.22802692E+001  0.39947548E+001
 -0.15576318E+000  0.23174925E+000  0.22803085E+001  0.39946878E+001
 -0.15576315E+000  0.23175571E+000  0.22803477E+001  0.39946227E+001
 -0.15576311E+000  0.23176169E+000  0.22803866E+001  0.39945593E+001
 -0.15576307E+000  0.23176720E+000  0.22804251E+001  0.39944977E+001
 -0.15576303E+000  0.23177226E+000  0.22804632E+001  0.39944380E+001
 -0.15576299E+000  0.23177688E+000  0.22805008E+001  0.39943800E+001
 -0.15576295E+000  0.23178110E+000  0.22805379E+001  0.39943238E+001
 -0.15576291E+000  0.23178492E+000  0.22805743E+001  0.39942694E+001
 -0.15576287E+000  0.23178837E+000  0.22806100E+001  0.39942169E+001
 -0.15576283E+000  0.23179147E+000  0.22806450E+001  0.39941661E+001
 -0.15576279E+000  0.23179425E+000  0.22806791E+001  0.39941171E+001
 -0.15576275E+000  0.23179673E+000  0.22807123E+001  0.39940700E+001
 -0.15576271E+000  0.23179892E+000  0.22807445E+001  0.39940246E+001
 -0.15576267E+000  0.23180086E+000  0.22807758E+001  0.39939811E+001
 -0.15576264E+000  0.23180257E+000  0.22808061E+001  0.39939393E+001
 -0.15576260E+000  0.23180406E+000  0.22808353E+001  0.39938994E+001
 -0.15576257E+000  0.23180535E+000  0.22808634E+001  0.39938612E+001
 -0.15576254E+000  0.23180647E+000  0.22808904E+001  0.39938247E+001
 -0.15576251E+000  0.23180743E+000  0.22809163E+001  0.39937900E+001
 -0.15576248E+000  0.23180825E+000  0.22809410E+001  0.39937571E+001
 -0.15576245E+000  0.23180895E+000  0.22809646E+001  0.39937258E+001
 -0.15576242E+000  0.23180954E+000  0.22809871E+001  0.39936961E+001
 -0.15576239E+000  0.23181003E+000  0.22810084E+001  0.39936681E+001
 -0.15576236E+000  0.23181044E+000  0.22810286E+001  0.39936417E+001
 -0.15576234E+000  0.23181078E+000  0.22810477E+001  0.39936168E+001
 -0.15576231E+000  0.23181106E+000  0.22810657E+001  0.39935934E+001
 -0.15576229E+000  0.23181128E+000  0.22810827E+001  0.39935714E+001
 -0.15576226E+000  0.23181146E+000  0.22810986E+001  0.39935509E+001
 -0.15576224E+000  0.23181161E+000  0.22811135E+001  0.39935316E+001
 -0.15576221E+000  0.23181172E+000  0.22811275E+001  0.39935137E+001
 -0.15576219E+000  0.23181182E+000  0.22811406E+001  0.39934971E+001
 -0.15576217E+000  0.23181189E+000  0.22811528E+001  0.39934816E+001
 -0.15576215E+000  0.23181195E+000  0.22811641E+001  0.39934673E+001
 -0.15576213E+000  0.23181199E+000  0.22811746E+001  0.39934540E+001
 -0.15576211E+000  0.23181203E+000  0.22811844E+001  0.39934418E+001
 -0.15576209E+000  0.23181206E+000  0.22811934E+001  0.39934306E+001
 -0.15576207E+000  0.23181209E+000  0.22812017E+001  0.39934203E+001
 -0.15576205E+000  0.23181212E+000  0.22812094E+001  0.39934109E+001
 -0.15576204E+000  0.23181214E+000  0.22812165E+001  0.39934023E+001
 -0.15576202E+000  0.23181216E+000  0.22812230E+001  0.39933945E+001
 -0.15576201E+000  0.23181219E+000  0.22812290E+001  0.39933874E+001
 -0.15576199E+000  0.23181221E+000  0.22812345E+001  0.39933810E+001
 -0.15576198E+000  0.23181224E+000  0.22812395E+001  0.39933752E+001
 -0.15576197E+000  0.23181226E+000  0.22812441E+001  0.39933701E+001
 -0.15576196E+000  0.23181229E+000  0.22812483E+001  0.39933655E+001
 -0.15576195E+000  0.23181232E+000  0.22812522E+001  0.39933614E+001
 -0.15576194E+000  0.23181235E+000  0.22812557E+001  0.39933578E+001
 -0.15576193E+000  0.23181238E+000  0.22812589E+001  0.39933547E+001
 -0.15576192E+000  0.23181240E+000  0.22812618E+001  0.39933520E+001
 -0.15576192E+000  0.23181243E+000  0.22812644E+001  0.39933496E+001
 -0.15576191E+000  0.23181246E+000  0.22812668E+001  0.39933477E+001
 -0.15576190E+000  0.23181249E+000  0.22812690E+001  0.39933460E+001
 -0.15576190E+000  0.23181252E+000  0.22812709E+001  0.39933447E+001
 -0.15576190E+000  0.23181254E+000  0.22812727E+001  0.39933436E+001
 -0.15576189E+000  0.23181256E+000  0.22812743E+001  0.39933428E+001
 -0.15576189E+000  0.23181259E+000  0.22812758E+001  0.39933422E+001
 -0.15576189E+000  0.23181260E+000  0.22812771E+001  0.39933419E+001
 -0.15576189E+000  0.23181262E+000  0.22812783E+001  0.39933417E+001
 -0.15576189E+000  0.23181263E+000  0.22812794E+001  0.39933417E+001
 -0.15576189E+000  0.23181265E+000  0.22812804E+001  0.39933419E+001
 -0.15576189E+000  0.23181265E+000  0.22812813E+001  0.39933422E+001
 -0.15576190E+000  0.23181266E+000  0.22812820E+001  0.39933427E+001
 -0.15576190E+000  0.23181267E+000  0.22812828E+001  0.39933432E+001
 -0.15576190E+000  0.23181267E+000  0.22812834E+001  0.39933439E+001
 -0.15576190E+000  0.23181267E+000  0.22812840E+001  0.39933447E+001
 -0.15576191E+000  0.23181266E+000  0.22812845E+001  0.39933456E+001
 -0.15576191E+000  0.23181266E+000  0.22812850E+001  0.39933465E+001
 -0.15576191E+000  0.23181265E+000  0.22812854E+001  0.39933475E+001
 -0.15576192E+000  0.23181264E+000  0.22812858E+001  0.39933486E+001
 -0.15576192E+000  0.23181263E+000  0.22812861E+001  0.39933497E+001
 -0.15576192E+000  0.23181262E+000  0.22812864E+001  0.39933509E+001
 -0.15576193E+000  0.23181261E+000  0.22812867E+001  0.39933521E+001
 -0.15576193E+000  0.23181259E+000  0.22812869E+001  0.39933533E+001
 -0.15576194E+000  0.23181258E+000  0.22812871E+001  0.39933546E+001
 -0.15576194E+000  0.23181256E+000  0.22812873E+001  0.39933558E+001
 -0.15576195E+000  0.23181253E+000  0.22812874E+001  0.39933571E+001
 -0.15576196E+000  0.23181248E+000  0.22812875E+001  0.39933584E+001
 -0.15576198E+000  0.23181242E+000  0.22812876E+001  0.39933596E+001
