 -0.50351565E-001
 -0.50436864E-001
 -0.50502866E-001
 -0.50553312E-001
 -0.50591236E-001
 -0.50619087E-001
 -0.50638839E-001
 -0.50652077E-001
 -0.50660083E-001
 -0.50663898E-001
 -0.50664364E-001
 -0.50662040E-001
 -0.50657346E-001
 -0.50650894E-001
 -0.50643139E-001
 -0.50634424E-001
 -0.50625015E-001
 -0.50615119E-001
 -0.50604902E-001
 -0.50594492E-001
 -0.50583997E-001
 -0.50573499E-001
 -0.50563067E-001
 -0.50552756E-001
 -0.50542611E-001
 -0.50532668E-001
 -0.50522955E-001
 -0.50513509E-001
 -0.50504344E-001
 -0.50495464E-001
 -0.50486877E-001
 -0.50478587E-001
 -0.50470597E-001
 -0.50462910E-001
 -0.50455526E-001
 -0.50448443E-001
 -0.50441659E-001
 -0.50435169E-001
 -0.50428968E-001
 -0.50423050E-001
 -0.50417409E-001
 -0.50412036E-001
 -0.50406926E-001
 -0.50402069E-001
 -0.50397460E-001
 -0.50393090E-001
 -0.50388954E-001
 -0.50385043E-001
 -0.50381352E-001
 -0.50377874E-001
 -0.50374604E-001
 -0.50371537E-001
 -0.50368666E-001
 -0.50365987E-001
 -0.50363495E-001
 -0.50361183E-001
 -0.50359048E-001
 -0.50357088E-001
 -0.50355295E-001
 -0.50353662E-001
 -0.50352183E-001
 -0.50350852E-001
 -0.50349662E-001
 -0.50348608E-001
 -0.50347683E-001
 -0.50346882E-001
 -0.50346197E-001
 -0.50345623E-001
 -0.50345154E-001
 -0.50344783E-001
 -0.50344505E-001
 -0.50344314E-001
 -0.50344204E-001
 -0.50344170E-001
 -0.50344207E-001
 -0.50344309E-001
 -0.50344471E-001
 -0.50344689E-001
 -0.50344957E-001
 -0.50345269E-001
 -0.50345622E-001
 -0.50346010E-001
 -0.50346427E-001
 -0.50346868E-001
 -0.50347329E-001
 -0.50347804E-001
 -0.50348288E-001
 -0.50348776E-001
 -0.50349264E-001
 -0.50349748E-001
 -0.50350223E-001
 -0.50350686E-001
 -0.50351133E-001
 -0.50351562E-001
 -0.50351971E-001
 -0.50352357E-001
 -0.50352719E-001
 -0.50353056E-001
 -0.50353366E-001
 -0.50353651E-001
 -0.50353909E-001
 -0.50354141E-001
 -0.50354347E-001
 -0.50354528E-001
 -0.50354685E-001
 -0.50354818E-001
 -0.50354929E-001
 -0.50355019E-001
 -0.50355089E-001
 -0.50355140E-001
 -0.50355174E-001
 -0.50355191E-001
 -0.50355194E-001
 -0.50355182E-001
 -0.50355158E-001
 -0.50355123E-001
 -0.50355078E-001
 -0.50355023E-001
 -0.50354960E-001
 -0.50354890E-001
 -0.50354814E-001
 -0.50354732E-001
 -0.50354645E-001
 -0.50354555E-001
 -0.50354461E-001
 -0.50354366E-001
 -0.50354268E-001
 -0.50354169E-001
 -0.50354069E-001
 -0.50353969E-001
 -0.50353869E-001
 -0.50353770E-001
 -0.50353672E-001
 -0.50353575E-001
 -0.50353480E-001
 -0.50353386E-001
 -0.50353295E-001
 -0.50353206E-001
 -0.50353119E-001
 -0.50353035E-001
 -0.50352953E-001
 -0.50352875E-001
 -0.50352799E-001
 -0.50352726E-001
 -0.50352656E-001
 -0.50352589E-001
 -0.50352524E-001
 -0.50352463E-001
 -0.50352405E-001
 -0.50352349E-001
 -0.50352296E-001
 -0.50352246E-001
 -0.50352199E-001
 -0.50352154E-001
 -0.50352112E-001
 -0.50352072E-001
 -0.50352034E-001
 -0.50351999E-001
 -0.50351966E-001
 -0.50351935E-001
 -0.50351906E-001
 -0.50351879E-001
 -0.50351854E-001
 -0.50351830E-001
 -0.50351808E-001
 -0.50351788E-001
 -0.50351769E-001
 -0.50351752E-001
 -0.50351736E-001
 -0.50351721E-001
 -0.50351707E-001
 -0.50351695E-001
 -0.50351683E-001
 -0.50351672E-001
 -0.50351663E-001
 -0.50351654E-001
 -0.50351646E-001
 -0.50351639E-001
 -0.50351632E-001
 -0.50351626E-001
 -0.50351621E-001
 -0.50351616E-001
 -0.50351612E-001
 -0.50351608E-001
 -0.50351604E-001
 -0.50351601E-001
 -0.50351599E-001
 -0.50351596E-001
 -0.50351594E-001
 -0.50351592E-001
 -0.50351591E-001
 -0.50351589E-001
 -0.50351588E-001
 -0.50351587E-001
 -0.50351586E-001
 -0.50351585E-001
 -0.50351585E-001
 -0.50351586E-001
 -0.50351589E-001
 -0.50351593E-001
