  0.16380372E+001
  0.16361488E+001
  0.16346286E+001
  0.16334001E+001
  0.16324081E+001
  0.16316105E+001
  0.16309737E+001
  0.16304709E+001
  0.16300804E+001
  0.16297839E+001
  0.16295663E+001
  0.16294150E+001
  0.16293196E+001
  0.16292713E+001
  0.16292629E+001
  0.16292884E+001
  0.16293427E+001
  0.16294216E+001
  0.16295215E+001
  0.16296394E+001
  0.16297728E+001
  0.16299196E+001
  0.16300780E+001
  0.16302464E+001
  0.16304235E+001
  0.16306083E+001
  0.16307997E+001
  0.16309969E+001
  0.16311991E+001
  0.16314058E+001
  0.16316161E+001
  0.16318297E+001
  0.16320459E+001
  0.16322643E+001
  0.16324844E+001
  0.16327058E+001
  0.16329281E+001
  0.16331507E+001
  0.16333735E+001
  0.16335958E+001
  0.16338173E+001
  0.16340377E+001
  0.16342565E+001
  0.16344734E+001
  0.16346879E+001
  0.16348997E+001
  0.16351083E+001
  0.16353135E+001
  0.16355148E+001
  0.16357120E+001
  0.16359045E+001
  0.16360922E+001
  0.16362747E+001
  0.16364516E+001
  0.16366227E+001
  0.16367877E+001
  0.16369464E+001
  0.16370985E+001
  0.16372439E+001
  0.16373823E+001
  0.16375136E+001
  0.16376377E+001
  0.16377544E+001
  0.16378637E+001
  0.16379655E+001
  0.16380599E+001
  0.16381469E+001
  0.16382264E+001
  0.16382986E+001
  0.16383636E+001
  0.16384215E+001
  0.16384725E+001
  0.16385169E+001
  0.16385547E+001
  0.16385864E+001
  0.16386121E+001
  0.16386322E+001
  0.16386470E+001
  0.16386569E+001
  0.16386622E+001
  0.16386633E+001
  0.16386606E+001
  0.16386544E+001
  0.16386452E+001
  0.16386333E+001
  0.16386192E+001
  0.16386031E+001
  0.16385854E+001
  0.16385664E+001
  0.16385465E+001
  0.16385259E+001
  0.16385048E+001
  0.16384836E+001
  0.16384623E+001
  0.16384412E+001
  0.16384204E+001
  0.16384000E+001
  0.16383802E+001
  0.16383610E+001
  0.16383425E+001
  0.16383247E+001
  0.16383076E+001
  0.16382913E+001
  0.16382758E+001
  0.16382611E+001
  0.16382472E+001
  0.16382340E+001
  0.16382215E+001
  0.16382097E+001
  0.16381985E+001
  0.16381880E+001
  0.16381781E+001
  0.16381688E+001
  0.16381600E+001
  0.16381517E+001
  0.16381439E+001
  0.16381365E+001
  0.16381296E+001
  0.16381230E+001
  0.16381168E+001
  0.16381109E+001
  0.16381054E+001
  0.16381001E+001
  0.16380952E+001
  0.16380904E+001
  0.16380860E+001
  0.16380817E+001
  0.16380777E+001
  0.16380739E+001
  0.16380703E+001
  0.16380668E+001
  0.16380636E+001
  0.16380605E+001
  0.16380575E+001
  0.16380547E+001
  0.16380520E+001
  0.16380495E+001
  0.16380471E+001
  0.16380448E+001
  0.16380427E+001
  0.16380406E+001
  0.16380387E+001
  0.16380369E+001
  0.16380352E+001
  0.16380336E+001
  0.16380320E+001
  0.16380306E+001
  0.16380293E+001
  0.16380280E+001
  0.16380269E+001
  0.16380258E+001
  0.16380248E+001
  0.16380239E+001
  0.16380231E+001
  0.16380223E+001
  0.16380216E+001
  0.16380209E+001
  0.16380204E+001
  0.16380199E+001
  0.16380194E+001
  0.16380190E+001
  0.16380187E+001
  0.16380184E+001
  0.16380181E+001
  0.16380179E+001
  0.16380178E+001
  0.16380177E+001
  0.16380176E+001
  0.16380176E+001
  0.16380176E+001
  0.16380176E+001
  0.16380177E+001
  0.16380178E+001
  0.16380179E+001
  0.16380181E+001
  0.16380183E+001
  0.16380185E+001
  0.16380187E+001
  0.16380189E+001
  0.16380192E+001
  0.16380195E+001
  0.16380197E+001
  0.16380200E+001
  0.16380204E+001
  0.16380207E+001
  0.16380210E+001
  0.16380213E+001
  0.16380217E+001
  0.16380220E+001
  0.16380224E+001
  0.16380227E+001
  0.16380231E+001
  0.16380235E+001
  0.16380238E+001
  0.16380242E+001
  0.16380245E+001
  0.16380249E+001
  0.16380252E+001
  0.16380256E+001
  0.16380259E+001
