  0.12537718E+001
  0.12531122E+001
  0.12525989E+001
  0.12521797E+001
  0.12518315E+001
  0.12515411E+001
  0.12512983E+001
  0.12510961E+001
  0.12509282E+001
  0.12507890E+001
  0.12506737E+001
  0.12505786E+001
  0.12505011E+001
  0.12504383E+001
  0.12503880E+001
  0.12503482E+001
  0.12503173E+001
  0.12502939E+001
  0.12502770E+001
  0.12502656E+001
  0.12502589E+001
  0.12502563E+001
  0.12502570E+001
  0.12502607E+001
  0.12502670E+001
  0.12502754E+001
  0.12502856E+001
  0.12502975E+001
  0.12503108E+001
  0.12503252E+001
  0.12503406E+001
  0.12503570E+001
  0.12503740E+001
  0.12503917E+001
  0.12504100E+001
  0.12504287E+001
  0.12504478E+001
  0.12504673E+001
  0.12504870E+001
  0.12505069E+001
  0.12505270E+001
  0.12505473E+001
  0.12505677E+001
  0.12505882E+001
  0.12506088E+001
  0.12506294E+001
  0.12506500E+001
  0.12506706E+001
  0.12506911E+001
  0.12507116E+001
  0.12507320E+001
  0.12507523E+001
  0.12507725E+001
  0.12507926E+001
  0.12508125E+001
  0.12508322E+001
  0.12508517E+001
  0.12508710E+001
  0.12508900E+001
  0.12509088E+001
  0.12509273E+001
  0.12509455E+001
  0.12509635E+001
  0.12509811E+001
  0.12509984E+001
  0.12510154E+001
  0.12510321E+001
  0.12510484E+001
  0.12510643E+001
  0.12510799E+001
  0.12510952E+001
  0.12511101E+001
  0.12511247E+001
  0.12511389E+001
  0.12511528E+001
  0.12511663E+001
  0.12511795E+001
  0.12511923E+001
  0.12512048E+001
  0.12512170E+001
  0.12512289E+001
  0.12512405E+001
  0.12512518E+001
  0.12512628E+001
  0.12512735E+001
  0.12512840E+001
  0.12512943E+001
  0.12513043E+001
  0.12513141E+001
  0.12513237E+001
  0.12513332E+001
  0.12513425E+001
  0.12513516E+001
  0.12513606E+001
  0.12513694E+001
  0.12513782E+001
  0.12513868E+001
  0.12513954E+001
  0.12514039E+001
  0.12514123E+001
  0.12514207E+001
  0.12514291E+001
  0.12514374E+001
  0.12514457E+001
  0.12514539E+001
  0.12514622E+001
  0.12514705E+001
  0.12514787E+001
  0.12514870E+001
  0.12514953E+001
  0.12515036E+001
  0.12515119E+001
  0.12515202E+001
  0.12515286E+001
  0.12515370E+001
  0.12515454E+001
  0.12515539E+001
  0.12515624E+001
  0.12515709E+001
  0.12515795E+001
  0.12515881E+001
  0.12515968E+001
  0.12516055E+001
  0.12516142E+001
  0.12516230E+001
  0.12516318E+001
  0.12516406E+001
  0.12516495E+001
  0.12516584E+001
  0.12516674E+001
  0.12516764E+001
  0.12516854E+001
  0.12516944E+001
  0.12517035E+001
  0.12517126E+001
  0.12517217E+001
  0.12517308E+001
  0.12517399E+001
  0.12517491E+001
  0.12517582E+001
  0.12517674E+001
  0.12517765E+001
  0.12517856E+001
  0.12517948E+001
  0.12518039E+001
  0.12518130E+001
  0.12518221E+001
  0.12518311E+001
  0.12518401E+001
  0.12518491E+001
  0.12518580E+001
  0.12518669E+001
  0.12518757E+001
  0.12518845E+001
  0.12518932E+001
  0.12519019E+001
  0.12519104E+001
  0.12519189E+001
  0.12519274E+001
  0.12519357E+001
  0.12519440E+001
  0.12519521E+001
  0.12519602E+001
  0.12519682E+001
  0.12519760E+001
  0.12519838E+001
  0.12519915E+001
  0.12519990E+001
  0.12520064E+001
  0.12520137E+001
  0.12520209E+001
  0.12520280E+001
  0.12520349E+001
  0.12520417E+001
  0.12520484E+001
  0.12520549E+001
  0.12520614E+001
  0.12520676E+001
  0.12520738E+001
  0.12520798E+001
  0.12520857E+001
  0.12520914E+001
  0.12520970E+001
  0.12521025E+001
  0.12521078E+001
  0.12521130E+001
  0.12521180E+001
  0.12521229E+001
  0.12521277E+001
  0.12521324E+001
  0.12521369E+001
  0.12521412E+001
  0.12521455E+001
  0.12521496E+001
  0.12521536E+001
  0.12521575E+001
  0.12521612E+001
  0.12521648E+001
  0.12521683E+001
  0.12521717E+001
