  0.60056750E+000
  0.60099755E+000
  0.60122339E+000
  0.60132312E+000
  0.60134531E+000
  0.60132043E+000
  0.60126786E+000
  0.60119938E+000
  0.60112250E+000
  0.60104190E+000
  0.60096049E+000
  0.60085793E+000
  0.60071174E+000
  0.60055090E+000
  0.60039084E+000
  0.60023937E+000
  0.60010000E+000
  0.59997385E+000
  0.59986078E+000
  0.59976000E+000
  0.59967044E+000
  0.59959097E+000
  0.59952050E+000
  0.59945800E+000
  0.59940257E+000
  0.59935338E+000
  0.59930972E+000
  0.59927340E+000
  0.59924319E+000
  0.59921720E+000
  0.59919429E+000
  0.59917381E+000
  0.59915535E+000
  0.59913864E+000
  0.59912352E+000
  0.59910985E+000
  0.59909753E+000
  0.59908645E+000
  0.59907653E+000
  0.59906768E+000
  0.59905983E+000
  0.59905287E+000
  0.59904675E+000
  0.59904137E+000
  0.59903667E+000
  0.59903257E+000
  0.59902901E+000
  0.59902592E+000
  0.59902325E+000
  0.59902094E+000
  0.59901895E+000
  0.59901723E+000
  0.59901576E+000
  0.59901449E+000
  0.59901341E+000
  0.59901249E+000
  0.59901170E+000
  0.59901187E+000
  0.59901253E+000
  0.59901337E+000
  0.59901432E+000
  0.59901535E+000
  0.59901644E+000
  0.59901758E+000
  0.59901878E+000
  0.59902002E+000
  0.59902131E+000
  0.59902265E+000
  0.59902403E+000
  0.59902546E+000
  0.59902693E+000
  0.59902845E+000
  0.59903001E+000
  0.59903161E+000
  0.59903326E+000
  0.59903496E+000
  0.59903670E+000
  0.59903848E+000
  0.59904031E+000
  0.59904217E+000
  0.59904406E+000
  0.59904598E+000
  0.59904793E+000
  0.59904989E+000
  0.59905185E+000
  0.59905382E+000
  0.59905577E+000
  0.59905771E+000
  0.59905963E+000
  0.59906151E+000
  0.59906334E+000
  0.59906513E+000
  0.59906687E+000
  0.59906854E+000
  0.59907015E+000
  0.59907170E+000
  0.59907317E+000
  0.59907456E+000
  0.59907589E+000
  0.59907714E+000
  0.59907831E+000
  0.59907941E+000
  0.59908044E+000
  0.59908141E+000
  0.59908230E+000
  0.59908313E+000
  0.59908390E+000
  0.59908461E+000
  0.59908527E+000
  0.59908587E+000
  0.59908642E+000
  0.59908693E+000
  0.59908740E+000
  0.59908782E+000
  0.59908821E+000
  0.59908856E+000
  0.59908887E+000
  0.59908916E+000
  0.59908942E+000
  0.59908965E+000
  0.59908986E+000
  0.59909004E+000
  0.59909021E+000
  0.59909035E+000
  0.59909047E+000
  0.59909058E+000
  0.59909067E+000
  0.59909075E+000
  0.59909081E+000
  0.59909086E+000
  0.59909090E+000
  0.59909092E+000
  0.59909094E+000
  0.59909094E+000
  0.59909094E+000
  0.59909093E+000
  0.59909091E+000
  0.59909088E+000
  0.59909085E+000
  0.59909080E+000
  0.59909076E+000
  0.59909071E+000
  0.59909065E+000
  0.59909059E+000
  0.59909052E+000
  0.59909045E+000
  0.59909038E+000
  0.59909031E+000
  0.59909023E+000
  0.59909015E+000
  0.59909007E+000
  0.59908999E+000
  0.59908991E+000
  0.59908982E+000
  0.59908974E+000
  0.59908966E+000
  0.59908957E+000
  0.59908949E+000
  0.59908941E+000
  0.59908933E+000
  0.59908925E+000
  0.59908917E+000
  0.59908909E+000
  0.59908902E+000
  0.59908894E+000
  0.59908887E+000
  0.59908880E+000
  0.59908874E+000
  0.59908867E+000
  0.59908861E+000
  0.59908855E+000
  0.59908849E+000
  0.59908843E+000
  0.59908838E+000
  0.59908833E+000
  0.59908828E+000
  0.59908823E+000
  0.59908819E+000
  0.59908814E+000
  0.59908810E+000
  0.59908806E+000
  0.59908803E+000
  0.59908799E+000
  0.59908796E+000
  0.59908793E+000
  0.59908790E+000
  0.59908787E+000
  0.59908784E+000
  0.59908782E+000
  0.59908780E+000
  0.59908777E+000
  0.59908775E+000
  0.59908773E+000
  0.59908771E+000
  0.59908770E+000
  0.59908768E+000
  0.59908766E+000
  0.59908765E+000
  0.59908765E+000
  0.59908764E+000
