  0.19566094E+001
  0.19873764E+001
  0.19936880E+001
  0.19927870E+001
  0.19892504E+001
  0.19848252E+001
  0.19803802E+001
  0.19762642E+001
  0.19725863E+001
  0.19693595E+001
  0.19665461E+001
  0.19641686E+001
  0.19622378E+001
  0.19606545E+001
  0.19593470E+001
  0.19582608E+001
  0.19573539E+001
  0.19565933E+001
  0.19559534E+001
  0.19554134E+001
  0.19549569E+001
  0.19545705E+001
  0.19542431E+001
  0.19539657E+001
  0.19537305E+001
  0.19535314E+001
  0.19533628E+001
  0.19531616E+001
  0.19529261E+001
  0.19526800E+001
  0.19524402E+001
  0.19522179E+001
  0.19520202E+001
  0.19518511E+001
  0.19517119E+001
  0.19516024E+001
  0.19515210E+001
  0.19514655E+001
  0.19514332E+001
  0.19514211E+001
  0.19514264E+001
  0.19514465E+001
  0.19514786E+001
  0.19515207E+001
  0.19515708E+001
  0.19516272E+001
  0.19516885E+001
  0.19517537E+001
  0.19518219E+001
  0.19518923E+001
  0.19519645E+001
  0.19520379E+001
  0.19521124E+001
  0.19521877E+001
  0.19522636E+001
  0.19523401E+001
  0.19524170E+001
  0.19524675E+001
  0.19524991E+001
  0.19525206E+001
  0.19525371E+001
  0.19525513E+001
  0.19525647E+001
  0.19525782E+001
  0.19525919E+001
  0.19526062E+001
  0.19526210E+001
  0.19526364E+001
  0.19526523E+001
  0.19526687E+001
  0.19526855E+001
  0.19527027E+001
  0.19527203E+001
  0.19527381E+001
  0.19527561E+001
  0.19527742E+001
  0.19527924E+001
  0.19528107E+001
  0.19528290E+001
  0.19528471E+001
  0.19528652E+001
  0.19528830E+001
  0.19529007E+001
  0.19529181E+001
  0.19529352E+001
  0.19529519E+001
  0.19529683E+001
  0.19529844E+001
  0.19530000E+001
  0.19530152E+001
  0.19530301E+001
  0.19530445E+001
  0.19530585E+001
  0.19530721E+001
  0.19530854E+001
  0.19530982E+001
  0.19531108E+001
  0.19531230E+001
  0.19531349E+001
  0.19531465E+001
  0.19531579E+001
  0.19531691E+001
  0.19531802E+001
  0.19531910E+001
  0.19532017E+001
  0.19532124E+001
  0.19532229E+001
  0.19532334E+001
  0.19532439E+001
  0.19532543E+001
  0.19532648E+001
  0.19532753E+001
  0.19532859E+001
  0.19532965E+001
  0.19533072E+001
  0.19533181E+001
  0.19533290E+001
  0.19533400E+001
  0.19533512E+001
  0.19533625E+001
  0.19533739E+001
  0.19533855E+001
  0.19533972E+001
  0.19534091E+001
  0.19534211E+001
  0.19534332E+001
  0.19534456E+001
  0.19534580E+001
  0.19534706E+001
  0.19534833E+001
  0.19534962E+001
  0.19535092E+001
  0.19535223E+001
  0.19535356E+001
  0.19535489E+001
  0.19535623E+001
  0.19535759E+001
  0.19535895E+001
  0.19536032E+001
  0.19536170E+001
  0.19536309E+001
  0.19536448E+001
  0.19536587E+001
  0.19536727E+001
  0.19536868E+001
  0.19537008E+001
  0.19537148E+001
  0.19537289E+001
  0.19537430E+001
  0.19537570E+001
  0.19537710E+001
  0.19537850E+001
  0.19537989E+001
  0.19538128E+001
  0.19538266E+001
  0.19538403E+001
  0.19538540E+001
  0.19538675E+001
  0.19538810E+001
  0.19538944E+001
  0.19539076E+001
  0.19539208E+001
  0.19539338E+001
  0.19539466E+001
  0.19539593E+001
  0.19539719E+001
  0.19539843E+001
  0.19539966E+001
  0.19540087E+001
  0.19540206E+001
  0.19540323E+001
  0.19540438E+001
  0.19540551E+001
  0.19540663E+001
  0.19540772E+001
  0.19540880E+001
  0.19540985E+001
  0.19541088E+001
  0.19541189E+001
  0.19541288E+001
  0.19541385E+001
  0.19541480E+001
  0.19541572E+001
  0.19541663E+001
  0.19541751E+001
  0.19541836E+001
  0.19541920E+001
  0.19542002E+001
  0.19542081E+001
  0.19542158E+001
  0.19542233E+001
  0.19542305E+001
  0.19542376E+001
  0.19542444E+001
  0.19542511E+001
  0.19542575E+001
  0.19542637E+001
  0.19542698E+001
  0.19542757E+001
  0.19542813E+001
