  0.66845695E+000  0.85157287E+000  0.97590809E+000  0.25191497E+001
  0.66589553E+000  0.85303022E+000  0.97557006E+000  0.25179534E+001
  0.66401932E+000  0.85380560E+000  0.97571179E+000  0.25168593E+001
  0.66338894E+000  0.85366157E+000  0.97568359E+000  0.25159848E+001
  0.66290570E+000  0.85330504E+000  0.97584131E+000  0.25152742E+001
  0.66263337E+000  0.85278884E+000  0.97594650E+000  0.25147960E+001
  0.66210778E+000  0.85284064E+000  0.97603626E+000  0.25142089E+001
  0.66124514E+000  0.85342015E+000  0.97601383E+000  0.25137057E+001
  0.66096110E+000  0.85351929E+000  0.97586797E+000  0.25133646E+001
  0.66079792E+000  0.85329507E+000  0.97601698E+000  0.25130464E+001
  0.66071200E+000  0.85318271E+000  0.97585717E+000  0.25129433E+001
  0.66062392E+000  0.85302184E+000  0.97586850E+000  0.25128004E+001
  0.66056827E+000  0.85293145E+000  0.97572280E+000  0.25127821E+001
  0.66048248E+000  0.85295747E+000  0.97567220E+000  0.25126414E+001
  0.66032875E+000  0.85306209E+000  0.97565254E+000  0.25125089E+001
  0.66028231E+000  0.85293875E+000  0.97575943E+000  0.25124125E+001
  0.66025707E+000  0.85285221E+000  0.97580886E+000  0.25123512E+001
  0.66020083E+000  0.85286767E+000  0.97580622E+000  0.25123013E+001
  0.66017397E+000  0.85287166E+000  0.97580496E+000  0.25122578E+001
  0.66016952E+000  0.85286280E+000  0.97582321E+000  0.25122073E+001
  0.65985086E+000  0.85317669E+000  0.97581941E+000  0.25121891E+001
  0.65985191E+000  0.85317266E+000  0.97581915E+000  0.25121816E+001
  0.65984685E+000  0.85317920E+000  0.97582128E+000  0.25121810E+001
  0.65985133E+000  0.85317779E+000  0.97583452E+000  0.25121796E+001
  0.65985678E+000  0.85317808E+000  0.97583679E+000  0.25121965E+001
  0.65986348E+000  0.85317907E+000  0.97583970E+000  0.25122195E+001
  0.65987135E+000  0.85317544E+000  0.97584868E+000  0.25122474E+001
  0.65987544E+000  0.85318128E+000  0.97585124E+000  0.25122824E+001
  0.65988478E+000  0.85318335E+000  0.97585643E+000  0.25123188E+001
  0.65989465E+000  0.85317983E+000  0.97586792E+000  0.25123587E+001
  0.65990496E+000  0.85318242E+000  0.97587390E+000  0.25124016E+001
  0.65991558E+000  0.85318524E+000  0.97588016E+000  0.25124472E+001
  0.65992650E+000  0.85318816E+000  0.97588664E+000  0.25124951E+001
  0.65993765E+000  0.85319116E+000  0.97576083E+000  0.25116315E+001
  0.65994896E+000  0.85319422E+000  0.97590008E+000  0.25125970E+001
  0.65996017E+000  0.85319751E+000  0.97590694E+000  0.25126505E+001
  0.65997162E+000  0.85320064E+000  0.97591384E+000  0.25127055E+001
  0.65998308E+000  0.85320377E+000  0.97592077E+000  0.25127617E+001
  0.65999450E+000  0.85320689E+000  0.97592770E+000  0.25128191E+001
  0.66000586E+000  0.85321000E+000  0.97593461E+000  0.25128775E+001
  0.66001713E+000  0.85321308E+000  0.97594148E+000  0.25129368E+001
  0.66002827E+000  0.85321613E+000  0.97594831E+000  0.25129969E+001
  0.66003925E+000  0.85321915E+000  0.97595509E+000  0.25130578E+001
  0.66005006E+000  0.85322212E+000  0.97596180E+000  0.25131193E+001
  0.66006066E+000  0.85322505E+000  0.97596846E+000  0.25131813E+001
  0.66007124E+000  0.85322774E+000  0.97592215E+000  0.25128783E+001
  0.66008137E+000  0.85323058E+000  0.97593264E+000  0.25129686E+001
  0.66009125E+000  0.85323337E+000  0.97594265E+000  0.25130565E+001
  0.66010084E+000  0.85323610E+000  0.97595220E+000  0.25131419E+001
  0.66011014E+000  0.85323878E+000  0.97596130E+000  0.25132249E+001
  0.66011912E+000  0.85324141E+000  0.97596995E+000  0.25133054E+001
  0.66012777E+000  0.85324398E+000  0.97597817E+000  0.25133836E+001
  0.66013611E+000  0.85324646E+000  0.97598597E+000  0.25134594E+001
  0.66014408E+000  0.85324890E+000  0.97599338E+000  0.25135330E+001
  0.66015169E+000  0.85325128E+000  0.97600041E+000  0.25136044E+001
  0.66015893E+000  0.85325360E+000  0.97600707E+000  0.25136737E+001
  0.66016580E+000  0.85325585E+000  0.97601337E+000  0.25137408E+001
  0.66017230E+000  0.85325803E+000  0.97601933E+000  0.25138060E+001
  0.66017842E+000  0.85326015E+000  0.97602495E+000  0.25138692E+001
  0.66018417E+000  0.85326220E+000  0.97605910E+000  0.25141300E+001
  0.66018955E+000  0.85327002E+000  0.97605856E+000  0.25141914E+001
  0.66019457E+000  0.85327192E+000  0.97606375E+000  0.25142522E+001
  0.66019928E+000  0.85327368E+000  0.97606883E+000  0.25143124E+001
  0.66020359E+000  0.85327542E+000  0.97607379E+000  0.25143719E+001
  0.66020757E+000  0.85327708E+000  0.97607864E+000  0.25144307E+001
  0.66021121E+000  0.85327866E+000  0.97608336E+000  0.25144887E+001
  0.66021455E+000  0.85328016E+000  0.97608796E+000  0.25145459E+001
  0.66021758E+000  0.85328158E+000  0.97609244E+000  0.25146022E+001
  0.66022033E+000  0.85328292E+000  0.97609679E+000  0.25146576E+001
  0.66022281E+000  0.85328419E+000  0.97610101E+000  0.25147121E+001
  0.66022504E+000  0.85328538E+000  0.97610511E+000  0.25147656E+001
  0.66022703E+000  0.85328649E+000  0.97610908E+000  0.25148182E+001
  0.66022880E+000  0.85328754E+000  0.97611293E+000  0.25148698E+001
  0.66023036E+000  0.85328852E+000  0.97611666E+000  0.25149204E+001
  0.66023173E+000  0.85328943E+000  0.97612027E+000  0.25149699E+001
  0.66023292E+000  0.85329029E+000  0.97612376E+000  0.25150184E+001
  0.66023395E+000  0.85329108E+000  0.97612715E+000  0.25150659E+001
  0.66023483E+000  0.85329182E+000  0.97613043E+000  0.25151124E+001
  0.66023557E+000  0.85329251E+000  0.97613362E+000  0.25151579E+001
  0.66023618E+000  0.85329315E+000  0.97613671E+000  0.25152023E+001
  0.66023669E+000  0.85329375E+000  0.97613972E+000  0.25152457E+001
  0.66023709E+000  0.85329431E+000  0.97614265E+000  0.25152882E+001
  0.66023740E+000  0.85329484E+000  0.97614551E+000  0.25153296E+001
  0.66023763E+000  0.85329533E+000  0.97614831E+000  0.25153702E+001
  0.66023779E+000  0.85329579E+000  0.97615105E+000  0.25154098E+001
  0.66023788E+000  0.85329623E+000  0.97615374E+000  0.25154486E+001
  0.66023792E+000  0.85329665E+000  0.97615639E+000  0.25154865E+001
  0.66023792E+000  0.85329704E+000  0.97615901E+000  0.25155236E+001
  0.66023787E+000  0.85329742E+000  0.97616160E+000  0.25155599E+001
  0.66023780E+000  0.85329778E+000  0.97616417E+000  0.25155955E+001
  0.66023770E+000  0.85329813E+000  0.97616672E+000  0.25156305E+001
  0.66023758E+000  0.85329847E+000  0.97616926E+000  0.25156648E+001
  0.66023745E+000  0.85329881E+000  0.97617179E+000  0.25156985E+001
  0.66023731E+000  0.85329913E+000  0.97617433E+000  0.25157318E+001
  0.66023716E+000  0.85329945E+000  0.97617687E+000  0.25157645E+001
  0.66023702E+000  0.85329976E+000  0.97617941E+000  0.25157968E+001
  0.66023688E+000  0.85330006E+000  0.97618196E+000  0.25158287E+001
  0.66023674E+000  0.85330036E+000  0.97618452E+000  0.25158603E+001
  0.66023661E+000  0.85330066E+000  0.97618708E+000  0.25158915E+001
  0.66023649E+000  0.85330095E+000  0.97618966E+000  0.25159225E+001
  0.66023638E+000  0.85330124E+000  0.97619224E+000  0.25159533E+001
  0.66023628E+000  0.85330153E+000  0.97619483E+000  0.25159839E+001
  0.66023620E+000  0.85330181E+000  0.97619742E+000  0.25160144E+001
  0.66023614E+000  0.85330208E+000  0.97620002E+000  0.25160447E+001
  0.66023608E+000  0.85330236E+000  0.97620263E+000  0.25160750E+001
  0.66023605E+000  0.85330262E+000  0.97620523E+000  0.25161052E+001
  0.66023602E+000  0.85330289E+000  0.97620783E+000  0.25161354E+001
  0.66023602E+000  0.85330314E+000  0.97621043E+000  0.25161656E+001
  0.66023602E+000  0.85330339E+000  0.97621301E+000  0.25161958E+001
  0.66023605E+000  0.85330364E+000  0.97621559E+000  0.25162261E+001
  0.66023608E+000  0.85330387E+000  0.97621816E+000  0.25162564E+001
  0.66023613E+000  0.85330410E+000  0.97622071E+000  0.25162869E+001
  0.66023619E+000  0.85330433E+000  0.97622324E+000  0.25163175E+001
  0.66023627E+000  0.85330454E+000  0.97622575E+000  0.25163481E+001
  0.66023636E+000  0.85330475E+000  0.97622823E+000  0.25163789E+001
  0.66023645E+000  0.85330495E+000  0.97623069E+000  0.25164099E+001
  0.66023656E+000  0.85330514E+000  0.97623312E+000  0.25164410E+001
  0.66023668E+000  0.85330533E+000  0.97623552E+000  0.25164723E+001
  0.66023681E+000  0.85330551E+000  0.97623789E+000  0.25165038E+001
  0.66023695E+000  0.85330568E+000  0.97624022E+000  0.25165355E+001
  0.66023709E+000  0.85330584E+000  0.97624251E+000  0.25165674E+001
  0.66023724E+000  0.85330600E+000  0.97624477E+000  0.25165994E+001
  0.66023740E+000  0.85330615E+000  0.97624698E+000  0.25166317E+001
  0.66023756E+000  0.85330630E+000  0.97624915E+000  0.25166641E+001
  0.66023772E+000  0.85330644E+000  0.97625128E+000  0.25166968E+001
  0.66023789E+000  0.85330657E+000  0.97625336E+000  0.25167296E+001
  0.66023807E+000  0.85330670E+000  0.97625539E+000  0.25167627E+001
  0.66023824E+000  0.85330682E+000  0.97625738E+000  0.25167959E+001
  0.66023842E+000  0.85330694E+000  0.97625932E+000  0.25168294E+001
  0.66023860E+000  0.85330706E+000  0.97626122E+000  0.25168630E+001
  0.66023878E+000  0.85330717E+000  0.97626306E+000  0.25168968E+001
  0.66023896E+000  0.85330727E+000  0.97626485E+000  0.25169308E+001
  0.66023913E+000  0.85330738E+000  0.97626659E+000  0.25169649E+001
  0.66023931E+000  0.85330748E+000  0.97626829E+000  0.25169992E+001
  0.66023948E+000  0.85330758E+000  0.97626993E+000  0.25170336E+001
  0.66023966E+000  0.85330767E+000  0.97627152E+000  0.25170682E+001
  0.66023983E+000  0.85330776E+000  0.97627305E+000  0.25171029E+001
  0.66023999E+000  0.85330785E+000  0.97627454E+000  0.25171376E+001
  0.66024016E+000  0.85330794E+000  0.97627598E+000  0.25171725E+001
  0.66024032E+000  0.85330803E+000  0.97627737E+000  0.25172075E+001
  0.66024047E+000  0.85330811E+000  0.97627870E+000  0.25172425E+001
  0.66024062E+000  0.85330819E+000  0.97627999E+000  0.25172776E+001
  0.66024077E+000  0.85330827E+000  0.97628123E+000  0.25173126E+001
  0.66024091E+000  0.85330834E+000  0.97628242E+000  0.25173477E+001
  0.66024105E+000  0.85330842E+000  0.97628356E+000  0.25173828E+001
  0.66024118E+000  0.85330849E+000  0.97628466E+000  0.25174179E+001
  0.66024130E+000  0.85330856E+000  0.97628571E+000  0.25174529E+001
  0.66024142E+000  0.85330863E+000  0.97628672E+000  0.25174879E+001
  0.66024154E+000  0.85330870E+000  0.97628768E+000  0.25175228E+001
  0.66024165E+000  0.85330877E+000  0.97628860E+000  0.25175576E+001
  0.66024175E+000  0.85330883E+000  0.97628947E+000  0.25175923E+001
  0.66024185E+000  0.85330889E+000  0.97629031E+000  0.25176268E+001
  0.66024195E+000  0.85330895E+000  0.97629111E+000  0.25176612E+001
  0.66024204E+000  0.85330901E+000  0.97629187E+000  0.25176954E+001
  0.66024212E+000  0.85330906E+000  0.97629259E+000  0.25177294E+001
  0.66024220E+000  0.85330911E+000  0.97629327E+000  0.25177631E+001
  0.66024228E+000  0.85330917E+000  0.97629392E+000  0.25177967E+001
  0.66024235E+000  0.85330921E+000  0.97629454E+000  0.25178300E+001
  0.66024242E+000  0.85330926E+000  0.97629512E+000  0.25178630E+001
  0.66024248E+000  0.85330931E+000  0.97629568E+000  0.25178957E+001
  0.66024254E+000  0.85330935E+000  0.97629620E+000  0.25179281E+001
  0.66024259E+000  0.85330939E+000  0.97629669E+000  0.25179602E+001
  0.66024264E+000  0.85330943E+000  0.97629716E+000  0.25179919E+001
  0.66024269E+000  0.85330946E+000  0.97629760E+000  0.25180232E+001
  0.66024274E+000  0.85330950E+000  0.97629801E+000  0.25180542E+001
  0.66024278E+000  0.85330953E+000  0.97629840E+000  0.25180848E+001
  0.66024282E+000  0.85330956E+000  0.97629877E+000  0.25181150E+001
  0.66024285E+000  0.85330959E+000  0.97629911E+000  0.25181447E+001
  0.66024288E+000  0.85330962E+000  0.97629944E+000  0.25181741E+001
  0.66024291E+000  0.85330965E+000  0.97629974E+000  0.25182029E+001
  0.66024294E+000  0.85330967E+000  0.97630002E+000  0.25182313E+001
  0.66024297E+000  0.85330969E+000  0.97630029E+000  0.25182593E+001
  0.66024299E+000  0.85330972E+000  0.97630054E+000  0.25182867E+001
  0.66024301E+000  0.85330974E+000  0.97630077E+000  0.25183137E+001
  0.66024303E+000  0.85330976E+000  0.97630099E+000  0.25183401E+001
  0.66024305E+000  0.85330977E+000  0.97630120E+000  0.25183661E+001
  0.66024307E+000  0.85330979E+000  0.97630139E+000  0.25183915E+001
  0.66024309E+000  0.85330980E+000  0.97630156E+000  0.25184164E+001
  0.66024310E+000  0.85330982E+000  0.97630173E+000  0.25184408E+001
  0.66024311E+000  0.85330983E+000  0.97630188E+000  0.25184647E+001
  0.66024312E+000  0.85330984E+000  0.97630202E+000  0.25184880E+001
  0.66024313E+000  0.85330985E+000  0.97630216E+000  0.25185108E+001
  0.66024314E+000  0.85330986E+000  0.97630228E+000  0.25185331E+001
  0.66024315E+000  0.85330987E+000  0.97630239E+000  0.25185548E+001
  0.66024316E+000  0.85330988E+000  0.97630250E+000  0.25185759E+001
  0.66024317E+000  0.85330989E+000  0.97630260E+000  0.25185966E+001
  0.66024318E+000  0.85330990E+000  0.97630269E+000  0.25186167E+001
  0.66024318E+000  0.85330990E+000  0.97630277E+000  0.25186362E+001
  0.66024319E+000  0.85330991E+000  0.97630285E+000  0.25186552E+001
  0.66024319E+000  0.85330992E+000  0.97630292E+000  0.25186737E+001
  0.66024320E+000  0.85330992E+000  0.97630298E+000  0.25186917E+001
  0.66024320E+000  0.85330992E+000  0.97630304E+000  0.25187091E+001
  0.66024320E+000  0.85330993E+000  0.97630310E+000  0.25187261E+001
  0.66024321E+000  0.85330993E+000  0.97630315E+000  0.25187425E+001
  0.66024321E+000  0.85330994E+000  0.97630320E+000  0.25187584E+001
  0.66024321E+000  0.85330994E+000  0.97630324E+000  0.25187738E+001
  0.66024322E+000  0.85330994E+000  0.97630328E+000  0.25187887E+001
  0.66024322E+000  0.85330995E+000  0.97630332E+000  0.25188031E+001
  0.66024322E+000  0.85330995E+000  0.97630335E+000  0.25188171E+001
  0.66024321E+000  0.85330994E+000  0.97630336E+000  0.25188305E+001
