  0.52586000E+000
  0.52606316E+000
  0.52621503E+000
  0.52633777E+000
  0.52643925E+000
  0.52652345E+000
  0.52659364E+000
  0.52665212E+000
  0.52670071E+000
  0.52674095E+000
  0.52677441E+000
  0.52680216E+000
  0.52682465E+000
  0.52684280E+000
  0.52685734E+000
  0.52686883E+000
  0.52687778E+000
  0.52688457E+000
  0.52688953E+000
  0.52689296E+000
  0.52689509E+000
  0.52689612E+000
  0.52689621E+000
  0.52689552E+000
  0.52689417E+000
  0.52689226E+000
  0.52688989E+000
  0.52688715E+000
  0.52688409E+000
  0.52688077E+000
  0.52687724E+000
  0.52687354E+000
  0.52686972E+000
  0.52686580E+000
  0.52686181E+000
  0.52685777E+000
  0.52685371E+000
  0.52684964E+000
  0.52684557E+000
  0.52684153E+000
  0.52683751E+000
  0.52683353E+000
  0.52682959E+000
  0.52682570E+000
  0.52682187E+000
  0.52681809E+000
  0.52681438E+000
  0.52681074E+000
  0.52680717E+000
  0.52680367E+000
  0.52680025E+000
  0.52679691E+000
  0.52679365E+000
  0.52679047E+000
  0.52678738E+000
  0.52678437E+000
  0.52678144E+000
  0.52677861E+000
  0.52677587E+000
  0.52677321E+000
  0.52677064E+000
  0.52676816E+000
  0.52676576E+000
  0.52676345E+000
  0.52676122E+000
  0.52675908E+000
  0.52675701E+000
  0.52675502E+000
  0.52675310E+000
  0.52675126E+000
  0.52674949E+000
  0.52674778E+000
  0.52674613E+000
  0.52674455E+000
  0.52674302E+000
  0.52674155E+000
  0.52674013E+000
  0.52673875E+000
  0.52673743E+000
  0.52673614E+000
  0.52673489E+000
  0.52673368E+000
  0.52673251E+000
  0.52673136E+000
  0.52673025E+000
  0.52672915E+000
  0.52672808E+000
  0.52672703E+000
  0.52672600E+000
  0.52672498E+000
  0.52672397E+000
  0.52672298E+000
  0.52672199E+000
  0.52672101E+000
  0.52672003E+000
  0.52671906E+000
  0.52671809E+000
  0.52671712E+000
  0.52671615E+000
  0.52671518E+000
  0.52671422E+000
  0.52671325E+000
  0.52671229E+000
  0.52671132E+000
  0.52671036E+000
  0.52670940E+000
  0.52670844E+000
  0.52670748E+000
  0.52670652E+000
  0.52670557E+000
  0.52670462E+000
  0.52670368E+000
  0.52670274E+000
  0.52670180E+000
  0.52670088E+000
  0.52669996E+000
  0.52669904E+000
  0.52669814E+000
  0.52669724E+000
  0.52669635E+000
  0.52669547E+000
  0.52669461E+000
  0.52669375E+000
  0.52669290E+000
  0.52669206E+000
  0.52669124E+000
  0.52669043E+000
  0.52668963E+000
  0.52668884E+000
  0.52668806E+000
  0.52668730E+000
  0.52668655E+000
  0.52668582E+000
  0.52668510E+000
  0.52668439E+000
  0.52668370E+000
  0.52668302E+000
  0.52668236E+000
  0.52668171E+000
  0.52668108E+000
  0.52668046E+000
  0.52667986E+000
  0.52667927E+000
  0.52667870E+000
  0.52667814E+000
  0.52667760E+000
  0.52667707E+000
  0.52667655E+000
  0.52667605E+000
  0.52667557E+000
  0.52667510E+000
  0.52667464E+000
  0.52667420E+000
  0.52667377E+000
  0.52667336E+000
  0.52667296E+000
  0.52667257E+000
  0.52667220E+000
  0.52667184E+000
  0.52667149E+000
  0.52667115E+000
  0.52667083E+000
  0.52667052E+000
  0.52667022E+000
  0.52666993E+000
  0.52666965E+000
  0.52666938E+000
  0.52666913E+000
  0.52666888E+000
  0.52666864E+000
  0.52666842E+000
  0.52666820E+000
  0.52666799E+000
  0.52666779E+000
  0.52666760E+000
  0.52666742E+000
  0.52666724E+000
  0.52666708E+000
  0.52666692E+000
  0.52666677E+000
  0.52666662E+000
  0.52666648E+000
  0.52666635E+000
  0.52666622E+000
  0.52666610E+000
  0.52666599E+000
  0.52666588E+000
  0.52666578E+000
  0.52666568E+000
  0.52666559E+000
  0.52666550E+000
  0.52666542E+000
  0.52666534E+000
  0.52666526E+000
  0.52666519E+000
  0.52666512E+000
  0.52666506E+000
  0.52666500E+000
  0.52666494E+000
  0.52666489E+000
