  0.61513520E+000  0.10048035E+001  0.12182421E+001  0.40058627E+001
  0.61620815E+000  0.10054942E+001  0.12211351E+001  0.40392259E+001
  0.61710727E+000  0.10060429E+001  0.12235191E+001  0.40678780E+001
  0.61786556E+000  0.10065032E+001  0.12255323E+001  0.40923931E+001
  0.61850689E+000  0.10068882E+001  0.12272424E+001  0.41133274E+001
  0.61904930E+000  0.10072105E+001  0.12286882E+001  0.41311880E+001
  0.61950641E+000  0.10074829E+001  0.12299142E+001  0.41464095E+001
  0.61989049E+000  0.10077147E+001  0.12309556E+001  0.41593722E+001
  0.62021239E+000  0.10079133E+001  0.12318384E+001  0.41704087E+001
  0.62047919E+000  0.10080863E+001  0.12325873E+001  0.41798025E+001
  0.62070464E+000  0.10082337E+001  0.12332221E+001  0.41877997E+001
  0.62089532E+000  0.10083601E+001  0.12337597E+001  0.41946037E+001
  0.62105650E+000  0.10084653E+001  0.12342146E+001  0.42003950E+001
  0.62119268E+000  0.10085530E+001  0.12345993E+001  0.42053221E+001
  0.62130737E+000  0.10086265E+001  0.12349249E+001  0.42095128E+001
  0.62140400E+000  0.10086878E+001  0.12352002E+001  0.42130745E+001
  0.62148526E+000  0.10087386E+001  0.12354327E+001  0.42160999E+001
  0.62155340E+000  0.10087807E+001  0.12356286E+001  0.42186667E+001
  0.62161036E+000  0.10088154E+001  0.12357934E+001  0.42208427E+001
  0.62165776E+000  0.10088438E+001  0.12359305E+001  0.42226847E+001
  0.62169698E+000  0.10088670E+001  0.12360447E+001  0.42242413E+001
  0.62172933E+000  0.10088856E+001  0.12361397E+001  0.42255532E+001
  0.62175578E+000  0.10089003E+001  0.12362182E+001  0.42266560E+001
  0.62177723E+000  0.10089116E+001  0.12362821E+001  0.42275809E+001
  0.62179442E+000  0.10089202E+001  0.12363338E+001  0.42283541E+001
  0.62180798E+000  0.10089263E+001  0.12363755E+001  0.42289974E+001
  0.62181846E+000  0.10089305E+001  0.12364087E+001  0.42295305E+001
  0.62182634E+000  0.10089329E+001  0.12364348E+001  0.42299700E+001
  0.62183203E+000  0.10089340E+001  0.12364550E+001  0.42303306E+001
  0.62183588E+000  0.10089339E+001  0.12364701E+001  0.42306246E+001
  0.62183819E+000  0.10089327E+001  0.12364811E+001  0.42308630E+001
  0.62183924E+000  0.10089308E+001  0.12364886E+001  0.42310549E+001
  0.62183924E+000  0.10089282E+001  0.12364932E+001  0.42312084E+001
  0.62183839E+000  0.10089250E+001  0.12362733E+001  0.42295137E+001
  0.62183686E+000  0.10089215E+001  0.12364960E+001  0.42314265E+001
  0.62183479E+000  0.10089176E+001  0.12364949E+001  0.42315019E+001
  0.62183229E+000  0.10089135E+001  0.12364928E+001  0.42315609E+001
  0.62182948E+000  0.10089093E+001  0.12364897E+001  0.42316067E+001
  0.62182644E+000  0.10089049E+001  0.12364859E+001  0.42316425E+001
  0.62182323E+000  0.10089005E+001  0.12364817E+001  0.42316706E+001
  0.62181992E+000  0.10088960E+001  0.12364772E+001  0.42316931E+001
  0.62181656E+000  0.10088916E+001  0.12364725E+001  0.42317116E+001
  0.62181319E+000  0.10088872E+001  0.12364676E+001  0.42317273E+001
  0.62180983E+000  0.10088829E+001  0.12364628E+001  0.42317412E+001
  0.62180653E+000  0.10088786E+001  0.12364580E+001  0.42317543E+001
  0.62180329E+000  0.10088744E+001  0.12363645E+001  0.42310407E+001
  0.62180014E+000  0.10088703E+001  0.12363666E+001  0.42311081E+001
  0.62179709E+000  0.10088664E+001  0.12363681E+001  0.42311705E+001
  0.62179416E+000  0.10088625E+001  0.12363692E+001  0.42312282E+001
  0.62179134E+000  0.10088588E+001  0.12363698E+001  0.42312817E+001
  0.62178865E+000  0.10088552E+001  0.12363700E+001  0.42313311E+001
  0.62178610E+000  0.10088518E+001  0.12363698E+001  0.42313769E+001
  0.62178369E+000  0.10088485E+001  0.12363693E+001  0.42314193E+001
  0.62178141E+000  0.10088453E+001  0.12363685E+001  0.42314585E+001
  0.62177929E+000  0.10088423E+001  0.12363674E+001  0.42314948E+001
  0.62177730E+000  0.10088395E+001  0.12363661E+001  0.42315285E+001
  0.62177547E+000  0.10088368E+001  0.12363646E+001  0.42315597E+001
  0.62177378E+000  0.10088343E+001  0.12363629E+001  0.42315888E+001
  0.62177223E+000  0.10088319E+001  0.12363610E+001  0.42316158E+001
  0.62177083E+000  0.10088297E+001  0.12364075E+001  0.42320374E+001
  0.62176957E+000  0.10088277E+001  0.12364060E+001  0.42320650E+001
  0.62176845E+000  0.10088258E+001  0.12364047E+001  0.42320936E+001
  0.62176747E+000  0.10088241E+001  0.12364036E+001  0.42321231E+001
  0.62176662E+000  0.10088225E+001  0.12364028E+001  0.42321535E+001
  0.62176589E+000  0.10088211E+001  0.12364022E+001  0.42321847E+001
  0.62176529E+000  0.10088199E+001  0.12364018E+001  0.42322167E+001
  0.62176481E+000  0.10088188E+001  0.12364016E+001  0.42322494E+001
  0.62176444E+000  0.10088178E+001  0.12364017E+001  0.42322828E+001
  0.62176417E+000  0.10088170E+001  0.12364020E+001  0.42323167E+001
  0.62176401E+000  0.10088163E+001  0.12364025E+001  0.42323512E+001
  0.62176394E+000  0.10088157E+001  0.12364032E+001  0.42323861E+001
  0.62176396E+000  0.10088153E+001  0.12364042E+001  0.42324214E+001
  0.62176407E+000  0.10088149E+001  0.12364053E+001  0.42324570E+001
  0.62176425E+000  0.10088146E+001  0.12364066E+001  0.42324929E+001
  0.62176450E+000  0.10088145E+001  0.12364081E+001  0.42325290E+001
  0.62176483E+000  0.10088144E+001  0.12364097E+001  0.42325652E+001
  0.62176521E+000  0.10088144E+001  0.12364116E+001  0.42326016E+001
  0.62176565E+000  0.10088145E+001  0.12364136E+001  0.42326380E+001
  0.62176615E+000  0.10088147E+001  0.12364158E+001  0.42326744E+001
  0.62176669E+000  0.10088149E+001  0.12364181E+001  0.42327108E+001
  0.62176728E+000  0.10088152E+001  0.12364206E+001  0.42327473E+001
  0.62176791E+000  0.10088155E+001  0.12364232E+001  0.42327837E+001
  0.62176859E+000  0.10088159E+001  0.12364259E+001  0.42328201E+001
  0.62176929E+000  0.10088163E+001  0.12364288E+001  0.42328565E+001
  0.62177003E+000  0.10088167E+001  0.12364318E+001  0.42328930E+001
  0.62177081E+000  0.10088172E+001  0.12364350E+001  0.42329295E+001
  0.62177161E+000  0.10088178E+001  0.12364382E+001  0.42329661E+001
  0.62177243E+000  0.10088183E+001  0.12364416E+001  0.42330029E+001
  0.62177329E+000  0.10088189E+001  0.12364450E+001  0.42330397E+001
  0.62177416E+000  0.10088195E+001  0.12364486E+001  0.42330768E+001
  0.62177505E+000  0.10088201E+001  0.12364522E+001  0.42331141E+001
  0.62177596E+000  0.10088208E+001  0.12364560E+001  0.42331516E+001
  0.62177689E+000  0.10088214E+001  0.12364598E+001  0.42331894E+001
  0.62177783E+000  0.10088221E+001  0.12364636E+001  0.42332275E+001
  0.62177878E+000  0.10088228E+001  0.12364676E+001  0.42332659E+001
  0.62177974E+000  0.10088235E+001  0.12364716E+001  0.42333047E+001
  0.62178071E+000  0.10088242E+001  0.12364756E+001  0.42333439E+001
  0.62178168E+000  0.10088249E+001  0.12364797E+001  0.42333835E+001
  0.62178266E+000  0.10088256E+001  0.12364839E+001  0.42334235E+001
  0.62178364E+000  0.10088263E+001  0.12364880E+001  0.42334639E+001
  0.62178462E+000  0.10088270E+001  0.12364922E+001  0.42335048E+001
  0.62178561E+000  0.10088277E+001  0.12364964E+001  0.42335461E+001
  0.62178659E+000  0.10088284E+001  0.12365006E+001  0.42335880E+001
  0.62178756E+000  0.10088291E+001  0.12365048E+001  0.42336303E+001
  0.62178853E+000  0.10088298E+001  0.12365090E+001  0.42336731E+001
  0.62178950E+000  0.10088305E+001  0.12365132E+001  0.42337164E+001
  0.62179046E+000  0.10088312E+001  0.12365173E+001  0.42337602E+001
  0.62179141E+000  0.10088319E+001  0.12365215E+001  0.42338045E+001
  0.62179235E+000  0.10088326E+001  0.12365256E+001  0.42338493E+001
  0.62179328E+000  0.10088332E+001  0.12365297E+001  0.42338946E+001
  0.62179421E+000  0.10088339E+001  0.12365338E+001  0.42339405E+001
  0.62179512E+000  0.10088345E+001  0.12365378E+001  0.42339869E+001
  0.62179602E+000  0.10088351E+001  0.12365418E+001  0.42340337E+001
  0.62179690E+000  0.10088357E+001  0.12365458E+001  0.42340811E+001
  0.62179778E+000  0.10088363E+001  0.12365497E+001  0.42341290E+001
  0.62179864E+000  0.10088369E+001  0.12365535E+001  0.42341774E+001
  0.62179948E+000  0.10088375E+001  0.12365573E+001  0.42342263E+001
  0.62180032E+000  0.10088381E+001  0.12365611E+001  0.42342757E+001
  0.62180113E+000  0.10088386E+001  0.12365647E+001  0.42343255E+001
  0.62180193E+000  0.10088391E+001  0.12365683E+001  0.42343758E+001
  0.62180272E+000  0.10088396E+001  0.12365719E+001  0.42344265E+001
  0.62180349E+000  0.10088401E+001  0.12365753E+001  0.42344777E+001
  0.62180424E+000  0.10088406E+001  0.12365787E+001  0.42345293E+001
  0.62180497E+000  0.10088411E+001  0.12365821E+001  0.42345813E+001
  0.62180569E+000  0.10088416E+001  0.12365853E+001  0.42346337E+001
  0.62180639E+000  0.10088420E+001  0.12365885E+001  0.42346865E+001
  0.62180708E+000  0.10088424E+001  0.12365916E+001  0.42347396E+001
  0.62180774E+000  0.10088428E+001  0.12365946E+001  0.42347931E+001
  0.62180839E+000  0.10088432E+001  0.12365976E+001  0.42348468E+001
  0.62180902E+000  0.10088436E+001  0.12366005E+001  0.42349009E+001
  0.62180963E+000  0.10088440E+001  0.12366032E+001  0.42349552E+001
  0.62181023E+000  0.10088443E+001  0.12366060E+001  0.42350097E+001
  0.62181080E+000  0.10088447E+001  0.12366086E+001  0.42350645E+001
  0.62181136E+000  0.10088450E+001  0.12366111E+001  0.42351195E+001
  0.62181190E+000  0.10088453E+001  0.12366136E+001  0.42351746E+001
  0.62181242E+000  0.10088456E+001  0.12366160E+001  0.42352298E+001
  0.62181293E+000  0.10088459E+001  0.12366183E+001  0.42352852E+001
  0.62181341E+000  0.10088462E+001  0.12366205E+001  0.42353406E+001
  0.62181388E+000  0.10088464E+001  0.12366227E+001  0.42353961E+001
  0.62181433E+000  0.10088467E+001  0.12366247E+001  0.42354515E+001
  0.62181476E+000  0.10088469E+001  0.12366267E+001  0.42355070E+001
  0.62181518E+000  0.10088472E+001  0.12366286E+001  0.42355624E+001
  0.62181558E+000  0.10088474E+001  0.12366305E+001  0.42356178E+001
  0.62181596E+000  0.10088476E+001  0.12366323E+001  0.42356730E+001
  0.62181633E+000  0.10088478E+001  0.12366339E+001  0.42357281E+001
  0.62181668E+000  0.10088480E+001  0.12366356E+001  0.42357830E+001
  0.62181701E+000  0.10088482E+001  0.12366371E+001  0.42358377E+001
  0.62181733E+000  0.10088483E+001  0.12366386E+001  0.42358922E+001
  0.62181763E+000  0.10088485E+001  0.12366400E+001  0.42359464E+001
  0.62181792E+000  0.10088487E+001  0.12366414E+001  0.42360003E+001
  0.62181820E+000  0.10088488E+001  0.12366427E+001  0.42360539E+001
  0.62181846E+000  0.10088490E+001  0.12366439E+001  0.42361071E+001
  0.62181870E+000  0.10088491E+001  0.12366451E+001  0.42361599E+001
  0.62181894E+000  0.10088492E+001  0.12366462E+001  0.42362123E+001
  0.62181916E+000  0.10088493E+001  0.12366473E+001  0.42362643E+001
  0.62181937E+000  0.10088495E+001  0.12366483E+001  0.42363157E+001
  0.62181956E+000  0.10088496E+001  0.12366492E+001  0.42363667E+001
  0.62181975E+000  0.10088497E+001  0.12366501E+001  0.42364171E+001
  0.62181992E+000  0.10088498E+001  0.12366510E+001  0.42364669E+001
  0.62182009E+000  0.10088499E+001  0.12366518E+001  0.42365162E+001
  0.62182024E+000  0.10088500E+001  0.12366525E+001  0.42365648E+001
  0.62182039E+000  0.10088500E+001  0.12366533E+001  0.42366128E+001
  0.62182052E+000  0.10088501E+001  0.12366539E+001  0.42366602E+001
  0.62182065E+000  0.10088502E+001  0.12366546E+001  0.42367069E+001
  0.62182077E+000  0.10088503E+001  0.12366552E+001  0.42367528E+001
  0.62182088E+000  0.10088503E+001  0.12366558E+001  0.42367981E+001
  0.62182098E+000  0.10088504E+001  0.12366563E+001  0.42368426E+001
  0.62182107E+000  0.10088504E+001  0.12366568E+001  0.42368864E+001
  0.62182116E+000  0.10088505E+001  0.12366573E+001  0.42369294E+001
  0.62182125E+000  0.10088506E+001  0.12366577E+001  0.42369716E+001
  0.62182132E+000  0.10088506E+001  0.12366581E+001  0.42370130E+001
  0.62182140E+000  0.10088506E+001  0.12366585E+001  0.42370537E+001
  0.62182146E+000  0.10088507E+001  0.12366589E+001  0.42370935E+001
  0.62182152E+000  0.10088507E+001  0.12366592E+001  0.42371325E+001
  0.62182158E+000  0.10088508E+001  0.12366595E+001  0.42371706E+001
  0.62182163E+000  0.10088508E+001  0.12366598E+001  0.42372079E+001
  0.62182168E+000  0.10088508E+001  0.12366601E+001  0.42372444E+001
  0.62182172E+000  0.10088509E+001  0.12366604E+001  0.42372800E+001
  0.62182176E+000  0.10088509E+001  0.12366606E+001  0.42373148E+001
  0.62182180E+000  0.10088509E+001  0.12366608E+001  0.42373488E+001
  0.62182184E+000  0.10088509E+001  0.12366610E+001  0.42373819E+001
  0.62182187E+000  0.10088510E+001  0.12366612E+001  0.42374141E+001
  0.62182190E+000  0.10088510E+001  0.12366614E+001  0.42374455E+001
  0.62182192E+000  0.10088510E+001  0.12366616E+001  0.42374761E+001
  0.62182195E+000  0.10088510E+001  0.12366617E+001  0.42375058E+001
  0.62182197E+000  0.10088510E+001  0.12366619E+001  0.42375347E+001
  0.62182199E+000  0.10088510E+001  0.12366620E+001  0.42375627E+001
  0.62182201E+000  0.10088511E+001  0.12366621E+001  0.42375900E+001
  0.62182203E+000  0.10088511E+001  0.12366622E+001  0.42376164E+001
  0.62182204E+000  0.10088511E+001  0.12366623E+001  0.42376420E+001
  0.62182206E+000  0.10088511E+001  0.12366624E+001  0.42376669E+001
  0.62182207E+000  0.10088511E+001  0.12366625E+001  0.42376909E+001
  0.62182208E+000  0.10088511E+001  0.12366626E+001  0.42377142E+001
  0.62182209E+000  0.10088511E+001  0.12366627E+001  0.42377367E+001
  0.62182210E+000  0.10088511E+001  0.12366628E+001  0.42377585E+001
  0.62182211E+000  0.10088511E+001  0.12366628E+001  0.42377796E+001
  0.62182212E+000  0.10088511E+001  0.12366629E+001  0.42377999E+001
  0.62182212E+000  0.10088511E+001  0.12366629E+001  0.42378195E+001
  0.62182212E+000  0.10088511E+001  0.12366630E+001  0.42378382E+001
  0.62182213E+000  0.10088512E+001  0.12366630E+001  0.42378562E+001
