 -0.11921776E+000  0.60389155E+000  0.54232138E+001  0.12139254E+003
 -0.11949246E+000  0.60278622E+000  0.54189277E+001  0.12131358E+003
 -0.11970192E+000  0.60188373E+000  0.54153569E+001  0.12124661E+003
 -0.11985870E+000  0.60115037E+000  0.54123900E+001  0.12118992E+003
 -0.11997559E+000  0.60056016E+000  0.54099343E+001  0.12114203E+003
 -0.12006123E+000  0.60008988E+000  0.54079127E+001  0.12110163E+003
 -0.12012253E+000  0.59972020E+000  0.54062592E+001  0.12106760E+003
 -0.12016448E+000  0.59943460E+000  0.54049179E+001  0.12103900E+003
 -0.12019097E+000  0.59921962E+000  0.54038409E+001  0.12101499E+003
 -0.12020507E+000  0.59906412E+000  0.54029869E+001  0.12099489E+003
 -0.12020920E+000  0.59895715E+000  0.54023223E+001  0.12097810E+003
 -0.12020487E+000  0.59889058E+000  0.54018180E+001  0.12096414E+003
 -0.12019321E+000  0.59885761E+000  0.54014491E+001  0.12095258E+003
 -0.12017612E+000  0.59885256E+000  0.54011947E+001  0.12094306E+003
 -0.12015500E+000  0.59887065E+000  0.54010374E+001  0.12093528E+003
 -0.12013088E+000  0.59890790E+000  0.54009622E+001  0.12092898E+003
 -0.12010454E+000  0.59896095E+000  0.54009569E+001  0.12092396E+003
 -0.12007660E+000  0.59902701E+000  0.54010108E+001  0.12092002E+003
 -0.12004753E+000  0.59910370E+000  0.54011150E+001  0.12091702E+003
 -0.12001772E+000  0.59918906E+000  0.54012622E+001  0.12091481E+003
 -0.11998747E+000  0.59928142E+000  0.54014457E+001  0.12091328E+003
 -0.11995704E+000  0.59937938E+000  0.54016604E+001  0.12091235E+003
 -0.11992662E+000  0.59948176E+000  0.54019016E+001  0.12091193E+003
 -0.11989639E+000  0.59958756E+000  0.54021654E+001  0.12091195E+003
 -0.11986648E+000  0.59969613E+000  0.54024483E+001  0.12091234E+003
 -0.11983700E+000  0.59980704E+000  0.54027472E+001  0.12091307E+003
 -0.11980803E+000  0.59991922E+000  0.54030601E+001  0.12091408E+003
 -0.11977963E+000  0.60003214E+000  0.54033848E+001  0.12091534E+003
 -0.11975170E+000  0.60014523E+000  0.54037196E+001  0.12091681E+003
 -0.11972441E+000  0.60025822E+000  0.54040628E+001  0.12091848E+003
 -0.11969783E+000  0.60037082E+000  0.54044131E+001  0.12092030E+003
 -0.11967200E+000  0.60048274E+000  0.54047691E+001  0.12092228E+003
 -0.11964693E+000  0.60059374E+000  0.54051297E+001  0.12092437E+003
 -0.11962267E+000  0.60070360E+000  0.54054940E+001  0.12092659E+003
 -0.11959922E+000  0.60081215E+000  0.54058609E+001  0.12092890E+003
 -0.11957658E+000  0.60091922E+000  0.54062297E+001  0.12093130E+003
 -0.11955475E+000  0.60102467E+000  0.54065994E+001  0.12093378E+003
 -0.11953374E+000  0.60112837E+000  0.54069695E+001  0.12093633E+003
 -0.11951353E+000  0.60123021E+000  0.54073392E+001  0.12093895E+003
 -0.11949395E+000  0.60132991E+000  0.54077079E+001  0.12094163E+003
 -0.11947508E+000  0.60142748E+000  0.54080748E+001  0.12094436E+003
 -0.11945699E+000  0.60152291E+000  0.54084395E+001  0.12094715E+003
 -0.11943964E+000  0.60161609E+000  0.54088014E+001  0.12094998E+003
 -0.11942304E+000  0.60170696E+000  0.54091599E+001  0.12095286E+003
 -0.11940715E+000  0.60179543E+000  0.54095146E+001  0.12095578E+003
 -0.11939198E+000  0.60188144E+000  0.54098649E+001  0.12095874E+003
 -0.11937749E+000  0.60196491E+000  0.54102104E+001  0.12096174E+003
 -0.11936368E+000  0.60204578E+000  0.54105507E+001  0.12096477E+003
 -0.11935054E+000  0.60212400E+000  0.54108854E+001  0.12096783E+003
 -0.11933803E+000  0.60219948E+000  0.54112140E+001  0.12097093E+003
 -0.11932614E+000  0.60227220E+000  0.54115363E+001  0.12097405E+003
 -0.11931488E+000  0.60234213E+000  0.54118520E+001  0.12097719E+003
 -0.11930424E+000  0.60240926E+000  0.54121606E+001  0.12098037E+003
 -0.11929420E+000  0.60247355E+000  0.54124620E+001  0.12098356E+003
 -0.11928476E+000  0.60253503E+000  0.54127559E+001  0.12098677E+003
 -0.11927590E+000  0.60259368E+000  0.54130420E+001  0.12099000E+003
 -0.11926761E+000  0.60264954E+000  0.54133203E+001  0.12099324E+003
 -0.11925984E+000  0.60270264E+000  0.54135906E+001  0.12099650E+003
 -0.11925260E+000  0.60275303E+000  0.54138528E+001  0.12099976E+003
 -0.11924586E+000  0.60280079E+000  0.54141068E+001  0.12100304E+003
 -0.11923961E+000  0.60284598E+000  0.54143525E+001  0.12100632E+003
 -0.11923384E+000  0.60288870E+000  0.54145901E+001  0.12100960E+003
 -0.11922853E+000  0.60292906E+000  0.54148195E+001  0.12101288E+003
 -0.11922366E+000  0.60296716E+000  0.54150409E+001  0.12101616E+003
 -0.11921923E+000  0.60300314E+000  0.54152543E+001  0.12101944E+003
 -0.11921520E+000  0.60303711E+000  0.54154599E+001  0.12102272E+003
 -0.11921156E+000  0.60306922E+000  0.54156580E+001  0.12102599E+003
 -0.11920829E+000  0.60309961E+000  0.54158487E+001  0.12102925E+003
 -0.11920537E+000  0.60312841E+000  0.54160323E+001  0.12103251E+003
 -0.11920278E+000  0.60315576E+000  0.54162091E+001  0.12103575E+003
 -0.11920052E+000  0.60318180E+000  0.54163794E+001  0.12103899E+003
 -0.11919855E+000  0.60320665E+000  0.54165435E+001  0.12104221E+003
 -0.11919687E+000  0.60323044E+000  0.54167017E+001  0.12104542E+003
 -0.11919545E+000  0.60325329E+000  0.54168544E+001  0.12104861E+003
 -0.11919429E+000  0.60327530E+000  0.54170019E+001  0.12105179E+003
 -0.11919337E+000  0.60329658E+000  0.54171446E+001  0.12105496E+003
 -0.11919266E+000  0.60331720E+000  0.54172829E+001  0.12105811E+003
 -0.11919217E+000  0.60333725E+000  0.54174170E+001  0.12106125E+003
 -0.11919187E+000  0.60335679E+000  0.54175473E+001  0.12106436E+003
 -0.11919175E+000  0.60337589E+000  0.54176742E+001  0.12106746E+003
 -0.11919179E+000  0.60339460E+000  0.54177980E+001  0.12107055E+003
 -0.11919199E+000  0.60341297E+000  0.54179190E+001  0.12107361E+003
 -0.11919232E+000  0.60343102E+000  0.54180375E+001  0.12107666E+003
 -0.11919278E+000  0.60344880E+000  0.54181538E+001  0.12107970E+003
 -0.11919334E+000  0.60346631E+000  0.54182681E+001  0.12108271E+003
 -0.11919400E+000  0.60348359E+000  0.54183807E+001  0.12108571E+003
 -0.11919474E+000  0.60350064E+000  0.54184919E+001  0.12108869E+003
 -0.11919554E+000  0.60351748E+000  0.54186018E+001  0.12109166E+003
 -0.11919640E+000  0.60353410E+000  0.54187107E+001  0.12109461E+003
 -0.11919729E+000  0.60355050E+000  0.54188186E+001  0.12109755E+003
 -0.11919822E+000  0.60356669E+000  0.54189259E+001  0.12110048E+003
 -0.11919917E+000  0.60358265E+000  0.54190325E+001  0.12110339E+003
 -0.11920012E+000  0.60359838E+000  0.54191387E+001  0.12110630E+003
 -0.11920107E+000  0.60361385E+000  0.54192444E+001  0.12110919E+003
 -0.11920202E+000  0.60362906E+000  0.54193498E+001  0.12111208E+003
 -0.11920294E+000  0.60364398E+000  0.54194550E+001  0.12111496E+003
 -0.11920385E+000  0.60365859E+000  0.54195599E+001  0.12111784E+003
 -0.11920474E+000  0.60367288E+000  0.54196645E+001  0.12112071E+003
 -0.11920559E+000  0.60368681E+000  0.54197689E+001  0.12112358E+003
 -0.11920641E+000  0.60370038E+000  0.54198731E+001  0.12112644E+003
 -0.11920719E+000  0.60371355E+000  0.54199770E+001  0.12112931E+003
 -0.11920794E+000  0.60372630E+000  0.54200806E+001  0.12113218E+003
 -0.11920866E+000  0.60373861E+000  0.54201837E+001  0.12113505E+003
 -0.11920933E+000  0.60375046E+000  0.54202865E+001  0.12113792E+003
 -0.11920997E+000  0.60376184E+000  0.54203886E+001  0.12114080E+003
 -0.11921057E+000  0.60377273E+000  0.54204902E+001  0.12114368E+003
 -0.11921114E+000  0.60378311E+000  0.54205910E+001  0.12114657E+003
 -0.11921168E+000  0.60379298E+000  0.54206910E+001  0.12114947E+003
 -0.11921218E+000  0.60380233E+000  0.54207900E+001  0.12115238E+003
 -0.11921264E+000  0.60381114E+000  0.54208880E+001  0.12115529E+003
 -0.11921308E+000  0.60381943E+000  0.54209848E+001  0.12115821E+003
 -0.11921349E+000  0.60382720E+000  0.54210804E+001  0.12116114E+003
 -0.11921388E+000  0.60383443E+000  0.54211745E+001  0.12116409E+003
 -0.11921423E+000  0.60384116E+000  0.54212670E+001  0.12116704E+003
 -0.11921457E+000  0.60384737E+000  0.54213580E+001  0.12117000E+003
 -0.11921488E+000  0.60385309E+000  0.54214471E+001  0.12117298E+003
 -0.11921517E+000  0.60385833E+000  0.54215343E+001  0.12117596E+003
 -0.11921544E+000  0.60386310E+000  0.54216196E+001  0.12117896E+003
 -0.11921569E+000  0.60386743E+000  0.54217027E+001  0.12118196E+003
 -0.11921592E+000  0.60387134E+000  0.54217837E+001  0.12118498E+003
 -0.11921613E+000  0.60387483E+000  0.54218623E+001  0.12118801E+003
 -0.11921633E+000  0.60387795E+000  0.54219385E+001  0.12119105E+003
 -0.11921652E+000  0.60388071E+000  0.54220123E+001  0.12119410E+003
 -0.11921668E+000  0.60388313E+000  0.54220836E+001  0.12119715E+003
 -0.11921684E+000  0.60388523E+000  0.54221523E+001  0.12120022E+003
 -0.11921698E+000  0.60388705E+000  0.54222184E+001  0.12120329E+003
 -0.11921711E+000  0.60388861E+000  0.54222818E+001  0.12120637E+003
 -0.11921723E+000  0.60388992E+000  0.54223425E+001  0.12120946E+003
 -0.11921734E+000  0.60389101E+000  0.54224006E+001  0.12121255E+003
 -0.11921744E+000  0.60389190E+000  0.54224560E+001  0.12121565E+003
 -0.11921753E+000  0.60389261E+000  0.54225087E+001  0.12121874E+003
 -0.11921761E+000  0.60389317E+000  0.54225587E+001  0.12122185E+003
 -0.11921768E+000  0.60389359E+000  0.54226061E+001  0.12122495E+003
 -0.11921774E+000  0.60389389E+000  0.54226510E+001  0.12122805E+003
 -0.11921780E+000  0.60389408E+000  0.54226933E+001  0.12123115E+003
 -0.11921785E+000  0.60389419E+000  0.54227331E+001  0.12123425E+003
 -0.11921789E+000  0.60389422E+000  0.54227705E+001  0.12123735E+003
 -0.11921792E+000  0.60389419E+000  0.54228056E+001  0.12124044E+003
 -0.11921795E+000  0.60389410E+000  0.54228384E+001  0.12124352E+003
 -0.11921798E+000  0.60389398E+000  0.54228691E+001  0.12124660E+003
 -0.11921800E+000  0.60389383E+000  0.54228976E+001  0.12124966E+003
 -0.11921801E+000  0.60389366E+000  0.54229241E+001  0.12125271E+003
 -0.11921802E+000  0.60389347E+000  0.54229488E+001  0.12125576E+003
 -0.11921803E+000  0.60389327E+000  0.54229716E+001  0.12125878E+003
 -0.11921803E+000  0.60389307E+000  0.54229927E+001  0.12126179E+003
 -0.11921803E+000  0.60389287E+000  0.54230122E+001  0.12126479E+003
 -0.11921803E+000  0.60389268E+000  0.54230301E+001  0.12126776E+003
 -0.11921802E+000  0.60389249E+000  0.54230466E+001  0.12127072E+003
 -0.11921802E+000  0.60389232E+000  0.54230617E+001  0.12127365E+003
 -0.11921801E+000  0.60389215E+000  0.54230756E+001  0.12127656E+003
 -0.11921800E+000  0.60389200E+000  0.54230883E+001  0.12127945E+003
 -0.11921798E+000  0.60389187E+000  0.54230999E+001  0.12128231E+003
 -0.11921797E+000  0.60389175E+000  0.54231105E+001  0.12128514E+003
 -0.11921796E+000  0.60389164E+000  0.54231202E+001  0.12128795E+003
 -0.11921794E+000  0.60389155E+000  0.54231290E+001  0.12129072E+003
 -0.11921793E+000  0.60389148E+000  0.54231370E+001  0.12129346E+003
 -0.11921791E+000  0.60389141E+000  0.54231442E+001  0.12129617E+003
 -0.11921790E+000  0.60389136E+000  0.54231508E+001  0.12129885E+003
 -0.11921789E+000  0.60389133E+000  0.54231568E+001  0.12130149E+003
 -0.11921787E+000  0.60389130E+000  0.54231623E+001  0.12130410E+003
 -0.11921786E+000  0.60389128E+000  0.54231672E+001  0.12130667E+003
 -0.11921784E+000  0.60389128E+000  0.54231716E+001  0.12130920E+003
 -0.11921783E+000  0.60389128E+000  0.54231757E+001  0.12131169E+003
 -0.11921782E+000  0.60389128E+000  0.54231793E+001  0.12131414E+003
 -0.11921781E+000  0.60389130E+000  0.54231826E+001  0.12131655E+003
 -0.11921780E+000  0.60389131E+000  0.54231856E+001  0.12131892E+003
 -0.11921779E+000  0.60389134E+000  0.54231884E+001  0.12132125E+003
 -0.11921778E+000  0.60389136E+000  0.54231908E+001  0.12132354E+003
 -0.11921777E+000  0.60389139E+000  0.54231930E+001  0.12132578E+003
 -0.11921776E+000  0.60389141E+000  0.54231951E+001  0.12132797E+003
 -0.11921775E+000  0.60389144E+000  0.54231969E+001  0.12133013E+003
 -0.11921775E+000  0.60389147E+000  0.54231985E+001  0.12133224E+003
 -0.11921774E+000  0.60389149E+000  0.54232000E+001  0.12133430E+003
 -0.11921774E+000  0.60389152E+000  0.54232014E+001  0.12133632E+003
 -0.11921774E+000  0.60389154E+000  0.54232026E+001  0.12133830E+003
 -0.11921773E+000  0.60389156E+000  0.54232037E+001  0.12134022E+003
 -0.11921773E+000  0.60389158E+000  0.54232047E+001  0.12134211E+003
 -0.11921773E+000  0.60389160E+000  0.54232056E+001  0.12134394E+003
 -0.11921773E+000  0.60389161E+000  0.54232064E+001  0.12134573E+003
 -0.11921773E+000  0.60389162E+000  0.54232072E+001  0.12134748E+003
 -0.11921773E+000  0.60389162E+000  0.54232078E+001  0.12134918E+003
 -0.11921774E+000  0.60389163E+000  0.54232084E+001  0.12135084E+003
 -0.11921774E+000  0.60389163E+000  0.54232090E+001  0.12135245E+003
 -0.11921774E+000  0.60389163E+000  0.54232094E+001  0.12135401E+003
 -0.11921774E+000  0.60389162E+000  0.54232099E+001  0.12135553E+003
 -0.11921775E+000  0.60389162E+000  0.54232102E+001  0.12135701E+003
 -0.11921775E+000  0.60389161E+000  0.54232106E+001  0.12135845E+003
 -0.11921775E+000  0.60389160E+000  0.54232108E+001  0.12135984E+003
 -0.11921776E+000  0.60389158E+000  0.54232111E+001  0.12136118E+003
 -0.11921776E+000  0.60389157E+000  0.54232113E+001  0.12136249E+003
 -0.11921776E+000  0.60389156E+000  0.54232115E+001  0.12136376E+003
 -0.11921777E+000  0.60389154E+000  0.54232117E+001  0.12136498E+003
 -0.11921777E+000  0.60389152E+000  0.54232118E+001  0.12136617E+003
 -0.11921778E+000  0.60389151E+000  0.54232119E+001  0.12136731E+003
 -0.11921778E+000  0.60389149E+000  0.54232120E+001  0.12136842E+003
 -0.11921778E+000  0.60389147E+000  0.54232121E+001  0.12136949E+003
 -0.11921779E+000  0.60389145E+000  0.54232121E+001  0.12137052E+003
 -0.11921780E+000  0.60389142E+000  0.54232122E+001  0.12137151E+003
 -0.11921781E+000  0.60389138E+000  0.54232122E+001  0.12137247E+003
 -0.11921782E+000  0.60389132E+000  0.54232121E+001  0.12137339E+003
