  0.17110107E+001
  0.17205157E+001
  0.17286367E+001
  0.17355734E+001
  0.17414911E+001
  0.17465339E+001
  0.17508281E+001
  0.17544831E+001
  0.17575931E+001
  0.17602387E+001
  0.17624899E+001
  0.17644045E+001
  0.17660327E+001
  0.17674166E+001
  0.17685928E+001
  0.17695915E+001
  0.17704390E+001
  0.17711572E+001
  0.17717653E+001
  0.17722791E+001
  0.17727124E+001
  0.17730768E+001
  0.17733824E+001
  0.17736378E+001
  0.17738505E+001
  0.17740267E+001
  0.17741719E+001
  0.17742909E+001
  0.17743878E+001
  0.17744660E+001
  0.17745286E+001
  0.17745782E+001
  0.17746171E+001
  0.17746472E+001
  0.17746701E+001
  0.17746872E+001
  0.17746997E+001
  0.17747087E+001
  0.17747148E+001
  0.17747189E+001
  0.17747214E+001
  0.17747229E+001
  0.17747237E+001
  0.17747241E+001
  0.17747242E+001
  0.17747244E+001
  0.17747247E+001
  0.17747252E+001
  0.17747259E+001
  0.17747271E+001
  0.17747286E+001
  0.17747305E+001
  0.17747329E+001
  0.17747357E+001
  0.17747389E+001
  0.17747425E+001
  0.17747466E+001
  0.17747510E+001
  0.17747559E+001
  0.17747612E+001
  0.17747669E+001
  0.17747730E+001
  0.17747794E+001
  0.17747862E+001
  0.17747934E+001
  0.17748008E+001
  0.17748085E+001
  0.17748166E+001
  0.17748248E+001
  0.17748334E+001
  0.17748421E+001
  0.17748511E+001
  0.17748602E+001
  0.17748695E+001
  0.17748789E+001
  0.17748884E+001
  0.17748981E+001
  0.17749078E+001
  0.17749176E+001
  0.17749275E+001
  0.17749374E+001
  0.17749474E+001
  0.17749575E+001
  0.17749676E+001
  0.17749778E+001
  0.17749880E+001
  0.17749983E+001
  0.17750087E+001
  0.17750191E+001
  0.17750296E+001
  0.17750402E+001
  0.17750509E+001
  0.17750617E+001
  0.17750726E+001
  0.17750836E+001
  0.17750947E+001
  0.17751060E+001
  0.17751173E+001
  0.17751288E+001
  0.17751403E+001
  0.17751520E+001
  0.17751638E+001
  0.17751758E+001
  0.17751878E+001
  0.17752000E+001
  0.17752123E+001
  0.17752247E+001
  0.17752372E+001
  0.17752498E+001
  0.17752626E+001
  0.17752755E+001
  0.17752885E+001
  0.17753016E+001
  0.17753148E+001
  0.17753281E+001
  0.17753415E+001
  0.17753550E+001
  0.17753686E+001
  0.17753824E+001
  0.17753962E+001
  0.17754101E+001
  0.17754240E+001
  0.17754381E+001
  0.17754522E+001
  0.17754664E+001
  0.17754807E+001
  0.17754951E+001
  0.17755094E+001
  0.17755239E+001
  0.17755384E+001
  0.17755529E+001
  0.17755674E+001
  0.17755820E+001
  0.17755966E+001
  0.17756112E+001
  0.17756258E+001
  0.17756404E+001
  0.17756550E+001
  0.17756696E+001
  0.17756842E+001
  0.17756987E+001
  0.17757132E+001
  0.17757277E+001
  0.17757421E+001
  0.17757564E+001
  0.17757707E+001
  0.17757849E+001
  0.17757990E+001
  0.17758130E+001
  0.17758269E+001
  0.17758408E+001
  0.17758545E+001
  0.17758681E+001
  0.17758815E+001
  0.17758949E+001
  0.17759081E+001
  0.17759211E+001
  0.17759340E+001
  0.17759468E+001
  0.17759593E+001
  0.17759718E+001
  0.17759840E+001
  0.17759961E+001
  0.17760079E+001
  0.17760196E+001
  0.17760311E+001
  0.17760424E+001
  0.17760535E+001
  0.17760645E+001
  0.17760751E+001
  0.17760856E+001
  0.17760959E+001
  0.17761060E+001
  0.17761159E+001
  0.17761255E+001
  0.17761349E+001
  0.17761441E+001
  0.17761531E+001
  0.17761619E+001
  0.17761704E+001
  0.17761788E+001
  0.17761869E+001
  0.17761948E+001
  0.17762025E+001
  0.17762100E+001
  0.17762173E+001
  0.17762243E+001
  0.17762312E+001
  0.17762378E+001
  0.17762442E+001
  0.17762505E+001
  0.17762565E+001
  0.17762624E+001
  0.17762680E+001
  0.17762735E+001
  0.17762788E+001
  0.17762839E+001
  0.17762888E+001
  0.17762935E+001
  0.17762980E+001
