  0.31825102E+002
  0.31803946E+002
  0.31786033E+002
  0.31770898E+002
  0.31758134E+002
  0.31747389E+002
  0.31738362E+002
  0.31730792E+002
  0.31724461E+002
  0.31719179E+002
  0.31714790E+002
  0.31711157E+002
  0.31708169E+002
  0.31705728E+002
  0.31703754E+002
  0.31702177E+002
  0.31700940E+002
  0.31699992E+002
  0.31699293E+002
  0.31698806E+002
  0.31698502E+002
  0.31698355E+002
  0.31698343E+002
  0.31698447E+002
  0.31698651E+002
  0.31698943E+002
  0.31699309E+002
  0.31699740E+002
  0.31700228E+002
  0.31700764E+002
  0.31701344E+002
  0.31701960E+002
  0.31702609E+002
  0.31703287E+002
  0.31703989E+002
  0.31704714E+002
  0.31705459E+002
  0.31706221E+002
  0.31706998E+002
  0.31707790E+002
  0.31708594E+002
  0.31709410E+002
  0.31710237E+002
  0.31711073E+002
  0.31711917E+002
  0.31712770E+002
  0.31713630E+002
  0.31714496E+002
  0.31715369E+002
  0.31716246E+002
  0.31717129E+002
  0.31718015E+002
  0.31718904E+002
  0.31719796E+002
  0.31720691E+002
  0.31721586E+002
  0.31722483E+002
  0.31723379E+002
  0.31724276E+002
  0.31725171E+002
  0.31726065E+002
  0.31726957E+002
  0.31727847E+002
  0.31728733E+002
  0.31729617E+002
  0.31730497E+002
  0.31731373E+002
  0.31732245E+002
  0.31733112E+002
  0.31733975E+002
  0.31734833E+002
  0.31735686E+002
  0.31736535E+002
  0.31737378E+002
  0.31738216E+002
  0.31739048E+002
  0.31739876E+002
  0.31740698E+002
  0.31741515E+002
  0.31742327E+002
  0.31743133E+002
  0.31743935E+002
  0.31744731E+002
  0.31745523E+002
  0.31746309E+002
  0.31747091E+002
  0.31747869E+002
  0.31748642E+002
  0.31749411E+002
  0.31750177E+002
  0.31750939E+002
  0.31751698E+002
  0.31752455E+002
  0.31753209E+002
  0.31753960E+002
  0.31754710E+002
  0.31755459E+002
  0.31756206E+002
  0.31756953E+002
  0.31757699E+002
  0.31758444E+002
  0.31759190E+002
  0.31759937E+002
  0.31760684E+002
  0.31761431E+002
  0.31762180E+002
  0.31762930E+002
  0.31763682E+002
  0.31764435E+002
  0.31765190E+002
  0.31765947E+002
  0.31766706E+002
  0.31767467E+002
  0.31768229E+002
  0.31768994E+002
  0.31769762E+002
  0.31770531E+002
  0.31771303E+002
  0.31772076E+002
  0.31772852E+002
  0.31773629E+002
  0.31774408E+002
  0.31775189E+002
  0.31775972E+002
  0.31776756E+002
  0.31777541E+002
  0.31778327E+002
  0.31779114E+002
  0.31779902E+002
  0.31780690E+002
  0.31781478E+002
  0.31782267E+002
  0.31783054E+002
  0.31783841E+002
  0.31784627E+002
  0.31785412E+002
  0.31786195E+002
  0.31786976E+002
  0.31787755E+002
  0.31788531E+002
  0.31789305E+002
  0.31790075E+002
  0.31790841E+002
  0.31791604E+002
  0.31792362E+002
  0.31793115E+002
  0.31793863E+002
  0.31794606E+002
  0.31795344E+002
  0.31796075E+002
  0.31796799E+002
  0.31797517E+002
  0.31798228E+002
  0.31798931E+002
  0.31799627E+002
  0.31800315E+002
  0.31800994E+002
  0.31801665E+002
  0.31802327E+002
  0.31802980E+002
  0.31803623E+002
  0.31804257E+002
  0.31804881E+002
  0.31805495E+002
  0.31806098E+002
  0.31806692E+002
  0.31807274E+002
  0.31807846E+002
  0.31808407E+002
  0.31808957E+002
  0.31809496E+002
  0.31810024E+002
  0.31810540E+002
  0.31811045E+002
  0.31811539E+002
  0.31812021E+002
  0.31812492E+002
  0.31812952E+002
  0.31813400E+002
  0.31813837E+002
  0.31814262E+002
  0.31814676E+002
  0.31815079E+002
  0.31815470E+002
  0.31815851E+002
  0.31816220E+002
  0.31816579E+002
  0.31816926E+002
  0.31817264E+002
  0.31817590E+002
  0.31817907E+002
  0.31818213E+002
  0.31818509E+002
  0.31818795E+002
  0.31819072E+002
  0.31819339E+002
  0.31819597E+002
  0.31819845E+002
  0.31820085E+002
  0.31820315E+002
