  0.14115454E+000
  0.14217080E+000
  0.14281999E+000
  0.14321695E+000
  0.14344194E+000
  0.14354960E+000
  0.14357737E+000
  0.14355212E+000
  0.14349253E+000
  0.14341174E+000
  0.14331873E+000
  0.14320558E+000
  0.14306146E+000
  0.14290718E+000
  0.14275408E+000
  0.14260807E+000
  0.14247199E+000
  0.14234687E+000
  0.14223276E+000
  0.14212917E+000
  0.14203537E+000
  0.14195056E+000
  0.14187389E+000
  0.14180457E+000
  0.14174188E+000
  0.14168512E+000
  0.14163371E+000
  0.14158861E+000
  0.14154892E+000
  0.14151331E+000
  0.14148097E+000
  0.14145136E+000
  0.14142413E+000
  0.14139903E+000
  0.14137586E+000
  0.14135446E+000
  0.14133470E+000
  0.14131646E+000
  0.14129962E+000
  0.14128408E+000
  0.14126976E+000
  0.14125655E+000
  0.14124438E+000
  0.14123316E+000
  0.14122283E+000
  0.14121331E+000
  0.14120454E+000
  0.14119646E+000
  0.14118902E+000
  0.14118216E+000
  0.14117585E+000
  0.14117004E+000
  0.14116469E+000
  0.14115977E+000
  0.14115525E+000
  0.14115111E+000
  0.14114732E+000
  0.14114436E+000
  0.14114195E+000
  0.14113989E+000
  0.14113810E+000
  0.14113656E+000
  0.14113526E+000
  0.14113417E+000
  0.14113329E+000
  0.14113260E+000
  0.14113210E+000
  0.14113177E+000
  0.14113160E+000
  0.14113158E+000
  0.14113171E+000
  0.14113198E+000
  0.14113238E+000
  0.14113291E+000
  0.14113355E+000
  0.14113431E+000
  0.14113517E+000
  0.14113612E+000
  0.14113716E+000
  0.14113828E+000
  0.14113946E+000
  0.14114071E+000
  0.14114200E+000
  0.14114333E+000
  0.14114469E+000
  0.14114606E+000
  0.14114743E+000
  0.14114880E+000
  0.14115015E+000
  0.14115147E+000
  0.14115276E+000
  0.14115401E+000
  0.14115520E+000
  0.14115634E+000
  0.14115742E+000
  0.14115843E+000
  0.14115938E+000
  0.14116026E+000
  0.14116107E+000
  0.14116180E+000
  0.14116247E+000
  0.14116307E+000
  0.14116360E+000
  0.14116407E+000
  0.14116447E+000
  0.14116481E+000
  0.14116510E+000
  0.14116533E+000
  0.14116551E+000
  0.14116564E+000
  0.14116572E+000
  0.14116576E+000
  0.14116576E+000
  0.14116573E+000
  0.14116566E+000
  0.14116557E+000
  0.14116544E+000
  0.14116529E+000
  0.14116511E+000
  0.14116492E+000
  0.14116471E+000
  0.14116448E+000
  0.14116424E+000
  0.14116398E+000
  0.14116372E+000
  0.14116345E+000
  0.14116317E+000
  0.14116289E+000
  0.14116260E+000
  0.14116231E+000
  0.14116202E+000
  0.14116173E+000
  0.14116144E+000
  0.14116115E+000
  0.14116087E+000
  0.14116059E+000
  0.14116031E+000
  0.14116004E+000
  0.14115978E+000
  0.14115952E+000
  0.14115927E+000
  0.14115902E+000
  0.14115878E+000
  0.14115855E+000
  0.14115833E+000
  0.14115812E+000
  0.14115791E+000
  0.14115772E+000
  0.14115753E+000
  0.14115734E+000
  0.14115717E+000
  0.14115701E+000
  0.14115685E+000
  0.14115670E+000
  0.14115656E+000
  0.14115642E+000
  0.14115630E+000
  0.14115617E+000
  0.14115606E+000
  0.14115595E+000
  0.14115585E+000
  0.14115576E+000
  0.14115567E+000
  0.14115559E+000
  0.14115551E+000
  0.14115544E+000
  0.14115537E+000
  0.14115531E+000
  0.14115525E+000
  0.14115519E+000
  0.14115514E+000
  0.14115509E+000
  0.14115505E+000
  0.14115501E+000
  0.14115497E+000
  0.14115494E+000
  0.14115491E+000
  0.14115488E+000
  0.14115485E+000
  0.14115483E+000
  0.14115481E+000
  0.14115479E+000
  0.14115477E+000
  0.14115475E+000
  0.14115473E+000
  0.14115472E+000
  0.14115471E+000
  0.14115470E+000
  0.14115468E+000
  0.14115467E+000
  0.14115467E+000
  0.14115466E+000
  0.14115465E+000
  0.14115464E+000
  0.14115464E+000
  0.14115463E+000
  0.14115463E+000
  0.14115463E+000
  0.14115463E+000
  0.14115464E+000
