  0.21475755E+000
  0.22049422E+000
  0.22067402E+000
  0.21994877E+000
  0.21915817E+000
  0.21845467E+000
  0.21787056E+000
  0.21738404E+000
  0.21696708E+000
  0.21660071E+000
  0.21627115E+000
  0.21600008E+000
  0.21580966E+000
  0.21567072E+000
  0.21556613E+000
  0.21548533E+000
  0.21542150E+000
  0.21537015E+000
  0.21532824E+000
  0.21529362E+000
  0.21526476E+000
  0.21524049E+000
  0.21521993E+000
  0.21520237E+000
  0.21518725E+000
  0.21517411E+000
  0.21516255E+000
  0.21513349E+000
  0.21508758E+000
  0.21503333E+000
  0.21497680E+000
  0.21492218E+000
  0.21487216E+000
  0.21482837E+000
  0.21479158E+000
  0.21476202E+000
  0.21473947E+000
  0.21472344E+000
  0.21471330E+000
  0.21470832E+000
  0.21470775E+000
  0.21471087E+000
  0.21471702E+000
  0.21472559E+000
  0.21473606E+000
  0.21474799E+000
  0.21476102E+000
  0.21477486E+000
  0.21478927E+000
  0.21480409E+000
  0.21481918E+000
  0.21483445E+000
  0.21484983E+000
  0.21486527E+000
  0.21488076E+000
  0.21489627E+000
  0.21491179E+000
  0.21491886E+000
  0.21491990E+000
  0.21491776E+000
  0.21491403E+000
  0.21490956E+000
  0.21490483E+000
  0.21490007E+000
  0.21489541E+000
  0.21489092E+000
  0.21488661E+000
  0.21488250E+000
  0.21487858E+000
  0.21487485E+000
  0.21487130E+000
  0.21486791E+000
  0.21486468E+000
  0.21486159E+000
  0.21485863E+000
  0.21485578E+000
  0.21485304E+000
  0.21485039E+000
  0.21484781E+000
  0.21484531E+000
  0.21484287E+000
  0.21484049E+000
  0.21483814E+000
  0.21483584E+000
  0.21483357E+000
  0.21483132E+000
  0.21482910E+000
  0.21482690E+000
  0.21482472E+000
  0.21482256E+000
  0.21482042E+000
  0.21481830E+000
  0.21481619E+000
  0.21481410E+000
  0.21481204E+000
  0.21481000E+000
  0.21480798E+000
  0.21480599E+000
  0.21480404E+000
  0.21480211E+000
  0.21480023E+000
  0.21479838E+000
  0.21479657E+000
  0.21479480E+000
  0.21479309E+000
  0.21479141E+000
  0.21478979E+000
  0.21478822E+000
  0.21478670E+000
  0.21478523E+000
  0.21478382E+000
  0.21478246E+000
  0.21478115E+000
  0.21477990E+000
  0.21477871E+000
  0.21477757E+000
  0.21477648E+000
  0.21477544E+000
  0.21477445E+000
  0.21477352E+000
  0.21477263E+000
  0.21477179E+000
  0.21477100E+000
  0.21477025E+000
  0.21476955E+000
  0.21476888E+000
  0.21476825E+000
  0.21476766E+000
  0.21476711E+000
  0.21476658E+000
  0.21476609E+000
  0.21476563E+000
  0.21476520E+000
  0.21476479E+000
  0.21476440E+000
  0.21476404E+000
  0.21476370E+000
  0.21476338E+000
  0.21476308E+000
  0.21476279E+000
  0.21476252E+000
  0.21476226E+000
  0.21476202E+000
  0.21476179E+000
  0.21476157E+000
  0.21476136E+000
  0.21476116E+000
  0.21476098E+000
  0.21476080E+000
  0.21476063E+000
  0.21476046E+000
  0.21476031E+000
  0.21476016E+000
  0.21476002E+000
  0.21475988E+000
  0.21475975E+000
  0.21475963E+000
  0.21475951E+000
  0.21475939E+000
  0.21475929E+000
  0.21475918E+000
  0.21475908E+000
  0.21475899E+000
  0.21475890E+000
  0.21475881E+000
  0.21475873E+000
  0.21475865E+000
  0.21475858E+000
  0.21475851E+000
  0.21475844E+000
  0.21475838E+000
  0.21475832E+000
  0.21475826E+000
  0.21475821E+000
  0.21475816E+000
  0.21475811E+000
  0.21475807E+000
  0.21475803E+000
  0.21475799E+000
  0.21475795E+000
  0.21475791E+000
  0.21475788E+000
  0.21475785E+000
  0.21475782E+000
  0.21475780E+000
  0.21475777E+000
  0.21475775E+000
  0.21475773E+000
  0.21475771E+000
  0.21475770E+000
  0.21475768E+000
  0.21475767E+000
  0.21475766E+000
  0.21475765E+000
  0.21475764E+000
  0.21475763E+000
  0.21475762E+000
  0.21475761E+000
  0.21475761E+000
  0.21475762E+000
