  0.13124710E+000
  0.13127116E+000
  0.13129424E+000
  0.13131495E+000
  0.13133266E+000
  0.13134726E+000
  0.13135890E+000
  0.13136789E+000
  0.13137456E+000
  0.13137927E+000
  0.13138230E+000
  0.13138394E+000
  0.13138441E+000
  0.13138390E+000
  0.13138257E+000
  0.13138055E+000
  0.13137795E+000
  0.13137487E+000
  0.13137137E+000
  0.13136752E+000
  0.13136337E+000
  0.13135898E+000
  0.13135436E+000
  0.13134956E+000
  0.13134461E+000
  0.13133953E+000
  0.13133433E+000
  0.13132905E+000
  0.13132369E+000
  0.13131828E+000
  0.13131282E+000
  0.13130733E+000
  0.13130182E+000
  0.13129632E+000
  0.13129082E+000
  0.13128534E+000
  0.13127989E+000
  0.13127449E+000
  0.13126915E+000
  0.13126387E+000
  0.13125867E+000
  0.13125357E+000
  0.13124857E+000
  0.13124369E+000
  0.13123894E+000
  0.13123432E+000
  0.13122986E+000
  0.13122556E+000
  0.13122143E+000
  0.13121748E+000
  0.13121372E+000
  0.13121015E+000
  0.13120680E+000
  0.13120365E+000
  0.13120073E+000
  0.13119802E+000
  0.13119554E+000
  0.13119329E+000
  0.13119127E+000
  0.13118947E+000
  0.13118791E+000
  0.13118657E+000
  0.13118545E+000
  0.13118456E+000
  0.13118388E+000
  0.13118341E+000
  0.13118314E+000
  0.13118306E+000
  0.13118318E+000
  0.13118347E+000
  0.13118394E+000
  0.13118457E+000
  0.13118535E+000
  0.13118627E+000
  0.13118733E+000
  0.13118851E+000
  0.13118981E+000
  0.13119120E+000
  0.13119269E+000
  0.13119426E+000
  0.13119591E+000
  0.13119761E+000
  0.13119937E+000
  0.13120116E+000
  0.13120299E+000
  0.13120483E+000
  0.13120669E+000
  0.13120855E+000
  0.13121041E+000
  0.13121225E+000
  0.13121407E+000
  0.13121587E+000
  0.13121762E+000
  0.13121934E+000
  0.13122102E+000
  0.13122264E+000
  0.13122421E+000
  0.13122573E+000
  0.13122719E+000
  0.13122859E+000
  0.13122993E+000
  0.13123121E+000
  0.13123242E+000
  0.13123357E+000
  0.13123467E+000
  0.13123570E+000
  0.13123667E+000
  0.13123758E+000
  0.13123844E+000
  0.13123924E+000
  0.13123999E+000
  0.13124068E+000
  0.13124133E+000
  0.13124193E+000
  0.13124249E+000
  0.13124300E+000
  0.13124347E+000
  0.13124390E+000
  0.13124430E+000
  0.13124466E+000
  0.13124499E+000
  0.13124529E+000
  0.13124556E+000
  0.13124580E+000
  0.13124602E+000
  0.13124621E+000
  0.13124639E+000
  0.13124654E+000
  0.13124668E+000
  0.13124679E+000
  0.13124690E+000
  0.13124698E+000
  0.13124706E+000
  0.13124712E+000
  0.13124718E+000
  0.13124722E+000
  0.13124726E+000
  0.13124728E+000
  0.13124730E+000
  0.13124732E+000
  0.13124733E+000
  0.13124733E+000
  0.13124733E+000
  0.13124733E+000
  0.13124732E+000
  0.13124731E+000
  0.13124730E+000
  0.13124729E+000
  0.13124728E+000
  0.13124726E+000
  0.13124725E+000
  0.13124724E+000
  0.13124722E+000
  0.13124721E+000
  0.13124719E+000
  0.13124718E+000
  0.13124716E+000
  0.13124715E+000
  0.13124714E+000
  0.13124713E+000
  0.13124712E+000
  0.13124711E+000
  0.13124710E+000
  0.13124709E+000
  0.13124709E+000
  0.13124708E+000
  0.13124708E+000
  0.13124707E+000
  0.13124707E+000
  0.13124707E+000
  0.13124707E+000
  0.13124707E+000
  0.13124707E+000
  0.13124707E+000
  0.13124707E+000
  0.13124707E+000
  0.13124707E+000
  0.13124708E+000
  0.13124708E+000
  0.13124708E+000
  0.13124709E+000
  0.13124709E+000
  0.13124709E+000
  0.13124710E+000
  0.13124710E+000
  0.13124710E+000
  0.13124711E+000
  0.13124711E+000
  0.13124711E+000
  0.13124711E+000
  0.13124712E+000
  0.13124712E+000
  0.13124712E+000
  0.13124712E+000
  0.13124712E+000
  0.13124712E+000
  0.13124712E+000
  0.13124713E+000
  0.13124713E+000
  0.13124713E+000
