  0.53182286E-005
  0.56793746E-005
  0.58505086E-005
  0.58962494E-005
  0.58700113E-005
  0.58091732E-005
  0.57368407E-005
  0.56656973E-005
  0.56017125E-005
  0.55469486E-005
  0.55014190E-005
  0.54642083E-005
  0.54340784E-005
  0.54097833E-005
  0.53902110E-005
  0.53744288E-005
  0.53616797E-005
  0.53513601E-005
  0.53429930E-005
  0.53362026E-005
  0.53306918E-005
  0.53262249E-005
  0.53226136E-005
  0.53197060E-005
  0.53173788E-005
  0.53155313E-005
  0.53140802E-005
  0.53129565E-005
  0.53121026E-005
  0.53114700E-005
  0.53110183E-005
  0.53107129E-005
  0.53105250E-005
  0.53104302E-005
  0.53104080E-005
  0.53104412E-005
  0.53105156E-005
  0.53106195E-005
  0.53107433E-005
  0.53108793E-005
  0.53110215E-005
  0.53111652E-005
  0.53113068E-005
  0.53114440E-005
  0.53115750E-005
  0.53116987E-005
  0.53118146E-005
  0.53119228E-005
  0.53120235E-005
  0.53121172E-005
  0.53122045E-005
  0.53122862E-005
  0.53123633E-005
  0.53124364E-005
  0.53125066E-005
  0.53125746E-005
  0.53126413E-005
  0.53127075E-005
  0.53127738E-005
  0.53128409E-005
  0.53129095E-005
  0.53129800E-005
  0.53130530E-005
  0.53131288E-005
  0.53132079E-005
  0.53132904E-005
  0.53133768E-005
  0.53134672E-005
  0.53135616E-005
  0.53136603E-005
  0.53137632E-005
  0.53138703E-005
  0.53139816E-005
  0.53140969E-005
  0.53142160E-005
  0.53143388E-005
  0.53144648E-005
  0.53145939E-005
  0.53147255E-005
  0.53148592E-005
  0.53149946E-005
  0.53151311E-005
  0.53152682E-005
  0.53154055E-005
  0.53155423E-005
  0.53156781E-005
  0.53158125E-005
  0.53159448E-005
  0.53160747E-005
  0.53162018E-005
  0.53163256E-005
  0.53164459E-005
  0.53165623E-005
  0.53166746E-005
  0.53167826E-005
  0.53168862E-005
  0.53169852E-005
  0.53170795E-005
  0.53171693E-005
  0.53172543E-005
  0.53173347E-005
  0.53174106E-005
  0.53174820E-005
  0.53175489E-005
  0.53176116E-005
  0.53176702E-005
  0.53177248E-005
  0.53177755E-005
  0.53178225E-005
  0.53178660E-005
  0.53179061E-005
  0.53179431E-005
  0.53179770E-005
  0.53180080E-005
  0.53180364E-005
  0.53180622E-005
  0.53180856E-005
  0.53181068E-005
  0.53181259E-005
  0.53181431E-005
  0.53181585E-005
  0.53181722E-005
  0.53181844E-005
  0.53181951E-005
  0.53182045E-005
  0.53182128E-005
  0.53182199E-005
  0.53182260E-005
  0.53182312E-005
  0.53182356E-005
  0.53182393E-005
  0.53182422E-005
  0.53182446E-005
  0.53182464E-005
  0.53182478E-005
  0.53182487E-005
  0.53182492E-005
  0.53182494E-005
  0.53182494E-005
  0.53182491E-005
  0.53182486E-005
  0.53182479E-005
  0.53182471E-005
  0.53182462E-005
  0.53182451E-005
  0.53182441E-005
  0.53182429E-005
  0.53182418E-005
  0.53182406E-005
  0.53182395E-005
  0.53182383E-005
  0.53182372E-005
  0.53182361E-005
  0.53182351E-005
  0.53182341E-005
  0.53182331E-005
  0.53182322E-005
  0.53182314E-005
  0.53182307E-005
  0.53182300E-005
  0.53182294E-005
  0.53182288E-005
  0.53182283E-005
  0.53182279E-005
  0.53182275E-005
  0.53182272E-005
  0.53182270E-005
  0.53182268E-005
  0.53182267E-005
  0.53182266E-005
  0.53182265E-005
  0.53182265E-005
  0.53182266E-005
  0.53182267E-005
  0.53182268E-005
  0.53182269E-005
  0.53182271E-005
  0.53182273E-005
  0.53182275E-005
  0.53182277E-005
  0.53182279E-005
  0.53182281E-005
  0.53182283E-005
  0.53182286E-005
  0.53182288E-005
  0.53182290E-005
  0.53182292E-005
  0.53182294E-005
  0.53182296E-005
  0.53182297E-005
  0.53182299E-005
  0.53182300E-005
  0.53182301E-005
  0.53182302E-005
  0.53182302E-005
  0.53182303E-005
  0.53182303E-005
  0.53182305E-005
  0.53182308E-005
  0.53182314E-005
