  0.26138386E+000
  0.27028679E+000
  0.27196697E+000
  0.27164273E+000
  0.27062210E+000
  0.26938522E+000
  0.26816695E+000
  0.26705670E+000
  0.26607877E+000
  0.26523227E+000
  0.26450354E+000
  0.26390623E+000
  0.26345166E+000
  0.26309971E+000
  0.26282353E+000
  0.26260436E+000
  0.26242875E+000
  0.26228693E+000
  0.26217166E+000
  0.26207752E+000
  0.26200034E+000
  0.26193691E+000
  0.26188468E+000
  0.26184163E+000
  0.26180611E+000
  0.26177677E+000
  0.26175248E+000
  0.26171358E+000
  0.26166018E+000
  0.26160038E+000
  0.26153990E+000
  0.26148260E+000
  0.26143093E+000
  0.26138630E+000
  0.26134933E+000
  0.26132006E+000
  0.26129816E+000
  0.26128304E+000
  0.26127399E+000
  0.26127020E+000
  0.26127087E+000
  0.26127526E+000
  0.26128264E+000
  0.26129241E+000
  0.26130403E+000
  0.26131705E+000
  0.26133110E+000
  0.26134588E+000
  0.26136118E+000
  0.26137682E+000
  0.26139267E+000
  0.26140866E+000
  0.26142471E+000
  0.26144080E+000
  0.26145690E+000
  0.26147300E+000
  0.26148911E+000
  0.26149676E+000
  0.26149838E+000
  0.26149683E+000
  0.26149370E+000
  0.26148985E+000
  0.26148576E+000
  0.26148167E+000
  0.26147770E+000
  0.26147393E+000
  0.26147038E+000
  0.26146706E+000
  0.26146397E+000
  0.26146111E+000
  0.26145846E+000
  0.26145601E+000
  0.26145375E+000
  0.26145167E+000
  0.26144976E+000
  0.26144799E+000
  0.26144635E+000
  0.26144483E+000
  0.26144341E+000
  0.26144208E+000
  0.26144083E+000
  0.26143964E+000
  0.26143850E+000
  0.26143740E+000
  0.26143632E+000
  0.26143527E+000
  0.26143423E+000
  0.26143319E+000
  0.26143215E+000
  0.26143110E+000
  0.26143005E+000
  0.26142897E+000
  0.26142789E+000
  0.26142679E+000
  0.26142567E+000
  0.26142454E+000
  0.26142339E+000
  0.26142223E+000
  0.26142106E+000
  0.26141988E+000
  0.26141870E+000
  0.26141751E+000
  0.26141633E+000
  0.26141515E+000
  0.26141398E+000
  0.26141283E+000
  0.26141168E+000
  0.26141055E+000
  0.26140945E+000
  0.26140836E+000
  0.26140730E+000
  0.26140626E+000
  0.26140526E+000
  0.26140428E+000
  0.26140333E+000
  0.26140241E+000
  0.26140153E+000
  0.26140068E+000
  0.26139986E+000
  0.26139908E+000
  0.26139833E+000
  0.26139761E+000
  0.26139692E+000
  0.26139627E+000
  0.26139564E+000
  0.26139505E+000
  0.26139448E+000
  0.26139395E+000
  0.26139344E+000
  0.26139295E+000
  0.26139249E+000
  0.26139206E+000
  0.26139164E+000
  0.26139125E+000
  0.26139088E+000
  0.26139053E+000
  0.26139019E+000
  0.26138987E+000
  0.26138957E+000
  0.26138928E+000
  0.26138900E+000
  0.26138874E+000
  0.26138849E+000
  0.26138825E+000
  0.26138802E+000
  0.26138781E+000
  0.26138760E+000
  0.26138740E+000
  0.26138721E+000
  0.26138703E+000
  0.26138686E+000
  0.26138669E+000
  0.26138653E+000
  0.26138638E+000
  0.26138624E+000
  0.26138610E+000
  0.26138597E+000
  0.26138584E+000
  0.26138572E+000
  0.26138561E+000
  0.26138550E+000
  0.26138539E+000
  0.26138530E+000
  0.26138520E+000
  0.26138511E+000
  0.26138503E+000
  0.26138495E+000
  0.26138487E+000
  0.26138480E+000
  0.26138473E+000
  0.26138467E+000
  0.26138461E+000
  0.26138456E+000
  0.26138450E+000
  0.26138445E+000
  0.26138441E+000
  0.26138436E+000
  0.26138432E+000
  0.26138428E+000
  0.26138425E+000
  0.26138422E+000
  0.26138419E+000
  0.26138416E+000
  0.26138413E+000
  0.26138411E+000
  0.26138409E+000
  0.26138407E+000
  0.26138405E+000
  0.26138403E+000
  0.26138402E+000
  0.26138400E+000
  0.26138399E+000
  0.26138398E+000
  0.26138397E+000
  0.26138396E+000
  0.26138395E+000
  0.26138394E+000
  0.26138394E+000
  0.26138394E+000
  0.26138395E+000
