  0.88682554E+000
  0.88684071E+000
  0.88685256E+000
  0.88686163E+000
  0.88686844E+000
  0.88687342E+000
  0.88687692E+000
  0.88687922E+000
  0.88688055E+000
  0.88688108E+000
  0.88688095E+000
  0.88688027E+000
  0.88687913E+000
  0.88687763E+000
  0.88687583E+000
  0.88687380E+000
  0.88687157E+000
  0.88686919E+000
  0.88686668E+000
  0.88686408E+000
  0.88686140E+000
  0.88685867E+000
  0.88685589E+000
  0.88685309E+000
  0.88685026E+000
  0.88684742E+000
  0.88684458E+000
  0.88684174E+000
  0.88683891E+000
  0.88683609E+000
  0.88683330E+000
  0.88683052E+000
  0.88682777E+000
  0.88682504E+000
  0.88682235E+000
  0.88681970E+000
  0.88681708E+000
  0.88681450E+000
  0.88681197E+000
  0.88680948E+000
  0.88680704E+000
  0.88680465E+000
  0.88680231E+000
  0.88680003E+000
  0.88679781E+000
  0.88679565E+000
  0.88679355E+000
  0.88679151E+000
  0.88678954E+000
  0.88678764E+000
  0.88678580E+000
  0.88678404E+000
  0.88678234E+000
  0.88678072E+000
  0.88677917E+000
  0.88677768E+000
  0.88677627E+000
  0.88677493E+000
  0.88677365E+000
  0.88677245E+000
  0.88677130E+000
  0.88677022E+000
  0.88676920E+000
  0.88676823E+000
  0.88676732E+000
  0.88676646E+000
  0.88676565E+000
  0.88676488E+000
  0.88676415E+000
  0.88676346E+000
  0.88676280E+000
  0.88676217E+000
  0.88676156E+000
  0.88676098E+000
  0.88676042E+000
  0.88675987E+000
  0.88675933E+000
  0.88675881E+000
  0.88675829E+000
  0.88675778E+000
  0.88675727E+000
  0.88675676E+000
  0.88675625E+000
  0.88675574E+000
  0.88675522E+000
  0.88675470E+000
  0.88675417E+000
  0.88675364E+000
  0.88675311E+000
  0.88675256E+000
  0.88675201E+000
  0.88675146E+000
  0.88675090E+000
  0.88675034E+000
  0.88674978E+000
  0.88674922E+000
  0.88674866E+000
  0.88674810E+000
  0.88674755E+000
  0.88674701E+000
  0.88674647E+000
  0.88674595E+000
  0.88674544E+000
  0.88674494E+000
  0.88674446E+000
  0.88674401E+000
  0.88674357E+000
  0.88674316E+000
  0.88674277E+000
  0.88674241E+000
  0.88674208E+000
  0.88674178E+000
  0.88674152E+000
  0.88674129E+000
  0.88674109E+000
  0.88674094E+000
  0.88674082E+000
  0.88674074E+000
  0.88674070E+000
  0.88674070E+000
  0.88674075E+000
  0.88674084E+000
  0.88674097E+000
  0.88674115E+000
  0.88674137E+000
  0.88674163E+000
  0.88674194E+000
  0.88674230E+000
  0.88674270E+000
  0.88674314E+000
  0.88674363E+000
  0.88674416E+000
  0.88674473E+000
  0.88674535E+000
  0.88674600E+000
  0.88674670E+000
  0.88674744E+000
  0.88674821E+000
  0.88674903E+000
  0.88674988E+000
  0.88675076E+000
  0.88675168E+000
  0.88675263E+000
  0.88675361E+000
  0.88675462E+000
  0.88675565E+000
  0.88675671E+000
  0.88675780E+000
  0.88675891E+000
  0.88676004E+000
  0.88676119E+000
  0.88676235E+000
  0.88676353E+000
  0.88676473E+000
  0.88676594E+000
  0.88676715E+000
  0.88676838E+000
  0.88676961E+000
  0.88677085E+000
  0.88677209E+000
  0.88677334E+000
  0.88677458E+000
  0.88677583E+000
  0.88677707E+000
  0.88677830E+000
  0.88677954E+000
  0.88678076E+000
  0.88678198E+000
  0.88678319E+000
  0.88678439E+000
  0.88678557E+000
  0.88678675E+000
  0.88678791E+000
  0.88678906E+000
  0.88679019E+000
  0.88679130E+000
  0.88679240E+000
  0.88679348E+000
  0.88679454E+000
  0.88679559E+000
  0.88679661E+000
  0.88679761E+000
  0.88679860E+000
  0.88679956E+000
  0.88680050E+000
  0.88680143E+000
  0.88680232E+000
  0.88680320E+000
  0.88680406E+000
  0.88680489E+000
  0.88680571E+000
  0.88680650E+000
  0.88680726E+000
  0.88680801E+000
  0.88680873E+000
  0.88680944E+000
  0.88681012E+000
  0.88681078E+000
  0.88681142E+000
  0.88681204E+000
