  0.81427371E+000
  0.81426228E+000
  0.81425251E+000
  0.81424421E+000
  0.81423717E+000
  0.81423124E+000
  0.81422628E+000
  0.81422218E+000
  0.81421882E+000
  0.81421609E+000
  0.81421390E+000
  0.81421215E+000
  0.81421080E+000
  0.81420977E+000
  0.81420901E+000
  0.81420849E+000
  0.81420817E+000
  0.81420802E+000
  0.81420801E+000
  0.81420812E+000
  0.81420834E+000
  0.81420864E+000
  0.81420901E+000
  0.81420944E+000
  0.81420993E+000
  0.81421046E+000
  0.81421102E+000
  0.81421162E+000
  0.81421223E+000
  0.81421287E+000
  0.81421352E+000
  0.81421418E+000
  0.81421485E+000
  0.81421552E+000
  0.81421620E+000
  0.81421688E+000
  0.81421755E+000
  0.81421823E+000
  0.81421890E+000
  0.81421956E+000
  0.81422021E+000
  0.81422086E+000
  0.81422149E+000
  0.81422211E+000
  0.81422272E+000
  0.81422331E+000
  0.81422389E+000
  0.81422445E+000
  0.81422499E+000
  0.81422550E+000
  0.81422600E+000
  0.81422647E+000
  0.81422691E+000
  0.81422733E+000
  0.81422771E+000
  0.81422807E+000
  0.81422839E+000
  0.81422868E+000
  0.81422893E+000
  0.81422914E+000
  0.81422932E+000
  0.81422945E+000
  0.81422954E+000
  0.81422960E+000
  0.81422960E+000
  0.81422957E+000
  0.81422949E+000
  0.81422936E+000
  0.81422919E+000
  0.81422897E+000
  0.81422871E+000
  0.81422840E+000
  0.81422805E+000
  0.81422765E+000
  0.81422721E+000
  0.81422673E+000
  0.81422621E+000
  0.81422565E+000
  0.81422505E+000
  0.81422442E+000
  0.81422375E+000
  0.81422305E+000
  0.81422233E+000
  0.81422157E+000
  0.81422080E+000
  0.81422000E+000
  0.81421918E+000
  0.81421835E+000
  0.81421750E+000
  0.81421665E+000
  0.81421578E+000
  0.81421491E+000
  0.81421404E+000
  0.81421317E+000
  0.81421230E+000
  0.81421143E+000
  0.81421058E+000
  0.81420973E+000
  0.81420889E+000
  0.81420807E+000
  0.81420727E+000
  0.81420648E+000
  0.81420572E+000
  0.81420497E+000
  0.81420425E+000
  0.81420356E+000
  0.81420289E+000
  0.81420226E+000
  0.81420165E+000
  0.81420108E+000
  0.81420054E+000
  0.81420003E+000
  0.81419956E+000
  0.81419913E+000
  0.81419874E+000
  0.81419839E+000
  0.81419807E+000
  0.81419780E+000
  0.81419757E+000
  0.81419739E+000
  0.81419724E+000
  0.81419714E+000
  0.81419709E+000
  0.81419708E+000
  0.81419711E+000
  0.81419720E+000
  0.81419732E+000
  0.81419749E+000
  0.81419771E+000
  0.81419797E+000
  0.81419828E+000
  0.81419863E+000
  0.81419903E+000
  0.81419947E+000
  0.81419995E+000
  0.81420047E+000
  0.81420103E+000
  0.81420164E+000
  0.81420228E+000
  0.81420296E+000
  0.81420368E+000
  0.81420444E+000
  0.81420522E+000
  0.81420605E+000
  0.81420690E+000
  0.81420778E+000
  0.81420869E+000
  0.81420963E+000
  0.81421059E+000
  0.81421158E+000
  0.81421259E+000
  0.81421362E+000
  0.81421467E+000
  0.81421574E+000
  0.81421682E+000
  0.81421791E+000
  0.81421902E+000
  0.81422014E+000
  0.81422126E+000
  0.81422240E+000
  0.81422353E+000
  0.81422468E+000
  0.81422582E+000
  0.81422697E+000
  0.81422811E+000
  0.81422926E+000
  0.81423040E+000
  0.81423153E+000
  0.81423266E+000
  0.81423379E+000
  0.81423490E+000
  0.81423601E+000
  0.81423710E+000
  0.81423818E+000
  0.81423925E+000
  0.81424031E+000
  0.81424135E+000
  0.81424238E+000
  0.81424339E+000
  0.81424439E+000
  0.81424537E+000
  0.81424633E+000
  0.81424727E+000
  0.81424820E+000
  0.81424910E+000
  0.81424999E+000
  0.81425086E+000
  0.81425171E+000
  0.81425253E+000
  0.81425334E+000
  0.81425413E+000
  0.81425489E+000
  0.81425564E+000
  0.81425637E+000
  0.81425707E+000
  0.81425776E+000
  0.81425842E+000
  0.81425907E+000
  0.81425969E+000
  0.81426030E+000
