  0.86193873E+000
  0.86224094E+000
  0.86246070E+000
  0.86262411E+000
  0.86274572E+000
  0.86283526E+000
  0.86289976E+000
  0.86294440E+000
  0.86297318E+000
  0.86298923E+000
  0.86299506E+000
  0.86299248E+000
  0.86298287E+000
  0.86296786E+000
  0.86294868E+000
  0.86292626E+000
  0.86290137E+000
  0.86287460E+000
  0.86284643E+000
  0.86281725E+000
  0.86278737E+000
  0.86275704E+000
  0.86272648E+000
  0.86269586E+000
  0.86266531E+000
  0.86263494E+000
  0.86260486E+000
  0.86257515E+000
  0.86254585E+000
  0.86251702E+000
  0.86248870E+000
  0.86246092E+000
  0.86243373E+000
  0.86240714E+000
  0.86238118E+000
  0.86235586E+000
  0.86233119E+000
  0.86230719E+000
  0.86228387E+000
  0.86226122E+000
  0.86223926E+000
  0.86221798E+000
  0.86219739E+000
  0.86217748E+000
  0.86215826E+000
  0.86213973E+000
  0.86212189E+000
  0.86210473E+000
  0.86208826E+000
  0.86207246E+000
  0.86205735E+000
  0.86204292E+000
  0.86202915E+000
  0.86201606E+000
  0.86200363E+000
  0.86199186E+000
  0.86198073E+000
  0.86197024E+000
  0.86196038E+000
  0.86195114E+000
  0.86194250E+000
  0.86193446E+000
  0.86192699E+000
  0.86192010E+000
  0.86191376E+000
  0.86190795E+000
  0.86190268E+000
  0.86189792E+000
  0.86189367E+000
  0.86188990E+000
  0.86188661E+000
  0.86188378E+000
  0.86188141E+000
  0.86187948E+000
  0.86187797E+000
  0.86187688E+000
  0.86187618E+000
  0.86187586E+000
  0.86187591E+000
  0.86187629E+000
  0.86187699E+000
  0.86187799E+000
  0.86187925E+000
  0.86188075E+000
  0.86188247E+000
  0.86188436E+000
  0.86188641E+000
  0.86188858E+000
  0.86189085E+000
  0.86189319E+000
  0.86189557E+000
  0.86189797E+000
  0.86190037E+000
  0.86190275E+000
  0.86190509E+000
  0.86190738E+000
  0.86190961E+000
  0.86191175E+000
  0.86191382E+000
  0.86191579E+000
  0.86191768E+000
  0.86191947E+000
  0.86192116E+000
  0.86192275E+000
  0.86192425E+000
  0.86192566E+000
  0.86192698E+000
  0.86192821E+000
  0.86192936E+000
  0.86193043E+000
  0.86193142E+000
  0.86193234E+000
  0.86193319E+000
  0.86193399E+000
  0.86193472E+000
  0.86193540E+000
  0.86193602E+000
  0.86193660E+000
  0.86193714E+000
  0.86193763E+000
  0.86193809E+000
  0.86193851E+000
  0.86193890E+000
  0.86193925E+000
  0.86193958E+000
  0.86193989E+000
  0.86194017E+000
  0.86194042E+000
  0.86194066E+000
  0.86194088E+000
  0.86194108E+000
  0.86194126E+000
  0.86194142E+000
  0.86194158E+000
  0.86194172E+000
  0.86194184E+000
  0.86194196E+000
  0.86194206E+000
  0.86194215E+000
  0.86194223E+000
  0.86194231E+000
  0.86194237E+000
  0.86194243E+000
  0.86194248E+000
  0.86194252E+000
  0.86194255E+000
  0.86194258E+000
  0.86194260E+000
  0.86194261E+000
  0.86194262E+000
  0.86194262E+000
  0.86194262E+000
  0.86194261E+000
  0.86194260E+000
  0.86194258E+000
  0.86194256E+000
  0.86194254E+000
  0.86194251E+000
  0.86194248E+000
  0.86194244E+000
  0.86194241E+000
  0.86194237E+000
  0.86194232E+000
  0.86194228E+000
  0.86194223E+000
  0.86194218E+000
  0.86194212E+000
  0.86194207E+000
  0.86194201E+000
  0.86194196E+000
  0.86194190E+000
  0.86194184E+000
  0.86194178E+000
  0.86194171E+000
  0.86194165E+000
  0.86194159E+000
  0.86194153E+000
  0.86194146E+000
  0.86194140E+000
  0.86194133E+000
  0.86194127E+000
  0.86194120E+000
  0.86194114E+000
  0.86194108E+000
  0.86194101E+000
  0.86194095E+000
  0.86194089E+000
  0.86194082E+000
  0.86194076E+000
  0.86194070E+000
  0.86194064E+000
  0.86194058E+000
  0.86194052E+000
  0.86194047E+000
  0.86194041E+000
  0.86194035E+000
  0.86194030E+000
  0.86194025E+000
  0.86194021E+000
  0.86194016E+000
