  0.35705239E+000
  0.35696101E+000
  0.35688103E+000
  0.35681348E+000
  0.35675643E+000
  0.35670758E+000
  0.35666684E+000
  0.35663293E+000
  0.35660452E+000
  0.35657969E+000
  0.35656155E+000
  0.35654516E+000
  0.35653232E+000
  0.35652166E+000
  0.35651263E+000
  0.35650600E+000
  0.35650067E+000
  0.35649665E+000
  0.35649424E+000
  0.35649233E+000
  0.35649096E+000
  0.35649053E+000
  0.35649127E+000
  0.35649232E+000
  0.35649336E+000
  0.35649537E+000
  0.35649768E+000
  0.35650044E+000
  0.35650358E+000
  0.35650690E+000
  0.35651058E+000
  0.35651520E+000
  0.35651954E+000
  0.35652317E+000
  0.35652788E+000
  0.35653273E+000
  0.35653776E+000
  0.35654298E+000
  0.35654832E+000
  0.35655385E+000
  0.35656004E+000
  0.35656583E+000
  0.35657173E+000
  0.35657775E+000
  0.35658388E+000
  0.35659047E+000
  0.35659670E+000
  0.35660306E+000
  0.35660938E+000
  0.35661587E+000
  0.35662245E+000
  0.35662896E+000
  0.35663568E+000
  0.35664225E+000
  0.35664891E+000
  0.35665558E+000
  0.35666222E+000
  0.35666884E+000
  0.35667545E+000
  0.35668199E+000
  0.35668851E+000
  0.35669473E+000
  0.35670119E+000
  0.35670762E+000
  0.35671394E+000
  0.35672019E+000
  0.35672639E+000
  0.35673245E+000
  0.35673839E+000
  0.35674430E+000
  0.35675010E+000
  0.35675560E+000
  0.35676120E+000
  0.35676667E+000
  0.35677209E+000
  0.35677712E+000
  0.35678217E+000
  0.35678694E+000
  0.35679175E+000
  0.35679648E+000
  0.35680113E+000
  0.35680562E+000
  0.35680976E+000
  0.35681409E+000
  0.35681830E+000
  0.35682241E+000
  0.35682638E+000
  0.35683030E+000
  0.35683410E+000
  0.35683781E+000
  0.35684144E+000
  0.35684498E+000
  0.35684845E+000
  0.35685185E+000
  0.35685515E+000
  0.35685844E+000
  0.35686170E+000
  0.35686490E+000
  0.35686806E+000
  0.35687118E+000
  0.35687424E+000
  0.35687728E+000
  0.35688030E+000
  0.35688333E+000
  0.35688628E+000
  0.35688929E+000
  0.35689230E+000
  0.35689531E+000
  0.35689834E+000
  0.35690137E+000
  0.35690441E+000
  0.35690747E+000
  0.35691055E+000
  0.35691364E+000
  0.35691675E+000
  0.35691989E+000
  0.35692305E+000
  0.35692624E+000
  0.35692946E+000
  0.35693270E+000
  0.35693599E+000
  0.35693930E+000
  0.35694264E+000
  0.35694602E+000
  0.35694943E+000
  0.35695287E+000
  0.35695635E+000
  0.35695987E+000
  0.35696341E+000
  0.35696700E+000
  0.35697061E+000
  0.35697426E+000
  0.35697794E+000
  0.35698164E+000
  0.35698538E+000
  0.35698915E+000
  0.35699294E+000
  0.35699676E+000
  0.35700060E+000
  0.35700447E+000
  0.35700835E+000
  0.35701225E+000
  0.35701617E+000
  0.35702010E+000
  0.35702405E+000
  0.35702800E+000
  0.35703196E+000
  0.35703592E+000
  0.35703989E+000
  0.35704386E+000
  0.35704782E+000
  0.35705178E+000
  0.35705573E+000
  0.35705967E+000
  0.35706359E+000
  0.35706750E+000
  0.35707139E+000
  0.35707526E+000
  0.35707911E+000
  0.35708293E+000
  0.35708672E+000
  0.35709048E+000
  0.35709421E+000
  0.35709790E+000
  0.35710155E+000
  0.35710517E+000
  0.35710874E+000
  0.35711227E+000
  0.35711575E+000
  0.35711918E+000
  0.35712256E+000
  0.35712589E+000
  0.35712917E+000
  0.35713240E+000
  0.35713557E+000
  0.35713868E+000
  0.35714174E+000
  0.35714473E+000
  0.35714767E+000
  0.35715055E+000
  0.35715336E+000
  0.35715612E+000
  0.35715881E+000
  0.35716144E+000
  0.35716401E+000
  0.35716651E+000
  0.35716895E+000
  0.35717133E+000
  0.35717364E+000
  0.35717590E+000
  0.35717809E+000
  0.35718022E+000
  0.35718228E+000
  0.35718429E+000
  0.35718623E+000
  0.35718812E+000
  0.35718995E+000
  0.35719172E+000
  0.35719343E+000
  0.35719508E+000
