  0.44697894E+000
  0.44884749E+000
  0.45044511E+000
  0.45180472E+000
  0.45295983E+000
  0.45394032E+000
  0.45477346E+000
  0.45548157E+000
  0.45608317E+000
  0.45659364E+000
  0.45702734E+000
  0.45739773E+000
  0.45771044E+000
  0.45797699E+000
  0.45820573E+000
  0.45839910E+000
  0.45856154E+000
  0.45870452E+000
  0.45882410E+000
  0.45892506E+000
  0.45901055E+000
  0.45908357E+000
  0.45914269E+000
  0.45919489E+000
  0.45923729E+000
  0.45927477E+000
  0.45930605E+000
  0.45933096E+000
  0.45935194E+000
  0.45937030E+000
  0.45938470E+000
  0.45939621E+000
  0.45940651E+000
  0.45941557E+000
  0.45942235E+000
  0.45942862E+000
  0.45943337E+000
  0.45943770E+000
  0.45944128E+000
  0.45944463E+000
  0.45944775E+000
  0.45945053E+000
  0.45945332E+000
  0.45945609E+000
  0.45945841E+000
  0.45946079E+000
  0.45946308E+000
  0.45946546E+000
  0.45946797E+000
  0.45947018E+000
  0.45947236E+000
  0.45947439E+000
  0.45947689E+000
  0.45947932E+000
  0.45948188E+000
  0.45948425E+000
  0.45948694E+000
  0.45948953E+000
  0.45949196E+000
  0.45949445E+000
  0.45949718E+000
  0.45949966E+000
  0.45950225E+000
  0.45950435E+000
  0.45950704E+000
  0.45950968E+000
  0.45951220E+000
  0.45951474E+000
  0.45951726E+000
  0.45951961E+000
  0.45952231E+000
  0.45952489E+000
  0.45952699E+000
  0.45952914E+000
  0.45953135E+000
  0.45953363E+000
  0.45953589E+000
  0.45953801E+000
  0.45954008E+000
  0.45954212E+000
  0.45954436E+000
  0.45954626E+000
  0.45954814E+000
  0.45955024E+000
  0.45955212E+000
  0.45955390E+000
  0.45955579E+000
  0.45955691E+000
  0.45955876E+000
  0.45956059E+000
  0.45956245E+000
  0.45956404E+000
  0.45956595E+000
  0.45956778E+000
  0.45956959E+000
  0.45957154E+000
  0.45957349E+000
  0.45957537E+000
  0.45957727E+000
  0.45957924E+000
  0.45958112E+000
  0.45958308E+000
  0.45958507E+000
  0.45958711E+000
  0.45958918E+000
  0.45959131E+000
  0.45959342E+000
  0.45959558E+000
  0.45959784E+000
  0.45959995E+000
  0.45960223E+000
  0.45960456E+000
  0.45960693E+000
  0.45960935E+000
  0.45961171E+000
  0.45961421E+000
  0.45961675E+000
  0.45961934E+000
  0.45962197E+000
  0.45962464E+000
  0.45962725E+000
  0.45963001E+000
  0.45963278E+000
  0.45963562E+000
  0.45963849E+000
  0.45964142E+000
  0.45964437E+000
  0.45964736E+000
  0.45965039E+000
  0.45965345E+000
  0.45965655E+000
  0.45965969E+000
  0.45966285E+000
  0.45966605E+000
  0.45966927E+000
  0.45967252E+000
  0.45967579E+000
  0.45967908E+000
  0.45968240E+000
  0.45968573E+000
  0.45968908E+000
  0.45969244E+000
  0.45969582E+000
  0.45969920E+000
  0.45970259E+000
  0.45970599E+000
  0.45970938E+000
  0.45971278E+000
  0.45971616E+000
  0.45971955E+000
  0.45972293E+000
  0.45972630E+000
  0.45972964E+000
  0.45973299E+000
  0.45973632E+000
  0.45973963E+000
  0.45974292E+000
  0.45974619E+000
  0.45974943E+000
  0.45975264E+000
  0.45975582E+000
  0.45975897E+000
  0.45976209E+000
  0.45976517E+000
  0.45976821E+000
  0.45977121E+000
  0.45977417E+000
  0.45977709E+000
  0.45977996E+000
  0.45978279E+000
  0.45978557E+000
  0.45978831E+000
  0.45979100E+000
  0.45979363E+000
  0.45979622E+000
  0.45979875E+000
  0.45980124E+000
  0.45980367E+000
  0.45980604E+000
  0.45980837E+000
  0.45981064E+000
  0.45981285E+000
  0.45981501E+000
  0.45981712E+000
  0.45981917E+000
  0.45982117E+000
  0.45982312E+000
  0.45982501E+000
  0.45982685E+000
  0.45982863E+000
  0.45983036E+000
  0.45983204E+000
  0.45983367E+000
  0.45983525E+000
  0.45983677E+000
  0.45983825E+000
  0.45983968E+000
  0.45984106E+000
  0.45984238E+000
  0.45984365E+000
