 -0.93136838E+000 -0.83200798E+000 -0.54954850E+000 -0.18462065E+000 -0.52196989E-002  0.96542082E-003  0.91442160E+000  0.45470511E+001  0.88191833E+001  0.15860427E+002  0.21714189E+002
 -0.93147710E+000 -0.83223988E+000 -0.55018678E+000 -0.18563821E+000 -0.53760120E-002  0.93092657E-003  0.91120296E+000  0.45422219E+001  0.88121458E+001  0.15843836E+002  0.21698233E+002
 -0.93155150E+000 -0.83242016E+000 -0.55070013E+000 -0.18643807E+000 -0.54194064E-002  0.92027804E-003  0.90885111E+000  0.45381770E+001  0.88062566E+001  0.15829859E+002  0.21684878E+002
 -0.93160046E+000 -0.83255644E+000 -0.55110737E+000 -0.18706041E+000 -0.54282696E-002  0.91869207E-003  0.90717555E+000  0.45347842E+001  0.88013464E+001  0.15818098E+002  0.21673727E+002
 -0.93163118E+000 -0.83265624E+000 -0.55142577E+000 -0.18753706E+000 -0.54224451E-002  0.92065274E-003  0.90601759E+000  0.45319406E+001  0.87972612E+001  0.15808287E+002  0.21664469E+002
 -0.93164896E+000 -0.83272652E+000 -0.55167032E+000 -0.18789385E+000 -0.54098494E-002  0.92388921E-003  0.90524844E+000  0.45295658E+001  0.87938639E+001  0.15800241E+002  0.21656835E+002
 -0.93165762E+000 -0.83277338E+000 -0.55185371E+000 -0.18815195E+000 -0.53947191E-002  0.92739693E-003  0.90476581E+000  0.45275946E+001  0.87910359E+001  0.15793743E+002  0.21650609E+002
 -0.93165988E+000 -0.83280190E+000 -0.55198654E+000 -0.18832892E+000 -0.53791163E-002  0.93076918E-003  0.90448303E+000  0.45259762E+001  0.87886775E+001  0.15788556E+002  0.21645583E+002
 -0.93165769E+000 -0.83281629E+000 -0.55207767E+000 -0.18843933E+000 -0.53640101E-002  0.93385271E-003  0.90433308E+000  0.45246691E+001  0.87867087E+001  0.15784476E+002  0.21641578E+002
 -0.93165241E+000 -0.83281989E+000 -0.55213447E+000 -0.18849542E+000 -0.53498590E-002  0.93662326E-003  0.90428239E+000  0.45236355E+001  0.87850671E+001  0.15781327E+002  0.21638430E+002
 -0.93164506E+000 -0.83281536E+000 -0.55216306E+000 -0.18850771E+000 -0.53368112E-002  0.93909937E-003  0.90430875E+000  0.45228414E+001  0.87837058E+001  0.15778958E+002  0.21636001E+002
 -0.93163632E+000 -0.83280477E+000 -0.55216853E+000 -0.18848448E+000 -0.53248112E-002  0.94128421E-003  0.90439193E+000  0.45222560E+001  0.87825906E+001  0.15777241E+002  0.21634186E+002
 -0.93162670E+000 -0.83278971E+000 -0.55215512E+000 -0.18843261E+000 -0.53136733E-002  0.94319105E-003  0.90451956E+000  0.45218513E+001  0.87816959E+001  0.15776063E+002  0.21632895E+002
 -0.93161656E+000 -0.83277144E+000 -0.55212635E+000 -0.18835780E+000 -0.53035716E-002  0.94486610E-003  0.90468200E+000  0.45216020E+001  0.87810027E+001  0.15775348E+002  0.21632053E+002
 -0.93160615E+000 -0.83275089E+000 -0.55208517E+000 -0.18826481E+000 -0.52945356E-002  0.94634636E-003  0.90487151E+000  0.45214861E+001  0.87804952E+001  0.15775012E+002  0.21631596E+002
 -0.93159565E+000 -0.83272880E+000 -0.55203404E+000 -0.18815760E+000 -0.52865167E-002  0.94766219E-003  0.90508187E+000  0.45214844E+001  0.87801597E+001  0.15774984E+002  0.21631469E+002
 -0.93158519E+000 -0.83270573E+000 -0.55197502E+000 -0.18803950E+000 -0.52794311E-002  0.94883866E-003  0.90530803E+000  0.45215802E+001  0.87799830E+001  0.15775203E+002  0.21631628E+002
 -0.93157484E+000 -0.83268211E+000 -0.55190982E+000 -0.18791327E+000 -0.52731828E-002  0.94989638E-003  0.90554590E+000  0.45217595E+001  0.87799521E+001  0.15775618E+002  0.21632032E+002
 -0.93156467E+000 -0.83265825E+000 -0.55183987E+000 -0.18778120E+000 -0.52676755E-002  0.95085242E-003  0.90579223E+000  0.45220104E+001  0.87800539E+001  0.15776188E+002  0.21632650E+002
 -0.93155473E+000 -0.83263439E+000 -0.55176636E+000 -0.18764522E+000 -0.52628194E-002  0.95172089E-003  0.90604436E+000  0.45223228E+001  0.87802756E+001  0.15776881E+002  0.21633455E+002
 -0.93154503E+000 -0.83261073E+000 -0.55169028E+000 -0.18750694E+000 -0.52585330E-002  0.95251356E-003  0.90630017E+000  0.45226881E+001  0.87806044E+001  0.15777673E+002  0.21634423E+002
 -0.93153560E+000 -0.83258739E+000 -0.55161246E+000 -0.18736771E+000 -0.52547443E-002  0.95324031E-003  0.90655798E+000  0.45230988E+001  0.87810283E+001  0.15778544E+002  0.21635534E+002
 -0.93152644E+000 -0.83256446E+000 -0.55153357E+000 -0.18722866E+000 -0.52513901E-002  0.95390946E-003  0.90681644E+000  0.45235486E+001  0.87815361E+001  0.15779484E+002  0.21636773E+002
 -0.93151757E+000 -0.83254200E+000 -0.55145417E+000 -0.18709074E+000 -0.52484152E-002  0.95452807E-003  0.90707451E+000  0.45240321E+001  0.87821172E+001  0.15780485E+002  0.21638125E+002
 -0.93150898E+000 -0.83252006E+000 -0.55137473E+000 -0.18695474E+000 -0.52457716E-002  0.95510219E-003  0.90733136E+000  0.45245444E+001  0.87827624E+001  0.15781543E+002  0.21639579E+002
 -0.93150068E+000 -0.83249866E+000 -0.55129563E+000 -0.18682133E+000 -0.52434179E-002  0.95563697E-003  0.90758620E+000  0.45250813E+001  0.87834631E+001  0.15782661E+002  0.21641124E+002
 -0.93149265E+000 -0.83247780E+000 -0.55121718E+000 -0.18669106E+000 -0.52413178E-002  0.95613687E-003  0.90783868E+000  0.45256390E+001  0.87842121E+001  0.15783839E+002  0.21642754E+002
 -0.93148490E+000 -0.83245748E+000 -0.55113963E+000 -0.18656440E+000 -0.52392261E-002  0.95663292E-003  0.90808854E+000  0.45262144E+001  0.87850029E+001  0.15785082E+002  0.21644460E+002
 -0.93147741E+000 -0.83243769E+000 -0.55106319E+000 -0.18644172E+000 -0.52371131E-002  0.95712747E-003  0.90833559E+000  0.45268043E+001  0.87858298E+001  0.15786395E+002  0.21646237E+002
 -0.93147018E+000 -0.83241841E+000 -0.55098801E+000 -0.18632332E+000 -0.52350483E-002  0.95761086E-003  0.90857971E+000  0.45274063E+001  0.87866880E+001  0.15787782E+002  0.21648080E+002
 -0.93146320E+000 -0.83239961E+000 -0.55091423E+000 -0.18620944E+000 -0.52330844E-002  0.95807641E-003  0.90882085E+000  0.45280179E+001  0.87875734E+001  0.15789246E+002  0.21649984E+002
 -0.93145646E+000 -0.83238127E+000 -0.55084195E+000 -0.18610028E+000 -0.52312584E-002  0.95851984E-003  0.90905896E+000  0.45286370E+001  0.87884822E+001  0.15790791E+002  0.21651946E+002
 -0.93144994E+000 -0.83236337E+000 -0.55077124E+000 -0.18599594E+000 -0.52295931E-002  0.95893875E-003  0.90929406E+000  0.45292620E+001  0.87894112E+001  0.15792418E+002  0.21653963E+002
 -0.93144363E+000 -0.83234586E+000 -0.55070217E+000 -0.18589650E+000 -0.52280999E-002  0.95933217E-003  0.90952614E+000  0.45298910E+001  0.87903577E+001  0.15794126E+002  0.21656029E+002
 -0.93143753E+000 -0.83232874E+000 -0.55063476E+000 -0.18580201E+000 -0.52267812E-002  0.95970016E-003  0.90975522E+000  0.45305227E+001  0.87913192E+001  0.15795913E+002  0.21658143E+002
 -0.93143162E+000 -0.83231196E+000 -0.55056907E+000 -0.18571245E+000 -0.52256324E-002  0.96004355E-003  0.90998130E+000  0.45311558E+001  0.87922932E+001  0.15797776E+002  0.21660302E+002
 -0.93142589E+000 -0.83229551E+000 -0.55050510E+000 -0.18562777E+000 -0.52246443E-002  0.96036362E-003  0.91020439E+000  0.45317893E+001  0.87932777E+001  0.15799710E+002  0.21662500E+002
 -0.93142033E+000 -0.83227936E+000 -0.55044288E+000 -0.18554790E+000 -0.52238045E-002  0.96066195E-003  0.91042445E+000  0.45324220E+001  0.87942706E+001  0.15801709E+002  0.21664735E+002
 -0.93141494E+000 -0.83226350E+000 -0.55038243E+000 -0.18547272E+000 -0.52230991E-002  0.96094027E-003  0.91064145E+000  0.45330532E+001  0.87952699E+001  0.15803766E+002  0.21667002E+002
 -0.93140970E+000 -0.83224792E+000 -0.55032375E+000 -0.18540211E+000 -0.52225133E-002  0.96120031E-003  0.91085531E+000  0.45336821E+001  0.87962737E+001  0.15805872E+002  0.21669296E+002
 -0.93140460E+000 -0.83223260E+000 -0.55026685E+000 -0.18533590E+000 -0.52220325E-002  0.96144378E-003  0.91106594E+000  0.45343078E+001  0.87972801E+001  0.15808021E+002  0.21671612E+002
 -0.93139964E+000 -0.83221754E+000 -0.55021176E+000 -0.18527393E+000 -0.52216428E-002  0.96167223E-003  0.91127323E+000  0.45349297E+001  0.87982870E+001  0.15810203E+002  0.21673944E+002
 -0.93139482E+000 -0.83220275E+000 -0.55015848E+000 -0.18521601E+000 -0.52213313E-002  0.96188708E-003  0.91147703E+000  0.45355470E+001  0.87992926E+001  0.15812411E+002  0.21676285E+002
 -0.93139013E+000 -0.83218821E+000 -0.55010704E+000 -0.18516195E+000 -0.52210866E-002  0.96208960E-003  0.91167717E+000  0.45361592E+001  0.88002948E+001  0.15814637E+002  0.21678629E+002
 -0.93138556E+000 -0.83217396E+000 -0.55005745E+000 -0.18511156E+000 -0.52208985E-002  0.96228086E-003  0.91187346E+000  0.45367656E+001  0.88012919E+001  0.15816872E+002  0.21680968E+002
 -0.93138112E+000 -0.83215999E+000 -0.55000974E+000 -0.18506465E+000 -0.52207581E-002  0.96246177E-003  0.91206571E+000  0.45373655E+001  0.88022817E+001  0.15819111E+002  0.21683295E+002
 -0.93137680E+000 -0.83214632E+000 -0.54996394E+000 -0.18502102E+000 -0.52206581E-002  0.96263309E-003  0.91225370E+000  0.45379581E+001  0.88032623E+001  0.15821347E+002  0.21685601E+002
 -0.93137262E+000 -0.83213298E+000 -0.54992006E+000 -0.18498048E+000 -0.52205923E-002  0.96279542E-003  0.91243721E+000  0.45385428E+001  0.88042320E+001  0.15823572E+002  0.21687878E+002
 -0.93136857E+000 -0.83211999E+000 -0.54987813E+000 -0.18494286E+000 -0.52205556E-002  0.96294926E-003  0.91261600E+000  0.45391189E+001  0.88051890E+001  0.15825781E+002  0.21690118E+002
 -0.93136466E+000 -0.83210737E+000 -0.54983819E+000 -0.18490799E+000 -0.52205438E-002  0.96309496E-003  0.91278984E+000  0.45396856E+001  0.88061313E+001  0.15827968E+002  0.21692314E+002
 -0.93136089E+000 -0.83209516E+000 -0.54980025E+000 -0.18487569E+000 -0.52205536E-002  0.96323282E-003  0.91295851E+000  0.45402422E+001  0.88070575E+001  0.15830127E+002  0.21694457E+002
 -0.93135727E+000 -0.83208337E+000 -0.54976432E+000 -0.18484582E+000 -0.52205825E-002  0.96336307E-003  0.91312179E+000  0.45407879E+001  0.88079658E+001  0.15832254E+002  0.21696541E+002
 -0.93135382E+000 -0.83207204E+000 -0.54973043E+000 -0.18481824E+000 -0.52206282E-002  0.96348587E-003  0.91327947E+000  0.45413220E+001  0.88088549E+001  0.15834343E+002  0.21698558E+002
 -0.93135053E+000 -0.83206119E+000 -0.54969858E+000 -0.18479281E+000 -0.52206891E-002  0.96360134E-003  0.91343134E+000  0.45418437E+001  0.88097232E+001  0.15836388E+002  0.21700501E+002
 -0.93134742E+000 -0.83205086E+000 -0.54966878E+000 -0.18476941E+000 -0.52207639E-002  0.96370960E-003  0.91357724E+000  0.45423522E+001  0.88105694E+001  0.15838385E+002  0.21702366E+002
 -0.93134449E+000 -0.83204106E+000 -0.54964102E+000 -0.18474791E+000 -0.52208515E-002  0.96381074E-003  0.91371700E+000  0.45428469E+001  0.88113921E+001  0.15840328E+002  0.21704146E+002
 -0.93134176E+000 -0.83203181E+000 -0.54961528E+000 -0.18472822E+000 -0.52209510E-002  0.96390483E-003  0.91385048E+000  0.45433270E+001  0.88121901E+001  0.15842213E+002  0.21705838E+002
 -0.93133922E+000 -0.83202313E+000 -0.54959154E+000 -0.18471022E+000 -0.52209590E-002  0.96400401E-003  0.91397758E+000  0.45437917E+001  0.88129622E+001  0.15844035E+002  0.21707438E+002
 -0.93133690E+000 -0.83201503E+000 -0.54956978E+000 -0.18469383E+000 -0.52208996E-002  0.96410511E-003  0.91409820E+000  0.45442405E+001  0.88137070E+001  0.15845789E+002  0.21708942E+002
 -0.93133478E+000 -0.83200753E+000 -0.54954994E+000 -0.18467895E+000 -0.52208069E-002  0.96420418E-003  0.91421230E+000  0.45446726E+001  0.88144234E+001  0.15847472E+002  0.21710349E+002
 -0.93133287E+000 -0.83200062E+000 -0.54953199E+000 -0.18466550E+000 -0.52207012E-002  0.96429904E-003  0.91431984E+000  0.45450874E+001  0.88151103E+001  0.15849078E+002  0.21711657E+002
 -0.93133118E+000 -0.83199430E+000 -0.54951587E+000 -0.18465340E+000 -0.52205938E-002  0.96438853E-003  0.91442081E+000  0.45454842E+001  0.88157664E+001  0.15850605E+002  0.21712866E+002
 -0.93132971E+000 -0.83198858E+000 -0.54950151E+000 -0.18464257E+000 -0.52204909E-002  0.96447212E-003  0.91451524E+000  0.45458625E+001  0.88163907E+001  0.15852050E+002  0.21713975E+002
 -0.93132845E+000 -0.83198345E+000 -0.54948885E+000 -0.18463294E+000 -0.52203955E-002  0.96454961E-003  0.91460316E+000  0.45462217E+001  0.88169821E+001  0.15853410E+002  0.21714986E+002
 -0.93132740E+000 -0.83197889E+000 -0.54947781E+000 -0.18462445E+000 -0.52203089E-002  0.96462100E-003  0.91468463E+000  0.45465612E+001  0.88175397E+001  0.15854682E+002  0.21715899E+002
 -0.93132657E+000 -0.83197488E+000 -0.54946832E+000 -0.18461702E+000 -0.52202316E-002  0.96468639E-003  0.91475974E+000  0.45468806E+001  0.88180626E+001  0.15855867E+002  0.21716717E+002
 -0.93132594E+000 -0.83197143E+000 -0.54946031E+000 -0.18461060E+000 -0.52201638E-002  0.96474597E-003  0.91482858E+000  0.45471795E+001  0.88185502E+001  0.15856963E+002  0.21717442E+002
 -0.93132552E+000 -0.83196849E+000 -0.54945368E+000 -0.18460514E+000 -0.52201051E-002  0.96479992E-003  0.91489124E+000  0.45474575E+001  0.88190020E+001  0.15857969E+002  0.21718078E+002
 -0.93132529E+000 -0.83196606E+000 -0.54944835E+000 -0.18460056E+000 -0.52200553E-002  0.96484847E-003  0.91494786E+000  0.45477142E+001  0.88194175E+001  0.15858888E+002  0.21718629E+002
 -0.93132525E+000 -0.83196412E+000 -0.54944425E+000 -0.18459683E+000 -0.52200139E-002  0.96489185E-003  0.91499854E+000  0.45479496E+001  0.88197967E+001  0.15859719E+002  0.21719098E+002
 -0.93132540E+000 -0.83196263E+000 -0.54944130E+000 -0.18459389E+000 -0.52199806E-002  0.96493029E-003  0.91504342E+000  0.45481635E+001  0.88201397E+001  0.15860466E+002  0.21719490E+002
 -0.93132572E+000 -0.83196157E+000 -0.54943940E+000 -0.18459169E+000 -0.52199550E-002  0.96496403E-003  0.91508263E+000  0.45483559E+001  0.88204468E+001  0.15861130E+002  0.21719809E+002
 -0.93132621E+000 -0.83196093E+000 -0.54943850E+000 -0.18459019E+000 -0.52199366E-002  0.96499329E-003  0.91511632E+000  0.45485269E+001  0.88207186E+001  0.15861714E+002  0.21720060E+002
 -0.93132687E+000 -0.83196068E+000 -0.54943851E+000 -0.18458935E+000 -0.52199250E-002  0.96501830E-003  0.91514464E+000  0.45486768E+001  0.88209560E+001  0.15862222E+002  0.21720249E+002
 -0.93132767E+000 -0.83196080E+000 -0.54943935E+000 -0.18458911E+000 -0.52199197E-002  0.96503931E-003  0.91516776E+000  0.45488061E+001  0.88211600E+001  0.15862658E+002  0.21720381E+002
 -0.93132863E+000 -0.83196125E+000 -0.54944097E+000 -0.18458945E+000 -0.52199203E-002  0.96505652E-003  0.91518585E+000  0.45489151E+001  0.88213319E+001  0.15863025E+002  0.21720460E+002
 -0.93132972E+000 -0.83196202E+000 -0.54944329E+000 -0.18459031E+000 -0.52199263E-002  0.96507017E-003  0.91519911E+000  0.45490048E+001  0.88214731E+001  0.15863329E+002  0.21720491E+002
 -0.93133094E+000 -0.83196308E+000 -0.54944624E+000 -0.18459166E+000 -0.52199373E-002  0.96508050E-003  0.91520775E+000  0.45490757E+001  0.88215854E+001  0.15863573E+002  0.21720481E+002
 -0.93133227E+000 -0.83196441E+000 -0.54944976E+000 -0.18459345E+000 -0.52199527E-002  0.96508774E-003  0.91521200E+000  0.45491289E+001  0.88216706E+001  0.15863762E+002  0.21720432E+002
 -0.93133372E+000 -0.83196599E+000 -0.54945379E+000 -0.18459565E+000 -0.52199720E-002  0.96509213E-003  0.91521211E+000  0.45491654E+001  0.88217305E+001  0.15863902E+002  0.21720351E+002
 -0.93133526E+000 -0.83196778E+000 -0.54945826E+000 -0.18459820E+000 -0.52199948E-002  0.96509391E-003  0.91520834E+000  0.45491863E+001  0.88217671E+001  0.15863997E+002  0.21720242E+002
 -0.93133688E+000 -0.83196976E+000 -0.54946311E+000 -0.18460106E+000 -0.52200204E-002  0.96509335E-003  0.91520099E+000  0.45491929E+001  0.88217826E+001  0.15864051E+002  0.21720107E+002
 -0.93133857E+000 -0.83197191E+000 -0.54946828E+000 -0.18460419E+000 -0.52200484E-002  0.96509070E-003  0.91519036E+000  0.45491864E+001  0.88217790E+001  0.15864069E+002  0.21719953E+002
 -0.93134033E+000 -0.83197420E+000 -0.54947370E+000 -0.18460755E+000 -0.52200782E-002  0.96508623E-003  0.91517676E+000  0.45491680E+001  0.88217585E+001  0.15864055E+002  0.21719782E+002
 -0.93134212E+000 -0.83197660E+000 -0.54947933E+000 -0.18461108E+000 -0.52201093E-002  0.96508020E-003  0.91516052E+000  0.45491392E+001  0.88217230E+001  0.15864014E+002  0.21719597E+002
 -0.93134395E+000 -0.83197909E+000 -0.54948511E+000 -0.18461474E+000 -0.52201412E-002  0.96507289E-003  0.91514198E+000  0.45491013E+001  0.88216746E+001  0.15863950E+002  0.21719403E+002
 -0.93134580E+000 -0.83198164E+000 -0.54949097E+000 -0.18461850E+000 -0.52201734E-002  0.96506455E-003  0.91512146E+000  0.45490554E+001  0.88216153E+001  0.15863866E+002  0.21719201E+002
 -0.93134765E+000 -0.83198422E+000 -0.54949686E+000 -0.18462229E+000 -0.52202054E-002  0.96505545E-003  0.91509929E+000  0.45490030E+001  0.88215468E+001  0.15863765E+002  0.21718994E+002
 -0.93134949E+000 -0.83198682E+000 -0.54950274E+000 -0.18462609E+000 -0.52202368E-002  0.96504584E-003  0.91507579E+000  0.45489450E+001  0.88214709E+001  0.15863651E+002  0.21718785E+002
 -0.93135131E+000 -0.83198941E+000 -0.54950856E+000 -0.18462985E+000 -0.52202671E-002  0.96503595E-003  0.91505127E+000  0.45488828E+001  0.88213892E+001  0.15863527E+002  0.21718575E+002
 -0.93135310E+000 -0.83199197E+000 -0.54951427E+000 -0.18463354E+000 -0.52202962E-002  0.96502600E-003  0.91502601E+000  0.45488173E+001  0.88213031E+001  0.15863395E+002  0.21718366E+002
 -0.93135485E+000 -0.83199447E+000 -0.54951984E+000 -0.18463712E+000 -0.52203235E-002  0.96501619E-003  0.91500028E+000  0.45487494E+001  0.88212139E+001  0.15863257E+002  0.21718160E+002
 -0.93135654E+000 -0.83199691E+000 -0.54952522E+000 -0.18464057E+000 -0.52203489E-002  0.96500670E-003  0.91497432E+000  0.45486801E+001  0.88211230E+001  0.15863116E+002  0.21717958E+002
 -0.93135817E+000 -0.83199926E+000 -0.54953039E+000 -0.18464386E+000 -0.52203722E-002  0.96499770E-003  0.91494835E+000  0.45486101E+001  0.88210312E+001  0.15862974E+002  0.21717761E+002
 -0.93135973E+000 -0.83200152E+000 -0.54953533E+000 -0.18464697E+000 -0.52203932E-002  0.96498932E-003  0.91492257E+000  0.45485400E+001  0.88209395E+001  0.15862830E+002  0.21717570E+002
 -0.93136122E+000 -0.83200366E+000 -0.54954001E+000 -0.18464989E+000 -0.52204117E-002  0.96498167E-003  0.91489715E+000  0.45484705E+001  0.88208487E+001  0.15862689E+002  0.21717386E+002
 -0.93136262E+000 -0.83200569E+000 -0.54954442E+000 -0.18465259E+000 -0.52204278E-002  0.96497485E-003  0.91487222E+000  0.45484021E+001  0.88207594E+001  0.15862549E+002  0.21717209E+002
 -0.93136394E+000 -0.83200759E+000 -0.54954854E+000 -0.18465507E+000 -0.52204413E-002  0.96496893E-003  0.91484791E+000  0.45483351E+001  0.88206722E+001  0.15862412E+002  0.21717039E+002
 -0.93136518E+000 -0.83200937E+000 -0.54955237E+000 -0.18465733E+000 -0.52204522E-002  0.96496394E-003  0.91482430E+000  0.45482699E+001  0.88205875E+001  0.15862279E+002  0.21716877E+002
 -0.93136633E+000 -0.83201101E+000 -0.54955590E+000 -0.18465935E+000 -0.52204607E-002  0.96495994E-003  0.91480148E+000  0.45482067E+001  0.88205056E+001  0.15862151E+002  0.21716723E+002
 -0.93136739E+000 -0.83201252E+000 -0.54955914E+000 -0.18466115E+000 -0.52204667E-002  0.96495693E-003  0.91477949E+000  0.45481458E+001  0.88204268E+001  0.15862028E+002  0.21716577E+002
 -0.93136837E+000 -0.83201389E+000 -0.54956208E+000 -0.18466271E+000 -0.52204703E-002  0.96495491E-003  0.91475837E+000  0.45480872E+001  0.88203513E+001  0.15861909E+002  0.21716439E+002
 -0.93136926E+000 -0.83201513E+000 -0.54956473E+000 -0.18466405E+000 -0.52204716E-002  0.96495387E-003  0.91473813E+000  0.45480312E+001  0.88202791E+001  0.15861796E+002  0.21716308E+002
 -0.93137006E+000 -0.83201624E+000 -0.54956710E+000 -0.18466517E+000 -0.52204708E-002  0.96495378E-003  0.91471880E+000  0.45479776E+001  0.88202104E+001  0.15861689E+002  0.21716185E+002
 -0.93137078E+000 -0.83201722E+000 -0.54956920E+000 -0.18466608E+000 -0.52204679E-002  0.96495461E-003  0.91470035E+000  0.45479266E+001  0.88201451E+001  0.15861586E+002  0.21716069E+002
 -0.93137143E+000 -0.83201809E+000 -0.54957104E+000 -0.18466679E+000 -0.52204631E-002  0.96495632E-003  0.91468278E+000  0.45478781E+001  0.88200832E+001  0.15861490E+002  0.21715961E+002
 -0.93137200E+000 -0.83201883E+000 -0.54957262E+000 -0.18466731E+000 -0.52204566E-002  0.96495886E-003  0.91466606E+000  0.45478321E+001  0.88200246E+001  0.15861398E+002  0.21715858E+002
 -0.93137249E+000 -0.83201947E+000 -0.54957397E+000 -0.18466764E+000 -0.52204484E-002  0.96496219E-003  0.91465018E+000  0.45477884E+001  0.88199692E+001  0.15861312E+002  0.21715763E+002
 -0.93137292E+000 -0.83201999E+000 -0.54957510E+000 -0.18466780E+000 -0.52204387E-002  0.96496624E-003  0.91463509E+000  0.45477471E+001  0.88199170E+001  0.15861231E+002  0.21715673E+002
 -0.93137329E+000 -0.83202042E+000 -0.54957601E+000 -0.18466780E+000 -0.52204277E-002  0.96497097E-003  0.91462077E+000  0.45477080E+001  0.88198677E+001  0.15861155E+002  0.21715589E+002
 -0.93137359E+000 -0.83202076E+000 -0.54957673E+000 -0.18466765E+000 -0.52204155E-002  0.96497632E-003  0.91460718E+000  0.45476710E+001  0.88198214E+001  0.15861084E+002  0.21715511E+002
 -0.93137384E+000 -0.83202101E+000 -0.54957727E+000 -0.18466736E+000 -0.52204021E-002  0.96498222E-003  0.91459427E+000  0.45476361E+001  0.88197777E+001  0.15861017E+002  0.21715438E+002
 -0.93137404E+000 -0.83202118E+000 -0.54957763E+000 -0.18466694E+000 -0.52203879E-002  0.96498864E-003  0.91458203E+000  0.45476030E+001  0.88197366E+001  0.15860954E+002  0.21715369E+002
 -0.93137419E+000 -0.83202127E+000 -0.54957785E+000 -0.18466641E+000 -0.52203728E-002  0.96499550E-003  0.91457040E+000  0.45475718E+001  0.88196979E+001  0.15860895E+002  0.21715305E+002
 -0.93137430E+000 -0.83202130E+000 -0.54957792E+000 -0.18466577E+000 -0.52203570E-002  0.96500277E-003  0.91455935E+000  0.45475423E+001  0.88196616E+001  0.15860840E+002  0.21715244E+002
 -0.93137436E+000 -0.83202127E+000 -0.54957786E+000 -0.18466503E+000 -0.52203406E-002  0.96501039E-003  0.91454885E+000  0.45475144E+001  0.88196273E+001  0.15860788E+002  0.21715188E+002
 -0.93137439E+000 -0.83202118E+000 -0.54957768E+000 -0.18466421E+000 -0.52203237E-002  0.96501832E-003  0.91453887E+000  0.45474880E+001  0.88195951E+001  0.15860740E+002  0.21715136E+002
 -0.93137438E+000 -0.83202104E+000 -0.54957740E+000 -0.18466332E+000 -0.52203064E-002  0.96502651E-003  0.91452937E+000  0.45474630E+001  0.88195647E+001  0.15860695E+002  0.21715086E+002
 -0.93137435E+000 -0.83202085E+000 -0.54957702E+000 -0.18466236E+000 -0.52202888E-002  0.96503493E-003  0.91452032E+000  0.45474394E+001  0.88195361E+001  0.15860653E+002  0.21715040E+002
 -0.93137429E+000 -0.83202063E+000 -0.54957656E+000 -0.18466134E+000 -0.52202710E-002  0.96504352E-003  0.91451170E+000  0.45474170E+001  0.88195092E+001  0.15860613E+002  0.21714996E+002
 -0.93137420E+000 -0.83202037E+000 -0.54957603E+000 -0.18466027E+000 -0.52202530E-002  0.96505227E-003  0.91450349E+000  0.45473957E+001  0.88194837E+001  0.15860576E+002  0.21714956E+002
 -0.93137409E+000 -0.83202008E+000 -0.54957543E+000 -0.18465916E+000 -0.52202350E-002  0.96506114E-003  0.91449565E+000  0.45473755E+001  0.88194597E+001  0.15860542E+002  0.21714917E+002
 -0.93137397E+000 -0.83201976E+000 -0.54957477E+000 -0.18465801E+000 -0.52202169E-002  0.96507009E-003  0.91448818E+000  0.45473563E+001  0.88194370E+001  0.15860510E+002  0.21714881E+002
 -0.93137383E+000 -0.83201942E+000 -0.54957407E+000 -0.18465684E+000 -0.52201989E-002  0.96507910E-003  0.91448104E+000  0.45473381E+001  0.88194156E+001  0.15860479E+002  0.21714847E+002
 -0.93137367E+000 -0.83201907E+000 -0.54957333E+000 -0.18465565E+000 -0.52201810E-002  0.96508815E-003  0.91447422E+000  0.45473207E+001  0.88193953E+001  0.15860451E+002  0.21714815E+002
 -0.93137351E+000 -0.83201870E+000 -0.54957255E+000 -0.18465444E+000 -0.52201632E-002  0.96509721E-003  0.91446770E+000  0.45473042E+001  0.88193761E+001  0.15860424E+002  0.21714785E+002
 -0.93137334E+000 -0.83201832E+000 -0.54957175E+000 -0.18465322E+000 -0.52201456E-002  0.96510627E-003  0.91446148E+000  0.45472884E+001  0.88193578E+001  0.15860399E+002  0.21714756E+002
 -0.93137316E+000 -0.83201792E+000 -0.54957093E+000 -0.18465200E+000 -0.52201283E-002  0.96511530E-003  0.91445553E+000  0.45472734E+001  0.88193406E+001  0.15860376E+002  0.21714729E+002
 -0.93137297E+000 -0.83201753E+000 -0.54957010E+000 -0.18465078E+000 -0.52201112E-002  0.96512429E-003  0.91444984E+000  0.45472591E+001  0.88193242E+001  0.15860354E+002  0.21714703E+002
 -0.93137278E+000 -0.83201713E+000 -0.54956926E+000 -0.18464957E+000 -0.52200944E-002  0.96513323E-003  0.91444441E+000  0.45472455E+001  0.88193086E+001  0.15860333E+002  0.21714679E+002
 -0.93137259E+000 -0.83201673E+000 -0.54956841E+000 -0.18464836E+000 -0.52200779E-002  0.96514210E-003  0.91443922E+000  0.45472324E+001  0.88192939E+001  0.15860314E+002  0.21714656E+002
 -0.93137240E+000 -0.83201633E+000 -0.54956756E+000 -0.18464717E+000 -0.52200617E-002  0.96515089E-003  0.91443426E+000  0.45472199E+001  0.88192798E+001  0.15860296E+002  0.21714634E+002
 -0.93137220E+000 -0.83201594E+000 -0.54956672E+000 -0.18464599E+000 -0.52200459E-002  0.96515959E-003  0.91442953E+000  0.45472080E+001  0.88192665E+001  0.15860279E+002  0.21714613E+002
 -0.93137201E+000 -0.83201555E+000 -0.54956588E+000 -0.18464484E+000 -0.52200305E-002  0.96516819E-003  0.91442502E+000  0.45471967E+001  0.88192538E+001  0.15860262E+002  0.21714593E+002
 -0.93137182E+000 -0.83201516E+000 -0.54956506E+000 -0.18464370E+000 -0.52200155E-002  0.96517669E-003  0.91442073E+000  0.45471858E+001  0.88192418E+001  0.15860247E+002  0.21714574E+002
 -0.93137164E+000 -0.83201478E+000 -0.54956425E+000 -0.18464259E+000 -0.52200009E-002  0.96518506E-003  0.91441663E+000  0.45471754E+001  0.88192304E+001  0.15860233E+002  0.21714555E+002
 -0.93137146E+000 -0.83201442E+000 -0.54956345E+000 -0.18464151E+000 -0.52199866E-002  0.96519332E-003  0.91441274E+000  0.45471655E+001  0.88192195E+001  0.15860220E+002  0.21714538E+002
 -0.93137128E+000 -0.83201406E+000 -0.54956267E+000 -0.18464045E+000 -0.52199728E-002  0.96520145E-003  0.91440904E+000  0.45471560E+001  0.88192092E+001  0.15860208E+002  0.21714522E+002
 -0.93137111E+000 -0.83201371E+000 -0.54956191E+000 -0.18463943E+000 -0.52199594E-002  0.96520944E-003  0.91440553E+000  0.45471470E+001  0.88191994E+001  0.15860196E+002  0.21714506E+002
 -0.93137094E+000 -0.83201337E+000 -0.54956118E+000 -0.18463844E+000 -0.52199465E-002  0.96521729E-003  0.91440221E+000  0.45471383E+001  0.88191901E+001  0.15860185E+002  0.21714491E+002
 -0.93137078E+000 -0.83201305E+000 -0.54956046E+000 -0.18463748E+000 -0.52199339E-002  0.96522500E-003  0.91439907E+000  0.45471301E+001  0.88191813E+001  0.15860175E+002  0.21714476E+002
 -0.93137062E+000 -0.83201274E+000 -0.54955977E+000 -0.18463655E+000 -0.52199218E-002  0.96523256E-003  0.91439610E+000  0.45471222E+001  0.88191730E+001  0.15860166E+002  0.21714462E+002
 -0.93137047E+000 -0.83201243E+000 -0.54955911E+000 -0.18463565E+000 -0.52199101E-002  0.96523997E-003  0.91439331E+000  0.45471148E+001  0.88191652E+001  0.15860157E+002  0.21714449E+002
 -0.93137033E+000 -0.83201215E+000 -0.54955846E+000 -0.18463479E+000 -0.52198989E-002  0.96524723E-003  0.91439069E+000  0.45471077E+001  0.88191577E+001  0.15860149E+002  0.21714436E+002
 -0.93137020E+000 -0.83201187E+000 -0.54955785E+000 -0.18463396E+000 -0.52198880E-002  0.96525432E-003  0.91438823E+000  0.45471009E+001  0.88191507E+001  0.15860141E+002  0.21714424E+002
 -0.93137007E+000 -0.83201161E+000 -0.54955726E+000 -0.18463317E+000 -0.52198776E-002  0.96526126E-003  0.91438594E+000  0.45470945E+001  0.88191442E+001  0.15860135E+002  0.21714412E+002
 -0.93136994E+000 -0.83201136E+000 -0.54955669E+000 -0.18463241E+000 -0.52198676E-002  0.96526803E-003  0.91438380E+000  0.45470884E+001  0.88191380E+001  0.15860128E+002  0.21714401E+002
 -0.93136983E+000 -0.83201112E+000 -0.54955615E+000 -0.18463168E+000 -0.52198581E-002  0.96527463E-003  0.91438181E+000  0.45470826E+001  0.88191322E+001  0.15860123E+002  0.21714391E+002
 -0.93136971E+000 -0.83201089E+000 -0.54955564E+000 -0.18463099E+000 -0.52198489E-002  0.96528106E-003  0.91437997E+000  0.45470771E+001  0.88191268E+001  0.15860118E+002  0.21714380E+002
 -0.93136961E+000 -0.83201068E+000 -0.54955515E+000 -0.18463033E+000 -0.52198401E-002  0.96528732E-003  0.91437828E+000  0.45470720E+001  0.88191218E+001  0.15860113E+002  0.21714371E+002
 -0.93136951E+000 -0.83201048E+000 -0.54955469E+000 -0.18462971E+000 -0.52198317E-002  0.96529341E-003  0.91437673E+000  0.45470671E+001  0.88191171E+001  0.15860109E+002  0.21714361E+002
 -0.93136942E+000 -0.83201029E+000 -0.54955425E+000 -0.18462911E+000 -0.52198237E-002  0.96529932E-003  0.91437532E+000  0.45470625E+001  0.88191127E+001  0.15860106E+002  0.21714352E+002
 -0.93136933E+000 -0.83201011E+000 -0.54955383E+000 -0.18462854E+000 -0.52198160E-002  0.96530506E-003  0.91437404E+000  0.45470582E+001  0.88191087E+001  0.15860103E+002  0.21714344E+002
 -0.93136925E+000 -0.83200994E+000 -0.54955344E+000 -0.18462801E+000 -0.52198088E-002  0.96531063E-003  0.91437290E+000  0.45470541E+001  0.88191051E+001  0.15860100E+002  0.21714336E+002
 -0.93136918E+000 -0.83200979E+000 -0.54955307E+000 -0.18462750E+000 -0.52198018E-002  0.96531601E-003  0.91437188E+000  0.45470503E+001  0.88191017E+001  0.15860098E+002  0.21714328E+002
 -0.93136911E+000 -0.83200964E+000 -0.54955272E+000 -0.18462703E+000 -0.52197953E-002  0.96532122E-003  0.91437098E+000  0.45470468E+001  0.88190987E+001  0.15860097E+002  0.21714320E+002
 -0.93136904E+000 -0.83200950E+000 -0.54955240E+000 -0.18462657E+000 -0.52197890E-002  0.96532626E-003  0.91437020E+000  0.45470435E+001  0.88190959E+001  0.15860095E+002  0.21714313E+002
 -0.93136898E+000 -0.83200937E+000 -0.54955209E+000 -0.18462615E+000 -0.52197831E-002  0.96533112E-003  0.91436953E+000  0.45470404E+001  0.88190934E+001  0.15860095E+002  0.21714306E+002
 -0.93136892E+000 -0.83200925E+000 -0.54955180E+000 -0.18462575E+000 -0.52197775E-002  0.96533580E-003  0.91436897E+000  0.45470375E+001  0.88190912E+001  0.15860095E+002  0.21714300E+002
 -0.93136887E+000 -0.83200914E+000 -0.54955153E+000 -0.18462538E+000 -0.52197722E-002  0.96534031E-003  0.91436852E+000  0.45470349E+001  0.88190893E+001  0.15860095E+002  0.21714294E+002
 -0.93136882E+000 -0.83200904E+000 -0.54955128E+000 -0.18462502E+000 -0.52197672E-002  0.96534465E-003  0.91436817E+000  0.45470324E+001  0.88190876E+001  0.15860095E+002  0.21714288E+002
 -0.93136878E+000 -0.83200894E+000 -0.54955105E+000 -0.18462469E+000 -0.52197625E-002  0.96534882E-003  0.91436792E+000  0.45470302E+001  0.88190862E+001  0.15860096E+002  0.21714282E+002
 -0.93136874E+000 -0.83200885E+000 -0.54955083E+000 -0.18462439E+000 -0.52197581E-002  0.96535281E-003  0.91436776E+000  0.45470281E+001  0.88190850E+001  0.15860097E+002  0.21714277E+002
 -0.93136870E+000 -0.83200877E+000 -0.54955063E+000 -0.18462410E+000 -0.52197539E-002  0.96535664E-003  0.91436769E+000  0.45470263E+001  0.88190840E+001  0.15860099E+002  0.21714272E+002
 -0.93136867E+000 -0.83200870E+000 -0.54955044E+000 -0.18462383E+000 -0.52197500E-002  0.96536031E-003  0.91436770E+000  0.45470246E+001  0.88190832E+001  0.15860101E+002  0.21714267E+002
 -0.93136863E+000 -0.83200863E+000 -0.54955027E+000 -0.18462358E+000 -0.52197463E-002  0.96536382E-003  0.91436780E+000  0.45470230E+001  0.88190827E+001  0.15860103E+002  0.21714263E+002
 -0.93136861E+000 -0.83200857E+000 -0.54955011E+000 -0.18462335E+000 -0.52197428E-002  0.96536718E-003  0.91436797E+000  0.45470216E+001  0.88190823E+001  0.15860106E+002  0.21714258E+002
 -0.93136858E+000 -0.83200851E+000 -0.54954996E+000 -0.18462313E+000 -0.52197396E-002  0.96537037E-003  0.91436821E+000  0.45470204E+001  0.88190821E+001  0.15860108E+002  0.21714254E+002
 -0.93136856E+000 -0.83200845E+000 -0.54954983E+000 -0.18462293E+000 -0.52197366E-002  0.96537342E-003  0.91436852E+000  0.45470193E+001  0.88190821E+001  0.15860112E+002  0.21714250E+002
 -0.93136854E+000 -0.83200841E+000 -0.54954970E+000 -0.18462274E+000 -0.52197337E-002  0.96537631E-003  0.91436890E+000  0.45470184E+001  0.88190822E+001  0.15860115E+002  0.21714246E+002
 -0.93136852E+000 -0.83200836E+000 -0.54954959E+000 -0.18462257E+000 -0.52197311E-002  0.96537907E-003  0.91436934E+000  0.45470176E+001  0.88190826E+001  0.15860118E+002  0.21714243E+002
 -0.93136850E+000 -0.83200832E+000 -0.54954949E+000 -0.18462241E+000 -0.52197286E-002  0.96538168E-003  0.91436983E+000  0.45470169E+001  0.88190830E+001  0.15860122E+002  0.21714240E+002
 -0.93136848E+000 -0.83200829E+000 -0.54954939E+000 -0.18462226E+000 -0.52197263E-002  0.96538417E-003  0.91437038E+000  0.45470163E+001  0.88190836E+001  0.15860126E+002  0.21714236E+002
 -0.93136847E+000 -0.83200825E+000 -0.54954930E+000 -0.18462213E+000 -0.52197242E-002  0.96538652E-003  0.91437098E+000  0.45470158E+001  0.88190843E+001  0.15860131E+002  0.21714233E+002
 -0.93136846E+000 -0.83200822E+000 -0.54954923E+000 -0.18462200E+000 -0.52197222E-002  0.96538874E-003  0.91437163E+000  0.45470154E+001  0.88190852E+001  0.15860135E+002  0.21714231E+002
 -0.93136845E+000 -0.83200820E+000 -0.54954915E+000 -0.18462189E+000 -0.52197204E-002  0.96539084E-003  0.91437231E+000  0.45470151E+001  0.88190861E+001  0.15860139E+002  0.21714228E+002
 -0.93136844E+000 -0.83200817E+000 -0.54954909E+000 -0.18462178E+000 -0.52197187E-002  0.96539282E-003  0.91437304E+000  0.45470150E+001  0.88190872E+001  0.15860144E+002  0.21714225E+002
 -0.93136843E+000 -0.83200815E+000 -0.54954903E+000 -0.18462169E+000 -0.52197171E-002  0.96539469E-003  0.91437380E+000  0.45470148E+001  0.88190883E+001  0.15860149E+002  0.21714223E+002
 -0.93136842E+000 -0.83200814E+000 -0.54954898E+000 -0.18462160E+000 -0.52197157E-002  0.96539645E-003  0.91437459E+000  0.45470148E+001  0.88190895E+001  0.15860154E+002  0.21714221E+002
 -0.93136842E+000 -0.83200812E+000 -0.54954894E+000 -0.18462152E+000 -0.52197143E-002  0.96539811E-003  0.91437541E+000  0.45470149E+001  0.88190909E+001  0.15860159E+002  0.21714218E+002
 -0.93136841E+000 -0.83200811E+000 -0.54954890E+000 -0.18462145E+000 -0.52197131E-002  0.96539966E-003  0.91437626E+000  0.45470150E+001  0.88190923E+001  0.15860164E+002  0.21714216E+002
 -0.93136841E+000 -0.83200809E+000 -0.54954886E+000 -0.18462138E+000 -0.52197120E-002  0.96540112E-003  0.91437714E+000  0.45470152E+001  0.88190937E+001  0.15860169E+002  0.21714214E+002
 -0.93136841E+000 -0.83200808E+000 -0.54954883E+000 -0.18462132E+000 -0.52197110E-002  0.96540250E-003  0.91437803E+000  0.45470154E+001  0.88190952E+001  0.15860175E+002  0.21714213E+002
 -0.93136840E+000 -0.83200807E+000 -0.54954880E+000 -0.18462127E+000 -0.52197100E-002  0.96540378E-003  0.91437894E+000  0.45470157E+001  0.88190968E+001  0.15860180E+002  0.21714211E+002
 -0.93136840E+000 -0.83200807E+000 -0.54954878E+000 -0.18462122E+000 -0.52197091E-002  0.96540498E-003  0.91437987E+000  0.45470160E+001  0.88190984E+001  0.15860186E+002  0.21714209E+002
 -0.93136840E+000 -0.83200806E+000 -0.54954876E+000 -0.18462117E+000 -0.52197083E-002  0.96540611E-003  0.91438081E+000  0.45470164E+001  0.88191001E+001  0.15860191E+002  0.21714208E+002
 -0.93136840E+000 -0.83200806E+000 -0.54954874E+000 -0.18462113E+000 -0.52197076E-002  0.96540716E-003  0.91438176E+000  0.45470169E+001  0.88191018E+001  0.15860197E+002  0.21714206E+002
 -0.93136840E+000 -0.83200805E+000 -0.54954872E+000 -0.18462110E+000 -0.52197069E-002  0.96540814E-003  0.91438272E+000  0.45470173E+001  0.88191035E+001  0.15860202E+002  0.21714205E+002
 -0.93136840E+000 -0.83200805E+000 -0.54954871E+000 -0.18462106E+000 -0.52197063E-002  0.96540905E-003  0.91438369E+000  0.45470178E+001  0.88191053E+001  0.15860208E+002  0.21714204E+002
 -0.93136840E+000 -0.83200805E+000 -0.54954870E+000 -0.18462103E+000 -0.52197058E-002  0.96540990E-003  0.91438466E+000  0.45470184E+001  0.88191071E+001  0.15860213E+002  0.21714202E+002
 -0.93136840E+000 -0.83200804E+000 -0.54954869E+000 -0.18462101E+000 -0.52197053E-002  0.96541070E-003  0.91438563E+000  0.45470190E+001  0.88191089E+001  0.15860219E+002  0.21714201E+002
 -0.93136840E+000 -0.83200804E+000 -0.54954868E+000 -0.18462098E+000 -0.52197048E-002  0.96541144E-003  0.91438660E+000  0.45470195E+001  0.88191107E+001  0.15860224E+002  0.21714200E+002
 -0.93136840E+000 -0.83200804E+000 -0.54954868E+000 -0.18462096E+000 -0.52197044E-002  0.96541212E-003  0.91438757E+000  0.45470202E+001  0.88191125E+001  0.15860230E+002  0.21714199E+002
 -0.93136840E+000 -0.83200804E+000 -0.54954867E+000 -0.18462094E+000 -0.52197040E-002  0.96541276E-003  0.91438854E+000  0.45470208E+001  0.88191143E+001  0.15860235E+002  0.21714198E+002
 -0.93136841E+000 -0.83200804E+000 -0.54954867E+000 -0.18462093E+000 -0.52197037E-002  0.96541335E-003  0.91438951E+000  0.45470214E+001  0.88191161E+001  0.15860241E+002  0.21714197E+002
 -0.93136841E+000 -0.83200804E+000 -0.54954867E+000 -0.18462092E+000 -0.52197034E-002  0.96541390E-003  0.91439046E+000  0.45470221E+001  0.88191180E+001  0.15860246E+002  0.21714196E+002
 -0.93136841E+000 -0.83200805E+000 -0.54954867E+000 -0.18462091E+000 -0.52197031E-002  0.96541440E-003  0.91439140E+000  0.45470227E+001  0.88191198E+001  0.15860251E+002  0.21714196E+002
 -0.93136842E+000 -0.83200806E+000 -0.54954869E+000 -0.18462091E+000 -0.52197030E-002  0.96541483E-003  0.91439231E+000  0.45470234E+001  0.88191215E+001  0.15860257E+002  0.21714195E+002
 -0.93136843E+000 -0.83200807E+000 -0.54954873E+000 -0.18462093E+000 -0.52197033E-002  0.96541513E-003  0.91439319E+000  0.45470240E+001  0.88191232E+001  0.15860262E+002  0.21714194E+002
 -0.93136844E+000 -0.83200809E+000 -0.54954876E+000 -0.18462096E+000 -0.52197038E-002  0.96541534E-003  0.91439402E+000  0.45470246E+001  0.88191249E+001  0.15860267E+002  0.21714193E+002
