 -0.82433473E+000 -0.64308161E+000 -0.27719921E+000 -0.66076871E-004  0.84371337E-001  0.17428241E+001  0.12063646E+002  0.59173118E+002  0.13400207E+003  0.34790471E+003  0.65682841E+003
 -0.82478252E+000 -0.64399966E+000 -0.27754604E+000 -0.67773796E-004  0.84044998E-001  0.17406218E+001  0.12054064E+002  0.59173057E+002  0.13400176E+003  0.34790415E+003  0.65682680E+003
 -0.82512214E+000 -0.64473141E+000 -0.27782424E+000 -0.68589432E-004  0.79287913E-001  0.17387978E+001  0.12046017E+002  0.59173041E+002  0.13400164E+003  0.34790386E+003  0.65682597E+003
 -0.82537322E+000 -0.64530478E+000 -0.27804492E+000 -0.68908215E-004  0.77560741E-001  0.17372955E+001  0.12039293E+002  0.59173038E+002  0.13400160E+003  0.34790371E+003  0.65682558E+003
 -0.82555372E+000 -0.64574556E+000 -0.27821779E+000 -0.68948454E-004  0.76893494E-001  0.17360656E+001  0.12033675E+002  0.59173039E+002  0.13400160E+003  0.34790363E+003  0.65682545E+003
 -0.82567878E+000 -0.64607655E+000 -0.27835104E+000 -0.68840457E-004  0.76881991E-001  0.17350660E+001  0.12028999E+002  0.59173042E+002  0.13400161E+003  0.34790360E+003  0.65682545E+003
 -0.82576082E+000 -0.64631753E+000 -0.27845147E+000 -0.68662652E-004  0.76873652E-001  0.17342606E+001  0.12025125E+002  0.59173046E+002  0.13400163E+003  0.34790359E+003  0.65682551E+003
 -0.82580998E+000 -0.64648520E+000 -0.27852470E+000 -0.68460832E-004  0.76867843E-001  0.17336192E+001  0.12021933E+002  0.59173049E+002  0.13400164E+003  0.34790359E+003  0.65682560E+003
 -0.82583417E+000 -0.64659362E+000 -0.27857540E+000 -0.68260042E-004  0.76864044E-001  0.17327923E+001  0.12019320E+002  0.59173052E+002  0.13400166E+003  0.34790360E+003  0.65682570E+003
 -0.82583956E+000 -0.64665445E+000 -0.27860742E+000 -0.68072470E-004  0.76861831E-001  0.17313126E+001  0.12017200E+002  0.59173054E+002  0.13400167E+003  0.34790361E+003  0.65682579E+003
 -0.82583094E+000 -0.64667729E+000 -0.27862398E+000 -0.67902773E-004  0.76860865E-001  0.17302094E+001  0.12015500E+002  0.59173056E+002  0.13400169E+003  0.34790362E+003  0.65682588E+003
 -0.82581204E+000 -0.64666998E+000 -0.27862777E+000 -0.67751544E-004  0.76860873E-001  0.17294244E+001  0.12014156E+002  0.59173058E+002  0.13400170E+003  0.34790363E+003  0.65682596E+003
 -0.82578568E+000 -0.64663889E+000 -0.27862102E+000 -0.67617388E-004  0.76861639E-001  0.17289085E+001  0.12013116E+002  0.59173060E+002  0.13400171E+003  0.34790363E+003  0.65682602E+003
 -0.82575405E+000 -0.64658921E+000 -0.27860561E+000 -0.67498151E-004  0.76862991E-001  0.17286204E+001  0.12012334E+002  0.59173062E+002  0.13400171E+003  0.34790364E+003  0.65682608E+003
 -0.82571877E+000 -0.64652511E+000 -0.27858312E+000 -0.67391605E-004  0.76864793E-001  0.17285250E+001  0.12011772E+002  0.59173063E+002  0.13400172E+003  0.34790365E+003  0.65682614E+003
 -0.82568110E+000 -0.64644998E+000 -0.27855485E+000 -0.67295736E-004  0.76866939E-001  0.17285931E+001  0.12011397E+002  0.59173064E+002  0.13400173E+003  0.34790366E+003  0.65682618E+003
 -0.82564197E+000 -0.64636657E+000 -0.27852194E+000 -0.67208842E-004  0.76869344E-001  0.17288000E+001  0.12011183E+002  0.59173065E+002  0.13400173E+003  0.34790366E+003  0.65682622E+003
 -0.82560206E+000 -0.64627707E+000 -0.27848531E+000 -0.67129533E-004  0.76871942E-001  0.17291249E+001  0.12011105E+002  0.59173066E+002  0.13400174E+003  0.34790367E+003  0.65682625E+003
 -0.82556190E+000 -0.64618327E+000 -0.27844576E+000 -0.67056695E-004  0.76874680E-001  0.17295497E+001  0.12011143E+002  0.59173067E+002  0.13400174E+003  0.34790368E+003  0.65682628E+003
 -0.82552187E+000 -0.64608659E+000 -0.27840397E+000 -0.66989446E-004  0.76877516E-001  0.17300593E+001  0.12011280E+002  0.59173067E+002  0.13400175E+003  0.34790368E+003  0.65682631E+003
 -0.82548224E+000 -0.64598814E+000 -0.27836049E+000 -0.66927081E-004  0.76880419E-001  0.17306404E+001  0.12011502E+002  0.59173068E+002  0.13400175E+003  0.34790368E+003  0.65682633E+003
 -0.82544320E+000 -0.64588884E+000 -0.27831581E+000 -0.66869039E-004  0.76883362E-001  0.17312818E+001  0.12011797E+002  0.59173068E+002  0.13400175E+003  0.34790369E+003  0.65682635E+003
 -0.82540487E+000 -0.64578936E+000 -0.27827033E+000 -0.66814868E-004  0.76886324E-001  0.17319736E+001  0.12012153E+002  0.59173069E+002  0.13400176E+003  0.34790369E+003  0.65682636E+003
 -0.82536734E+000 -0.64569023E+000 -0.27822439E+000 -0.66764196E-004  0.76889290E-001  0.17327074E+001  0.12012562E+002  0.59173069E+002  0.13400176E+003  0.34790369E+003  0.65682638E+003
 -0.82533064E+000 -0.64559187E+000 -0.27817830E+000 -0.66716718E-004  0.76892245E-001  0.17332945E+001  0.12013016E+002  0.59173070E+002  0.13400176E+003  0.34790370E+003  0.65682639E+003
 -0.82529478E+000 -0.64549456E+000 -0.27813231E+000 -0.66672176E-004  0.76895180E-001  0.17335026E+001  0.12013508E+002  0.59173070E+002  0.13400176E+003  0.34790370E+003  0.65682640E+003
 -0.82525974E+000 -0.64539851E+000 -0.27808662E+000 -0.66630353E-004  0.76898086E-001  0.17337165E+001  0.12014034E+002  0.59173070E+002  0.13400176E+003  0.34790370E+003  0.65682641E+003
 -0.82522550E+000 -0.64530387E+000 -0.27804142E+000 -0.66591062E-004  0.76900956E-001  0.17339349E+001  0.12014588E+002  0.59173071E+002  0.13400177E+003  0.34790370E+003  0.65682642E+003
 -0.82519200E+000 -0.64521072E+000 -0.27799687E+000 -0.66554138E-004  0.77129479E-001  0.17341566E+001  0.12015167E+002  0.59173071E+002  0.13400177E+003  0.34790371E+003  0.65682642E+003
 -0.82515920E+000 -0.64511910E+000 -0.27795310E+000 -0.66519437E-004  0.77376321E-001  0.17343806E+001  0.12015767E+002  0.59173071E+002  0.13400177E+003  0.34790371E+003  0.65682643E+003
 -0.82512703E+000 -0.64502902E+000 -0.27791023E+000 -0.66486829E-004  0.77618999E-001  0.17346060E+001  0.12016386E+002  0.59173072E+002  0.13400177E+003  0.34790371E+003  0.65682644E+003
 -0.82509543E+000 -0.64494048E+000 -0.27786836E+000 -0.66456199E-004  0.77857273E-001  0.17348320E+001  0.12017021E+002  0.59173072E+002  0.13400177E+003  0.34790371E+003  0.65682644E+003
 -0.82506433E+000 -0.64485345E+000 -0.27782756E+000 -0.66427439E-004  0.78090959E-001  0.17350579E+001  0.12017670E+002  0.59173072E+002  0.13400177E+003  0.34790371E+003  0.65682645E+003
 -0.82503367E+000 -0.64476789E+000 -0.27778791E+000 -0.66400452E-004  0.78319922E-001  0.17352832E+001  0.12018332E+002  0.59173072E+002  0.13400177E+003  0.34790372E+003  0.65682645E+003
 -0.82500338E+000 -0.64468378E+000 -0.27774946E+000 -0.66375146E-004  0.78544063E-001  0.17355072E+001  0.12019005E+002  0.59173073E+002  0.13400177E+003  0.34790372E+003  0.65682646E+003
 -0.82497342E+000 -0.64460108E+000 -0.27771226E+000 -0.66351435E-004  0.78763319E-001  0.17357296E+001  0.12019687E+002  0.59173073E+002  0.13400178E+003  0.34790372E+003  0.65682646E+003
 -0.82494372E+000 -0.64451976E+000 -0.27767636E+000 -0.66329235E-004  0.78977657E-001  0.17359499E+001  0.12020377E+002  0.59173073E+002  0.13400178E+003  0.34790372E+003  0.65682646E+003
 -0.82491425E+000 -0.64443982E+000 -0.27764178E+000 -0.66308469E-004  0.79187066E-001  0.17361678E+001  0.12021074E+002  0.59173074E+002  0.13400178E+003  0.34790372E+003  0.65682647E+003
 -0.82488498E+000 -0.64436123E+000 -0.27760854E+000 -0.66289059E-004  0.79391556E-001  0.17363830E+001  0.12021777E+002  0.59173074E+002  0.13400178E+003  0.34790373E+003  0.65682647E+003
 -0.82485586E+000 -0.64428403E+000 -0.27757667E+000 -0.66270934E-004  0.79817662E-001  0.17365953E+001  0.12022484E+002  0.59173074E+002  0.13400178E+003  0.34790373E+003  0.65682647E+003
 -0.82482690E+000 -0.64420822E+000 -0.27754617E+000 -0.66254020E-004  0.80316139E-001  0.17368044E+001  0.12023195E+002  0.59173074E+002  0.13400178E+003  0.34790373E+003  0.65682648E+003
 -0.82479809E+000 -0.64413384E+000 -0.27751705E+000 -0.66238251E-004  0.80802000E-001  0.17370102E+001  0.12023907E+002  0.59173075E+002  0.13400178E+003  0.34790373E+003  0.65682648E+003
 -0.82476943E+000 -0.64406095E+000 -0.27748931E+000 -0.66223560E-004  0.81275463E-001  0.17372123E+001  0.12024620E+002  0.59173075E+002  0.13400178E+003  0.34790373E+003  0.65682648E+003
 -0.82474094E+000 -0.64398961E+000 -0.27746294E+000 -0.66209883E-004  0.81736756E-001  0.17374106E+001  0.12025333E+002  0.59173075E+002  0.13400178E+003  0.34790373E+003  0.65682649E+003
 -0.82471266E+000 -0.64391990E+000 -0.27743793E+000 -0.66197159E-004  0.82186119E-001  0.17376048E+001  0.12026043E+002  0.59173075E+002  0.13400178E+003  0.34790374E+003  0.65682649E+003
 -0.82468462E+000 -0.64385189E+000 -0.27741427E+000 -0.66185330E-004  0.82623802E-001  0.17377949E+001  0.12026751E+002  0.59173076E+002  0.13400178E+003  0.34790374E+003  0.65682650E+003
 -0.82465689E+000 -0.64378569E+000 -0.27739195E+000 -0.66174341E-004  0.83050059E-001  0.17379806E+001  0.12027455E+002  0.59173076E+002  0.13400179E+003  0.34790374E+003  0.65682650E+003
 -0.82462952E+000 -0.64372139E+000 -0.27737094E+000 -0.66164142E-004  0.83465154E-001  0.17381617E+001  0.12028153E+002  0.59173076E+002  0.13400179E+003  0.34790374E+003  0.65682650E+003
 -0.82460258E+000 -0.64365910E+000 -0.27735121E+000 -0.66154682E-004  0.83869364E-001  0.17383380E+001  0.12028846E+002  0.59173077E+002  0.13400179E+003  0.34790374E+003  0.65682651E+003
 -0.82457616E+000 -0.64359890E+000 -0.27733274E+000 -0.66145916E-004  0.84020714E-001  0.17385093E+001  0.12029533E+002  0.59173077E+002  0.13400179E+003  0.34790375E+003  0.65682651E+003
 -0.82455033E+000 -0.64354091E+000 -0.27731550E+000 -0.66137804E-004  0.84038071E-001  0.17386755E+001  0.12030212E+002  0.59173077E+002  0.13400179E+003  0.34790375E+003  0.65682651E+003
 -0.82452517E+000 -0.64348521E+000 -0.27729946E+000 -0.66130304E-004  0.84054978E-001  0.17388363E+001  0.12030884E+002  0.59173078E+002  0.13400179E+003  0.34790375E+003  0.65682652E+003
 -0.82450078E+000 -0.64343189E+000 -0.27728457E+000 -0.66123382E-004  0.84071451E-001  0.17389917E+001  0.12031548E+002  0.59173078E+002  0.13400179E+003  0.34790375E+003  0.65682652E+003
 -0.82447723E+000 -0.64338102E+000 -0.27727081E+000 -0.66117002E-004  0.84087507E-001  0.17391415E+001  0.12032204E+002  0.59173078E+002  0.13400179E+003  0.34790375E+003  0.65682653E+003
 -0.82445460E+000 -0.64333267E+000 -0.27725812E+000 -0.66111134E-004  0.84103162E-001  0.17392857E+001  0.12032852E+002  0.59173079E+002  0.13400179E+003  0.34790376E+003  0.65682653E+003
 -0.82443297E+000 -0.64328688E+000 -0.27724646E+000 -0.66105747E-004  0.84118433E-001  0.17394240E+001  0.12033491E+002  0.59173079E+002  0.13400180E+003  0.34790376E+003  0.65682654E+003
 -0.82441238E+000 -0.64324370E+000 -0.27723580E+000 -0.66100815E-004  0.84133339E-001  0.17395565E+001  0.12034121E+002  0.59173079E+002  0.13400180E+003  0.34790376E+003  0.65682654E+003
 -0.82439290E+000 -0.64320314E+000 -0.27722609E+000 -0.66096310E-004  0.84147896E-001  0.17396832E+001  0.12034743E+002  0.59173080E+002  0.13400180E+003  0.34790376E+003  0.65682654E+003
 -0.82437457E+000 -0.64316521E+000 -0.27721727E+000 -0.66092208E-004  0.84162120E-001  0.17398040E+001  0.12035356E+002  0.59173080E+002  0.13400180E+003  0.34790377E+003  0.65682655E+003
 -0.82435740E+000 -0.64312989E+000 -0.27720931E+000 -0.66088483E-004  0.84176029E-001  0.17399190E+001  0.12035960E+002  0.59173080E+002  0.13400180E+003  0.34790377E+003  0.65682655E+003
 -0.82434143E+000 -0.64309717E+000 -0.27720216E+000 -0.66085114E-004  0.84189634E-001  0.17400283E+001  0.12036555E+002  0.59173081E+002  0.13400180E+003  0.34790377E+003  0.65682656E+003
 -0.82432664E+000 -0.64306701E+000 -0.27719577E+000 -0.66082079E-004  0.84202946E-001  0.17401320E+001  0.12037141E+002  0.59173081E+002  0.13400180E+003  0.34790377E+003  0.65682656E+003
 -0.82431304E+000 -0.64303935E+000 -0.27719008E+000 -0.66079356E-004  0.84215973E-001  0.17402301E+001  0.12037717E+002  0.59173082E+002  0.13400181E+003  0.34790378E+003  0.65682657E+003
 -0.82430061E+000 -0.64301414E+000 -0.27718507E+000 -0.66076927E-004  0.84228718E-001  0.17403230E+001  0.12038284E+002  0.59173082E+002  0.13400181E+003  0.34790378E+003  0.65682657E+003
 -0.82428931E+000 -0.64299129E+000 -0.27718068E+000 -0.66074771E-004  0.84241182E-001  0.17404107E+001  0.12038841E+002  0.59173082E+002  0.13400181E+003  0.34790378E+003  0.65682658E+003
 -0.82427911E+000 -0.64297074E+000 -0.27717687E+000 -0.66072870E-004  0.84253360E-001  0.17404935E+001  0.12039387E+002  0.59173083E+002  0.13400181E+003  0.34790378E+003  0.65682658E+003
 -0.82426997E+000 -0.64295240E+000 -0.27717360E+000 -0.66071208E-004  0.84265242E-001  0.17405716E+001  0.12039924E+002  0.59173083E+002  0.13400181E+003  0.34790379E+003  0.65682659E+003
 -0.82426184E+000 -0.64293616E+000 -0.27717083E+000 -0.66069767E-004  0.84276817E-001  0.17406453E+001  0.12040450E+002  0.59173084E+002  0.13400181E+003  0.34790379E+003  0.65682659E+003
 -0.82425466E+000 -0.64292195E+000 -0.27716852E+000 -0.66068531E-004  0.84288067E-001  0.17407148E+001  0.12040966E+002  0.59173084E+002  0.13400181E+003  0.34790379E+003  0.65682660E+003
 -0.82424839E+000 -0.64290965E+000 -0.27716664E+000 -0.66067485E-004  0.84298972E-001  0.17407804E+001  0.12041472E+002  0.59173084E+002  0.13400182E+003  0.34790380E+003  0.65682660E+003
 -0.82424297E+000 -0.64289916E+000 -0.27716515E+000 -0.66066615E-004  0.84309511E-001  0.17408424E+001  0.12041966E+002  0.59173085E+002  0.13400182E+003  0.34790380E+003  0.65682661E+003
 -0.82423835E+000 -0.64289039E+000 -0.27716403E+000 -0.66065908E-004  0.84319657E-001  0.17409012E+001  0.12042451E+002  0.59173085E+002  0.13400182E+003  0.34790380E+003  0.65682661E+003
 -0.82423447E+000 -0.64288324E+000 -0.27716323E+000 -0.66065352E-004  0.84329385E-001  0.17409568E+001  0.12042924E+002  0.59173086E+002  0.13400182E+003  0.34790381E+003  0.65682662E+003
 -0.82423129E+000 -0.64287762E+000 -0.27716273E+000 -0.66064934E-004  0.84338669E-001  0.17410098E+001  0.12043387E+002  0.59173086E+002  0.13400182E+003  0.34790381E+003  0.65682662E+003
 -0.82422875E+000 -0.64287341E+000 -0.27716251E+000 -0.66064644E-004  0.84347484E-001  0.17410603E+001  0.12043839E+002  0.59173087E+002  0.13400183E+003  0.34790381E+003  0.65682663E+003
 -0.82422683E+000 -0.64287054E+000 -0.27716254E+000 -0.66064471E-004  0.84355803E-001  0.17411086E+001  0.12044281E+002  0.59173087E+002  0.13400183E+003  0.34790382E+003  0.65682663E+003
 -0.82422547E+000 -0.64286890E+000 -0.27716280E+000 -0.66064405E-004  0.84363607E-001  0.17411549E+001  0.12044713E+002  0.59173088E+002  0.13400183E+003  0.34790382E+003  0.65682664E+003
 -0.82422463E+000 -0.64286841E+000 -0.27716326E+000 -0.66064436E-004  0.84370874E-001  0.17411996E+001  0.12045135E+002  0.59173088E+002  0.13400183E+003  0.34790382E+003  0.65682664E+003
 -0.82422429E+000 -0.64286899E+000 -0.27716390E+000 -0.66064555E-004  0.84377590E-001  0.17412428E+001  0.12045547E+002  0.59173088E+002  0.13400183E+003  0.34790383E+003  0.65682665E+003
 -0.82422440E+000 -0.64287053E+000 -0.27716470E+000 -0.66064752E-004  0.84383743E-001  0.17412847E+001  0.12045949E+002  0.59173089E+002  0.13400184E+003  0.34790383E+003  0.65682665E+003
 -0.82422494E+000 -0.64287296E+000 -0.27716565E+000 -0.66065019E-004  0.84389326E-001  0.17413256E+001  0.12046342E+002  0.59173089E+002  0.13400184E+003  0.34790383E+003  0.65682666E+003
 -0.82422588E+000 -0.64287619E+000 -0.27716671E+000 -0.66065347E-004  0.84394336E-001  0.17413655E+001  0.12046727E+002  0.59173090E+002  0.13400184E+003  0.34790384E+003  0.65682666E+003
 -0.82422717E+000 -0.64288014E+000 -0.27716788E+000 -0.66065726E-004  0.84398775E-001  0.17414048E+001  0.12047103E+002  0.59173090E+002  0.13400184E+003  0.34790384E+003  0.65682667E+003
 -0.82422880E+000 -0.64288473E+000 -0.27716913E+000 -0.66066150E-004  0.84402652E-001  0.17414435E+001  0.12047471E+002  0.59173091E+002  0.13400185E+003  0.34790385E+003  0.65682667E+003
 -0.82423072E+000 -0.64288986E+000 -0.27717044E+000 -0.66066607E-004  0.84405977E-001  0.17414817E+001  0.12047832E+002  0.59173091E+002  0.13400185E+003  0.34790385E+003  0.65682668E+003
 -0.82423292E+000 -0.64289547E+000 -0.27717181E+000 -0.66067092E-004  0.84408768E-001  0.17415197E+001  0.12048186E+002  0.59173092E+002  0.13400185E+003  0.34790385E+003  0.65682668E+003
 -0.82423536E+000 -0.64290148E+000 -0.27717320E+000 -0.66067596E-004  0.84411045E-001  0.17415574E+001  0.12048533E+002  0.59173092E+002  0.13400185E+003  0.34790386E+003  0.65682669E+003
 -0.82423802E+000 -0.64290781E+000 -0.27717461E+000 -0.66068111E-004  0.84412832E-001  0.17415949E+001  0.12048875E+002  0.59173093E+002  0.13400186E+003  0.34790386E+003  0.65682669E+003
 -0.82424085E+000 -0.64291438E+000 -0.27717603E+000 -0.66068630E-004  0.84414158E-001  0.17416324E+001  0.12049211E+002  0.59173093E+002  0.13400186E+003  0.34790387E+003  0.65682670E+003
 -0.82424384E+000 -0.64292115E+000 -0.27717743E+000 -0.66069148E-004  0.84415053E-001  0.17416699E+001  0.12049541E+002  0.59173094E+002  0.13400186E+003  0.34790387E+003  0.65682670E+003
 -0.82424696E+000 -0.64292803E+000 -0.27717882E+000 -0.66069660E-004  0.84415548E-001  0.17417074E+001  0.12049867E+002  0.59173094E+002  0.13400186E+003  0.34790388E+003  0.65682671E+003
 -0.82425018E+000 -0.64293498E+000 -0.27718017E+000 -0.66070159E-004  0.84415678E-001  0.17417449E+001  0.12050189E+002  0.59173095E+002  0.13400187E+003  0.34790388E+003  0.65682671E+003
 -0.82425347E+000 -0.64294194E+000 -0.27718148E+000 -0.66070642E-004  0.84415477E-001  0.17417826E+001  0.12050507E+002  0.59173095E+002  0.13400187E+003  0.34790389E+003  0.65682672E+003
 -0.82425682E+000 -0.64294887E+000 -0.27718274E+000 -0.66071105E-004  0.84414980E-001  0.17418203E+001  0.12050821E+002  0.59173095E+002  0.13400187E+003  0.34790389E+003  0.65682673E+003
 -0.82426020E+000 -0.64295573E+000 -0.27718395E+000 -0.66071547E-004  0.84414221E-001  0.17418580E+001  0.12051132E+002  0.59173096E+002  0.13400187E+003  0.34790390E+003  0.65682673E+003
 -0.82426360E+000 -0.64296248E+000 -0.27718511E+000 -0.66071964E-004  0.84413236E-001  0.17418959E+001  0.12051440E+002  0.59173096E+002  0.13400188E+003  0.34790390E+003  0.65682674E+003
 -0.82426698E+000 -0.64296908E+000 -0.27718620E+000 -0.66072356E-004  0.84412056E-001  0.17419337E+001  0.12051745E+002  0.59173097E+002  0.13400188E+003  0.34790391E+003  0.65682674E+003
 -0.82427034E+000 -0.64297553E+000 -0.27718723E+000 -0.66072721E-004  0.84410714E-001  0.17419714E+001  0.12052048E+002  0.59173097E+002  0.13400188E+003  0.34790391E+003  0.65682675E+003
 -0.82427367E+000 -0.64298179E+000 -0.27718820E+000 -0.66073061E-004  0.84409238E-001  0.17420091E+001  0.12052348E+002  0.59173098E+002  0.13400189E+003  0.34790392E+003  0.65682675E+003
 -0.82427694E+000 -0.64298785E+000 -0.27718910E+000 -0.66073374E-004  0.84407659E-001  0.17420466E+001  0.12052645E+002  0.59173098E+002  0.13400189E+003  0.34790392E+003  0.65682676E+003
 -0.82428016E+000 -0.64299370E+000 -0.27718994E+000 -0.66073662E-004  0.84406000E-001  0.17420839E+001  0.12052940E+002  0.59173099E+002  0.13400189E+003  0.34790393E+003  0.65682677E+003
 -0.82428330E+000 -0.64299933E+000 -0.27719073E+000 -0.66073927E-004  0.84404286E-001  0.17421208E+001  0.12053233E+002  0.59173099E+002  0.13400189E+003  0.34790394E+003  0.65682677E+003
 -0.82428637E+000 -0.64300473E+000 -0.27719145E+000 -0.66074168E-004  0.84402537E-001  0.17421574E+001  0.12053524E+002  0.59173100E+002  0.13400190E+003  0.34790394E+003  0.65682678E+003
 -0.82428935E+000 -0.64300991E+000 -0.27719212E+000 -0.66074388E-004  0.84400775E-001  0.17421935E+001  0.12053813E+002  0.59173100E+002  0.13400190E+003  0.34790395E+003  0.65682679E+003
 -0.82429224E+000 -0.64301487E+000 -0.27719274E+000 -0.66074588E-004  0.84399014E-001  0.17422291E+001  0.12054100E+002  0.59173101E+002  0.13400190E+003  0.34790396E+003  0.65682679E+003
 -0.82429504E+000 -0.64301959E+000 -0.27719332E+000 -0.66074770E-004  0.84397270E-001  0.17422640E+001  0.12054384E+002  0.59173101E+002  0.13400191E+003  0.34790396E+003  0.65682680E+003
 -0.82429773E+000 -0.64302409E+000 -0.27719384E+000 -0.66074935E-004  0.84395555E-001  0.17422981E+001  0.12054666E+002  0.59173101E+002  0.13400191E+003  0.34790397E+003  0.65682681E+003
 -0.82430032E+000 -0.64302837E+000 -0.27719432E+000 -0.66075086E-004  0.84393880E-001  0.17423315E+001  0.12054946E+002  0.59173102E+002  0.13400191E+003  0.34790398E+003  0.65682681E+003
 -0.82430281E+000 -0.64303243E+000 -0.27719477E+000 -0.66075224E-004  0.84392255E-001  0.17423640E+001  0.12055223E+002  0.59173102E+002  0.13400192E+003  0.34790398E+003  0.65682682E+003
 -0.82430519E+000 -0.64303628E+000 -0.27719518E+000 -0.66075350E-004  0.84390686E-001  0.17423955E+001  0.12055498E+002  0.59173103E+002  0.13400192E+003  0.34790399E+003  0.65682683E+003
 -0.82430747E+000 -0.64303993E+000 -0.27719556E+000 -0.66075466E-004  0.84389179E-001  0.17424259E+001  0.12055770E+002  0.59173103E+002  0.13400192E+003  0.34790400E+003  0.65682684E+003
 -0.82430964E+000 -0.64304338E+000 -0.27719590E+000 -0.66075572E-004  0.84387737E-001  0.17424553E+001  0.12056040E+002  0.59173103E+002  0.13400192E+003  0.34790401E+003  0.65682685E+003
 -0.82431170E+000 -0.64304663E+000 -0.27719622E+000 -0.66075671E-004  0.84386365E-001  0.17424835E+001  0.12056307E+002  0.59173104E+002  0.13400193E+003  0.34790402E+003  0.65682686E+003
 -0.82431365E+000 -0.64304969E+000 -0.27719652E+000 -0.66075764E-004  0.84385064E-001  0.17425105E+001  0.12056571E+002  0.59173104E+002  0.13400193E+003  0.34790402E+003  0.65682687E+003
 -0.82431550E+000 -0.64305257E+000 -0.27719679E+000 -0.66075850E-004  0.84383836E-001  0.17425363E+001  0.12056832E+002  0.59173105E+002  0.13400193E+003  0.34790403E+003  0.65682688E+003
 -0.82431724E+000 -0.64305527E+000 -0.27719704E+000 -0.66075931E-004  0.84382679E-001  0.17425608E+001  0.12057089E+002  0.59173105E+002  0.13400194E+003  0.34790404E+003  0.65682689E+003
 -0.82431888E+000 -0.64305781E+000 -0.27719727E+000 -0.66076008E-004  0.84381594E-001  0.17425840E+001  0.12057344E+002  0.59173105E+002  0.13400194E+003  0.34790405E+003  0.65682690E+003
 -0.82432042E+000 -0.64306018E+000 -0.27719749E+000 -0.66076081E-004  0.84380580E-001  0.17426059E+001  0.12057594E+002  0.59173106E+002  0.13400194E+003  0.34790406E+003  0.65682691E+003
 -0.82432186E+000 -0.64306239E+000 -0.27719769E+000 -0.66076151E-004  0.84379635E-001  0.17426265E+001  0.12057841E+002  0.59173106E+002  0.13400195E+003  0.34790407E+003  0.65682692E+003
 -0.82432321E+000 -0.64306445E+000 -0.27719787E+000 -0.66076218E-004  0.84378757E-001  0.17426458E+001  0.12058084E+002  0.59173107E+002  0.13400195E+003  0.34790408E+003  0.65682693E+003
 -0.82432446E+000 -0.64306636E+000 -0.27719804E+000 -0.66076282E-004  0.84377944E-001  0.17426638E+001  0.12058323E+002  0.59173107E+002  0.13400195E+003  0.34790409E+003  0.65682694E+003
 -0.82432562E+000 -0.64306814E+000 -0.27719820E+000 -0.66076343E-004  0.84377193E-001  0.17426806E+001  0.12058558E+002  0.59173107E+002  0.13400195E+003  0.34790410E+003  0.65682695E+003
 -0.82432670E+000 -0.64306978E+000 -0.27719835E+000 -0.66076401E-004  0.84376501E-001  0.17426961E+001  0.12058788E+002  0.59173108E+002  0.13400196E+003  0.34790411E+003  0.65682697E+003
 -0.82432769E+000 -0.64307129E+000 -0.27719848E+000 -0.66076458E-004  0.84375866E-001  0.17427104E+001  0.12059013E+002  0.59173108E+002  0.13400196E+003  0.34790412E+003  0.65682698E+003
 -0.82432860E+000 -0.64307268E+000 -0.27719861E+000 -0.66076511E-004  0.84375286E-001  0.17427236E+001  0.12059233E+002  0.59173108E+002  0.13400196E+003  0.34790413E+003  0.65682699E+003
 -0.82432944E+000 -0.64307396E+000 -0.27719872E+000 -0.66076563E-004  0.84374756E-001  0.17427356E+001  0.12059448E+002  0.59173109E+002  0.13400197E+003  0.34790414E+003  0.65682701E+003
 -0.82433020E+000 -0.64307512E+000 -0.27719883E+000 -0.66076612E-004  0.84374275E-001  0.17427465E+001  0.12059658E+002  0.59173109E+002  0.13400197E+003  0.34790415E+003  0.65682702E+003
 -0.82433090E+000 -0.64307618E+000 -0.27719893E+000 -0.66076658E-004  0.84373838E-001  0.17427564E+001  0.12059862E+002  0.59173109E+002  0.13400197E+003  0.34790416E+003  0.65682704E+003
 -0.82433153E+000 -0.64307714E+000 -0.27719902E+000 -0.66076702E-004  0.84373444E-001  0.17427654E+001  0.12060061E+002  0.59173110E+002  0.13400197E+003  0.34790417E+003  0.65682705E+003
 -0.82433209E+000 -0.64307801E+000 -0.27719910E+000 -0.66076743E-004  0.84373090E-001  0.17427734E+001  0.12060253E+002  0.59173110E+002  0.13400198E+003  0.34790418E+003  0.65682707E+003
 -0.82433260E+000 -0.64307879E+000 -0.27719917E+000 -0.66076782E-004  0.84372773E-001  0.17427806E+001  0.12060440E+002  0.59173110E+002  0.13400198E+003  0.34790419E+003  0.65682708E+003
 -0.82433306E+000 -0.64307948E+000 -0.27719924E+000 -0.66076818E-004  0.84372490E-001  0.17427870E+001  0.12060621E+002  0.59173110E+002  0.13400198E+003  0.34790420E+003  0.65682710E+003
 -0.82433347E+000 -0.64308010E+000 -0.27719930E+000 -0.66076851E-004  0.84372239E-001  0.17427926E+001  0.12060795E+002  0.59173111E+002  0.13400199E+003  0.34790421E+003  0.65682712E+003
 -0.82433382E+000 -0.64308065E+000 -0.27719935E+000 -0.66076882E-004  0.84372017E-001  0.17427976E+001  0.12060963E+002  0.59173111E+002  0.13400199E+003  0.34790422E+003  0.65682713E+003
 -0.82433414E+000 -0.64308113E+000 -0.27719939E+000 -0.66076909E-004  0.84371823E-001  0.17428019E+001  0.12061124E+002  0.59173111E+002  0.13400199E+003  0.34790423E+003  0.65682715E+003
 -0.82433441E+000 -0.64308155E+000 -0.27719943E+000 -0.66076934E-004  0.84371653E-001  0.17428057E+001  0.12061280E+002  0.59173112E+002  0.13400199E+003  0.34790424E+003  0.65682717E+003
 -0.82433465E+000 -0.64308191E+000 -0.27719947E+000 -0.66076956E-004  0.84371507E-001  0.17428090E+001  0.12061428E+002  0.59173112E+002  0.13400200E+003  0.34790425E+003  0.65682719E+003
 -0.82433485E+000 -0.64308221E+000 -0.27719950E+000 -0.66076976E-004  0.84371381E-001  0.17428117E+001  0.12061571E+002  0.59173112E+002  0.13400200E+003  0.34790426E+003  0.65682720E+003
 -0.82433502E+000 -0.64308247E+000 -0.27719952E+000 -0.66076993E-004  0.84371274E-001  0.17428141E+001  0.12061706E+002  0.59173112E+002  0.13400200E+003  0.34790427E+003  0.65682722E+003
 -0.82433517E+000 -0.64308268E+000 -0.27719954E+000 -0.66077007E-004  0.84371185E-001  0.17428161E+001  0.12061836E+002  0.59173113E+002  0.13400200E+003  0.34790428E+003  0.65682724E+003
 -0.82433528E+000 -0.64308285E+000 -0.27719955E+000 -0.66077019E-004  0.84371112E-001  0.17428178E+001  0.12061959E+002  0.59173113E+002  0.13400200E+003  0.34790429E+003  0.65682726E+003
 -0.82433538E+000 -0.64308299E+000 -0.27719956E+000 -0.66077029E-004  0.84371053E-001  0.17428191E+001  0.12062076E+002  0.59173113E+002  0.13400201E+003  0.34790430E+003  0.65682728E+003
 -0.82433545E+000 -0.64308309E+000 -0.27719957E+000 -0.66077036E-004  0.84371006E-001  0.17428203E+001  0.12062187E+002  0.59173113E+002  0.13400201E+003  0.34790431E+003  0.65682730E+003
 -0.82433550E+000 -0.64308316E+000 -0.27719957E+000 -0.66077041E-004  0.84370971E-001  0.17428212E+001  0.12062291E+002  0.59173113E+002  0.13400201E+003  0.34790432E+003  0.65682732E+003
 -0.82433553E+000 -0.64308320E+000 -0.27719957E+000 -0.66077044E-004  0.84370946E-001  0.17428219E+001  0.12062390E+002  0.59173114E+002  0.13400201E+003  0.34790433E+003  0.65682734E+003
 -0.82433556E+000 -0.64308322E+000 -0.27719957E+000 -0.66077045E-004  0.84370930E-001  0.17428224E+001  0.12062483E+002  0.59173114E+002  0.13400202E+003  0.34790434E+003  0.65682736E+003
 -0.82433556E+000 -0.64308322E+000 -0.27719956E+000 -0.66077044E-004  0.84370922E-001  0.17428229E+001  0.12062571E+002  0.59173114E+002  0.13400202E+003  0.34790436E+003  0.65682738E+003
 -0.82433556E+000 -0.64308320E+000 -0.27719955E+000 -0.66077042E-004  0.84370920E-001  0.17428232E+001  0.12062653E+002  0.59173114E+002  0.13400202E+003  0.34790437E+003  0.65682740E+003
 -0.82433555E+000 -0.64308317E+000 -0.27719954E+000 -0.66077039E-004  0.84370924E-001  0.17428234E+001  0.12062730E+002  0.59173114E+002  0.13400202E+003  0.34790438E+003  0.65682742E+003
 -0.82433552E+000 -0.64308312E+000 -0.27719953E+000 -0.66077034E-004  0.84370933E-001  0.17428235E+001  0.12062802E+002  0.59173115E+002  0.13400202E+003  0.34790439E+003  0.65682744E+003
 -0.82433550E+000 -0.64308306E+000 -0.27719951E+000 -0.66077028E-004  0.84370947E-001  0.17428236E+001  0.12062869E+002  0.59173115E+002  0.13400202E+003  0.34790439E+003  0.65682747E+003
 -0.82433546E+000 -0.64308299E+000 -0.27719950E+000 -0.66077022E-004  0.84370964E-001  0.17428237E+001  0.12062932E+002  0.59173115E+002  0.13400203E+003  0.34790440E+003  0.65682749E+003
 -0.82433542E+000 -0.64308291E+000 -0.27719948E+000 -0.66077014E-004  0.84370983E-001  0.17428237E+001  0.12062990E+002  0.59173115E+002  0.13400203E+003  0.34790441E+003  0.65682751E+003
 -0.82433538E+000 -0.64308283E+000 -0.27719946E+000 -0.66077006E-004  0.84371005E-001  0.17428236E+001  0.12063045E+002  0.59173115E+002  0.13400203E+003  0.34790442E+003  0.65682753E+003
 -0.82433533E+000 -0.64308274E+000 -0.27719945E+000 -0.66076997E-004  0.84371029E-001  0.17428236E+001  0.12063095E+002  0.59173115E+002  0.13400203E+003  0.34790443E+003  0.65682755E+003
 -0.82433528E+000 -0.64308265E+000 -0.27719943E+000 -0.66076987E-004  0.84371053E-001  0.17428236E+001  0.12063141E+002  0.59173116E+002  0.13400203E+003  0.34790444E+003  0.65682757E+003
 -0.82433524E+000 -0.64308256E+000 -0.27719941E+000 -0.66076978E-004  0.84371078E-001  0.17428235E+001  0.12063184E+002  0.59173116E+002  0.13400203E+003  0.34790445E+003  0.65682759E+003
 -0.82433519E+000 -0.64308247E+000 -0.27719939E+000 -0.66076968E-004  0.84371104E-001  0.17428235E+001  0.12063224E+002  0.59173116E+002  0.13400204E+003  0.34790446E+003  0.65682761E+003
 -0.82433514E+000 -0.64308238E+000 -0.27719937E+000 -0.66076959E-004  0.84371129E-001  0.17428235E+001  0.12063261E+002  0.59173116E+002  0.13400204E+003  0.34790447E+003  0.65682763E+003
 -0.82433509E+000 -0.64308229E+000 -0.27719935E+000 -0.66076949E-004  0.84371154E-001  0.17428234E+001  0.12063295E+002  0.59173116E+002  0.13400204E+003  0.34790448E+003  0.65682765E+003
 -0.82433504E+000 -0.64308220E+000 -0.27719934E+000 -0.66076940E-004  0.84371179E-001  0.17428234E+001  0.12063326E+002  0.59173116E+002  0.13400204E+003  0.34790448E+003  0.65682767E+003
 -0.82433500E+000 -0.64308211E+000 -0.27719932E+000 -0.66076930E-004  0.84371203E-001  0.17428234E+001  0.12063354E+002  0.59173116E+002  0.13400204E+003  0.34790449E+003  0.65682769E+003
 -0.82433495E+000 -0.64308203E+000 -0.27719930E+000 -0.66076922E-004  0.84371225E-001  0.17428234E+001  0.12063380E+002  0.59173116E+002  0.13400204E+003  0.34790450E+003  0.65682772E+003
 -0.82433491E+000 -0.64308196E+000 -0.27719929E+000 -0.66076913E-004  0.84371246E-001  0.17428234E+001  0.12063404E+002  0.59173117E+002  0.13400204E+003  0.34790451E+003  0.65682774E+003
 -0.82433487E+000 -0.64308188E+000 -0.27719927E+000 -0.66076905E-004  0.84371266E-001  0.17428234E+001  0.12063426E+002  0.59173117E+002  0.13400204E+003  0.34790452E+003  0.65682775E+003
 -0.82433484E+000 -0.64308181E+000 -0.27719926E+000 -0.66076897E-004  0.84371285E-001  0.17428234E+001  0.12063446E+002  0.59173117E+002  0.13400205E+003  0.34790452E+003  0.65682777E+003
 -0.82433480E+000 -0.64308175E+000 -0.27719924E+000 -0.66076890E-004  0.84371302E-001  0.17428235E+001  0.12063465E+002  0.59173117E+002  0.13400205E+003  0.34790453E+003  0.65682779E+003
 -0.82433477E+000 -0.64308169E+000 -0.27719923E+000 -0.66076884E-004  0.84371317E-001  0.17428235E+001  0.12063481E+002  0.59173117E+002  0.13400205E+003  0.34790454E+003  0.65682781E+003
 -0.82433474E+000 -0.64308164E+000 -0.27719922E+000 -0.66076878E-004  0.84371331E-001  0.17428235E+001  0.12063497E+002  0.59173117E+002  0.13400205E+003  0.34790454E+003  0.65682783E+003
 -0.82433472E+000 -0.64308159E+000 -0.27719921E+000 -0.66076873E-004  0.84371343E-001  0.17428236E+001  0.12063511E+002  0.59173117E+002  0.13400205E+003  0.34790455E+003  0.65682785E+003
 -0.82433470E+000 -0.64308155E+000 -0.27719920E+000 -0.66076868E-004  0.84371353E-001  0.17428236E+001  0.12063523E+002  0.59173117E+002  0.13400205E+003  0.34790456E+003  0.65682787E+003
 -0.82433468E+000 -0.64308152E+000 -0.27719919E+000 -0.66076864E-004  0.84371362E-001  0.17428237E+001  0.12063535E+002  0.59173117E+002  0.13400205E+003  0.34790456E+003  0.65682789E+003
 -0.82433466E+000 -0.64308148E+000 -0.27719919E+000 -0.66076860E-004  0.84371369E-001  0.17428238E+001  0.12063545E+002  0.59173117E+002  0.13400205E+003  0.34790457E+003  0.65682790E+003
 -0.82433465E+000 -0.64308146E+000 -0.27719918E+000 -0.66076857E-004  0.84371375E-001  0.17428238E+001  0.12063555E+002  0.59173117E+002  0.13400205E+003  0.34790457E+003  0.65682792E+003
 -0.82433463E+000 -0.64308144E+000 -0.27719918E+000 -0.66076855E-004  0.84371379E-001  0.17428239E+001  0.12063564E+002  0.59173117E+002  0.13400205E+003  0.34790458E+003  0.65682794E+003
 -0.82433463E+000 -0.64308142E+000 -0.27719917E+000 -0.66076853E-004  0.84371382E-001  0.17428239E+001  0.12063571E+002  0.59173117E+002  0.13400205E+003  0.34790459E+003  0.65682795E+003
 -0.82433462E+000 -0.64308141E+000 -0.27719917E+000 -0.66076852E-004  0.84371383E-001  0.17428240E+001  0.12063579E+002  0.59173117E+002  0.13400205E+003  0.34790459E+003  0.65682797E+003
 -0.82433462E+000 -0.64308141E+000 -0.27719917E+000 -0.66076852E-004  0.84371384E-001  0.17428240E+001  0.12063585E+002  0.59173117E+002  0.13400206E+003  0.34790460E+003  0.65682799E+003
 -0.82433462E+000 -0.64308141E+000 -0.27719917E+000 -0.66076852E-004  0.84371383E-001  0.17428240E+001  0.12063591E+002  0.59173118E+002  0.13400206E+003  0.34790460E+003  0.65682800E+003
 -0.82433462E+000 -0.64308141E+000 -0.27719917E+000 -0.66076852E-004  0.84371381E-001  0.17428241E+001  0.12063596E+002  0.59173118E+002  0.13400206E+003  0.34790461E+003  0.65682802E+003
 -0.82433462E+000 -0.64308141E+000 -0.27719917E+000 -0.66076853E-004  0.84371378E-001  0.17428241E+001  0.12063601E+002  0.59173118E+002  0.13400206E+003  0.34790461E+003  0.65682803E+003
 -0.82433463E+000 -0.64308142E+000 -0.27719917E+000 -0.66076854E-004  0.84371374E-001  0.17428241E+001  0.12063605E+002  0.59173118E+002  0.13400206E+003  0.34790462E+003  0.65682805E+003
 -0.82433463E+000 -0.64308143E+000 -0.27719917E+000 -0.66076856E-004  0.84371370E-001  0.17428241E+001  0.12063609E+002  0.59173118E+002  0.13400206E+003  0.34790462E+003  0.65682806E+003
 -0.82433464E+000 -0.64308145E+000 -0.27719918E+000 -0.66076858E-004  0.84371365E-001  0.17428241E+001  0.12063613E+002  0.59173118E+002  0.13400206E+003  0.34790462E+003  0.65682807E+003
 -0.82433465E+000 -0.64308147E+000 -0.27719918E+000 -0.66076860E-004  0.84371360E-001  0.17428242E+001  0.12063616E+002  0.59173118E+002  0.13400206E+003  0.34790463E+003  0.65682809E+003
 -0.82433466E+000 -0.64308148E+000 -0.27719918E+000 -0.66076862E-004  0.84371354E-001  0.17428242E+001  0.12063619E+002  0.59173118E+002  0.13400206E+003  0.34790463E+003  0.65682810E+003
 -0.82433467E+000 -0.64308151E+000 -0.27719919E+000 -0.66076865E-004  0.84371348E-001  0.17428241E+001  0.12063621E+002  0.59173118E+002  0.13400206E+003  0.34790464E+003  0.65682811E+003
 -0.82433468E+000 -0.64308153E+000 -0.27719919E+000 -0.66076867E-004  0.84371342E-001  0.17428241E+001  0.12063624E+002  0.59173118E+002  0.13400206E+003  0.34790464E+003  0.65682813E+003
 -0.82433469E+000 -0.64308155E+000 -0.27719920E+000 -0.66076870E-004  0.84371335E-001  0.17428241E+001  0.12063626E+002  0.59173118E+002  0.13400206E+003  0.34790464E+003  0.65682814E+003
 -0.82433471E+000 -0.64308157E+000 -0.27719920E+000 -0.66076873E-004  0.84371329E-001  0.17428241E+001  0.12063628E+002  0.59173118E+002  0.13400206E+003  0.34790465E+003  0.65682815E+003
 -0.82433472E+000 -0.64308160E+000 -0.27719921E+000 -0.66076875E-004  0.84371323E-001  0.17428241E+001  0.12063629E+002  0.59173118E+002  0.13400206E+003  0.34790465E+003  0.65682816E+003
 -0.82433473E+000 -0.64308162E+000 -0.27719921E+000 -0.66076878E-004  0.84371318E-001  0.17428241E+001  0.12063631E+002  0.59173118E+002  0.13400206E+003  0.34790465E+003  0.65682817E+003
 -0.82433474E+000 -0.64308164E+000 -0.27719922E+000 -0.66076881E-004  0.84371312E-001  0.17428240E+001  0.12063632E+002  0.59173118E+002  0.13400206E+003  0.34790466E+003  0.65682818E+003
 -0.82433476E+000 -0.64308167E+000 -0.27719922E+000 -0.66076884E-004  0.84371307E-001  0.17428240E+001  0.12063633E+002  0.59173118E+002  0.13400206E+003  0.34790466E+003  0.65682819E+003
 -0.82433477E+000 -0.64308169E+000 -0.27719923E+000 -0.66076886E-004  0.84371302E-001  0.17428240E+001  0.12063634E+002  0.59173118E+002  0.13400206E+003  0.34790466E+003  0.65682820E+003
 -0.82433478E+000 -0.64308172E+000 -0.27719923E+000 -0.66076889E-004  0.84371298E-001  0.17428239E+001  0.12063635E+002  0.59173118E+002  0.13400206E+003  0.34790466E+003  0.65682821E+003
 -0.82433480E+000 -0.64308176E+000 -0.27719924E+000 -0.66076892E-004  0.84371293E-001  0.17428239E+001  0.12063636E+002  0.59173118E+002  0.13400206E+003  0.34790467E+003  0.65682822E+003
 -0.82433483E+000 -0.64308181E+000 -0.27719925E+000 -0.66076898E-004  0.84371288E-001  0.17428238E+001  0.12063637E+002  0.59173118E+002  0.13400206E+003  0.34790467E+003  0.65682823E+003
 -0.82433488E+000 -0.64308191E+000 -0.27719927E+000 -0.66076909E-004  0.84371279E-001  0.17428238E+001  0.12063637E+002  0.59173118E+002  0.13400206E+003  0.34790467E+003  0.65682824E+003
 -0.82433492E+000 -0.64308199E+000 -0.27719929E+000 -0.66076923E-004  0.84371265E-001  0.17428236E+001  0.12063638E+002  0.59173118E+002  0.13400206E+003  0.34790467E+003  0.65682825E+003
