  0.30180246E+002
  0.30180323E+002
  0.30180396E+002
  0.30180466E+002
  0.30180534E+002
  0.30180600E+002
  0.30180666E+002
  0.30180731E+002
  0.30180795E+002
  0.30180859E+002
  0.30180923E+002
  0.30180986E+002
  0.30181050E+002
  0.30181114E+002
  0.30181178E+002
  0.30181242E+002
  0.30181307E+002
  0.30181372E+002
  0.30181438E+002
  0.30181505E+002
  0.30181572E+002
  0.30181641E+002
  0.30181711E+002
  0.30181782E+002
  0.30181854E+002
  0.30181928E+002
  0.30182004E+002
  0.30182081E+002
  0.30182160E+002
  0.30182241E+002
  0.30182325E+002
  0.30182411E+002
  0.30182499E+002
  0.30182590E+002
  0.30182683E+002
  0.30182780E+002
  0.30182879E+002
  0.30182982E+002
  0.30183088E+002
  0.30183197E+002
  0.30183310E+002
  0.30183426E+002
  0.30183546E+002
  0.30183670E+002
  0.30183798E+002
  0.30183930E+002
  0.30184067E+002
  0.30184207E+002
  0.30184352E+002
  0.30184501E+002
  0.30184654E+002
  0.30184812E+002
  0.30184975E+002
  0.30185143E+002
  0.30185315E+002
  0.30185492E+002
  0.30185673E+002
  0.30185860E+002
  0.30186051E+002
  0.30186247E+002
  0.30186448E+002
  0.30186654E+002
  0.30186865E+002
  0.30187081E+002
  0.30187301E+002
  0.30187527E+002
  0.30187757E+002
  0.30187992E+002
  0.30188232E+002
  0.30188477E+002
  0.30188726E+002
  0.30188980E+002
  0.30189239E+002
  0.30189502E+002
  0.30189769E+002
  0.30190041E+002
  0.30190317E+002
  0.30190597E+002
  0.30190882E+002
  0.30191170E+002
  0.30191462E+002
  0.30191759E+002
  0.30192059E+002
  0.30192362E+002
  0.30192669E+002
  0.30192980E+002
  0.30193294E+002
  0.30193611E+002
  0.30193932E+002
  0.30194255E+002
  0.30194582E+002
  0.30194911E+002
  0.30195244E+002
  0.30195579E+002
  0.30195917E+002
  0.30196258E+002
  0.30196601E+002
  0.30196947E+002
  0.30197296E+002
  0.30197647E+002
  0.30198001E+002
  0.30198357E+002
  0.30198716E+002
  0.30199077E+002
  0.30199441E+002
  0.30199807E+002
  0.30200176E+002
  0.30200547E+002
  0.30200920E+002
  0.30201296E+002
  0.30201674E+002
  0.30202055E+002
  0.30202437E+002
  0.30202823E+002
  0.30203210E+002
  0.30203599E+002
  0.30203991E+002
  0.30204385E+002
  0.30204781E+002
  0.30205179E+002
  0.30205579E+002
  0.30205981E+002
  0.30206385E+002
  0.30206790E+002
  0.30207197E+002
  0.30207606E+002
  0.30208017E+002
  0.30208429E+002
  0.30208842E+002
  0.30209256E+002
  0.30209672E+002
  0.30210088E+002
  0.30210506E+002
  0.30210924E+002
  0.30211343E+002
  0.30211762E+002
  0.30212182E+002
  0.30212602E+002
  0.30213022E+002
  0.30213441E+002
  0.30213861E+002
  0.30214280E+002
  0.30214698E+002
  0.30215116E+002
  0.30215533E+002
  0.30215949E+002
  0.30216363E+002
  0.30216776E+002
  0.30217188E+002
  0.30217597E+002
  0.30218005E+002
  0.30218411E+002
  0.30218814E+002
  0.30219215E+002
  0.30219613E+002
  0.30220009E+002
  0.30220402E+002
  0.30220791E+002
  0.30221177E+002
  0.30221560E+002
  0.30221939E+002
  0.30222315E+002
  0.30222687E+002
  0.30223055E+002
  0.30223418E+002
  0.30223778E+002
  0.30224133E+002
  0.30224483E+002
  0.30224829E+002
  0.30225170E+002
  0.30225507E+002
  0.30225838E+002
  0.30226165E+002
  0.30226487E+002
  0.30226803E+002
  0.30227114E+002
  0.30227420E+002
  0.30227720E+002
  0.30228016E+002
  0.30228305E+002
  0.30228589E+002
  0.30228868E+002
  0.30229141E+002
  0.30229409E+002
  0.30229671E+002
  0.30229927E+002
  0.30230178E+002
  0.30230423E+002
  0.30230663E+002
  0.30230897E+002
  0.30231125E+002
  0.30231348E+002
  0.30231566E+002
  0.30231777E+002
  0.30231984E+002
  0.30232185E+002
  0.30232381E+002
  0.30232571E+002
  0.30232756E+002
  0.30232936E+002
