  0.14998672E+001  0.10288629E+001  0.70844440E+001  0.11110782E+003
  0.14998694E+001  0.10288651E+001  0.70844382E+001  0.11110813E+003
  0.14998712E+001  0.10288676E+001  0.70844385E+001  0.11110842E+003
  0.14998727E+001  0.10288701E+001  0.70844419E+001  0.11110869E+003
  0.14998740E+001  0.10288727E+001  0.70844469E+001  0.11110895E+003
  0.14998751E+001  0.10288751E+001  0.70844527E+001  0.11110921E+003
  0.14998762E+001  0.10288775E+001  0.70844588E+001  0.11110946E+003
  0.14998772E+001  0.10288798E+001  0.70844651E+001  0.11110971E+003
  0.14998782E+001  0.10288820E+001  0.70844716E+001  0.11110996E+003
  0.14998791E+001  0.10288842E+001  0.70844781E+001  0.11111021E+003
  0.14998800E+001  0.10288863E+001  0.70844846E+001  0.11111045E+003
  0.14998810E+001  0.10288883E+001  0.70844913E+001  0.11111070E+003
  0.14998819E+001  0.10288904E+001  0.70844980E+001  0.11111094E+003
  0.14998829E+001  0.10288924E+001  0.70845047E+001  0.11111119E+003
  0.14998839E+001  0.10288943E+001  0.70845116E+001  0.11111143E+003
  0.14998849E+001  0.10288963E+001  0.70845185E+001  0.11111168E+003
  0.14998860E+001  0.10288982E+001  0.70845255E+001  0.11111193E+003
  0.14998871E+001  0.10289001E+001  0.70845326E+001  0.11111218E+003
  0.14998882E+001  0.10289021E+001  0.70845399E+001  0.11111244E+003
  0.14998894E+001  0.10289040E+001  0.70845473E+001  0.11111269E+003
  0.14998907E+001  0.10289059E+001  0.70845548E+001  0.11111295E+003
  0.14998920E+001  0.10289079E+001  0.70845624E+001  0.11111322E+003
  0.14998933E+001  0.10289099E+001  0.70845702E+001  0.11111348E+003
  0.14998947E+001  0.10289118E+001  0.70845782E+001  0.11111376E+003
  0.14998962E+001  0.10289139E+001  0.70845863E+001  0.11111403E+003
  0.14998978E+001  0.10289159E+001  0.70845946E+001  0.11111432E+003
  0.14998994E+001  0.10289180E+001  0.70846032E+001  0.11111461E+003
  0.14999011E+001  0.10289201E+001  0.70846119E+001  0.11111490E+003
  0.14999029E+001  0.10289223E+001  0.70846208E+001  0.11111521E+003
  0.14999048E+001  0.10289245E+001  0.70846300E+001  0.11111552E+003
  0.14999067E+001  0.10289268E+001  0.70846395E+001  0.11111584E+003
  0.14999088E+001  0.10289291E+001  0.70846492E+001  0.11111617E+003
  0.14999110E+001  0.10289315E+001  0.70846592E+001  0.11111651E+003
  0.14999133E+001  0.10289340E+001  0.70846694E+001  0.11111686E+003
  0.14999157E+001  0.10289365E+001  0.70846800E+001  0.11111722E+003
  0.14999182E+001  0.10289391E+001  0.70846910E+001  0.11111759E+003
  0.14999209E+001  0.10289419E+001  0.70847022E+001  0.11111797E+003
  0.14999236E+001  0.10289447E+001  0.70847139E+001  0.11111836E+003
  0.14999266E+001  0.10289476E+001  0.70847259E+001  0.11111877E+003
  0.14999296E+001  0.10289506E+001  0.70847383E+001  0.11111918E+003
  0.14999329E+001  0.10289538E+001  0.70847511E+001  0.11111962E+003
  0.14999362E+001  0.10289571E+001  0.70847644E+001  0.11112006E+003
  0.14999398E+001  0.10289604E+001  0.70847782E+001  0.11112052E+003
  0.14999435E+001  0.10289640E+001  0.70847924E+001  0.11112100E+003
  0.14999474E+001  0.10289677E+001  0.70848072E+001  0.11112148E+003
  0.14999515E+001  0.10289715E+001  0.70848225E+001  0.11112199E+003
  0.14999557E+001  0.10289755E+001  0.70848383E+001  0.11112251E+003
  0.14999602E+001  0.10289796E+001  0.70848548E+001  0.11112305E+003
  0.14999648E+001  0.10289839E+001  0.70848718E+001  0.11112360E+003
  0.14999696E+001  0.10289884E+001  0.70848894E+001  0.11112417E+003
  0.14999747E+001  0.10289931E+001  0.70849076E+001  0.11112476E+003
  0.14999800E+001  0.10289980E+001  0.70849265E+001  0.11112536E+003
  0.14999854E+001  0.10290031E+001  0.70849460E+001  0.11112598E+003
  0.14999911E+001  0.10290084E+001  0.70849662E+001  0.11112662E+003
  0.14999970E+001  0.10290139E+001  0.70849870E+001  0.11112727E+003
  0.15000032E+001  0.10290197E+001  0.70850085E+001  0.11112795E+003
  0.15000095E+001  0.10290257E+001  0.70850307E+001  0.11112864E+003
  0.15000161E+001  0.10290319E+001  0.70850536E+001  0.11112935E+003
  0.15000229E+001  0.10290384E+001  0.70850771E+001  0.11113008E+003
  0.15000300E+001  0.10290452E+001  0.70851014E+001  0.11113083E+003
  0.15000372E+001  0.10290522E+001  0.70851263E+001  0.11113159E+003
  0.15000447E+001  0.10290595E+001  0.70851519E+001  0.11113237E+003
  0.15000524E+001  0.10290670E+001  0.70851782E+001  0.11113318E+003
  0.15000604E+001  0.10290749E+001  0.70852052E+001  0.11113400E+003
  0.15000685E+001  0.10290830E+001  0.70852330E+001  0.11113484E+003
  0.15000769E+001  0.10290914E+001  0.70852615E+001  0.11113569E+003
  0.15000855E+001  0.10291001E+001  0.70852909E+001  0.11113657E+003
  0.15000943E+001  0.10291090E+001  0.70853211E+001  0.11113746E+003
  0.15001033E+001  0.10291182E+001  0.70853522E+001  0.11113837E+003
  0.15001125E+001  0.10291277E+001  0.70853843E+001  0.11113930E+003
  0.15001219E+001  0.10291374E+001  0.70854174E+001  0.11114024E+003
  0.15001315E+001  0.10291475E+001  0.70854515E+001  0.11114120E+003
  0.15001412E+001  0.10291577E+001  0.70854868E+001  0.11114218E+003
  0.15001511E+001  0.10291682E+001  0.70855233E+001  0.11114318E+003
  0.15001612E+001  0.10291790E+001  0.70855611E+001  0.11114419E+003
  0.15001715E+001  0.10291900E+001  0.70856001E+001  0.11114522E+003
  0.15001819E+001  0.10292013E+001  0.70856405E+001  0.11114626E+003
  0.15001925E+001  0.10292128E+001  0.70856823E+001  0.11114732E+003
  0.15002032E+001  0.10292245E+001  0.70857254E+001  0.11114839E+003
  0.15002141E+001  0.10292365E+001  0.70857699E+001  0.11114947E+003
  0.15002251E+001  0.10292487E+001  0.70858159E+001  0.11115057E+003
  0.15002362E+001  0.10292612E+001  0.70858632E+001  0.11115169E+003
  0.15002474E+001  0.10292739E+001  0.70859120E+001  0.11115282E+003
  0.15002587E+001  0.10292868E+001  0.70859621E+001  0.11115396E+003
  0.15002702E+001  0.10292999E+001  0.70860135E+001  0.11115511E+003
  0.15002817E+001  0.10293133E+001  0.70860663E+001  0.11115627E+003
  0.15002934E+001  0.10293268E+001  0.70861203E+001  0.11115745E+003
  0.15003051E+001  0.10293406E+001  0.70861756E+001  0.11115864E+003
  0.15003169E+001  0.10293545E+001  0.70862320E+001  0.11115984E+003
  0.15003288E+001  0.10293687E+001  0.70862895E+001  0.11116105E+003
  0.15003407E+001  0.10293830E+001  0.70863481E+001  0.11116227E+003
  0.15003527E+001  0.10293974E+001  0.70864077E+001  0.11116350E+003
  0.15003647E+001  0.10294120E+001  0.70864683E+001  0.11116474E+003
  0.15003768E+001  0.10294267E+001  0.70865298E+001  0.11116600E+003
  0.15003889E+001  0.10294414E+001  0.70865920E+001  0.11116726E+003
  0.15004010E+001  0.10294563E+001  0.70866551E+001  0.11116853E+003
  0.15004132E+001  0.10294712E+001  0.70867189E+001  0.11116981E+003
  0.15004253E+001  0.10294862E+001  0.70867833E+001  0.11117111E+003
  0.15004375E+001  0.10295012E+001  0.70868483E+001  0.11117241E+003
  0.15004496E+001  0.10295161E+001  0.70869138E+001  0.11117372E+003
  0.15004617E+001  0.10295310E+001  0.70869799E+001  0.11117504E+003
  0.15004738E+001  0.10295459E+001  0.70870463E+001  0.11117638E+003
  0.15004859E+001  0.10295607E+001  0.70871132E+001  0.11117772E+003
  0.15004979E+001  0.10295754E+001  0.70871803E+001  0.11117907E+003
  0.15005099E+001  0.10295899E+001  0.70872477E+001  0.11118043E+003
  0.15005219E+001  0.10296043E+001  0.70873154E+001  0.11118180E+003
  0.15005338E+001  0.10296185E+001  0.70873832E+001  0.11118318E+003
  0.15005456E+001  0.10296325E+001  0.70874510E+001  0.11118457E+003
  0.15005574E+001  0.10296463E+001  0.70875190E+001  0.11118597E+003
  0.15005690E+001  0.10296598E+001  0.70875869E+001  0.11118738E+003
  0.15005806E+001  0.10296731E+001  0.70876547E+001  0.11118880E+003
  0.15005921E+001  0.10296861E+001  0.70877224E+001  0.11119023E+003
  0.15006035E+001  0.10296987E+001  0.70877899E+001  0.11119167E+003
  0.15006147E+001  0.10297111E+001  0.70878571E+001  0.11119312E+003
  0.15006259E+001  0.10297231E+001  0.70879239E+001  0.11119458E+003
  0.15006368E+001  0.10297347E+001  0.70879903E+001  0.11119605E+003
  0.15006477E+001  0.10297460E+001  0.70880562E+001  0.11119753E+003
  0.15006583E+001  0.10297569E+001  0.70881214E+001  0.11119902E+003
  0.15006688E+001  0.10297674E+001  0.70881859E+001  0.11120052E+003
  0.15006791E+001  0.10297776E+001  0.70882496E+001  0.11120202E+003
  0.15006892E+001  0.10297873E+001  0.70883124E+001  0.11120354E+003
  0.15006991E+001  0.10297966E+001  0.70883742E+001  0.11120507E+003
  0.15007087E+001  0.10298056E+001  0.70884348E+001  0.11120660E+003
  0.15007181E+001  0.10298142E+001  0.70884943E+001  0.11120815E+003
  0.15007272E+001  0.10298223E+001  0.70885524E+001  0.11120970E+003
  0.15007360E+001  0.10298301E+001  0.70886091E+001  0.11121126E+003
  0.15007445E+001  0.10298375E+001  0.70886642E+001  0.11121283E+003
  0.15007526E+001  0.10298445E+001  0.70887177E+001  0.11121441E+003
  0.15007605E+001  0.10298512E+001  0.70887695E+001  0.11121600E+003
  0.15007680E+001  0.10298575E+001  0.70888194E+001  0.11121759E+003
  0.15007751E+001  0.10298634E+001  0.70888674E+001  0.11121920E+003
  0.15007819E+001  0.10298690E+001  0.70889135E+001  0.11122080E+003
  0.15007882E+001  0.10298743E+001  0.70889574E+001  0.11122242E+003
  0.15007942E+001  0.10298793E+001  0.70889993E+001  0.11122404E+003
  0.15007998E+001  0.10298839E+001  0.70890389E+001  0.11122566E+003
  0.15008049E+001  0.10298882E+001  0.70890764E+001  0.11122729E+003
  0.15008096E+001  0.10298923E+001  0.70891115E+001  0.11122893E+003
  0.15008140E+001  0.10298960E+001  0.70891444E+001  0.11123057E+003
  0.15008178E+001  0.10298995E+001  0.70891749E+001  0.11123221E+003
  0.15008213E+001  0.10299028E+001  0.70892032E+001  0.11123385E+003
  0.15008244E+001  0.10299057E+001  0.70892291E+001  0.11123550E+003
  0.15008270E+001  0.10299085E+001  0.70892527E+001  0.11123715E+003
  0.15008292E+001  0.10299110E+001  0.70892740E+001  0.11123879E+003
  0.15008310E+001  0.10299133E+001  0.70892931E+001  0.11124044E+003
  0.15008325E+001  0.10299153E+001  0.70893100E+001  0.11124209E+003
  0.15008335E+001  0.10299172E+001  0.70893248E+001  0.11124373E+003
  0.15008342E+001  0.10299188E+001  0.70893374E+001  0.11124538E+003
  0.15008345E+001  0.10299203E+001  0.70893481E+001  0.11124702E+003
  0.15008345E+001  0.10299215E+001  0.70893568E+001  0.11124865E+003
  0.15008342E+001  0.10299226E+001  0.70893635E+001  0.11125028E+003
  0.15008335E+001  0.10299235E+001  0.70893685E+001  0.11125191E+003
  0.15008326E+001  0.10299243E+001  0.70893718E+001  0.11125353E+003
  0.15008314E+001  0.10299249E+001  0.70893734E+001  0.11125514E+003
  0.15008300E+001  0.10299253E+001  0.70893735E+001  0.11125675E+003
  0.15008283E+001  0.10299256E+001  0.70893722E+001  0.11125834E+003
  0.15008264E+001  0.10299257E+001  0.70893695E+001  0.11125993E+003
  0.15008243E+001  0.10299258E+001  0.70893655E+001  0.11126150E+003
  0.15008221E+001  0.10299257E+001  0.70893604E+001  0.11126307E+003
  0.15008197E+001  0.10299254E+001  0.70893543E+001  0.11126462E+003
  0.15008171E+001  0.10299251E+001  0.70893472E+001  0.11126617E+003
  0.15008145E+001  0.10299247E+001  0.70893392E+001  0.11126769E+003
  0.15008118E+001  0.10299241E+001  0.70893304E+001  0.11126921E+003
  0.15008090E+001  0.10299235E+001  0.70893209E+001  0.11127071E+003
  0.15008061E+001  0.10299228E+001  0.70893108E+001  0.11127219E+003
  0.15008032E+001  0.10299221E+001  0.70893002E+001  0.11127366E+003
  0.15008002E+001  0.10299212E+001  0.70892892E+001  0.11127511E+003
  0.15007973E+001  0.10299203E+001  0.70892777E+001  0.11127655E+003
  0.15007943E+001  0.10299194E+001  0.70892660E+001  0.11127797E+003
  0.15007913E+001  0.10299184E+001  0.70892540E+001  0.11127937E+003
  0.15007884E+001  0.10299173E+001  0.70892418E+001  0.11128075E+003
  0.15007855E+001  0.10299162E+001  0.70892295E+001  0.11128211E+003
  0.15007826E+001  0.10299151E+001  0.70892172E+001  0.11128345E+003
  0.15007798E+001  0.10299140E+001  0.70892048E+001  0.11128478E+003
  0.15007770E+001  0.10299129E+001  0.70891925E+001  0.11128608E+003
  0.15007743E+001  0.10299117E+001  0.70891803E+001  0.11128736E+003
  0.15007716E+001  0.10299105E+001  0.70891681E+001  0.11128862E+003
  0.15007691E+001  0.10299094E+001  0.70891561E+001  0.11128986E+003
  0.15007666E+001  0.10299082E+001  0.70891443E+001  0.11129108E+003
  0.15007641E+001  0.10299070E+001  0.70891327E+001  0.11129227E+003
  0.15007618E+001  0.10299059E+001  0.70891214E+001  0.11129345E+003
  0.15007596E+001  0.10299048E+001  0.70891103E+001  0.11129460E+003
  0.15007574E+001  0.10299036E+001  0.70890994E+001  0.11129573E+003
  0.15007553E+001  0.10299025E+001  0.70890889E+001  0.11129683E+003
  0.15007533E+001  0.10299015E+001  0.70890786E+001  0.11129792E+003
  0.15007514E+001  0.10299004E+001  0.70890687E+001  0.11129898E+003
  0.15007495E+001  0.10298994E+001  0.70890591E+001  0.11130001E+003
  0.15007478E+001  0.10298984E+001  0.70890498E+001  0.11130103E+003
  0.15007461E+001  0.10298974E+001  0.70890409E+001  0.11130202E+003
  0.15007445E+001  0.10298965E+001  0.70890322E+001  0.11130299E+003
  0.15007430E+001  0.10298955E+001  0.70890240E+001  0.11130394E+003
  0.15007416E+001  0.10298947E+001  0.70890160E+001  0.11130486E+003
  0.15007402E+001  0.10298938E+001  0.70890084E+001  0.11130576E+003
  0.15007389E+001  0.10298930E+001  0.70890011E+001  0.11130664E+003
  0.15007377E+001  0.10298922E+001  0.70889941E+001  0.11130750E+003
  0.15007366E+001  0.10298915E+001  0.70889875E+001  0.11130833E+003
  0.15007355E+001  0.10298907E+001  0.70889811E+001  0.11130915E+003
  0.15007345E+001  0.10298900E+001  0.70889751E+001  0.11130994E+003
  0.15007335E+001  0.10298894E+001  0.70889693E+001  0.11131071E+003
  0.15007326E+001  0.10298888E+001  0.70889639E+001  0.11131145E+003
  0.15007318E+001  0.10298882E+001  0.70889587E+001  0.11131218E+003
