  0.36473688E-001  0.37182530E+000  0.31359543E+001  0.11717675E+003
  0.36475106E-001  0.37182524E+000  0.31359622E+001  0.11717704E+003
  0.36476325E-001  0.37182539E+000  0.31359702E+001  0.11717732E+003
  0.36477422E-001  0.37182565E+000  0.31359782E+001  0.11717760E+003
  0.36478447E-001  0.37182596E+000  0.31359863E+001  0.11717786E+003
  0.36479421E-001  0.37182629E+000  0.31359945E+001  0.11717812E+003
  0.36480353E-001  0.37182663E+000  0.31360027E+001  0.11717837E+003
  0.36481246E-001  0.37182698E+000  0.31360110E+001  0.11717862E+003
  0.36482104E-001  0.37182735E+000  0.31360194E+001  0.11717887E+003
  0.36482931E-001  0.37182774E+000  0.31360279E+001  0.11717911E+003
  0.36483731E-001  0.37182814E+000  0.31360365E+001  0.11717936E+003
  0.36484509E-001  0.37182855E+000  0.31360453E+001  0.11717960E+003
  0.36485270E-001  0.37182897E+000  0.31360541E+001  0.11717985E+003
  0.36486016E-001  0.37182940E+000  0.31360631E+001  0.11718009E+003
  0.36486751E-001  0.37182983E+000  0.31360722E+001  0.11718034E+003
  0.36487479E-001  0.37183027E+000  0.31360815E+001  0.11718058E+003
  0.36488202E-001  0.37183071E+000  0.31360909E+001  0.11718083E+003
  0.36488922E-001  0.37183115E+000  0.31361005E+001  0.11718108E+003
  0.36489641E-001  0.37183159E+000  0.31361102E+001  0.11718134E+003
  0.36490360E-001  0.37183204E+000  0.31361201E+001  0.11718159E+003
  0.36491083E-001  0.37183250E+000  0.31361302E+001  0.11718185E+003
  0.36491808E-001  0.37183296E+000  0.31361405E+001  0.11718211E+003
  0.36492539E-001  0.37183343E+000  0.31361510E+001  0.11718238E+003
  0.36493277E-001  0.37183391E+000  0.31361617E+001  0.11718265E+003
  0.36494022E-001  0.37183442E+000  0.31361727E+001  0.11718293E+003
  0.36494776E-001  0.37183494E+000  0.31361839E+001  0.11718321E+003
  0.36495540E-001  0.37183548E+000  0.31361955E+001  0.11718350E+003
  0.36496315E-001  0.37183605E+000  0.31362073E+001  0.11718380E+003
  0.36497102E-001  0.37183665E+000  0.31362195E+001  0.11718410E+003
  0.36497903E-001  0.37183729E+000  0.31362320E+001  0.11718441E+003
  0.36498718E-001  0.37183796E+000  0.31362448E+001  0.11718473E+003
  0.36499549E-001  0.37183868E+000  0.31362580E+001  0.11718506E+003
  0.36500396E-001  0.37183944E+000  0.31362717E+001  0.11718540E+003
  0.36501262E-001  0.37184025E+000  0.31362857E+001  0.11718575E+003
  0.36502147E-001  0.37184111E+000  0.31363002E+001  0.11718610E+003
  0.36503052E-001  0.37184202E+000  0.31363151E+001  0.11718647E+003
  0.36503979E-001  0.37184300E+000  0.31363305E+001  0.11718685E+003
  0.36504929E-001  0.37184404E+000  0.31363464E+001  0.11718725E+003
  0.36505903E-001  0.37184514E+000  0.31363627E+001  0.11718765E+003
  0.36506903E-001  0.37184632E+000  0.31363797E+001  0.11718807E+003
  0.36507929E-001  0.37184757E+000  0.31363971E+001  0.11718850E+003
  0.36508983E-001  0.37184891E+000  0.31364151E+001  0.11718895E+003
  0.36510067E-001  0.37185032E+000  0.31364337E+001  0.11718941E+003
  0.36511180E-001  0.37185183E+000  0.31364530E+001  0.11718988E+003
  0.36512325E-001  0.37185343E+000  0.31364728E+001  0.11719037E+003
  0.36513502E-001  0.37185513E+000  0.31364933E+001  0.11719087E+003
  0.36514712E-001  0.37185693E+000  0.31365145E+001  0.11719139E+003
  0.36515955E-001  0.37185885E+000  0.31365363E+001  0.11719193E+003
  0.36517232E-001  0.37186088E+000  0.31365590E+001  0.11719248E+003
  0.36518543E-001  0.37186304E+000  0.31365823E+001  0.11719305E+003
  0.36519888E-001  0.37186532E+000  0.31366065E+001  0.11719364E+003
  0.36521266E-001  0.37186774E+000  0.31366315E+001  0.11719424E+003
  0.36522677E-001  0.37187030E+000  0.31366573E+001  0.11719487E+003
  0.36524120E-001  0.37187302E+000  0.31366840E+001  0.11719550E+003
  0.36525593E-001  0.37187588E+000  0.31367116E+001  0.11719616E+003
  0.36526458E-001  0.37187955E+000  0.31367401E+001  0.11719683E+003
  0.36527307E-001  0.37188342E+000  0.31367696E+001  0.11719753E+003
  0.36528150E-001  0.37188750E+000  0.31368001E+001  0.11719824E+003
  0.36528986E-001  0.37189178E+000  0.31368316E+001  0.11719897E+003
  0.36529813E-001  0.37189628E+000  0.31368641E+001  0.11719971E+003
  0.36530629E-001  0.37190099E+000  0.31368977E+001  0.11720048E+003
  0.36531433E-001  0.37190591E+000  0.31369323E+001  0.11720126E+003
  0.36532224E-001  0.37191106E+000  0.31369681E+001  0.11720206E+003
  0.36533001E-001  0.37191641E+000  0.31370050E+001  0.11720288E+003
  0.36533763E-001  0.37192198E+000  0.31370430E+001  0.11720372E+003
  0.36534509E-001  0.37192776E+000  0.31370822E+001  0.11720458E+003
  0.36535238E-001  0.37193374E+000  0.31371226E+001  0.11720545E+003
  0.36535950E-001  0.37193992E+000  0.31371641E+001  0.11720634E+003
  0.36536645E-001  0.37194629E+000  0.31372069E+001  0.11720725E+003
  0.36537321E-001  0.37195285E+000  0.31372509E+001  0.11720818E+003
  0.36537979E-001  0.37195958E+000  0.31372960E+001  0.11720913E+003
  0.36538618E-001  0.37196647E+000  0.31373424E+001  0.11721009E+003
  0.36539239E-001  0.37197352E+000  0.31373900E+001  0.11721107E+003
  0.36539841E-001  0.37198070E+000  0.31374388E+001  0.11721206E+003
  0.36540424E-001  0.37198801E+000  0.31374888E+001  0.11721307E+003
  0.36540989E-001  0.37199543E+000  0.31375401E+001  0.11721410E+003
  0.36541536E-001  0.37200295E+000  0.31375924E+001  0.11721515E+003
  0.36542064E-001  0.37201054E+000  0.31376460E+001  0.11721620E+003
  0.36542575E-001  0.37201820E+000  0.31377007E+001  0.11721728E+003
  0.36543068E-001  0.37202590E+000  0.31377566E+001  0.11721837E+003
  0.36543543E-001  0.37203362E+000  0.31378136E+001  0.11721947E+003
  0.36544001E-001  0.37204134E+000  0.31378716E+001  0.11722059E+003
  0.36544442E-001  0.37204905E+000  0.31379308E+001  0.11722172E+003
  0.36544866E-001  0.37205671E+000  0.31379910E+001  0.11722287E+003
  0.36545273E-001  0.37206430E+000  0.31380523E+001  0.11722403E+003
  0.36545663E-001  0.37207181E+000  0.31381145E+001  0.11722520E+003
  0.36546035E-001  0.37207920E+000  0.31381778E+001  0.11722639E+003
  0.36546390E-001  0.37208645E+000  0.31382422E+001  0.11722758E+003
  0.36546728E-001  0.37209354E+000  0.31383075E+001  0.11722879E+003
  0.36547047E-001  0.37210043E+000  0.31383738E+001  0.11723001E+003
  0.36547348E-001  0.37210711E+000  0.31384411E+001  0.11723125E+003
  0.36547630E-001  0.37211355E+000  0.31385093E+001  0.11723249E+003
  0.36547894E-001  0.37211973E+000  0.31385786E+001  0.11723374E+003
  0.36548138E-001  0.37212562E+000  0.31386488E+001  0.11723501E+003
  0.36548362E-001  0.37213120E+000  0.31387199E+001  0.11723628E+003
  0.36548566E-001  0.37213645E+000  0.31387920E+001  0.11723757E+003
  0.36548751E-001  0.37214136E+000  0.31388649E+001  0.11723886E+003
  0.36548915E-001  0.37214591E+000  0.31389387E+001  0.11724017E+003
  0.36549059E-001  0.37215009E+000  0.31390134E+001  0.11724149E+003
  0.36549183E-001  0.37215389E+000  0.31390889E+001  0.11724281E+003
  0.36549287E-001  0.37215729E+000  0.31391651E+001  0.11724415E+003
  0.36549370E-001  0.37216030E+000  0.31392420E+001  0.11724549E+003
  0.36549435E-001  0.37216290E+000  0.31393194E+001  0.11724685E+003
  0.36549480E-001  0.37216512E+000  0.31393975E+001  0.11724821E+003
  0.36549507E-001  0.37216693E+000  0.31394759E+001  0.11724959E+003
  0.36549516E-001  0.37216836E+000  0.31395548E+001  0.11725097E+003
  0.36549509E-001  0.37216941E+000  0.31396338E+001  0.11725237E+003
  0.36549484E-001  0.37217009E+000  0.31397131E+001  0.11725377E+003
  0.36549445E-001  0.37217041E+000  0.31397923E+001  0.11725518E+003
  0.36549391E-001  0.37217039E+000  0.31398714E+001  0.11725661E+003
  0.36549324E-001  0.37217005E+000  0.31399503E+001  0.11725804E+003
  0.36549244E-001  0.37216941E+000  0.31400288E+001  0.11725949E+003
  0.36549153E-001  0.37216848E+000  0.31401067E+001  0.11726094E+003
  0.36549052E-001  0.37216729E+000  0.31401840E+001  0.11726240E+003
  0.36548942E-001  0.37216586E+000  0.31402605E+001  0.11726388E+003
  0.36548823E-001  0.37216421E+000  0.31403361E+001  0.11726536E+003
  0.36548698E-001  0.37216236E+000  0.31404106E+001  0.11726686E+003
  0.36548566E-001  0.37216033E+000  0.31404838E+001  0.11726836E+003
  0.36548430E-001  0.37215816E+000  0.31405557E+001  0.11726988E+003
  0.36548289E-001  0.37215585E+000  0.31406262E+001  0.11727140E+003
  0.36548146E-001  0.37215344E+000  0.31406950E+001  0.11727293E+003
  0.36548000E-001  0.37215094E+000  0.31407621E+001  0.11727448E+003
  0.36547852E-001  0.37214837E+000  0.31408273E+001  0.11727603E+003
  0.36547704E-001  0.37214575E+000  0.31408907E+001  0.11727759E+003
  0.36547557E-001  0.37214310E+000  0.31409521E+001  0.11727916E+003
  0.36547410E-001  0.37214043E+000  0.31410114E+001  0.11728074E+003
  0.36547264E-001  0.37213776E+000  0.31410686E+001  0.11728233E+003
  0.36547120E-001  0.37213510E+000  0.31411236E+001  0.11728392E+003
  0.36546978E-001  0.37213247E+000  0.31411764E+001  0.11728553E+003
  0.36546840E-001  0.37212987E+000  0.31412269E+001  0.11728714E+003
  0.36546704E-001  0.37212732E+000  0.31412752E+001  0.11728875E+003
  0.36546572E-001  0.37212482E+000  0.31413213E+001  0.11729038E+003
  0.36546444E-001  0.37212238E+000  0.31413650E+001  0.11729200E+003
  0.36546319E-001  0.37212001E+000  0.31414066E+001  0.11729364E+003
  0.36546199E-001  0.37211771E+000  0.31414459E+001  0.11729528E+003
  0.36546083E-001  0.37211549E+000  0.31414831E+001  0.11729692E+003
  0.36545971E-001  0.37211335E+000  0.31415181E+001  0.11729856E+003
  0.36545864E-001  0.37211129E+000  0.31415510E+001  0.11730021E+003
  0.36545761E-001  0.37210932E+000  0.31415819E+001  0.11730186E+003
  0.36545663E-001  0.37210743E+000  0.31416109E+001  0.11730352E+003
  0.36545569E-001  0.37210563E+000  0.31416379E+001  0.11730517E+003
  0.36545480E-001  0.37210391E+000  0.31416631E+001  0.11730682E+003
  0.36545395E-001  0.37210228E+000  0.31416866E+001  0.11730847E+003
  0.36545314E-001  0.37210073E+000  0.31417084E+001  0.11731012E+003
  0.36545238E-001  0.37209926E+000  0.31417286E+001  0.11731177E+003
  0.36545165E-001  0.37209787E+000  0.31417472E+001  0.11731342E+003
  0.36545097E-001  0.37209656E+000  0.31417644E+001  0.11731506E+003
  0.36545032E-001  0.37209532E+000  0.31417803E+001  0.11731670E+003
  0.36544971E-001  0.37209416E+000  0.31417948E+001  0.11731833E+003
  0.36544914E-001  0.37209307E+000  0.31418082E+001  0.11731996E+003
  0.36544860E-001  0.37209204E+000  0.31418204E+001  0.11732158E+003
  0.36544809E-001  0.37209108E+000  0.31418315E+001  0.11732319E+003
  0.36544762E-001  0.37209017E+000  0.31418417E+001  0.11732479E+003
  0.36544718E-001  0.37208933E+000  0.31418509E+001  0.11732639E+003
  0.36544676E-001  0.37208855E+000  0.31418593E+001  0.11732798E+003
  0.36544637E-001  0.37208781E+000  0.31418669E+001  0.11732955E+003
  0.36544601E-001  0.37208713E+000  0.31418737E+001  0.11733112E+003
  0.36544567E-001  0.37208649E+000  0.31418799E+001  0.11733267E+003
  0.36544535E-001  0.37208590E+000  0.31418855E+001  0.11733421E+003
  0.36544506E-001  0.37208535E+000  0.31418904E+001  0.11733573E+003
  0.36544479E-001  0.37208484E+000  0.31418949E+001  0.11733725E+003
  0.36544453E-001  0.37208436E+000  0.31418989E+001  0.11733875E+003
  0.36544430E-001  0.37208392E+000  0.31419024E+001  0.11734023E+003
  0.36544408E-001  0.37208352E+000  0.31419056E+001  0.11734170E+003
  0.36544387E-001  0.37208314E+000  0.31419084E+001  0.11734315E+003
  0.36544369E-001  0.37208279E+000  0.31419109E+001  0.11734459E+003
  0.36544351E-001  0.37208247E+000  0.31419130E+001  0.11734601E+003
  0.36544335E-001  0.37208218E+000  0.31419150E+001  0.11734741E+003
  0.36544320E-001  0.37208190E+000  0.31419166E+001  0.11734879E+003
  0.36544307E-001  0.37208165E+000  0.31419181E+001  0.11735015E+003
  0.36544294E-001  0.37208142E+000  0.31419194E+001  0.11735150E+003
  0.36544282E-001  0.37208120E+000  0.31419205E+001  0.11735282E+003
  0.36544271E-001  0.37208101E+000  0.31419214E+001  0.11735413E+003
  0.36544262E-001  0.37208083E+000  0.31419222E+001  0.11735541E+003
  0.36544252E-001  0.37208066E+000  0.31419229E+001  0.11735668E+003
  0.36544244E-001  0.37208051E+000  0.31419235E+001  0.11735792E+003
  0.36544236E-001  0.37208037E+000  0.31419240E+001  0.11735915E+003
  0.36544229E-001  0.37208024E+000  0.31419244E+001  0.11736035E+003
  0.36544223E-001  0.37208012E+000  0.31419247E+001  0.11736153E+003
  0.36544217E-001  0.37208002E+000  0.31419250E+001  0.11736269E+003
  0.36544211E-001  0.37207992E+000  0.31419252E+001  0.11736382E+003
  0.36544206E-001  0.37207983E+000  0.31419254E+001  0.11736494E+003
  0.36544202E-001  0.37207974E+000  0.31419255E+001  0.11736603E+003
  0.36544197E-001  0.37207967E+000  0.31419256E+001  0.11736710E+003
  0.36544193E-001  0.37207960E+000  0.31419257E+001  0.11736815E+003
  0.36544190E-001  0.37207954E+000  0.31419258E+001  0.11736917E+003
  0.36544187E-001  0.37207948E+000  0.31419258E+001  0.11737018E+003
  0.36544184E-001  0.37207943E+000  0.31419258E+001  0.11737116E+003
  0.36544181E-001  0.37207938E+000  0.31419258E+001  0.11737212E+003
  0.36544178E-001  0.37207933E+000  0.31419257E+001  0.11737305E+003
  0.36544176E-001  0.37207929E+000  0.31419257E+001  0.11737397E+003
  0.36544174E-001  0.37207926E+000  0.31419257E+001  0.11737486E+003
  0.36544172E-001  0.37207922E+000  0.31419256E+001  0.11737573E+003
  0.36544171E-001  0.37207919E+000  0.31419256E+001  0.11737658E+003
  0.36544169E-001  0.37207917E+000  0.31419255E+001  0.11737740E+003
  0.36544168E-001  0.37207914E+000  0.31419254E+001  0.11737821E+003
  0.36544166E-001  0.37207912E+000  0.31419254E+001  0.11737899E+003
  0.36544165E-001  0.37207910E+000  0.31419253E+001  0.11737975E+003
  0.36544164E-001  0.37207908E+000  0.31419253E+001  0.11738049E+003
  0.36544163E-001  0.37207906E+000  0.31419252E+001  0.11738121E+003
