  0.10618790E+000
  0.10619380E+000
  0.10619777E+000
  0.10620062E+000
  0.10620276E+000
  0.10620441E+000
  0.10620572E+000
  0.10620680E+000
  0.10620770E+000
  0.10620849E+000
  0.10620919E+000
  0.10620983E+000
  0.10621042E+000
  0.10621097E+000
  0.10621149E+000
  0.10621200E+000
  0.10621248E+000
  0.10621295E+000
  0.10621341E+000
  0.10621386E+000
  0.10621430E+000
  0.10621472E+000
  0.10621515E+000
  0.10621556E+000
  0.10621597E+000
  0.10621638E+000
  0.10621678E+000
  0.10621718E+000
  0.10621757E+000
  0.10621797E+000
  0.10621837E+000
  0.10621877E+000
  0.10621917E+000
  0.10621958E+000
  0.10622000E+000
  0.10622043E+000
  0.10622087E+000
  0.10622132E+000
  0.10622179E+000
  0.10622226E+000
  0.10622276E+000
  0.10622327E+000
  0.10622380E+000
  0.10622435E+000
  0.10622492E+000
  0.10622551E+000
  0.10622612E+000
  0.10622675E+000
  0.10622740E+000
  0.10622808E+000
  0.10622878E+000
  0.10622950E+000
  0.10623024E+000
  0.10623101E+000
  0.10623180E+000
  0.10623262E+000
  0.10623346E+000
  0.10623432E+000
  0.10623520E+000
  0.10623611E+000
  0.10623705E+000
  0.10623800E+000
  0.10623898E+000
  0.10623998E+000
  0.10624100E+000
  0.10624205E+000
  0.10624311E+000
  0.10624420E+000
  0.10624531E+000
  0.10624644E+000
  0.10624758E+000
  0.10624875E+000
  0.10624993E+000
  0.10625114E+000
  0.10625236E+000
  0.10625359E+000
  0.10625485E+000
  0.10625611E+000
  0.10625740E+000
  0.10625869E+000
  0.10626000E+000
  0.10626132E+000
  0.10626266E+000
  0.10626400E+000
  0.10626535E+000
  0.10626672E+000
  0.10626809E+000
  0.10626947E+000
  0.10627085E+000
  0.10627224E+000
  0.10627364E+000
  0.10627504E+000
  0.10627644E+000
  0.10627785E+000
  0.10627925E+000
  0.10628067E+000
  0.10628208E+000
  0.10628349E+000
  0.10628491E+000
  0.10628632E+000
  0.10628774E+000
  0.10628916E+000
  0.10629058E+000
  0.10629199E+000
  0.10629341E+000
  0.10629483E+000
  0.10629626E+000
  0.10629768E+000
  0.10629910E+000
  0.10630053E+000
  0.10630195E+000
  0.10630338E+000
  0.10630481E+000
  0.10630624E+000
  0.10630768E+000
  0.10630912E+000
  0.10631056E+000
  0.10631201E+000
  0.10631345E+000
  0.10631491E+000
  0.10631636E+000
  0.10631782E+000
  0.10631929E+000
  0.10632076E+000
  0.10632223E+000
  0.10632371E+000
  0.10632520E+000
  0.10632669E+000
  0.10632818E+000
  0.10632968E+000
  0.10633118E+000
  0.10633269E+000
  0.10633420E+000
  0.10633572E+000
  0.10633724E+000
  0.10633877E+000
  0.10634030E+000
  0.10634183E+000
  0.10634336E+000
  0.10634490E+000
  0.10634644E+000
  0.10634798E+000
  0.10634953E+000
  0.10635107E+000
  0.10635262E+000
  0.10635417E+000
  0.10635571E+000
  0.10635726E+000
  0.10635880E+000
  0.10636034E+000
  0.10636188E+000
  0.10636342E+000
  0.10636495E+000
  0.10636648E+000
  0.10636800E+000
  0.10636952E+000
  0.10637103E+000
  0.10637253E+000
  0.10637403E+000
  0.10637552E+000
  0.10637699E+000
  0.10637846E+000
  0.10637992E+000
  0.10638137E+000
  0.10638281E+000
  0.10638424E+000
  0.10638565E+000
  0.10638705E+000
  0.10638844E+000
  0.10638982E+000
  0.10639117E+000
  0.10639252E+000
  0.10639385E+000
  0.10639516E+000
  0.10639645E+000
  0.10639773E+000
  0.10639899E+000
  0.10640024E+000
  0.10640146E+000
  0.10640267E+000
  0.10640386E+000
  0.10640502E+000
  0.10640617E+000
  0.10640730E+000
  0.10640841E+000
  0.10640950E+000
  0.10641057E+000
  0.10641162E+000
  0.10641265E+000
  0.10641366E+000
  0.10641465E+000
  0.10641561E+000
  0.10641656E+000
  0.10641748E+000
  0.10641839E+000
  0.10641927E+000
  0.10642013E+000
  0.10642098E+000
  0.10642180E+000
  0.10642260E+000
