  0.15876857E+001
  0.15876839E+001
  0.15876852E+001
  0.15876885E+001
  0.15876931E+001
  0.15876986E+001
  0.15877047E+001
  0.15877113E+001
  0.15877181E+001
  0.15877252E+001
  0.15877324E+001
  0.15877397E+001
  0.15877470E+001
  0.15877544E+001
  0.15877618E+001
  0.15877693E+001
  0.15877767E+001
  0.15877842E+001
  0.15877918E+001
  0.15877993E+001
  0.15878069E+001
  0.15878145E+001
  0.15878221E+001
  0.15878298E+001
  0.15878375E+001
  0.15878452E+001
  0.15878529E+001
  0.15878607E+001
  0.15878684E+001
  0.15878761E+001
  0.15878839E+001
  0.15878916E+001
  0.15878993E+001
  0.15879070E+001
  0.15879147E+001
  0.15879223E+001
  0.15879298E+001
  0.15879372E+001
  0.15879446E+001
  0.15879519E+001
  0.15879591E+001
  0.15879662E+001
  0.15879731E+001
  0.15879798E+001
  0.15879865E+001
  0.15879929E+001
  0.15879991E+001
  0.15880051E+001
  0.15880109E+001
  0.15880165E+001
  0.15880217E+001
  0.15880267E+001
  0.15880314E+001
  0.15880357E+001
  0.15880397E+001
  0.15880433E+001
  0.15880465E+001
  0.15880493E+001
  0.15880517E+001
  0.15880536E+001
  0.15880551E+001
  0.15880561E+001
  0.15880566E+001
  0.15880565E+001
  0.15880560E+001
  0.15880549E+001
  0.15880534E+001
  0.15880512E+001
  0.15880486E+001
  0.15880455E+001
  0.15880419E+001
  0.15880378E+001
  0.15880333E+001
  0.15880283E+001
  0.15880230E+001
  0.15880173E+001
  0.15880113E+001
  0.15880050E+001
  0.15879984E+001
  0.15879917E+001
  0.15879849E+001
  0.15879779E+001
  0.15879709E+001
  0.15879638E+001
  0.15879568E+001
  0.15879498E+001
  0.15879430E+001
  0.15879362E+001
  0.15879295E+001
  0.15879231E+001
  0.15879167E+001
  0.15879106E+001
  0.15879046E+001
  0.15878989E+001
  0.15878933E+001
  0.15878879E+001
  0.15878827E+001
  0.15878776E+001
  0.15878728E+001
  0.15878681E+001
  0.15878635E+001
  0.15878591E+001
  0.15878547E+001
  0.15878505E+001
  0.15878464E+001
  0.15878424E+001
  0.15878385E+001
  0.15878347E+001
  0.15878309E+001
  0.15878272E+001
  0.15878235E+001
  0.15878199E+001
  0.15878163E+001
  0.15878127E+001
  0.15878092E+001
  0.15878058E+001
  0.15878023E+001
  0.15877989E+001
  0.15877955E+001
  0.15877922E+001
  0.15877888E+001
  0.15877855E+001
  0.15877823E+001
  0.15877790E+001
  0.15877758E+001
  0.15877727E+001
  0.15877695E+001
  0.15877664E+001
  0.15877633E+001
  0.15877603E+001
  0.15877573E+001
  0.15877543E+001
  0.15877514E+001
  0.15877486E+001
  0.15877458E+001
  0.15877430E+001
  0.15877403E+001
  0.15877376E+001
  0.15877350E+001
  0.15877325E+001
  0.15877300E+001
  0.15877276E+001
  0.15877252E+001
  0.15877229E+001
  0.15877206E+001
  0.15877184E+001
  0.15877163E+001
  0.15877143E+001
  0.15877123E+001
  0.15877104E+001
  0.15877085E+001
  0.15877067E+001
  0.15877050E+001
  0.15877033E+001
  0.15877018E+001
  0.15877002E+001
  0.15876988E+001
  0.15876974E+001
  0.15876960E+001
  0.15876948E+001
  0.15876936E+001
  0.15876924E+001
  0.15876913E+001
  0.15876903E+001
  0.15876893E+001
  0.15876884E+001
  0.15876875E+001
  0.15876867E+001
  0.15876860E+001
  0.15876852E+001
  0.15876846E+001
  0.15876840E+001
  0.15876834E+001
  0.15876829E+001
  0.15876824E+001
  0.15876819E+001
  0.15876815E+001
  0.15876811E+001
  0.15876808E+001
  0.15876805E+001
  0.15876802E+001
  0.15876800E+001
  0.15876798E+001
  0.15876796E+001
  0.15876794E+001
  0.15876793E+001
  0.15876791E+001
  0.15876791E+001
  0.15876790E+001
  0.15876789E+001
  0.15876789E+001
  0.15876789E+001
  0.15876789E+001
  0.15876789E+001
  0.15876789E+001
  0.15876789E+001
  0.15876790E+001
  0.15876791E+001
  0.15876791E+001
  0.15876792E+001
