  0.10978948E+001  0.57858929E+000  0.92173896E+000  0.37525202E+001
  0.10978954E+001  0.57859111E+000  0.92174524E+000  0.37525043E+001
  0.10978968E+001  0.57859303E+000  0.92175178E+000  0.37524996E+001
  0.10978987E+001  0.57859500E+000  0.92175840E+000  0.37525022E+001
  0.10979011E+001  0.57859698E+000  0.92176504E+000  0.37525097E+001
  0.10979036E+001  0.57859896E+000  0.92177165E+000  0.37525206E+001
  0.10979064E+001  0.57860093E+000  0.92177822E+000  0.37525338E+001
  0.10979094E+001  0.57860288E+000  0.92178473E+000  0.37525486E+001
  0.10979124E+001  0.57860481E+000  0.92179117E+000  0.37525646E+001
  0.10979155E+001  0.57860671E+000  0.92179755E+000  0.37525815E+001
  0.10979187E+001  0.57860858E+000  0.92180386E+000  0.37525989E+001
  0.10979218E+001  0.57861043E+000  0.92181011E+000  0.37526167E+001
  0.10979250E+001  0.57861225E+000  0.92181630E+000  0.37526350E+001
  0.10979281E+001  0.57861404E+000  0.92182244E+000  0.37526535E+001
  0.10979312E+001  0.57861580E+000  0.92182853E+000  0.37526722E+001
  0.10979342E+001  0.57861753E+000  0.92183458E+000  0.37526912E+001
  0.10979373E+001  0.57861924E+000  0.92184059E+000  0.37527103E+001
  0.10979403E+001  0.57862093E+000  0.92184657E+000  0.37527297E+001
  0.10979432E+001  0.57862259E+000  0.92185251E+000  0.37527492E+001
  0.10979461E+001  0.57862423E+000  0.92185842E+000  0.37527690E+001
  0.10979490E+001  0.57862585E+000  0.92186431E+000  0.37527889E+001
  0.10979518E+001  0.57862745E+000  0.92187017E+000  0.37528091E+001
  0.10979546E+001  0.57862904E+000  0.92187602E+000  0.37528294E+001
  0.10979573E+001  0.57863061E+000  0.92188185E+000  0.37528499E+001
  0.10979600E+001  0.57863217E+000  0.92188767E+000  0.37528706E+001
  0.10979626E+001  0.57863371E+000  0.92189347E+000  0.37528914E+001
  0.10979652E+001  0.57863523E+000  0.92189925E+000  0.37529124E+001
  0.10979678E+001  0.57863674E+000  0.92190503E+000  0.37529335E+001
  0.10979702E+001  0.57863824E+000  0.92191079E+000  0.37529548E+001
  0.10979727E+001  0.57863972E+000  0.92191654E+000  0.37529761E+001
  0.10979750E+001  0.57864118E+000  0.92192227E+000  0.37529975E+001
  0.10979773E+001  0.57864261E+000  0.92192798E+000  0.37530190E+001
  0.10979796E+001  0.57864403E+000  0.92193367E+000  0.37530405E+001
  0.10979817E+001  0.57864541E+000  0.92193934E+000  0.37530621E+001
  0.10979838E+001  0.57864677E+000  0.92194498E+000  0.37530836E+001
  0.10979857E+001  0.57864808E+000  0.92195059E+000  0.37531051E+001
  0.10979876E+001  0.57864936E+000  0.92195615E+000  0.37531265E+001
  0.10979893E+001  0.57865059E+000  0.92196167E+000  0.37531479E+001
  0.10979910E+001  0.57865178E+000  0.92196713E+000  0.37531691E+001
  0.10979925E+001  0.57865290E+000  0.92197253E+000  0.37531902E+001
  0.10979938E+001  0.57865396E+000  0.92197785E+000  0.37532112E+001
  0.10979950E+001  0.57865495E+000  0.92198309E+000  0.37532320E+001
  0.10979961E+001  0.57865587E+000  0.92198823E+000  0.37532526E+001
  0.10979969E+001  0.57865670E+000  0.92199325E+000  0.37532730E+001
  0.10979976E+001  0.57865744E+000  0.92199816E+000  0.37532931E+001
  0.10979980E+001  0.57865809E+000  0.92200292E+000  0.37533130E+001
  0.10979983E+001  0.57865864E+000  0.92200752E+000  0.37533325E+001
  0.10979983E+001  0.57865908E+000  0.92201193E+000  0.37533517E+001
  0.10979980E+001  0.57865940E+000  0.92201615E+000  0.37533706E+001
  0.10979975E+001  0.57865960E+000  0.92202014E+000  0.37533890E+001
  0.10979968E+001  0.57865968E+000  0.92202389E+000  0.37534070E+001
  0.10979957E+001  0.57865963E+000  0.92202735E+000  0.37534246E+001
  0.10979944E+001  0.57865945E+000  0.92203050E+000  0.37534416E+001
  0.10979928E+001  0.57865913E+000  0.92203332E+000  0.37534581E+001
  0.10979909E+001  0.57865867E+000  0.92203576E+000  0.37534739E+001
  0.10979886E+001  0.57865808E+000  0.92203780E+000  0.37534892E+001
  0.10979861E+001  0.57865735E+000  0.92203939E+000  0.37535038E+001
  0.10979832E+001  0.57865648E+000  0.92204051E+000  0.37535176E+001
  0.10979801E+001  0.57865548E+000  0.92204112E+000  0.37535306E+001
  0.10979766E+001  0.57865435E+000  0.92204118E+000  0.37535429E+001
  0.10979729E+001  0.57865309E+000  0.92204068E+000  0.37535542E+001
  0.10979689E+001  0.57865170E+000  0.92203958E+000  0.37535646E+001
  0.10979646E+001  0.57865020E+000  0.92203788E+000  0.37535741E+001
  0.10979600E+001  0.57864857E+000  0.92203556E+000  0.37535825E+001
  0.10979552E+001  0.57864684E+000  0.92203262E+000  0.37535898E+001
  0.10979502E+001  0.57864500E+000  0.92202906E+000  0.37535960E+001
  0.10979449E+001  0.57864306E+000  0.92202490E+000  0.37536010E+001
  0.10979395E+001  0.57864102E+000  0.92202016E+000  0.37536048E+001
  0.10979339E+001  0.57863890E+000  0.92201487E+000  0.37536073E+001
  0.10979281E+001  0.57863671E+000  0.92200908E+000  0.37536086E+001
  0.10979222E+001  0.57863444E+000  0.92200281E+000  0.37536086E+001
  0.10979162E+001  0.57863211E+000  0.92199613E+000  0.37536072E+001
  0.10979101E+001  0.57862973E+000  0.92198909E+000  0.37536046E+001
  0.10979040E+001  0.57862731E+000  0.92198174E+000  0.37536007E+001
  0.10978977E+001  0.57862486E+000  0.92197414E+000  0.37535956E+001
  0.10978915E+001  0.57862240E+000  0.92196635E+000  0.37535893E+001
  0.10978852E+001  0.57861994E+000  0.92195842E+000  0.37535820E+001
  0.10978789E+001  0.57861748E+000  0.92195043E+000  0.37535735E+001
  0.10978726E+001  0.57861505E+000  0.92194241E+000  0.37535642E+001
  0.10978664E+001  0.57861265E+000  0.92193442E+000  0.37535540E+001
  0.10978601E+001  0.57861030E+000  0.92192650E+000  0.37535431E+001
  0.10978539E+001  0.57860800E+000  0.92191870E+000  0.37535315E+001
  0.10978477E+001  0.57860577E+000  0.92191106E+000  0.37535195E+001
  0.10978415E+001  0.57860362E+000  0.92190360E+000  0.37535071E+001
  0.10978353E+001  0.57860155E+000  0.92189637E+000  0.37534945E+001
  0.10978292E+001  0.57859957E+000  0.92188937E+000  0.37534817E+001
  0.10978231E+001  0.57859769E+000  0.92188264E+000  0.37534689E+001
  0.10978170E+001  0.57859590E+000  0.92187620E+000  0.37534561E+001
  0.10978109E+001  0.57859422E+000  0.92187004E+000  0.37534434E+001
  0.10978049E+001  0.57859264E+000  0.92186419E+000  0.37534310E+001
  0.10977988E+001  0.57859117E+000  0.92185864E+000  0.37534188E+001
  0.10977927E+001  0.57858980E+000  0.92185341E+000  0.37534069E+001
  0.10977866E+001  0.57858853E+000  0.92184848E+000  0.37533954E+001
  0.10977805E+001  0.57858736E+000  0.92184386E+000  0.37533842E+001
  0.10977744E+001  0.57858628E+000  0.92183954E+000  0.37533734E+001
  0.10977683E+001  0.57858530E+000  0.92183552E+000  0.37533630E+001
  0.10977621E+001  0.57858440E+000  0.92183179E+000  0.37533529E+001
  0.10977559E+001  0.57858357E+000  0.92182833E+000  0.37533432E+001
  0.10977497E+001  0.57858282E+000  0.92182515E+000  0.37533339E+001
  0.10977434E+001  0.57858213E+000  0.92182222E+000  0.37533249E+001
  0.10977372E+001  0.57858149E+000  0.92181954E+000  0.37533162E+001
  0.10977309E+001  0.57858090E+000  0.92181709E+000  0.37533078E+001
  0.10977246E+001  0.57858035E+000  0.92181487E+000  0.37532996E+001
  0.10977182E+001  0.57857982E+000  0.92181286E+000  0.37532917E+001
  0.10977119E+001  0.57857932E+000  0.92181105E+000  0.37532839E+001
  0.10977056E+001  0.57857882E+000  0.92180942E+000  0.37532764E+001
  0.10976992E+001  0.57857832E+000  0.92180798E+000  0.37532690E+001
  0.10976929E+001  0.57857781E+000  0.92180669E+000  0.37532617E+001
  0.10976866E+001  0.57857729E+000  0.92180557E+000  0.37532545E+001
  0.10976803E+001  0.57857674E+000  0.92180458E+000  0.37532475E+001
  0.10976740E+001  0.57857616E+000  0.92180373E+000  0.37532405E+001
  0.10976678E+001  0.57857554E+000  0.92180300E+000  0.37532335E+001
  0.10976616E+001  0.57857487E+000  0.92180239E+000  0.37532267E+001
  0.10976555E+001  0.57857415E+000  0.92180188E+000  0.37532198E+001
  0.10976495E+001  0.57857338E+000  0.92180146E+000  0.37532130E+001
  0.10976435E+001  0.57857254E+000  0.92180113E+000  0.37532063E+001
  0.10976377E+001  0.57857164E+000  0.92180088E+000  0.37531995E+001
  0.10976319E+001  0.57857068E+000  0.92180070E+000  0.37531928E+001
  0.10976262E+001  0.57856965E+000  0.92180058E+000  0.37531861E+001
  0.10976206E+001  0.57856856E+000  0.92180051E+000  0.37531795E+001
  0.10976152E+001  0.57856740E+000  0.92180049E+000  0.37531728E+001
  0.10976098E+001  0.57856617E+000  0.92180050E+000  0.37531662E+001
  0.10976046E+001  0.57856488E+000  0.92180055E+000  0.37531595E+001
  0.10975995E+001  0.57856354E+000  0.92180062E+000  0.37531529E+001
  0.10975946E+001  0.57856213E+000  0.92180072E+000  0.37531464E+001
  0.10975897E+001  0.57856068E+000  0.92180082E+000  0.37531398E+001
  0.10975851E+001  0.57855917E+000  0.92180094E+000  0.37531333E+001
  0.10975805E+001  0.57855763E+000  0.92180106E+000  0.37531269E+001
  0.10975761E+001  0.57855605E+000  0.92180118E+000  0.37531204E+001
  0.10975719E+001  0.57855443E+000  0.92180129E+000  0.37531140E+001
  0.10975678E+001  0.57855280E+000  0.92180140E+000  0.37531077E+001
  0.10975638E+001  0.57855114E+000  0.92180149E+000  0.37531014E+001
  0.10975600E+001  0.57854946E+000  0.92180157E+000  0.37530952E+001
  0.10975564E+001  0.57854778E+000  0.92180163E+000  0.37530890E+001
  0.10975528E+001  0.57854610E+000  0.92180167E+000  0.37530829E+001
  0.10975495E+001  0.57854442E+000  0.92180170E+000  0.37530769E+001
  0.10975462E+001  0.57854275E+000  0.92180170E+000  0.37530709E+001
  0.10975431E+001  0.57854110E+000  0.92180168E+000  0.37530650E+001
  0.10975402E+001  0.57853946E+000  0.92180164E+000  0.37530593E+001
  0.10975374E+001  0.57853784E+000  0.92180158E+000  0.37530536E+001
  0.10975347E+001  0.57853625E+000  0.92180149E+000  0.37530480E+001
  0.10975321E+001  0.57853470E+000  0.92180139E+000  0.37530425E+001
  0.10975297E+001  0.57853318E+000  0.92180126E+000  0.37530371E+001
  0.10975273E+001  0.57853169E+000  0.92180112E+000  0.37530318E+001
  0.10975251E+001  0.57853025E+000  0.92180095E+000  0.37530266E+001
  0.10975230E+001  0.57852884E+000  0.92180077E+000  0.37530216E+001
  0.10975210E+001  0.57852748E+000  0.92180058E+000  0.37530167E+001
  0.10975191E+001  0.57852617E+000  0.92180037E+000  0.37530119E+001
  0.10975174E+001  0.57852490E+000  0.92180015E+000  0.37530072E+001
  0.10975157E+001  0.57852368E+000  0.92179991E+000  0.37530026E+001
  0.10975141E+001  0.57852251E+000  0.92179967E+000  0.37529982E+001
  0.10975126E+001  0.57852139E+000  0.92179942E+000  0.37529940E+001
  0.10975111E+001  0.57852031E+000  0.92179917E+000  0.37529898E+001
  0.10975098E+001  0.57851928E+000  0.92179891E+000  0.37529858E+001
  0.10975085E+001  0.57851830E+000  0.92179864E+000  0.37529820E+001
  0.10975074E+001  0.57851737E+000  0.92179838E+000  0.37529783E+001
  0.10975062E+001  0.57851648E+000  0.92179811E+000  0.37529747E+001
  0.10975052E+001  0.57851563E+000  0.92179785E+000  0.37529713E+001
  0.10975042E+001  0.57851483E+000  0.92179759E+000  0.37529680E+001
  0.10975033E+001  0.57851408E+000  0.92179733E+000  0.37529648E+001
  0.10975024E+001  0.57851336E+000  0.92179708E+000  0.37529618E+001
  0.10975016E+001  0.57851268E+000  0.92179683E+000  0.37529590E+001
  0.10975008E+001  0.57851204E+000  0.92179658E+000  0.37529563E+001
  0.10975001E+001  0.57851144E+000  0.92179635E+000  0.37529537E+001
  0.10974995E+001  0.57851088E+000  0.92179612E+000  0.37529513E+001
  0.10974988E+001  0.57851035E+000  0.92179589E+000  0.37529490E+001
  0.10974983E+001  0.57850985E+000  0.92179568E+000  0.37529468E+001
  0.10974977E+001  0.57850938E+000  0.92179547E+000  0.37529448E+001
  0.10974972E+001  0.57850894E+000  0.92179527E+000  0.37529429E+001
  0.10974967E+001  0.57850853E+000  0.92179508E+000  0.37529411E+001
  0.10974963E+001  0.57850814E+000  0.92179490E+000  0.37529394E+001
  0.10974959E+001  0.57850778E+000  0.92179473E+000  0.37529379E+001
  0.10974955E+001  0.57850745E+000  0.92179456E+000  0.37529365E+001
  0.10974952E+001  0.57850714E+000  0.92179441E+000  0.37529352E+001
  0.10974948E+001  0.57850684E+000  0.92179426E+000  0.37529340E+001
  0.10974945E+001  0.57850657E+000  0.92179412E+000  0.37529329E+001
  0.10974942E+001  0.57850632E+000  0.92179399E+000  0.37529319E+001
  0.10974940E+001  0.57850608E+000  0.92179386E+000  0.37529311E+001
  0.10974937E+001  0.57850586E+000  0.92179374E+000  0.37529303E+001
  0.10974935E+001  0.57850566E+000  0.92179363E+000  0.37529296E+001
  0.10974933E+001  0.57850547E+000  0.92179353E+000  0.37529290E+001
  0.10974931E+001  0.57850530E+000  0.92179344E+000  0.37529285E+001
  0.10974929E+001  0.57850514E+000  0.92179335E+000  0.37529280E+001
  0.10974928E+001  0.57850499E+000  0.92179326E+000  0.37529277E+001
  0.10974926E+001  0.57850485E+000  0.92179318E+000  0.37529274E+001
  0.10974925E+001  0.57850472E+000  0.92179311E+000  0.37529272E+001
  0.10974923E+001  0.57850460E+000  0.92179304E+000  0.37529271E+001
  0.10974922E+001  0.57850449E+000  0.92179298E+000  0.37529270E+001
  0.10974921E+001  0.57850439E+000  0.92179292E+000  0.37529270E+001
  0.10974920E+001  0.57850429E+000  0.92179287E+000  0.37529270E+001
  0.10974919E+001  0.57850421E+000  0.92179282E+000  0.37529271E+001
  0.10974918E+001  0.57850413E+000  0.92179278E+000  0.37529272E+001
  0.10974918E+001  0.57850405E+000  0.92179273E+000  0.37529274E+001
  0.10974917E+001  0.57850399E+000  0.92179270E+000  0.37529276E+001
  0.10974916E+001  0.57850392E+000  0.92179266E+000  0.37529279E+001
  0.10974915E+001  0.57850387E+000  0.92179263E+000  0.37529282E+001
  0.10974915E+001  0.57850381E+000  0.92179260E+000  0.37529285E+001
  0.10974914E+001  0.57850376E+000  0.92179257E+000  0.37529289E+001
  0.10974914E+001  0.57850372E+000  0.92179255E+000  0.37529293E+001
  0.10974913E+001  0.57850368E+000  0.92179252E+000  0.37529297E+001
