 -0.15585874E+000  0.23052749E+000  0.22780694E+001  0.39980051E+001
 -0.15585953E+000  0.23053389E+000  0.22780823E+001  0.39979795E+001
 -0.15586054E+000  0.23054016E+000  0.22780950E+001  0.39979666E+001
 -0.15586157E+000  0.23054613E+000  0.22781076E+001  0.39979622E+001
 -0.15586256E+000  0.23055179E+000  0.22781200E+001  0.39979636E+001
 -0.15586351E+000  0.23055716E+000  0.22781322E+001  0.39979690E+001
 -0.15586441E+000  0.23056226E+000  0.22781442E+001  0.39979774E+001
 -0.15586524E+000  0.23056711E+000  0.22781559E+001  0.39979879E+001
 -0.15586601E+000  0.23057174E+000  0.22781674E+001  0.39980000E+001
 -0.15586673E+000  0.23057618E+000  0.22781786E+001  0.39980132E+001
 -0.15586739E+000  0.23058043E+000  0.22781896E+001  0.39980274E+001
 -0.15586799E+000  0.23058452E+000  0.22782003E+001  0.39980423E+001
 -0.15586856E+000  0.23058848E+000  0.22782107E+001  0.39980578E+001
 -0.15586908E+000  0.23059232E+000  0.22782210E+001  0.39980738E+001
 -0.15586957E+000  0.23059604E+000  0.22782310E+001  0.39980903E+001
 -0.15587003E+000  0.23059967E+000  0.22782408E+001  0.39981071E+001
 -0.15587046E+000  0.23060321E+000  0.22782505E+001  0.39981242E+001
 -0.15587086E+000  0.23060668E+000  0.22782599E+001  0.39981417E+001
 -0.15587124E+000  0.23061007E+000  0.22782693E+001  0.39981595E+001
 -0.15587160E+000  0.23061339E+000  0.22782785E+001  0.39981775E+001
 -0.15587194E+000  0.23061666E+000  0.22782876E+001  0.39981957E+001
 -0.15587226E+000  0.23061987E+000  0.22782967E+001  0.39982143E+001
 -0.15587257E+000  0.23062303E+000  0.22783056E+001  0.39982330E+001
 -0.15587286E+000  0.23062615E+000  0.22783145E+001  0.39982519E+001
 -0.15587314E+000  0.23062923E+000  0.22783234E+001  0.39982709E+001
 -0.15587340E+000  0.23063227E+000  0.22783322E+001  0.39982902E+001
 -0.15587366E+000  0.23063527E+000  0.22783410E+001  0.39983095E+001
 -0.15587390E+000  0.23063825E+000  0.22783498E+001  0.39983290E+001
 -0.15587413E+000  0.23064120E+000  0.22783585E+001  0.39983485E+001
 -0.15587434E+000  0.23064414E+000  0.22783672E+001  0.39983681E+001
 -0.15587455E+000  0.23064705E+000  0.22783759E+001  0.39983876E+001
 -0.15587475E+000  0.23064995E+000  0.22783846E+001  0.39984071E+001
 -0.15587494E+000  0.23065284E+000  0.22783933E+001  0.39984266E+001
 -0.15587511E+000  0.23065572E+000  0.22784020E+001  0.39984459E+001
 -0.15587528E+000  0.23065859E+000  0.22784107E+001  0.39984651E+001
 -0.15587543E+000  0.23066147E+000  0.22784194E+001  0.39984841E+001
 -0.15587558E+000  0.23066435E+000  0.22784280E+001  0.39985028E+001
 -0.15587571E+000  0.23066724E+000  0.22784367E+001  0.39985213E+001
 -0.15587583E+000  0.23067013E+000  0.22784454E+001  0.39985393E+001
 -0.15587594E+000  0.23067304E+000  0.22784541E+001  0.39985570E+001
 -0.15587604E+000  0.23067597E+000  0.22784627E+001  0.39985742E+001
 -0.15587612E+000  0.23067891E+000  0.22784714E+001  0.39985909E+001
 -0.15587619E+000  0.23068188E+000  0.22784801E+001  0.39986070E+001
 -0.15587625E+000  0.23068488E+000  0.22784888E+001  0.39986225E+001
 -0.15587629E+000  0.23068790E+000  0.22784975E+001  0.39986372E+001
 -0.15587632E+000  0.23069096E+000  0.22785062E+001  0.39986512E+001
 -0.15587633E+000  0.23069406E+000  0.22785149E+001  0.39986643E+001
 -0.15587632E+000  0.23069721E+000  0.22785237E+001  0.39986765E+001
 -0.15587629E+000  0.23070041E+000  0.22785324E+001  0.39986876E+001
 -0.15587624E+000  0.23070366E+000  0.22785412E+001  0.39986977E+001
 -0.15587617E+000  0.23070699E+000  0.22785500E+001  0.39987066E+001
 -0.15587608E+000  0.23071038E+000  0.22785587E+001  0.39987143E+001
 -0.15587597E+000  0.23071386E+000  0.22785675E+001  0.39987206E+001
 -0.15587583E+000  0.23071742E+000  0.22785764E+001  0.39987254E+001
 -0.15587567E+000  0.23072109E+000  0.22785852E+001  0.39987286E+001
 -0.15587484E+000  0.23072423E+000  0.22785941E+001  0.39987302E+001
 -0.15587393E+000  0.23072744E+000  0.22786030E+001  0.39987301E+001
 -0.15587297E+000  0.23073076E+000  0.22786120E+001  0.39987281E+001
 -0.15587195E+000  0.23073420E+000  0.22786210E+001  0.39987241E+001
 -0.15587087E+000  0.23073778E+000  0.22786301E+001  0.39987181E+001
 -0.15586973E+000  0.23074151E+000  0.22786393E+001  0.39987098E+001
 -0.15586854E+000  0.23074541E+000  0.22786486E+001  0.39986993E+001
 -0.15586729E+000  0.23074949E+000  0.22786580E+001  0.39986865E+001
 -0.15586599E+000  0.23075378E+000  0.22786676E+001  0.39986712E+001
 -0.15586464E+000  0.23075830E+000  0.22786774E+001  0.39986534E+001
 -0.15586324E+000  0.23076305E+000  0.22786874E+001  0.39986330E+001
 -0.15586179E+000  0.23076807E+000  0.22786976E+001  0.39986100E+001
 -0.15586030E+000  0.23077337E+000  0.22787081E+001  0.39985843E+001
 -0.15585877E+000  0.23077896E+000  0.22787190E+001  0.39985558E+001
 -0.15585720E+000  0.23078487E+000  0.22787301E+001  0.39985247E+001
 -0.15585559E+000  0.23079111E+000  0.22787417E+001  0.39984908E+001
 -0.15585395E+000  0.23079770E+000  0.22787537E+001  0.39984543E+001
 -0.15585228E+000  0.23080466E+000  0.22787661E+001  0.39984151E+001
 -0.15585058E+000  0.23081199E+000  0.22787790E+001  0.39983733E+001
 -0.15584886E+000  0.23081971E+000  0.22787925E+001  0.39983291E+001
 -0.15584712E+000  0.23082783E+000  0.22788065E+001  0.39982824E+001
 -0.15584536E+000  0.23083636E+000  0.22788211E+001  0.39982334E+001
 -0.15584358E+000  0.23084532E+000  0.22788363E+001  0.39981823E+001
 -0.15584180E+000  0.23085470E+000  0.22788522E+001  0.39981292E+001
 -0.15584000E+000  0.23086453E+000  0.22788687E+001  0.39980742E+001
 -0.15583820E+000  0.23087480E+000  0.22788859E+001  0.39980174E+001
 -0.15583640E+000  0.23088552E+000  0.22789038E+001  0.39979592E+001
 -0.15583459E+000  0.23089670E+000  0.22789224E+001  0.39978996E+001
 -0.15583279E+000  0.23090834E+000  0.22789416E+001  0.39978387E+001
 -0.15583098E+000  0.23092044E+000  0.22789615E+001  0.39977768E+001
 -0.15582919E+000  0.23093300E+000  0.22789820E+001  0.39977141E+001
 -0.15582739E+000  0.23094602E+000  0.22790032E+001  0.39976505E+001
 -0.15582561E+000  0.23095951E+000  0.22790249E+001  0.39975864E+001
 -0.15582384E+000  0.23097346E+000  0.22790472E+001  0.39975219E+001
 -0.15582207E+000  0.23098786E+000  0.22790700E+001  0.39974569E+001
 -0.15582032E+000  0.23100271E+000  0.22790933E+001  0.39973917E+001
 -0.15581858E+000  0.23101800E+000  0.22791171E+001  0.39973264E+001
 -0.15581685E+000  0.23103371E+000  0.22791412E+001  0.39972609E+001
 -0.15581514E+000  0.23104984E+000  0.22791658E+001  0.39971955E+001
 -0.15581344E+000  0.23106636E+000  0.22791907E+001  0.39971301E+001
 -0.15581176E+000  0.23108327E+000  0.22792159E+001  0.39970647E+001
 -0.15581010E+000  0.23110053E+000  0.22792414E+001  0.39969994E+001
 -0.15580846E+000  0.23111812E+000  0.22792672E+001  0.39969342E+001
 -0.15580683E+000  0.23113601E+000  0.22792932E+001  0.39968692E+001
 -0.15580523E+000  0.23115419E+000  0.22793195E+001  0.39968043E+001
 -0.15580364E+000  0.23117260E+000  0.22793460E+001  0.39967395E+001
 -0.15580208E+000  0.23119123E+000  0.22793727E+001  0.39966748E+001
 -0.15580055E+000  0.23121003E+000  0.22793997E+001  0.39966103E+001
 -0.15579903E+000  0.23122896E+000  0.22794269E+001  0.39965458E+001
 -0.15579755E+000  0.23124800E+000  0.22794543E+001  0.39964814E+001
 -0.15579609E+000  0.23126709E+000  0.22794821E+001  0.39964172E+001
 -0.15579466E+000  0.23128619E+000  0.22795101E+001  0.39963529E+001
 -0.15579326E+000  0.23130527E+000  0.22795384E+001  0.39962887E+001
 -0.15579189E+000  0.23132428E+000  0.22795670E+001  0.39962246E+001
 -0.15579055E+000  0.23134319E+000  0.22795960E+001  0.39961605E+001
 -0.15578924E+000  0.23136194E+000  0.22796253E+001  0.39960964E+001
 -0.15578797E+000  0.23138050E+000  0.22796550E+001  0.39960324E+001
 -0.15578673E+000  0.23139883E+000  0.22796851E+001  0.39959684E+001
 -0.15578553E+000  0.23141690E+000  0.22797156E+001  0.39959044E+001
 -0.15578436E+000  0.23143467E+000  0.22797466E+001  0.39958405E+001
 -0.15578323E+000  0.23145210E+000  0.22797780E+001  0.39957767E+001
 -0.15578214E+000  0.23146917E+000  0.22798098E+001  0.39957129E+001
 -0.15578108E+000  0.23148584E+000  0.22798421E+001  0.39956493E+001
 -0.15578006E+000  0.23150210E+000  0.22798748E+001  0.39955858E+001
 -0.15577908E+000  0.23151792E+000  0.22799079E+001  0.39955224E+001
 -0.15577814E+000  0.23153327E+000  0.22799415E+001  0.39954593E+001
 -0.15577723E+000  0.23154815E+000  0.22799754E+001  0.39953964E+001
 -0.15577636E+000  0.23156254E+000  0.22800096E+001  0.39953338E+001
 -0.15577552E+000  0.23157643E+000  0.22800442E+001  0.39952715E+001
 -0.15577473E+000  0.23158981E+000  0.22800790E+001  0.39952097E+001
 -0.15577396E+000  0.23160267E+000  0.22801141E+001  0.39951483E+001
 -0.15577324E+000  0.23161502E+000  0.22801494E+001  0.39950874E+001
 -0.15577254E+000  0.23162685E+000  0.22801847E+001  0.39950271E+001
 -0.15577188E+000  0.23163816E+000  0.22802202E+001  0.39949674E+001
 -0.15577126E+000  0.23164896E+000  0.22802556E+001  0.39949084E+001
 -0.15577066E+000  0.23165925E+000  0.22802910E+001  0.39948501E+001
 -0.15577010E+000  0.23166904E+000  0.22803263E+001  0.39947927E+001
 -0.15576956E+000  0.23167835E+000  0.22803614E+001  0.39947361E+001
 -0.15576906E+000  0.23168717E+000  0.22803962E+001  0.39946805E+001
 -0.15576858E+000  0.23169553E+000  0.22804307E+001  0.39946259E+001
 -0.15576813E+000  0.23170344E+000  0.22804649E+001  0.39945723E+001
 -0.15576771E+000  0.23171090E+000  0.22804986E+001  0.39945199E+001
 -0.15576731E+000  0.23171794E+000  0.22805318E+001  0.39944686E+001
 -0.15576693E+000  0.23172457E+000  0.22805645E+001  0.39944185E+001
 -0.15576658E+000  0.23173081E+000  0.22805965E+001  0.39943696E+001
 -0.15576625E+000  0.23173667E+000  0.22806279E+001  0.39943221E+001
 -0.15576594E+000  0.23174217E+000  0.22806586E+001  0.39942758E+001
 -0.15576564E+000  0.23174732E+000  0.22806886E+001  0.39942309E+001
 -0.15576537E+000  0.23175214E+000  0.22807178E+001  0.39941874E+001
 -0.15576512E+000  0.23175665E+000  0.22807462E+001  0.39941453E+001
 -0.15576488E+000  0.23176086E+000  0.22807737E+001  0.39941045E+001
 -0.15576466E+000  0.23176479E+000  0.22808004E+001  0.39940652E+001
 -0.15576445E+000  0.23176846E+000  0.22808263E+001  0.39940273E+001
 -0.15576426E+000  0.23177187E+000  0.22808512E+001  0.39939908E+001
 -0.15576408E+000  0.23177504E+000  0.22808752E+001  0.39939558E+001
 -0.15576391E+000  0.23177798E+000  0.22808983E+001  0.39939221E+001
 -0.15576376E+000  0.23178072E+000  0.22809205E+001  0.39938899E+001
 -0.15576361E+000  0.23178326E+000  0.22809418E+001  0.39938590E+001
 -0.15576348E+000  0.23178561E+000  0.22809622E+001  0.39938295E+001
 -0.15576335E+000  0.23178779E+000  0.22809817E+001  0.39938014E+001
 -0.15576324E+000  0.23178981E+000  0.22810003E+001  0.39937745E+001
 -0.15576313E+000  0.23179167E+000  0.22810181E+001  0.39937490E+001
 -0.15576303E+000  0.23179340E+000  0.22810350E+001  0.39937247E+001
 -0.15576294E+000  0.23179499E+000  0.22810510E+001  0.39937016E+001
 -0.15576286E+000  0.23179645E+000  0.22810663E+001  0.39936797E+001
 -0.15576278E+000  0.23179781E+000  0.22810807E+001  0.39936590E+001
 -0.15576271E+000  0.23179905E+000  0.22810944E+001  0.39936394E+001
 -0.15576264E+000  0.23180020E+000  0.22811073E+001  0.39936209E+001
 -0.15576258E+000  0.23180126E+000  0.22811196E+001  0.39936034E+001
 -0.15576253E+000  0.23180223E+000  0.22811311E+001  0.39935870E+001
 -0.15576248E+000  0.23180312E+000  0.22811420E+001  0.39935715E+001
 -0.15576243E+000  0.23180394E+000  0.22811522E+001  0.39935569E+001
 -0.15576238E+000  0.23180469E+000  0.22811618E+001  0.39935433E+001
 -0.15576234E+000  0.23180538E+000  0.22811708E+001  0.39935304E+001
 -0.15576231E+000  0.23180602E+000  0.22811793E+001  0.39935185E+001
 -0.15576227E+000  0.23180660E+000  0.22811872E+001  0.39935072E+001
 -0.15576224E+000  0.23180713E+000  0.22811947E+001  0.39934968E+001
 -0.15576221E+000  0.23180762E+000  0.22812016E+001  0.39934870E+001
 -0.15576219E+000  0.23180806E+000  0.22812081E+001  0.39934779E+001
 -0.15576216E+000  0.23180847E+000  0.22812142E+001  0.39934695E+001
 -0.15576214E+000  0.23180884E+000  0.22812199E+001  0.39934616E+001
 -0.15576212E+000  0.23180918E+000  0.22812251E+001  0.39934543E+001
 -0.15576210E+000  0.23180949E+000  0.22812300E+001  0.39934476E+001
 -0.15576209E+000  0.23180978E+000  0.22812346E+001  0.39934414E+001
 -0.15576207E+000  0.23181004E+000  0.22812389E+001  0.39934356E+001
 -0.15576206E+000  0.23181027E+000  0.22812428E+001  0.39934303E+001
 -0.15576205E+000  0.23181049E+000  0.22812465E+001  0.39934254E+001
 -0.15576203E+000  0.23181069E+000  0.22812499E+001  0.39934210E+001
 -0.15576202E+000  0.23181087E+000  0.22812530E+001  0.39934169E+001
 -0.15576201E+000  0.23181103E+000  0.22812559E+001  0.39934131E+001
 -0.15576200E+000  0.23181118E+000  0.22812586E+001  0.39934097E+001
 -0.15576200E+000  0.23181131E+000  0.22812611E+001  0.39934066E+001
 -0.15576199E+000  0.23181144E+000  0.22812634E+001  0.39934038E+001
 -0.15576198E+000  0.23181155E+000  0.22812656E+001  0.39934013E+001
 -0.15576198E+000  0.23181165E+000  0.22812675E+001  0.39933990E+001
 -0.15576197E+000  0.23181175E+000  0.22812694E+001  0.39933969E+001
 -0.15576197E+000  0.23181183E+000  0.22812710E+001  0.39933951E+001
 -0.15576196E+000  0.23181191E+000  0.22812726E+001  0.39933934E+001
 -0.15576196E+000  0.23181198E+000  0.22812740E+001  0.39933920E+001
 -0.15576195E+000  0.23181204E+000  0.22812753E+001  0.39933907E+001
 -0.15576195E+000  0.23181210E+000  0.22812765E+001  0.39933896E+001
 -0.15576195E+000  0.23181215E+000  0.22812776E+001  0.39933886E+001
 -0.15576194E+000  0.23181220E+000  0.22812786E+001  0.39933878E+001
 -0.15576194E+000  0.23181224E+000  0.22812796E+001  0.39933871E+001
 -0.15576194E+000  0.23181228E+000  0.22812804E+001  0.39933865E+001
