 -0.50351565E-001
 -0.50352229E-001
 -0.50352856E-001
 -0.50353438E-001
 -0.50353975E-001
 -0.50354469E-001
 -0.50354924E-001
 -0.50355343E-001
 -0.50355728E-001
 -0.50356084E-001
 -0.50356413E-001
 -0.50356717E-001
 -0.50357000E-001
 -0.50357263E-001
 -0.50357507E-001
 -0.50357736E-001
 -0.50357949E-001
 -0.50358149E-001
 -0.50358337E-001
 -0.50358513E-001
 -0.50358679E-001
 -0.50358836E-001
 -0.50358984E-001
 -0.50359123E-001
 -0.50359255E-001
 -0.50359381E-001
 -0.50359499E-001
 -0.50359612E-001
 -0.50359719E-001
 -0.50359820E-001
 -0.50359917E-001
 -0.50360008E-001
 -0.50360095E-001
 -0.50360178E-001
 -0.50360257E-001
 -0.50360331E-001
 -0.50360402E-001
 -0.50360469E-001
 -0.50360532E-001
 -0.50360592E-001
 -0.50360648E-001
 -0.50360701E-001
 -0.50360750E-001
 -0.50360796E-001
 -0.50360839E-001
 -0.50360878E-001
 -0.50360914E-001
 -0.50360947E-001
 -0.50360976E-001
 -0.50361003E-001
 -0.50361026E-001
 -0.50361046E-001
 -0.50361062E-001
 -0.50361076E-001
 -0.50361087E-001
 -0.50361094E-001
 -0.50361099E-001
 -0.50361101E-001
 -0.50361101E-001
 -0.50361097E-001
 -0.50361092E-001
 -0.50361084E-001
 -0.50361073E-001
 -0.50361061E-001
 -0.50361046E-001
 -0.50361030E-001
 -0.50361011E-001
 -0.50360991E-001
 -0.50360969E-001
 -0.50360946E-001
 -0.50360920E-001
 -0.50360893E-001
 -0.50360865E-001
 -0.50360834E-001
 -0.50360802E-001
 -0.50360768E-001
 -0.50360732E-001
 -0.50360693E-001
 -0.50360653E-001
 -0.50360609E-001
 -0.50360563E-001
 -0.50360514E-001
 -0.50360463E-001
 -0.50360407E-001
 -0.50360349E-001
 -0.50360287E-001
 -0.50360221E-001
 -0.50360151E-001
 -0.50360078E-001
 -0.50360001E-001
 -0.50359920E-001
 -0.50359835E-001
 -0.50359746E-001
 -0.50359653E-001
 -0.50359557E-001
 -0.50359457E-001
 -0.50359354E-001
 -0.50359247E-001
 -0.50359137E-001
 -0.50359024E-001
 -0.50358908E-001
 -0.50358790E-001
 -0.50358669E-001
 -0.50358545E-001
 -0.50358419E-001
 -0.50358292E-001
 -0.50358162E-001
 -0.50358031E-001
 -0.50357898E-001
 -0.50357764E-001
 -0.50357628E-001
 -0.50357492E-001
 -0.50357355E-001
 -0.50357217E-001
 -0.50357078E-001
 -0.50356939E-001
 -0.50356800E-001
 -0.50356660E-001
 -0.50356521E-001
 -0.50356382E-001
 -0.50356243E-001
 -0.50356105E-001
 -0.50355967E-001
 -0.50355831E-001
 -0.50355695E-001
 -0.50355560E-001
 -0.50355427E-001
 -0.50355295E-001
 -0.50355165E-001
 -0.50355036E-001
 -0.50354910E-001
 -0.50354785E-001
 -0.50354662E-001
 -0.50354542E-001
 -0.50354423E-001
 -0.50354307E-001
 -0.50354194E-001
 -0.50354083E-001
 -0.50353975E-001
 -0.50353870E-001
 -0.50353767E-001
 -0.50353667E-001
 -0.50353570E-001
 -0.50353476E-001
 -0.50353385E-001
 -0.50353297E-001
 -0.50353211E-001
 -0.50353129E-001
 -0.50353049E-001
 -0.50352973E-001
 -0.50352899E-001
 -0.50352828E-001
 -0.50352760E-001
 -0.50352695E-001
 -0.50352633E-001
 -0.50352573E-001
 -0.50352516E-001
 -0.50352461E-001
 -0.50352409E-001
 -0.50352360E-001
 -0.50352312E-001
 -0.50352268E-001
 -0.50352225E-001
 -0.50352184E-001
 -0.50352146E-001
 -0.50352110E-001
 -0.50352075E-001
 -0.50352042E-001
 -0.50352012E-001
 -0.50351983E-001
 -0.50351955E-001
 -0.50351929E-001
 -0.50351905E-001
 -0.50351882E-001
 -0.50351861E-001
 -0.50351840E-001
 -0.50351821E-001
 -0.50351803E-001
 -0.50351787E-001
 -0.50351771E-001
 -0.50351756E-001
 -0.50351743E-001
 -0.50351730E-001
 -0.50351718E-001
 -0.50351707E-001
 -0.50351696E-001
 -0.50351687E-001
 -0.50351678E-001
 -0.50351669E-001
 -0.50351661E-001
 -0.50351654E-001
 -0.50351647E-001
 -0.50351641E-001
 -0.50351635E-001
 -0.50351630E-001
 -0.50351625E-001
 -0.50351620E-001
 -0.50351616E-001
 -0.50351612E-001
 -0.50351608E-001
