  0.16380372E+001
  0.16380361E+001
  0.16380380E+001
  0.16380419E+001
  0.16380471E+001
  0.16380531E+001
  0.16380597E+001
  0.16380666E+001
  0.16380739E+001
  0.16380813E+001
  0.16380888E+001
  0.16380964E+001
  0.16381040E+001
  0.16381116E+001
  0.16381193E+001
  0.16381270E+001
  0.16381347E+001
  0.16381424E+001
  0.16381501E+001
  0.16381578E+001
  0.16381656E+001
  0.16381733E+001
  0.16381811E+001
  0.16381889E+001
  0.16381967E+001
  0.16382046E+001
  0.16382124E+001
  0.16382203E+001
  0.16382281E+001
  0.16382360E+001
  0.16382438E+001
  0.16382516E+001
  0.16382594E+001
  0.16382672E+001
  0.16382749E+001
  0.16382826E+001
  0.16382902E+001
  0.16382977E+001
  0.16383052E+001
  0.16383125E+001
  0.16383197E+001
  0.16383269E+001
  0.16383338E+001
  0.16383406E+001
  0.16383473E+001
  0.16383538E+001
  0.16383600E+001
  0.16383661E+001
  0.16383719E+001
  0.16383775E+001
  0.16383828E+001
  0.16383878E+001
  0.16383924E+001
  0.16383968E+001
  0.16384008E+001
  0.16384044E+001
  0.16384076E+001
  0.16384104E+001
  0.16384128E+001
  0.16384147E+001
  0.16384162E+001
  0.16384172E+001
  0.16384176E+001
  0.16384176E+001
  0.16384170E+001
  0.16384160E+001
  0.16384144E+001
  0.16384122E+001
  0.16384096E+001
  0.16384064E+001
  0.16384028E+001
  0.16383987E+001
  0.16383941E+001
  0.16383892E+001
  0.16383838E+001
  0.16383780E+001
  0.16383720E+001
  0.16383657E+001
  0.16383591E+001
  0.16383523E+001
  0.16383454E+001
  0.16383384E+001
  0.16383313E+001
  0.16383243E+001
  0.16383172E+001
  0.16383101E+001
  0.16383032E+001
  0.16382963E+001
  0.16382896E+001
  0.16382831E+001
  0.16382767E+001
  0.16382704E+001
  0.16382644E+001
  0.16382585E+001
  0.16382528E+001
  0.16382474E+001
  0.16382420E+001
  0.16382369E+001
  0.16382319E+001
  0.16382271E+001
  0.16382224E+001
  0.16382178E+001
  0.16382134E+001
  0.16382091E+001
  0.16382049E+001
  0.16382007E+001
  0.16381967E+001
  0.16381927E+001
  0.16381888E+001
  0.16381849E+001
  0.16381811E+001
  0.16381774E+001
  0.16381736E+001
  0.16381700E+001
  0.16381663E+001
  0.16381627E+001
  0.16381591E+001
  0.16381556E+001
  0.16381520E+001
  0.16381486E+001
  0.16381451E+001
  0.16381417E+001
  0.16381382E+001
  0.16381349E+001
  0.16381315E+001
  0.16381282E+001
  0.16381249E+001
  0.16381217E+001
  0.16381185E+001
  0.16381153E+001
  0.16381122E+001
  0.16381091E+001
  0.16381061E+001
  0.16381031E+001
  0.16381002E+001
  0.16380973E+001
  0.16380945E+001
  0.16380917E+001
  0.16380890E+001
  0.16380863E+001
  0.16380837E+001
  0.16380812E+001
  0.16380787E+001
  0.16380763E+001
  0.16380740E+001
  0.16380717E+001
  0.16380695E+001
  0.16380674E+001
  0.16380653E+001
  0.16380633E+001
  0.16380614E+001
  0.16380595E+001
  0.16380578E+001
  0.16380560E+001
  0.16380544E+001
  0.16380528E+001
  0.16380513E+001
  0.16380498E+001
  0.16380484E+001
  0.16380471E+001
  0.16380459E+001
  0.16380447E+001
  0.16380435E+001
  0.16380425E+001
  0.16380415E+001
  0.16380405E+001
  0.16380396E+001
  0.16380388E+001
  0.16380380E+001
  0.16380372E+001
  0.16380365E+001
  0.16380359E+001
  0.16380353E+001
  0.16380347E+001
  0.16380342E+001
  0.16380338E+001
  0.16380333E+001
  0.16380329E+001
  0.16380326E+001
  0.16380323E+001
  0.16380320E+001
  0.16380317E+001
  0.16380315E+001
  0.16380313E+001
  0.16380311E+001
  0.16380310E+001
  0.16380308E+001
  0.16380307E+001
  0.16380306E+001
  0.16380306E+001
  0.16380305E+001
  0.16380305E+001
  0.16380305E+001
  0.16380305E+001
  0.16380305E+001
  0.16380306E+001
  0.16380306E+001
  0.16380307E+001
  0.16380307E+001
  0.16380308E+001
