  0.12515329E+001
  0.12515315E+001
  0.12515312E+001
  0.12515315E+001
  0.12515321E+001
  0.12515328E+001
  0.12515338E+001
  0.12515348E+001
  0.12515359E+001
  0.12515370E+001
  0.12515382E+001
  0.12515394E+001
  0.12515406E+001
  0.12515418E+001
  0.12515431E+001
  0.12515443E+001
  0.12515456E+001
  0.12515469E+001
  0.12515482E+001
  0.12515495E+001
  0.12515508E+001
  0.12515522E+001
  0.12515535E+001
  0.12515549E+001
  0.12515563E+001
  0.12515578E+001
  0.12515593E+001
  0.12515608E+001
  0.12515623E+001
  0.12515639E+001
  0.12515655E+001
  0.12515672E+001
  0.12515689E+001
  0.12515706E+001
  0.12515724E+001
  0.12515742E+001
  0.12515761E+001
  0.12515780E+001
  0.12515800E+001
  0.12515820E+001
  0.12515841E+001
  0.12515862E+001
  0.12515884E+001
  0.12515906E+001
  0.12515929E+001
  0.12515952E+001
  0.12515976E+001
  0.12516000E+001
  0.12516025E+001
  0.12516050E+001
  0.12516076E+001
  0.12516103E+001
  0.12516130E+001
  0.12516158E+001
  0.12516186E+001
  0.12516215E+001
  0.12516244E+001
  0.12516273E+001
  0.12516304E+001
  0.12516334E+001
  0.12516365E+001
  0.12516397E+001
  0.12516429E+001
  0.12516461E+001
  0.12516493E+001
  0.12516526E+001
  0.12516560E+001
  0.12516593E+001
  0.12516627E+001
  0.12516662E+001
  0.12516696E+001
  0.12516731E+001
  0.12516766E+001
  0.12516801E+001
  0.12516836E+001
  0.12516872E+001
  0.12516908E+001
  0.12516944E+001
  0.12516980E+001
  0.12517016E+001
  0.12517052E+001
  0.12517089E+001
  0.12517126E+001
  0.12517162E+001
  0.12517199E+001
  0.12517236E+001
  0.12517274E+001
  0.12517311E+001
  0.12517348E+001
  0.12517386E+001
  0.12517424E+001
  0.12517461E+001
  0.12517499E+001
  0.12517537E+001
  0.12517575E+001
  0.12517614E+001
  0.12517652E+001
  0.12517690E+001
  0.12517729E+001
  0.12517768E+001
  0.12517806E+001
  0.12517845E+001
  0.12517884E+001
  0.12517923E+001
  0.12517962E+001
  0.12518001E+001
  0.12518041E+001
  0.12518080E+001
  0.12518120E+001
  0.12518159E+001
  0.12518199E+001
  0.12518239E+001
  0.12518279E+001
  0.12518320E+001
  0.12518360E+001
  0.12518401E+001
  0.12518442E+001
  0.12518483E+001
  0.12518524E+001
  0.12518565E+001
  0.12518607E+001
  0.12518649E+001
  0.12518691E+001
  0.12518733E+001
  0.12518775E+001
  0.12518818E+001
  0.12518861E+001
  0.12518904E+001
  0.12518947E+001
  0.12518991E+001
  0.12519035E+001
  0.12519079E+001
  0.12519123E+001
  0.12519167E+001
  0.12519212E+001
  0.12519257E+001
  0.12519302E+001
  0.12519347E+001
  0.12519392E+001
  0.12519438E+001
  0.12519483E+001
  0.12519529E+001
  0.12519575E+001
  0.12519621E+001
  0.12519667E+001
  0.12519713E+001
  0.12519759E+001
  0.12519806E+001
  0.12519852E+001
  0.12519898E+001
  0.12519944E+001
  0.12519990E+001
  0.12520037E+001
  0.12520083E+001
  0.12520129E+001
  0.12520174E+001
  0.12520220E+001
  0.12520266E+001
  0.12520311E+001
  0.12520356E+001
  0.12520401E+001
  0.12520446E+001
  0.12520490E+001
  0.12520534E+001
  0.12520578E+001
  0.12520621E+001
  0.12520664E+001
  0.12520707E+001
  0.12520750E+001
  0.12520792E+001
  0.12520833E+001
  0.12520874E+001
  0.12520915E+001
  0.12520955E+001
  0.12520995E+001
  0.12521034E+001
  0.12521073E+001
  0.12521111E+001
  0.12521148E+001
  0.12521185E+001
  0.12521222E+001
  0.12521258E+001
  0.12521293E+001
  0.12521328E+001
  0.12521362E+001
  0.12521396E+001
  0.12521428E+001
  0.12521461E+001
  0.12521492E+001
  0.12521523E+001
  0.12521554E+001
  0.12521584E+001
  0.12521613E+001
  0.12521641E+001
  0.12521669E+001
  0.12521696E+001
  0.12521723E+001
  0.12521749E+001
  0.12521774E+001
  0.12521798E+001
