  0.59905316E+000
  0.59905834E+000
  0.59905978E+000
  0.59906068E+000
  0.59906163E+000
  0.59906266E+000
  0.59906372E+000
  0.59906477E+000
  0.59906576E+000
  0.59906669E+000
  0.59906753E+000
  0.59906830E+000
  0.59906898E+000
  0.59906959E+000
  0.59907013E+000
  0.59907061E+000
  0.59907102E+000
  0.59907137E+000
  0.59907168E+000
  0.59907194E+000
  0.59907215E+000
  0.59907232E+000
  0.59907246E+000
  0.59907256E+000
  0.59907264E+000
  0.59907268E+000
  0.59907270E+000
  0.59907270E+000
  0.59907267E+000
  0.59907262E+000
  0.59907256E+000
  0.59907248E+000
  0.59907239E+000
  0.59907228E+000
  0.59907216E+000
  0.59907203E+000
  0.59907189E+000
  0.59907175E+000
  0.59907160E+000
  0.59907144E+000
  0.59907128E+000
  0.59907112E+000
  0.59907096E+000
  0.59907080E+000
  0.59907063E+000
  0.59907047E+000
  0.59907031E+000
  0.59907015E+000
  0.59907000E+000
  0.59906985E+000
  0.59906970E+000
  0.59906956E+000
  0.59906942E+000
  0.59906928E+000
  0.59906915E+000
  0.59906903E+000
  0.59906891E+000
  0.59906880E+000
  0.59906869E+000
  0.59906860E+000
  0.59906850E+000
  0.59906842E+000
  0.59906835E+000
  0.59906828E+000
  0.59906823E+000
  0.59906819E+000
  0.59906816E+000
  0.59906814E+000
  0.59906814E+000
  0.59906816E+000
  0.59906819E+000
  0.59906824E+000
  0.59906832E+000
  0.59906841E+000
  0.59906852E+000
  0.59906865E+000
  0.59906881E+000
  0.59906898E+000
  0.59906918E+000
  0.59906940E+000
  0.59906965E+000
  0.59906991E+000
  0.59907019E+000
  0.59907049E+000
  0.59907081E+000
  0.59907114E+000
  0.59907148E+000
  0.59907184E+000
  0.59907220E+000
  0.59907257E+000
  0.59907294E+000
  0.59907332E+000
  0.59907370E+000
  0.59907408E+000
  0.59907446E+000
  0.59907484E+000
  0.59907521E+000
  0.59907559E+000
  0.59907595E+000
  0.59907632E+000
  0.59907668E+000
  0.59907703E+000
  0.59907738E+000
  0.59907772E+000
  0.59907807E+000
  0.59907840E+000
  0.59907873E+000
  0.59907906E+000
  0.59907938E+000
  0.59907970E+000
  0.59908002E+000
  0.59908033E+000
  0.59908064E+000
  0.59908094E+000
  0.59908125E+000
  0.59908154E+000
  0.59908184E+000
  0.59908212E+000
  0.59908241E+000
  0.59908269E+000
  0.59908297E+000
  0.59908324E+000
  0.59908351E+000
  0.59908377E+000
  0.59908403E+000
  0.59908428E+000
  0.59908452E+000
  0.59908476E+000
  0.59908499E+000
  0.59908522E+000
  0.59908544E+000
  0.59908565E+000
  0.59908586E+000
  0.59908606E+000
  0.59908625E+000
  0.59908643E+000
  0.59908660E+000
  0.59908677E+000
  0.59908693E+000
  0.59908708E+000
  0.59908722E+000
  0.59908735E+000
  0.59908748E+000
  0.59908760E+000
  0.59908771E+000
  0.59908781E+000
  0.59908791E+000
  0.59908799E+000
  0.59908807E+000
  0.59908814E+000
  0.59908821E+000
  0.59908827E+000
  0.59908832E+000
  0.59908836E+000
  0.59908840E+000
  0.59908843E+000
  0.59908846E+000
  0.59908848E+000
  0.59908850E+000
  0.59908851E+000
  0.59908852E+000
  0.59908852E+000
  0.59908852E+000
  0.59908852E+000
  0.59908851E+000
  0.59908850E+000
  0.59908849E+000
  0.59908848E+000
  0.59908846E+000
  0.59908844E+000
  0.59908842E+000
  0.59908840E+000
  0.59908837E+000
  0.59908835E+000
  0.59908832E+000
  0.59908829E+000
  0.59908827E+000
  0.59908824E+000
  0.59908821E+000
  0.59908818E+000
  0.59908815E+000
  0.59908813E+000
  0.59908810E+000
  0.59908807E+000
  0.59908804E+000
  0.59908802E+000
  0.59908799E+000
  0.59908797E+000
  0.59908794E+000
  0.59908792E+000
  0.59908789E+000
  0.59908787E+000
  0.59908785E+000
  0.59908783E+000
  0.59908781E+000
  0.59908779E+000
  0.59908777E+000
  0.59908775E+000
  0.59908773E+000
  0.59908771E+000
