  0.19532197E+001
  0.19532809E+001
  0.19532731E+001
  0.19532633E+001
  0.19532586E+001
  0.19532578E+001
  0.19532597E+001
  0.19532632E+001
  0.19532675E+001
  0.19532724E+001
  0.19532775E+001
  0.19532827E+001
  0.19532879E+001
  0.19532932E+001
  0.19532984E+001
  0.19533036E+001
  0.19533087E+001
  0.19533138E+001
  0.19533189E+001
  0.19533239E+001
  0.19533289E+001
  0.19533339E+001
  0.19533389E+001
  0.19533439E+001
  0.19533488E+001
  0.19533538E+001
  0.19533588E+001
  0.19533639E+001
  0.19533690E+001
  0.19533741E+001
  0.19533792E+001
  0.19533844E+001
  0.19533897E+001
  0.19533950E+001
  0.19534004E+001
  0.19534059E+001
  0.19534114E+001
  0.19534170E+001
  0.19534227E+001
  0.19534285E+001
  0.19534344E+001
  0.19534404E+001
  0.19534464E+001
  0.19534526E+001
  0.19534588E+001
  0.19534651E+001
  0.19534715E+001
  0.19534780E+001
  0.19534845E+001
  0.19534912E+001
  0.19534978E+001
  0.19535046E+001
  0.19535114E+001
  0.19535183E+001
  0.19535252E+001
  0.19535321E+001
  0.19535391E+001
  0.19535462E+001
  0.19535533E+001
  0.19535604E+001
  0.19535675E+001
  0.19535747E+001
  0.19535820E+001
  0.19535892E+001
  0.19535965E+001
  0.19536038E+001
  0.19536111E+001
  0.19536183E+001
  0.19536256E+001
  0.19536329E+001
  0.19536401E+001
  0.19536473E+001
  0.19536545E+001
  0.19536615E+001
  0.19536685E+001
  0.19536754E+001
  0.19536822E+001
  0.19536889E+001
  0.19536954E+001
  0.19537018E+001
  0.19537080E+001
  0.19537141E+001
  0.19537201E+001
  0.19537259E+001
  0.19537315E+001
  0.19537369E+001
  0.19537421E+001
  0.19537472E+001
  0.19537521E+001
  0.19537568E+001
  0.19537614E+001
  0.19537658E+001
  0.19537700E+001
  0.19537741E+001
  0.19537781E+001
  0.19537819E+001
  0.19537856E+001
  0.19537891E+001
  0.19537926E+001
  0.19537959E+001
  0.19537992E+001
  0.19538024E+001
  0.19538055E+001
  0.19538085E+001
  0.19538115E+001
  0.19538145E+001
  0.19538174E+001
  0.19538203E+001
  0.19538232E+001
  0.19538261E+001
  0.19538290E+001
  0.19538319E+001
  0.19538349E+001
  0.19538379E+001
  0.19538409E+001
  0.19538440E+001
  0.19538472E+001
  0.19538504E+001
  0.19538537E+001
  0.19538571E+001
  0.19538605E+001
  0.19538641E+001
  0.19538677E+001
  0.19538715E+001
  0.19538753E+001
  0.19538793E+001
  0.19538834E+001
  0.19538875E+001
  0.19538918E+001
  0.19538962E+001
  0.19539007E+001
  0.19539054E+001
  0.19539101E+001
  0.19539149E+001
  0.19539199E+001
  0.19539249E+001
  0.19539301E+001
  0.19539353E+001
  0.19539407E+001
  0.19539462E+001
  0.19539517E+001
  0.19539574E+001
  0.19539631E+001
  0.19539689E+001
  0.19539748E+001
  0.19539808E+001
  0.19539868E+001
  0.19539929E+001
  0.19539991E+001
  0.19540053E+001
  0.19540116E+001
  0.19540179E+001
  0.19540243E+001
  0.19540307E+001
  0.19540372E+001
  0.19540437E+001
  0.19540502E+001
  0.19540567E+001
  0.19540633E+001
  0.19540699E+001
  0.19540764E+001
  0.19540830E+001
  0.19540896E+001
  0.19540961E+001
  0.19541027E+001
  0.19541092E+001
  0.19541157E+001
  0.19541222E+001
  0.19541287E+001
  0.19541351E+001
  0.19541415E+001
  0.19541478E+001
  0.19541541E+001
  0.19541604E+001
  0.19541666E+001
  0.19541727E+001
  0.19541788E+001
  0.19541848E+001
  0.19541907E+001
  0.19541966E+001
  0.19542024E+001
  0.19542081E+001
  0.19542137E+001
  0.19542193E+001
  0.19542247E+001
  0.19542301E+001
  0.19542354E+001
  0.19542406E+001
  0.19542457E+001
  0.19542507E+001
  0.19542557E+001
  0.19542605E+001
  0.19542652E+001
  0.19542698E+001
  0.19542744E+001
  0.19542788E+001
  0.19542831E+001
  0.19542874E+001
  0.19542915E+001
  0.19542955E+001
