  0.66023331E+000  0.85329272E+000  0.97613812E+000  0.25164676E+001
  0.66023273E+000  0.85329274E+000  0.97613771E+000  0.25164632E+001
  0.66023249E+000  0.85329281E+000  0.97613782E+000  0.25164621E+001
  0.66023240E+000  0.85329288E+000  0.97613806E+000  0.25164629E+001
  0.66023239E+000  0.85329295E+000  0.97613834E+000  0.25164649E+001
  0.66023244E+000  0.85329301E+000  0.97613863E+000  0.25164676E+001
  0.66023252E+000  0.85329308E+000  0.97613892E+000  0.25164709E+001
  0.66023263E+000  0.85329314E+000  0.97613922E+000  0.25164745E+001
  0.66023276E+000  0.85329320E+000  0.97613953E+000  0.25164784E+001
  0.66023290E+000  0.85329326E+000  0.97613983E+000  0.25164824E+001
  0.66023305E+000  0.85329333E+000  0.97614013E+000  0.25164865E+001
  0.66023321E+000  0.85329339E+000  0.97614044E+000  0.25164908E+001
  0.66023338E+000  0.85329345E+000  0.97614074E+000  0.25164951E+001
  0.66023354E+000  0.85329351E+000  0.97614105E+000  0.25164995E+001
  0.66023371E+000  0.85329357E+000  0.97614136E+000  0.25165039E+001
  0.66023388E+000  0.85329364E+000  0.97614167E+000  0.25165084E+001
  0.66023405E+000  0.85329370E+000  0.97614198E+000  0.25165129E+001
  0.66023421E+000  0.85329376E+000  0.97614230E+000  0.25165175E+001
  0.66023438E+000  0.85329382E+000  0.97614262E+000  0.25165221E+001
  0.66023454E+000  0.85329388E+000  0.97614294E+000  0.25165268E+001
  0.66023470E+000  0.85329394E+000  0.97614326E+000  0.25165316E+001
  0.66023486E+000  0.85329401E+000  0.97614359E+000  0.25165365E+001
  0.66023502E+000  0.85329407E+000  0.97614392E+000  0.25165414E+001
  0.66023517E+000  0.85329413E+000  0.97614425E+000  0.25165464E+001
  0.66023533E+000  0.85329420E+000  0.97614459E+000  0.25165516E+001
  0.66023548E+000  0.85329426E+000  0.97614493E+000  0.25165568E+001
  0.66023563E+000  0.85329433E+000  0.97614527E+000  0.25165622E+001
  0.66023578E+000  0.85329440E+000  0.97614562E+000  0.25165677E+001
  0.66023593E+000  0.85329447E+000  0.97614598E+000  0.25165733E+001
  0.66023608E+000  0.85329454E+000  0.97614634E+000  0.25165790E+001
  0.66023622E+000  0.85329460E+000  0.97614670E+000  0.25165849E+001
  0.66023636E+000  0.85329468E+000  0.97614707E+000  0.25165910E+001
  0.66023650E+000  0.85329475E+000  0.97614745E+000  0.25165972E+001
  0.66023664E+000  0.85329482E+000  0.97614783E+000  0.25166035E+001
  0.66023677E+000  0.85329489E+000  0.97614822E+000  0.25166101E+001
  0.66023690E+000  0.85329496E+000  0.97614862E+000  0.25166168E+001
  0.66023703E+000  0.85329503E+000  0.97614902E+000  0.25166236E+001
  0.66023716E+000  0.85329511E+000  0.97614943E+000  0.25166307E+001
  0.66023727E+000  0.85329518E+000  0.97614984E+000  0.25166380E+001
  0.66023739E+000  0.85329525E+000  0.97615027E+000  0.25166454E+001
  0.66023750E+000  0.85329532E+000  0.97615070E+000  0.25166531E+001
  0.66023761E+000  0.85329539E+000  0.97615114E+000  0.25166609E+001
  0.66023771E+000  0.85329545E+000  0.97615159E+000  0.25166690E+001
  0.66023780E+000  0.85329552E+000  0.97615204E+000  0.25166773E+001
  0.66023789E+000  0.85329559E+000  0.97615250E+000  0.25166857E+001
  0.66023797E+000  0.85329565E+000  0.97615297E+000  0.25166945E+001
  0.66023804E+000  0.85329571E+000  0.97615345E+000  0.25167034E+001
  0.66023811E+000  0.85329577E+000  0.97615394E+000  0.25167125E+001
  0.66023816E+000  0.85329582E+000  0.97615443E+000  0.25167219E+001
  0.66023821E+000  0.85329588E+000  0.97615493E+000  0.25167315E+001
  0.66023825E+000  0.85329593E+000  0.97615543E+000  0.25167413E+001
  0.66023828E+000  0.85329598E+000  0.97615595E+000  0.25167513E+001
  0.66023830E+000  0.85329603E+000  0.97615646E+000  0.25167616E+001
  0.66023831E+000  0.85329607E+000  0.97615699E+000  0.25167720E+001
  0.66023831E+000  0.85329611E+000  0.97615752E+000  0.25167827E+001
  0.66023830E+000  0.85329615E+000  0.97615805E+000  0.25167936E+001
  0.66023829E+000  0.85329618E+000  0.97615858E+000  0.25168048E+001
  0.66023826E+000  0.85329622E+000  0.97615912E+000  0.25168161E+001
  0.66023822E+000  0.85329625E+000  0.97615966E+000  0.25168276E+001
  0.66023818E+000  0.85329628E+000  0.97616020E+000  0.25168393E+001
  0.66023812E+000  0.85329631E+000  0.97616074E+000  0.25168512E+001
  0.66023806E+000  0.85329633E+000  0.97616127E+000  0.25168633E+001
  0.66023799E+000  0.85329636E+000  0.97616181E+000  0.25168756E+001
  0.66023792E+000  0.85329638E+000  0.97616235E+000  0.25168880E+001
  0.66023784E+000  0.85329640E+000  0.97616289E+000  0.25169006E+001
  0.66023775E+000  0.85329642E+000  0.97616342E+000  0.25169133E+001
  0.66023766E+000  0.85329645E+000  0.97616396E+000  0.25169261E+001
  0.66023756E+000  0.85329647E+000  0.97616450E+000  0.25169391E+001
  0.66023746E+000  0.85329649E+000  0.97616505E+000  0.25169523E+001
  0.66023736E+000  0.85329651E+000  0.97616559E+000  0.25169655E+001
  0.66023726E+000  0.85329653E+000  0.97616615E+000  0.25169788E+001
  0.66023716E+000  0.85329656E+000  0.97616672E+000  0.25169922E+001
  0.66023706E+000  0.85329658E+000  0.97616729E+000  0.25170057E+001
  0.66023696E+000  0.85329661E+000  0.97616788E+000  0.25170192E+001
  0.66023686E+000  0.85329665E+000  0.97616849E+000  0.25170328E+001
  0.66023676E+000  0.85329668E+000  0.97616912E+000  0.25170465E+001
  0.66023667E+000  0.85329672E+000  0.97616977E+000  0.25170602E+001
  0.66023658E+000  0.85329677E+000  0.97617045E+000  0.25170739E+001
  0.66023650E+000  0.85329682E+000  0.97617115E+000  0.25170877E+001
  0.66023642E+000  0.85329687E+000  0.97617188E+000  0.25171015E+001
  0.66023634E+000  0.85329693E+000  0.97617265E+000  0.25171153E+001
  0.66023627E+000  0.85329700E+000  0.97617345E+000  0.25171291E+001
  0.66023621E+000  0.85329708E+000  0.97617429E+000  0.25171429E+001
  0.66023615E+000  0.85329717E+000  0.97617516E+000  0.25171568E+001
  0.66023610E+000  0.85329726E+000  0.97617608E+000  0.25171706E+001
  0.66023605E+000  0.85329736E+000  0.97617703E+000  0.25171844E+001
  0.66023601E+000  0.85329748E+000  0.97617803E+000  0.25171982E+001
  0.66023598E+000  0.85329760E+000  0.97617907E+000  0.25172120E+001
  0.66023595E+000  0.85329773E+000  0.97618016E+000  0.25172258E+001
  0.66023592E+000  0.85329786E+000  0.97618129E+000  0.25172396E+001
  0.66023590E+000  0.85329801E+000  0.97618246E+000  0.25172534E+001
  0.66023589E+000  0.85329817E+000  0.97618368E+000  0.25172671E+001
  0.66023588E+000  0.85329833E+000  0.97618495E+000  0.25172809E+001
  0.66023587E+000  0.85329851E+000  0.97618626E+000  0.25172946E+001
  0.66023587E+000  0.85329869E+000  0.97618761E+000  0.25173083E+001
  0.66023587E+000  0.85329887E+000  0.97618900E+000  0.25173220E+001
  0.66023587E+000  0.85329907E+000  0.97619043E+000  0.25173357E+001
  0.66023588E+000  0.85329927E+000  0.97619191E+000  0.25173494E+001
  0.66023589E+000  0.85329948E+000  0.97619342E+000  0.25173631E+001
  0.66023590E+000  0.85329969E+000  0.97619497E+000  0.25173768E+001
  0.66023592E+000  0.85329991E+000  0.97619656E+000  0.25173904E+001
  0.66023594E+000  0.85330013E+000  0.97619818E+000  0.25174041E+001
  0.66023596E+000  0.85330035E+000  0.97619983E+000  0.25174178E+001
  0.66023598E+000  0.85330058E+000  0.97620152E+000  0.25174314E+001
  0.66023601E+000  0.85330081E+000  0.97620323E+000  0.25174451E+001
  0.66023604E+000  0.85330104E+000  0.97620497E+000  0.25174588E+001
  0.66023608E+000  0.85330128E+000  0.97620673E+000  0.25174725E+001
  0.66023612E+000  0.85330151E+000  0.97620852E+000  0.25174862E+001
  0.66023616E+000  0.85330174E+000  0.97621033E+000  0.25175000E+001
  0.66023620E+000  0.85330197E+000  0.97621215E+000  0.25175138E+001
  0.66023625E+000  0.85330220E+000  0.97621400E+000  0.25175276E+001
  0.66023630E+000  0.85330243E+000  0.97621585E+000  0.25175414E+001
  0.66023636E+000  0.85330265E+000  0.97621772E+000  0.25175554E+001
  0.66023642E+000  0.85330287E+000  0.97621961E+000  0.25175693E+001
  0.66023649E+000  0.85330309E+000  0.97622150E+000  0.25175833E+001
  0.66023656E+000  0.85330330E+000  0.97622339E+000  0.25175974E+001
  0.66023663E+000  0.85330351E+000  0.97622529E+000  0.25176115E+001
  0.66023671E+000  0.85330372E+000  0.97622720E+000  0.25176258E+001
  0.66023679E+000  0.85330392E+000  0.97622910E+000  0.25176401E+001
  0.66023688E+000  0.85330412E+000  0.97623101E+000  0.25176544E+001
  0.66023697E+000  0.85330431E+000  0.97623291E+000  0.25176689E+001
  0.66023707E+000  0.85330450E+000  0.97623480E+000  0.25176834E+001
  0.66023717E+000  0.85330468E+000  0.97623669E+000  0.25176981E+001
  0.66023727E+000  0.85330485E+000  0.97623857E+000  0.25177128E+001
  0.66023738E+000  0.85330503E+000  0.97624044E+000  0.25177276E+001
  0.66023750E+000  0.85330519E+000  0.97624229E+000  0.25177426E+001
  0.66023761E+000  0.85330535E+000  0.97624413E+000  0.25177576E+001
  0.66023773E+000  0.85330551E+000  0.97624596E+000  0.25177727E+001
  0.66023786E+000  0.85330566E+000  0.97624777E+000  0.25177880E+001
  0.66023799E+000  0.85330581E+000  0.97624956E+000  0.25178034E+001
  0.66023812E+000  0.85330596E+000  0.97625133E+000  0.25178188E+001
  0.66023825E+000  0.85330610E+000  0.97625307E+000  0.25178344E+001
  0.66023838E+000  0.85330623E+000  0.97625479E+000  0.25178501E+001
  0.66023852E+000  0.85330637E+000  0.97625649E+000  0.25178659E+001
  0.66023866E+000  0.85330649E+000  0.97625816E+000  0.25178818E+001
  0.66023880E+000  0.85330662E+000  0.97625980E+000  0.25178978E+001
  0.66023894E+000  0.85330674E+000  0.97626142E+000  0.25179139E+001
  0.66023908E+000  0.85330686E+000  0.97626300E+000  0.25179302E+001
  0.66023922E+000  0.85330697E+000  0.97626456E+000  0.25179465E+001
  0.66023936E+000  0.85330709E+000  0.97626608E+000  0.25179629E+001
  0.66023950E+000  0.85330719E+000  0.97626757E+000  0.25179794E+001
  0.66023964E+000  0.85330730E+000  0.97626902E+000  0.25179960E+001
  0.66023977E+000  0.85330740E+000  0.97627044E+000  0.25180127E+001
  0.66023991E+000  0.85330751E+000  0.97627183E+000  0.25180295E+001
  0.66024004E+000  0.85330760E+000  0.97627318E+000  0.25180463E+001
  0.66024018E+000  0.85330770E+000  0.97627449E+000  0.25180632E+001
  0.66024031E+000  0.85330779E+000  0.97627577E+000  0.25180802E+001
  0.66024044E+000  0.85330788E+000  0.97627702E+000  0.25180972E+001
  0.66024056E+000  0.85330797E+000  0.97627822E+000  0.25181143E+001
  0.66024068E+000  0.85330806E+000  0.97627939E+000  0.25181314E+001
  0.66024080E+000  0.85330814E+000  0.97628052E+000  0.25181485E+001
  0.66024092E+000  0.85330822E+000  0.97628162E+000  0.25181657E+001
  0.66024103E+000  0.85330830E+000  0.97628268E+000  0.25181829E+001
  0.66024114E+000  0.85330838E+000  0.97628370E+000  0.25182001E+001
  0.66024125E+000  0.85330846E+000  0.97628469E+000  0.25182173E+001
  0.66024135E+000  0.85330853E+000  0.97628564E+000  0.25182345E+001
  0.66024145E+000  0.85330860E+000  0.97628655E+000  0.25182517E+001
  0.66024155E+000  0.85330867E+000  0.97628744E+000  0.25182689E+001
  0.66024164E+000  0.85330873E+000  0.97628828E+000  0.25182860E+001
  0.66024173E+000  0.85330879E+000  0.97628910E+000  0.25183031E+001
  0.66024181E+000  0.85330885E+000  0.97628988E+000  0.25183201E+001
  0.66024190E+000  0.85330891E+000  0.97629062E+000  0.25183371E+001
  0.66024197E+000  0.85330897E+000  0.97629134E+000  0.25183540E+001
  0.66024205E+000  0.85330902E+000  0.97629202E+000  0.25183708E+001
  0.66024212E+000  0.85330908E+000  0.97629268E+000  0.25183876E+001
  0.66024219E+000  0.85330913E+000  0.97629330E+000  0.25184042E+001
  0.66024225E+000  0.85330917E+000  0.97629390E+000  0.25184208E+001
  0.66024232E+000  0.85330922E+000  0.97629447E+000  0.25184372E+001
  0.66024237E+000  0.85330926E+000  0.97629501E+000  0.25184535E+001
  0.66024243E+000  0.85330930E+000  0.97629552E+000  0.25184697E+001
  0.66024248E+000  0.85330934E+000  0.97629601E+000  0.25184857E+001
  0.66024253E+000  0.85330938E+000  0.97629648E+000  0.25185016E+001
  0.66024258E+000  0.85330942E+000  0.97629692E+000  0.25185174E+001
  0.66024262E+000  0.85330945E+000  0.97629733E+000  0.25185329E+001
  0.66024266E+000  0.85330948E+000  0.97629773E+000  0.25185483E+001
  0.66024270E+000  0.85330952E+000  0.97629811E+000  0.25185636E+001
  0.66024274E+000  0.85330954E+000  0.97629846E+000  0.25185786E+001
  0.66024277E+000  0.85330957E+000  0.97629880E+000  0.25185935E+001
  0.66024281E+000  0.85330960E+000  0.97629911E+000  0.25186082E+001
  0.66024284E+000  0.85330962E+000  0.97629941E+000  0.25186226E+001
  0.66024287E+000  0.85330965E+000  0.97629969E+000  0.25186369E+001
  0.66024289E+000  0.85330967E+000  0.97629996E+000  0.25186509E+001
  0.66024292E+000  0.85330969E+000  0.97630021E+000  0.25186648E+001
  0.66024294E+000  0.85330971E+000  0.97630045E+000  0.25186784E+001
  0.66024296E+000  0.85330973E+000  0.97630067E+000  0.25186918E+001
  0.66024298E+000  0.85330974E+000  0.97630087E+000  0.25187049E+001
  0.66024300E+000  0.85330976E+000  0.97630107E+000  0.25187179E+001
  0.66024302E+000  0.85330977E+000  0.97630125E+000  0.25187306E+001
  0.66024304E+000  0.85330979E+000  0.97630142E+000  0.25187430E+001
  0.66024305E+000  0.85330980E+000  0.97630159E+000  0.25187552E+001
  0.66024307E+000  0.85330981E+000  0.97630174E+000  0.25187672E+001
  0.66024308E+000  0.85330983E+000  0.97630188E+000  0.25187789E+001
  0.66024309E+000  0.85330984E+000  0.97630201E+000  0.25187904E+001
  0.66024311E+000  0.85330985E+000  0.97630213E+000  0.25188017E+001
  0.66024312E+000  0.85330986E+000  0.97630225E+000  0.25188127E+001
  0.66024313E+000  0.85330986E+000  0.97630235E+000  0.25188234E+001
  0.66024313E+000  0.85330987E+000  0.97630245E+000  0.25188339E+001
  0.66024314E+000  0.85330988E+000  0.97630255E+000  0.25188441E+001
  0.66024315E+000  0.85330989E+000  0.97630263E+000  0.25188542E+001
  0.66024316E+000  0.85330989E+000  0.97630272E+000  0.25188639E+001
