  0.70133468E+000  0.85312694E+000  0.10373173E+001  0.24143528E+001
  0.70132787E+000  0.85313163E+000  0.10373194E+001  0.24143475E+001
  0.70132403E+000  0.85313367E+000  0.10373215E+001  0.24143460E+001
  0.70132159E+000  0.85313453E+000  0.10373234E+001  0.24143467E+001
  0.70131984E+000  0.85313489E+000  0.10373252E+001  0.24143486E+001
  0.70131847E+000  0.85313504E+000  0.10373268E+001  0.24143513E+001
  0.70131737E+000  0.85313508E+000  0.10373283E+001  0.24143546E+001
  0.70131646E+000  0.85313505E+000  0.10373297E+001  0.24143582E+001
  0.70131573E+000  0.85313497E+000  0.10373310E+001  0.24143622E+001
  0.70131515E+000  0.85313484E+000  0.10373321E+001  0.24143663E+001
  0.70131469E+000  0.85313468E+000  0.10373332E+001  0.24143705E+001
  0.70131432E+000  0.85313448E+000  0.10373341E+001  0.24143748E+001
  0.70131404E+000  0.85313426E+000  0.10373351E+001  0.24143793E+001
  0.70131382E+000  0.85313400E+000  0.10373360E+001  0.24143838E+001
  0.70131365E+000  0.85313371E+000  0.10373368E+001  0.24143883E+001
  0.70131352E+000  0.85313341E+000  0.10373377E+001  0.24143929E+001
  0.70131341E+000  0.85313308E+000  0.10373385E+001  0.24143976E+001
  0.70131333E+000  0.85313274E+000  0.10373393E+001  0.24144023E+001
  0.70131326E+000  0.85313238E+000  0.10373402E+001  0.24144071E+001
  0.70131320E+000  0.85313202E+000  0.10373410E+001  0.24144119E+001
  0.70131315E+000  0.85313166E+000  0.10373419E+001  0.24144168E+001
  0.70131310E+000  0.85313129E+000  0.10373427E+001  0.24144218E+001
  0.70131306E+000  0.85313093E+000  0.10373435E+001  0.24144269E+001
  0.70131303E+000  0.85313058E+000  0.10373444E+001  0.24144320E+001
  0.70131299E+000  0.85313024E+000  0.10373452E+001  0.24144372E+001
  0.70131296E+000  0.85312991E+000  0.10373461E+001  0.24144426E+001
  0.70131292E+000  0.85312960E+000  0.10373469E+001  0.24144480E+001
  0.70131289E+000  0.85312931E+000  0.10373477E+001  0.24144535E+001
  0.70131286E+000  0.85312903E+000  0.10373485E+001  0.24144592E+001
  0.70131283E+000  0.85312876E+000  0.10373494E+001  0.24144650E+001
  0.70131280E+000  0.85312852E+000  0.10373502E+001  0.24144710E+001
  0.70131277E+000  0.85312829E+000  0.10373510E+001  0.24144770E+001
  0.70131274E+000  0.85312808E+000  0.10373518E+001  0.24144833E+001
  0.70131271E+000  0.85312788E+000  0.10373526E+001  0.24144896E+001
  0.70131268E+000  0.85312769E+000  0.10373534E+001  0.24144962E+001
  0.70131266E+000  0.85312750E+000  0.10373542E+001  0.24145029E+001
  0.70131264E+000  0.85312733E+000  0.10373550E+001  0.24145097E+001
  0.70131262E+000  0.85312716E+000  0.10373558E+001  0.24145168E+001
  0.70131260E+000  0.85312699E+000  0.10373567E+001  0.24145240E+001
  0.70131258E+000  0.85312683E+000  0.10373576E+001  0.24145313E+001
  0.70131257E+000  0.85312666E+000  0.10373585E+001  0.24145389E+001
  0.70131257E+000  0.85312648E+000  0.10373594E+001  0.24145466E+001
  0.70131256E+000  0.85312631E+000  0.10373603E+001  0.24145545E+001
  0.70131256E+000  0.85312612E+000  0.10373613E+001  0.24145626E+001
  0.70131257E+000  0.85312592E+000  0.10373623E+001  0.24145709E+001
  0.70131258E+000  0.85312572E+000  0.10373634E+001  0.24145794E+001
  0.70131260E+000  0.85312550E+000  0.10373645E+001  0.24145880E+001
  0.70131263E+000  0.85312527E+000  0.10373656E+001  0.24145968E+001
  0.70131267E+000  0.85312502E+000  0.10373667E+001  0.24146058E+001
  0.70131272E+000  0.85312475E+000  0.10373680E+001  0.24146150E+001
  0.70131279E+000  0.85312447E+000  0.10373692E+001  0.24146244E+001
  0.70131286E+000  0.85312416E+000  0.10373705E+001  0.24146340E+001
  0.70131296E+000  0.85312383E+000  0.10373718E+001  0.24146437E+001
  0.70131308E+000  0.85312347E+000  0.10373732E+001  0.24146537E+001
  0.70131321E+000  0.85312309E+000  0.10373746E+001  0.24146638E+001
  0.70131407E+000  0.85312198E+000  0.10373761E+001  0.24146740E+001
  0.70131501E+000  0.85312078E+000  0.10373775E+001  0.24146845E+001
  0.70131600E+000  0.85311952E+000  0.10373791E+001  0.24146951E+001
  0.70131707E+000  0.85311819E+000  0.10373807E+001  0.24147058E+001
  0.70131820E+000  0.85311679E+000  0.10373823E+001  0.24147167E+001
  0.70131941E+000  0.85311531E+000  0.10373839E+001  0.24147277E+001
  0.70132069E+000  0.85311376E+000  0.10373857E+001  0.24147388E+001
  0.70132204E+000  0.85311215E+000  0.10373874E+001  0.24147501E+001
  0.70132346E+000  0.85311047E+000  0.10373892E+001  0.24147615E+001
  0.70132495E+000  0.85310872E+000  0.10373910E+001  0.24147730E+001
  0.70132651E+000  0.85310691E+000  0.10373929E+001  0.24147845E+001
  0.70132813E+000  0.85310505E+000  0.10373949E+001  0.24147961E+001
  0.70132983E+000  0.85310314E+000  0.10373968E+001  0.24148078E+001
  0.70133158E+000  0.85310118E+000  0.10373989E+001  0.24148196E+001
  0.70133339E+000  0.85309918E+000  0.10374010E+001  0.24148314E+001
  0.70133526E+000  0.85309716E+000  0.10374031E+001  0.24148432E+001
  0.70133718E+000  0.85309510E+000  0.10374053E+001  0.24148551E+001
  0.70133914E+000  0.85309303E+000  0.10374075E+001  0.24148669E+001
  0.70134114E+000  0.85309095E+000  0.10374098E+001  0.24148788E+001
  0.70134318E+000  0.85308887E+000  0.10374121E+001  0.24148906E+001
  0.70134525E+000  0.85308680E+000  0.10374146E+001  0.24149025E+001
  0.70134734E+000  0.85308473E+000  0.10374170E+001  0.24149143E+001
  0.70134946E+000  0.85308269E+000  0.10374195E+001  0.24149260E+001
  0.70135158E+000  0.85308068E+000  0.10374221E+001  0.24149378E+001
  0.70135372E+000  0.85307870E+000  0.10374248E+001  0.24149495E+001
  0.70135585E+000  0.85307676E+000  0.10374275E+001  0.24149611E+001
  0.70135799E+000  0.85307486E+000  0.10374303E+001  0.24149727E+001
  0.70136012E+000  0.85307302E+000  0.10374332E+001  0.24149842E+001
  0.70136223E+000  0.85307124E+000  0.10374361E+001  0.24149957E+001
  0.70136434E+000  0.85306951E+000  0.10374391E+001  0.24150071E+001
  0.70136642E+000  0.85306786E+000  0.10374421E+001  0.24150184E+001
  0.70136848E+000  0.85306627E+000  0.10374453E+001  0.24150297E+001
  0.70137052E+000  0.85306475E+000  0.10374485E+001  0.24150409E+001
  0.70137253E+000  0.85306331E+000  0.10374517E+001  0.24150521E+001
  0.70137451E+000  0.85306194E+000  0.10374550E+001  0.24150632E+001
  0.70137645E+000  0.85306066E+000  0.10374584E+001  0.24150742E+001
  0.70137836E+000  0.85305945E+000  0.10374618E+001  0.24150852E+001
  0.70138024E+000  0.85305832E+000  0.10374653E+001  0.24150962E+001
  0.70138208E+000  0.85305727E+000  0.10374688E+001  0.24151070E+001
  0.70138388E+000  0.85305630E+000  0.10374724E+001  0.24151179E+001
  0.70138564E+000  0.85305542E+000  0.10374761E+001  0.24151287E+001
  0.70138737E+000  0.85305461E+000  0.10374797E+001  0.24151394E+001
  0.70138905E+000  0.85305388E+000  0.10374834E+001  0.24151501E+001
  0.70139069E+000  0.85305323E+000  0.10374872E+001  0.24151608E+001
  0.70139229E+000  0.85305265E+000  0.10374910E+001  0.24151714E+001
  0.70139385E+000  0.85305215E+000  0.10374948E+001  0.24151820E+001
  0.70139537E+000  0.85305173E+000  0.10374986E+001  0.24151926E+001
  0.70139684E+000  0.85305137E+000  0.10375025E+001  0.24152032E+001
  0.70139827E+000  0.85305108E+000  0.10375064E+001  0.24152138E+001
  0.70139967E+000  0.85305086E+000  0.10375103E+001  0.24152243E+001
  0.70140102E+000  0.85305070E+000  0.10375142E+001  0.24152349E+001
  0.70140232E+000  0.85305060E+000  0.10375182E+001  0.24152455E+001
  0.70140359E+000  0.85305056E+000  0.10375222E+001  0.24152560E+001
  0.70140481E+000  0.85305058E+000  0.10375262E+001  0.24152666E+001
  0.70140599E+000  0.85305064E+000  0.10375302E+001  0.24152772E+001
  0.70140713E+000  0.85305076E+000  0.10375343E+001  0.24152878E+001
  0.70140823E+000  0.85305092E+000  0.10375384E+001  0.24152985E+001
  0.70140929E+000  0.85305112E+000  0.10375425E+001  0.24153092E+001
  0.70141030E+000  0.85305136E+000  0.10375466E+001  0.24153199E+001
  0.70141128E+000  0.85305164E+000  0.10375507E+001  0.24153307E+001
  0.70141222E+000  0.85305195E+000  0.10375549E+001  0.24153416E+001
  0.70141312E+000  0.85305228E+000  0.10375591E+001  0.24153525E+001
  0.70141398E+000  0.85305265E+000  0.10375632E+001  0.24153635E+001
  0.70141480E+000  0.85305303E+000  0.10375674E+001  0.24153746E+001
  0.70141559E+000  0.85305343E+000  0.10375716E+001  0.24153857E+001
  0.70141634E+000  0.85305385E+000  0.10375759E+001  0.24153970E+001
  0.70141705E+000  0.85305428E+000  0.10375801E+001  0.24154084E+001
  0.70141773E+000  0.85305472E+000  0.10375843E+001  0.24154198E+001
  0.70141838E+000  0.85305517E+000  0.10375885E+001  0.24154314E+001
  0.70141899E+000  0.85305562E+000  0.10375928E+001  0.24154431E+001
  0.70141958E+000  0.85305608E+000  0.10375970E+001  0.24154549E+001
  0.70142013E+000  0.85305653E+000  0.10376011E+001  0.24154669E+001
  0.70142065E+000  0.85305699E+000  0.10376053E+001  0.24154790E+001
  0.70142115E+000  0.85305744E+000  0.10376095E+001  0.24154912E+001
  0.70142162E+000  0.85305789E+000  0.10376136E+001  0.24155036E+001
  0.70142206E+000  0.85305833E+000  0.10376177E+001  0.24155162E+001
  0.70142248E+000  0.85305876E+000  0.10376217E+001  0.24155289E+001
  0.70142287E+000  0.85305918E+000  0.10376257E+001  0.24155418E+001
  0.70142324E+000  0.85305959E+000  0.10376296E+001  0.24155548E+001
  0.70142359E+000  0.85305999E+000  0.10376335E+001  0.24155680E+001
  0.70142391E+000  0.85306038E+000  0.10376373E+001  0.24155814E+001
  0.70142422E+000  0.85306076E+000  0.10376411E+001  0.24155950E+001
  0.70142451E+000  0.85306112E+000  0.10376448E+001  0.24156087E+001
  0.70142477E+000  0.85306147E+000  0.10376484E+001  0.24156226E+001
  0.70142503E+000  0.85306181E+000  0.10376519E+001  0.24156367E+001
  0.70142526E+000  0.85306213E+000  0.10376553E+001  0.24156509E+001
  0.70142548E+000  0.85306244E+000  0.10376587E+001  0.24156654E+001
  0.70142569E+000  0.85306273E+000  0.10376619E+001  0.24156799E+001
  0.70142588E+000  0.85306302E+000  0.10376651E+001  0.24156947E+001
  0.70142606E+000  0.85306328E+000  0.10376682E+001  0.24157096E+001
  0.70142622E+000  0.85306354E+000  0.10376712E+001  0.24157247E+001
  0.70142638E+000  0.85306378E+000  0.10376740E+001  0.24157399E+001
  0.70142652E+000  0.85306401E+000  0.10376768E+001  0.24157552E+001
  0.70142665E+000  0.85306423E+000  0.10376795E+001  0.24157707E+001
  0.70142678E+000  0.85306443E+000  0.10376821E+001  0.24157862E+001
  0.70142689E+000  0.85306463E+000  0.10376845E+001  0.24158020E+001
  0.70142700E+000  0.85306481E+000  0.10376869E+001  0.24158178E+001
  0.70142710E+000  0.85306498E+000  0.10376892E+001  0.24158337E+001
  0.70142719E+000  0.85306514E+000  0.10376913E+001  0.24158497E+001
  0.70142727E+000  0.85306529E+000  0.10376934E+001  0.24158657E+001
  0.70142735E+000  0.85306543E+000  0.10376954E+001  0.24158818E+001
  0.70142742E+000  0.85306556E+000  0.10376973E+001  0.24158980E+001
  0.70142749E+000  0.85306569E+000  0.10376991E+001  0.24159142E+001
  0.70142755E+000  0.85306580E+000  0.10377008E+001  0.24159305E+001
  0.70142761E+000  0.85306591E+000  0.10377024E+001  0.24159468E+001
  0.70142766E+000  0.85306601E+000  0.10377040E+001  0.24159630E+001
  0.70142771E+000  0.85306611E+000  0.10377054E+001  0.24159793E+001
  0.70142775E+000  0.85306619E+000  0.10377068E+001  0.24159956E+001
  0.70142779E+000  0.85306627E+000  0.10377081E+001  0.24160118E+001
  0.70142783E+000  0.85306635E+000  0.10377093E+001  0.24160280E+001
  0.70142786E+000  0.85306642E+000  0.10377105E+001  0.24160441E+001
  0.70142789E+000  0.85306648E+000  0.10377115E+001  0.24160602E+001
  0.70142792E+000  0.85306654E+000  0.10377126E+001  0.24160762E+001
  0.70142795E+000  0.85306660E+000  0.10377135E+001  0.24160921E+001
  0.70142797E+000  0.85306665E+000  0.10377144E+001  0.24161079E+001
  0.70142800E+000  0.85306670E+000  0.10377153E+001  0.24161236E+001
  0.70142802E+000  0.85306674E+000  0.10377161E+001  0.24161392E+001
  0.70142804E+000  0.85306678E+000  0.10377168E+001  0.24161546E+001
  0.70142805E+000  0.85306682E+000  0.10377175E+001  0.24161700E+001
  0.70142807E+000  0.85306685E+000  0.10377181E+001  0.24161852E+001
  0.70142808E+000  0.85306689E+000  0.10377187E+001  0.24162002E+001
  0.70142810E+000  0.85306692E+000  0.10377193E+001  0.24162150E+001
  0.70142811E+000  0.85306694E+000  0.10377198E+001  0.24162297E+001
  0.70142812E+000  0.85306697E+000  0.10377203E+001  0.24162443E+001
  0.70142813E+000  0.85306699E+000  0.10377208E+001  0.24162586E+001
  0.70142814E+000  0.85306701E+000  0.10377212E+001  0.24162727E+001
  0.70142815E+000  0.85306703E+000  0.10377216E+001  0.24162867E+001
  0.70142815E+000  0.85306705E+000  0.10377219E+001  0.24163004E+001
  0.70142816E+000  0.85306706E+000  0.10377223E+001  0.24163140E+001
  0.70142817E+000  0.85306708E+000  0.10377226E+001  0.24163273E+001
  0.70142817E+000  0.85306709E+000  0.10377229E+001  0.24163404E+001
  0.70142818E+000  0.85306710E+000  0.10377231E+001  0.24163533E+001
  0.70142818E+000  0.85306712E+000  0.10377234E+001  0.24163659E+001
  0.70142819E+000  0.85306713E+000  0.10377236E+001  0.24163783E+001
  0.70142819E+000  0.85306714E+000  0.10377238E+001  0.24163905E+001
  0.70142820E+000  0.85306714E+000  0.10377240E+001  0.24164024E+001
  0.70142820E+000  0.85306715E+000  0.10377242E+001  0.24164142E+001
  0.70142820E+000  0.85306716E+000  0.10377244E+001  0.24164256E+001
  0.70142820E+000  0.85306717E+000  0.10377245E+001  0.24164368E+001
  0.70142821E+000  0.85306717E+000  0.10377247E+001  0.24164478E+001
  0.70142821E+000  0.85306718E+000  0.10377248E+001  0.24164586E+001
  0.70142821E+000  0.85306718E+000  0.10377249E+001  0.24164690E+001
  0.70142821E+000  0.85306719E+000  0.10377250E+001  0.24164793E+001
  0.70142821E+000  0.85306719E+000  0.10377251E+001  0.24164893E+001
  0.70142822E+000  0.85306720E+000  0.10377252E+001  0.24164990E+001
