 -0.44483614E+000
 -0.44485596E+000
 -0.44486918E+000
 -0.44487863E+000
 -0.44488569E+000
 -0.44489117E+000
 -0.44489555E+000
 -0.44489918E+000
 -0.44490228E+000
 -0.44490499E+000
 -0.44490744E+000
 -0.44490970E+000
 -0.44491182E+000
 -0.44491383E+000
 -0.44491577E+000
 -0.44491765E+000
 -0.44491949E+000
 -0.44492130E+000
 -0.44492309E+000
 -0.44492485E+000
 -0.44492660E+000
 -0.44492834E+000
 -0.44493007E+000
 -0.44493180E+000
 -0.44493352E+000
 -0.44493524E+000
 -0.44493697E+000
 -0.44493871E+000
 -0.44494047E+000
 -0.44494224E+000
 -0.44494404E+000
 -0.44494586E+000
 -0.44494773E+000
 -0.44494963E+000
 -0.44495158E+000
 -0.44495358E+000
 -0.44495564E+000
 -0.44495776E+000
 -0.44495994E+000
 -0.44496220E+000
 -0.44496452E+000
 -0.44496693E+000
 -0.44496942E+000
 -0.44497198E+000
 -0.44497463E+000
 -0.44497737E+000
 -0.44498020E+000
 -0.44498311E+000
 -0.44498611E+000
 -0.44498920E+000
 -0.44499238E+000
 -0.44499565E+000
 -0.44499901E+000
 -0.44500245E+000
 -0.44500599E+000
 -0.44500961E+000
 -0.44501332E+000
 -0.44501712E+000
 -0.44502100E+000
 -0.44502497E+000
 -0.44502902E+000
 -0.44503315E+000
 -0.44503736E+000
 -0.44504165E+000
 -0.44504602E+000
 -0.44505047E+000
 -0.44505500E+000
 -0.44505960E+000
 -0.44506427E+000
 -0.44506902E+000
 -0.44507384E+000
 -0.44507874E+000
 -0.44508370E+000
 -0.44508873E+000
 -0.44509384E+000
 -0.44509901E+000
 -0.44510424E+000
 -0.44510954E+000
 -0.44511490E+000
 -0.44512032E+000
 -0.44512580E+000
 -0.44513134E+000
 -0.44513693E+000
 -0.44514257E+000
 -0.44514826E+000
 -0.44515400E+000
 -0.44515977E+000
 -0.44516559E+000
 -0.44517144E+000
 -0.44517733E+000
 -0.44518324E+000
 -0.44518919E+000
 -0.44519516E+000
 -0.44520115E+000
 -0.44520717E+000
 -0.44521321E+000
 -0.44521926E+000
 -0.44522533E+000
 -0.44523142E+000
 -0.44523752E+000
 -0.44524364E+000
 -0.44524977E+000
 -0.44525591E+000
 -0.44526207E+000
 -0.44526824E+000
 -0.44527443E+000
 -0.44528062E+000
 -0.44528684E+000
 -0.44529307E+000
 -0.44529931E+000
 -0.44530557E+000
 -0.44531185E+000
 -0.44531814E+000
 -0.44532446E+000
 -0.44533079E+000
 -0.44533714E+000
 -0.44534352E+000
 -0.44534991E+000
 -0.44535633E+000
 -0.44536276E+000
 -0.44536922E+000
 -0.44537571E+000
 -0.44538221E+000
 -0.44538874E+000
 -0.44539529E+000
 -0.44540187E+000
 -0.44540846E+000
 -0.44541508E+000
 -0.44542172E+000
 -0.44542838E+000
 -0.44543507E+000
 -0.44544177E+000
 -0.44544849E+000
 -0.44545523E+000
 -0.44546198E+000
 -0.44546875E+000
 -0.44547554E+000
 -0.44548233E+000
 -0.44548914E+000
 -0.44549596E+000
 -0.44550278E+000
 -0.44550960E+000
 -0.44551643E+000
 -0.44552326E+000
 -0.44553009E+000
 -0.44553691E+000
 -0.44554372E+000
 -0.44555053E+000
 -0.44555733E+000
 -0.44556411E+000
 -0.44557087E+000
 -0.44557761E+000
 -0.44558434E+000
 -0.44559103E+000
 -0.44559770E+000
 -0.44560434E+000
 -0.44561095E+000
 -0.44561751E+000
 -0.44562404E+000
 -0.44563053E+000
 -0.44563698E+000
 -0.44564338E+000
 -0.44564972E+000
 -0.44565602E+000
 -0.44566226E+000
 -0.44566845E+000
 -0.44567457E+000
 -0.44568063E+000
 -0.44568663E+000
 -0.44569257E+000
 -0.44569843E+000
 -0.44570422E+000
 -0.44570994E+000
 -0.44571559E+000
 -0.44572116E+000
 -0.44572665E+000
 -0.44573206E+000
 -0.44573740E+000
 -0.44574265E+000
 -0.44574781E+000
 -0.44575289E+000
 -0.44575789E+000
 -0.44576279E+000
 -0.44576761E+000
 -0.44577234E+000
 -0.44577698E+000
 -0.44578154E+000
 -0.44578600E+000
 -0.44579037E+000
 -0.44579464E+000
 -0.44579883E+000
 -0.44580293E+000
 -0.44580693E+000
 -0.44581084E+000
 -0.44581466E+000
 -0.44581839E+000
 -0.44582203E+000
 -0.44582558E+000
 -0.44582904E+000
 -0.44583241E+000
