  0.11443446E+001
  0.11443446E+001
  0.11443442E+001
  0.11443438E+001
  0.11443433E+001
  0.11443428E+001
  0.11443423E+001
  0.11443418E+001
  0.11443414E+001
  0.11443409E+001
  0.11443404E+001
  0.11443400E+001
  0.11443395E+001
  0.11443390E+001
  0.11443386E+001
  0.11443381E+001
  0.11443377E+001
  0.11443372E+001
  0.11443368E+001
  0.11443363E+001
  0.11443359E+001
  0.11443354E+001
  0.11443350E+001
  0.11443345E+001
  0.11443341E+001
  0.11443336E+001
  0.11443332E+001
  0.11443327E+001
  0.11443322E+001
  0.11443318E+001
  0.11443313E+001
  0.11443308E+001
  0.11443303E+001
  0.11443298E+001
  0.11443293E+001
  0.11443288E+001
  0.11443283E+001
  0.11443278E+001
  0.11443273E+001
  0.11443268E+001
  0.11443262E+001
  0.11443257E+001
  0.11443251E+001
  0.11443246E+001
  0.11443240E+001
  0.11443235E+001
  0.11443229E+001
  0.11443224E+001
  0.11443218E+001
  0.11443212E+001
  0.11443206E+001
  0.11443200E+001
  0.11443195E+001
  0.11443189E+001
  0.11443183E+001
  0.11443177E+001
  0.11443171E+001
  0.11443165E+001
  0.11443159E+001
  0.11443153E+001
  0.11443147E+001
  0.11443141E+001
  0.11443135E+001
  0.11443129E+001
  0.11443123E+001
  0.11443117E+001
  0.11443111E+001
  0.11443105E+001
  0.11443099E+001
  0.11443093E+001
  0.11443087E+001
  0.11443080E+001
  0.11443074E+001
  0.11443068E+001
  0.11443061E+001
  0.11443055E+001
  0.11443048E+001
  0.11443042E+001
  0.11443035E+001
  0.11443028E+001
  0.11443021E+001
  0.11443014E+001
  0.11443007E+001
  0.11442999E+001
  0.11442992E+001
  0.11442984E+001
  0.11442976E+001
  0.11442967E+001
  0.11442959E+001
  0.11442950E+001
  0.11442942E+001
  0.11442933E+001
  0.11442923E+001
  0.11442914E+001
  0.11442904E+001
  0.11442894E+001
  0.11442884E+001
  0.11442874E+001
  0.11442864E+001
  0.11442854E+001
  0.11442843E+001
  0.11442832E+001
  0.11442821E+001
  0.11442810E+001
  0.11442799E+001
  0.11442788E+001
  0.11442777E+001
  0.11442766E+001
  0.11442754E+001
  0.11442743E+001
  0.11442731E+001
  0.11442720E+001
  0.11442708E+001
  0.11442696E+001
  0.11442685E+001
  0.11442673E+001
  0.11442661E+001
  0.11442650E+001
  0.11442638E+001
  0.11442626E+001
  0.11442615E+001
  0.11442603E+001
  0.11442592E+001
  0.11442580E+001
  0.11442569E+001
  0.11442557E+001
  0.11442546E+001
  0.11442535E+001
  0.11442523E+001
  0.11442512E+001
  0.11442501E+001
  0.11442490E+001
  0.11442479E+001
  0.11442469E+001
  0.11442458E+001
  0.11442447E+001
  0.11442437E+001
  0.11442427E+001
  0.11442416E+001
  0.11442406E+001
  0.11442396E+001
  0.11442387E+001
  0.11442377E+001
  0.11442368E+001
  0.11442358E+001
  0.11442349E+001
  0.11442340E+001
  0.11442331E+001
  0.11442323E+001
  0.11442314E+001
  0.11442306E+001
  0.11442298E+001
  0.11442290E+001
  0.11442282E+001
  0.11442275E+001
  0.11442267E+001
  0.11442260E+001
  0.11442253E+001
  0.11442246E+001
  0.11442239E+001
  0.11442233E+001
  0.11442226E+001
  0.11442220E+001
  0.11442214E+001
  0.11442208E+001
  0.11442203E+001
  0.11442197E+001
  0.11442192E+001
  0.11442187E+001
  0.11442182E+001
  0.11442177E+001
  0.11442172E+001
  0.11442168E+001
  0.11442163E+001
  0.11442159E+001
  0.11442155E+001
  0.11442151E+001
  0.11442147E+001
  0.11442144E+001
  0.11442140E+001
  0.11442137E+001
  0.11442133E+001
  0.11442130E+001
  0.11442127E+001
  0.11442124E+001
  0.11442122E+001
  0.11442119E+001
  0.11442116E+001
  0.11442114E+001
  0.11442112E+001
  0.11442109E+001
  0.11442107E+001
  0.11442105E+001
  0.11442103E+001
  0.11442101E+001
  0.11442099E+001
  0.11442098E+001
  0.11442096E+001
  0.11442094E+001
  0.11442093E+001
