  0.52672604E+000
  0.52672621E+000
  0.52672618E+000
  0.52672609E+000
  0.52672597E+000
  0.52672585E+000
  0.52672571E+000
  0.52672558E+000
  0.52672544E+000
  0.52672530E+000
  0.52672516E+000
  0.52672502E+000
  0.52672488E+000
  0.52672474E+000
  0.52672460E+000
  0.52672446E+000
  0.52672432E+000
  0.52672418E+000
  0.52672403E+000
  0.52672389E+000
  0.52672375E+000
  0.52672361E+000
  0.52672346E+000
  0.52672332E+000
  0.52672317E+000
  0.52672303E+000
  0.52672288E+000
  0.52672273E+000
  0.52672258E+000
  0.52672242E+000
  0.52672227E+000
  0.52672211E+000
  0.52672196E+000
  0.52672180E+000
  0.52672163E+000
  0.52672147E+000
  0.52672130E+000
  0.52672113E+000
  0.52672096E+000
  0.52672079E+000
  0.52672061E+000
  0.52672044E+000
  0.52672026E+000
  0.52672007E+000
  0.52671989E+000
  0.52671970E+000
  0.52671952E+000
  0.52671932E+000
  0.52671913E+000
  0.52671894E+000
  0.52671874E+000
  0.52671854E+000
  0.52671834E+000
  0.52671813E+000
  0.52671793E+000
  0.52671772E+000
  0.52671751E+000
  0.52671730E+000
  0.52671709E+000
  0.52671687E+000
  0.52671665E+000
  0.52671643E+000
  0.52671621E+000
  0.52671599E+000
  0.52671576E+000
  0.52671553E+000
  0.52671530E+000
  0.52671506E+000
  0.52671482E+000
  0.52671458E+000
  0.52671433E+000
  0.52671408E+000
  0.52671382E+000
  0.52671356E+000
  0.52671329E+000
  0.52671302E+000
  0.52671274E+000
  0.52671245E+000
  0.52671215E+000
  0.52671185E+000
  0.52671154E+000
  0.52671122E+000
  0.52671088E+000
  0.52671054E+000
  0.52671019E+000
  0.52670982E+000
  0.52670945E+000
  0.52670906E+000
  0.52670866E+000
  0.52670825E+000
  0.52670783E+000
  0.52670740E+000
  0.52670696E+000
  0.52670650E+000
  0.52670604E+000
  0.52670556E+000
  0.52670507E+000
  0.52670458E+000
  0.52670407E+000
  0.52670355E+000
  0.52670303E+000
  0.52670250E+000
  0.52670196E+000
  0.52670141E+000
  0.52670086E+000
  0.52670029E+000
  0.52669973E+000
  0.52669916E+000
  0.52669858E+000
  0.52669800E+000
  0.52669741E+000
  0.52669683E+000
  0.52669623E+000
  0.52669564E+000
  0.52669504E+000
  0.52669445E+000
  0.52669385E+000
  0.52669325E+000
  0.52669265E+000
  0.52669205E+000
  0.52669145E+000
  0.52669085E+000
  0.52669026E+000
  0.52668966E+000
  0.52668907E+000
  0.52668848E+000
  0.52668789E+000
  0.52668731E+000
  0.52668673E+000
  0.52668615E+000
  0.52668558E+000
  0.52668502E+000
  0.52668446E+000
  0.52668390E+000
  0.52668335E+000
  0.52668281E+000
  0.52668227E+000
  0.52668175E+000
  0.52668122E+000
  0.52668071E+000
  0.52668020E+000
  0.52667970E+000
  0.52667921E+000
  0.52667873E+000
  0.52667826E+000
  0.52667779E+000
  0.52667734E+000
  0.52667689E+000
  0.52667645E+000
  0.52667602E+000
  0.52667560E+000
  0.52667519E+000
  0.52667479E+000
  0.52667440E+000
  0.52667402E+000
  0.52667365E+000
  0.52667329E+000
  0.52667294E+000
  0.52667259E+000
  0.52667226E+000
  0.52667194E+000
  0.52667162E+000
  0.52667132E+000
  0.52667102E+000
  0.52667073E+000
  0.52667046E+000
  0.52667019E+000
  0.52666993E+000
  0.52666968E+000
  0.52666943E+000
  0.52666920E+000
  0.52666897E+000
  0.52666875E+000
  0.52666854E+000
  0.52666834E+000
  0.52666814E+000
  0.52666795E+000
  0.52666777E+000
  0.52666760E+000
  0.52666743E+000
  0.52666727E+000
  0.52666711E+000
  0.52666697E+000
  0.52666682E+000
  0.52666669E+000
  0.52666656E+000
  0.52666643E+000
  0.52666631E+000
  0.52666620E+000
  0.52666609E+000
  0.52666598E+000
  0.52666588E+000
  0.52666579E+000
  0.52666569E+000
  0.52666561E+000
  0.52666552E+000
  0.52666544E+000
  0.52666537E+000
  0.52666530E+000
  0.52666523E+000
