  0.17753665E+001
  0.17753680E+001
  0.17753692E+001
  0.17753702E+001
  0.17753711E+001
  0.17753721E+001
  0.17753730E+001
  0.17753739E+001
  0.17753748E+001
  0.17753757E+001
  0.17753766E+001
  0.17753775E+001
  0.17753784E+001
  0.17753793E+001
  0.17753802E+001
  0.17753812E+001
  0.17753821E+001
  0.17753831E+001
  0.17753840E+001
  0.17753850E+001
  0.17753860E+001
  0.17753871E+001
  0.17753881E+001
  0.17753892E+001
  0.17753903E+001
  0.17753914E+001
  0.17753926E+001
  0.17753938E+001
  0.17753950E+001
  0.17753963E+001
  0.17753976E+001
  0.17753989E+001
  0.17754003E+001
  0.17754017E+001
  0.17754032E+001
  0.17754048E+001
  0.17754064E+001
  0.17754080E+001
  0.17754097E+001
  0.17754115E+001
  0.17754133E+001
  0.17754153E+001
  0.17754172E+001
  0.17754193E+001
  0.17754214E+001
  0.17754236E+001
  0.17754259E+001
  0.17754282E+001
  0.17754307E+001
  0.17754332E+001
  0.17754358E+001
  0.17754385E+001
  0.17754413E+001
  0.17754441E+001
  0.17754471E+001
  0.17754501E+001
  0.17754533E+001
  0.17754565E+001
  0.17754598E+001
  0.17754633E+001
  0.17754668E+001
  0.17754704E+001
  0.17754741E+001
  0.17754779E+001
  0.17754818E+001
  0.17754858E+001
  0.17754898E+001
  0.17754940E+001
  0.17754982E+001
  0.17755026E+001
  0.17755070E+001
  0.17755115E+001
  0.17755161E+001
  0.17755208E+001
  0.17755256E+001
  0.17755304E+001
  0.17755353E+001
  0.17755403E+001
  0.17755453E+001
  0.17755505E+001
  0.17755556E+001
  0.17755609E+001
  0.17755662E+001
  0.17755716E+001
  0.17755770E+001
  0.17755825E+001
  0.17755880E+001
  0.17755936E+001
  0.17755992E+001
  0.17756048E+001
  0.17756105E+001
  0.17756163E+001
  0.17756221E+001
  0.17756279E+001
  0.17756338E+001
  0.17756397E+001
  0.17756456E+001
  0.17756516E+001
  0.17756576E+001
  0.17756637E+001
  0.17756698E+001
  0.17756759E+001
  0.17756821E+001
  0.17756883E+001
  0.17756946E+001
  0.17757009E+001
  0.17757073E+001
  0.17757137E+001
  0.17757201E+001
  0.17757266E+001
  0.17757331E+001
  0.17757396E+001
  0.17757462E+001
  0.17757529E+001
  0.17757596E+001
  0.17757663E+001
  0.17757731E+001
  0.17757799E+001
  0.17757868E+001
  0.17757937E+001
  0.17758007E+001
  0.17758077E+001
  0.17758147E+001
  0.17758218E+001
  0.17758289E+001
  0.17758361E+001
  0.17758433E+001
  0.17758505E+001
  0.17758578E+001
  0.17758651E+001
  0.17758724E+001
  0.17758798E+001
  0.17758871E+001
  0.17758946E+001
  0.17759020E+001
  0.17759095E+001
  0.17759169E+001
  0.17759244E+001
  0.17759320E+001
  0.17759395E+001
  0.17759470E+001
  0.17759546E+001
  0.17759621E+001
  0.17759696E+001
  0.17759772E+001
  0.17759847E+001
  0.17759922E+001
  0.17759998E+001
  0.17760073E+001
  0.17760147E+001
  0.17760222E+001
  0.17760296E+001
  0.17760370E+001
  0.17760444E+001
  0.17760518E+001
  0.17760591E+001
  0.17760663E+001
  0.17760735E+001
  0.17760807E+001
  0.17760878E+001
  0.17760949E+001
  0.17761019E+001
  0.17761088E+001
  0.17761157E+001
  0.17761225E+001
  0.17761293E+001
  0.17761360E+001
  0.17761426E+001
  0.17761491E+001
  0.17761556E+001
  0.17761619E+001
  0.17761682E+001
  0.17761744E+001
  0.17761805E+001
  0.17761865E+001
  0.17761925E+001
  0.17761983E+001
  0.17762040E+001
  0.17762097E+001
  0.17762152E+001
  0.17762207E+001
  0.17762260E+001
  0.17762313E+001
  0.17762364E+001
  0.17762415E+001
  0.17762464E+001
  0.17762513E+001
  0.17762560E+001
  0.17762606E+001
  0.17762652E+001
  0.17762696E+001
  0.17762739E+001
  0.17762781E+001
  0.17762823E+001
  0.17762863E+001
  0.17762902E+001
  0.17762940E+001
  0.17762977E+001
  0.17763013E+001
  0.17763049E+001
