  0.62175351E+000  0.10088088E+001  0.12363900E+001  0.42345142E+001
  0.62175390E+000  0.10088088E+001  0.12363906E+001  0.42345193E+001
  0.62175407E+000  0.10088087E+001  0.12363908E+001  0.42345236E+001
  0.62175417E+000  0.10088087E+001  0.12363909E+001  0.42345275E+001
  0.62175424E+000  0.10088086E+001  0.12363910E+001  0.42345312E+001
  0.62175428E+000  0.10088086E+001  0.12363910E+001  0.42345348E+001
  0.62175430E+000  0.10088086E+001  0.12363911E+001  0.42345384E+001
  0.62175431E+000  0.10088085E+001  0.12363912E+001  0.42345420E+001
  0.62175431E+000  0.10088085E+001  0.12363912E+001  0.42345456E+001
  0.62175431E+000  0.10088084E+001  0.12363913E+001  0.42345492E+001
  0.62175430E+000  0.10088084E+001  0.12363913E+001  0.42345528E+001
  0.62175429E+000  0.10088083E+001  0.12363914E+001  0.42345564E+001
  0.62175427E+000  0.10088083E+001  0.12363914E+001  0.42345601E+001
  0.62175426E+000  0.10088082E+001  0.12363915E+001  0.42345637E+001
  0.62175424E+000  0.10088082E+001  0.12363915E+001  0.42345674E+001
  0.62175423E+000  0.10088081E+001  0.12363916E+001  0.42345712E+001
  0.62175421E+000  0.10088081E+001  0.12363916E+001  0.42345750E+001
  0.62175420E+000  0.10088080E+001  0.12363917E+001  0.42345788E+001
  0.62175419E+000  0.10088080E+001  0.12363918E+001  0.42345827E+001
  0.62175418E+000  0.10088080E+001  0.12363918E+001  0.42345866E+001
  0.62175417E+000  0.10088079E+001  0.12363919E+001  0.42345907E+001
  0.62175416E+000  0.10088079E+001  0.12363920E+001  0.42345948E+001
  0.62175416E+000  0.10088078E+001  0.12363920E+001  0.42345989E+001
  0.62175415E+000  0.10088078E+001  0.12363921E+001  0.42346032E+001
  0.62175415E+000  0.10088077E+001  0.12363922E+001  0.42346075E+001
  0.62175415E+000  0.10088077E+001  0.12363923E+001  0.42346120E+001
  0.62175416E+000  0.10088077E+001  0.12363924E+001  0.42346166E+001
  0.62175416E+000  0.10088076E+001  0.12363925E+001  0.42346213E+001
  0.62175417E+000  0.10088076E+001  0.12363926E+001  0.42346261E+001
  0.62175418E+000  0.10088075E+001  0.12363927E+001  0.42346311E+001
  0.62175420E+000  0.10088075E+001  0.12363929E+001  0.42346362E+001
  0.62175422E+000  0.10088075E+001  0.12363930E+001  0.42346414E+001
  0.62175424E+000  0.10088075E+001  0.12363932E+001  0.42346469E+001
  0.62175426E+000  0.10088074E+001  0.12363933E+001  0.42346524E+001
  0.62175429E+000  0.10088074E+001  0.12363935E+001  0.42346582E+001
  0.62175433E+000  0.10088074E+001  0.12363937E+001  0.42346642E+001
  0.62175437E+000  0.10088074E+001  0.12363939E+001  0.42346704E+001
  0.62175441E+000  0.10088073E+001  0.12363941E+001  0.42346767E+001
  0.62175446E+000  0.10088073E+001  0.12363943E+001  0.42346833E+001
  0.62175452E+000  0.10088073E+001  0.12363946E+001  0.42346901E+001
  0.62175458E+000  0.10088073E+001  0.12363948E+001  0.42346972E+001
  0.62175465E+000  0.10088073E+001  0.12363951E+001  0.42347045E+001
  0.62175473E+000  0.10088073E+001  0.12363954E+001  0.42347120E+001
  0.62175481E+000  0.10088073E+001  0.12363957E+001  0.42347198E+001
  0.62175490E+000  0.10088073E+001  0.12363961E+001  0.42347278E+001
  0.62175500E+000  0.10088074E+001  0.12363965E+001  0.42347361E+001
  0.62175511E+000  0.10088074E+001  0.12363969E+001  0.42347447E+001
  0.62175522E+000  0.10088074E+001  0.12363973E+001  0.42347535E+001
  0.62175535E+000  0.10088075E+001  0.12363978E+001  0.42347626E+001
  0.62175549E+000  0.10088075E+001  0.12363982E+001  0.42347721E+001
  0.62175563E+000  0.10088076E+001  0.12363988E+001  0.42347818E+001
  0.62175579E+000  0.10088076E+001  0.12363993E+001  0.42347918E+001
  0.62175596E+000  0.10088077E+001  0.12363999E+001  0.42348020E+001
  0.62175614E+000  0.10088078E+001  0.12364005E+001  0.42348126E+001
  0.62175633E+000  0.10088079E+001  0.12364012E+001  0.42348235E+001
  0.62175654E+000  0.10088080E+001  0.12364019E+001  0.42348347E+001
  0.62175676E+000  0.10088081E+001  0.12364026E+001  0.42348463E+001
  0.62175699E+000  0.10088082E+001  0.12364034E+001  0.42348581E+001
  0.62175723E+000  0.10088083E+001  0.12364042E+001  0.42348702E+001
  0.62175749E+000  0.10088084E+001  0.12364051E+001  0.42348826E+001
  0.62175777E+000  0.10088086E+001  0.12364060E+001  0.42348953E+001
  0.62175806E+000  0.10088087E+001  0.12364069E+001  0.42349084E+001
  0.62175836E+000  0.10088089E+001  0.12364079E+001  0.42349217E+001
  0.62175868E+000  0.10088091E+001  0.12364090E+001  0.42349353E+001
  0.62175902E+000  0.10088093E+001  0.12364100E+001  0.42349493E+001
  0.62175937E+000  0.10088095E+001  0.12364112E+001  0.42349635E+001
  0.62175973E+000  0.10088097E+001  0.12364124E+001  0.42349780E+001
  0.62176012E+000  0.10088099E+001  0.12364136E+001  0.42349928E+001
  0.62176052E+000  0.10088102E+001  0.12364149E+001  0.42350078E+001
  0.62176093E+000  0.10088104E+001  0.12364163E+001  0.42350232E+001
  0.62176136E+000  0.10088107E+001  0.12364177E+001  0.42350388E+001
  0.62176181E+000  0.10088110E+001  0.12364192E+001  0.42350546E+001
  0.62176227E+000  0.10088113E+001  0.12364207E+001  0.42350708E+001
  0.62176274E+000  0.10088116E+001  0.12364223E+001  0.42350871E+001
  0.62176323E+000  0.10088119E+001  0.12364240E+001  0.42351037E+001
  0.62176374E+000  0.10088122E+001  0.12364257E+001  0.42351205E+001
  0.62176426E+000  0.10088125E+001  0.12364274E+001  0.42351375E+001
  0.62176480E+000  0.10088129E+001  0.12364293E+001  0.42351547E+001
  0.62176535E+000  0.10088132E+001  0.12364312E+001  0.42351722E+001
  0.62176591E+000  0.10088136E+001  0.12364331E+001  0.42351898E+001
  0.62176649E+000  0.10088140E+001  0.12364351E+001  0.42352075E+001
  0.62176708E+000  0.10088144E+001  0.12364372E+001  0.42352255E+001
  0.62176768E+000  0.10088147E+001  0.12364393E+001  0.42352436E+001
  0.62176829E+000  0.10088152E+001  0.12364415E+001  0.42352618E+001
  0.62176892E+000  0.10088156E+001  0.12364438E+001  0.42352802E+001
  0.62176956E+000  0.10088160E+001  0.12364461E+001  0.42352987E+001
  0.62177021E+000  0.10088165E+001  0.12364485E+001  0.42353173E+001
  0.62177088E+000  0.10088169E+001  0.12364509E+001  0.42353360E+001
  0.62177155E+000  0.10088174E+001  0.12364534E+001  0.42353548E+001
  0.62177224E+000  0.10088178E+001  0.12364560E+001  0.42353738E+001
  0.62177293E+000  0.10088183E+001  0.12364586E+001  0.42353928E+001
  0.62177364E+000  0.10088188E+001  0.12364613E+001  0.42354120E+001
  0.62177435E+000  0.10088193E+001  0.12364640E+001  0.42354312E+001
  0.62177508E+000  0.10088198E+001  0.12364667E+001  0.42354505E+001
  0.62177581E+000  0.10088203E+001  0.12364696E+001  0.42354699E+001
  0.62177656E+000  0.10088208E+001  0.12364724E+001  0.42354894E+001
  0.62177731E+000  0.10088214E+001  0.12364753E+001  0.42355090E+001
  0.62177807E+000  0.10088219E+001  0.12364783E+001  0.42355287E+001
  0.62177883E+000  0.10088225E+001  0.12364813E+001  0.42355485E+001
  0.62177961E+000  0.10088230E+001  0.12364843E+001  0.42355684E+001
  0.62178039E+000  0.10088236E+001  0.12364874E+001  0.42355884E+001
  0.62178117E+000  0.10088241E+001  0.12364905E+001  0.42356085E+001
  0.62178196E+000  0.10088247E+001  0.12364936E+001  0.42356287E+001
  0.62178276E+000  0.10088253E+001  0.12364968E+001  0.42356491E+001
  0.62178355E+000  0.10088258E+001  0.12365000E+001  0.42356696E+001
  0.62178436E+000  0.10088264E+001  0.12365032E+001  0.42356902E+001
  0.62178516E+000  0.10088270E+001  0.12365064E+001  0.42357110E+001
  0.62178597E+000  0.10088276E+001  0.12365097E+001  0.42357319E+001
  0.62178678E+000  0.10088282E+001  0.12365129E+001  0.42357530E+001
  0.62178758E+000  0.10088287E+001  0.12365162E+001  0.42357742E+001
  0.62178839E+000  0.10088293E+001  0.12365195E+001  0.42357956E+001
  0.62178920E+000  0.10088299E+001  0.12365228E+001  0.42358172E+001
  0.62179001E+000  0.10088305E+001  0.12365261E+001  0.42358389E+001
  0.62179081E+000  0.10088311E+001  0.12365294E+001  0.42358608E+001
  0.62179162E+000  0.10088317E+001  0.12365327E+001  0.42358829E+001
  0.62179242E+000  0.10088322E+001  0.12365360E+001  0.42359052E+001
  0.62179321E+000  0.10088328E+001  0.12365392E+001  0.42359277E+001
  0.62179401E+000  0.10088334E+001  0.12365425E+001  0.42359504E+001
  0.62179479E+000  0.10088339E+001  0.12365457E+001  0.42359732E+001
  0.62179557E+000  0.10088345E+001  0.12365490E+001  0.42359963E+001
  0.62179635E+000  0.10088350E+001  0.12365522E+001  0.42360196E+001
  0.62179712E+000  0.10088356E+001  0.12365554E+001  0.42360431E+001
  0.62179788E+000  0.10088361E+001  0.12365586E+001  0.42360668E+001
  0.62179864E+000  0.10088366E+001  0.12365617E+001  0.42360907E+001
  0.62179938E+000  0.10088371E+001  0.12365648E+001  0.42361148E+001
  0.62180012E+000  0.10088376E+001  0.12365679E+001  0.42361391E+001
  0.62180085E+000  0.10088381E+001  0.12365709E+001  0.42361637E+001
  0.62180157E+000  0.10088386E+001  0.12365739E+001  0.42361884E+001
  0.62180227E+000  0.10088391E+001  0.12365769E+001  0.42362133E+001
  0.62180297E+000  0.10088395E+001  0.12365798E+001  0.42362384E+001
  0.62180366E+000  0.10088400E+001  0.12365827E+001  0.42362638E+001
  0.62180433E+000  0.10088404E+001  0.12365855E+001  0.42362893E+001
  0.62180500E+000  0.10088409E+001  0.12365883E+001  0.42363150E+001
  0.62180565E+000  0.10088413E+001  0.12365910E+001  0.42363408E+001
  0.62180628E+000  0.10088417E+001  0.12365937E+001  0.42363669E+001
  0.62180691E+000  0.10088421E+001  0.12365963E+001  0.42363931E+001
  0.62180752E+000  0.10088425E+001  0.12365989E+001  0.42364194E+001
  0.62180812E+000  0.10088429E+001  0.12366014E+001  0.42364459E+001
  0.62180870E+000  0.10088432E+001  0.12366039E+001  0.42364726E+001
  0.62180927E+000  0.10088436E+001  0.12366063E+001  0.42364993E+001
  0.62180983E+000  0.10088439E+001  0.12366086E+001  0.42365262E+001
  0.62181037E+000  0.10088442E+001  0.12366109E+001  0.42365532E+001
  0.62181090E+000  0.10088446E+001  0.12366131E+001  0.42365803E+001
  0.62181141E+000  0.10088449E+001  0.12366153E+001  0.42366075E+001
  0.62181190E+000  0.10088452E+001  0.12366174E+001  0.42366348E+001
  0.62181239E+000  0.10088454E+001  0.12366194E+001  0.42366621E+001
  0.62181285E+000  0.10088457E+001  0.12366214E+001  0.42366895E+001
  0.62181330E+000  0.10088460E+001  0.12366233E+001  0.42367169E+001
  0.62181374E+000  0.10088462E+001  0.12366252E+001  0.42367444E+001
  0.62181416E+000  0.10088465E+001  0.12366270E+001  0.42367719E+001
  0.62181457E+000  0.10088467E+001  0.12366287E+001  0.42367993E+001
  0.62181496E+000  0.10088470E+001  0.12366304E+001  0.42368268E+001
  0.62181534E+000  0.10088472E+001  0.12366320E+001  0.42368542E+001
  0.62181570E+000  0.10088474E+001  0.12366336E+001  0.42368815E+001
  0.62181605E+000  0.10088476E+001  0.12366351E+001  0.42369089E+001
  0.62181638E+000  0.10088478E+001  0.12366365E+001  0.42369361E+001
  0.62181671E+000  0.10088480E+001  0.12366379E+001  0.42369632E+001
  0.62181701E+000  0.10088481E+001  0.12366393E+001  0.42369903E+001
  0.62181731E+000  0.10088483E+001  0.12366405E+001  0.42370172E+001
  0.62181759E+000  0.10088485E+001  0.12366418E+001  0.42370440E+001
  0.62181786E+000  0.10088486E+001  0.12366429E+001  0.42370707E+001
  0.62181811E+000  0.10088488E+001  0.12366441E+001  0.42370972E+001
  0.62181835E+000  0.10088489E+001  0.12366451E+001  0.42371235E+001
  0.62181859E+000  0.10088490E+001  0.12366462E+001  0.42371497E+001
  0.62181881E+000  0.10088492E+001  0.12366471E+001  0.42371756E+001
  0.62181902E+000  0.10088493E+001  0.12366481E+001  0.42372013E+001
  0.62181921E+000  0.10088494E+001  0.12366490E+001  0.42372268E+001
  0.62181940E+000  0.10088495E+001  0.12366498E+001  0.42372521E+001
  0.62181958E+000  0.10088496E+001  0.12366506E+001  0.42372771E+001
  0.62181975E+000  0.10088497E+001  0.12366514E+001  0.42373019E+001
  0.62181991E+000  0.10088498E+001  0.12366521E+001  0.42373264E+001
  0.62182006E+000  0.10088499E+001  0.12366528E+001  0.42373506E+001
  0.62182020E+000  0.10088500E+001  0.12366535E+001  0.42373745E+001
  0.62182034E+000  0.10088501E+001  0.12366541E+001  0.42373981E+001
  0.62182046E+000  0.10088501E+001  0.12366547E+001  0.42374214E+001
  0.62182058E+000  0.10088502E+001  0.12366552E+001  0.42374443E+001
  0.62182069E+000  0.10088503E+001  0.12366558E+001  0.42374670E+001
  0.62182080E+000  0.10088503E+001  0.12366563E+001  0.42374893E+001
  0.62182090E+000  0.10088504E+001  0.12366567E+001  0.42375112E+001
  0.62182099E+000  0.10088504E+001  0.12366572E+001  0.42375328E+001
  0.62182107E+000  0.10088505E+001  0.12366576E+001  0.42375541E+001
  0.62182116E+000  0.10088505E+001  0.12366580E+001  0.42375749E+001
  0.62182123E+000  0.10088506E+001  0.12366583E+001  0.42375955E+001
  0.62182130E+000  0.10088506E+001  0.12366587E+001  0.42376156E+001
  0.62182137E+000  0.10088507E+001  0.12366590E+001  0.42376353E+001
  0.62182143E+000  0.10088507E+001  0.12366593E+001  0.42376547E+001
  0.62182149E+000  0.10088507E+001  0.12366596E+001  0.42376737E+001
  0.62182154E+000  0.10088508E+001  0.12366599E+001  0.42376923E+001
  0.62182159E+000  0.10088508E+001  0.12366601E+001  0.42377105E+001
  0.62182164E+000  0.10088508E+001  0.12366604E+001  0.42377283E+001
  0.62182168E+000  0.10088509E+001  0.12366606E+001  0.42377458E+001
  0.62182172E+000  0.10088509E+001  0.12366608E+001  0.42377628E+001
  0.62182176E+000  0.10088509E+001  0.12366610E+001  0.42377794E+001
  0.62182179E+000  0.10088509E+001  0.12366612E+001  0.42377957E+001
  0.62182183E+000  0.10088510E+001  0.12366614E+001  0.42378115E+001
  0.62182186E+000  0.10088510E+001  0.12366615E+001  0.42378270E+001
  0.62182188E+000  0.10088510E+001  0.12366617E+001  0.42378420E+001
  0.62182191E+000  0.10088510E+001  0.12366618E+001  0.42378567E+001
  0.62182193E+000  0.10088510E+001  0.12366619E+001  0.42378710E+001
  0.62182195E+000  0.10088510E+001  0.12366621E+001  0.42378849E+001
