  0.63650479E+000
  0.63650478E+000
  0.63650459E+000
  0.63650434E+000
  0.63650408E+000
  0.63650381E+000
  0.63650353E+000
  0.63650327E+000
  0.63650300E+000
  0.63650274E+000
  0.63650248E+000
  0.63650222E+000
  0.63650196E+000
  0.63650171E+000
  0.63650146E+000
  0.63650121E+000
  0.63650096E+000
  0.63650071E+000
  0.63650046E+000
  0.63650021E+000
  0.63649996E+000
  0.63649971E+000
  0.63649946E+000
  0.63649921E+000
  0.63649896E+000
  0.63649870E+000
  0.63649845E+000
  0.63649819E+000
  0.63649793E+000
  0.63649766E+000
  0.63649740E+000
  0.63649713E+000
  0.63649686E+000
  0.63649659E+000
  0.63649631E+000
  0.63649603E+000
  0.63649575E+000
  0.63649546E+000
  0.63649517E+000
  0.63649488E+000
  0.63649458E+000
  0.63649428E+000
  0.63649398E+000
  0.63649368E+000
  0.63649337E+000
  0.63649306E+000
  0.63649274E+000
  0.63649243E+000
  0.63649211E+000
  0.63649179E+000
  0.63649147E+000
  0.63649114E+000
  0.63649082E+000
  0.63649049E+000
  0.63649016E+000
  0.63648983E+000
  0.63648950E+000
  0.63648917E+000
  0.63648884E+000
  0.63648851E+000
  0.63648817E+000
  0.63648784E+000
  0.63648750E+000
  0.63648717E+000
  0.63648684E+000
  0.63648650E+000
  0.63648616E+000
  0.63648583E+000
  0.63648549E+000
  0.63648515E+000
  0.63648481E+000
  0.63648446E+000
  0.63648412E+000
  0.63648377E+000
  0.63648341E+000
  0.63648305E+000
  0.63648269E+000
  0.63648232E+000
  0.63648195E+000
  0.63648156E+000
  0.63648117E+000
  0.63648078E+000
  0.63648037E+000
  0.63647995E+000
  0.63647953E+000
  0.63647909E+000
  0.63647864E+000
  0.63647819E+000
  0.63647772E+000
  0.63647724E+000
  0.63647674E+000
  0.63647624E+000
  0.63647573E+000
  0.63647520E+000
  0.63647467E+000
  0.63647412E+000
  0.63647357E+000
  0.63647300E+000
  0.63647243E+000
  0.63647185E+000
  0.63647126E+000
  0.63647066E+000
  0.63647006E+000
  0.63646945E+000
  0.63646883E+000
  0.63646821E+000
  0.63646758E+000
  0.63646695E+000
  0.63646632E+000
  0.63646568E+000
  0.63646504E+000
  0.63646440E+000
  0.63646375E+000
  0.63646311E+000
  0.63646246E+000
  0.63646181E+000
  0.63646116E+000
  0.63646051E+000
  0.63645986E+000
  0.63645922E+000
  0.63645857E+000
  0.63645792E+000
  0.63645728E+000
  0.63645664E+000
  0.63645600E+000
  0.63645537E+000
  0.63645473E+000
  0.63645411E+000
  0.63645348E+000
  0.63645286E+000
  0.63645225E+000
  0.63645164E+000
  0.63645103E+000
  0.63645043E+000
  0.63644984E+000
  0.63644925E+000
  0.63644867E+000
  0.63644810E+000
  0.63644753E+000
  0.63644698E+000
  0.63644643E+000
  0.63644588E+000
  0.63644535E+000
  0.63644482E+000
  0.63644430E+000
  0.63644380E+000
  0.63644330E+000
  0.63644281E+000
  0.63644233E+000
  0.63644185E+000
  0.63644139E+000
  0.63644094E+000
  0.63644050E+000
  0.63644006E+000
  0.63643964E+000
  0.63643923E+000
  0.63643883E+000
  0.63643843E+000
  0.63643805E+000
  0.63643768E+000
  0.63643731E+000
  0.63643696E+000
  0.63643662E+000
  0.63643628E+000
  0.63643596E+000
  0.63643564E+000
  0.63643534E+000
  0.63643504E+000
  0.63643475E+000
  0.63643447E+000
  0.63643421E+000
  0.63643395E+000
  0.63643369E+000
  0.63643345E+000
  0.63643322E+000
  0.63643299E+000
  0.63643277E+000
  0.63643256E+000
  0.63643236E+000
  0.63643216E+000
  0.63643197E+000
  0.63643179E+000
  0.63643162E+000
  0.63643145E+000
  0.63643129E+000
  0.63643113E+000
  0.63643098E+000
  0.63643084E+000
  0.63643070E+000
  0.63643057E+000
  0.63643045E+000
  0.63643033E+000
  0.63643021E+000
  0.63643010E+000
  0.63643000E+000
  0.63642990E+000
  0.63642980E+000
  0.63642971E+000
  0.63642962E+000
  0.63642954E+000
