  0.31767932E+002
  0.31768007E+002
  0.31768081E+002
  0.31768154E+002
  0.31768227E+002
  0.31768299E+002
  0.31768371E+002
  0.31768442E+002
  0.31768513E+002
  0.31768584E+002
  0.31768655E+002
  0.31768726E+002
  0.31768797E+002
  0.31768868E+002
  0.31768939E+002
  0.31769011E+002
  0.31769084E+002
  0.31769156E+002
  0.31769230E+002
  0.31769304E+002
  0.31769379E+002
  0.31769456E+002
  0.31769533E+002
  0.31769612E+002
  0.31769692E+002
  0.31769773E+002
  0.31769857E+002
  0.31769942E+002
  0.31770029E+002
  0.31770118E+002
  0.31770209E+002
  0.31770302E+002
  0.31770398E+002
  0.31770497E+002
  0.31770598E+002
  0.31770702E+002
  0.31770809E+002
  0.31770919E+002
  0.31771032E+002
  0.31771149E+002
  0.31771269E+002
  0.31771392E+002
  0.31771519E+002
  0.31771650E+002
  0.31771785E+002
  0.31771923E+002
  0.31772066E+002
  0.31772212E+002
  0.31772363E+002
  0.31772517E+002
  0.31772676E+002
  0.31772839E+002
  0.31773007E+002
  0.31773178E+002
  0.31773354E+002
  0.31773535E+002
  0.31773720E+002
  0.31773909E+002
  0.31774103E+002
  0.31774301E+002
  0.31774503E+002
  0.31774710E+002
  0.31774922E+002
  0.31775137E+002
  0.31775357E+002
  0.31775582E+002
  0.31775811E+002
  0.31776044E+002
  0.31776281E+002
  0.31776522E+002
  0.31776768E+002
  0.31777018E+002
  0.31777272E+002
  0.31777530E+002
  0.31777792E+002
  0.31778058E+002
  0.31778328E+002
  0.31778602E+002
  0.31778880E+002
  0.31779162E+002
  0.31779447E+002
  0.31779737E+002
  0.31780030E+002
  0.31780326E+002
  0.31780626E+002
  0.31780930E+002
  0.31781237E+002
  0.31781547E+002
  0.31781861E+002
  0.31782178E+002
  0.31782498E+002
  0.31782822E+002
  0.31783148E+002
  0.31783478E+002
  0.31783810E+002
  0.31784146E+002
  0.31784484E+002
  0.31784825E+002
  0.31785169E+002
  0.31785515E+002
  0.31785864E+002
  0.31786216E+002
  0.31786571E+002
  0.31786928E+002
  0.31787287E+002
  0.31787650E+002
  0.31788014E+002
  0.31788382E+002
  0.31788751E+002
  0.31789123E+002
  0.31789498E+002
  0.31789875E+002
  0.31790254E+002
  0.31790635E+002
  0.31791019E+002
  0.31791405E+002
  0.31791793E+002
  0.31792184E+002
  0.31792577E+002
  0.31792971E+002
  0.31793368E+002
  0.31793766E+002
  0.31794167E+002
  0.31794569E+002
  0.31794973E+002
  0.31795379E+002
  0.31795786E+002
  0.31796195E+002
  0.31796605E+002
  0.31797017E+002
  0.31797429E+002
  0.31797843E+002
  0.31798257E+002
  0.31798673E+002
  0.31799089E+002
  0.31799505E+002
  0.31799922E+002
  0.31800339E+002
  0.31800757E+002
  0.31801174E+002
  0.31801591E+002
  0.31802008E+002
  0.31802424E+002
  0.31802839E+002
  0.31803254E+002
  0.31803667E+002
  0.31804080E+002
  0.31804491E+002
  0.31804900E+002
  0.31805308E+002
  0.31805714E+002
  0.31806118E+002
  0.31806519E+002
  0.31806919E+002
  0.31807315E+002
  0.31807709E+002
  0.31808100E+002
  0.31808488E+002
  0.31808873E+002
  0.31809255E+002
  0.31809633E+002
  0.31810007E+002
  0.31810378E+002
  0.31810745E+002
  0.31811108E+002
  0.31811466E+002
  0.31811820E+002
  0.31812170E+002
  0.31812515E+002
  0.31812856E+002
  0.31813192E+002
  0.31813522E+002
  0.31813848E+002
  0.31814169E+002
  0.31814485E+002
  0.31814796E+002
  0.31815101E+002
  0.31815402E+002
  0.31815696E+002
  0.31815986E+002
  0.31816270E+002
  0.31816548E+002
  0.31816821E+002
  0.31817088E+002
  0.31817350E+002
  0.31817606E+002
  0.31817857E+002
  0.31818102E+002
  0.31818342E+002
  0.31818576E+002
  0.31818804E+002
  0.31819027E+002
  0.31819244E+002
  0.31819456E+002
  0.31819663E+002
  0.31819864E+002
  0.31820060E+002
  0.31820250E+002
  0.31820435E+002
  0.31820615E+002
