  0.26138386E+000
  0.26139911E+000
  0.26139427E+000
  0.26138943E+000
  0.26138649E+000
  0.26138501E+000
  0.26138448E+000
  0.26138452E+000
  0.26138491E+000
  0.26138549E+000
  0.26138618E+000
  0.26138693E+000
  0.26138772E+000
  0.26138852E+000
  0.26138932E+000
  0.26139012E+000
  0.26139091E+000
  0.26139170E+000
  0.26139248E+000
  0.26139325E+000
  0.26139401E+000
  0.26139476E+000
  0.26139551E+000
  0.26139625E+000
  0.26139699E+000
  0.26139773E+000
  0.26139846E+000
  0.26139919E+000
  0.26139992E+000
  0.26140065E+000
  0.26140138E+000
  0.26140212E+000
  0.26140285E+000
  0.26140359E+000
  0.26140433E+000
  0.26140508E+000
  0.26140583E+000
  0.26140658E+000
  0.26140734E+000
  0.26140810E+000
  0.26140887E+000
  0.26140964E+000
  0.26141041E+000
  0.26141119E+000
  0.26141197E+000
  0.26141274E+000
  0.26141352E+000
  0.26141429E+000
  0.26141506E+000
  0.26141582E+000
  0.26141658E+000
  0.26141733E+000
  0.26141807E+000
  0.26141880E+000
  0.26141952E+000
  0.26142024E+000
  0.26142093E+000
  0.26142162E+000
  0.26142230E+000
  0.26142296E+000
  0.26142362E+000
  0.26142426E+000
  0.26142489E+000
  0.26142551E+000
  0.26142612E+000
  0.26142672E+000
  0.26142730E+000
  0.26142786E+000
  0.26142841E+000
  0.26142893E+000
  0.26142944E+000
  0.26142992E+000
  0.26143037E+000
  0.26143079E+000
  0.26143118E+000
  0.26143153E+000
  0.26143184E+000
  0.26143211E+000
  0.26143233E+000
  0.26143250E+000
  0.26143263E+000
  0.26143271E+000
  0.26143273E+000
  0.26143270E+000
  0.26143261E+000
  0.26143247E+000
  0.26143227E+000
  0.26143202E+000
  0.26143171E+000
  0.26143135E+000
  0.26143094E+000
  0.26143047E+000
  0.26142996E+000
  0.26142940E+000
  0.26142880E+000
  0.26142816E+000
  0.26142747E+000
  0.26142675E+000
  0.26142599E+000
  0.26142520E+000
  0.26142438E+000
  0.26142354E+000
  0.26142267E+000
  0.26142178E+000
  0.26142087E+000
  0.26141995E+000
  0.26141901E+000
  0.26141807E+000
  0.26141712E+000
  0.26141616E+000
  0.26141521E+000
  0.26141425E+000
  0.26141330E+000
  0.26141236E+000
  0.26141142E+000
  0.26141049E+000
  0.26140957E+000
  0.26140867E+000
  0.26140778E+000
  0.26140690E+000
  0.26140604E+000
  0.26140520E+000
  0.26140438E+000
  0.26140358E+000
  0.26140280E+000
  0.26140204E+000
  0.26140130E+000
  0.26140059E+000
  0.26139989E+000
  0.26139922E+000
  0.26139857E+000
  0.26139793E+000
  0.26139732E+000
  0.26139674E+000
  0.26139617E+000
  0.26139562E+000
  0.26139509E+000
  0.26139458E+000
  0.26139409E+000
  0.26139362E+000
  0.26139317E+000
  0.26139273E+000
  0.26139231E+000
  0.26139191E+000
  0.26139152E+000
  0.26139115E+000
  0.26139079E+000
  0.26139045E+000
  0.26139012E+000
  0.26138981E+000
  0.26138950E+000
  0.26138921E+000
  0.26138894E+000
  0.26138867E+000
  0.26138842E+000
  0.26138817E+000
  0.26138794E+000
  0.26138772E+000
  0.26138751E+000
  0.26138731E+000
  0.26138711E+000
  0.26138693E+000
  0.26138675E+000
  0.26138659E+000
  0.26138643E+000
  0.26138628E+000
  0.26138613E+000
  0.26138600E+000
  0.26138587E+000
  0.26138574E+000
  0.26138563E+000
  0.26138552E+000
  0.26138541E+000
  0.26138531E+000
  0.26138522E+000
  0.26138513E+000
  0.26138505E+000
  0.26138497E+000
  0.26138490E+000
  0.26138483E+000
  0.26138476E+000
  0.26138470E+000
  0.26138464E+000
  0.26138459E+000
  0.26138454E+000
  0.26138449E+000
  0.26138445E+000
  0.26138441E+000
  0.26138437E+000
  0.26138433E+000
  0.26138430E+000
  0.26138426E+000
  0.26138424E+000
  0.26138421E+000
  0.26138418E+000
  0.26138416E+000
  0.26138414E+000
  0.26138411E+000
  0.26138410E+000
  0.26138408E+000
