  0.46759102E-001
  0.46738786E-001
  0.46726541E-001
  0.46719235E-001
  0.46714703E-001
  0.46711709E-001
  0.46709563E-001
  0.46707878E-001
  0.46706443E-001
  0.46705138E-001
  0.46703901E-001
  0.46702699E-001
  0.46701515E-001
  0.46700340E-001
  0.46699170E-001
  0.46698005E-001
  0.46696844E-001
  0.46695687E-001
  0.46694535E-001
  0.46693388E-001
  0.46692246E-001
  0.46691108E-001
  0.46689974E-001
  0.46688844E-001
  0.46687718E-001
  0.46686595E-001
  0.46685474E-001
  0.46684355E-001
  0.46683238E-001
  0.46682122E-001
  0.46681006E-001
  0.46679890E-001
  0.46678774E-001
  0.46677658E-001
  0.46676540E-001
  0.46675422E-001
  0.46674303E-001
  0.46673183E-001
  0.46672063E-001
  0.46670941E-001
  0.46669820E-001
  0.46668699E-001
  0.46667579E-001
  0.46666460E-001
  0.46665345E-001
  0.46664232E-001
  0.46663125E-001
  0.46662023E-001
  0.46660928E-001
  0.46659842E-001
  0.46658767E-001
  0.46657703E-001
  0.46656652E-001
  0.46655616E-001
  0.46654597E-001
  0.46653595E-001
  0.46652612E-001
  0.46651649E-001
  0.46650707E-001
  0.46649788E-001
  0.46648892E-001
  0.46648019E-001
  0.46647171E-001
  0.46646347E-001
  0.46645547E-001
  0.46644773E-001
  0.46644022E-001
  0.46643297E-001
  0.46642595E-001
  0.46641917E-001
  0.46641263E-001
  0.46640631E-001
  0.46640021E-001
  0.46639433E-001
  0.46638865E-001
  0.46638318E-001
  0.46637790E-001
  0.46637280E-001
  0.46636789E-001
  0.46636315E-001
  0.46635858E-001
  0.46635417E-001
  0.46634992E-001
  0.46634582E-001
  0.46634186E-001
  0.46633804E-001
  0.46633435E-001
  0.46633080E-001
  0.46632737E-001
  0.46632407E-001
  0.46632088E-001
  0.46631782E-001
  0.46631487E-001
  0.46631203E-001
  0.46630930E-001
  0.46630668E-001
  0.46630416E-001
  0.46630175E-001
  0.46629944E-001
  0.46629724E-001
  0.46629512E-001
  0.46629311E-001
  0.46629119E-001
  0.46628936E-001
  0.46628762E-001
  0.46628597E-001
  0.46628441E-001
  0.46628293E-001
  0.46628152E-001
  0.46628020E-001
  0.46627896E-001
  0.46627778E-001
  0.46627668E-001
  0.46627565E-001
  0.46627468E-001
  0.46627377E-001
  0.46627292E-001
  0.46627213E-001
  0.46627139E-001
  0.46627071E-001
  0.46627007E-001
  0.46626948E-001
  0.46626894E-001
  0.46626843E-001
  0.46626797E-001
  0.46626754E-001
  0.46626714E-001
  0.46626678E-001
  0.46626644E-001
  0.46626614E-001
  0.46626585E-001
  0.46626560E-001
  0.46626536E-001
  0.46626515E-001
  0.46626495E-001
  0.46626477E-001
  0.46626461E-001
  0.46626446E-001
  0.46626433E-001
  0.46626420E-001
  0.46626409E-001
  0.46626399E-001
  0.46626390E-001
  0.46626382E-001
  0.46626375E-001
  0.46626368E-001
  0.46626362E-001
  0.46626356E-001
  0.46626352E-001
  0.46626347E-001
  0.46626343E-001
  0.46626340E-001
  0.46626336E-001
  0.46626334E-001
  0.46626331E-001
  0.46626329E-001
  0.46626327E-001
  0.46626325E-001
  0.46626323E-001
  0.46626322E-001
  0.46626320E-001
  0.46626319E-001
  0.46626318E-001
  0.46626317E-001
  0.46626316E-001
  0.46626315E-001
  0.46626315E-001
  0.46626314E-001
  0.46626314E-001
  0.46626313E-001
  0.46626313E-001
  0.46626312E-001
  0.46626312E-001
  0.46626312E-001
  0.46626311E-001
  0.46626311E-001
  0.46626311E-001
  0.46626311E-001
  0.46626311E-001
  0.46626311E-001
  0.46626310E-001
  0.46626310E-001
  0.46626310E-001
  0.46626310E-001
  0.46626310E-001
  0.46626310E-001
  0.46626310E-001
  0.46626310E-001
  0.46626310E-001
  0.46626310E-001
  0.46626310E-001
  0.46626310E-001
  0.46626310E-001
  0.46626310E-001
  0.46626310E-001
  0.46626310E-001
  0.46626310E-001
  0.46626310E-001
  0.46626310E-001
  0.46626310E-001
