  0.53333752E-005
  0.53310579E-005
  0.53296612E-005
  0.53288279E-005
  0.53283109E-005
  0.53279695E-005
  0.53277247E-005
  0.53275325E-005
  0.53273688E-005
  0.53272200E-005
  0.53270789E-005
  0.53269418E-005
  0.53268067E-005
  0.53266727E-005
  0.53265393E-005
  0.53264064E-005
  0.53262740E-005
  0.53261420E-005
  0.53260106E-005
  0.53258798E-005
  0.53257494E-005
  0.53256196E-005
  0.53254903E-005
  0.53253615E-005
  0.53252330E-005
  0.53251049E-005
  0.53249771E-005
  0.53248495E-005
  0.53247220E-005
  0.53245947E-005
  0.53244674E-005
  0.53243402E-005
  0.53242129E-005
  0.53240855E-005
  0.53239581E-005
  0.53238306E-005
  0.53237029E-005
  0.53235752E-005
  0.53234474E-005
  0.53233195E-005
  0.53231916E-005
  0.53230637E-005
  0.53229359E-005
  0.53228084E-005
  0.53226811E-005
  0.53225542E-005
  0.53224279E-005
  0.53223022E-005
  0.53221774E-005
  0.53220535E-005
  0.53219308E-005
  0.53218095E-005
  0.53216896E-005
  0.53215715E-005
  0.53214552E-005
  0.53213409E-005
  0.53212288E-005
  0.53211190E-005
  0.53210116E-005
  0.53209067E-005
  0.53208045E-005
  0.53207050E-005
  0.53206082E-005
  0.53205142E-005
  0.53204230E-005
  0.53203346E-005
  0.53202491E-005
  0.53201663E-005
  0.53200863E-005
  0.53200090E-005
  0.53199343E-005
  0.53198622E-005
  0.53197927E-005
  0.53197256E-005
  0.53196608E-005
  0.53195984E-005
  0.53195382E-005
  0.53194801E-005
  0.53194241E-005
  0.53193700E-005
  0.53193179E-005
  0.53192676E-005
  0.53192191E-005
  0.53191723E-005
  0.53191271E-005
  0.53190835E-005
  0.53190415E-005
  0.53190009E-005
  0.53189618E-005
  0.53189242E-005
  0.53188879E-005
  0.53188529E-005
  0.53188192E-005
  0.53187869E-005
  0.53187557E-005
  0.53187258E-005
  0.53186972E-005
  0.53186697E-005
  0.53186433E-005
  0.53186181E-005
  0.53185941E-005
  0.53185711E-005
  0.53185492E-005
  0.53185283E-005
  0.53185085E-005
  0.53184897E-005
  0.53184718E-005
  0.53184549E-005
  0.53184389E-005
  0.53184239E-005
  0.53184096E-005
  0.53183963E-005
  0.53183837E-005
  0.53183719E-005
  0.53183608E-005
  0.53183505E-005
  0.53183408E-005
  0.53183318E-005
  0.53183234E-005
  0.53183156E-005
  0.53183083E-005
  0.53183016E-005
  0.53182954E-005
  0.53182896E-005
  0.53182843E-005
  0.53182794E-005
  0.53182749E-005
  0.53182707E-005
  0.53182669E-005
  0.53182634E-005
  0.53182602E-005
  0.53182573E-005
  0.53182546E-005
  0.53182521E-005
  0.53182499E-005
  0.53182478E-005
  0.53182460E-005
  0.53182443E-005
  0.53182428E-005
  0.53182414E-005
  0.53182401E-005
  0.53182390E-005
  0.53182379E-005
  0.53182370E-005
  0.53182362E-005
  0.53182354E-005
  0.53182347E-005
  0.53182341E-005
  0.53182335E-005
  0.53182330E-005
  0.53182326E-005
  0.53182322E-005
  0.53182318E-005
  0.53182315E-005
  0.53182312E-005
  0.53182309E-005
  0.53182307E-005
  0.53182305E-005
  0.53182303E-005
  0.53182301E-005
  0.53182300E-005
  0.53182298E-005
  0.53182297E-005
  0.53182296E-005
  0.53182295E-005
  0.53182294E-005
  0.53182293E-005
  0.53182293E-005
  0.53182292E-005
  0.53182292E-005
  0.53182291E-005
  0.53182291E-005
  0.53182290E-005
  0.53182290E-005
  0.53182290E-005
  0.53182289E-005
  0.53182289E-005
  0.53182289E-005
  0.53182289E-005
  0.53182289E-005
  0.53182288E-005
  0.53182288E-005
  0.53182288E-005
  0.53182288E-005
  0.53182288E-005
  0.53182288E-005
  0.53182288E-005
  0.53182288E-005
  0.53182288E-005
  0.53182288E-005
  0.53182288E-005
  0.53182288E-005
  0.53182288E-005
  0.53182287E-005
  0.53182287E-005
  0.53182287E-005
  0.53182287E-005
  0.53182287E-005
  0.53182287E-005
  0.53182287E-005
