  0.14115454E+000
  0.14116104E+000
  0.14116496E+000
  0.14116754E+000
  0.14116935E+000
  0.14117069E+000
  0.14117171E+000
  0.14117253E+000
  0.14117320E+000
  0.14117376E+000
  0.14117423E+000
  0.14117465E+000
  0.14117501E+000
  0.14117533E+000
  0.14117562E+000
  0.14117587E+000
  0.14117610E+000
  0.14117631E+000
  0.14117649E+000
  0.14117666E+000
  0.14117681E+000
  0.14117694E+000
  0.14117706E+000
  0.14117716E+000
  0.14117724E+000
  0.14117732E+000
  0.14117738E+000
  0.14117743E+000
  0.14117747E+000
  0.14117750E+000
  0.14117752E+000
  0.14117752E+000
  0.14117752E+000
  0.14117751E+000
  0.14117750E+000
  0.14117747E+000
  0.14117744E+000
  0.14117740E+000
  0.14117735E+000
  0.14117730E+000
  0.14117725E+000
  0.14117719E+000
  0.14117713E+000
  0.14117706E+000
  0.14117699E+000
  0.14117692E+000
  0.14117685E+000
  0.14117677E+000
  0.14117669E+000
  0.14117661E+000
  0.14117653E+000
  0.14117645E+000
  0.14117637E+000
  0.14117629E+000
  0.14117620E+000
  0.14117612E+000
  0.14117603E+000
  0.14117595E+000
  0.14117586E+000
  0.14117577E+000
  0.14117569E+000
  0.14117560E+000
  0.14117551E+000
  0.14117543E+000
  0.14117534E+000
  0.14117526E+000
  0.14117517E+000
  0.14117509E+000
  0.14117501E+000
  0.14117493E+000
  0.14117484E+000
  0.14117477E+000
  0.14117469E+000
  0.14117461E+000
  0.14117453E+000
  0.14117445E+000
  0.14117437E+000
  0.14117429E+000
  0.14117421E+000
  0.14117413E+000
  0.14117405E+000
  0.14117396E+000
  0.14117387E+000
  0.14117377E+000
  0.14117367E+000
  0.14117356E+000
  0.14117345E+000
  0.14117334E+000
  0.14117321E+000
  0.14117308E+000
  0.14117295E+000
  0.14117281E+000
  0.14117266E+000
  0.14117250E+000
  0.14117234E+000
  0.14117217E+000
  0.14117199E+000
  0.14117181E+000
  0.14117162E+000
  0.14117142E+000
  0.14117122E+000
  0.14117102E+000
  0.14117080E+000
  0.14117059E+000
  0.14117036E+000
  0.14117013E+000
  0.14116990E+000
  0.14116967E+000
  0.14116942E+000
  0.14116918E+000
  0.14116893E+000
  0.14116868E+000
  0.14116842E+000
  0.14116816E+000
  0.14116790E+000
  0.14116763E+000
  0.14116736E+000
  0.14116709E+000
  0.14116682E+000
  0.14116654E+000
  0.14116627E+000
  0.14116599E+000
  0.14116571E+000
  0.14116543E+000
  0.14116515E+000
  0.14116486E+000
  0.14116458E+000
  0.14116430E+000
  0.14116402E+000
  0.14116374E+000
  0.14116346E+000
  0.14116318E+000
  0.14116290E+000
  0.14116263E+000
  0.14116235E+000
  0.14116209E+000
  0.14116182E+000
  0.14116156E+000
  0.14116130E+000
  0.14116104E+000
  0.14116079E+000
  0.14116055E+000
  0.14116031E+000
  0.14116007E+000
  0.14115984E+000
  0.14115961E+000
  0.14115939E+000
  0.14115918E+000
  0.14115897E+000
  0.14115877E+000
  0.14115857E+000
  0.14115838E+000
  0.14115819E+000
  0.14115802E+000
  0.14115784E+000
  0.14115768E+000
  0.14115752E+000
  0.14115736E+000
  0.14115721E+000
  0.14115707E+000
  0.14115694E+000
  0.14115680E+000
  0.14115668E+000
  0.14115656E+000
  0.14115645E+000
  0.14115634E+000
  0.14115623E+000
  0.14115613E+000
  0.14115604E+000
  0.14115595E+000
  0.14115586E+000
  0.14115578E+000
  0.14115571E+000
  0.14115563E+000
  0.14115557E+000
  0.14115550E+000
  0.14115544E+000
  0.14115538E+000
  0.14115533E+000
  0.14115527E+000
  0.14115523E+000
  0.14115518E+000
  0.14115514E+000
  0.14115510E+000
  0.14115506E+000
  0.14115502E+000
  0.14115499E+000
  0.14115496E+000
  0.14115493E+000
  0.14115490E+000
  0.14115488E+000
  0.14115485E+000
  0.14115483E+000
  0.14115481E+000
  0.14115479E+000
  0.14115477E+000
  0.14115475E+000
  0.14115474E+000
  0.14115472E+000
  0.14115471E+000
