  0.35694263E+000
  0.35694230E+000
  0.35694222E+000
  0.35694233E+000
  0.35694257E+000
  0.35694289E+000
  0.35694327E+000
  0.35694368E+000
  0.35694413E+000
  0.35694459E+000
  0.35694506E+000
  0.35694555E+000
  0.35694604E+000
  0.35694654E+000
  0.35694705E+000
  0.35694756E+000
  0.35694808E+000
  0.35694860E+000
  0.35694914E+000
  0.35694967E+000
  0.35695022E+000
  0.35695078E+000
  0.35695135E+000
  0.35695192E+000
  0.35695251E+000
  0.35695312E+000
  0.35695373E+000
  0.35695437E+000
  0.35695501E+000
  0.35695568E+000
  0.35695636E+000
  0.35695706E+000
  0.35695777E+000
  0.35695851E+000
  0.35695926E+000
  0.35696004E+000
  0.35696084E+000
  0.35696166E+000
  0.35696250E+000
  0.35696336E+000
  0.35696425E+000
  0.35696516E+000
  0.35696610E+000
  0.35696706E+000
  0.35696804E+000
  0.35696905E+000
  0.35697009E+000
  0.35697115E+000
  0.35697223E+000
  0.35697335E+000
  0.35697448E+000
  0.35697564E+000
  0.35697683E+000
  0.35697804E+000
  0.35697928E+000
  0.35698053E+000
  0.35698182E+000
  0.35698312E+000
  0.35698444E+000
  0.35698579E+000
  0.35698715E+000
  0.35698853E+000
  0.35698993E+000
  0.35699134E+000
  0.35699277E+000
  0.35699422E+000
  0.35699567E+000
  0.35699714E+000
  0.35699861E+000
  0.35700010E+000
  0.35700159E+000
  0.35700308E+000
  0.35700458E+000
  0.35700608E+000
  0.35700759E+000
  0.35700909E+000
  0.35701060E+000
  0.35701210E+000
  0.35701360E+000
  0.35701509E+000
  0.35701658E+000
  0.35701807E+000
  0.35701954E+000
  0.35702101E+000
  0.35702248E+000
  0.35702393E+000
  0.35702537E+000
  0.35702681E+000
  0.35702824E+000
  0.35702965E+000
  0.35703106E+000
  0.35703246E+000
  0.35703385E+000
  0.35703523E+000
  0.35703659E+000
  0.35703795E+000
  0.35703930E+000
  0.35704064E+000
  0.35704198E+000
  0.35704330E+000
  0.35704462E+000
  0.35704593E+000
  0.35704724E+000
  0.35704854E+000
  0.35704983E+000
  0.35705112E+000
  0.35705241E+000
  0.35705370E+000
  0.35705498E+000
  0.35705627E+000
  0.35705755E+000
  0.35705884E+000
  0.35706013E+000
  0.35706143E+000
  0.35706272E+000
  0.35706403E+000
  0.35706534E+000
  0.35706666E+000
  0.35706798E+000
  0.35706932E+000
  0.35707067E+000
  0.35707203E+000
  0.35707340E+000
  0.35707478E+000
  0.35707618E+000
  0.35707759E+000
  0.35707901E+000
  0.35708045E+000
  0.35708191E+000
  0.35708339E+000
  0.35708488E+000
  0.35708639E+000
  0.35708791E+000
  0.35708946E+000
  0.35709102E+000
  0.35709260E+000
  0.35709419E+000
  0.35709581E+000
  0.35709744E+000
  0.35709910E+000
  0.35710076E+000
  0.35710245E+000
  0.35710415E+000
  0.35710587E+000
  0.35710761E+000
  0.35710936E+000
  0.35711112E+000
  0.35711290E+000
  0.35711469E+000
  0.35711649E+000
  0.35711831E+000
  0.35712013E+000
  0.35712197E+000
  0.35712381E+000
  0.35712566E+000
  0.35712752E+000
  0.35712939E+000
  0.35713125E+000
  0.35713313E+000
  0.35713500E+000
  0.35713687E+000
  0.35713875E+000
  0.35714062E+000
  0.35714249E+000
  0.35714436E+000
  0.35714622E+000
  0.35714808E+000
  0.35714993E+000
  0.35715177E+000
  0.35715360E+000
  0.35715542E+000
  0.35715723E+000
  0.35715902E+000
  0.35716081E+000
  0.35716257E+000
  0.35716432E+000
  0.35716606E+000
  0.35716777E+000
  0.35716947E+000
  0.35717115E+000
  0.35717281E+000
  0.35717444E+000
  0.35717606E+000
  0.35717765E+000
  0.35717922E+000
  0.35718077E+000
  0.35718229E+000
  0.35718378E+000
  0.35718525E+000
  0.35718670E+000
  0.35718812E+000
  0.35718951E+000
  0.35719087E+000
  0.35719221E+000
  0.35719352E+000
  0.35719480E+000
  0.35719606E+000
  0.35719728E+000
  0.35719848E+000
  0.35719965E+000
