  0.45966087E+000
  0.45966115E+000
  0.45966144E+000
  0.45966172E+000
  0.45966200E+000
  0.45966227E+000
  0.45966255E+000
  0.45966282E+000
  0.45966310E+000
  0.45966338E+000
  0.45966366E+000
  0.45966394E+000
  0.45966422E+000
  0.45966450E+000
  0.45966478E+000
  0.45966507E+000
  0.45966536E+000
  0.45966565E+000
  0.45966594E+000
  0.45966624E+000
  0.45966654E+000
  0.45966685E+000
  0.45966716E+000
  0.45966747E+000
  0.45966779E+000
  0.45966812E+000
  0.45966846E+000
  0.45966880E+000
  0.45966915E+000
  0.45966950E+000
  0.45966987E+000
  0.45967024E+000
  0.45967063E+000
  0.45967103E+000
  0.45967143E+000
  0.45967185E+000
  0.45967228E+000
  0.45967272E+000
  0.45967317E+000
  0.45967364E+000
  0.45967412E+000
  0.45967461E+000
  0.45967512E+000
  0.45967564E+000
  0.45967617E+000
  0.45967672E+000
  0.45967729E+000
  0.45967787E+000
  0.45967846E+000
  0.45967907E+000
  0.45967969E+000
  0.45968033E+000
  0.45968099E+000
  0.45968165E+000
  0.45968233E+000
  0.45968303E+000
  0.45968374E+000
  0.45968446E+000
  0.45968520E+000
  0.45968595E+000
  0.45968671E+000
  0.45968749E+000
  0.45968827E+000
  0.45968907E+000
  0.45968988E+000
  0.45969070E+000
  0.45969152E+000
  0.45969236E+000
  0.45969320E+000
  0.45969405E+000
  0.45969491E+000
  0.45969577E+000
  0.45969664E+000
  0.45969752E+000
  0.45969839E+000
  0.45969927E+000
  0.45970016E+000
  0.45970104E+000
  0.45970193E+000
  0.45970282E+000
  0.45970371E+000
  0.45970460E+000
  0.45970548E+000
  0.45970637E+000
  0.45970725E+000
  0.45970813E+000
  0.45970901E+000
  0.45970989E+000
  0.45971076E+000
  0.45971163E+000
  0.45971250E+000
  0.45971336E+000
  0.45971422E+000
  0.45971508E+000
  0.45971593E+000
  0.45971679E+000
  0.45971763E+000
  0.45971848E+000
  0.45971933E+000
  0.45972018E+000
  0.45972102E+000
  0.45972187E+000
  0.45972272E+000
  0.45972357E+000
  0.45972443E+000
  0.45972529E+000
  0.45972615E+000
  0.45972702E+000
  0.45972790E+000
  0.45972878E+000
  0.45972967E+000
  0.45973058E+000
  0.45973149E+000
  0.45973241E+000
  0.45973335E+000
  0.45973429E+000
  0.45973525E+000
  0.45973623E+000
  0.45973722E+000
  0.45973823E+000
  0.45973925E+000
  0.45974029E+000
  0.45974134E+000
  0.45974242E+000
  0.45974351E+000
  0.45974462E+000
  0.45974575E+000
  0.45974690E+000
  0.45974807E+000
  0.45974926E+000
  0.45975047E+000
  0.45975170E+000
  0.45975295E+000
  0.45975422E+000
  0.45975551E+000
  0.45975681E+000
  0.45975814E+000
  0.45975949E+000
  0.45976085E+000
  0.45976224E+000
  0.45976364E+000
  0.45976506E+000
  0.45976649E+000
  0.45976794E+000
  0.45976941E+000
  0.45977089E+000
  0.45977238E+000
  0.45977389E+000
  0.45977541E+000
  0.45977694E+000
  0.45977848E+000
  0.45978003E+000
  0.45978159E+000
  0.45978316E+000
  0.45978473E+000
  0.45978631E+000
  0.45978789E+000
  0.45978947E+000
  0.45979106E+000
  0.45979265E+000
  0.45979423E+000
  0.45979582E+000
  0.45979740E+000
  0.45979898E+000
  0.45980056E+000
  0.45980213E+000
  0.45980369E+000
  0.45980525E+000
  0.45980679E+000
  0.45980833E+000
  0.45980986E+000
  0.45981137E+000
  0.45981287E+000
  0.45981436E+000
  0.45981584E+000
  0.45981730E+000
  0.45981874E+000
  0.45982017E+000
  0.45982158E+000
  0.45982297E+000
  0.45982434E+000
  0.45982570E+000
  0.45982703E+000
  0.45982835E+000
  0.45982964E+000
  0.45983091E+000
  0.45983216E+000
  0.45983339E+000
  0.45983459E+000
  0.45983577E+000
  0.45983693E+000
  0.45983807E+000
  0.45983918E+000
  0.45984027E+000
  0.45984133E+000
  0.45984237E+000
  0.45984339E+000
  0.45984438E+000
  0.45984535E+000
  0.45984629E+000
