  0.86193873E+000
  0.86194103E+000
  0.86194235E+000
  0.86194304E+000
  0.86194334E+000
  0.86194337E+000
  0.86194322E+000
  0.86194295E+000
  0.86194261E+000
  0.86194222E+000
  0.86194179E+000
  0.86194135E+000
  0.86194090E+000
  0.86194044E+000
  0.86193998E+000
  0.86193952E+000
  0.86193906E+000
  0.86193860E+000
  0.86193813E+000
  0.86193767E+000
  0.86193720E+000
  0.86193673E+000
  0.86193626E+000
  0.86193578E+000
  0.86193529E+000
  0.86193480E+000
  0.86193429E+000
  0.86193379E+000
  0.86193327E+000
  0.86193275E+000
  0.86193222E+000
  0.86193169E+000
  0.86193115E+000
  0.86193061E+000
  0.86193006E+000
  0.86192951E+000
  0.86192897E+000
  0.86192842E+000
  0.86192787E+000
  0.86192733E+000
  0.86192679E+000
  0.86192625E+000
  0.86192572E+000
  0.86192520E+000
  0.86192468E+000
  0.86192416E+000
  0.86192366E+000
  0.86192317E+000
  0.86192268E+000
  0.86192221E+000
  0.86192175E+000
  0.86192130E+000
  0.86192086E+000
  0.86192044E+000
  0.86192003E+000
  0.86191965E+000
  0.86191928E+000
  0.86191893E+000
  0.86191860E+000
  0.86191829E+000
  0.86191801E+000
  0.86191776E+000
  0.86191753E+000
  0.86191734E+000
  0.86191717E+000
  0.86191704E+000
  0.86191695E+000
  0.86191689E+000
  0.86191687E+000
  0.86191689E+000
  0.86191695E+000
  0.86191704E+000
  0.86191718E+000
  0.86191736E+000
  0.86191758E+000
  0.86191784E+000
  0.86191813E+000
  0.86191846E+000
  0.86191882E+000
  0.86191921E+000
  0.86191963E+000
  0.86192007E+000
  0.86192053E+000
  0.86192100E+000
  0.86192149E+000
  0.86192198E+000
  0.86192248E+000
  0.86192298E+000
  0.86192348E+000
  0.86192398E+000
  0.86192447E+000
  0.86192494E+000
  0.86192541E+000
  0.86192587E+000
  0.86192631E+000
  0.86192674E+000
  0.86192716E+000
  0.86192756E+000
  0.86192795E+000
  0.86192832E+000
  0.86192868E+000
  0.86192903E+000
  0.86192936E+000
  0.86192969E+000
  0.86193000E+000
  0.86193031E+000
  0.86193060E+000
  0.86193089E+000
  0.86193117E+000
  0.86193144E+000
  0.86193171E+000
  0.86193197E+000
  0.86193222E+000
  0.86193247E+000
  0.86193272E+000
  0.86193296E+000
  0.86193319E+000
  0.86193343E+000
  0.86193366E+000
  0.86193388E+000
  0.86193410E+000
  0.86193432E+000
  0.86193454E+000
  0.86193475E+000
  0.86193496E+000
  0.86193516E+000
  0.86193536E+000
  0.86193556E+000
  0.86193575E+000
  0.86193594E+000
  0.86193613E+000
  0.86193631E+000
  0.86193649E+000
  0.86193667E+000
  0.86193684E+000
  0.86193701E+000
  0.86193717E+000
  0.86193733E+000
  0.86193748E+000
  0.86193763E+000
  0.86193778E+000
  0.86193792E+000
  0.86193805E+000
  0.86193818E+000
  0.86193831E+000
  0.86193843E+000
  0.86193855E+000
  0.86193866E+000
  0.86193877E+000
  0.86193887E+000
  0.86193897E+000
  0.86193906E+000
  0.86193915E+000
  0.86193923E+000
  0.86193931E+000
  0.86193939E+000
  0.86193946E+000
  0.86193952E+000
  0.86193958E+000
  0.86193964E+000
  0.86193969E+000
  0.86193974E+000
  0.86193979E+000
  0.86193983E+000
  0.86193987E+000
  0.86193990E+000
  0.86193993E+000
  0.86193996E+000
  0.86193998E+000
  0.86194000E+000
  0.86194002E+000
  0.86194004E+000
  0.86194005E+000
  0.86194006E+000
  0.86194006E+000
  0.86194007E+000
  0.86194007E+000
  0.86194007E+000
  0.86194006E+000
  0.86194006E+000
  0.86194005E+000
  0.86194005E+000
  0.86194004E+000
  0.86194002E+000
  0.86194001E+000
  0.86194000E+000
  0.86193998E+000
  0.86193996E+000
  0.86193995E+000
  0.86193993E+000
  0.86193991E+000
  0.86193989E+000
  0.86193987E+000
  0.86193984E+000
  0.86193982E+000
  0.86193980E+000
  0.86193978E+000
  0.86193975E+000
  0.86193973E+000
  0.86193971E+000
