  0.81429777E+000
  0.81429781E+000
  0.81429784E+000
  0.81429786E+000
  0.81429787E+000
  0.81429787E+000
  0.81429788E+000
  0.81429788E+000
  0.81429787E+000
  0.81429786E+000
  0.81429786E+000
  0.81429784E+000
  0.81429783E+000
  0.81429782E+000
  0.81429780E+000
  0.81429778E+000
  0.81429776E+000
  0.81429774E+000
  0.81429771E+000
  0.81429769E+000
  0.81429766E+000
  0.81429763E+000
  0.81429760E+000
  0.81429757E+000
  0.81429753E+000
  0.81429749E+000
  0.81429745E+000
  0.81429741E+000
  0.81429737E+000
  0.81429732E+000
  0.81429727E+000
  0.81429722E+000
  0.81429717E+000
  0.81429711E+000
  0.81429705E+000
  0.81429699E+000
  0.81429693E+000
  0.81429686E+000
  0.81429679E+000
  0.81429671E+000
  0.81429663E+000
  0.81429655E+000
  0.81429646E+000
  0.81429637E+000
  0.81429627E+000
  0.81429617E+000
  0.81429606E+000
  0.81429595E+000
  0.81429583E+000
  0.81429570E+000
  0.81429557E+000
  0.81429543E+000
  0.81429528E+000
  0.81429513E+000
  0.81429496E+000
  0.81429479E+000
  0.81429461E+000
  0.81429441E+000
  0.81429421E+000
  0.81429400E+000
  0.81429377E+000
  0.81429353E+000
  0.81429328E+000
  0.81429301E+000
  0.81429274E+000
  0.81429244E+000
  0.81429213E+000
  0.81429181E+000
  0.81429147E+000
  0.81429111E+000
  0.81429074E+000
  0.81429034E+000
  0.81428993E+000
  0.81428951E+000
  0.81428906E+000
  0.81428859E+000
  0.81428811E+000
  0.81428760E+000
  0.81428708E+000
  0.81428654E+000
  0.81428598E+000
  0.81428540E+000
  0.81428480E+000
  0.81428418E+000
  0.81428354E+000
  0.81428289E+000
  0.81428221E+000
  0.81428153E+000
  0.81428082E+000
  0.81428010E+000
  0.81427936E+000
  0.81427861E+000
  0.81427784E+000
  0.81427706E+000
  0.81427627E+000
  0.81427546E+000
  0.81427465E+000
  0.81427382E+000
  0.81427299E+000
  0.81427214E+000
  0.81427129E+000
  0.81427044E+000
  0.81426958E+000
  0.81426871E+000
  0.81426785E+000
  0.81426698E+000
  0.81426611E+000
  0.81426524E+000
  0.81426438E+000
  0.81426351E+000
  0.81426266E+000
  0.81426180E+000
  0.81426096E+000
  0.81426013E+000
  0.81425930E+000
  0.81425849E+000
  0.81425768E+000
  0.81425689E+000
  0.81425612E+000
  0.81425536E+000
  0.81425462E+000
  0.81425390E+000
  0.81425320E+000
  0.81425251E+000
  0.81425185E+000
  0.81425121E+000
  0.81425060E+000
  0.81425001E+000
  0.81424944E+000
  0.81424890E+000
  0.81424839E+000
  0.81424790E+000
  0.81424744E+000
  0.81424701E+000
  0.81424660E+000
  0.81424623E+000
  0.81424588E+000
  0.81424557E+000
  0.81424528E+000
  0.81424502E+000
  0.81424479E+000
  0.81424460E+000
  0.81424443E+000
  0.81424429E+000
  0.81424418E+000
  0.81424409E+000
  0.81424404E+000
  0.81424401E+000
  0.81424402E+000
  0.81424404E+000
  0.81424410E+000
  0.81424418E+000
  0.81424429E+000
  0.81424442E+000
  0.81424457E+000
  0.81424475E+000
  0.81424494E+000
  0.81424516E+000
  0.81424540E+000
  0.81424566E+000
  0.81424594E+000
  0.81424624E+000
  0.81424655E+000
  0.81424688E+000
  0.81424722E+000
  0.81424758E+000
  0.81424795E+000
  0.81424833E+000
  0.81424873E+000
  0.81424913E+000
  0.81424955E+000
  0.81424997E+000
  0.81425040E+000
  0.81425084E+000
  0.81425128E+000
  0.81425173E+000
  0.81425219E+000
  0.81425264E+000
  0.81425310E+000
  0.81425357E+000
  0.81425403E+000
  0.81425450E+000
  0.81425496E+000
  0.81425543E+000
  0.81425589E+000
  0.81425635E+000
  0.81425681E+000
  0.81425727E+000
  0.81425772E+000
  0.81425817E+000
  0.81425862E+000
  0.81425906E+000
  0.81425949E+000
  0.81425992E+000
  0.81426035E+000
  0.81426077E+000
  0.81426118E+000
  0.81426159E+000
  0.81426199E+000
  0.81426238E+000
