  0.88684486E+000
  0.88684481E+000
  0.88684475E+000
  0.88684468E+000
  0.88684460E+000
  0.88684452E+000
  0.88684445E+000
  0.88684437E+000
  0.88684429E+000
  0.88684422E+000
  0.88684414E+000
  0.88684407E+000
  0.88684399E+000
  0.88684392E+000
  0.88684385E+000
  0.88684378E+000
  0.88684371E+000
  0.88684364E+000
  0.88684358E+000
  0.88684351E+000
  0.88684344E+000
  0.88684337E+000
  0.88684331E+000
  0.88684324E+000
  0.88684317E+000
  0.88684311E+000
  0.88684304E+000
  0.88684297E+000
  0.88684291E+000
  0.88684284E+000
  0.88684277E+000
  0.88684270E+000
  0.88684263E+000
  0.88684256E+000
  0.88684249E+000
  0.88684242E+000
  0.88684235E+000
  0.88684228E+000
  0.88684220E+000
  0.88684213E+000
  0.88684205E+000
  0.88684197E+000
  0.88684189E+000
  0.88684181E+000
  0.88684172E+000
  0.88684163E+000
  0.88684154E+000
  0.88684145E+000
  0.88684136E+000
  0.88684126E+000
  0.88684115E+000
  0.88684104E+000
  0.88684093E+000
  0.88684081E+000
  0.88684069E+000
  0.88684055E+000
  0.88684042E+000
  0.88684027E+000
  0.88684011E+000
  0.88683995E+000
  0.88683978E+000
  0.88683959E+000
  0.88683940E+000
  0.88683919E+000
  0.88683897E+000
  0.88683873E+000
  0.88683848E+000
  0.88683822E+000
  0.88683794E+000
  0.88683764E+000
  0.88683733E+000
  0.88683699E+000
  0.88683664E+000
  0.88683627E+000
  0.88683587E+000
  0.88683546E+000
  0.88683503E+000
  0.88683457E+000
  0.88683409E+000
  0.88683359E+000
  0.88683307E+000
  0.88683252E+000
  0.88683195E+000
  0.88683136E+000
  0.88683075E+000
  0.88683012E+000
  0.88682946E+000
  0.88682879E+000
  0.88682810E+000
  0.88682738E+000
  0.88682665E+000
  0.88682590E+000
  0.88682514E+000
  0.88682435E+000
  0.88682356E+000
  0.88682275E+000
  0.88682193E+000
  0.88682109E+000
  0.88682025E+000
  0.88681940E+000
  0.88681854E+000
  0.88681768E+000
  0.88681681E+000
  0.88681593E+000
  0.88681506E+000
  0.88681418E+000
  0.88681331E+000
  0.88681243E+000
  0.88681156E+000
  0.88681070E+000
  0.88680984E+000
  0.88680899E+000
  0.88680815E+000
  0.88680732E+000
  0.88680650E+000
  0.88680570E+000
  0.88680491E+000
  0.88680413E+000
  0.88680337E+000
  0.88680264E+000
  0.88680192E+000
  0.88680122E+000
  0.88680054E+000
  0.88679989E+000
  0.88679926E+000
  0.88679866E+000
  0.88679808E+000
  0.88679753E+000
  0.88679701E+000
  0.88679651E+000
  0.88679605E+000
  0.88679561E+000
  0.88679520E+000
  0.88679483E+000
  0.88679448E+000
  0.88679416E+000
  0.88679388E+000
  0.88679363E+000
  0.88679340E+000
  0.88679321E+000
  0.88679305E+000
  0.88679293E+000
  0.88679283E+000
  0.88679276E+000
  0.88679272E+000
  0.88679271E+000
  0.88679273E+000
  0.88679278E+000
  0.88679286E+000
  0.88679296E+000
  0.88679309E+000
  0.88679325E+000
  0.88679343E+000
  0.88679364E+000
  0.88679387E+000
  0.88679412E+000
  0.88679439E+000
  0.88679469E+000
  0.88679500E+000
  0.88679533E+000
  0.88679568E+000
  0.88679605E+000
  0.88679643E+000
  0.88679683E+000
  0.88679724E+000
  0.88679767E+000
  0.88679811E+000
  0.88679855E+000
  0.88679901E+000
  0.88679948E+000
  0.88679995E+000
  0.88680044E+000
  0.88680093E+000
  0.88680142E+000
  0.88680192E+000
  0.88680242E+000
  0.88680293E+000
  0.88680344E+000
  0.88680394E+000
  0.88680445E+000
  0.88680496E+000
  0.88680547E+000
  0.88680598E+000
  0.88680649E+000
  0.88680699E+000
  0.88680749E+000
  0.88680799E+000
  0.88680848E+000
  0.88680897E+000
  0.88680945E+000
  0.88680993E+000
  0.88681040E+000
  0.88681087E+000
  0.88681132E+000
  0.88681178E+000
  0.88681222E+000
  0.88681266E+000
  0.88681309E+000
  0.88681351E+000
  0.88681392E+000
