 -0.82464575E+000 -0.64360561E+000 -0.27734050E+000 -0.66228210E-004  0.80833662E-001  0.17392955E+001  0.12038809E+002  0.59173096E+002  0.13400195E+003  0.34790433E+003  0.65682769E+003
 -0.82464665E+000 -0.64360751E+000 -0.27734198E+000 -0.66223512E-004  0.80943134E-001  0.17393125E+001  0.12038865E+002  0.59173094E+002  0.13400194E+003  0.34790430E+003  0.65682763E+003
 -0.82464810E+000 -0.64361029E+000 -0.27734359E+000 -0.66220660E-004  0.81032097E-001  0.17393280E+001  0.12038921E+002  0.59173094E+002  0.13400193E+003  0.34790429E+003  0.65682759E+003
 -0.82465000E+000 -0.64361356E+000 -0.27734512E+000 -0.66219022E-004  0.81107868E-001  0.17393424E+001  0.12038975E+002  0.59173094E+002  0.13400193E+003  0.34790428E+003  0.65682756E+003
 -0.82465213E+000 -0.64361691E+000 -0.27734652E+000 -0.66218040E-004  0.81176176E-001  0.17393559E+001  0.12039028E+002  0.59173093E+002  0.13400193E+003  0.34790427E+003  0.65682754E+003
 -0.82465429E+000 -0.64362012E+000 -0.27734785E+000 -0.66217396E-004  0.81239424E-001  0.17393688E+001  0.12039081E+002  0.59173093E+002  0.13400193E+003  0.34790427E+003  0.65682753E+003
 -0.82465635E+000 -0.64362305E+000 -0.27734912E+000 -0.66216913E-004  0.81298333E-001  0.17393811E+001  0.12039133E+002  0.59173093E+002  0.13400193E+003  0.34790427E+003  0.65682753E+003
 -0.82465823E+000 -0.64362569E+000 -0.27735035E+000 -0.66216497E-004  0.81353132E-001  0.17393928E+001  0.12039184E+002  0.59173093E+002  0.13400193E+003  0.34790427E+003  0.65682752E+003
 -0.82465992E+000 -0.64362804E+000 -0.27735155E+000 -0.66216097E-004  0.81404059E-001  0.17394039E+001  0.12039235E+002  0.59173094E+002  0.13400193E+003  0.34790427E+003  0.65682752E+003
 -0.82466140E+000 -0.64363014E+000 -0.27735272E+000 -0.66215688E-004  0.81451490E-001  0.17394146E+001  0.12039285E+002  0.59173094E+002  0.13400193E+003  0.34790427E+003  0.65682752E+003
 -0.82466270E+000 -0.64363203E+000 -0.27735385E+000 -0.66215261E-004  0.81495901E-001  0.17394249E+001  0.12039336E+002  0.59173094E+002  0.13400193E+003  0.34790427E+003  0.65682752E+003
 -0.82466384E+000 -0.64363374E+000 -0.27735494E+000 -0.66214812E-004  0.81537806E-001  0.17394349E+001  0.12039387E+002  0.59173094E+002  0.13400193E+003  0.34790427E+003  0.65682752E+003
 -0.82466483E+000 -0.64363531E+000 -0.27735599E+000 -0.66214341E-004  0.81577707E-001  0.17394447E+001  0.12039437E+002  0.59173094E+002  0.13400193E+003  0.34790427E+003  0.65682752E+003
 -0.82466570E+000 -0.64363675E+000 -0.27735700E+000 -0.66213848E-004  0.81616058E-001  0.17394542E+001  0.12039488E+002  0.59173094E+002  0.13400193E+003  0.34790427E+003  0.65682752E+003
 -0.82466647E+000 -0.64363809E+000 -0.27735795E+000 -0.66213338E-004  0.81653257E-001  0.17394637E+001  0.12039539E+002  0.59173094E+002  0.13400193E+003  0.34790427E+003  0.65682752E+003
 -0.82466715E+000 -0.64363935E+000 -0.27735885E+000 -0.66212810E-004  0.81689639E-001  0.17394730E+001  0.12039590E+002  0.59173094E+002  0.13400193E+003  0.34790427E+003  0.65682752E+003
 -0.82466776E+000 -0.64364055E+000 -0.27735969E+000 -0.66212268E-004  0.81725482E-001  0.17394823E+001  0.12039641E+002  0.59173094E+002  0.13400193E+003  0.34790427E+003  0.65682752E+003
 -0.82466830E+000 -0.64364169E+000 -0.27736047E+000 -0.66211712E-004  0.81761015E-001  0.17394915E+001  0.12039693E+002  0.59173094E+002  0.13400193E+003  0.34790427E+003  0.65682752E+003
 -0.82466880E+000 -0.64364279E+000 -0.27736119E+000 -0.66211144E-004  0.81796428E-001  0.17395007E+001  0.12039745E+002  0.59173094E+002  0.13400193E+003  0.34790427E+003  0.65682752E+003
 -0.82466925E+000 -0.64364386E+000 -0.27736185E+000 -0.66210565E-004  0.81831875E-001  0.17395099E+001  0.12039797E+002  0.59173094E+002  0.13400193E+003  0.34790427E+003  0.65682752E+003
 -0.82466966E+000 -0.64364491E+000 -0.27736245E+000 -0.66209974E-004  0.81867487E-001  0.17395190E+001  0.12039850E+002  0.59173094E+002  0.13400193E+003  0.34790427E+003  0.65682752E+003
 -0.82467005E+000 -0.64364594E+000 -0.27736298E+000 -0.66209373E-004  0.81903377E-001  0.17395280E+001  0.12039904E+002  0.59173094E+002  0.13400193E+003  0.34790427E+003  0.65682752E+003
 -0.82467041E+000 -0.64364695E+000 -0.27736345E+000 -0.66208761E-004  0.81939641E-001  0.17395370E+001  0.12039958E+002  0.59173094E+002  0.13400193E+003  0.34790427E+003  0.65682752E+003
 -0.82467076E+000 -0.64364795E+000 -0.27736386E+000 -0.66208139E-004  0.81976367E-001  0.17395460E+001  0.12040013E+002  0.59173094E+002  0.13400193E+003  0.34790427E+003  0.65682752E+003
 -0.82467109E+000 -0.64364895E+000 -0.27736420E+000 -0.66207505E-004  0.82013637E-001  0.17395549E+001  0.12040068E+002  0.59173094E+002  0.13400193E+003  0.34790427E+003  0.65682752E+003
 -0.82467141E+000 -0.64364994E+000 -0.27736448E+000 -0.66206860E-004  0.82051527E-001  0.17395637E+001  0.12040125E+002  0.59173094E+002  0.13400193E+003  0.34790427E+003  0.65682752E+003
 -0.82467172E+000 -0.64365092E+000 -0.27736470E+000 -0.66206204E-004  0.82090112E-001  0.17395724E+001  0.12040182E+002  0.59173094E+002  0.13400193E+003  0.34790427E+003  0.65682752E+003
 -0.82467203E+000 -0.64365188E+000 -0.27736485E+000 -0.66205536E-004  0.82129470E-001  0.17395811E+001  0.12040241E+002  0.59173094E+002  0.13400193E+003  0.34790427E+003  0.65682752E+003
 -0.82467233E+000 -0.64365284E+000 -0.27736494E+000 -0.66204856E-004  0.82169677E-001  0.17395897E+001  0.12040300E+002  0.59173094E+002  0.13400193E+003  0.34790427E+003  0.65682752E+003
 -0.82467263E+000 -0.64365377E+000 -0.27736496E+000 -0.66204164E-004  0.82210816E-001  0.17395983E+001  0.12040361E+002  0.59173094E+002  0.13400193E+003  0.34790427E+003  0.65682752E+003
 -0.82467293E+000 -0.64365468E+000 -0.27736492E+000 -0.66203458E-004  0.82252973E-001  0.17396068E+001  0.12040423E+002  0.59173094E+002  0.13400193E+003  0.34790427E+003  0.65682752E+003
 -0.82467322E+000 -0.64365557E+000 -0.27736482E+000 -0.66202738E-004  0.82296243E-001  0.17396152E+001  0.12040486E+002  0.59173094E+002  0.13400193E+003  0.34790427E+003  0.65682752E+003
 -0.82467351E+000 -0.64365641E+000 -0.27736466E+000 -0.66202005E-004  0.82340727E-001  0.17396237E+001  0.12040551E+002  0.59173094E+002  0.13400193E+003  0.34790427E+003  0.65682752E+003
 -0.82467380E+000 -0.64365721E+000 -0.27736443E+000 -0.66201258E-004  0.82386537E-001  0.17396321E+001  0.12040617E+002  0.59173094E+002  0.13400193E+003  0.34790427E+003  0.65682752E+003
 -0.82467407E+000 -0.64365795E+000 -0.27736414E+000 -0.66200496E-004  0.82433797E-001  0.17396405E+001  0.12040684E+002  0.59173094E+002  0.13400193E+003  0.34790427E+003  0.65682752E+003
 -0.82467433E+000 -0.64365863E+000 -0.27736379E+000 -0.66199719E-004  0.82482643E-001  0.17396490E+001  0.12040754E+002  0.59173094E+002  0.13400193E+003  0.34790427E+003  0.65682753E+003
 -0.82467457E+000 -0.64365923E+000 -0.27736338E+000 -0.66198926E-004  0.82533227E-001  0.17396575E+001  0.12040824E+002  0.59173094E+002  0.13400193E+003  0.34790427E+003  0.65682753E+003
 -0.82467479E+000 -0.64365974E+000 -0.27736291E+000 -0.66198118E-004  0.82585715E-001  0.17396661E+001  0.12040896E+002  0.59173094E+002  0.13400193E+003  0.34790427E+003  0.65682753E+003
 -0.82467497E+000 -0.64366014E+000 -0.27736238E+000 -0.66197293E-004  0.82640292E-001  0.17396748E+001  0.12040970E+002  0.59173094E+002  0.13400193E+003  0.34790427E+003  0.65682753E+003
 -0.82467510E+000 -0.64366044E+000 -0.27736178E+000 -0.66196452E-004  0.82697159E-001  0.17396836E+001  0.12041045E+002  0.59173094E+002  0.13400193E+003  0.34790427E+003  0.65682753E+003
 -0.82467518E+000 -0.64366060E+000 -0.27736113E+000 -0.66195594E-004  0.82756540E-001  0.17396925E+001  0.12041122E+002  0.59173095E+002  0.13400193E+003  0.34790427E+003  0.65682753E+003
 -0.82467519E+000 -0.64366062E+000 -0.27736042E+000 -0.66194719E-004  0.82818673E-001  0.17397016E+001  0.12041201E+002  0.59173095E+002  0.13400193E+003  0.34790427E+003  0.65682753E+003
 -0.82467512E+000 -0.64366048E+000 -0.27735966E+000 -0.66193827E-004  0.82883817E-001  0.17397109E+001  0.12041281E+002  0.59173095E+002  0.13400193E+003  0.34790427E+003  0.65682753E+003
 -0.82467497E+000 -0.64366016E+000 -0.27735884E+000 -0.66192917E-004  0.82952249E-001  0.17397203E+001  0.12041362E+002  0.59173095E+002  0.13400193E+003  0.34790427E+003  0.65682753E+003
 -0.82467470E+000 -0.64365966E+000 -0.27735796E+000 -0.66191989E-004  0.83024260E-001  0.17397300E+001  0.12041445E+002  0.59173095E+002  0.13400193E+003  0.34790427E+003  0.65682753E+003
 -0.82467433E+000 -0.64365895E+000 -0.27735702E+000 -0.66191042E-004  0.83100153E-001  0.17397399E+001  0.12041530E+002  0.59173095E+002  0.13400193E+003  0.34790427E+003  0.65682753E+003
 -0.82467381E+000 -0.64365803E+000 -0.27735604E+000 -0.66190077E-004  0.83180239E-001  0.17397501E+001  0.12041617E+002  0.59173095E+002  0.13400193E+003  0.34790427E+003  0.65682753E+003
 -0.82467316E+000 -0.64365688E+000 -0.27735500E+000 -0.66189093E-004  0.83264832E-001  0.17397606E+001  0.12041705E+002  0.59173095E+002  0.13400193E+003  0.34790427E+003  0.65682753E+003
 -0.82467234E+000 -0.64365548E+000 -0.27735390E+000 -0.66188089E-004  0.83354243E-001  0.17397713E+001  0.12041795E+002  0.59173095E+002  0.13400193E+003  0.34790427E+003  0.65682753E+003
 -0.82467136E+000 -0.64365382E+000 -0.27735276E+000 -0.66187067E-004  0.83448769E-001  0.17397824E+001  0.12041887E+002  0.59173095E+002  0.13400193E+003  0.34790427E+003  0.65682753E+003
 -0.82467019E+000 -0.64365189E+000 -0.27735157E+000 -0.66186024E-004  0.83548691E-001  0.17397938E+001  0.12041981E+002  0.59173095E+002  0.13400193E+003  0.34790427E+003  0.65682754E+003
 -0.82466882E+000 -0.64364967E+000 -0.27735032E+000 -0.66184962E-004  0.83654258E-001  0.17398056E+001  0.12042077E+002  0.59173095E+002  0.13400193E+003  0.34790427E+003  0.65682754E+003
 -0.82466725E+000 -0.64364717E+000 -0.27734903E+000 -0.66183880E-004  0.83765686E-001  0.17398178E+001  0.12042175E+002  0.59173095E+002  0.13400193E+003  0.34790427E+003  0.65682754E+003
 -0.82466547E+000 -0.64364435E+000 -0.27734769E+000 -0.66182777E-004  0.83883142E-001  0.17398304E+001  0.12042275E+002  0.59173095E+002  0.13400193E+003  0.34790427E+003  0.65682754E+003
 -0.82466346E+000 -0.64364123E+000 -0.27734630E+000 -0.66181654E-004  0.84006743E-001  0.17398434E+001  0.12042378E+002  0.59173095E+002  0.13400193E+003  0.34790427E+003  0.65682754E+003
 -0.82466122E+000 -0.64363778E+000 -0.27734487E+000 -0.66180510E-004  0.84014987E-001  0.17398568E+001  0.12042483E+002  0.59173096E+002  0.13400193E+003  0.34790427E+003  0.65682754E+003
 -0.82465875E+000 -0.64363400E+000 -0.27734339E+000 -0.66179345E-004  0.84021141E-001  0.17398708E+001  0.12042591E+002  0.59173096E+002  0.13400193E+003  0.34790427E+003  0.65682754E+003
 -0.82465603E+000 -0.64362989E+000 -0.27734187E+000 -0.66178158E-004  0.84027573E-001  0.17398852E+001  0.12042701E+002  0.59173096E+002  0.13400193E+003  0.34790427E+003  0.65682754E+003
 -0.82465308E+000 -0.64362543E+000 -0.27734030E+000 -0.66176950E-004  0.84034276E-001  0.17399001E+001  0.12042814E+002  0.59173096E+002  0.13400193E+003  0.34790427E+003  0.65682754E+003
 -0.82464988E+000 -0.64362062E+000 -0.27733869E+000 -0.66175720E-004  0.84041240E-001  0.17399156E+001  0.12042930E+002  0.59173096E+002  0.13400193E+003  0.34790427E+003  0.65682754E+003
 -0.82464643E+000 -0.64361547E+000 -0.27733703E+000 -0.66174468E-004  0.84048453E-001  0.17399317E+001  0.12043048E+002  0.59173096E+002  0.13400193E+003  0.34790427E+003  0.65682754E+003
 -0.82464274E+000 -0.64360997E+000 -0.27733533E+000 -0.66173193E-004  0.84055901E-001  0.17399483E+001  0.12043170E+002  0.59173096E+002  0.13400193E+003  0.34790427E+003  0.65682755E+003
 -0.82463881E+000 -0.64360411E+000 -0.27733359E+000 -0.66171896E-004  0.84063566E-001  0.17399656E+001  0.12043295E+002  0.59173096E+002  0.13400193E+003  0.34790427E+003  0.65682755E+003
 -0.82463464E+000 -0.64359790E+000 -0.27733181E+000 -0.66170577E-004  0.84071428E-001  0.17399835E+001  0.12043423E+002  0.59173096E+002  0.13400193E+003  0.34790427E+003  0.65682755E+003
 -0.82463023E+000 -0.64359134E+000 -0.27732999E+000 -0.66169234E-004  0.84079467E-001  0.17400021E+001  0.12043554E+002  0.59173096E+002  0.13400193E+003  0.34790427E+003  0.65682755E+003
 -0.82462559E+000 -0.64358443E+000 -0.27732813E+000 -0.66167868E-004  0.84087660E-001  0.17400214E+001  0.12043689E+002  0.59173096E+002  0.13400193E+003  0.34790427E+003  0.65682755E+003
 -0.82462073E+000 -0.64357718E+000 -0.27732623E+000 -0.66166479E-004  0.84095984E-001  0.17400414E+001  0.12043827E+002  0.59173097E+002  0.13400193E+003  0.34790427E+003  0.65682755E+003
 -0.82461565E+000 -0.64356959E+000 -0.27732429E+000 -0.66165067E-004  0.84104413E-001  0.17400621E+001  0.12043968E+002  0.59173097E+002  0.13400193E+003  0.34790427E+003  0.65682755E+003
 -0.82461037E+000 -0.64356168E+000 -0.27732232E+000 -0.66163632E-004  0.84112923E-001  0.17400836E+001  0.12044113E+002  0.59173097E+002  0.13400193E+003  0.34790427E+003  0.65682755E+003
 -0.82460488E+000 -0.64355344E+000 -0.27732030E+000 -0.66162174E-004  0.84121487E-001  0.17401059E+001  0.12044262E+002  0.59173097E+002  0.13400193E+003  0.34790428E+003  0.65682755E+003
 -0.82459921E+000 -0.64354491E+000 -0.27731826E+000 -0.66160694E-004  0.84130079E-001  0.17401290E+001  0.12044414E+002  0.59173097E+002  0.13400194E+003  0.34790428E+003  0.65682756E+003
 -0.82459336E+000 -0.64353607E+000 -0.27731617E+000 -0.66159193E-004  0.84138673E-001  0.17401529E+001  0.12044570E+002  0.59173097E+002  0.13400194E+003  0.34790428E+003  0.65682756E+003
 -0.82458736E+000 -0.64352696E+000 -0.27731405E+000 -0.66157669E-004  0.84147243E-001  0.17401777E+001  0.12044729E+002  0.59173097E+002  0.13400194E+003  0.34790428E+003  0.65682756E+003
 -0.82458120E+000 -0.64351759E+000 -0.27731190E+000 -0.66156125E-004  0.84155764E-001  0.17402033E+001  0.12044892E+002  0.59173098E+002  0.13400194E+003  0.34790428E+003  0.65682756E+003
 -0.82457491E+000 -0.64350798E+000 -0.27730972E+000 -0.66154561E-004  0.84164210E-001  0.17402298E+001  0.12045059E+002  0.59173098E+002  0.13400194E+003  0.34790428E+003  0.65682756E+003
 -0.82456851E+000 -0.64349814E+000 -0.27730750E+000 -0.66152978E-004  0.84172558E-001  0.17402572E+001  0.12045230E+002  0.59173098E+002  0.13400194E+003  0.34790428E+003  0.65682756E+003
 -0.82456200E+000 -0.64348810E+000 -0.27730526E+000 -0.66151377E-004  0.84180785E-001  0.17402855E+001  0.12045404E+002  0.59173098E+002  0.13400194E+003  0.34790428E+003  0.65682756E+003
 -0.82455542E+000 -0.64347787E+000 -0.27730299E+000 -0.66149759E-004  0.84188869E-001  0.17403148E+001  0.12045582E+002  0.59173098E+002  0.13400194E+003  0.34790428E+003  0.65682756E+003
 -0.82454876E+000 -0.64346749E+000 -0.27730069E+000 -0.66148125E-004  0.84196791E-001  0.17403449E+001  0.12045764E+002  0.59173098E+002  0.13400194E+003  0.34790428E+003  0.65682757E+003
 -0.82454206E+000 -0.64345698E+000 -0.27729836E+000 -0.66146477E-004  0.84204532E-001  0.17403761E+001  0.12045950E+002  0.59173098E+002  0.13400194E+003  0.34790428E+003  0.65682757E+003
 -0.82453533E+000 -0.64344636E+000 -0.27729602E+000 -0.66144816E-004  0.84212076E-001  0.17404081E+001  0.12046140E+002  0.59173099E+002  0.13400194E+003  0.34790428E+003  0.65682757E+003
 -0.82452859E+000 -0.64343565E+000 -0.27729365E+000 -0.66143143E-004  0.84219410E-001  0.17404412E+001  0.12046333E+002  0.59173099E+002  0.13400194E+003  0.34790428E+003  0.65682757E+003
 -0.82452185E+000 -0.64342488E+000 -0.27729127E+000 -0.66141460E-004  0.84226522E-001  0.17404752E+001  0.12046530E+002  0.59173099E+002  0.13400194E+003  0.34790428E+003  0.65682757E+003
 -0.82451514E+000 -0.64341408E+000 -0.27728887E+000 -0.66139769E-004  0.84233401E-001  0.17405102E+001  0.12046730E+002  0.59173099E+002  0.13400194E+003  0.34790428E+003  0.65682757E+003
 -0.82450847E+000 -0.64340327E+000 -0.27728646E+000 -0.66138072E-004  0.84240042E-001  0.17405462E+001  0.12046935E+002  0.59173099E+002  0.13400194E+003  0.34790428E+003  0.65682757E+003
 -0.82450185E+000 -0.64339247E+000 -0.27728404E+000 -0.66136370E-004  0.84246439E-001  0.17405832E+001  0.12047142E+002  0.59173100E+002  0.13400194E+003  0.34790428E+003  0.65682758E+003
 -0.82449530E+000 -0.64338171E+000 -0.27728161E+000 -0.66134666E-004  0.84252590E-001  0.17406211E+001  0.12047354E+002  0.59173100E+002  0.13400194E+003  0.34790429E+003  0.65682758E+003
 -0.82448884E+000 -0.64337102E+000 -0.27727918E+000 -0.66132961E-004  0.84258493E-001  0.17406600E+001  0.12047568E+002  0.59173100E+002  0.13400195E+003  0.34790429E+003  0.65682758E+003
 -0.82448248E+000 -0.64336040E+000 -0.27727675E+000 -0.66131257E-004  0.84264151E-001  0.17406999E+001  0.12047786E+002  0.59173100E+002  0.13400195E+003  0.34790429E+003  0.65682758E+003
 -0.82447622E+000 -0.64334990E+000 -0.27727432E+000 -0.66129557E-004  0.84269565E-001  0.17407407E+001  0.12048007E+002  0.59173100E+002  0.13400195E+003  0.34790429E+003  0.65682758E+003
 -0.82447009E+000 -0.64333951E+000 -0.27727190E+000 -0.66127863E-004  0.84274740E-001  0.17407825E+001  0.12048231E+002  0.59173101E+002  0.13400195E+003  0.34790429E+003  0.65682758E+003
 -0.82446409E+000 -0.64332927E+000 -0.27726949E+000 -0.66126177E-004  0.84279682E-001  0.17408251E+001  0.12048458E+002  0.59173101E+002  0.13400195E+003  0.34790429E+003  0.65682758E+003
 -0.82445823E+000 -0.64331919E+000 -0.27726709E+000 -0.66124502E-004  0.84284398E-001  0.17408687E+001  0.12048688E+002  0.59173101E+002  0.13400195E+003  0.34790429E+003  0.65682759E+003
 -0.82445252E+000 -0.64330929E+000 -0.27726472E+000 -0.66122838E-004  0.84288895E-001  0.17409130E+001  0.12048920E+002  0.59173101E+002  0.13400195E+003  0.34790429E+003  0.65682759E+003
 -0.82444696E+000 -0.64329958E+000 -0.27726236E+000 -0.66121190E-004  0.84293181E-001  0.17409582E+001  0.12049155E+002  0.59173101E+002  0.13400195E+003  0.34790429E+003  0.65682759E+003
 -0.82444156E+000 -0.64329008E+000 -0.27726002E+000 -0.66119558E-004  0.84297264E-001  0.17410041E+001  0.12049392E+002  0.59173102E+002  0.13400195E+003  0.34790430E+003  0.65682759E+003
 -0.82443633E+000 -0.64328079E+000 -0.27725772E+000 -0.66117946E-004  0.84301154E-001  0.17410507E+001  0.12049631E+002  0.59173102E+002  0.13400195E+003  0.34790430E+003  0.65682759E+003
 -0.82443126E+000 -0.64327173E+000 -0.27725544E+000 -0.66116354E-004  0.84304860E-001  0.17410979E+001  0.12049872E+002  0.59173102E+002  0.13400195E+003  0.34790430E+003  0.65682759E+003
 -0.82442636E+000 -0.64326290E+000 -0.27725320E+000 -0.66114786E-004  0.84308389E-001  0.17411457E+001  0.12050115E+002  0.59173102E+002  0.13400196E+003  0.34790430E+003  0.65682760E+003
 -0.82442164E+000 -0.64325432E+000 -0.27725100E+000 -0.66113243E-004  0.84311750E-001  0.17411939E+001  0.12050360E+002  0.59173103E+002  0.13400196E+003  0.34790430E+003  0.65682760E+003
 -0.82441709E+000 -0.64324599E+000 -0.27724884E+000 -0.66111728E-004  0.84314952E-001  0.17412426E+001  0.12050606E+002  0.59173103E+002  0.13400196E+003  0.34790430E+003  0.65682760E+003
 -0.82441271E+000 -0.64323791E+000 -0.27724671E+000 -0.66110241E-004  0.84318003E-001  0.17412915E+001  0.12050854E+002  0.59173103E+002  0.13400196E+003  0.34790431E+003  0.65682760E+003
 -0.82440850E+000 -0.64323009E+000 -0.27724464E+000 -0.66108784E-004  0.84320909E-001  0.17413407E+001  0.12051103E+002  0.59173103E+002  0.13400196E+003  0.34790431E+003  0.65682760E+003
 -0.82440446E+000 -0.64322254E+000 -0.27724261E+000 -0.66107360E-004  0.84323678E-001  0.17413901E+001  0.12051353E+002  0.59173103E+002  0.13400196E+003  0.34790431E+003  0.65682761E+003
 -0.82440059E+000 -0.64321525E+000 -0.27724063E+000 -0.66105969E-004  0.84326317E-001  0.17414394E+001  0.12051604E+002  0.59173104E+002  0.13400196E+003  0.34790431E+003  0.65682761E+003
 -0.82439689E+000 -0.64320822E+000 -0.27723870E+000 -0.66104613E-004  0.84328832E-001  0.17414887E+001  0.12051857E+002  0.59173104E+002  0.13400196E+003  0.34790431E+003  0.65682761E+003
 -0.82439335E+000 -0.64320145E+000 -0.27723682E+000 -0.66103293E-004  0.84331227E-001  0.17415379E+001  0.12052110E+002  0.59173104E+002  0.13400197E+003  0.34790432E+003  0.65682761E+003
 -0.82438997E+000 -0.64319495E+000 -0.27723500E+000 -0.66102011E-004  0.84333510E-001  0.17415868E+001  0.12052364E+002  0.59173104E+002  0.13400197E+003  0.34790432E+003  0.65682761E+003
 -0.82438674E+000 -0.64318870E+000 -0.27723323E+000 -0.66100766E-004  0.84335684E-001  0.17416353E+001  0.12052618E+002  0.59173105E+002  0.13400197E+003  0.34790432E+003  0.65682762E+003
 -0.82438367E+000 -0.64318272E+000 -0.27723152E+000 -0.66099559E-004  0.84337754E-001  0.17416834E+001  0.12052874E+002  0.59173105E+002  0.13400197E+003  0.34790432E+003  0.65682762E+003
 -0.82438074E+000 -0.64317699E+000 -0.27722986E+000 -0.66098392E-004  0.84339725E-001  0.17417309E+001  0.12053129E+002  0.59173105E+002  0.13400197E+003  0.34790433E+003  0.65682762E+003
 -0.82437796E+000 -0.64317150E+000 -0.27722826E+000 -0.66097264E-004  0.84341599E-001  0.17417778E+001  0.12053385E+002  0.59173105E+002  0.13400197E+003  0.34790433E+003  0.65682762E+003
 -0.82437532E+000 -0.64316627E+000 -0.27722672E+000 -0.66096176E-004  0.84343383E-001  0.17418240E+001  0.12053641E+002  0.59173106E+002  0.13400197E+003  0.34790433E+003  0.65682763E+003
 -0.82437281E+000 -0.64316127E+000 -0.27722524E+000 -0.66095129E-004  0.84345077E-001  0.17418693E+001  0.12053898E+002  0.59173106E+002  0.13400197E+003  0.34790433E+003  0.65682763E+003
 -0.82437043E+000 -0.64315650E+000 -0.27722381E+000 -0.66094121E-004  0.84346687E-001  0.17419138E+001  0.12054154E+002  0.59173106E+002  0.13400198E+003  0.34790434E+003  0.65682763E+003
 -0.82436818E+000 -0.64315197E+000 -0.27722244E+000 -0.66093153E-004  0.84348215E-001  0.17419573E+001  0.12054410E+002  0.59173106E+002  0.13400198E+003  0.34790434E+003  0.65682764E+003
 -0.82436604E+000 -0.64314765E+000 -0.27722112E+000 -0.66092224E-004  0.84349665E-001  0.17419997E+001  0.12054666E+002  0.59173107E+002  0.13400198E+003  0.34790434E+003  0.65682764E+003
 -0.82436403E+000 -0.64314356E+000 -0.27721986E+000 -0.66091335E-004  0.84351039E-001  0.17420411E+001  0.12054922E+002  0.59173107E+002  0.13400198E+003  0.34790435E+003  0.65682764E+003
 -0.82436212E+000 -0.64313967E+000 -0.27721865E+000 -0.66090485E-004  0.84352340E-001  0.17420813E+001  0.12055176E+002  0.59173107E+002  0.13400198E+003  0.34790435E+003  0.65682765E+003
 -0.82436032E+000 -0.64313598E+000 -0.27721750E+000 -0.66089672E-004  0.84353571E-001  0.17421203E+001  0.12055430E+002  0.59173107E+002  0.13400198E+003  0.34790435E+003  0.65682765E+003
 -0.82435862E+000 -0.64313249E+000 -0.27721640E+000 -0.66088898E-004  0.84354735E-001  0.17421581E+001  0.12055683E+002  0.59173108E+002  0.13400198E+003  0.34790436E+003  0.65682765E+003
 -0.82435702E+000 -0.64312919E+000 -0.27721536E+000 -0.66088159E-004  0.84355834E-001  0.17421946E+001  0.12055935E+002  0.59173108E+002  0.13400199E+003  0.34790436E+003  0.65682766E+003
 -0.82435551E+000 -0.64312606E+000 -0.27721436E+000 -0.66087457E-004  0.84356872E-001  0.17422298E+001  0.12056185E+002  0.59173108E+002  0.13400199E+003  0.34790436E+003  0.65682766E+003
 -0.82435409E+000 -0.64312312E+000 -0.27721341E+000 -0.66086790E-004  0.84357850E-001  0.17422637E+001  0.12056434E+002  0.59173108E+002  0.13400199E+003  0.34790437E+003  0.65682767E+003
 -0.82435276E+000 -0.64312033E+000 -0.27721252E+000 -0.66086157E-004  0.84358772E-001  0.17422963E+001  0.12056680E+002  0.59173109E+002  0.13400199E+003  0.34790437E+003  0.65682767E+003
 -0.82435151E+000 -0.64311771E+000 -0.27721166E+000 -0.66085557E-004  0.84359639E-001  0.17423276E+001  0.12056924E+002  0.59173109E+002  0.13400199E+003  0.34790437E+003  0.65682767E+003
 -0.82435033E+000 -0.64311525E+000 -0.27721086E+000 -0.66084989E-004  0.84360454E-001  0.17423575E+001  0.12057166E+002  0.59173109E+002  0.13400199E+003  0.34790438E+003  0.65682768E+003
 -0.82434923E+000 -0.64311293E+000 -0.27721009E+000 -0.66084452E-004  0.84361220E-001  0.17423861E+001  0.12057405E+002  0.59173109E+002  0.13400199E+003  0.34790438E+003  0.65682768E+003
 -0.82434819E+000 -0.64311074E+000 -0.27720937E+000 -0.66083944E-004  0.84361938E-001  0.17424134E+001  0.12057641E+002  0.59173109E+002  0.13400200E+003  0.34790439E+003  0.65682769E+003
 -0.82434722E+000 -0.64310870E+000 -0.27720869E+000 -0.66083466E-004  0.84362612E-001  0.17424394E+001  0.12057874E+002  0.59173110E+002  0.13400200E+003  0.34790439E+003  0.65682769E+003
 -0.82434632E+000 -0.64310677E+000 -0.27720804E+000 -0.66083014E-004  0.84363243E-001  0.17424641E+001  0.12058104E+002  0.59173110E+002  0.13400200E+003  0.34790439E+003  0.65682770E+003
 -0.82434547E+000 -0.64310497E+000 -0.27720744E+000 -0.66082590E-004  0.84363833E-001  0.17424876E+001  0.12058329E+002  0.59173110E+002  0.13400200E+003  0.34790440E+003  0.65682771E+003
 -0.82434468E+000 -0.64310329E+000 -0.27720687E+000 -0.66082191E-004  0.84364385E-001  0.17425099E+001  0.12058551E+002  0.59173110E+002  0.13400200E+003  0.34790440E+003  0.65682771E+003
 -0.82434394E+000 -0.64310171E+000 -0.27720633E+000 -0.66081816E-004  0.84364901E-001  0.17425310E+001  0.12058768E+002  0.59173111E+002  0.13400200E+003  0.34790441E+003  0.65682772E+003
 -0.82434325E+000 -0.64310023E+000 -0.27720583E+000 -0.66081464E-004  0.84365382E-001  0.17425509E+001  0.12058981E+002  0.59173111E+002  0.13400201E+003  0.34790441E+003  0.65682772E+003
 -0.82434261E+000 -0.64309886E+000 -0.27720536E+000 -0.66081134E-004  0.84365831E-001  0.17425697E+001  0.12059189E+002  0.59173111E+002  0.13400201E+003  0.34790442E+003  0.65682773E+003
 -0.82434201E+000 -0.64309757E+000 -0.27720492E+000 -0.66080825E-004  0.84366249E-001  0.17425874E+001  0.12059392E+002  0.59173111E+002  0.13400201E+003  0.34790442E+003  0.65682774E+003
 -0.82434145E+000 -0.64309637E+000 -0.27720450E+000 -0.66080536E-004  0.84366638E-001  0.17426041E+001  0.12059590E+002  0.59173111E+002  0.13400201E+003  0.34790443E+003  0.65682774E+003
 -0.82434093E+000 -0.64309525E+000 -0.27720411E+000 -0.66080265E-004  0.84367000E-001  0.17426198E+001  0.12059783E+002  0.59173112E+002  0.13400201E+003  0.34790443E+003  0.65682775E+003
 -0.82434045E+000 -0.64309421E+000 -0.27720375E+000 -0.66080013E-004  0.84367337E-001  0.17426345E+001  0.12059971E+002  0.59173112E+002  0.13400201E+003  0.34790443E+003  0.65682776E+003
 -0.82434000E+000 -0.64309324E+000 -0.27720341E+000 -0.66079777E-004  0.84367649E-001  0.17426483E+001  0.12060153E+002  0.59173112E+002  0.13400201E+003  0.34790444E+003  0.65682776E+003
 -0.82433959E+000 -0.64309234E+000 -0.27720310E+000 -0.66079558E-004  0.84367939E-001  0.17426613E+001  0.12060329E+002  0.59173112E+002  0.13400201E+003  0.34790444E+003  0.65682777E+003
 -0.82433920E+000 -0.64309151E+000 -0.27720280E+000 -0.66079353E-004  0.84368208E-001  0.17426734E+001  0.12060500E+002  0.59173112E+002  0.13400202E+003  0.34790445E+003  0.65682778E+003
 -0.82433885E+000 -0.64309073E+000 -0.27720253E+000 -0.66079163E-004  0.84368457E-001  0.17426847E+001  0.12060664E+002  0.59173113E+002  0.13400202E+003  0.34790445E+003  0.65682779E+003
 -0.82433852E+000 -0.64309001E+000 -0.27720227E+000 -0.66078986E-004  0.84368688E-001  0.17426952E+001  0.12060824E+002  0.59173113E+002  0.13400202E+003  0.34790446E+003  0.65682779E+003
 -0.82433821E+000 -0.64308934E+000 -0.27720204E+000 -0.66078821E-004  0.84368901E-001  0.17427051E+001  0.12060977E+002  0.59173113E+002  0.13400202E+003  0.34790446E+003  0.65682780E+003
 -0.82433793E+000 -0.64308873E+000 -0.27720182E+000 -0.66078669E-004  0.84369099E-001  0.17427143E+001  0.12061124E+002  0.59173113E+002  0.13400202E+003  0.34790447E+003  0.65682781E+003
 -0.82433767E+000 -0.64308815E+000 -0.27720161E+000 -0.66078527E-004  0.84369281E-001  0.17427228E+001  0.12061266E+002  0.59173113E+002  0.13400202E+003  0.34790447E+003  0.65682782E+003
 -0.82433743E+000 -0.64308762E+000 -0.27720142E+000 -0.66078395E-004  0.84369450E-001  0.17427307E+001  0.12061402E+002  0.59173114E+002  0.13400202E+003  0.34790448E+003  0.65682783E+003
 -0.82433720E+000 -0.64308713E+000 -0.27720125E+000 -0.66078274E-004  0.84369605E-001  0.17427381E+001  0.12061532E+002  0.59173114E+002  0.13400203E+003  0.34790448E+003  0.65682784E+003
 -0.82433700E+000 -0.64308668E+000 -0.27720108E+000 -0.66078161E-004  0.84369749E-001  0.17427449E+001  0.12061656E+002  0.59173114E+002  0.13400203E+003  0.34790449E+003  0.65682784E+003
 -0.82433681E+000 -0.64308626E+000 -0.27720093E+000 -0.66078057E-004  0.84369881E-001  0.17427513E+001  0.12061775E+002  0.59173114E+002  0.13400203E+003  0.34790449E+003  0.65682785E+003
 -0.82433663E+000 -0.64308588E+000 -0.27720079E+000 -0.66077960E-004  0.84370002E-001  0.17427571E+001  0.12061888E+002  0.59173114E+002  0.13400203E+003  0.34790450E+003  0.65682786E+003
 -0.82433647E+000 -0.64308552E+000 -0.27720066E+000 -0.66077871E-004  0.84370115E-001  0.17427626E+001  0.12061996E+002  0.59173114E+002  0.13400203E+003  0.34790450E+003  0.65682787E+003
 -0.82433632E+000 -0.64308520E+000 -0.27720054E+000 -0.66077789E-004  0.84370218E-001  0.17427676E+001  0.12062099E+002  0.59173114E+002  0.13400203E+003  0.34790451E+003  0.65682788E+003
 -0.82433619E+000 -0.64308490E+000 -0.27720043E+000 -0.66077713E-004  0.84370313E-001  0.17427722E+001  0.12062197E+002  0.59173115E+002  0.13400203E+003  0.34790451E+003  0.65682789E+003
 -0.82433606E+000 -0.64308462E+000 -0.27720033E+000 -0.66077643E-004  0.84370400E-001  0.17427765E+001  0.12062289E+002  0.59173115E+002  0.13400203E+003  0.34790452E+003  0.65682790E+003
 -0.82433595E+000 -0.64308436E+000 -0.27720024E+000 -0.66077579E-004  0.84370480E-001  0.17427805E+001  0.12062377E+002  0.59173115E+002  0.13400203E+003  0.34790452E+003  0.65682791E+003
 -0.82433584E+000 -0.64308413E+000 -0.27720015E+000 -0.66077520E-004  0.84370553E-001  0.17427841E+001  0.12062460E+002  0.59173115E+002  0.13400204E+003  0.34790453E+003  0.65682792E+003
 -0.82433575E+000 -0.64308391E+000 -0.27720007E+000 -0.66077465E-004  0.84370621E-001  0.17427875E+001  0.12062538E+002  0.59173115E+002  0.13400204E+003  0.34790453E+003  0.65682793E+003
 -0.82433566E+000 -0.64308371E+000 -0.27720000E+000 -0.66077415E-004  0.84370683E-001  0.17427906E+001  0.12062613E+002  0.59173115E+002  0.13400204E+003  0.34790454E+003  0.65682794E+003
 -0.82433558E+000 -0.64308353E+000 -0.27719993E+000 -0.66077368E-004  0.84370740E-001  0.17427934E+001  0.12062683E+002  0.59173115E+002  0.13400204E+003  0.34790454E+003  0.65682794E+003
 -0.82433550E+000 -0.64308337E+000 -0.27719987E+000 -0.66077326E-004  0.84370792E-001  0.17427960E+001  0.12062748E+002  0.59173116E+002  0.13400204E+003  0.34790454E+003  0.65682795E+003
 -0.82433543E+000 -0.64308321E+000 -0.27719981E+000 -0.66077287E-004  0.84370839E-001  0.17427985E+001  0.12062811E+002  0.59173116E+002  0.13400204E+003  0.34790455E+003  0.65682796E+003
 -0.82433537E+000 -0.64308307E+000 -0.27719976E+000 -0.66077251E-004  0.84370883E-001  0.17428007E+001  0.12062869E+002  0.59173116E+002  0.13400204E+003  0.34790455E+003  0.65682797E+003
 -0.82433531E+000 -0.64308294E+000 -0.27719971E+000 -0.66077218E-004  0.84370923E-001  0.17428027E+001  0.12062924E+002  0.59173116E+002  0.13400204E+003  0.34790456E+003  0.65682798E+003
 -0.82433526E+000 -0.64308283E+000 -0.27719967E+000 -0.66077188E-004  0.84370959E-001  0.17428046E+001  0.12062975E+002  0.59173116E+002  0.13400204E+003  0.34790456E+003  0.65682799E+003
 -0.82433521E+000 -0.64308272E+000 -0.27719963E+000 -0.66077160E-004  0.84370993E-001  0.17428063E+001  0.12063023E+002  0.59173116E+002  0.13400204E+003  0.34790457E+003  0.65682800E+003
 -0.82433517E+000 -0.64308262E+000 -0.27719959E+000 -0.66077135E-004  0.84371023E-001  0.17428078E+001  0.12063068E+002  0.59173116E+002  0.13400205E+003  0.34790457E+003  0.65682801E+003
 -0.82433513E+000 -0.64308253E+000 -0.27719956E+000 -0.66077112E-004  0.84371051E-001  0.17428093E+001  0.12063110E+002  0.59173116E+002  0.13400205E+003  0.34790458E+003  0.65682802E+003
 -0.82433509E+000 -0.64308245E+000 -0.27719953E+000 -0.66077091E-004  0.84371077E-001  0.17428106E+001  0.12063150E+002  0.59173116E+002  0.13400205E+003  0.34790458E+003  0.65682803E+003
 -0.82433506E+000 -0.64308237E+000 -0.27719950E+000 -0.66077071E-004  0.84371100E-001  0.17428118E+001  0.12063187E+002  0.59173117E+002  0.13400205E+003  0.34790458E+003  0.65682804E+003
 -0.82433503E+000 -0.64308230E+000 -0.27719947E+000 -0.66077054E-004  0.84371121E-001  0.17428129E+001  0.12063221E+002  0.59173117E+002  0.13400205E+003  0.34790459E+003  0.65682805E+003
 -0.82433500E+000 -0.64308224E+000 -0.27719945E+000 -0.66077037E-004  0.84371140E-001  0.17428139E+001  0.12063253E+002  0.59173117E+002  0.13400205E+003  0.34790459E+003  0.65682806E+003
 -0.82433498E+000 -0.64308219E+000 -0.27719943E+000 -0.66077023E-004  0.84371158E-001  0.17428148E+001  0.12063283E+002  0.59173117E+002  0.13400205E+003  0.34790460E+003  0.65682807E+003
 -0.82433495E+000 -0.64308213E+000 -0.27719941E+000 -0.66077009E-004  0.84371174E-001  0.17428156E+001  0.12063311E+002  0.59173117E+002  0.13400205E+003  0.34790460E+003  0.65682808E+003
 -0.82433493E+000 -0.64308209E+000 -0.27719939E+000 -0.66076997E-004  0.84371189E-001  0.17428164E+001  0.12063337E+002  0.59173117E+002  0.13400205E+003  0.34790460E+003  0.65682808E+003
 -0.82433491E+000 -0.64308204E+000 -0.27719937E+000 -0.66076985E-004  0.84371202E-001  0.17428171E+001  0.12063361E+002  0.59173117E+002  0.13400205E+003  0.34790461E+003  0.65682809E+003
 -0.82433490E+000 -0.64308200E+000 -0.27719936E+000 -0.66076975E-004  0.84371214E-001  0.17428177E+001  0.12063383E+002  0.59173117E+002  0.13400205E+003  0.34790461E+003  0.65682810E+003
 -0.82433488E+000 -0.64308197E+000 -0.27719934E+000 -0.66076966E-004  0.84371225E-001  0.17428183E+001  0.12063404E+002  0.59173117E+002  0.13400205E+003  0.34790461E+003  0.65682811E+003
 -0.82433487E+000 -0.64308193E+000 -0.27719933E+000 -0.66076957E-004  0.84371236E-001  0.17428188E+001  0.12063423E+002  0.59173117E+002  0.13400205E+003  0.34790462E+003  0.65682812E+003
 -0.82433485E+000 -0.64308190E+000 -0.27719932E+000 -0.66076949E-004  0.84371245E-001  0.17428193E+001  0.12063440E+002  0.59173117E+002  0.13400205E+003  0.34790462E+003  0.65682813E+003
 -0.82433484E+000 -0.64308188E+000 -0.27719931E+000 -0.66076942E-004  0.84371253E-001  0.17428198E+001  0.12063457E+002  0.59173117E+002  0.13400206E+003  0.34790462E+003  0.65682814E+003
 -0.82433483E+000 -0.64308185E+000 -0.27719930E+000 -0.66076936E-004  0.84371261E-001  0.17428202E+001  0.12063472E+002  0.59173117E+002  0.13400206E+003  0.34790463E+003  0.65682814E+003
 -0.82433482E+000 -0.64308183E+000 -0.27719929E+000 -0.66076930E-004  0.84371268E-001  0.17428205E+001  0.12063486E+002  0.59173117E+002  0.13400206E+003  0.34790463E+003  0.65682815E+003
 -0.82433481E+000 -0.64308181E+000 -0.27719928E+000 -0.66076925E-004  0.84371274E-001  0.17428208E+001  0.12063499E+002  0.59173117E+002  0.13400206E+003  0.34790463E+003  0.65682816E+003
 -0.82433480E+000 -0.64308179E+000 -0.27719928E+000 -0.66076920E-004  0.84371280E-001  0.17428212E+001  0.12063511E+002  0.59173117E+002  0.13400206E+003  0.34790464E+003  0.65682817E+003
 -0.82433480E+000 -0.64308177E+000 -0.27719927E+000 -0.66076915E-004  0.84371285E-001  0.17428214E+001  0.12063522E+002  0.59173118E+002  0.13400206E+003  0.34790464E+003  0.65682818E+003
 -0.82433479E+000 -0.64308176E+000 -0.27719926E+000 -0.66076911E-004  0.84371289E-001  0.17428217E+001  0.12063533E+002  0.59173118E+002  0.13400206E+003  0.34790464E+003  0.65682818E+003
 -0.82433478E+000 -0.64308174E+000 -0.27719926E+000 -0.66076908E-004  0.84371294E-001  0.17428219E+001  0.12063542E+002  0.59173118E+002  0.13400206E+003  0.34790464E+003  0.65682819E+003
 -0.82433478E+000 -0.64308173E+000 -0.27719925E+000 -0.66076904E-004  0.84371298E-001  0.17428221E+001  0.12063551E+002  0.59173118E+002  0.13400206E+003  0.34790465E+003  0.65682820E+003
 -0.82433477E+000 -0.64308172E+000 -0.27719925E+000 -0.66076901E-004  0.84371301E-001  0.17428223E+001  0.12063559E+002  0.59173118E+002  0.13400206E+003  0.34790465E+003  0.65682821E+003
 -0.82433477E+000 -0.64308171E+000 -0.27719925E+000 -0.66076898E-004  0.84371304E-001  0.17428225E+001  0.12063566E+002  0.59173118E+002  0.13400206E+003  0.34790465E+003  0.65682821E+003
 -0.82433477E+000 -0.64308170E+000 -0.27719924E+000 -0.66076896E-004  0.84371307E-001  0.17428226E+001  0.12063573E+002  0.59173118E+002  0.13400206E+003  0.34790465E+003  0.65682822E+003
 -0.82433476E+000 -0.64308169E+000 -0.27719924E+000 -0.66076894E-004  0.84371310E-001  0.17428228E+001  0.12063579E+002  0.59173118E+002  0.13400206E+003  0.34790466E+003  0.65682823E+003
 -0.82433476E+000 -0.64308168E+000 -0.27719924E+000 -0.66076892E-004  0.84371312E-001  0.17428229E+001  0.12063585E+002  0.59173118E+002  0.13400206E+003  0.34790466E+003  0.65682823E+003
 -0.82433476E+000 -0.64308168E+000 -0.27719923E+000 -0.66076890E-004  0.84371314E-001  0.17428230E+001  0.12063590E+002  0.59173118E+002  0.13400206E+003  0.34790466E+003  0.65682824E+003
 -0.82433475E+000 -0.64308167E+000 -0.27719923E+000 -0.66076888E-004  0.84371316E-001  0.17428231E+001  0.12063595E+002  0.59173118E+002  0.13400206E+003  0.34790466E+003  0.65682825E+003
 -0.82433475E+000 -0.64308167E+000 -0.27719923E+000 -0.66076886E-004  0.84371318E-001  0.17428232E+001  0.12063599E+002  0.59173118E+002  0.13400206E+003  0.34790466E+003  0.65682825E+003
 -0.82433475E+000 -0.64308166E+000 -0.27719923E+000 -0.66076885E-004  0.84371320E-001  0.17428233E+001  0.12063603E+002  0.59173118E+002  0.13400206E+003  0.34790467E+003  0.65682826E+003
