 -0.93136838E+000 -0.83200798E+000 -0.54954850E+000 -0.18462065E+000 -0.52196989E-002  0.96542082E-003  0.91442160E+000  0.45470511E+001  0.88191833E+001  0.15860427E+002  0.21714189E+002
 -0.93136989E+000 -0.83200966E+000 -0.54955224E+000 -0.18462909E+000 -0.52201388E-002  0.96505393E-003  0.91434292E+000  0.45470859E+001  0.88192195E+001  0.15860143E+002  0.21714307E+002
 -0.93137137E+000 -0.83201163E+000 -0.54955647E+000 -0.18463696E+000 -0.52202038E-002  0.96491913E-003  0.91430492E+000  0.45471208E+001  0.88192513E+001  0.15859932E+002  0.21714422E+002
 -0.93137280E+000 -0.83201376E+000 -0.54956078E+000 -0.18464410E+000 -0.52202232E-002  0.96486437E-003  0.91429012E+000  0.45471554E+001  0.88192769E+001  0.15859800E+002  0.21714532E+002
 -0.93137412E+000 -0.83201591E+000 -0.54956495E+000 -0.18465067E+000 -0.52202432E-002  0.96483981E-003  0.91428847E+000  0.45471894E+001  0.88192956E+001  0.15859734E+002  0.21714638E+002
 -0.93137532E+000 -0.83201796E+000 -0.54956888E+000 -0.18465677E+000 -0.52202679E-002  0.96482757E-003  0.91429421E+000  0.45472221E+001  0.88193081E+001  0.15859718E+002  0.21714742E+002
 -0.93137636E+000 -0.83201987E+000 -0.54957255E+000 -0.18466248E+000 -0.52202955E-002  0.96482091E-003  0.91430403E+000  0.45472533E+001  0.88193158E+001  0.15859736E+002  0.21714842E+002
 -0.93137725E+000 -0.83202158E+000 -0.54957597E+000 -0.18466783E+000 -0.52203240E-002  0.96481716E-003  0.91431605E+000  0.45472825E+001  0.88193209E+001  0.15859778E+002  0.21714940E+002
 -0.93137799E+000 -0.83202310E+000 -0.54957916E+000 -0.18467284E+000 -0.52203522E-002  0.96481521E-003  0.91432920E+000  0.45473095E+001  0.88193255E+001  0.15859834E+002  0.21715035E+002
 -0.93137860E+000 -0.83202443E+000 -0.54958214E+000 -0.18467753E+000 -0.52203796E-002  0.96481452E-003  0.91434289E+000  0.45473343E+001  0.88193314E+001  0.15859900E+002  0.21715127E+002
 -0.93137910E+000 -0.83202560E+000 -0.54958493E+000 -0.18468193E+000 -0.52204058E-002  0.96481481E-003  0.91435676E+000  0.45473570E+001  0.88193400E+001  0.15859971E+002  0.21715218E+002
 -0.93137951E+000 -0.83202661E+000 -0.54958755E+000 -0.18468604E+000 -0.52204307E-002  0.96481589E-003  0.91437062E+000  0.45473779E+001  0.88193522E+001  0.15860046E+002  0.21715306E+002
 -0.93137983E+000 -0.83202750E+000 -0.54959002E+000 -0.18468987E+000 -0.52204543E-002  0.96481763E-003  0.91438434E+000  0.45473972E+001  0.88193684E+001  0.15860122E+002  0.21715393E+002
 -0.93138010E+000 -0.83202827E+000 -0.54959236E+000 -0.18469344E+000 -0.52204767E-002  0.96481992E-003  0.91439786E+000  0.45474155E+001  0.88193886E+001  0.15860199E+002  0.21715478E+002
 -0.93138032E+000 -0.83202896E+000 -0.54959458E+000 -0.18469677E+000 -0.52204979E-002  0.96482269E-003  0.91441113E+000  0.45474332E+001  0.88194127E+001  0.15860276E+002  0.21715561E+002
 -0.93138050E+000 -0.83202957E+000 -0.54959668E+000 -0.18469987E+000 -0.52205181E-002  0.96482585E-003  0.91442411E+000  0.45474506E+001  0.88194401E+001  0.15860353E+002  0.21715642E+002
 -0.93138066E+000 -0.83203013E+000 -0.54959868E+000 -0.18470275E+000 -0.52205372E-002  0.96482937E-003  0.91443681E+000  0.45474682E+001  0.88194704E+001  0.15860429E+002  0.21715722E+002
 -0.93138079E+000 -0.83203063E+000 -0.54960059E+000 -0.18470543E+000 -0.52205555E-002  0.96483318E-003  0.91444921E+000  0.45474863E+001  0.88195031E+001  0.15860505E+002  0.21715801E+002
 -0.93138091E+000 -0.83203110E+000 -0.54960242E+000 -0.18470791E+000 -0.52205729E-002  0.96483725E-003  0.91446131E+000  0.45475051E+001  0.88195376E+001  0.15860580E+002  0.21715878E+002
 -0.93138102E+000 -0.83203153E+000 -0.54960417E+000 -0.18471021E+000 -0.52205896E-002  0.96484154E-003  0.91447311E+000  0.45475247E+001  0.88195736E+001  0.15860655E+002  0.21715954E+002
 -0.93138112E+000 -0.83203195E+000 -0.54960585E+000 -0.18471234E+000 -0.52206055E-002  0.96484602E-003  0.91448464E+000  0.45475452E+001  0.88196106E+001  0.15860729E+002  0.21716029E+002
 -0.93138121E+000 -0.83203235E+000 -0.54960748E+000 -0.18471430E+000 -0.52206207E-002  0.96485068E-003  0.91449590E+000  0.45475668E+001  0.88196483E+001  0.15860803E+002  0.21716102E+002
 -0.93138131E+000 -0.83203274E+000 -0.54960904E+000 -0.18471611E+000 -0.52206354E-002  0.96485548E-003  0.91450691E+000  0.45475892E+001  0.88196866E+001  0.15860877E+002  0.21716175E+002
 -0.93138140E+000 -0.83203313E+000 -0.54961055E+000 -0.18471778E+000 -0.52206494E-002  0.96486041E-003  0.91451768E+000  0.45476125E+001  0.88197252E+001  0.15860950E+002  0.21716246E+002
 -0.93138150E+000 -0.83203351E+000 -0.54961201E+000 -0.18471931E+000 -0.52206630E-002  0.96486546E-003  0.91452824E+000  0.45476366E+001  0.88197641E+001  0.15861023E+002  0.21716317E+002
 -0.93138161E+000 -0.83203390E+000 -0.54961343E+000 -0.18472070E+000 -0.52206760E-002  0.96487061E-003  0.91453861E+000  0.45476613E+001  0.88198030E+001  0.15861096E+002  0.21716387E+002
 -0.93138171E+000 -0.83203430E+000 -0.54961481E+000 -0.18472198E+000 -0.52206885E-002  0.96487584E-003  0.91454882E+000  0.45476865E+001  0.88198420E+001  0.15861168E+002  0.21716455E+002
 -0.93138182E+000 -0.83203470E+000 -0.54961615E+000 -0.18472314E+000 -0.52207007E-002  0.96488114E-003  0.91455888E+000  0.45477120E+001  0.88198810E+001  0.15861240E+002  0.21716523E+002
 -0.93138194E+000 -0.83203511E+000 -0.54961745E+000 -0.18472419E+000 -0.52207124E-002  0.96488651E-003  0.91456882E+000  0.45477379E+001  0.88199200E+001  0.15861312E+002  0.21716590E+002
 -0.93138207E+000 -0.83203553E+000 -0.54961872E+000 -0.18472513E+000 -0.52207238E-002  0.96489192E-003  0.91457865E+000  0.45477640E+001  0.88199590E+001  0.15861383E+002  0.21716655E+002
 -0.93138221E+000 -0.83203596E+000 -0.54961995E+000 -0.18472598E+000 -0.52207348E-002  0.96489738E-003  0.91458841E+000  0.45477901E+001  0.88199980E+001  0.15861454E+002  0.21716720E+002
 -0.93138235E+000 -0.83203640E+000 -0.54962115E+000 -0.18472673E+000 -0.52207455E-002  0.96490286E-003  0.91459810E+000  0.45478163E+001  0.88200370E+001  0.15861525E+002  0.21716784E+002
 -0.93138250E+000 -0.83203686E+000 -0.54962232E+000 -0.18472740E+000 -0.52207559E-002  0.96490835E-003  0.91460774E+000  0.45478425E+001  0.88200760E+001  0.15861595E+002  0.21716846E+002
 -0.93138267E+000 -0.83203734E+000 -0.54962346E+000 -0.18472798E+000 -0.52207661E-002  0.96491385E-003  0.91461733E+000  0.45478686E+001  0.88201150E+001  0.15861664E+002  0.21716907E+002
 -0.93138284E+000 -0.83203782E+000 -0.54962456E+000 -0.18472848E+000 -0.52207761E-002  0.96491935E-003  0.91462689E+000  0.45478946E+001  0.88201539E+001  0.15861732E+002  0.21716967E+002
 -0.93138302E+000 -0.83203832E+000 -0.54962563E+000 -0.18472890E+000 -0.52207858E-002  0.96492482E-003  0.91463641E+000  0.45479205E+001  0.88201927E+001  0.15861800E+002  0.21717026E+002
 -0.93138321E+000 -0.83203884E+000 -0.54962667E+000 -0.18472926E+000 -0.52207954E-002  0.96493027E-003  0.91464589E+000  0.45479463E+001  0.88202314E+001  0.15861866E+002  0.21717083E+002
 -0.93138341E+000 -0.83203936E+000 -0.54962768E+000 -0.18472955E+000 -0.52208048E-002  0.96493567E-003  0.91465533E+000  0.45479719E+001  0.88202700E+001  0.15861932E+002  0.21717139E+002
 -0.93138362E+000 -0.83203990E+000 -0.54962865E+000 -0.18472978E+000 -0.52208141E-002  0.96494103E-003  0.91466472E+000  0.45479973E+001  0.88203085E+001  0.15861996E+002  0.21717192E+002
 -0.93138384E+000 -0.83204044E+000 -0.54962959E+000 -0.18472996E+000 -0.52208233E-002  0.96494631E-003  0.91467405E+000  0.45480224E+001  0.88203466E+001  0.15862059E+002  0.21717244E+002
 -0.93138407E+000 -0.83204099E+000 -0.54963049E+000 -0.18473008E+000 -0.52208323E-002  0.96495153E-003  0.91468331E+000  0.45480474E+001  0.88203845E+001  0.15862120E+002  0.21717294E+002
 -0.93138431E+000 -0.83204155E+000 -0.54963135E+000 -0.18473015E+000 -0.52208413E-002  0.96495665E-003  0.91469248E+000  0.45480721E+001  0.88204219E+001  0.15862179E+002  0.21717342E+002
 -0.93138456E+000 -0.83204210E+000 -0.54963218E+000 -0.18473018E+000 -0.52208501E-002  0.96496169E-003  0.91470155E+000  0.45480965E+001  0.88204589E+001  0.15862237E+002  0.21717387E+002
 -0.93138481E+000 -0.83204266E+000 -0.54963296E+000 -0.18473016E+000 -0.52208589E-002  0.96496661E-003  0.91471052E+000  0.45481205E+001  0.88204953E+001  0.15862293E+002  0.21717430E+002
 -0.93138506E+000 -0.83204322E+000 -0.54963370E+000 -0.18473011E+000 -0.52208676E-002  0.96497142E-003  0.91471935E+000  0.45481442E+001  0.88205310E+001  0.15862346E+002  0.21717470E+002
 -0.93138532E+000 -0.83204377E+000 -0.54963441E+000 -0.18473002E+000 -0.52208762E-002  0.96497611E-003  0.91472805E+000  0.45481675E+001  0.88205659E+001  0.15862397E+002  0.21717508E+002
 -0.93138558E+000 -0.83204431E+000 -0.54963507E+000 -0.18472990E+000 -0.52208847E-002  0.96498067E-003  0.91473659E+000  0.45481903E+001  0.88206000E+001  0.15862446E+002  0.21717542E+002
 -0.93138584E+000 -0.83204484E+000 -0.54963568E+000 -0.18472975E+000 -0.52208931E-002  0.96498509E-003  0.91474497E+000  0.45482126E+001  0.88206330E+001  0.15862491E+002  0.21717573E+002
 -0.93138610E+000 -0.83204536E+000 -0.54963626E+000 -0.18472958E+000 -0.52209014E-002  0.96498937E-003  0.91475316E+000  0.45482344E+001  0.88206648E+001  0.15862534E+002  0.21717601E+002
 -0.93138636E+000 -0.83204586E+000 -0.54963678E+000 -0.18472938E+000 -0.52209096E-002  0.96499350E-003  0.91476116E+000  0.45482555E+001  0.88206954E+001  0.15862574E+002  0.21717625E+002
 -0.93138662E+000 -0.83204634E+000 -0.54963727E+000 -0.18472916E+000 -0.52209177E-002  0.96499748E-003  0.91476894E+000  0.45482758E+001  0.88207246E+001  0.15862611E+002  0.21717646E+002
 -0.93138687E+000 -0.83204680E+000 -0.54963771E+000 -0.18472893E+000 -0.52209256E-002  0.96500131E-003  0.91477650E+000  0.45482954E+001  0.88207522E+001  0.15862644E+002  0.21717663E+002
 -0.93138711E+000 -0.83204724E+000 -0.54963810E+000 -0.18472867E+000 -0.52209333E-002  0.96500498E-003  0.91478382E+000  0.45483141E+001  0.88207781E+001  0.15862674E+002  0.21717675E+002
 -0.93138734E+000 -0.83204765E+000 -0.54963845E+000 -0.18472840E+000 -0.52209409E-002  0.96500849E-003  0.91479089E+000  0.45483319E+001  0.88208022E+001  0.15862700E+002  0.21717684E+002
 -0.93138757E+000 -0.83204803E+000 -0.54963876E+000 -0.18472812E+000 -0.52209483E-002  0.96501183E-003  0.91479768E+000  0.45483487E+001  0.88208244E+001  0.15862722E+002  0.21717688E+002
 -0.93138778E+000 -0.83204839E+000 -0.54963903E+000 -0.18472783E+000 -0.52209555E-002  0.96501500E-003  0.91480417E+000  0.45483643E+001  0.88208444E+001  0.15862740E+002  0.21717688E+002
 -0.93138798E+000 -0.83204871E+000 -0.54963925E+000 -0.18472753E+000 -0.52209625E-002  0.96501801E-003  0.91481036E+000  0.45483787E+001  0.88208622E+001  0.15862754E+002  0.21717684E+002
 -0.93138817E+000 -0.83204901E+000 -0.54963943E+000 -0.18472722E+000 -0.52209694E-002  0.96502084E-003  0.91481622E+000  0.45483918E+001  0.88208777E+001  0.15862764E+002  0.21717675E+002
 -0.93138834E+000 -0.83204927E+000 -0.54963957E+000 -0.18472690E+000 -0.52209761E-002  0.96502348E-003  0.91482172E+000  0.45484034E+001  0.88208906E+001  0.15862769E+002  0.21717662E+002
 -0.93138850E+000 -0.83204951E+000 -0.54963967E+000 -0.18472658E+000 -0.52209826E-002  0.96502594E-003  0.91482686E+000  0.45484136E+001  0.88209011E+001  0.15862770E+002  0.21717644E+002
 -0.93138865E+000 -0.83204971E+000 -0.54963974E+000 -0.18472625E+000 -0.52209889E-002  0.96502822E-003  0.91483161E+000  0.45484222E+001  0.88209088E+001  0.15862767E+002  0.21717621E+002
 -0.93138878E+000 -0.83204989E+000 -0.54963976E+000 -0.18472592E+000 -0.52209951E-002  0.96503029E-003  0.91483594E+000  0.45484292E+001  0.88209138E+001  0.15862759E+002  0.21717593E+002
 -0.93138890E+000 -0.83205004E+000 -0.54963976E+000 -0.18472558E+000 -0.52210011E-002  0.96503217E-003  0.91483984E+000  0.45484343E+001  0.88209160E+001  0.15862747E+002  0.21717561E+002
 -0.93138900E+000 -0.83205016E+000 -0.54963972E+000 -0.18472525E+000 -0.52210070E-002  0.96503384E-003  0.91484328E+000  0.45484377E+001  0.88209153E+001  0.15862731E+002  0.21717525E+002
 -0.93138909E+000 -0.83205025E+000 -0.54963965E+000 -0.18472491E+000 -0.52210127E-002  0.96503530E-003  0.91484624E+000  0.45484391E+001  0.88209117E+001  0.15862710E+002  0.21717484E+002
 -0.93138917E+000 -0.83205032E+000 -0.54963954E+000 -0.18472457E+000 -0.52210183E-002  0.96503654E-003  0.91484871E+000  0.45484387E+001  0.88209053E+001  0.15862685E+002  0.21717439E+002
 -0.93138923E+000 -0.83205037E+000 -0.54963941E+000 -0.18472422E+000 -0.52210237E-002  0.96503756E-003  0.91485066E+000  0.45484362E+001  0.88208959E+001  0.15862655E+002  0.21717390E+002
 -0.93138928E+000 -0.83205039E+000 -0.54963926E+000 -0.18472388E+000 -0.52210289E-002  0.96503835E-003  0.91485208E+000  0.45484318E+001  0.88208838E+001  0.15862622E+002  0.21717337E+002
 -0.93138931E+000 -0.83205040E+000 -0.54963907E+000 -0.18472353E+000 -0.52210338E-002  0.96503892E-003  0.91485294E+000  0.45484254E+001  0.88208688E+001  0.15862586E+002  0.21717280E+002
 -0.93138934E+000 -0.83205038E+000 -0.54963886E+000 -0.18472318E+000 -0.52210385E-002  0.96503927E-003  0.91485325E+000  0.45484169E+001  0.88208512E+001  0.15862545E+002  0.21717221E+002
 -0.93138935E+000 -0.83205034E+000 -0.54963862E+000 -0.18472283E+000 -0.52210430E-002  0.96503939E-003  0.91485299E+000  0.45484065E+001  0.88208310E+001  0.15862502E+002  0.21717158E+002
 -0.93138935E+000 -0.83205029E+000 -0.54963836E+000 -0.18472247E+000 -0.52210471E-002  0.96503929E-003  0.91485216E+000  0.45483942E+001  0.88208084E+001  0.15862456E+002  0.21717093E+002
 -0.93138934E+000 -0.83205022E+000 -0.54963808E+000 -0.18472210E+000 -0.52210508E-002  0.96503898E-003  0.91485075E+000  0.45483801E+001  0.88207835E+001  0.15862407E+002  0.21717025E+002
 -0.93138933E+000 -0.83205013E+000 -0.54963777E+000 -0.18472173E+000 -0.52210541E-002  0.96503846E-003  0.91484877E+000  0.45483642E+001  0.88207566E+001  0.15862356E+002  0.21716956E+002
 -0.93138930E+000 -0.83205003E+000 -0.54963744E+000 -0.18472134E+000 -0.52210570E-002  0.96503775E-003  0.91484624E+000  0.45483467E+001  0.88207277E+001  0.15862304E+002  0.21716886E+002
 -0.93138926E+000 -0.83204991E+000 -0.54963708E+000 -0.18472095E+000 -0.52210593E-002  0.96503686E-003  0.91484316E+000  0.45483277E+001  0.88206972E+001  0.15862250E+002  0.21716814E+002
 -0.93138921E+000 -0.83204978E+000 -0.54963669E+000 -0.18472054E+000 -0.52210610E-002  0.96503581E-003  0.91483956E+000  0.45483073E+001  0.88206653E+001  0.15862195E+002  0.21716742E+002
 -0.93138916E+000 -0.83204963E+000 -0.54963628E+000 -0.18472012E+000 -0.52210621E-002  0.96503463E-003  0.91483546E+000  0.45482857E+001  0.88206321E+001  0.15862140E+002  0.21716670E+002
 -0.93138909E+000 -0.83204947E+000 -0.54963584E+000 -0.18471968E+000 -0.52210626E-002  0.96503333E-003  0.91483089E+000  0.45482630E+001  0.88205980E+001  0.15862084E+002  0.21716597E+002
 -0.93138901E+000 -0.83204929E+000 -0.54963537E+000 -0.18471921E+000 -0.52210622E-002  0.96503195E-003  0.91482589E+000  0.45482394E+001  0.88205631E+001  0.15862029E+002  0.21716526E+002
 -0.93138893E+000 -0.83204909E+000 -0.54963488E+000 -0.18471873E+000 -0.52210611E-002  0.96503051E-003  0.91482049E+000  0.45482151E+001  0.88205278E+001  0.15861974E+002  0.21716455E+002
 -0.93138883E+000 -0.83204888E+000 -0.54963435E+000 -0.18471822E+000 -0.52210592E-002  0.96502905E-003  0.91481474E+000  0.45481903E+001  0.88204922E+001  0.15861920E+002  0.21716386E+002
 -0.93138873E+000 -0.83204865E+000 -0.54963379E+000 -0.18471768E+000 -0.52210563E-002  0.96502761E-003  0.91480868E+000  0.45481650E+001  0.88204566E+001  0.15861867E+002  0.21716318E+002
 -0.93138861E+000 -0.83204840E+000 -0.54963319E+000 -0.18471711E+000 -0.52210526E-002  0.96502621E-003  0.91480235E+000  0.45481396E+001  0.88204212E+001  0.15861816E+002  0.21716251E+002
 -0.93138849E+000 -0.83204813E+000 -0.54963256E+000 -0.18471651E+000 -0.52210479E-002  0.96502489E-003  0.91479580E+000  0.45481140E+001  0.88203861E+001  0.15861766E+002  0.21716187E+002
 -0.93138835E+000 -0.83204784E+000 -0.54963189E+000 -0.18471587E+000 -0.52210423E-002  0.96502369E-003  0.91478908E+000  0.45480886E+001  0.88203516E+001  0.15861718E+002  0.21716125E+002
 -0.93138821E+000 -0.83204754E+000 -0.54963119E+000 -0.18471520E+000 -0.52210357E-002  0.96502264E-003  0.91478222E+000  0.45480633E+001  0.88203178E+001  0.15861672E+002  0.21716064E+002
 -0.93138805E+000 -0.83204721E+000 -0.54963045E+000 -0.18471449E+000 -0.52210281E-002  0.96502176E-003  0.91477527E+000  0.45480383E+001  0.88202848E+001  0.15861628E+002  0.21716007E+002
 -0.93138788E+000 -0.83204686E+000 -0.54962967E+000 -0.18471374E+000 -0.52210195E-002  0.96502109E-003  0.91476827E+000  0.45480138E+001  0.88202527E+001  0.15861586E+002  0.21715951E+002
 -0.93138771E+000 -0.83204650E+000 -0.54962885E+000 -0.18471295E+000 -0.52210100E-002  0.96502066E-003  0.91476124E+000  0.45479897E+001  0.88202216E+001  0.15861546E+002  0.21715898E+002
 -0.93138752E+000 -0.83204611E+000 -0.54962800E+000 -0.18471212E+000 -0.52209994E-002  0.96502047E-003  0.91475422E+000  0.45479662E+001  0.88201915E+001  0.15861509E+002  0.21715847E+002
 -0.93138732E+000 -0.83204571E+000 -0.54962711E+000 -0.18471125E+000 -0.52209880E-002  0.96502056E-003  0.91474723E+000  0.45479432E+001  0.88201626E+001  0.15861473E+002  0.21715799E+002
 -0.93138711E+000 -0.83204529E+000 -0.54962618E+000 -0.18471034E+000 -0.52209756E-002  0.96502092E-003  0.91474029E+000  0.45479209E+001  0.88201347E+001  0.15861439E+002  0.21715753E+002
 -0.93138689E+000 -0.83204484E+000 -0.54962522E+000 -0.18470939E+000 -0.52209623E-002  0.96502159E-003  0.91473343E+000  0.45478992E+001  0.88201080E+001  0.15861408E+002  0.21715709E+002
 -0.93138666E+000 -0.83204438E+000 -0.54962422E+000 -0.18470841E+000 -0.52209481E-002  0.96502255E-003  0.91472665E+000  0.45478782E+001  0.88200823E+001  0.15861378E+002  0.21715667E+002
 -0.93138643E+000 -0.83204391E+000 -0.54962319E+000 -0.18470738E+000 -0.52209331E-002  0.96502382E-003  0.91471996E+000  0.45478579E+001  0.88200577E+001  0.15861349E+002  0.21715627E+002
 -0.93138618E+000 -0.83204341E+000 -0.54962213E+000 -0.18470631E+000 -0.52209173E-002  0.96502539E-003  0.91471337E+000  0.45478382E+001  0.88200341E+001  0.15861322E+002  0.21715588E+002
 -0.93138593E+000 -0.83204290E+000 -0.54962103E+000 -0.18470521E+000 -0.52209008E-002  0.96502727E-003  0.91470689E+000  0.45478191E+001  0.88200115E+001  0.15861297E+002  0.21715552E+002
 -0.93138566E+000 -0.83204237E+000 -0.54961991E+000 -0.18470407E+000 -0.52208835E-002  0.96502943E-003  0.91470050E+000  0.45478006E+001  0.88199897E+001  0.15861273E+002  0.21715517E+002
 -0.93138540E+000 -0.83204183E+000 -0.54961876E+000 -0.18470290E+000 -0.52208656E-002  0.96503189E-003  0.91469421E+000  0.45477826E+001  0.88199688E+001  0.15861250E+002  0.21715484E+002
 -0.93138512E+000 -0.83204128E+000 -0.54961758E+000 -0.18470170E+000 -0.52208470E-002  0.96503462E-003  0.91468802E+000  0.45477652E+001  0.88199487E+001  0.15861228E+002  0.21715452E+002
 -0.93138483E+000 -0.83204071E+000 -0.54961638E+000 -0.18470047E+000 -0.52208279E-002  0.96503762E-003  0.91468192E+000  0.45477483E+001  0.88199293E+001  0.15861208E+002  0.21715421E+002
 -0.93138454E+000 -0.83204013E+000 -0.54961516E+000 -0.18469921E+000 -0.52208083E-002  0.96504087E-003  0.91467590E+000  0.45477318E+001  0.88199105E+001  0.15861187E+002  0.21715391E+002
 -0.93138425E+000 -0.83203953E+000 -0.54961392E+000 -0.18469792E+000 -0.52207881E-002  0.96504437E-003  0.91466995E+000  0.45477158E+001  0.88198923E+001  0.15861168E+002  0.21715363E+002
 -0.93138395E+000 -0.83203893E+000 -0.54961266E+000 -0.18469661E+000 -0.52207676E-002  0.96504808E-003  0.91466408E+000  0.45477001E+001  0.88198746E+001  0.15861149E+002  0.21715335E+002
 -0.93138364E+000 -0.83203832E+000 -0.54961138E+000 -0.18469527E+000 -0.52207467E-002  0.96505200E-003  0.91465827E+000  0.45476848E+001  0.88198574E+001  0.15861131E+002  0.21715308E+002
 -0.93138333E+000 -0.83203770E+000 -0.54961009E+000 -0.18469391E+000 -0.52207254E-002  0.96505612E-003  0.91465251E+000  0.45476698E+001  0.88198406E+001  0.15861113E+002  0.21715282E+002
 -0.93138301E+000 -0.83203707E+000 -0.54960878E+000 -0.18469253E+000 -0.52207039E-002  0.96506042E-003  0.91464681E+000  0.45476551E+001  0.88198242E+001  0.15861096E+002  0.21715256E+002
 -0.93138269E+000 -0.83203643E+000 -0.54960747E+000 -0.18469114E+000 -0.52206821E-002  0.96506487E-003  0.91464114E+000  0.45476406E+001  0.88198081E+001  0.15861078E+002  0.21715232E+002
 -0.93138237E+000 -0.83203579E+000 -0.54960614E+000 -0.18468972E+000 -0.52206601E-002  0.96506948E-003  0.91463552E+000  0.45476264E+001  0.88197923E+001  0.15861061E+002  0.21715207E+002
 -0.93138204E+000 -0.83203514E+000 -0.54960480E+000 -0.18468830E+000 -0.52206379E-002  0.96507421E-003  0.91462993E+000  0.45476124E+001  0.88197767E+001  0.15861045E+002  0.21715183E+002
 -0.93138171E+000 -0.83203448E+000 -0.54960346E+000 -0.18468685E+000 -0.52206157E-002  0.96507906E-003  0.91462437E+000  0.45475985E+001  0.88197614E+001  0.15861028E+002  0.21715160E+002
 -0.93138138E+000 -0.83203382E+000 -0.54960211E+000 -0.18468540E+000 -0.52205934E-002  0.96508402E-003  0.91461883E+000  0.45475849E+001  0.88197462E+001  0.15861011E+002  0.21715137E+002
 -0.93138104E+000 -0.83203316E+000 -0.54960076E+000 -0.18468394E+000 -0.52205710E-002  0.96508907E-003  0.91461332E+000  0.45475713E+001  0.88197313E+001  0.15860995E+002  0.21715114E+002
 -0.93138071E+000 -0.83203250E+000 -0.54959941E+000 -0.18468246E+000 -0.52205486E-002  0.96509419E-003  0.91460783E+000  0.45475579E+001  0.88197164E+001  0.15860978E+002  0.21715092E+002
 -0.93138037E+000 -0.83203183E+000 -0.54959806E+000 -0.18468098E+000 -0.52205263E-002  0.96509939E-003  0.91460236E+000  0.45475447E+001  0.88197017E+001  0.15860962E+002  0.21715070E+002
 -0.93138003E+000 -0.83203117E+000 -0.54959670E+000 -0.18467950E+000 -0.52205040E-002  0.96510464E-003  0.91459692E+000  0.45475316E+001  0.88196872E+001  0.15860945E+002  0.21715048E+002
 -0.93137969E+000 -0.83203050E+000 -0.54959535E+000 -0.18467801E+000 -0.52204819E-002  0.96510993E-003  0.91459150E+000  0.45475185E+001  0.88196727E+001  0.15860929E+002  0.21715027E+002
 -0.93137935E+000 -0.83202983E+000 -0.54959401E+000 -0.18467652E+000 -0.52204599E-002  0.96511527E-003  0.91458610E+000  0.45475056E+001  0.88196584E+001  0.15860912E+002  0.21715006E+002
 -0.93137901E+000 -0.83202917E+000 -0.54959267E+000 -0.18467503E+000 -0.52204380E-002  0.96512063E-003  0.91458073E+000  0.45474928E+001  0.88196442E+001  0.15860896E+002  0.21714985E+002
 -0.93137867E+000 -0.83202851E+000 -0.54959133E+000 -0.18467354E+000 -0.52204163E-002  0.96512602E-003  0.91457538E+000  0.45474801E+001  0.88196300E+001  0.15860879E+002  0.21714964E+002
 -0.93137834E+000 -0.83202785E+000 -0.54959001E+000 -0.18467205E+000 -0.52203948E-002  0.96513142E-003  0.91457007E+000  0.45474675E+001  0.88196160E+001  0.15860863E+002  0.21714944E+002
 -0.93137800E+000 -0.83202720E+000 -0.54958869E+000 -0.18467057E+000 -0.52203735E-002  0.96513684E-003  0.91456479E+000  0.45474551E+001  0.88196021E+001  0.15860847E+002  0.21714924E+002
 -0.93137767E+000 -0.83202655E+000 -0.54958739E+000 -0.18466909E+000 -0.52203525E-002  0.96514226E-003  0.91455954E+000  0.45474427E+001  0.88195883E+001  0.15860830E+002  0.21714904E+002
 -0.93137734E+000 -0.83202591E+000 -0.54958610E+000 -0.18466762E+000 -0.52203317E-002  0.96514768E-003  0.91455433E+000  0.45474304E+001  0.88195746E+001  0.15860814E+002  0.21714884E+002
 -0.93137702E+000 -0.83202528E+000 -0.54958482E+000 -0.18466616E+000 -0.52203112E-002  0.96515309E-003  0.91454917E+000  0.45474183E+001  0.88195610E+001  0.15860797E+002  0.21714865E+002
 -0.93137669E+000 -0.83202465E+000 -0.54958356E+000 -0.18466471E+000 -0.52202910E-002  0.96515850E-003  0.91454405E+000  0.45474063E+001  0.88195475E+001  0.15860781E+002  0.21714845E+002
 -0.93137638E+000 -0.83202403E+000 -0.54958231E+000 -0.18466328E+000 -0.52202712E-002  0.96516390E-003  0.91453899E+000  0.45473944E+001  0.88195341E+001  0.15860765E+002  0.21714826E+002
 -0.93137606E+000 -0.83202342E+000 -0.54958108E+000 -0.18466185E+000 -0.52202516E-002  0.96516929E-003  0.91453398E+000  0.45473826E+001  0.88195209E+001  0.15860749E+002  0.21714807E+002
 -0.93137575E+000 -0.83202282E+000 -0.54957987E+000 -0.18466045E+000 -0.52202324E-002  0.96517467E-003  0.91452903E+000  0.45473710E+001  0.88195079E+001  0.15860733E+002  0.21714789E+002
 -0.93137545E+000 -0.83202223E+000 -0.54957868E+000 -0.18465906E+000 -0.52202135E-002  0.96518003E-003  0.91452415E+000  0.45473595E+001  0.88194949E+001  0.15860717E+002  0.21714771E+002
 -0.93137515E+000 -0.83202165E+000 -0.54957751E+000 -0.18465769E+000 -0.52201950E-002  0.96518537E-003  0.91451933E+000  0.45473482E+001  0.88194821E+001  0.15860701E+002  0.21714752E+002
 -0.93137486E+000 -0.83202108E+000 -0.54957636E+000 -0.18465634E+000 -0.52201769E-002  0.96519070E-003  0.91451458E+000  0.45473370E+001  0.88194695E+001  0.15860686E+002  0.21714735E+002
 -0.93137458E+000 -0.83202052E+000 -0.54957524E+000 -0.18465501E+000 -0.52201591E-002  0.96519600E-003  0.91450991E+000  0.45473260E+001  0.88194571E+001  0.15860670E+002  0.21714717E+002
 -0.93137430E+000 -0.83201998E+000 -0.54957414E+000 -0.18465370E+000 -0.52201417E-002  0.96520129E-003  0.91450533E+000  0.45473152E+001  0.88194449E+001  0.15860655E+002  0.21714700E+002
 -0.93137403E+000 -0.83201945E+000 -0.54957306E+000 -0.18465241E+000 -0.52201247E-002  0.96520655E-003  0.91450082E+000  0.45473045E+001  0.88194328E+001  0.15860640E+002  0.21714683E+002
 -0.93137376E+000 -0.83201893E+000 -0.54957201E+000 -0.18465116E+000 -0.52201081E-002  0.96521178E-003  0.91449640E+000  0.45472941E+001  0.88194209E+001  0.15860625E+002  0.21714666E+002
 -0.93137350E+000 -0.83201843E+000 -0.54957099E+000 -0.18464992E+000 -0.52200918E-002  0.96521700E-003  0.91449208E+000  0.45472838E+001  0.88194093E+001  0.15860610E+002  0.21714649E+002
 -0.93137325E+000 -0.83201794E+000 -0.54956999E+000 -0.18464872E+000 -0.52200760E-002  0.96522218E-003  0.91448784E+000  0.45472737E+001  0.88193979E+001  0.15860596E+002  0.21714633E+002
 -0.93137301E+000 -0.83201747E+000 -0.54956902E+000 -0.18464754E+000 -0.52200605E-002  0.96522734E-003  0.91448371E+000  0.45472639E+001  0.88193866E+001  0.15860582E+002  0.21714617E+002
 -0.93137278E+000 -0.83201700E+000 -0.54956807E+000 -0.18464639E+000 -0.52200455E-002  0.96523247E-003  0.91447967E+000  0.45472542E+001  0.88193757E+001  0.15860568E+002  0.21714601E+002
 -0.93137255E+000 -0.83201656E+000 -0.54956716E+000 -0.18464526E+000 -0.52200309E-002  0.96523757E-003  0.91447574E+000  0.45472448E+001  0.88193649E+001  0.15860555E+002  0.21714586E+002
 -0.93137233E+000 -0.83201613E+000 -0.54956627E+000 -0.18464417E+000 -0.52200166E-002  0.96524264E-003  0.91447191E+000  0.45472356E+001  0.88193545E+001  0.15860541E+002  0.21714571E+002
 -0.93137212E+000 -0.83201571E+000 -0.54956541E+000 -0.18464311E+000 -0.52200028E-002  0.96524767E-003  0.91446819E+000  0.45472266E+001  0.88193442E+001  0.15860528E+002  0.21714556E+002
 -0.93137192E+000 -0.83201531E+000 -0.54956457E+000 -0.18464208E+000 -0.52199894E-002  0.96525266E-003  0.91446458E+000  0.45472178E+001  0.88193343E+001  0.15860516E+002  0.21714542E+002
 -0.93137172E+000 -0.83201492E+000 -0.54956377E+000 -0.18464108E+000 -0.52199764E-002  0.96525761E-003  0.91446107E+000  0.45472093E+001  0.88193246E+001  0.15860503E+002  0.21714528E+002
 -0.93137154E+000 -0.83201455E+000 -0.54956299E+000 -0.18464011E+000 -0.52199638E-002  0.96526252E-003  0.91445768E+000  0.45472010E+001  0.88193152E+001  0.15860492E+002  0.21714514E+002
 -0.93137136E+000 -0.83201419E+000 -0.54956225E+000 -0.18463917E+000 -0.52199515E-002  0.96526739E-003  0.91445440E+000  0.45471929E+001  0.88193060E+001  0.15860480E+002  0.21714501E+002
 -0.93137118E+000 -0.83201385E+000 -0.54956153E+000 -0.18463826E+000 -0.52199397E-002  0.96527220E-003  0.91445123E+000  0.45471851E+001  0.88192972E+001  0.15860469E+002  0.21714488E+002
 -0.93137102E+000 -0.83201352E+000 -0.54956084E+000 -0.18463739E+000 -0.52199283E-002  0.96527697E-003  0.91444818E+000  0.45471775E+001  0.88192886E+001  0.15860458E+002  0.21714475E+002
 -0.93137086E+000 -0.83201320E+000 -0.54956017E+000 -0.18463654E+000 -0.52199173E-002  0.96528168E-003  0.91444524E+000  0.45471702E+001  0.88192803E+001  0.15860447E+002  0.21714463E+002
 -0.93137071E+000 -0.83201290E+000 -0.54955953E+000 -0.18463573E+000 -0.52199066E-002  0.96528633E-003  0.91444241E+000  0.45471631E+001  0.88192723E+001  0.15860437E+002  0.21714451E+002
 -0.93137057E+000 -0.83201261E+000 -0.54955892E+000 -0.18463494E+000 -0.52198963E-002  0.96529092E-003  0.91443970E+000  0.45471563E+001  0.88192645E+001  0.15860428E+002  0.21714439E+002
 -0.93137044E+000 -0.83201234E+000 -0.54955834E+000 -0.18463419E+000 -0.52198865E-002  0.96529545E-003  0.91443710E+000  0.45471497E+001  0.88192571E+001  0.15860418E+002  0.21714428E+002
 -0.93137031E+000 -0.83201208E+000 -0.54955778E+000 -0.18463347E+000 -0.52198769E-002  0.96529991E-003  0.91443461E+000  0.45471433E+001  0.88192500E+001  0.15860409E+002  0.21714417E+002
 -0.93137018E+000 -0.83201183E+000 -0.54955724E+000 -0.18463277E+000 -0.52198678E-002  0.96530430E-003  0.91443224E+000  0.45471372E+001  0.88192431E+001  0.15860401E+002  0.21714406E+002
 -0.93137007E+000 -0.83201159E+000 -0.54955673E+000 -0.18463211E+000 -0.52198590E-002  0.96530862E-003  0.91442997E+000  0.45471313E+001  0.88192366E+001  0.15860393E+002  0.21714396E+002
 -0.93136996E+000 -0.83201137E+000 -0.54955625E+000 -0.18463147E+000 -0.52198506E-002  0.96531286E-003  0.91442781E+000  0.45471256E+001  0.88192303E+001  0.15860385E+002  0.21714386E+002
 -0.93136986E+000 -0.83201115E+000 -0.54955579E+000 -0.18463086E+000 -0.52198425E-002  0.96531702E-003  0.91442576E+000  0.45471202E+001  0.88192243E+001  0.15860378E+002  0.21714376E+002
 -0.93136976E+000 -0.83201095E+000 -0.54955535E+000 -0.18463028E+000 -0.52198347E-002  0.96532110E-003  0.91442381E+000  0.45471150E+001  0.88192185E+001  0.15860371E+002  0.21714367E+002
 -0.93136967E+000 -0.83201076E+000 -0.54955493E+000 -0.18462973E+000 -0.52198273E-002  0.96532509E-003  0.91442197E+000  0.45471101E+001  0.88192131E+001  0.15860364E+002  0.21714358E+002
 -0.93136958E+000 -0.83201058E+000 -0.54955453E+000 -0.18462920E+000 -0.52198202E-002  0.96532900E-003  0.91442023E+000  0.45471053E+001  0.88192079E+001  0.15860358E+002  0.21714350E+002
 -0.93136950E+000 -0.83201041E+000 -0.54955415E+000 -0.18462870E+000 -0.52198134E-002  0.96533282E-003  0.91441859E+000  0.45471008E+001  0.88192030E+001  0.15860352E+002  0.21714341E+002
 -0.93136942E+000 -0.83201025E+000 -0.54955380E+000 -0.18462822E+000 -0.52198069E-002  0.96533654E-003  0.91441704E+000  0.45470965E+001  0.88191984E+001  0.15860347E+002  0.21714333E+002
 -0.93136935E+000 -0.83201010E+000 -0.54955346E+000 -0.18462776E+000 -0.52198007E-002  0.96534017E-003  0.91441560E+000  0.45470924E+001  0.88191940E+001  0.15860342E+002  0.21714326E+002
 -0.93136928E+000 -0.83200995E+000 -0.54955314E+000 -0.18462733E+000 -0.52197948E-002  0.96534371E-003  0.91441424E+000  0.45470885E+001  0.88191898E+001  0.15860337E+002  0.21714319E+002
 -0.93136922E+000 -0.83200982E+000 -0.54955284E+000 -0.18462692E+000 -0.52197892E-002  0.96534715E-003  0.91441297E+000  0.45470848E+001  0.88191859E+001  0.15860333E+002  0.21714312E+002
 -0.93136916E+000 -0.83200969E+000 -0.54955256E+000 -0.18462653E+000 -0.52197839E-002  0.96535050E-003  0.91441180E+000  0.45470813E+001  0.88191823E+001  0.15860329E+002  0.21714305E+002
 -0.93136910E+000 -0.83200957E+000 -0.54955229E+000 -0.18462616E+000 -0.52197788E-002  0.96535374E-003  0.91441070E+000  0.45470780E+001  0.88191788E+001  0.15860325E+002  0.21714299E+002
 -0.93136905E+000 -0.83200946E+000 -0.54955203E+000 -0.18462581E+000 -0.52197740E-002  0.96535689E-003  0.91440969E+000  0.45470749E+001  0.88191756E+001  0.15860322E+002  0.21714292E+002
 -0.93136900E+000 -0.83200936E+000 -0.54955180E+000 -0.18462548E+000 -0.52197694E-002  0.96535993E-003  0.91440876E+000  0.45470719E+001  0.88191727E+001  0.15860319E+002  0.21714287E+002
 -0.93136895E+000 -0.83200926E+000 -0.54955157E+000 -0.18462517E+000 -0.52197651E-002  0.96536288E-003  0.91440791E+000  0.45470692E+001  0.88191699E+001  0.15860316E+002  0.21714281E+002
 -0.93136891E+000 -0.83200917E+000 -0.54955136E+000 -0.18462488E+000 -0.52197610E-002  0.96536573E-003  0.91440713E+000  0.45470666E+001  0.88191673E+001  0.15860314E+002  0.21714276E+002
 -0.93136887E+000 -0.83200908E+000 -0.54955116E+000 -0.18462460E+000 -0.52197571E-002  0.96536848E-003  0.91440642E+000  0.45470641E+001  0.88191649E+001  0.15860312E+002  0.21714271E+002
 -0.93136883E+000 -0.83200900E+000 -0.54955098E+000 -0.18462434E+000 -0.52197534E-002  0.96537113E-003  0.91440579E+000  0.45470618E+001  0.88191628E+001  0.15860310E+002  0.21714266E+002
 -0.93136880E+000 -0.83200893E+000 -0.54955081E+000 -0.18462409E+000 -0.52197500E-002  0.96537368E-003  0.91440521E+000  0.45470597E+001  0.88191608E+001  0.15860308E+002  0.21714261E+002
 -0.93136877E+000 -0.83200886E+000 -0.54955064E+000 -0.18462386E+000 -0.52197467E-002  0.96537614E-003  0.91440470E+000  0.45470577E+001  0.88191589E+001  0.15860307E+002  0.21714257E+002
 -0.93136874E+000 -0.83200879E+000 -0.54955049E+000 -0.18462364E+000 -0.52197436E-002  0.96537850E-003  0.91440425E+000  0.45470558E+001  0.88191573E+001  0.15860306E+002  0.21714253E+002
 -0.93136871E+000 -0.83200873E+000 -0.54955035E+000 -0.18462344E+000 -0.52197406E-002  0.96538076E-003  0.91440386E+000  0.45470541E+001  0.88191558E+001  0.15860305E+002  0.21714249E+002
 -0.93136868E+000 -0.83200868E+000 -0.54955021E+000 -0.18462325E+000 -0.52197379E-002  0.96538293E-003  0.91440353E+000  0.45470525E+001  0.88191544E+001  0.15860305E+002  0.21714245E+002
 -0.93136866E+000 -0.83200862E+000 -0.54955009E+000 -0.18462307E+000 -0.52197353E-002  0.96538502E-003  0.91440325E+000  0.45470510E+001  0.88191532E+001  0.15860304E+002  0.21714242E+002
 -0.93136864E+000 -0.83200858E+000 -0.54954997E+000 -0.18462290E+000 -0.52197329E-002  0.96538701E-003  0.91440301E+000  0.45470496E+001  0.88191522E+001  0.15860304E+002  0.21714239E+002
 -0.93136862E+000 -0.83200853E+000 -0.54954986E+000 -0.18462274E+000 -0.52197306E-002  0.96538891E-003  0.91440283E+000  0.45470483E+001  0.88191512E+001  0.15860304E+002  0.21714236E+002
 -0.93136860E+000 -0.83200849E+000 -0.54954976E+000 -0.18462259E+000 -0.52197284E-002  0.96539073E-003  0.91440269E+000  0.45470472E+001  0.88191504E+001  0.15860304E+002  0.21714233E+002
 -0.93136858E+000 -0.83200845E+000 -0.54954967E+000 -0.18462245E+000 -0.52197264E-002  0.96539247E-003  0.91440259E+000  0.45470461E+001  0.88191498E+001  0.15860305E+002  0.21714230E+002
 -0.93136857E+000 -0.83200841E+000 -0.54954958E+000 -0.18462232E+000 -0.52197245E-002  0.96539412E-003  0.91440253E+000  0.45470452E+001  0.88191492E+001  0.15860306E+002  0.21714227E+002
 -0.93136855E+000 -0.83200838E+000 -0.54954950E+000 -0.18462220E+000 -0.52197227E-002  0.96539570E-003  0.91440252E+000  0.45470443E+001  0.88191487E+001  0.15860306E+002  0.21714225E+002
 -0.93136854E+000 -0.83200835E+000 -0.54954942E+000 -0.18462209E+000 -0.52197210E-002  0.96539720E-003  0.91440253E+000  0.45470435E+001  0.88191484E+001  0.15860307E+002  0.21714222E+002
 -0.93136852E+000 -0.83200832E+000 -0.54954935E+000 -0.18462198E+000 -0.52197195E-002  0.96539862E-003  0.91440258E+000  0.45470428E+001  0.88191481E+001  0.15860308E+002  0.21714220E+002
 -0.93136851E+000 -0.83200829E+000 -0.54954929E+000 -0.18462189E+000 -0.52197180E-002  0.96539997E-003  0.91440266E+000  0.45470421E+001  0.88191479E+001  0.15860309E+002  0.21714218E+002
 -0.93136850E+000 -0.83200827E+000 -0.54954923E+000 -0.18462179E+000 -0.52197167E-002  0.96540126E-003  0.91440277E+000  0.45470416E+001  0.88191478E+001  0.15860311E+002  0.21714216E+002
 -0.93136849E+000 -0.83200824E+000 -0.54954917E+000 -0.18462171E+000 -0.52197154E-002  0.96540247E-003  0.91440291E+000  0.45470411E+001  0.88191478E+001  0.15860312E+002  0.21714214E+002
 -0.93136848E+000 -0.83200822E+000 -0.54954912E+000 -0.18462163E+000 -0.52197142E-002  0.96540363E-003  0.91440307E+000  0.45470407E+001  0.88191479E+001  0.15860314E+002  0.21714213E+002
 -0.93136847E+000 -0.83200820E+000 -0.54954907E+000 -0.18462156E+000 -0.52197131E-002  0.96540472E-003  0.91440326E+000  0.45470403E+001  0.88191480E+001  0.15860315E+002  0.21714211E+002
 -0.93136847E+000 -0.83200819E+000 -0.54954903E+000 -0.18462149E+000 -0.52197120E-002  0.96540575E-003  0.91440347E+000  0.45470400E+001  0.88191482E+001  0.15860317E+002  0.21714210E+002
 -0.93136846E+000 -0.83200817E+000 -0.54954898E+000 -0.18462142E+000 -0.52197111E-002  0.96540672E-003  0.91440370E+000  0.45470397E+001  0.88191484E+001  0.15860319E+002  0.21714208E+002
 -0.93136845E+000 -0.83200815E+000 -0.54954895E+000 -0.18462136E+000 -0.52197102E-002  0.96540764E-003  0.91440394E+000  0.45470395E+001  0.88191487E+001  0.15860320E+002  0.21714207E+002
 -0.93136845E+000 -0.83200814E+000 -0.54954891E+000 -0.18462131E+000 -0.52197093E-002  0.96540851E-003  0.91440420E+000  0.45470393E+001  0.88191491E+001  0.15860322E+002  0.21714206E+002
 -0.93136844E+000 -0.83200813E+000 -0.54954888E+000 -0.18462126E+000 -0.52197085E-002  0.96540932E-003  0.91440448E+000  0.45470392E+001  0.88191495E+001  0.15860324E+002  0.21714204E+002
 -0.93136844E+000 -0.83200812E+000 -0.54954885E+000 -0.18462121E+000 -0.52197078E-002  0.96541009E-003  0.91440477E+000  0.45470391E+001  0.88191499E+001  0.15860326E+002  0.21714203E+002
