  0.30779050E+000  0.34264296E+000  0.45254853E+000  0.59491735E+000  0.79050914E+000  0.88450781E+000  0.11852711E+001  0.18568505E+001  0.26127452E+001  0.43714341E+001  0.81146233E+001
  0.30779050E+000  0.34264290E+000  0.45254853E+000  0.59491735E+000  0.79050912E+000  0.88450781E+000  0.11852711E+001  0.18568506E+001  0.26127451E+001  0.43714327E+001  0.81162674E+001
  0.30779050E+000  0.34264288E+000  0.45254853E+000  0.59491735E+000  0.79050911E+000  0.88450781E+000  0.11852711E+001  0.18568507E+001  0.26127450E+001  0.43714319E+001  0.81162633E+001
  0.30779050E+000  0.34264286E+000  0.45254853E+000  0.59491735E+000  0.79050910E+000  0.88450781E+000  0.11852712E+001  0.18568508E+001  0.26127450E+001  0.43714314E+001  0.81162608E+001
  0.30779050E+000  0.34264283E+000  0.45254853E+000  0.59491735E+000  0.79050910E+000  0.88450782E+000  0.11852712E+001  0.18568509E+001  0.26127450E+001  0.43714312E+001  0.81162592E+001
  0.30779050E+000  0.34264281E+000  0.45254853E+000  0.59491735E+000  0.79050911E+000  0.88450782E+000  0.11852712E+001  0.18568510E+001  0.26127450E+001  0.43714310E+001  0.81162581E+001
  0.30779050E+000  0.34264279E+000  0.45254853E+000  0.59491735E+000  0.79050912E+000  0.88450782E+000  0.11852712E+001  0.18568511E+001  0.26127450E+001  0.43714310E+001  0.81162575E+001
  0.30779050E+000  0.34264276E+000  0.45254853E+000  0.59491735E+000  0.79050913E+000  0.88450782E+000  0.11852712E+001  0.18568512E+001  0.26127451E+001  0.43714309E+001  0.81162572E+001
  0.30779050E+000  0.34264274E+000  0.45254853E+000  0.59491735E+000  0.79050914E+000  0.88450783E+000  0.11852712E+001  0.18568513E+001  0.26127451E+001  0.43714309E+001  0.81162569E+001
  0.30779050E+000  0.34264272E+000  0.45254853E+000  0.59491735E+000  0.79050916E+000  0.88450783E+000  0.11852712E+001  0.18568514E+001  0.26127451E+001  0.43714309E+001  0.81162568E+001
  0.30779050E+000  0.34264270E+000  0.45254852E+000  0.59491735E+000  0.79050918E+000  0.88450783E+000  0.11852712E+001  0.18568515E+001  0.26127451E+001  0.43714309E+001  0.81162568E+001
  0.30779050E+000  0.34264268E+000  0.45254852E+000  0.59491735E+000  0.79050920E+000  0.88450783E+000  0.11852712E+001  0.18568516E+001  0.26127452E+001  0.43714309E+001  0.81162568E+001
  0.30779050E+000  0.34264266E+000  0.45254852E+000  0.59491735E+000  0.79050922E+000  0.88450784E+000  0.11852712E+001  0.18568517E+001  0.26127452E+001  0.43714309E+001  0.81162568E+001
  0.30779050E+000  0.34264264E+000  0.45254852E+000  0.59491735E+000  0.79050925E+000  0.88450784E+000  0.11852712E+001  0.18568518E+001  0.26127452E+001  0.43714309E+001  0.81162568E+001
  0.30779050E+000  0.34264263E+000  0.45254852E+000  0.59491735E+000  0.79050927E+000  0.88450784E+000  0.11852712E+001  0.18568519E+001  0.26127452E+001  0.43714309E+001  0.81162568E+001
  0.30779050E+000  0.34264261E+000  0.45254852E+000  0.59491735E+000  0.79050929E+000  0.88450785E+000  0.11852712E+001  0.18568520E+001  0.26127453E+001  0.43714309E+001  0.81162569E+001
  0.30779050E+000  0.34264260E+000  0.45254852E+000  0.59491735E+000  0.79050932E+000  0.88450785E+000  0.11852712E+001  0.18568521E+001  0.26127453E+001  0.43714310E+001  0.81162569E+001
  0.30779050E+000  0.34264259E+000  0.45254852E+000  0.59491735E+000  0.79050935E+000  0.88450785E+000  0.11852712E+001  0.18568522E+001  0.26127453E+001  0.43714310E+001  0.81162570E+001
  0.30779050E+000  0.34264258E+000  0.45254852E+000  0.59491735E+000  0.79050937E+000  0.88450785E+000  0.11852712E+001  0.18568523E+001  0.26127453E+001  0.43714310E+001  0.81162571E+001
  0.30779050E+000  0.34264257E+000  0.45254852E+000  0.59491735E+000  0.79050940E+000  0.88450786E+000  0.11852712E+001  0.18568524E+001  0.26127454E+001  0.43714310E+001  0.81162571E+001
  0.30779050E+000  0.34264256E+000  0.45254852E+000  0.59491735E+000  0.79050943E+000  0.88450786E+000  0.11852712E+001  0.18568525E+001  0.26127454E+001  0.43714310E+001  0.81162572E+001
  0.30779050E+000  0.34264255E+000  0.45254852E+000  0.59491735E+000  0.79050946E+000  0.88450786E+000  0.11852712E+001  0.18568526E+001  0.26127454E+001  0.43714310E+001  0.81162572E+001
  0.30779050E+000  0.34264255E+000  0.45254852E+000  0.59491735E+000  0.79050949E+000  0.88450787E+000  0.11852712E+001  0.18568527E+001  0.26127454E+001  0.43714310E+001  0.81162573E+001
  0.30779050E+000  0.34264254E+000  0.45254852E+000  0.59491735E+000  0.79050952E+000  0.88450787E+000  0.11852713E+001  0.18568528E+001  0.26127455E+001  0.43714310E+001  0.81162574E+001
  0.30779050E+000  0.34264253E+000  0.45254852E+000  0.59491735E+000  0.79050956E+000  0.88450787E+000  0.11852713E+001  0.18568530E+001  0.26127455E+001  0.43714311E+001  0.81162574E+001
  0.30779050E+000  0.34264253E+000  0.45254852E+000  0.59491735E+000  0.79050959E+000  0.88450787E+000  0.11852713E+001  0.18568531E+001  0.26127455E+001  0.43714311E+001  0.81162575E+001
  0.30779050E+000  0.34264252E+000  0.45254852E+000  0.59491735E+000  0.79050962E+000  0.88450788E+000  0.11852713E+001  0.18568532E+001  0.26127455E+001  0.43714311E+001  0.81162575E+001
  0.30779050E+000  0.34264252E+000  0.45254852E+000  0.59491735E+000  0.79050966E+000  0.88450788E+000  0.11852713E+001  0.18568533E+001  0.26127456E+001  0.43714311E+001  0.81162576E+001
  0.30779050E+000  0.34264252E+000  0.45254852E+000  0.59491735E+000  0.79050970E+000  0.88450788E+000  0.11852713E+001  0.18568534E+001  0.26127456E+001  0.43714311E+001  0.81162577E+001
  0.30779050E+000  0.34264252E+000  0.45254852E+000  0.59491735E+000  0.79050974E+000  0.88450789E+000  0.11852713E+001  0.18568535E+001  0.26127456E+001  0.43714311E+001  0.81162578E+001
  0.30779050E+000  0.34264251E+000  0.45254852E+000  0.59491735E+000  0.79050977E+000  0.88450789E+000  0.11852713E+001  0.18568536E+001  0.26127456E+001  0.43714311E+001  0.81162578E+001
  0.30779050E+000  0.34264251E+000  0.45254852E+000  0.59491735E+000  0.79050981E+000  0.88450789E+000  0.11852713E+001  0.18568537E+001  0.26127457E+001  0.43714311E+001  0.81162579E+001
  0.30779050E+000  0.34264251E+000  0.45254852E+000  0.59491735E+000  0.79050985E+000  0.88450790E+000  0.11852713E+001  0.18568538E+001  0.26127457E+001  0.43714312E+001  0.81162580E+001
  0.30779050E+000  0.34264251E+000  0.45254852E+000  0.59491735E+000  0.79050990E+000  0.88450790E+000  0.11852713E+001  0.18568539E+001  0.26127457E+001  0.43714312E+001  0.81162581E+001
  0.30779050E+000  0.34264251E+000  0.45254852E+000  0.59491735E+000  0.79050994E+000  0.88450790E+000  0.11852713E+001  0.18568541E+001  0.26127458E+001  0.43714312E+001  0.81162581E+001
  0.30779050E+000  0.34264251E+000  0.45254852E+000  0.59491735E+000  0.79050998E+000  0.88450790E+000  0.11852713E+001  0.18568542E+001  0.26127458E+001  0.43714312E+001  0.81162582E+001
  0.30779050E+000  0.34264251E+000  0.45254852E+000  0.59491735E+000  0.79051002E+000  0.88450791E+000  0.11852713E+001  0.18568543E+001  0.26127458E+001  0.43714312E+001  0.81162583E+001
  0.30779050E+000  0.34264251E+000  0.45254852E+000  0.59491735E+000  0.79051007E+000  0.88450791E+000  0.11852713E+001  0.18568544E+001  0.26127459E+001  0.43714312E+001  0.81162584E+001
  0.30779050E+000  0.34264251E+000  0.45254852E+000  0.59491735E+000  0.79051011E+000  0.88450791E+000  0.11852713E+001  0.18568546E+001  0.26127459E+001  0.43714312E+001  0.81162585E+001
  0.30779050E+000  0.34264251E+000  0.45254852E+000  0.59491735E+000  0.79051016E+000  0.88450792E+000  0.11852713E+001  0.18568547E+001  0.26127459E+001  0.43714313E+001  0.81162586E+001
  0.30779050E+000  0.34264251E+000  0.45254852E+000  0.59491735E+000  0.79051020E+000  0.88450792E+000  0.11852713E+001  0.18568548E+001  0.26127460E+001  0.43714313E+001  0.81162587E+001
  0.30779050E+000  0.34264251E+000  0.45254852E+000  0.59491735E+000  0.79051025E+000  0.88450792E+000  0.11852713E+001  0.18568550E+001  0.26127460E+001  0.43714313E+001  0.81162588E+001
  0.30779050E+000  0.34264252E+000  0.45254852E+000  0.59491735E+000  0.79051030E+000  0.88450793E+000  0.11852713E+001  0.18568551E+001  0.26127461E+001  0.43714313E+001  0.81162589E+001
  0.30779050E+000  0.34264252E+000  0.45254852E+000  0.59491735E+000  0.79051035E+000  0.88450793E+000  0.11852713E+001  0.18568552E+001  0.26127461E+001  0.43714313E+001  0.81162590E+001
  0.30779050E+000  0.34264252E+000  0.45254852E+000  0.59491735E+000  0.79051039E+000  0.88450793E+000  0.11852714E+001  0.18568554E+001  0.26127461E+001  0.43714313E+001  0.81162591E+001
  0.30779050E+000  0.34264252E+000  0.45254852E+000  0.59491735E+000  0.79051044E+000  0.88450794E+000  0.11852714E+001  0.18568555E+001  0.26127462E+001  0.43714314E+001  0.81162592E+001
  0.30779050E+000  0.34264252E+000  0.45254852E+000  0.59491735E+000  0.79051049E+000  0.88450794E+000  0.11852714E+001  0.18568557E+001  0.26127462E+001  0.43714314E+001  0.81162593E+001
  0.30779050E+000  0.34264252E+000  0.45254852E+000  0.59491735E+000  0.79051054E+000  0.88450794E+000  0.11852714E+001  0.18568559E+001  0.26127463E+001  0.43714314E+001  0.81162594E+001
  0.30779050E+000  0.34264253E+000  0.45254852E+000  0.59491735E+000  0.79051059E+000  0.88450795E+000  0.11852714E+001  0.18568560E+001  0.26127463E+001  0.43714314E+001  0.81162596E+001
  0.30779050E+000  0.34264253E+000  0.45254852E+000  0.59491735E+000  0.79051064E+000  0.88450795E+000  0.11852714E+001  0.18568562E+001  0.26127464E+001  0.43714314E+001  0.81162597E+001
  0.30779050E+000  0.34264253E+000  0.45254852E+000  0.59491735E+000  0.79051069E+000  0.88450796E+000  0.11852714E+001  0.18568563E+001  0.26127464E+001  0.43714315E+001  0.81162598E+001
  0.30779050E+000  0.34264253E+000  0.45254852E+000  0.59491735E+000  0.79051074E+000  0.88450796E+000  0.11852714E+001  0.18568565E+001  0.26127465E+001  0.43714315E+001  0.81162599E+001
  0.30779050E+000  0.34264254E+000  0.45254852E+000  0.59491735E+000  0.79051079E+000  0.88450796E+000  0.11852714E+001  0.18568567E+001  0.26127465E+001  0.43714315E+001  0.81162601E+001
  0.30779050E+000  0.34264254E+000  0.45254852E+000  0.59491735E+000  0.79051084E+000  0.88450797E+000  0.11852714E+001  0.18568569E+001  0.26127466E+001  0.43714315E+001  0.81162602E+001
  0.30779050E+000  0.34264254E+000  0.45254852E+000  0.59491735E+000  0.79051089E+000  0.88450797E+000  0.11852714E+001  0.18568570E+001  0.26127466E+001  0.43714316E+001  0.81162604E+001
  0.30779050E+000  0.34264254E+000  0.45254852E+000  0.59491735E+000  0.79051094E+000  0.88450797E+000  0.11852714E+001  0.18568572E+001  0.26127467E+001  0.43714316E+001  0.81162605E+001
  0.30779050E+000  0.34264255E+000  0.45254852E+000  0.59491735E+000  0.79051099E+000  0.88450798E+000  0.11852714E+001  0.18568574E+001  0.26127467E+001  0.43714316E+001  0.81162606E+001
  0.30779050E+000  0.34264255E+000  0.45254852E+000  0.59491735E+000  0.79051104E+000  0.88450798E+000  0.11852714E+001  0.18568576E+001  0.26127468E+001  0.43714316E+001  0.81162608E+001
  0.30779050E+000  0.34264255E+000  0.45254852E+000  0.59491735E+000  0.79051109E+000  0.88450798E+000  0.11852714E+001  0.18568578E+001  0.26127468E+001  0.43714317E+001  0.81162610E+001
  0.30779050E+000  0.34264256E+000  0.45254852E+000  0.59491735E+000  0.79051115E+000  0.88450799E+000  0.11852714E+001  0.18568580E+001  0.26127469E+001  0.43714317E+001  0.81162611E+001
  0.30779050E+000  0.34264256E+000  0.45254852E+000  0.59491735E+000  0.79051120E+000  0.88450799E+000  0.11852714E+001  0.18568582E+001  0.26127469E+001  0.43714317E+001  0.81162613E+001
  0.30779050E+000  0.34264257E+000  0.45254852E+000  0.59491735E+000  0.79051125E+000  0.88450799E+000  0.11852714E+001  0.18568584E+001  0.26127470E+001  0.43714318E+001  0.81162614E+001
  0.30779050E+000  0.34264257E+000  0.45254852E+000  0.59491735E+000  0.79051131E+000  0.88450800E+000  0.11852714E+001  0.18568586E+001  0.26127470E+001  0.43714318E+001  0.81162616E+001
  0.30779050E+000  0.34264258E+000  0.45254852E+000  0.59491735E+000  0.79051136E+000  0.88450800E+000  0.11852714E+001  0.18568588E+001  0.26127471E+001  0.43714318E+001  0.81162618E+001
  0.30779050E+000  0.34264258E+000  0.45254852E+000  0.59491735E+000  0.79051142E+000  0.88450800E+000  0.11852715E+001  0.18568591E+001  0.26127471E+001  0.43714319E+001  0.81162619E+001
  0.30779050E+000  0.34264259E+000  0.45254852E+000  0.59491735E+000  0.79051148E+000  0.88450801E+000  0.11852715E+001  0.18568593E+001  0.26127472E+001  0.43714319E+001  0.81162621E+001
  0.30779050E+000  0.34264259E+000  0.45254852E+000  0.59491735E+000  0.79051154E+000  0.88450801E+000  0.11852715E+001  0.18568595E+001  0.26127472E+001  0.43714319E+001  0.81162623E+001
  0.30779050E+000  0.34264260E+000  0.45254852E+000  0.59491735E+000  0.79051160E+000  0.88450801E+000  0.11852715E+001  0.18568597E+001  0.26127473E+001  0.43714320E+001  0.81162625E+001
  0.30779050E+000  0.34264260E+000  0.45254852E+000  0.59491735E+000  0.79051166E+000  0.88450802E+000  0.11852715E+001  0.18568600E+001  0.26127474E+001  0.43714320E+001  0.81162627E+001
  0.30779050E+000  0.34264261E+000  0.45254852E+000  0.59491735E+000  0.79051173E+000  0.88450802E+000  0.11852715E+001  0.18568602E+001  0.26127474E+001  0.43714321E+001  0.81162629E+001
  0.30779050E+000  0.34264262E+000  0.45254852E+000  0.59491735E+000  0.79051180E+000  0.88450803E+000  0.11852715E+001  0.18568604E+001  0.26127475E+001  0.43714321E+001  0.81162630E+001
  0.30779050E+000  0.34264262E+000  0.45254852E+000  0.59491735E+000  0.79051187E+000  0.88450803E+000  0.11852715E+001  0.18568607E+001  0.26127475E+001  0.43714322E+001  0.81162632E+001
  0.30779050E+000  0.34264263E+000  0.45254852E+000  0.59491735E+000  0.79051194E+000  0.88450803E+000  0.11852715E+001  0.18568609E+001  0.26127476E+001  0.43714322E+001  0.81162634E+001
  0.30779050E+000  0.34264264E+000  0.45254852E+000  0.59491735E+000  0.79051201E+000  0.88450804E+000  0.11852715E+001  0.18568612E+001  0.26127477E+001  0.43714322E+001  0.81162636E+001
  0.30779050E+000  0.34264265E+000  0.45254852E+000  0.59491735E+000  0.79051209E+000  0.88450804E+000  0.11852715E+001  0.18568614E+001  0.26127477E+001  0.43714323E+001  0.81162638E+001
  0.30779050E+000  0.34264266E+000  0.45254852E+000  0.59491735E+000  0.79051217E+000  0.88450805E+000  0.11852715E+001  0.18568617E+001  0.26127478E+001  0.43714323E+001  0.81162640E+001
  0.30779050E+000  0.34264267E+000  0.45254852E+000  0.59491735E+000  0.79051226E+000  0.88450805E+000  0.11852715E+001  0.18568620E+001  0.26127478E+001  0.43714324E+001  0.81162642E+001
  0.30779050E+000  0.34264268E+000  0.45254852E+000  0.59491735E+000  0.79051235E+000  0.88450806E+000  0.11852715E+001  0.18568622E+001  0.26127479E+001  0.43714325E+001  0.81162644E+001
  0.30779050E+000  0.34264269E+000  0.45254852E+000  0.59491735E+000  0.79051244E+000  0.88450806E+000  0.11852715E+001  0.18568625E+001  0.26127480E+001  0.43714325E+001  0.81162647E+001
  0.30779050E+000  0.34264270E+000  0.45254852E+000  0.59491735E+000  0.79051254E+000  0.88450807E+000  0.11852716E+001  0.18568628E+001  0.26127480E+001  0.43714326E+001  0.81162649E+001
  0.30779050E+000  0.34264271E+000  0.45254852E+000  0.59491735E+000  0.79051264E+000  0.88450807E+000  0.11852716E+001  0.18568631E+001  0.26127481E+001  0.43714326E+001  0.81162651E+001
  0.30779050E+000  0.34264272E+000  0.45254852E+000  0.59491735E+000  0.79051275E+000  0.88450808E+000  0.11852716E+001  0.18568634E+001  0.26127482E+001  0.43714327E+001  0.81162653E+001
  0.30779050E+000  0.34264273E+000  0.45254852E+000  0.59491735E+000  0.79051287E+000  0.88450808E+000  0.11852716E+001  0.18568637E+001  0.26127483E+001  0.43714328E+001  0.81162655E+001
  0.30779050E+000  0.34264274E+000  0.45254853E+000  0.59491735E+000  0.79051298E+000  0.88450809E+000  0.11852716E+001  0.18568640E+001  0.26127483E+001  0.43714328E+001  0.81162657E+001
  0.30779050E+000  0.34264276E+000  0.45254853E+000  0.59491735E+000  0.79051311E+000  0.88450809E+000  0.11852716E+001  0.18568643E+001  0.26127484E+001  0.43714329E+001  0.81162660E+001
  0.30779050E+000  0.34264277E+000  0.45254853E+000  0.59491735E+000  0.79051324E+000  0.88450810E+000  0.11852716E+001  0.18568647E+001  0.26127485E+001  0.43714330E+001  0.81162662E+001
  0.30779050E+000  0.34264278E+000  0.45254853E+000  0.59491735E+000  0.79051337E+000  0.88450811E+000  0.11852716E+001  0.18568650E+001  0.26127486E+001  0.43714330E+001  0.81162664E+001
  0.30779050E+000  0.34264280E+000  0.45254853E+000  0.59491735E+000  0.79051351E+000  0.88450811E+000  0.11852716E+001  0.18568654E+001  0.26127486E+001  0.43714331E+001  0.81162667E+001
  0.30779050E+000  0.34264281E+000  0.45254853E+000  0.59491735E+000  0.79051365E+000  0.88450812E+000  0.11852716E+001  0.18568657E+001  0.26127487E+001  0.43714332E+001  0.81162669E+001
  0.30779050E+000  0.34264283E+000  0.45254853E+000  0.59491735E+000  0.79051380E+000  0.88450813E+000  0.11852716E+001  0.18568661E+001  0.26127488E+001  0.43714333E+001  0.81162671E+001
  0.30779050E+000  0.34264284E+000  0.45254853E+000  0.59491735E+000  0.79051396E+000  0.88450813E+000  0.11852717E+001  0.18568665E+001  0.26127489E+001  0.43714334E+001  0.81162674E+001
  0.30779050E+000  0.34264286E+000  0.45254853E+000  0.59491735E+000  0.79051412E+000  0.88450814E+000  0.11852717E+001  0.18568669E+001  0.26127490E+001  0.43714335E+001  0.81162676E+001
  0.30779050E+000  0.34264287E+000  0.45254853E+000  0.59491735E+000  0.79051429E+000  0.88450815E+000  0.11852717E+001  0.18568673E+001  0.26127491E+001  0.43714336E+001  0.81162679E+001
  0.30779050E+000  0.34264289E+000  0.45254853E+000  0.59491735E+000  0.79051446E+000  0.88450816E+000  0.11852717E+001  0.18568677E+001  0.26127492E+001  0.43714337E+001  0.81162681E+001
  0.30779050E+000  0.34264290E+000  0.45254853E+000  0.59491735E+000  0.79051463E+000  0.88450817E+000  0.11852717E+001  0.18568681E+001  0.26127493E+001  0.43714338E+001  0.81162684E+001
  0.30779050E+000  0.34264292E+000  0.45254853E+000  0.59491735E+000  0.79051481E+000  0.88450817E+000  0.11852717E+001  0.18568686E+001  0.26127494E+001  0.43714339E+001  0.81162687E+001
  0.30779050E+000  0.34264294E+000  0.45254853E+000  0.59491735E+000  0.79051500E+000  0.88450818E+000  0.11852717E+001  0.18568690E+001  0.26127495E+001  0.43714340E+001  0.81162689E+001
  0.30779050E+000  0.34264295E+000  0.45254853E+000  0.59491735E+000  0.79051519E+000  0.88450819E+000  0.11852717E+001  0.18568695E+001  0.26127496E+001  0.43714341E+001  0.81162692E+001
  0.30779050E+000  0.34264297E+000  0.45254853E+000  0.59491735E+000  0.79051538E+000  0.88450820E+000  0.11852718E+001  0.18568699E+001  0.26127497E+001  0.43714342E+001  0.81162695E+001
  0.30779050E+000  0.34264299E+000  0.45254853E+000  0.59491735E+000  0.79051558E+000  0.88450821E+000  0.11852718E+001  0.18568704E+001  0.26127498E+001  0.43714343E+001  0.81162698E+001
  0.30779050E+000  0.34264300E+000  0.45254853E+000  0.59491735E+000  0.79051578E+000  0.88450822E+000  0.11852718E+001  0.18568709E+001  0.26127500E+001  0.43714345E+001  0.81162701E+001
  0.30779050E+000  0.34264302E+000  0.45254853E+000  0.59491735E+000  0.79051599E+000  0.88450823E+000  0.11852718E+001  0.18568714E+001  0.26127501E+001  0.43714346E+001  0.81162704E+001
  0.30779050E+000  0.34264304E+000  0.45254853E+000  0.59491735E+000  0.79051620E+000  0.88450824E+000  0.11852718E+001  0.18568719E+001  0.26127502E+001  0.43714347E+001  0.81162707E+001
  0.30779050E+000  0.34264306E+000  0.45254853E+000  0.59491735E+000  0.79051641E+000  0.88450825E+000  0.11852718E+001  0.18568724E+001  0.26127503E+001  0.43714349E+001  0.81162710E+001
  0.30779050E+000  0.34264307E+000  0.45254853E+000  0.59491735E+000  0.79051662E+000  0.88450826E+000  0.11852718E+001  0.18568729E+001  0.26127505E+001  0.43714350E+001  0.81162713E+001
  0.30779050E+000  0.34264309E+000  0.45254853E+000  0.59491735E+000  0.79051684E+000  0.88450828E+000  0.11852719E+001  0.18568734E+001  0.26127506E+001  0.43714352E+001  0.81162716E+001
  0.30779050E+000  0.34264311E+000  0.45254853E+000  0.59491735E+000  0.79051706E+000  0.88450829E+000  0.11852719E+001  0.18568739E+001  0.26127507E+001  0.43714353E+001  0.81162720E+001
  0.30779050E+000  0.34264313E+000  0.45254853E+000  0.59491735E+000  0.79051728E+000  0.88450830E+000  0.11852719E+001  0.18568745E+001  0.26127509E+001  0.43714355E+001  0.81162723E+001
  0.30779050E+000  0.34264315E+000  0.45254853E+000  0.59491735E+000  0.79051751E+000  0.88450831E+000  0.11852719E+001  0.18568750E+001  0.26127510E+001  0.43714357E+001  0.81162727E+001
  0.30779050E+000  0.34264316E+000  0.45254853E+000  0.59491735E+000  0.79051773E+000  0.88450832E+000  0.11852719E+001  0.18568756E+001  0.26127512E+001  0.43714359E+001  0.81162731E+001
  0.30779050E+000  0.34264318E+000  0.45254853E+000  0.59491735E+000  0.79051796E+000  0.88450833E+000  0.11852719E+001  0.18568761E+001  0.26127513E+001  0.43714360E+001  0.81162735E+001
  0.30779050E+000  0.34264320E+000  0.45254853E+000  0.59491735E+000  0.79051819E+000  0.88450835E+000  0.11852719E+001  0.18568767E+001  0.26127515E+001  0.43714362E+001  0.81162739E+001
  0.30779050E+000  0.34264322E+000  0.45254854E+000  0.59491735E+000  0.79051842E+000  0.88450836E+000  0.11852720E+001  0.18568772E+001  0.26127516E+001  0.43714364E+001  0.81162743E+001
  0.30779050E+000  0.34264323E+000  0.45254854E+000  0.59491735E+000  0.79051866E+000  0.88450837E+000  0.11852720E+001  0.18568778E+001  0.26127518E+001  0.43714366E+001  0.81162748E+001
  0.30779050E+000  0.34264325E+000  0.45254854E+000  0.59491735E+000  0.79051889E+000  0.88450838E+000  0.11852720E+001  0.18568784E+001  0.26127519E+001  0.43714368E+001  0.81162752E+001
  0.30779050E+000  0.34264327E+000  0.45254854E+000  0.59491735E+000  0.79051912E+000  0.88450840E+000  0.11852720E+001  0.18568790E+001  0.26127521E+001  0.43714370E+001  0.81162757E+001
  0.30779050E+000  0.34264329E+000  0.45254854E+000  0.59491735E+000  0.79051936E+000  0.88450841E+000  0.11852720E+001  0.18568795E+001  0.26127523E+001  0.43714373E+001  0.81162762E+001
  0.30779050E+000  0.34264330E+000  0.45254854E+000  0.59491735E+000  0.79051959E+000  0.88450842E+000  0.11852720E+001  0.18568801E+001  0.26127524E+001  0.43714375E+001  0.81162767E+001
  0.30779050E+000  0.34264332E+000  0.45254854E+000  0.59491735E+000  0.79051982E+000  0.88450844E+000  0.11852720E+001  0.18568807E+001  0.26127526E+001  0.43714377E+001  0.81162772E+001
  0.30779050E+000  0.34264334E+000  0.45254854E+000  0.59491735E+000  0.79052006E+000  0.88450845E+000  0.11852721E+001  0.18568813E+001  0.26127528E+001  0.43714379E+001  0.81162777E+001
  0.30779050E+000  0.34264335E+000  0.45254854E+000  0.59491735E+000  0.79052029E+000  0.88450846E+000  0.11852721E+001  0.18568819E+001  0.26127529E+001  0.43714382E+001  0.81162783E+001
  0.30779050E+000  0.34264337E+000  0.45254854E+000  0.59491735E+000  0.79052052E+000  0.88450848E+000  0.11852721E+001  0.18568825E+001  0.26127531E+001  0.43714384E+001  0.81162789E+001
  0.30779050E+000  0.34264338E+000  0.45254854E+000  0.59491735E+000  0.79052075E+000  0.88450849E+000  0.11852721E+001  0.18568831E+001  0.26127533E+001  0.43714387E+001  0.81162795E+001
  0.30779050E+000  0.34264340E+000  0.45254854E+000  0.59491735E+000  0.79052099E+000  0.88450850E+000  0.11852721E+001  0.18568837E+001  0.26127534E+001  0.43714389E+001  0.81162801E+001
  0.30779050E+000  0.34264341E+000  0.45254854E+000  0.59491735E+000  0.79052121E+000  0.88450851E+000  0.11852721E+001  0.18568842E+001  0.26127536E+001  0.43714392E+001  0.81162808E+001
  0.30779050E+000  0.34264343E+000  0.45254854E+000  0.59491735E+000  0.79052144E+000  0.88450853E+000  0.11852722E+001  0.18568848E+001  0.26127538E+001  0.43714395E+001  0.81162814E+001
  0.30779050E+000  0.34264344E+000  0.45254854E+000  0.59491735E+000  0.79052167E+000  0.88450854E+000  0.11852722E+001  0.18568854E+001  0.26127540E+001  0.43714398E+001  0.81162821E+001
  0.30779050E+000  0.34264346E+000  0.45254854E+000  0.59491735E+000  0.79052189E+000  0.88450855E+000  0.11852722E+001  0.18568860E+001  0.26127542E+001  0.43714400E+001  0.81162829E+001
  0.30779050E+000  0.34264347E+000  0.45254854E+000  0.59491735E+000  0.79052212E+000  0.88450857E+000  0.11852722E+001  0.18568866E+001  0.26127543E+001  0.43714403E+001  0.81162836E+001
  0.30779050E+000  0.34264348E+000  0.45254854E+000  0.59491735E+000  0.79052234E+000  0.88450858E+000  0.11852722E+001  0.18568872E+001  0.26127545E+001  0.43714406E+001  0.81162844E+001
  0.30779050E+000  0.34264350E+000  0.45254854E+000  0.59491735E+000  0.79052255E+000  0.88450859E+000  0.11852722E+001  0.18568878E+001  0.26127547E+001  0.43714409E+001  0.81162852E+001
  0.30779050E+000  0.34264351E+000  0.45254854E+000  0.59491735E+000  0.79052277E+000  0.88450860E+000  0.11852722E+001  0.18568885E+001  0.26127549E+001  0.43714412E+001  0.81162860E+001
  0.30779050E+000  0.34264352E+000  0.45254854E+000  0.59491735E+000  0.79052298E+000  0.88450861E+000  0.11852723E+001  0.18568968E+001  0.26127551E+001  0.43714415E+001  0.81162868E+001
  0.30779050E+000  0.34264353E+000  0.45254854E+000  0.59491735E+000  0.79052319E+000  0.88450863E+000  0.11852723E+001  0.18569050E+001  0.26127553E+001  0.43714418E+001  0.81162877E+001
  0.30779050E+000  0.34264354E+000  0.45254854E+000  0.59491735E+000  0.79052340E+000  0.88450864E+000  0.11852723E+001  0.18569525E+001  0.26127555E+001  0.43714421E+001  0.81162886E+001
  0.30779050E+000  0.34264356E+000  0.45254854E+000  0.59491735E+000  0.79052360E+000  0.88450865E+000  0.11852723E+001  0.18571983E+001  0.26127556E+001  0.43714424E+001  0.81162895E+001
  0.30779050E+000  0.34264357E+000  0.45254854E+000  0.59491735E+000  0.79052380E+000  0.88450866E+000  0.11852723E+001  0.18572300E+001  0.26127558E+001  0.43714428E+001  0.81162905E+001
  0.30779050E+000  0.34264358E+000  0.45254854E+000  0.59491735E+000  0.79052400E+000  0.88450867E+000  0.11852723E+001  0.18572614E+001  0.26127560E+001  0.43714431E+001  0.81162915E+001
  0.30779050E+000  0.34264359E+000  0.45254854E+000  0.59491735E+000  0.79052419E+000  0.88450868E+000  0.11852723E+001  0.18572771E+001  0.26127562E+001  0.43714434E+001  0.81162925E+001
  0.30779050E+000  0.34264359E+000  0.45254854E+000  0.59491735E+000  0.79052438E+000  0.88450869E+000  0.11852723E+001  0.18572786E+001  0.26127564E+001  0.43714437E+001  0.81162935E+001
  0.30779050E+000  0.34264360E+000  0.45254854E+000  0.59491735E+000  0.79052456E+000  0.88450870E+000  0.11852724E+001  0.18572814E+001  0.26127566E+001  0.43714441E+001  0.81162945E+001
  0.30779050E+000  0.34264361E+000  0.45254855E+000  0.59491735E+000  0.79052475E+000  0.88450871E+000  0.11852724E+001  0.18572842E+001  0.26127567E+001  0.43714444E+001  0.81162956E+001
  0.30779050E+000  0.34264362E+000  0.45254855E+000  0.59491735E+000  0.79052492E+000  0.88450872E+000  0.11852724E+001  0.18572870E+001  0.26127569E+001  0.43714447E+001  0.81162967E+001
  0.30779050E+000  0.34264363E+000  0.45254855E+000  0.59491735E+000  0.79052509E+000  0.88450873E+000  0.11852724E+001  0.18572898E+001  0.26127571E+001  0.43714451E+001  0.81162978E+001
  0.30779050E+000  0.34264364E+000  0.45254855E+000  0.59491735E+000  0.79052526E+000  0.88450874E+000  0.11852724E+001  0.18572926E+001  0.26127573E+001  0.43714454E+001  0.81162990E+001
  0.30779050E+000  0.34264364E+000  0.45254855E+000  0.59491735E+000  0.79052543E+000  0.88450875E+000  0.11852724E+001  0.18572953E+001  0.26127575E+001  0.43714458E+001  0.81163001E+001
  0.30779050E+000  0.34264365E+000  0.45254855E+000  0.59491735E+000  0.79052559E+000  0.88450876E+000  0.11852724E+001  0.18572980E+001  0.26127576E+001  0.43714461E+001  0.81163013E+001
  0.30779050E+000  0.34264366E+000  0.45254855E+000  0.59491735E+000  0.79052574E+000  0.88450877E+000  0.11852724E+001  0.18573006E+001  0.26127578E+001  0.43714464E+001  0.81163025E+001
  0.30779050E+000  0.34264366E+000  0.45254855E+000  0.59491735E+000  0.79052589E+000  0.88450878E+000  0.11852725E+001  0.18573032E+001  0.26127580E+001  0.43714468E+001  0.81163037E+001
  0.30779050E+000  0.34264367E+000  0.45254855E+000  0.59491735E+000  0.79052604E+000  0.88450878E+000  0.11852725E+001  0.18573058E+001  0.26127581E+001  0.43714471E+001  0.81163050E+001
  0.30779050E+000  0.34264367E+000  0.45254855E+000  0.59491735E+000  0.79052618E+000  0.88450879E+000  0.11852725E+001  0.18573083E+001  0.26127583E+001  0.43714475E+001  0.81163062E+001
  0.30779050E+000  0.34264368E+000  0.45254855E+000  0.59491735E+000  0.79052631E+000  0.88450880E+000  0.11852725E+001  0.18573108E+001  0.26127585E+001  0.43714478E+001  0.81163075E+001
  0.30779050E+000  0.34264368E+000  0.45254855E+000  0.59491735E+000  0.79052645E+000  0.88450880E+000  0.11852725E+001  0.18573133E+001  0.26127586E+001  0.43714481E+001  0.81163088E+001
  0.30779050E+000  0.34264369E+000  0.45254855E+000  0.59491735E+000  0.79052657E+000  0.88450881E+000  0.11852725E+001  0.18573157E+001  0.26127588E+001  0.43714485E+001  0.81163101E+001
  0.30779050E+000  0.34264369E+000  0.45254855E+000  0.59491735E+000  0.79052670E+000  0.88450882E+000  0.11852725E+001  0.18573181E+001  0.26127590E+001  0.43714488E+001  0.81163114E+001
  0.30779050E+000  0.34264370E+000  0.45254855E+000  0.59491735E+000  0.79052682E+000  0.88450882E+000  0.11852725E+001  0.18573204E+001  0.26127591E+001  0.43714491E+001  0.81163127E+001
  0.30779050E+000  0.34264370E+000  0.45254855E+000  0.59491735E+000  0.79052693E+000  0.88450883E+000  0.11852725E+001  0.18573227E+001  0.26127593E+001  0.43714495E+001  0.81163141E+001
  0.30779050E+000  0.34264370E+000  0.45254855E+000  0.59491735E+000  0.79052704E+000  0.88450884E+000  0.11852725E+001  0.18573249E+001  0.26127594E+001  0.43714498E+001  0.81163154E+001
  0.30779050E+000  0.34264371E+000  0.45254855E+000  0.59491735E+000  0.79052714E+000  0.88450884E+000  0.11852725E+001  0.18573271E+001  0.26127596E+001  0.43714501E+001  0.81163167E+001
  0.30779050E+000  0.34264371E+000  0.45254855E+000  0.59491735E+000  0.79052724E+000  0.88450885E+000  0.11852726E+001  0.18573292E+001  0.26127597E+001  0.43714505E+001  0.81163181E+001
  0.30779050E+000  0.34264371E+000  0.45254855E+000  0.59491735E+000  0.79052734E+000  0.88450885E+000  0.11852726E+001  0.18573313E+001  0.26127599E+001  0.43714508E+001  0.81163195E+001
  0.30779050E+000  0.34264372E+000  0.45254855E+000  0.59491735E+000  0.79052743E+000  0.88450885E+000  0.11852726E+001  0.18573334E+001  0.26127600E+001  0.43714511E+001  0.81163208E+001
  0.30779050E+000  0.34264372E+000  0.45254855E+000  0.59491735E+000  0.79052752E+000  0.88450886E+000  0.11852726E+001  0.18573354E+001  0.26127602E+001  0.43714514E+001  0.81163222E+001
  0.30779050E+000  0.34264372E+000  0.45254855E+000  0.59491735E+000  0.79052761E+000  0.88450886E+000  0.11852726E+001  0.18573374E+001  0.26127603E+001  0.43714517E+001  0.81163236E+001
  0.30779050E+000  0.34264372E+000  0.45254855E+000  0.59491735E+000  0.79052769E+000  0.88450887E+000  0.11852726E+001  0.18573393E+001  0.26127605E+001  0.43714521E+001  0.81163250E+001
  0.30779050E+000  0.34264373E+000  0.45254855E+000  0.59491735E+000  0.79052776E+000  0.88450887E+000  0.11852726E+001  0.18573411E+001  0.26127606E+001  0.43714524E+001  0.81163263E+001
  0.30779050E+000  0.34264373E+000  0.45254855E+000  0.59491735E+000  0.79052784E+000  0.88450887E+000  0.11852726E+001  0.18573430E+001  0.26127607E+001  0.43714527E+001  0.81163277E+001
  0.30779050E+000  0.34264373E+000  0.45254855E+000  0.59491735E+000  0.79052791E+000  0.88450888E+000  0.11852726E+001  0.18573447E+001  0.26127608E+001  0.43714530E+001  0.81163291E+001
  0.30779050E+000  0.34264373E+000  0.45254855E+000  0.59491735E+000  0.79052797E+000  0.88450888E+000  0.11852726E+001  0.18573465E+001  0.26127610E+001  0.43714533E+001  0.81163305E+001
  0.30779050E+000  0.34264373E+000  0.45254855E+000  0.59491735E+000  0.79052803E+000  0.88450888E+000  0.11852726E+001  0.18573482E+001  0.26127611E+001  0.43714536E+001  0.81163318E+001
  0.30779050E+000  0.34264373E+000  0.45254855E+000  0.59491735E+000  0.79052809E+000  0.88450889E+000  0.11852726E+001  0.18573498E+001  0.26127612E+001  0.43714538E+001  0.81163332E+001
  0.30779050E+000  0.34264374E+000  0.45254855E+000  0.59491735E+000  0.79052815E+000  0.88450889E+000  0.11852726E+001  0.18573514E+001  0.26127613E+001  0.43714541E+001  0.81163345E+001
  0.30779050E+000  0.34264374E+000  0.45254855E+000  0.59491735E+000  0.79052820E+000  0.88450889E+000  0.11852726E+001  0.18573529E+001  0.26127615E+001  0.43714544E+001  0.81163359E+001
  0.30779050E+000  0.34264374E+000  0.45254855E+000  0.59491735E+000  0.79052825E+000  0.88450889E+000  0.11852726E+001  0.18573544E+001  0.26127616E+001  0.43714547E+001  0.81163372E+001
  0.30779050E+000  0.34264374E+000  0.45254855E+000  0.59491735E+000  0.79052830E+000  0.88450890E+000  0.11852726E+001  0.18573559E+001  0.26127617E+001  0.43714550E+001  0.81163385E+001
  0.30779050E+000  0.34264374E+000  0.45254855E+000  0.59491735E+000  0.79052835E+000  0.88450890E+000  0.11852727E+001  0.18573573E+001  0.26127618E+001  0.43714552E+001  0.81163398E+001
  0.30779050E+000  0.34264374E+000  0.45254855E+000  0.59491735E+000  0.79052839E+000  0.88450890E+000  0.11852727E+001  0.18573587E+001  0.26127619E+001  0.43714555E+001  0.81163411E+001
  0.30779050E+000  0.34264374E+000  0.45254855E+000  0.59491735E+000  0.79052843E+000  0.88450890E+000  0.11852727E+001  0.18574230E+001  0.26127620E+001  0.43714557E+001  0.81163424E+001
  0.30779050E+000  0.34264374E+000  0.45254855E+000  0.59491735E+000  0.79052847E+000  0.88450890E+000  0.11852727E+001  0.18574262E+001  0.26127621E+001  0.43714560E+001  0.81163437E+001
  0.30779050E+000  0.34264374E+000  0.45254855E+000  0.59491735E+000  0.79052850E+000  0.88450891E+000  0.11852727E+001  0.18574293E+001  0.26127622E+001  0.43714562E+001  0.81163449E+001
  0.30779050E+000  0.34264374E+000  0.45254855E+000  0.59491735E+000  0.79052853E+000  0.88450891E+000  0.11852727E+001  0.18574323E+001  0.26127623E+001  0.43714565E+001  0.81163462E+001
  0.30779050E+000  0.34264374E+000  0.45254855E+000  0.59491735E+000  0.79052857E+000  0.88450891E+000  0.11852727E+001  0.18574351E+001  0.26127624E+001  0.43714567E+001  0.81163474E+001
  0.30779050E+000  0.34264375E+000  0.45254855E+000  0.59491735E+000  0.79052860E+000  0.88450891E+000  0.11852727E+001  0.18574379E+001  0.26127625E+001  0.43714569E+001  0.81163486E+001
  0.30779050E+000  0.34264375E+000  0.45254855E+000  0.59491735E+000  0.79052862E+000  0.88450891E+000  0.11852727E+001  0.18574406E+001  0.26127625E+001  0.43714572E+001  0.81163498E+001
  0.30779050E+000  0.34264375E+000  0.45254855E+000  0.59491735E+000  0.79052865E+000  0.88450891E+000  0.11852727E+001  0.18574431E+001  0.26127626E+001  0.43714574E+001  0.81163510E+001
  0.30779050E+000  0.34264375E+000  0.45254855E+000  0.59491735E+000  0.79052867E+000  0.88450891E+000  0.11852727E+001  0.18574456E+001  0.26127627E+001  0.43714576E+001  0.81163521E+001
  0.30779050E+000  0.34264375E+000  0.45254855E+000  0.59491735E+000  0.79052869E+000  0.88450892E+000  0.11852727E+001  0.18574480E+001  0.26127628E+001  0.43714578E+001  0.81163533E+001
  0.30779050E+000  0.34264375E+000  0.45254855E+000  0.59491735E+000  0.79052872E+000  0.88450892E+000  0.11852727E+001  0.18574502E+001  0.26127629E+001  0.43714580E+001  0.81163544E+001
  0.30779050E+000  0.34264375E+000  0.45254855E+000  0.59491735E+000  0.79052874E+000  0.88450892E+000  0.11852727E+001  0.18574524E+001  0.26127629E+001  0.43714582E+001  0.81163555E+001
  0.30779050E+000  0.34264375E+000  0.45254855E+000  0.59491735E+000  0.79052875E+000  0.88450892E+000  0.11852727E+001  0.18574545E+001  0.26127630E+001  0.43714584E+001  0.81163566E+001
  0.30779050E+000  0.34264375E+000  0.45254855E+000  0.59491735E+000  0.79052877E+000  0.88450892E+000  0.11852727E+001  0.18574565E+001  0.26127631E+001  0.43714586E+001  0.81163576E+001
  0.30779050E+000  0.34264375E+000  0.45254855E+000  0.59491735E+000  0.79052879E+000  0.88450892E+000  0.11852727E+001  0.18574584E+001  0.26127631E+001  0.43714588E+001  0.81163587E+001
  0.30779050E+000  0.34264375E+000  0.45254855E+000  0.59491735E+000  0.79052880E+000  0.88450892E+000  0.11852727E+001  0.18574602E+001  0.26127632E+001  0.43714589E+001  0.81163597E+001
  0.30779050E+000  0.34264375E+000  0.45254855E+000  0.59491735E+000  0.79052882E+000  0.88450892E+000  0.11852727E+001  0.18574620E+001  0.26127633E+001  0.43714591E+001  0.81163607E+001
  0.30779050E+000  0.34264375E+000  0.45254855E+000  0.59491735E+000  0.79052883E+000  0.88450892E+000  0.11852727E+001  0.18574636E+001  0.26127633E+001  0.43714593E+001  0.81163617E+001
  0.30779050E+000  0.34264375E+000  0.45254855E+000  0.59491735E+000  0.79052884E+000  0.88450892E+000  0.11852727E+001  0.18574652E+001  0.26127634E+001  0.43714594E+001  0.81163626E+001
  0.30779050E+000  0.34264375E+000  0.45254855E+000  0.59491735E+000  0.79052885E+000  0.88450892E+000  0.11852727E+001  0.18574667E+001  0.26127634E+001  0.43715492E+001  0.81163636E+001
  0.30779050E+000  0.34264375E+000  0.45254855E+000  0.59491735E+000  0.79052886E+000  0.88450892E+000  0.11852727E+001  0.18574681E+001  0.26127635E+001  0.43715492E+001  0.81163645E+001
  0.30779050E+000  0.34264375E+000  0.45254855E+000  0.59491735E+000  0.79052887E+000  0.88450892E+000  0.11852727E+001  0.18574695E+001  0.26127635E+001  0.43715492E+001  0.81163654E+001
  0.30779050E+000  0.34264375E+000  0.45254855E+000  0.59491735E+000  0.79052888E+000  0.88450892E+000  0.11852727E+001  0.18574708E+001  0.26127636E+001  0.43715492E+001  0.81163663E+001
