  0.00000000E+000  0.00000000E+000  0.00000000E+000  0.00000000E+000  0.41866621E-001  0.36616586E+000  0.69239396E+001  0.46436678E+002  0.11357450E+003  0.30065250E+003  0.59030111E+003
  0.00000000E+000  0.00000000E+000  0.00000000E+000  0.00000000E+000  0.41870318E-001  0.36616801E+000  0.69239637E+001  0.46436734E+002  0.11357455E+003  0.30065261E+003  0.59030170E+003
  0.00000000E+000  0.00000000E+000  0.00000000E+000  0.00000000E+000  0.41874975E-001  0.36617045E+000  0.69239875E+001  0.46436787E+002  0.11357460E+003  0.30065270E+003  0.59030222E+003
  0.00000000E+000  0.00000000E+000  0.00000000E+000  0.00000000E+000  0.41879625E-001  0.36617335E+000  0.69240113E+001  0.46436839E+002  0.11357464E+003  0.30065277E+003  0.59030271E+003
  0.00000000E+000  0.00000000E+000  0.00000000E+000  0.00000000E+000  0.41883960E-001  0.36617674E+000  0.69240349E+001  0.46436891E+002  0.11357469E+003  0.30065283E+003  0.59030318E+003
  0.00000000E+000  0.00000000E+000  0.00000000E+000  0.00000000E+000  0.41887935E-001  0.36618054E+000  0.69240586E+001  0.46436943E+002  0.11357473E+003  0.30065289E+003  0.59030363E+003
  0.00000000E+000  0.00000000E+000  0.00000000E+000  0.00000000E+000  0.41891583E-001  0.36618468E+000  0.69240822E+001  0.46436996E+002  0.11357477E+003  0.30065295E+003  0.59030408E+003
  0.00000000E+000  0.00000000E+000  0.00000000E+000  0.00000000E+000  0.41894952E-001  0.36618906E+000  0.69241060E+001  0.46437049E+002  0.11357482E+003  0.30065301E+003  0.59030452E+003
  0.00000000E+000  0.00000000E+000  0.00000000E+000  0.00000000E+000  0.41898087E-001  0.36619361E+000  0.69241298E+001  0.46437102E+002  0.11357487E+003  0.30065307E+003  0.59030496E+003
  0.00000000E+000  0.00000000E+000  0.00000000E+000  0.00000000E+000  0.41901026E-001  0.36619827E+000  0.69241538E+001  0.46437156E+002  0.11357491E+003  0.30065313E+003  0.59030539E+003
  0.00000000E+000  0.00000000E+000  0.00000000E+000  0.00000000E+000  0.41903801E-001  0.36620300E+000  0.69241779E+001  0.46437211E+002  0.11357496E+003  0.30065319E+003  0.59030583E+003
  0.00000000E+000  0.00000000E+000  0.00000000E+000  0.00000000E+000  0.41906440E-001  0.36620775E+000  0.69242023E+001  0.46437267E+002  0.11357501E+003  0.30065325E+003  0.59030627E+003
  0.00000000E+000  0.00000000E+000  0.00000000E+000  0.00000000E+000  0.41908969E-001  0.36621252E+000  0.69242270E+001  0.46437324E+002  0.11357507E+003  0.30065332E+003  0.59030671E+003
  0.00000000E+000  0.00000000E+000  0.00000000E+000  0.00000000E+000  0.41911407E-001  0.36621727E+000  0.69242520E+001  0.46437381E+002  0.11357512E+003  0.30065338E+003  0.59030715E+003
  0.00000000E+000  0.00000000E+000  0.00000000E+000  0.00000000E+000  0.41913775E-001  0.36622201E+000  0.69242775E+001  0.46437440E+002  0.11357518E+003  0.30065345E+003  0.59030759E+003
  0.00000000E+000  0.00000000E+000  0.00000000E+000  0.00000000E+000  0.41916089E-001  0.36622673E+000  0.69243033E+001  0.46437500E+002  0.11357523E+003  0.30065352E+003  0.59030804E+003
  0.00000000E+000  0.00000000E+000  0.00000000E+000  0.00000000E+000  0.41918362E-001  0.36623143E+000  0.69243297E+001  0.46437561E+002  0.11357529E+003  0.30065359E+003  0.59030849E+003
  0.00000000E+000  0.00000000E+000  0.00000000E+000  0.00000000E+000  0.41920607E-001  0.36623610E+000  0.69243567E+001  0.46437623E+002  0.11357536E+003  0.30065366E+003  0.59030895E+003
  0.00000000E+000  0.00000000E+000  0.00000000E+000  0.00000000E+000  0.41922833E-001  0.36624076E+000  0.69243843E+001  0.46437687E+002  0.11357542E+003  0.30065374E+003  0.59030941E+003
  0.00000000E+000  0.00000000E+000  0.00000000E+000  0.00000000E+000  0.41925050E-001  0.36624540E+000  0.69244126E+001  0.46437753E+002  0.11357548E+003  0.30065381E+003  0.59030988E+003
  0.00000000E+000  0.00000000E+000  0.00000000E+000  0.00000000E+000  0.41927264E-001  0.36625002E+000  0.69244418E+001  0.46437821E+002  0.11357555E+003  0.30065389E+003  0.59031035E+003
  0.00000000E+000  0.00000000E+000  0.00000000E+000  0.00000000E+000  0.41929481E-001  0.36625464E+000  0.69244717E+001  0.46437890E+002  0.11357562E+003  0.30065397E+003  0.59031083E+003
  0.00000000E+000  0.00000000E+000  0.00000000E+000  0.00000000E+000  0.41931707E-001  0.36625925E+000  0.69245026E+001  0.46437962E+002  0.11357570E+003  0.30065405E+003  0.59031132E+003
  0.00000000E+000  0.00000000E+000  0.00000000E+000  0.00000000E+000  0.41933945E-001  0.36626387E+000  0.69245346E+001  0.46438036E+002  0.11357577E+003  0.30065414E+003  0.59031182E+003
  0.00000000E+000  0.00000000E+000  0.00000000E+000  0.00000000E+000  0.41936201E-001  0.36626849E+000  0.69245676E+001  0.46438112E+002  0.11357585E+003  0.30065422E+003  0.59031232E+003
  0.00000000E+000  0.00000000E+000  0.00000000E+000  0.00000000E+000  0.41938477E-001  0.36627312E+000  0.69246017E+001  0.46438192E+002  0.11357593E+003  0.30065431E+003  0.59031284E+003
  0.00000000E+000  0.00000000E+000  0.00000000E+000  0.00000000E+000  0.41940776E-001  0.36627776E+000  0.69246371E+001  0.46438273E+002  0.11357602E+003  0.30065441E+003  0.59031337E+003
  0.00000000E+000  0.00000000E+000  0.00000000E+000  0.00000000E+000  0.41943101E-001  0.36628242E+000  0.69246738E+001  0.46438358E+002  0.11357611E+003  0.30065450E+003  0.59031391E+003
  0.00000000E+000  0.00000000E+000  0.00000000E+000  0.00000000E+000  0.41945456E-001  0.36628711E+000  0.69247119E+001  0.46438447E+002  0.11357620E+003  0.30065460E+003  0.59031447E+003
  0.00000000E+000  0.00000000E+000  0.00000000E+000  0.00000000E+000  0.41947843E-001  0.36629183E+000  0.69247515E+001  0.46438538E+002  0.11357630E+003  0.30065471E+003  0.59031503E+003
  0.00000000E+000  0.00000000E+000  0.00000000E+000  0.00000000E+000  0.41950265E-001  0.36629657E+000  0.69247926E+001  0.46438634E+002  0.11357640E+003  0.30065481E+003  0.59031562E+003
  0.00000000E+000  0.00000000E+000  0.00000000E+000  0.00000000E+000  0.41952725E-001  0.36630136E+000  0.69248353E+001  0.46438733E+002  0.11357650E+003  0.30065492E+003  0.59031621E+003
  0.00000000E+000  0.00000000E+000  0.00000000E+000  0.00000000E+000  0.41955225E-001  0.36630618E+000  0.69248797E+001  0.46438837E+002  0.11357661E+003  0.30065504E+003  0.59031683E+003
  0.00000000E+000  0.00000000E+000  0.00000000E+000  0.00000000E+000  0.41957769E-001  0.36631105E+000  0.69249259E+001  0.46438945E+002  0.11357673E+003  0.30065516E+003  0.59031746E+003
  0.00000000E+000  0.00000000E+000  0.00000000E+000  0.00000000E+000  0.41960360E-001  0.36631597E+000  0.69249739E+001  0.46439058E+002  0.11357685E+003  0.30065528E+003  0.59031811E+003
  0.00000000E+000  0.00000000E+000  0.00000000E+000  0.00000000E+000  0.41963002E-001  0.36632094E+000  0.69250237E+001  0.46439176E+002  0.11357697E+003  0.30065541E+003  0.59031877E+003
  0.00000000E+000  0.00000000E+000  0.00000000E+000  0.00000000E+000  0.41965696E-001  0.36632598E+000  0.69250755E+001  0.46439299E+002  0.11357710E+003  0.30065555E+003  0.59031946E+003
  0.00000000E+000  0.00000000E+000  0.00000000E+000  0.00000000E+000  0.41968447E-001  0.36633107E+000  0.69251294E+001  0.46439428E+002  0.11357724E+003  0.30065569E+003  0.59032017E+003
  0.00000000E+000  0.00000000E+000  0.00000000E+000  0.00000000E+000  0.41971258E-001  0.36633623E+000  0.69251853E+001  0.46439563E+002  0.11357739E+003  0.30065584E+003  0.59032089E+003
  0.00000000E+000  0.00000000E+000  0.00000000E+000  0.00000000E+000  0.41974132E-001  0.36634147E+000  0.69252434E+001  0.46439704E+002  0.11357754E+003  0.30065599E+003  0.59032164E+003
  0.00000000E+000  0.00000000E+000  0.00000000E+000  0.00000000E+000  0.41977072E-001  0.36634678E+000  0.69253036E+001  0.46439852E+002  0.11357770E+003  0.30065615E+003  0.59032241E+003
  0.00000000E+000  0.00000000E+000  0.00000000E+000  0.00000000E+000  0.41980082E-001  0.36635218E+000  0.69253662E+001  0.46440007E+002  0.11357786E+003  0.30065632E+003  0.59032321E+003
  0.00000000E+000  0.00000000E+000  0.00000000E+000  0.00000000E+000  0.41983165E-001  0.36635768E+000  0.69254310E+001  0.46440170E+002  0.11357804E+003  0.30065649E+003  0.59032402E+003
  0.00000000E+000  0.00000000E+000  0.00000000E+000  0.00000000E+000  0.41986322E-001  0.36636327E+000  0.69254982E+001  0.46440340E+002  0.11357822E+003  0.30065667E+003  0.59032487E+003
  0.00000000E+000  0.00000000E+000  0.00000000E+000  0.00000000E+000  0.41989556E-001  0.36636898E+000  0.69255678E+001  0.46440518E+002  0.11357842E+003  0.30065686E+003  0.59032573E+003
  0.00000000E+000  0.00000000E+000  0.00000000E+000  0.00000000E+000  0.41992870E-001  0.36637480E+000  0.69256400E+001  0.46440706E+002  0.11357862E+003  0.30065706E+003  0.59032662E+003
  0.00000000E+000  0.00000000E+000  0.00000000E+000  0.00000000E+000  0.41996264E-001  0.36638075E+000  0.69257146E+001  0.46440902E+002  0.11357883E+003  0.30065727E+003  0.59032754E+003
  0.00000000E+000  0.00000000E+000  0.00000000E+000  0.00000000E+000  0.41999739E-001  0.36638685E+000  0.69257919E+001  0.46441108E+002  0.11357905E+003  0.30065749E+003  0.59032848E+003
  0.00000000E+000  0.00000000E+000  0.00000000E+000  0.00000000E+000  0.42003296E-001  0.36639309E+000  0.69258717E+001  0.46441325E+002  0.11357929E+003  0.30065771E+003  0.59032945E+003
  0.00000000E+000  0.00000000E+000  0.00000000E+000  0.00000000E+000  0.42006933E-001  0.36639949E+000  0.69259543E+001  0.46441551E+002  0.11357953E+003  0.30065795E+003  0.59033044E+003
  0.00000000E+000  0.00000000E+000  0.00000000E+000  0.00000000E+000  0.42010650E-001  0.36640607E+000  0.69260396E+001  0.46441790E+002  0.11357979E+003  0.30065820E+003  0.59033147E+003
  0.00000000E+000  0.00000000E+000  0.00000000E+000  0.00000000E+000  0.42014445E-001  0.36641283E+000  0.69261277E+001  0.46442039E+002  0.11358006E+003  0.30065846E+003  0.59033251E+003
  0.00000000E+000  0.00000000E+000  0.00000000E+000  0.00000000E+000  0.42018315E-001  0.36641979E+000  0.69262185E+001  0.46442301E+002  0.11358034E+003  0.30065872E+003  0.59033359E+003
  0.00000000E+000  0.00000000E+000  0.00000000E+000  0.00000000E+000  0.42022256E-001  0.36642696E+000  0.69263122E+001  0.46442576E+002  0.11358064E+003  0.30065901E+003  0.59033469E+003
  0.00000000E+000  0.00000000E+000  0.00000000E+000  0.00000000E+000  0.42026263E-001  0.36643436E+000  0.69264088E+001  0.46442865E+002  0.11358095E+003  0.30065930E+003  0.59033582E+003
  0.00000000E+000  0.00000000E+000  0.00000000E+000  0.00000000E+000  0.42030332E-001  0.36644199E+000  0.69265082E+001  0.46443167E+002  0.11358128E+003  0.30065961E+003  0.59033698E+003
  0.00000000E+000  0.00000000E+000  0.00000000E+000  0.00000000E+000  0.42034456E-001  0.36644987E+000  0.69266106E+001  0.46443485E+002  0.11358162E+003  0.30065993E+003  0.59033816E+003
  0.00000000E+000  0.00000000E+000  0.00000000E+000  0.00000000E+000  0.42038629E-001  0.36645802E+000  0.69267158E+001  0.46443817E+002  0.11358199E+003  0.30066027E+003  0.59033937E+003
  0.00000000E+000  0.00000000E+000  0.00000000E+000  0.00000000E+000  0.42042843E-001  0.36646644E+000  0.69268240E+001  0.46444166E+002  0.11358237E+003  0.30066062E+003  0.59034061E+003
  0.00000000E+000  0.00000000E+000  0.00000000E+000  0.00000000E+000  0.42047089E-001  0.36647515E+000  0.69269351E+001  0.46444531E+002  0.11358276E+003  0.30066098E+003  0.59034187E+003
  0.00000000E+000  0.00000000E+000  0.00000000E+000  0.00000000E+000  0.42051360E-001  0.36648417E+000  0.69270492E+001  0.46444914E+002  0.11358318E+003  0.30066137E+003  0.59034316E+003
  0.00000000E+000  0.00000000E+000  0.00000000E+000  0.00000000E+000  0.42055645E-001  0.36649349E+000  0.69271662E+001  0.46445314E+002  0.11358362E+003  0.30066177E+003  0.59034447E+003
  0.00000000E+000  0.00000000E+000  0.00000000E+000  0.00000000E+000  0.42059935E-001  0.36650314E+000  0.69272861E+001  0.46445733E+002  0.11358408E+003  0.30066218E+003  0.59034581E+003
  0.00000000E+000  0.00000000E+000  0.00000000E+000  0.00000000E+000  0.42064220E-001  0.36651312E+000  0.69274089E+001  0.46446172E+002  0.11358457E+003  0.30066262E+003  0.59034718E+003
  0.00000000E+000  0.00000000E+000  0.00000000E+000  0.00000000E+000  0.42068490E-001  0.36652344E+000  0.69275346E+001  0.46446630E+002  0.11358507E+003  0.30066308E+003  0.59034857E+003
  0.00000000E+000  0.00000000E+000  0.00000000E+000  0.00000000E+000  0.42072733E-001  0.36653413E+000  0.69276633E+001  0.46447108E+002  0.11358560E+003  0.30066356E+003  0.59034998E+003
  0.00000000E+000  0.00000000E+000  0.00000000E+000  0.00000000E+000  0.42076941E-001  0.36654518E+000  0.69277948E+001  0.46447608E+002  0.11358616E+003  0.30066405E+003  0.59035142E+003
  0.00000000E+000  0.00000000E+000  0.00000000E+000  0.00000000E+000  0.42081103E-001  0.36655660E+000  0.69279292E+001  0.46448129E+002  0.11358675E+003  0.30066458E+003  0.59035287E+003
  0.00000000E+000  0.00000000E+000  0.00000000E+000  0.00000000E+000  0.42085209E-001  0.36656841E+000  0.69280664E+001  0.46448672E+002  0.11358736E+003  0.30066512E+003  0.59035435E+003
  0.00000000E+000  0.00000000E+000  0.00000000E+000  0.00000000E+000  0.42089249E-001  0.36658061E+000  0.69282064E+001  0.46449237E+002  0.11358801E+003  0.30066569E+003  0.59035586E+003
  0.00000000E+000  0.00000000E+000  0.00000000E+000  0.00000000E+000  0.42093213E-001  0.36659321E+000  0.69283492E+001  0.46449825E+002  0.11358868E+003  0.30066629E+003  0.59035738E+003
  0.00000000E+000  0.00000000E+000  0.00000000E+000  0.00000000E+000  0.42097095E-001  0.36660622E+000  0.69284948E+001  0.46450436E+002  0.11358939E+003  0.30066691E+003  0.59035892E+003
  0.00000000E+000  0.00000000E+000  0.00000000E+000  0.00000000E+000  0.42100884E-001  0.36661963E+000  0.69286430E+001  0.46451070E+002  0.11359013E+003  0.30066757E+003  0.59036049E+003
  0.00000000E+000  0.00000000E+000  0.00000000E+000  0.00000000E+000  0.42104574E-001  0.36663346E+000  0.69287939E+001  0.46451728E+002  0.11359090E+003  0.30066825E+003  0.59036207E+003
  0.00000000E+000  0.00000000E+000  0.00000000E+000  0.00000000E+000  0.42108160E-001  0.36664770E+000  0.69289474E+001  0.46452409E+002  0.11359171E+003  0.30066896E+003  0.59036367E+003
  0.00000000E+000  0.00000000E+000  0.00000000E+000  0.00000000E+000  0.42111633E-001  0.36666236E+000  0.69291033E+001  0.46453115E+002  0.11359256E+003  0.30066971E+003  0.59036530E+003
  0.00000000E+000  0.00000000E+000  0.00000000E+000  0.00000000E+000  0.42114991E-001  0.36667743E+000  0.69292617E+001  0.46453844E+002  0.11359345E+003  0.30067050E+003  0.59036694E+003
  0.00000000E+000  0.00000000E+000  0.00000000E+000  0.00000000E+000  0.42118229E-001  0.36669291E+000  0.69294225E+001  0.46454597E+002  0.11359437E+003  0.30067132E+003  0.59036859E+003
  0.00000000E+000  0.00000000E+000  0.00000000E+000  0.00000000E+000  0.42121345E-001  0.36670879E+000  0.69295856E+001  0.46455373E+002  0.11359533E+003  0.30067218E+003  0.59037027E+003
  0.00000000E+000  0.00000000E+000  0.00000000E+000  0.00000000E+000  0.42124335E-001  0.36672507E+000  0.69297508E+001  0.46456174E+002  0.11359634E+003  0.30067308E+003  0.59037197E+003
  0.00000000E+000  0.00000000E+000  0.00000000E+000  0.00000000E+000  0.42127200E-001  0.36674172E+000  0.69299182E+001  0.46456997E+002  0.11359738E+003  0.30067402E+003  0.59037368E+003
  0.00000000E+000  0.00000000E+000  0.00000000E+000  0.00000000E+000  0.42129938E-001  0.36675875E+000  0.69300876E+001  0.46457843E+002  0.11359847E+003  0.30067501E+003  0.59037541E+003
  0.00000000E+000  0.00000000E+000  0.00000000E+000  0.00000000E+000  0.42132551E-001  0.36677612E+000  0.69302590E+001  0.46458712E+002  0.11359960E+003  0.30067605E+003  0.59037716E+003
  0.00000000E+000  0.00000000E+000  0.00000000E+000  0.00000000E+000  0.42135039E-001  0.36679382E+000  0.69304322E+001  0.46459603E+002  0.11360078E+003  0.30067713E+003  0.59037893E+003
  0.00000000E+000  0.00000000E+000  0.00000000E+000  0.00000000E+000  0.42137404E-001  0.36681182E+000  0.69306071E+001  0.46460515E+002  0.11360200E+003  0.30067827E+003  0.59038072E+003
  0.00000000E+000  0.00000000E+000  0.00000000E+000  0.00000000E+000  0.42139650E-001  0.36683011E+000  0.69307838E+001  0.46461449E+002  0.11360326E+003  0.30067946E+003  0.59038253E+003
  0.00000000E+000  0.00000000E+000  0.00000000E+000  0.00000000E+000  0.42141778E-001  0.36684864E+000  0.69309621E+001  0.46462403E+002  0.11360457E+003  0.30068072E+003  0.59038436E+003
  0.00000000E+000  0.00000000E+000  0.00000000E+000  0.00000000E+000  0.42143793E-001  0.36686740E+000  0.69311419E+001  0.46463376E+002  0.11360592E+003  0.30068203E+003  0.59038621E+003
  0.00000000E+000  0.00000000E+000  0.00000000E+000  0.00000000E+000  0.42145699E-001  0.36688633E+000  0.69313232E+001  0.46464369E+002  0.11360732E+003  0.30068340E+003  0.59038809E+003
  0.00000000E+000  0.00000000E+000  0.00000000E+000  0.00000000E+000  0.42147499E-001  0.36690542E+000  0.69315059E+001  0.46465381E+002  0.11360877E+003  0.30068484E+003  0.59039000E+003
  0.00000000E+000  0.00000000E+000  0.00000000E+000  0.00000000E+000  0.42149198E-001  0.36692461E+000  0.69316900E+001  0.46466410E+002  0.11361026E+003  0.30068635E+003  0.59039193E+003
  0.00000000E+000  0.00000000E+000  0.00000000E+000  0.00000000E+000  0.42150801E-001  0.36694388E+000  0.69318754E+001  0.46467456E+002  0.11361179E+003  0.30068793E+003  0.59039389E+003
  0.00000000E+000  0.00000000E+000  0.00000000E+000  0.00000000E+000  0.42152311E-001  0.36696317E+000  0.69320620E+001  0.46468518E+002  0.11361337E+003  0.30068958E+003  0.59039588E+003
  0.00000000E+000  0.00000000E+000  0.00000000E+000  0.00000000E+000  0.42153734E-001  0.36698245E+000  0.69322499E+001  0.46469596E+002  0.11361500E+003  0.30069131E+003  0.59039791E+003
  0.00000000E+000  0.00000000E+000  0.00000000E+000  0.00000000E+000  0.42155074E-001  0.36700167E+000  0.69324390E+001  0.46470688E+002  0.11361667E+003  0.30069312E+003  0.59039998E+003
  0.00000000E+000  0.00000000E+000  0.00000000E+000  0.00000000E+000  0.42156336E-001  0.36702079E+000  0.69326292E+001  0.46471794E+002  0.11361838E+003  0.30069502E+003  0.59040208E+003
  0.00000000E+000  0.00000000E+000  0.00000000E+000  0.00000000E+000  0.42157523E-001  0.36703977E+000  0.69328206E+001  0.46472913E+002  0.11362014E+003  0.30069700E+003  0.59040423E+003
  0.00000000E+000  0.00000000E+000  0.00000000E+000  0.00000000E+000  0.42158640E-001  0.36705856E+000  0.69330131E+001  0.46474044E+002  0.11362194E+003  0.30069907E+003  0.59040643E+003
  0.00000000E+000  0.00000000E+000  0.00000000E+000  0.00000000E+000  0.42159690E-001  0.36707713E+000  0.69332067E+001  0.46475186E+002  0.11362379E+003  0.30070123E+003  0.59040868E+003
  0.00000000E+000  0.00000000E+000  0.00000000E+000  0.00000000E+000  0.42160678E-001  0.36709544E+000  0.69334014E+001  0.46476338E+002  0.11362567E+003  0.30070349E+003  0.59041098E+003
  0.00000000E+000  0.00000000E+000  0.00000000E+000  0.00000000E+000  0.42161608E-001  0.36711344E+000  0.69335971E+001  0.46477500E+002  0.11362760E+003  0.30070585E+003  0.59041334E+003
  0.00000000E+000  0.00000000E+000  0.00000000E+000  0.00000000E+000  0.42162481E-001  0.36713110E+000  0.69337940E+001  0.46478670E+002  0.11362957E+003  0.30070830E+003  0.59041577E+003
  0.00000000E+000  0.00000000E+000  0.00000000E+000  0.00000000E+000  0.42163302E-001  0.36714840E+000  0.69339918E+001  0.46479847E+002  0.11363158E+003  0.30071086E+003  0.59041827E+003
  0.00000000E+000  0.00000000E+000  0.00000000E+000  0.00000000E+000  0.42164074E-001  0.36716529E+000  0.69341907E+001  0.46481032E+002  0.11363363E+003  0.30071353E+003  0.59042084E+003
  0.00000000E+000  0.00000000E+000  0.00000000E+000  0.00000000E+000  0.42164799E-001  0.36718175E+000  0.69343906E+001  0.46482222E+002  0.11363571E+003  0.30071630E+003  0.59042349E+003
  0.00000000E+000  0.00000000E+000  0.00000000E+000  0.00000000E+000  0.42165480E-001  0.36719776E+000  0.69345914E+001  0.46483418E+002  0.11363783E+003  0.30071919E+003  0.59042622E+003
  0.00000000E+000  0.00000000E+000  0.00000000E+000  0.00000000E+000  0.42166119E-001  0.36721329E+000  0.69347931E+001  0.46484617E+002  0.11363999E+003  0.30072219E+003  0.59042905E+003
  0.00000000E+000  0.00000000E+000  0.00000000E+000  0.00000000E+000  0.42166719E-001  0.36722833E+000  0.69349957E+001  0.46485820E+002  0.11364218E+003  0.30072530E+003  0.59043197E+003
  0.00000000E+000  0.00000000E+000  0.00000000E+000  0.00000000E+000  0.42167281E-001  0.36724286E+000  0.69351991E+001  0.46487025E+002  0.11364441E+003  0.30072853E+003  0.59043500E+003
  0.00000000E+000  0.00000000E+000  0.00000000E+000  0.00000000E+000  0.42167809E-001  0.36725687E+000  0.69354032E+001  0.46488232E+002  0.11364666E+003  0.30073189E+003  0.59043813E+003
  0.00000000E+000  0.00000000E+000  0.00000000E+000  0.00000000E+000  0.42168303E-001  0.36727035E+000  0.69356079E+001  0.46489440E+002  0.11364895E+003  0.30073536E+003  0.59044138E+003
  0.00000000E+000  0.00000000E+000  0.00000000E+000  0.00000000E+000  0.42168766E-001  0.36728329E+000  0.69358131E+001  0.46490648E+002  0.11365126E+003  0.30073895E+003  0.59044476E+003
  0.00000000E+000  0.00000000E+000  0.00000000E+000  0.00000000E+000  0.42169199E-001  0.36729570E+000  0.69360187E+001  0.46491854E+002  0.11365360E+003  0.30074267E+003  0.59044826E+003
  0.00000000E+000  0.00000000E+000  0.00000000E+000  0.00000000E+000  0.42169604E-001  0.36730756E+000  0.69362246E+001  0.46493060E+002  0.11365597E+003  0.30074651E+003  0.59045189E+003
  0.00000000E+000  0.00000000E+000  0.00000000E+000  0.00000000E+000  0.42169982E-001  0.36731889E+000  0.69364306E+001  0.46494263E+002  0.11365835E+003  0.30075047E+003  0.59045567E+003
  0.00000000E+000  0.00000000E+000  0.00000000E+000  0.00000000E+000  0.42170335E-001  0.36732969E+000  0.69366365E+001  0.46495463E+002  0.11366076E+003  0.30075456E+003  0.59045960E+003
  0.00000000E+000  0.00000000E+000  0.00000000E+000  0.00000000E+000  0.42170664E-001  0.36733996E+000  0.69368421E+001  0.46496659E+002  0.11366319E+003  0.30075878E+003  0.59046368E+003
  0.00000000E+000  0.00000000E+000  0.00000000E+000  0.00000000E+000  0.42170971E-001  0.36734971E+000  0.69370473E+001  0.46497851E+002  0.11366564E+003  0.30076312E+003  0.59046793E+003
  0.00000000E+000  0.00000000E+000  0.00000000E+000  0.00000000E+000  0.42171257E-001  0.36735895E+000  0.69372517E+001  0.46499038E+002  0.11366811E+003  0.30076758E+003  0.59047234E+003
  0.00000000E+000  0.00000000E+000  0.00000000E+000  0.00000000E+000  0.42171522E-001  0.36736771E+000  0.69374553E+001  0.46500220E+002  0.11367059E+003  0.30077217E+003  0.59047693E+003
  0.00000000E+000  0.00000000E+000  0.00000000E+000  0.00000000E+000  0.42171769E-001  0.36737598E+000  0.69376577E+001  0.46501396E+002  0.11367308E+003  0.30077688E+003  0.59048170E+003
  0.00000000E+000  0.00000000E+000  0.00000000E+000  0.00000000E+000  0.42171998E-001  0.36738378E+000  0.69378587E+001  0.46502565E+002  0.11367558E+003  0.30078172E+003  0.59048665E+003
  0.00000000E+000  0.00000000E+000  0.00000000E+000  0.00000000E+000  0.42172211E-001  0.36739114E+000  0.69380581E+001  0.46503727E+002  0.11367809E+003  0.30078667E+003  0.59049180E+003
  0.00000000E+000  0.00000000E+000  0.00000000E+000  0.00000000E+000  0.42172408E-001  0.36739805E+000  0.69382555E+001  0.46504881E+002  0.11368061E+003  0.30079174E+003  0.59049714E+003
  0.00000000E+000  0.00000000E+000  0.00000000E+000  0.00000000E+000  0.42172590E-001  0.36740455E+000  0.69384508E+001  0.46506027E+002  0.11368313E+003  0.30079693E+003  0.59050269E+003
  0.00000000E+000  0.00000000E+000  0.00000000E+000  0.00000000E+000  0.42172758E-001  0.36741065E+000  0.69386436E+001  0.46507165E+002  0.11368565E+003  0.30080223E+003  0.59050844E+003
  0.00000000E+000  0.00000000E+000  0.00000000E+000  0.00000000E+000  0.42172914E-001  0.36741637E+000  0.69388338E+001  0.46508294E+002  0.11368818E+003  0.30080765E+003  0.59051440E+003
  0.00000000E+000  0.00000000E+000  0.00000000E+000  0.00000000E+000  0.42173057E-001  0.36742172E+000  0.69390209E+001  0.46509414E+002  0.11369071E+003  0.30081317E+003  0.59052058E+003
  0.00000000E+000  0.00000000E+000  0.00000000E+000  0.00000000E+000  0.42173190E-001  0.36742671E+000  0.69392049E+001  0.46510524E+002  0.11369323E+003  0.30081879E+003  0.59052698E+003
  0.00000000E+000  0.00000000E+000  0.00000000E+000  0.00000000E+000  0.42173311E-001  0.36743138E+000  0.69393855E+001  0.46511624E+002  0.11369575E+003  0.30082452E+003  0.59053360E+003
  0.00000000E+000  0.00000000E+000  0.00000000E+000  0.00000000E+000  0.42173423E-001  0.36743573E+000  0.69395623E+001  0.46512714E+002  0.11369827E+003  0.30083034E+003  0.59054044E+003
  0.00000000E+000  0.00000000E+000  0.00000000E+000  0.00000000E+000  0.42173526E-001  0.36743979E+000  0.69397354E+001  0.46513793E+002  0.11370077E+003  0.30083626E+003  0.59054751E+003
  0.00000000E+000  0.00000000E+000  0.00000000E+000  0.00000000E+000  0.42173621E-001  0.36744356E+000  0.69399043E+001  0.46514861E+002  0.11370327E+003  0.30084226E+003  0.59055480E+003
  0.00000000E+000  0.00000000E+000  0.00000000E+000  0.00000000E+000  0.42173708E-001  0.36744706E+000  0.69400690E+001  0.46515918E+002  0.11370576E+003  0.30084835E+003  0.59056232E+003
  0.00000000E+000  0.00000000E+000  0.00000000E+000  0.00000000E+000  0.42173787E-001  0.36745032E+000  0.69402293E+001  0.46516963E+002  0.11370823E+003  0.30085452E+003  0.59057007E+003
  0.00000000E+000  0.00000000E+000  0.00000000E+000  0.00000000E+000  0.42173860E-001  0.36745334E+000  0.69403850E+001  0.46517996E+002  0.11371069E+003  0.30086077E+003  0.59057804E+003
  0.00000000E+000  0.00000000E+000  0.00000000E+000  0.00000000E+000  0.42173926E-001  0.36745613E+000  0.69405360E+001  0.46519017E+002  0.11371314E+003  0.30086708E+003  0.59058624E+003
  0.00000000E+000  0.00000000E+000  0.00000000E+000  0.00000000E+000  0.42173987E-001  0.36745872E+000  0.69406823E+001  0.46520026E+002  0.11371556E+003  0.30087346E+003  0.59059467E+003
  0.00000000E+000  0.00000000E+000  0.00000000E+000  0.00000000E+000  0.42174042E-001  0.36746112E+000  0.69408237E+001  0.46521021E+002  0.11371797E+003  0.30087990E+003  0.59060332E+003
  0.00000000E+000  0.00000000E+000  0.00000000E+000  0.00000000E+000  0.42174093E-001  0.36746334E+000  0.69409602E+001  0.46522004E+002  0.11372037E+003  0.30088639E+003  0.59061218E+003
  0.00000000E+000  0.00000000E+000  0.00000000E+000  0.00000000E+000  0.42174139E-001  0.36746538E+000  0.69410917E+001  0.46522973E+002  0.11372274E+003  0.30089293E+003  0.59062126E+003
  0.00000000E+000  0.00000000E+000  0.00000000E+000  0.00000000E+000  0.42174181E-001  0.36746727E+000  0.69412182E+001  0.46523927E+002  0.11372509E+003  0.30089951E+003  0.59063055E+003
  0.00000000E+000  0.00000000E+000  0.00000000E+000  0.00000000E+000  0.42174219E-001  0.36746901E+000  0.69413397E+001  0.46524868E+002  0.11372741E+003  0.30090613E+003  0.59064005E+003
  0.00000000E+000  0.00000000E+000  0.00000000E+000  0.00000000E+000  0.42174254E-001  0.36747061E+000  0.69414563E+001  0.46525794E+002  0.11372972E+003  0.30091278E+003  0.59064975E+003
  0.00000000E+000  0.00000000E+000  0.00000000E+000  0.00000000E+000  0.42174285E-001  0.36747209E+000  0.69415679E+001  0.46526705E+002  0.11373199E+003  0.30091946E+003  0.59065964E+003
  0.00000000E+000  0.00000000E+000  0.00000000E+000  0.00000000E+000  0.42174314E-001  0.36747345E+000  0.69416746E+001  0.46527601E+002  0.11373425E+003  0.30092616E+003  0.59066972E+003
  0.00000000E+000  0.00000000E+000  0.00000000E+000  0.00000000E+000  0.42174340E-001  0.36747469E+000  0.69417764E+001  0.46528481E+002  0.11373647E+003  0.30093287E+003  0.59067999E+003
  0.00000000E+000  0.00000000E+000  0.00000000E+000  0.00000000E+000  0.42174364E-001  0.36747584E+000  0.69418735E+001  0.46529345E+002  0.11373867E+003  0.30093959E+003  0.59069043E+003
  0.00000000E+000  0.00000000E+000  0.00000000E+000  0.00000000E+000  0.42174385E-001  0.36747689E+000  0.69419660E+001  0.46530193E+002  0.11374084E+003  0.30094631E+003  0.59070103E+003
  0.00000000E+000  0.00000000E+000  0.00000000E+000  0.00000000E+000  0.42174404E-001  0.36747786E+000  0.69420538E+001  0.46531024E+002  0.11374298E+003  0.30095303E+003  0.59071179E+003
  0.00000000E+000  0.00000000E+000  0.00000000E+000  0.00000000E+000  0.42174422E-001  0.36747874E+000  0.69421373E+001  0.46531838E+002  0.11374509E+003  0.30095975E+003  0.59072271E+003
  0.00000000E+000  0.00000000E+000  0.00000000E+000  0.00000000E+000  0.42174438E-001  0.36747955E+000  0.69422163E+001  0.46532635E+002  0.11374717E+003  0.30096645E+003  0.59073376E+003
  0.00000000E+000  0.00000000E+000  0.00000000E+000  0.00000000E+000  0.42174452E-001  0.36748029E+000  0.69422912E+001  0.46533415E+002  0.11374922E+003  0.30097313E+003  0.59074494E+003
  0.00000000E+000  0.00000000E+000  0.00000000E+000  0.00000000E+000  0.42174465E-001  0.36748097E+000  0.69423620E+001  0.46534176E+002  0.11375124E+003  0.30097979E+003  0.59075625E+003
  0.00000000E+000  0.00000000E+000  0.00000000E+000  0.00000000E+000  0.42174476E-001  0.36748159E+000  0.69424288E+001  0.46534919E+002  0.11375322E+003  0.30098642E+003  0.59076766E+003
  0.00000000E+000  0.00000000E+000  0.00000000E+000  0.00000000E+000  0.42174487E-001  0.36748216E+000  0.69424918E+001  0.46535645E+002  0.11375518E+003  0.30099302E+003  0.59077918E+003
  0.00000000E+000  0.00000000E+000  0.00000000E+000  0.00000000E+000  0.42174496E-001  0.36748268E+000  0.69425512E+001  0.46536351E+002  0.11375709E+003  0.30099958E+003  0.59079078E+003
  0.00000000E+000  0.00000000E+000  0.00000000E+000  0.00000000E+000  0.42174505E-001  0.36748315E+000  0.69426071E+001  0.46537039E+002  0.11375898E+003  0.30100609E+003  0.59080247E+003
  0.00000000E+000  0.00000000E+000  0.00000000E+000  0.00000000E+000  0.42174513E-001  0.36748359E+000  0.69426596E+001  0.46537708E+002  0.11376083E+003  0.30101256E+003  0.59081423E+003
  0.00000000E+000  0.00000000E+000  0.00000000E+000  0.00000000E+000  0.42174520E-001  0.36748398E+000  0.69427089E+001  0.46538358E+002  0.11376264E+003  0.30101898E+003  0.59082604E+003
  0.00000000E+000  0.00000000E+000  0.00000000E+000  0.00000000E+000  0.42174526E-001  0.36748434E+000  0.69427551E+001  0.46538989E+002  0.11376442E+003  0.30102534E+003  0.59083791E+003
  0.00000000E+000  0.00000000E+000  0.00000000E+000  0.00000000E+000  0.42174531E-001  0.36748467E+000  0.69427984E+001  0.46539601E+002  0.11376616E+003  0.30103165E+003  0.59084981E+003
  0.00000000E+000  0.00000000E+000  0.00000000E+000  0.00000000E+000  0.42174536E-001  0.36748497E+000  0.69428389E+001  0.46540194E+002  0.11376787E+003  0.30103789E+003  0.59086174E+003
  0.00000000E+000  0.00000000E+000  0.00000000E+000  0.00000000E+000  0.42174541E-001  0.36748524E+000  0.69428768E+001  0.46540767E+002  0.11376954E+003  0.30104406E+003  0.59087368E+003
  0.00000000E+000  0.00000000E+000  0.00000000E+000  0.00000000E+000  0.42174545E-001  0.36748549E+000  0.69429122E+001  0.46541322E+002  0.11377118E+003  0.30105017E+003  0.59088563E+003
  0.00000000E+000  0.00000000E+000  0.00000000E+000  0.00000000E+000  0.42174549E-001  0.36748571E+000  0.69429452E+001  0.46541858E+002  0.11377277E+003  0.30105620E+003  0.59089758E+003
  0.00000000E+000  0.00000000E+000  0.00000000E+000  0.00000000E+000  0.42174552E-001  0.36748591E+000  0.69429760E+001  0.46542374E+002  0.11377433E+003  0.30106216E+003  0.59090951E+003
  0.00000000E+000  0.00000000E+000  0.00000000E+000  0.00000000E+000  0.42174555E-001  0.36748610E+000  0.69430046E+001  0.46542872E+002  0.11377586E+003  0.30106804E+003  0.59092141E+003
  0.00000000E+000  0.00000000E+000  0.00000000E+000  0.00000000E+000  0.42174558E-001  0.36748627E+000  0.69430313E+001  0.46543352E+002  0.11377734E+003  0.30107384E+003  0.59093328E+003
  0.00000000E+000  0.00000000E+000  0.00000000E+000  0.00000000E+000  0.42174560E-001  0.36748642E+000  0.69430561E+001  0.46543813E+002  0.11377879E+003  0.30107955E+003  0.59094511E+003
  0.00000000E+000  0.00000000E+000  0.00000000E+000  0.00000000E+000  0.42174562E-001  0.36748656E+000  0.69430791E+001  0.46544257E+002  0.11378020E+003  0.30108518E+003  0.59095688E+003
  0.00000000E+000  0.00000000E+000  0.00000000E+000  0.00000000E+000  0.42174564E-001  0.36748669E+000  0.69431005E+001  0.46544682E+002  0.11378158E+003  0.30109072E+003  0.59096859E+003
  0.00000000E+000  0.00000000E+000  0.00000000E+000  0.00000000E+000  0.42174566E-001  0.36748680E+000  0.69431204E+001  0.46545090E+002  0.11378291E+003  0.30109616E+003  0.59098023E+003
  0.00000000E+000  0.00000000E+000  0.00000000E+000  0.00000000E+000  0.42174567E-001  0.36748691E+000  0.69431388E+001  0.46545481E+002  0.11378421E+003  0.30110152E+003  0.59099178E+003
  0.00000000E+000  0.00000000E+000  0.00000000E+000  0.00000000E+000  0.42174569E-001  0.36748700E+000  0.69431558E+001  0.46545855E+002  0.11378547E+003  0.30110678E+003  0.59100325E+003
  0.00000000E+000  0.00000000E+000  0.00000000E+000  0.00000000E+000  0.42174570E-001  0.36748709E+000  0.69431715E+001  0.46546213E+002  0.11378670E+003  0.30111195E+003  0.59101462E+003
  0.00000000E+000  0.00000000E+000  0.00000000E+000  0.00000000E+000  0.42174571E-001  0.36748716E+000  0.69431861E+001  0.46546554E+002  0.11378788E+003  0.30111702E+003  0.59102589E+003
  0.00000000E+000  0.00000000E+000  0.00000000E+000  0.00000000E+000  0.42174572E-001  0.36748723E+000  0.69431996E+001  0.46546880E+002  0.11378903E+003  0.30112200E+003  0.59103705E+003
  0.00000000E+000  0.00000000E+000  0.00000000E+000  0.00000000E+000  0.42174573E-001  0.36748730E+000  0.69432120E+001  0.46547191E+002  0.11379015E+003  0.30112687E+003  0.59104808E+003
  0.00000000E+000  0.00000000E+000  0.00000000E+000  0.00000000E+000  0.42174574E-001  0.36748736E+000  0.69432235E+001  0.46547487E+002  0.11379122E+003  0.30113164E+003  0.59105900E+003
  0.00000000E+000  0.00000000E+000  0.00000000E+000  0.00000000E+000  0.42174574E-001  0.36748741E+000  0.69432341E+001  0.46547768E+002  0.11379227E+003  0.30113632E+003  0.59106978E+003
  0.00000000E+000  0.00000000E+000  0.00000000E+000  0.00000000E+000  0.42174575E-001  0.36748745E+000  0.69432438E+001  0.46548036E+002  0.11379327E+003  0.30114089E+003  0.59108042E+003
  0.00000000E+000  0.00000000E+000  0.00000000E+000  0.00000000E+000  0.42174576E-001  0.36748750E+000  0.69432528E+001  0.46548290E+002  0.11379424E+003  0.30114536E+003  0.59109093E+003
  0.00000000E+000  0.00000000E+000  0.00000000E+000  0.00000000E+000  0.42174576E-001  0.36748754E+000  0.69432611E+001  0.46548531E+002  0.11379518E+003  0.30114973E+003  0.59110128E+003
  0.00000000E+000  0.00000000E+000  0.00000000E+000  0.00000000E+000  0.42174577E-001  0.36748757E+000  0.69432687E+001  0.46548759E+002  0.11379608E+003  0.30115399E+003  0.59111149E+003
  0.00000000E+000  0.00000000E+000  0.00000000E+000  0.00000000E+000  0.42174577E-001  0.36748760E+000  0.69432757E+001  0.46548976E+002  0.11379695E+003  0.30115815E+003  0.59112153E+003
  0.00000000E+000  0.00000000E+000  0.00000000E+000  0.00000000E+000  0.42174577E-001  0.36748763E+000  0.69432822E+001  0.46549181E+002  0.11379779E+003  0.30116221E+003  0.59113142E+003
  0.00000000E+000  0.00000000E+000  0.00000000E+000  0.00000000E+000  0.42174578E-001  0.36748766E+000  0.69432881E+001  0.46549374E+002  0.11379860E+003  0.30116617E+003  0.59114114E+003
  0.00000000E+000  0.00000000E+000  0.00000000E+000  0.00000000E+000  0.42174578E-001  0.36748768E+000  0.69432935E+001  0.46549557E+002  0.11379937E+003  0.30117002E+003  0.59115069E+003
  0.00000000E+000  0.00000000E+000  0.00000000E+000  0.00000000E+000  0.42174578E-001  0.36748770E+000  0.69432985E+001  0.46549729E+002  0.11380011E+003  0.30117377E+003  0.59116007E+003
  0.00000000E+000  0.00000000E+000  0.00000000E+000  0.00000000E+000  0.42174578E-001  0.36748772E+000  0.69433031E+001  0.46549892E+002  0.11380082E+003  0.30117742E+003  0.59116928E+003
  0.00000000E+000  0.00000000E+000  0.00000000E+000  0.00000000E+000  0.42174579E-001  0.36748774E+000  0.69433073E+001  0.46550045E+002  0.11380150E+003  0.30118097E+003  0.59117831E+003
  0.00000000E+000  0.00000000E+000  0.00000000E+000  0.00000000E+000  0.42174579E-001  0.36748775E+000  0.69433112E+001  0.46550190E+002  0.11380216E+003  0.30118441E+003  0.59118716E+003
  0.00000000E+000  0.00000000E+000  0.00000000E+000  0.00000000E+000  0.42174579E-001  0.36748777E+000  0.69433147E+001  0.46550325E+002  0.11380278E+003  0.30118776E+003  0.59119583E+003
  0.00000000E+000  0.00000000E+000  0.00000000E+000  0.00000000E+000  0.42174579E-001  0.36748778E+000  0.69433179E+001  0.46550453E+002  0.11380338E+003  0.30119100E+003  0.59120431E+003
  0.00000000E+000  0.00000000E+000  0.00000000E+000  0.00000000E+000  0.42174579E-001  0.36748779E+000  0.69433209E+001  0.46550573E+002  0.11380395E+003  0.30119415E+003  0.59121261E+003
  0.00000000E+000  0.00000000E+000  0.00000000E+000  0.00000000E+000  0.42174579E-001  0.36748780E+000  0.69433236E+001  0.46550685E+002  0.11380449E+003  0.30119720E+003  0.59122073E+003
  0.00000000E+000  0.00000000E+000  0.00000000E+000  0.00000000E+000  0.42174579E-001  0.36748781E+000  0.69433260E+001  0.46550790E+002  0.11380501E+003  0.30120015E+003  0.59122866E+003
  0.00000000E+000  0.00000000E+000  0.00000000E+000  0.00000000E+000  0.42174580E-001  0.36748782E+000  0.69433283E+001  0.46550889E+002  0.11380550E+003  0.30120300E+003  0.59123640E+003
  0.00000000E+000  0.00000000E+000  0.00000000E+000  0.00000000E+000  0.42174580E-001  0.36748783E+000  0.69433304E+001  0.46550982E+002  0.11380598E+003  0.30120577E+003  0.59124396E+003
