  0.15761762E+000  0.20494845E+000  0.39912220E+000  0.60098654E+000  0.91352018E+000  0.10528233E+001  0.15622977E+001  0.34611450E+001  0.50314500E+001  0.86251201E+001  0.13804046E+002
  0.15761762E+000  0.20494849E+000  0.39912224E+000  0.60098654E+000  0.91352019E+000  0.10528233E+001  0.15622977E+001  0.34611454E+001  0.50314499E+001  0.86251213E+001  0.13804046E+002
  0.15761762E+000  0.20494852E+000  0.39912226E+000  0.60098654E+000  0.91352020E+000  0.10528233E+001  0.15622976E+001  0.34611459E+001  0.50314500E+001  0.86251220E+001  0.13804047E+002
  0.15761762E+000  0.20494854E+000  0.39912226E+000  0.60098654E+000  0.91352020E+000  0.10528233E+001  0.15622975E+001  0.34611465E+001  0.50314501E+001  0.86251224E+001  0.13804047E+002
  0.15761762E+000  0.20494857E+000  0.39912225E+000  0.60098654E+000  0.91352021E+000  0.10528233E+001  0.15622974E+001  0.34611473E+001  0.50314502E+001  0.86251226E+001  0.13804047E+002
  0.15761762E+000  0.20494858E+000  0.39912225E+000  0.60098654E+000  0.91352022E+000  0.10528233E+001  0.15622972E+001  0.34611483E+001  0.50314504E+001  0.86251227E+001  0.13804047E+002
  0.15761762E+000  0.20494860E+000  0.39912224E+000  0.60098654E+000  0.91352022E+000  0.10528233E+001  0.15622970E+001  0.34611494E+001  0.50314506E+001  0.86251228E+001  0.13804047E+002
  0.15761762E+000  0.20494861E+000  0.39912223E+000  0.60098654E+000  0.91352022E+000  0.10528233E+001  0.15622968E+001  0.34611506E+001  0.50314508E+001  0.86251229E+001  0.13804047E+002
  0.15761762E+000  0.20494861E+000  0.39912221E+000  0.60098654E+000  0.91352023E+000  0.10528233E+001  0.15622966E+001  0.34611520E+001  0.50314510E+001  0.86251230E+001  0.13804047E+002
  0.15761762E+000  0.20494862E+000  0.39912220E+000  0.60098654E+000  0.91352023E+000  0.10528233E+001  0.15622963E+001  0.34611534E+001  0.50314512E+001  0.86251230E+001  0.13804047E+002
  0.15761762E+000  0.20494862E+000  0.39912219E+000  0.60098654E+000  0.91352023E+000  0.10528233E+001  0.15622961E+001  0.34611550E+001  0.50314514E+001  0.86251230E+001  0.13804047E+002
  0.15761762E+000  0.20494863E+000  0.39912218E+000  0.60098654E+000  0.91352024E+000  0.10528233E+001  0.15622958E+001  0.34611566E+001  0.50314516E+001  0.86251231E+001  0.13804047E+002
  0.15761762E+000  0.20494863E+000  0.39912217E+000  0.60098654E+000  0.91352024E+000  0.10528233E+001  0.15622955E+001  0.34611584E+001  0.50314518E+001  0.86251231E+001  0.13804047E+002
  0.15761762E+000  0.20494863E+000  0.39912216E+000  0.60098654E+000  0.91352024E+000  0.10528233E+001  0.15622953E+001  0.34611602E+001  0.50314520E+001  0.86251232E+001  0.13804047E+002
  0.15761762E+000  0.20494863E+000  0.39912215E+000  0.60098654E+000  0.91352025E+000  0.10528233E+001  0.15622951E+001  0.34611621E+001  0.50314522E+001  0.86251232E+001  0.13804047E+002
  0.15761762E+000  0.20494863E+000  0.39912214E+000  0.60098654E+000  0.91352025E+000  0.10528233E+001  0.15622949E+001  0.34611641E+001  0.50314524E+001  0.86251233E+001  0.13804047E+002
  0.15761762E+000  0.20494864E+000  0.39912213E+000  0.60098654E+000  0.91352025E+000  0.10528233E+001  0.15622947E+001  0.34611662E+001  0.50314527E+001  0.86251233E+001  0.13804047E+002
  0.15761762E+000  0.20494864E+000  0.39912213E+000  0.60098654E+000  0.91352026E+000  0.10528233E+001  0.15622945E+001  0.34611684E+001  0.50314529E+001  0.86251234E+001  0.13804047E+002
  0.15761762E+000  0.20494864E+000  0.39912212E+000  0.60098654E+000  0.91352026E+000  0.10528233E+001  0.15622943E+001  0.34611706E+001  0.50314531E+001  0.86251234E+001  0.13804047E+002
  0.15761762E+000  0.20494864E+000  0.39912212E+000  0.60098654E+000  0.91352026E+000  0.10528233E+001  0.15622942E+001  0.34611730E+001  0.50314534E+001  0.86251235E+001  0.13804047E+002
  0.15761762E+000  0.20494864E+000  0.39912211E+000  0.60098654E+000  0.91352027E+000  0.10528233E+001  0.15622941E+001  0.34611755E+001  0.50314536E+001  0.86251235E+001  0.13804047E+002
  0.15761762E+000  0.20494864E+000  0.39912211E+000  0.60098654E+000  0.91352027E+000  0.10528233E+001  0.15622941E+001  0.34611780E+001  0.50314538E+001  0.86251236E+001  0.13804047E+002
  0.15761762E+000  0.20494864E+000  0.39912210E+000  0.60098653E+000  0.91352027E+000  0.10528233E+001  0.15622940E+001  0.34611808E+001  0.50314541E+001  0.86251236E+001  0.13804047E+002
  0.15761762E+000  0.20494864E+000  0.39912210E+000  0.60098653E+000  0.91352028E+000  0.10528233E+001  0.15622940E+001  0.34611836E+001  0.50314544E+001  0.86251237E+001  0.13804047E+002
  0.15761762E+000  0.20494864E+000  0.39912210E+000  0.60098653E+000  0.91352028E+000  0.10528233E+001  0.15622940E+001  0.34611866E+001  0.50314546E+001  0.86251237E+001  0.13804047E+002
  0.15761762E+000  0.20494864E+000  0.39912210E+000  0.60098653E+000  0.91352029E+000  0.10528233E+001  0.15622940E+001  0.34611897E+001  0.50314549E+001  0.86251238E+001  0.13804047E+002
  0.15761762E+000  0.20494865E+000  0.39912210E+000  0.60098653E+000  0.91352029E+000  0.10528233E+001  0.15622940E+001  0.34611930E+001  0.50314552E+001  0.86251239E+001  0.13804047E+002
  0.15761762E+000  0.20494865E+000  0.39912211E+000  0.60098653E+000  0.91352029E+000  0.10528233E+001  0.15622941E+001  0.34611965E+001  0.50314555E+001  0.86251239E+001  0.13804047E+002
  0.15761762E+000  0.20494865E+000  0.39912211E+000  0.60098653E+000  0.91352030E+000  0.10528233E+001  0.15622941E+001  0.34612002E+001  0.50314558E+001  0.86251240E+001  0.13804047E+002
  0.15761762E+000  0.20494865E+000  0.39912211E+000  0.60098653E+000  0.91352030E+000  0.10528233E+001  0.15622942E+001  0.34612041E+001  0.50314561E+001  0.86251240E+001  0.13804047E+002
  0.15761762E+000  0.20494865E+000  0.39912212E+000  0.60098653E+000  0.91352031E+000  0.10528233E+001  0.15622943E+001  0.34612083E+001  0.50314564E+001  0.86251241E+001  0.13804047E+002
  0.15761762E+000  0.20494865E+000  0.39912213E+000  0.60098653E+000  0.91352031E+000  0.10528233E+001  0.15622944E+001  0.34612126E+001  0.50314567E+001  0.86251242E+001  0.13804047E+002
  0.15761762E+000  0.20494866E+000  0.39912214E+000  0.60098653E+000  0.91352032E+000  0.10528233E+001  0.15622945E+001  0.34612173E+001  0.50314571E+001  0.86251243E+001  0.13804047E+002
  0.15761762E+000  0.20494866E+000  0.39912215E+000  0.60098653E+000  0.91352033E+000  0.10528233E+001  0.15622947E+001  0.34612222E+001  0.50314574E+001  0.86251244E+001  0.13804047E+002
  0.15761762E+000  0.20494866E+000  0.39912216E+000  0.60098653E+000  0.91352033E+000  0.10528233E+001  0.15622948E+001  0.34612273E+001  0.50314578E+001  0.86251244E+001  0.13804047E+002
  0.15761762E+000  0.20494866E+000  0.39912217E+000  0.60098653E+000  0.91352034E+000  0.10528233E+001  0.15622949E+001  0.34612328E+001  0.50314582E+001  0.86251245E+001  0.13804047E+002
  0.15761762E+000  0.20494867E+000  0.39912219E+000  0.60098653E+000  0.91352035E+000  0.10528233E+001  0.15622951E+001  0.34612385E+001  0.50314586E+001  0.86251246E+001  0.13804047E+002
  0.15761762E+000  0.20494867E+000  0.39912220E+000  0.60098653E+000  0.91352036E+000  0.10528233E+001  0.15622953E+001  0.34612446E+001  0.50314590E+001  0.86251247E+001  0.13804047E+002
  0.15761763E+000  0.20494867E+000  0.39912222E+000  0.60098653E+000  0.91352036E+000  0.10528233E+001  0.15622954E+001  0.34612509E+001  0.50314594E+001  0.86251248E+001  0.13804047E+002
  0.15761763E+000  0.20494868E+000  0.39912224E+000  0.60098653E+000  0.91352037E+000  0.10528233E+001  0.15622956E+001  0.34612575E+001  0.50314598E+001  0.86251249E+001  0.13804047E+002
  0.15761763E+000  0.20494868E+000  0.39912226E+000  0.60098654E+000  0.91352038E+000  0.10528233E+001  0.15622959E+001  0.34612644E+001  0.50314603E+001  0.86251250E+001  0.13804047E+002
  0.15761763E+000  0.20494868E+000  0.39912229E+000  0.60098654E+000  0.91352039E+000  0.10528233E+001  0.15622961E+001  0.34612715E+001  0.50314607E+001  0.86251251E+001  0.13804047E+002
  0.15761763E+000  0.20494869E+000  0.39912232E+000  0.60098654E+000  0.91352040E+000  0.10528233E+001  0.15622963E+001  0.34612790E+001  0.50314612E+001  0.86251252E+001  0.13804047E+002
  0.15761763E+000  0.20494869E+000  0.39912235E+000  0.60098654E+000  0.91352041E+000  0.10528233E+001  0.15622966E+001  0.34612866E+001  0.50314617E+001  0.86251253E+001  0.13804047E+002
  0.15761763E+000  0.20494870E+000  0.39912238E+000  0.60098654E+000  0.91352043E+000  0.10528233E+001  0.15622969E+001  0.34612945E+001  0.50314623E+001  0.86251255E+001  0.13804047E+002
  0.15761763E+000  0.20494870E+000  0.39912241E+000  0.60098654E+000  0.91352044E+000  0.10528233E+001  0.15622972E+001  0.34613026E+001  0.50314628E+001  0.86251256E+001  0.13804047E+002
  0.15761763E+000  0.20494871E+000  0.39912245E+000  0.60098654E+000  0.91352045E+000  0.10528233E+001  0.15622976E+001  0.34613109E+001  0.50314634E+001  0.86251257E+001  0.13804047E+002
  0.15761763E+000  0.20494872E+000  0.39912249E+000  0.60098654E+000  0.91352047E+000  0.10528233E+001  0.15622980E+001  0.34613221E+001  0.50314640E+001  0.86251259E+001  0.13804047E+002
  0.15761763E+000  0.20494872E+000  0.39912254E+000  0.60098654E+000  0.91352048E+000  0.10528233E+001  0.15622984E+001  0.34613366E+001  0.50314646E+001  0.86251260E+001  0.13804047E+002
  0.15761763E+000  0.20494873E+000  0.39912258E+000  0.60098654E+000  0.91352050E+000  0.10528233E+001  0.15622989E+001  0.34613513E+001  0.50314653E+001  0.86251262E+001  0.13804047E+002
  0.15761763E+000  0.20494874E+000  0.39912263E+000  0.60098655E+000  0.91352052E+000  0.10528233E+001  0.15622994E+001  0.34613662E+001  0.50314660E+001  0.86251263E+001  0.13804047E+002
  0.15761763E+000  0.20494875E+000  0.39912268E+000  0.60098655E+000  0.91352054E+000  0.10528233E+001  0.15623000E+001  0.34613813E+001  0.50314667E+001  0.86251265E+001  0.13804047E+002
  0.15761763E+000  0.20494876E+000  0.39912274E+000  0.60098655E+000  0.91352056E+000  0.10528233E+001  0.15623006E+001  0.34613967E+001  0.50314674E+001  0.86251266E+001  0.13804047E+002
  0.15761763E+000  0.20494877E+000  0.39912280E+000  0.60098655E+000  0.91352058E+000  0.10528233E+001  0.15623012E+001  0.34614122E+001  0.50314682E+001  0.86251268E+001  0.13804047E+002
  0.15761763E+000  0.20494878E+000  0.39912286E+000  0.60098655E+000  0.91352060E+000  0.10528233E+001  0.15623019E+001  0.34614280E+001  0.50314690E+001  0.86251270E+001  0.13804048E+002
  0.15761763E+000  0.20494879E+000  0.39912292E+000  0.60098656E+000  0.91352062E+000  0.10528233E+001  0.15623027E+001  0.34614439E+001  0.50314699E+001  0.86251272E+001  0.13804048E+002
  0.15761763E+000  0.20494881E+000  0.39912299E+000  0.60098656E+000  0.91352065E+000  0.10528233E+001  0.15623035E+001  0.34614601E+001  0.50314708E+001  0.86251274E+001  0.13804048E+002
  0.15761763E+000  0.20494882E+000  0.39912306E+000  0.60098656E+000  0.91352067E+000  0.10528233E+001  0.15623043E+001  0.34614766E+001  0.50314717E+001  0.86251276E+001  0.13804048E+002
  0.15761763E+000  0.20494883E+000  0.39912313E+000  0.60098657E+000  0.91352070E+000  0.10528233E+001  0.15623053E+001  0.34614933E+001  0.50314727E+001  0.86251278E+001  0.13804048E+002
  0.15761763E+000  0.20494885E+000  0.39912321E+000  0.60098657E+000  0.91352072E+000  0.10528233E+001  0.15623062E+001  0.34615104E+001  0.50314738E+001  0.86251280E+001  0.13804048E+002
  0.15761763E+000  0.20494887E+000  0.39912328E+000  0.60098657E+000  0.91352075E+000  0.10528233E+001  0.15623073E+001  0.34615278E+001  0.50314749E+001  0.86251283E+001  0.13804048E+002
  0.15761763E+000  0.20494888E+000  0.39912337E+000  0.60098658E+000  0.91352078E+000  0.10528234E+001  0.15623084E+001  0.34615457E+001  0.50314760E+001  0.86251285E+001  0.13804048E+002
  0.15761763E+000  0.20494890E+000  0.39912345E+000  0.60098658E+000  0.91352081E+000  0.10528234E+001  0.15623095E+001  0.34615639E+001  0.50314772E+001  0.86251288E+001  0.13804048E+002
  0.15761763E+000  0.20494892E+000  0.39912353E+000  0.60098659E+000  0.91352084E+000  0.10528234E+001  0.15623107E+001  0.34615737E+001  0.50314785E+001  0.86251290E+001  0.13804048E+002
  0.15761763E+000  0.20494894E+000  0.39912362E+000  0.60098659E+000  0.91352087E+000  0.10528234E+001  0.15623120E+001  0.34615757E+001  0.50314798E+001  0.86251293E+001  0.13804048E+002
  0.15761764E+000  0.20494896E+000  0.39912371E+000  0.60098659E+000  0.91352090E+000  0.10528234E+001  0.15623133E+001  0.34615778E+001  0.50314812E+001  0.86251296E+001  0.13804048E+002
  0.15761764E+000  0.20494899E+000  0.39912380E+000  0.60098660E+000  0.91352093E+000  0.10528234E+001  0.15623146E+001  0.34615800E+001  0.50314826E+001  0.86251299E+001  0.13804048E+002
  0.15761764E+000  0.20494901E+000  0.39912390E+000  0.60098660E+000  0.91352096E+000  0.10528234E+001  0.15623160E+001  0.34615822E+001  0.50314842E+001  0.86251302E+001  0.13804048E+002
  0.15761764E+000  0.20494903E+000  0.39912399E+000  0.60098661E+000  0.91352099E+000  0.10528234E+001  0.15623174E+001  0.34615846E+001  0.50314858E+001  0.86251305E+001  0.13804048E+002
  0.15761764E+000  0.20494906E+000  0.39912409E+000  0.60098662E+000  0.91352103E+000  0.10528234E+001  0.15623189E+001  0.34615870E+001  0.50314875E+001  0.86251309E+001  0.13804048E+002
  0.15761764E+000  0.20494908E+000  0.39912419E+000  0.60098662E+000  0.91352106E+000  0.10528234E+001  0.15623204E+001  0.34615895E+001  0.50314893E+001  0.86251312E+001  0.13804048E+002
  0.15761764E+000  0.20494911E+000  0.39912430E+000  0.60098663E+000  0.91352109E+000  0.10528234E+001  0.15623219E+001  0.34615921E+001  0.50314911E+001  0.86251316E+001  0.13804048E+002
  0.15761764E+000  0.20494914E+000  0.39912440E+000  0.60098663E+000  0.91352112E+000  0.10528234E+001  0.15623234E+001  0.34615948E+001  0.50314931E+001  0.86251320E+001  0.13804048E+002
  0.15761764E+000  0.20494917E+000  0.39912451E+000  0.60098664E+000  0.91352116E+000  0.10528234E+001  0.15623250E+001  0.34615976E+001  0.50314951E+001  0.86251324E+001  0.13804048E+002
  0.15761764E+000  0.20494920E+000  0.39912461E+000  0.60098665E+000  0.91352119E+000  0.10528234E+001  0.15623265E+001  0.34616006E+001  0.50314973E+001  0.86251328E+001  0.13804048E+002
  0.15761764E+000  0.20494923E+000  0.39912472E+000  0.60098665E+000  0.91352123E+000  0.10528234E+001  0.15623281E+001  0.34616037E+001  0.50314996E+001  0.86251332E+001  0.13804048E+002
  0.15761764E+000  0.20494926E+000  0.39912483E+000  0.60098666E+000  0.91352126E+000  0.10528234E+001  0.15623297E+001  0.34616069E+001  0.50315019E+001  0.86251337E+001  0.13804048E+002
  0.15761764E+000  0.20494929E+000  0.39912495E+000  0.60098667E+000  0.91352129E+000  0.10528234E+001  0.15623312E+001  0.34616103E+001  0.50315044E+001  0.86251342E+001  0.13804048E+002
  0.15761764E+000  0.20494932E+000  0.39912506E+000  0.60098667E+000  0.91352133E+000  0.10528234E+001  0.15623328E+001  0.34616296E+001  0.50315070E+001  0.86251347E+001  0.13804048E+002
  0.15761764E+000  0.20494936E+000  0.39912518E+000  0.60098668E+000  0.91352136E+000  0.10528234E+001  0.15623344E+001  0.34616688E+001  0.50315097E+001  0.86251352E+001  0.13804048E+002
  0.15761765E+000  0.20494939E+000  0.39912530E+000  0.60098669E+000  0.91352140E+000  0.10528234E+001  0.15623360E+001  0.34617097E+001  0.50315125E+001  0.86251357E+001  0.13804048E+002
  0.15761765E+000  0.20494943E+000  0.39912542E+000  0.60098670E+000  0.91352143E+000  0.10528234E+001  0.15623375E+001  0.34617523E+001  0.50315154E+001  0.86251363E+001  0.13804049E+002
  0.15761765E+000  0.20494946E+000  0.39912554E+000  0.60098670E+000  0.91352147E+000  0.10528234E+001  0.15623391E+001  0.34617966E+001  0.50315185E+001  0.86251369E+001  0.13804049E+002
  0.15761765E+000  0.20494950E+000  0.39912567E+000  0.60098671E+000  0.91352150E+000  0.10528234E+001  0.15623407E+001  0.34620109E+001  0.50315216E+001  0.86251375E+001  0.13804049E+002
  0.15761765E+000  0.20494954E+000  0.39912579E+000  0.60098672E+000  0.91352153E+000  0.10528234E+001  0.15623423E+001  0.34620648E+001  0.50315249E+001  0.86251381E+001  0.13804049E+002
  0.15761765E+000  0.20494958E+000  0.39912592E+000  0.60098673E+000  0.91352157E+000  0.10528234E+001  0.15623439E+001  0.34620731E+001  0.50315284E+001  0.86251388E+001  0.13804049E+002
  0.15761765E+000  0.20494962E+000  0.39912605E+000  0.60098674E+000  0.91352160E+000  0.10528234E+001  0.15623455E+001  0.34620818E+001  0.50315319E+001  0.86251395E+001  0.13804049E+002
  0.15761765E+000  0.20494966E+000  0.39912618E+000  0.60098675E+000  0.91352164E+000  0.10528234E+001  0.15623471E+001  0.34623256E+001  0.50315356E+001  0.86251402E+001  0.13804049E+002
  0.15761765E+000  0.20494970E+000  0.39912631E+000  0.60098677E+000  0.91352167E+000  0.10528234E+001  0.15623487E+001  0.34623330E+001  0.50315394E+001  0.86251410E+001  0.13804049E+002
  0.15761765E+000  0.20494974E+000  0.39912645E+000  0.60098723E+000  0.91352171E+000  0.10528234E+001  0.15623504E+001  0.34623407E+001  0.50315434E+001  0.86251418E+001  0.13804049E+002
  0.15761765E+000  0.20494978E+000  0.39912658E+000  0.60098769E+000  0.91352174E+000  0.10528234E+001  0.15623520E+001  0.34623997E+001  0.50315475E+001  0.86251426E+001  0.13804049E+002
  0.15761765E+000  0.20494983E+000  0.39912672E+000  0.60098816E+000  0.91352178E+000  0.10528234E+001  0.15623537E+001  0.34625126E+001  0.50315517E+001  0.86251434E+001  0.13804049E+002
  0.15761766E+000  0.20494987E+000  0.39912686E+000  0.60098864E+000  0.91352181E+000  0.10528234E+001  0.15623553E+001  0.34626027E+001  0.50315560E+001  0.86251443E+001  0.13804049E+002
  0.15761766E+000  0.20494992E+000  0.39912700E+000  0.60098912E+000  0.91352185E+000  0.10528234E+001  0.15623570E+001  0.34626059E+001  0.50315605E+001  0.86251453E+001  0.13804049E+002
  0.15761766E+000  0.20494996E+000  0.39912714E+000  0.60098961E+000  0.91352188E+000  0.10528234E+001  0.15623587E+001  0.34626093E+001  0.50315652E+001  0.86251462E+001  0.13804049E+002
  0.15761766E+000  0.20495001E+000  0.39912728E+000  0.60099010E+000  0.91352192E+000  0.10528235E+001  0.15623604E+001  0.34626128E+001  0.50315700E+001  0.86251473E+001  0.13804049E+002
  0.15761766E+000  0.20495006E+000  0.39912742E+000  0.60099060E+000  0.91352195E+000  0.10528235E+001  0.15623621E+001  0.34626163E+001  0.50315749E+001  0.86251483E+001  0.13804049E+002
  0.15761766E+000  0.20495011E+000  0.39912756E+000  0.60099111E+000  0.91352199E+000  0.10528235E+001  0.15623638E+001  0.34626199E+001  0.50315800E+001  0.86251494E+001  0.13804049E+002
  0.15761766E+000  0.20495016E+000  0.39912770E+000  0.60099161E+000  0.91352202E+000  0.10528235E+001  0.15623656E+001  0.34626236E+001  0.50315853E+001  0.86251506E+001  0.13804049E+002
  0.15761766E+000  0.20495021E+000  0.39912785E+000  0.60099212E+000  0.91352206E+000  0.10528235E+001  0.15623673E+001  0.34626274E+001  0.50315907E+001  0.86251518E+001  0.13804049E+002
  0.15761766E+000  0.20495026E+000  0.39912799E+000  0.60099264E+000  0.91352209E+000  0.10528235E+001  0.15623691E+001  0.34626313E+001  0.50315962E+001  0.86251530E+001  0.13804049E+002
  0.15761766E+000  0.20495031E+000  0.39912814E+000  0.60099316E+000  0.91352213E+000  0.10528235E+001  0.15623709E+001  0.34626352E+001  0.50316019E+001  0.86251543E+001  0.13804049E+002
  0.15761767E+000  0.20495036E+000  0.39912828E+000  0.60099368E+000  0.91352216E+000  0.10528235E+001  0.15623727E+001  0.34626392E+001  0.50316078E+001  0.86251556E+001  0.13804049E+002
  0.15761767E+000  0.20495041E+000  0.39912843E+000  0.60099420E+000  0.91352219E+000  0.10528235E+001  0.15623745E+001  0.34627304E+001  0.50316138E+001  0.86251571E+001  0.13804050E+002
  0.15761767E+000  0.20495046E+000  0.39912857E+000  0.60099473E+000  0.91352223E+000  0.10528235E+001  0.15623763E+001  0.34628616E+001  0.50316208E+001  0.86251585E+001  0.13804050E+002
  0.15761767E+000  0.20495052E+000  0.39912872E+000  0.60099526E+000  0.91352226E+000  0.10528235E+001  0.15623781E+001  0.34628946E+001  0.50316290E+001  0.86251600E+001  0.13804050E+002
  0.15761767E+000  0.20495057E+000  0.39912886E+000  0.60099579E+000  0.91352230E+000  0.10528235E+001  0.15623799E+001  0.34629280E+001  0.50316374E+001  0.86251616E+001  0.13804050E+002
  0.15761767E+000  0.20495062E+000  0.39912901E+000  0.60099632E+000  0.91352233E+000  0.10528235E+001  0.15623818E+001  0.34629620E+001  0.50316460E+001  0.86251633E+001  0.13804050E+002
  0.15761767E+000  0.20495068E+000  0.39912916E+000  0.60099685E+000  0.91352236E+000  0.10528235E+001  0.15623836E+001  0.34629964E+001  0.50316549E+001  0.86251650E+001  0.13804050E+002
  0.15761767E+000  0.20495073E+000  0.39912930E+000  0.60099738E+000  0.91352240E+000  0.10528235E+001  0.15623854E+001  0.34630313E+001  0.50316639E+001  0.86251668E+001  0.13804050E+002
  0.15761767E+000  0.20495078E+000  0.39912945E+000  0.60099791E+000  0.91352243E+000  0.10528235E+001  0.15623873E+001  0.34630903E+001  0.50316731E+001  0.86251686E+001  0.13804050E+002
  0.15761767E+000  0.20495084E+000  0.39912959E+000  0.60099844E+000  0.91352246E+000  0.10528235E+001  0.15623891E+001  0.34630930E+001  0.50316825E+001  0.86251705E+001  0.13804050E+002
  0.15761767E+000  0.20495089E+000  0.39912974E+000  0.60099897E+000  0.91352250E+000  0.10528235E+001  0.15623909E+001  0.34630957E+001  0.50316920E+001  0.86251725E+001  0.13804050E+002
  0.15761768E+000  0.20495094E+000  0.39912989E+000  0.60099950E+000  0.91352253E+000  0.10528235E+001  0.15623928E+001  0.34630984E+001  0.50317018E+001  0.86251746E+001  0.13804050E+002
  0.15761768E+000  0.20495100E+000  0.39913003E+000  0.60100003E+000  0.91352256E+000  0.10528235E+001  0.15623946E+001  0.34631012E+001  0.50317117E+001  0.86251767E+001  0.13804050E+002
  0.15761768E+000  0.20495105E+000  0.39913018E+000  0.60100055E+000  0.91352259E+000  0.10528235E+001  0.15623964E+001  0.34631040E+001  0.50317218E+001  0.86251789E+001  0.13804050E+002
  0.15761768E+000  0.20495110E+000  0.39913032E+000  0.60100108E+000  0.91352262E+000  0.10528235E+001  0.15623982E+001  0.34631068E+001  0.50317320E+001  0.86251812E+001  0.13804050E+002
  0.15761768E+000  0.20495115E+000  0.39913046E+000  0.60100160E+000  0.91352265E+000  0.10528235E+001  0.15624000E+001  0.34631096E+001  0.50317424E+001  0.86251835E+001  0.13804050E+002
  0.15761768E+000  0.20495120E+000  0.39913061E+000  0.60100212E+000  0.91352268E+000  0.10528235E+001  0.15624018E+001  0.34631125E+001  0.50317530E+001  0.86251860E+001  0.13804051E+002
  0.15761768E+000  0.20495125E+000  0.39913075E+000  0.60100264E+000  0.91352271E+000  0.10528235E+001  0.15624036E+001  0.34631154E+001  0.50317637E+001  0.86251885E+001  0.13804051E+002
  0.15761768E+000  0.20495130E+000  0.39913089E+000  0.60100316E+000  0.91352274E+000  0.10528235E+001  0.15624054E+001  0.34632744E+001  0.50317746E+001  0.86251911E+001  0.13804051E+002
  0.15761768E+000  0.20495134E+000  0.39913103E+000  0.60100367E+000  0.91352277E+000  0.10528235E+001  0.15624072E+001  0.34632801E+001  0.50317855E+001  0.86251937E+001  0.13804051E+002
  0.15761768E+000  0.20495139E+000  0.39913117E+000  0.60100418E+000  0.91352280E+000  0.10528236E+001  0.15624090E+001  0.34632859E+001  0.50317966E+001  0.86251964E+001  0.13804051E+002
  0.15761768E+000  0.20495143E+000  0.39913131E+000  0.60100468E+000  0.91352282E+000  0.10528236E+001  0.15624107E+001  0.34632916E+001  0.50318078E+001  0.86251992E+001  0.13804051E+002
  0.15761768E+000  0.20495148E+000  0.39913145E+000  0.60100518E+000  0.91352285E+000  0.10528236E+001  0.15624124E+001  0.34632974E+001  0.50318191E+001  0.86252021E+001  0.13804051E+002
  0.15761768E+000  0.20495152E+000  0.39913158E+000  0.60100568E+000  0.91352288E+000  0.10528236E+001  0.15624142E+001  0.34633031E+001  0.50318306E+001  0.86252051E+001  0.13804051E+002
  0.15761768E+000  0.20495156E+000  0.39913172E+000  0.60100617E+000  0.91352290E+000  0.10528236E+001  0.15624159E+001  0.34633089E+001  0.50318421E+001  0.86252081E+001  0.13804051E+002
  0.15761768E+000  0.20495160E+000  0.39913185E+000  0.60100666E+000  0.91352293E+000  0.10528236E+001  0.15624176E+001  0.34633147E+001  0.50318537E+001  0.86252112E+001  0.13804051E+002
  0.15761768E+000  0.20495164E+000  0.39913198E+000  0.60100714E+000  0.91352295E+000  0.10528236E+001  0.15624192E+001  0.34633699E+001  0.50318654E+001  0.86252143E+001  0.13804052E+002
  0.15761769E+000  0.20495168E+000  0.39913211E+000  0.60100762E+000  0.91352298E+000  0.10528236E+001  0.15624209E+001  0.34634456E+001  0.50318776E+001  0.86252176E+001  0.13804052E+002
  0.15761769E+000  0.20495172E+000  0.39913224E+000  0.60100809E+000  0.91352300E+000  0.10528236E+001  0.15624225E+001  0.34635213E+001  0.50318918E+001  0.86252208E+001  0.13804052E+002
  0.15761769E+000  0.20495175E+000  0.39913237E+000  0.60100855E+000  0.91352302E+000  0.10528236E+001  0.15624242E+001  0.34635969E+001  0.50319061E+001  0.86252242E+001  0.13804052E+002
  0.15761769E+000  0.20495179E+000  0.39913249E+000  0.60100901E+000  0.91352305E+000  0.10528236E+001  0.15624258E+001  0.34636723E+001  0.50319204E+001  0.86252276E+001  0.13804052E+002
  0.15761769E+000  0.20495182E+000  0.39913261E+000  0.60100946E+000  0.91352307E+000  0.10528236E+001  0.15624273E+001  0.34637475E+001  0.50319348E+001  0.86252311E+001  0.13804052E+002
  0.15761769E+000  0.20495185E+000  0.39913273E+000  0.60100991E+000  0.91352309E+000  0.10528236E+001  0.15624289E+001  0.34638224E+001  0.50319492E+001  0.86252346E+001  0.13804052E+002
  0.15761769E+000  0.20495189E+000  0.39913285E+000  0.60101035E+000  0.91352311E+000  0.10528236E+001  0.15624305E+001  0.34638970E+001  0.50319636E+001  0.86252382E+001  0.13804053E+002
  0.15761769E+000  0.20495191E+000  0.39913296E+000  0.60101077E+000  0.91352313E+000  0.10528236E+001  0.15624320E+001  0.34641004E+001  0.50319780E+001  0.86252419E+001  0.13804053E+002
  0.15761769E+000  0.20495194E+000  0.39913307E+000  0.60101120E+000  0.91352315E+000  0.10528236E+001  0.15624335E+001  0.34643725E+001  0.50319924E+001  0.86252456E+001  0.13804053E+002
  0.15761769E+000  0.20495197E+000  0.39913318E+000  0.60101161E+000  0.91352317E+000  0.10528236E+001  0.15624350E+001  0.34644591E+001  0.50320069E+001  0.86252493E+001  0.13804053E+002
  0.15761769E+000  0.20495200E+000  0.39913329E+000  0.60101201E+000  0.91352319E+000  0.10528236E+001  0.15624364E+001  0.34645451E+001  0.50320213E+001  0.86252531E+001  0.13804053E+002
  0.15761769E+000  0.20495202E+000  0.39913339E+000  0.60101241E+000  0.91352321E+000  0.10528236E+001  0.15624379E+001  0.34646305E+001  0.50320356E+001  0.86252569E+001  0.13804053E+002
  0.15761769E+000  0.20495204E+000  0.39913349E+000  0.60101280E+000  0.91352323E+000  0.10528236E+001  0.15624393E+001  0.34647152E+001  0.50320500E+001  0.86252608E+001  0.13804054E+002
  0.15761769E+000  0.20495207E+000  0.39913359E+000  0.60101317E+000  0.91352325E+000  0.10528236E+001  0.15624407E+001  0.34647992E+001  0.50320643E+001  0.86252647E+001  0.13804054E+002
  0.15761769E+000  0.20495209E+000  0.39913369E+000  0.60101354E+000  0.91352326E+000  0.10528236E+001  0.15624420E+001  0.34648824E+001  0.50320785E+001  0.86252686E+001  0.13804054E+002
  0.15761769E+000  0.20495211E+000  0.39913378E+000  0.60101390E+000  0.91352328E+000  0.10528236E+001  0.15624434E+001  0.34649561E+001  0.50320927E+001  0.86252725E+001  0.13804054E+002
  0.15761769E+000  0.20495213E+000  0.39913387E+000  0.60101425E+000  0.91352330E+000  0.10528236E+001  0.15624448E+001  0.34650283E+001  0.50321068E+001  0.86252765E+001  0.13804054E+002
  0.15761769E+000  0.20495215E+000  0.39913395E+000  0.60101459E+000  0.91352331E+000  0.10528236E+001  0.15624461E+001  0.34650996E+001  0.50321208E+001  0.86252805E+001  0.13804054E+002
  0.15761769E+000  0.20495216E+000  0.39913403E+000  0.60101492E+000  0.91352333E+000  0.10528236E+001  0.15624475E+001  0.34651702E+001  0.50321567E+001  0.86252845E+001  0.13804055E+002
  0.15761769E+000  0.20495218E+000  0.39913411E+000  0.60101524E+000  0.91352334E+000  0.10528236E+001  0.15624487E+001  0.34652398E+001  0.50322762E+001  0.86252886E+001  0.13804055E+002
  0.15761769E+000  0.20495219E+000  0.39913419E+000  0.60101555E+000  0.91352336E+000  0.10528236E+001  0.15624500E+001  0.34653087E+001  0.50322905E+001  0.86252926E+001  0.13804055E+002
  0.15761769E+000  0.20495221E+000  0.39913426E+000  0.60101584E+000  0.91352337E+000  0.10528236E+001  0.15624512E+001  0.34653766E+001  0.50322971E+001  0.86252966E+001  0.13804055E+002
  0.15761769E+000  0.20495222E+000  0.39913433E+000  0.60101613E+000  0.91352338E+000  0.10528236E+001  0.15624524E+001  0.34654435E+001  0.50323036E+001  0.86253007E+001  0.13804056E+002
  0.15761769E+000  0.20495223E+000  0.39913440E+000  0.60101641E+000  0.91352340E+000  0.10528236E+001  0.15624536E+001  0.34669049E+001  0.50323101E+001  0.86253047E+001  0.13804056E+002
  0.15761769E+000  0.20495225E+000  0.39913447E+000  0.60101668E+000  0.91352341E+000  0.10528236E+001  0.15624547E+001  0.34669347E+001  0.50323165E+001  0.86253088E+001  0.13804056E+002
  0.15761769E+000  0.20495226E+000  0.39913453E+000  0.60101693E+000  0.91352342E+000  0.10528236E+001  0.15624558E+001  0.34669641E+001  0.50323228E+001  0.86253128E+001  0.13804056E+002
  0.15761769E+000  0.20495227E+000  0.39913459E+000  0.60101718E+000  0.91352343E+000  0.10528236E+001  0.15624569E+001  0.34669930E+001  0.50323291E+001  0.86253168E+001  0.13804056E+002
  0.15761769E+000  0.20495228E+000  0.39913464E+000  0.60101742E+000  0.91352344E+000  0.10528236E+001  0.15624579E+001  0.34670214E+001  0.50323352E+001  0.86253208E+001  0.13804057E+002
  0.15761769E+000  0.20495229E+000  0.39913470E+000  0.60101765E+000  0.91352345E+000  0.10528236E+001  0.15624589E+001  0.34670493E+001  0.50323413E+001  0.86253248E+001  0.13804057E+002
  0.15761769E+000  0.20495230E+000  0.39913475E+000  0.60101787E+000  0.91352346E+000  0.10528236E+001  0.15624599E+001  0.34670768E+001  0.50323474E+001  0.86253288E+001  0.13804057E+002
  0.15761769E+000  0.20495231E+000  0.39913479E+000  0.60101807E+000  0.91352347E+000  0.10528236E+001  0.15624608E+001  0.34671037E+001  0.50323533E+001  0.86253327E+001  0.13804057E+002
  0.15761769E+000  0.20495231E+000  0.39913484E+000  0.60101827E+000  0.91352348E+000  0.10528236E+001  0.15624617E+001  0.34671302E+001  0.50323592E+001  0.86253367E+001  0.13804058E+002
  0.15761769E+000  0.20495232E+000  0.39913488E+000  0.60101846E+000  0.91352349E+000  0.10528236E+001  0.15624626E+001  0.34684282E+001  0.50323649E+001  0.86253406E+001  0.13804058E+002
  0.15761769E+000  0.20495233E+000  0.39913492E+000  0.60101864E+000  0.91352350E+000  0.10528236E+001  0.15624634E+001  0.34684308E+001  0.50323706E+001  0.86253444E+001  0.13804058E+002
  0.15761769E+000  0.20495233E+000  0.39913496E+000  0.60101882E+000  0.91352351E+000  0.10528236E+001  0.15624643E+001  0.34684333E+001  0.50323762E+001  0.86253483E+001  0.13804058E+002
  0.15761769E+000  0.20495234E+000  0.39913500E+000  0.60101898E+000  0.91352352E+000  0.10528236E+001  0.15624650E+001  0.34684359E+001  0.50323817E+001  0.86253521E+001  0.13804059E+002
  0.15761769E+000  0.20495234E+000  0.39913503E+000  0.60101914E+000  0.91352352E+000  0.10528236E+001  0.15624658E+001  0.34684383E+001  0.50323871E+001  0.86253558E+001  0.13804059E+002
  0.15761769E+000  0.20495235E+000  0.39913506E+000  0.60101928E+000  0.91352353E+000  0.10528236E+001  0.15624665E+001  0.34684407E+001  0.50323984E+001  0.86253595E+001  0.13804059E+002
  0.15761769E+000  0.20495235E+000  0.39913509E+000  0.60101942E+000  0.91352354E+000  0.10528236E+001  0.15624672E+001  0.34684431E+001  0.50324133E+001  0.86253632E+001  0.13804059E+002
  0.15761769E+000  0.20495236E+000  0.39913512E+000  0.60101956E+000  0.91352354E+000  0.10528236E+001  0.15624679E+001  0.34684453E+001  0.50324279E+001  0.86253668E+001  0.13804060E+002
  0.15761769E+000  0.20495236E+000  0.39913515E+000  0.60101968E+000  0.91352355E+000  0.10528236E+001  0.15624685E+001  0.34684476E+001  0.50324423E+001  0.86253704E+001  0.13804060E+002
  0.15761769E+000  0.20495237E+000  0.39913518E+000  0.60101980E+000  0.91352356E+000  0.10528236E+001  0.15624691E+001  0.34684498E+001  0.50324563E+001  0.86253740E+001  0.13804060E+002
  0.15761769E+000  0.20495237E+000  0.39913520E+000  0.60101991E+000  0.91352356E+000  0.10528236E+001  0.15624697E+001  0.34684519E+001  0.50324701E+001  0.86253775E+001  0.13804060E+002
  0.15761769E+000  0.20495237E+000  0.39913522E+000  0.60102002E+000  0.91352357E+000  0.10528236E+001  0.15624702E+001  0.34684540E+001  0.50324836E+001  0.86253809E+001  0.13804061E+002
  0.15761769E+000  0.20495238E+000  0.39913524E+000  0.60102012E+000  0.91352357E+000  0.10528236E+001  0.15624708E+001  0.34684560E+001  0.50324968E+001  0.86253843E+001  0.13804061E+002
  0.15761769E+000  0.20495238E+000  0.39913526E+000  0.60102021E+000  0.91352358E+000  0.10528236E+001  0.15624713E+001  0.34684579E+001  0.50325097E+001  0.86253876E+001  0.13804061E+002
  0.15761769E+000  0.20495238E+000  0.39913528E+000  0.60102030E+000  0.91352358E+000  0.10528236E+001  0.15624717E+001  0.34684598E+001  0.50325223E+001  0.86253909E+001  0.13804061E+002
  0.15761769E+000  0.20495238E+000  0.39913530E+000  0.60102038E+000  0.91352358E+000  0.10528236E+001  0.15624722E+001  0.34684617E+001  0.50325346E+001  0.86253941E+001  0.13804061E+002
  0.15761769E+000  0.20495239E+000  0.39913531E+000  0.60102046E+000  0.91352359E+000  0.10528236E+001  0.15624726E+001  0.34684635E+001  0.50325466E+001  0.86253973E+001  0.13804062E+002
  0.15761769E+000  0.20495239E+000  0.39913533E+000  0.60102053E+000  0.91352359E+000  0.10528236E+001  0.15624730E+001  0.34684652E+001  0.50325583E+001  0.86254004E+001  0.13804062E+002
  0.15761769E+000  0.20495239E+000  0.39913534E+000  0.60102060E+000  0.91352360E+000  0.10528236E+001  0.15624734E+001  0.34684669E+001  0.50325698E+001  0.86254035E+001  0.13804062E+002
  0.15761769E+000  0.20495239E+000  0.39913535E+000  0.60102066E+000  0.91352360E+000  0.10528236E+001  0.15624738E+001  0.34684685E+001  0.50325809E+001  0.86254065E+001  0.13804062E+002
  0.15761769E+000  0.20495239E+000  0.39913536E+000  0.60102072E+000  0.91352360E+000  0.10528236E+001  0.15624742E+001  0.34684701E+001  0.50325917E+001  0.86254094E+001  0.13804063E+002
  0.15761769E+000  0.20495239E+000  0.39913538E+000  0.60102078E+000  0.91352361E+000  0.10528236E+001  0.15624745E+001  0.34684716E+001  0.50326023E+001  0.86254123E+001  0.13804063E+002
  0.15761769E+000  0.20495240E+000  0.39913539E+000  0.60102083E+000  0.91352361E+000  0.10528236E+001  0.15624748E+001  0.34684731E+001  0.50326125E+001  0.86254151E+001  0.13804063E+002
  0.15761769E+000  0.20495240E+000  0.39913539E+000  0.60102088E+000  0.91352361E+000  0.10528236E+001  0.15624751E+001  0.34684745E+001  0.50326225E+001  0.86254178E+001  0.13804063E+002
  0.15761769E+000  0.20495240E+000  0.39913540E+000  0.60102092E+000  0.91352361E+000  0.10528236E+001  0.15624754E+001  0.34684759E+001  0.50326322E+001  0.86254205E+001  0.13804063E+002
  0.15761769E+000  0.20495240E+000  0.39913541E+000  0.60102097E+000  0.91352362E+000  0.10528236E+001  0.15624756E+001  0.34684772E+001  0.50326416E+001  0.86254231E+001  0.13804064E+002
  0.15761769E+000  0.20495240E+000  0.39913542E+000  0.60102101E+000  0.91352362E+000  0.10528236E+001  0.15624759E+001  0.34684785E+001  0.50326513E+001  0.86254257E+001  0.13804064E+002
  0.15761769E+000  0.20495240E+000  0.39913543E+000  0.60102104E+000  0.91352362E+000  0.10528236E+001  0.15624761E+001  0.34684798E+001  0.50326614E+001  0.86254282E+001  0.13804064E+002
  0.15761769E+000  0.20495240E+000  0.39913543E+000  0.60102108E+000  0.91352362E+000  0.10528236E+001  0.15624763E+001  0.34684809E+001  0.50326711E+001  0.86254306E+001  0.13804064E+002
  0.15761769E+000  0.20495240E+000  0.39913544E+000  0.60102111E+000  0.91352362E+000  0.10528236E+001  0.15624765E+001  0.34684821E+001  0.50326806E+001  0.86254330E+001  0.13804064E+002
  0.15761769E+000  0.20495240E+000  0.39913544E+000  0.60102114E+000  0.91352362E+000  0.10528236E+001  0.15624767E+001  0.34684832E+001  0.50326898E+001  0.86254353E+001  0.13804065E+002
  0.15761769E+000  0.20495240E+000  0.39913545E+000  0.60102116E+000  0.91352363E+000  0.10528236E+001  0.15624769E+001  0.34684842E+001  0.50326986E+001  0.86254376E+001  0.13804065E+002
  0.15761769E+000  0.20495240E+000  0.39913545E+000  0.60102119E+000  0.91352363E+000  0.10528236E+001  0.15624771E+001  0.34684852E+001  0.50327072E+001  0.86254397E+001  0.13804065E+002
  0.15761769E+000  0.20495240E+000  0.39913546E+000  0.60102121E+000  0.91352363E+000  0.10528236E+001  0.15624773E+001  0.34684862E+001  0.50327154E+001  0.86254419E+001  0.13804065E+002
  0.15761769E+000  0.20495241E+000  0.39913546E+000  0.60102123E+000  0.91352363E+000  0.10528236E+001  0.15624774E+001  0.34684871E+001  0.50327234E+001  0.86254439E+001  0.13804065E+002
  0.15761769E+000  0.20495241E+000  0.39913547E+000  0.60102125E+000  0.91352363E+000  0.10528236E+001  0.15624775E+001  0.34684880E+001  0.50327310E+001  0.86254459E+001  0.13804066E+002
  0.15761769E+000  0.20495241E+000  0.39913547E+000  0.60102127E+000  0.91352363E+000  0.10528236E+001  0.15624777E+001  0.34684888E+001  0.50327384E+001  0.86254479E+001  0.13804066E+002
  0.15761769E+000  0.20495241E+000  0.39913547E+000  0.60102129E+000  0.91352363E+000  0.10528236E+001  0.15624778E+001  0.34684896E+001  0.50327455E+001  0.86254498E+001  0.13804066E+002
  0.15761769E+000  0.20495241E+000  0.39913547E+000  0.60102130E+000  0.91352363E+000  0.10528236E+001  0.15624779E+001  0.34684904E+001  0.50327524E+001  0.86254516E+001  0.13804066E+002
