  0.30237416E+002
  0.30242297E+002
  0.30246140E+002
  0.30249228E+002
  0.30251744E+002
  0.30253814E+002
  0.30255534E+002
  0.30256972E+002
  0.30258183E+002
  0.30259208E+002
  0.30260082E+002
  0.30260832E+002
  0.30261480E+002
  0.30262043E+002
  0.30262536E+002
  0.30262971E+002
  0.30263359E+002
  0.30263708E+002
  0.30264024E+002
  0.30264314E+002
  0.30264582E+002
  0.30264833E+002
  0.30265070E+002
  0.30265296E+002
  0.30265514E+002
  0.30265725E+002
  0.30265933E+002
  0.30266137E+002
  0.30266340E+002
  0.30266542E+002
  0.30266745E+002
  0.30266950E+002
  0.30267156E+002
  0.30267365E+002
  0.30267576E+002
  0.30267791E+002
  0.30268009E+002
  0.30268231E+002
  0.30268457E+002
  0.30268686E+002
  0.30268919E+002
  0.30269155E+002
  0.30269395E+002
  0.30269639E+002
  0.30269885E+002
  0.30270135E+002
  0.30270386E+002
  0.30270641E+002
  0.30270897E+002
  0.30271154E+002
  0.30271413E+002
  0.30271672E+002
  0.30271931E+002
  0.30272190E+002
  0.30272448E+002
  0.30272705E+002
  0.30272960E+002
  0.30273212E+002
  0.30273461E+002
  0.30273706E+002
  0.30273947E+002
  0.30274183E+002
  0.30274413E+002
  0.30274637E+002
  0.30274854E+002
  0.30275064E+002
  0.30275265E+002
  0.30275458E+002
  0.30275640E+002
  0.30275813E+002
  0.30275976E+002
  0.30276127E+002
  0.30276267E+002
  0.30276394E+002
  0.30276509E+002
  0.30276611E+002
  0.30276699E+002
  0.30276774E+002
  0.30276835E+002
  0.30276881E+002
  0.30276913E+002
  0.30276931E+002
  0.30276933E+002
  0.30276921E+002
  0.30276894E+002
  0.30276852E+002
  0.30276796E+002
  0.30276724E+002
  0.30276638E+002
  0.30276538E+002
  0.30276423E+002
  0.30276295E+002
  0.30276153E+002
  0.30275997E+002
  0.30275829E+002
  0.30275648E+002
  0.30275454E+002
  0.30275249E+002
  0.30275032E+002
  0.30274803E+002
  0.30274564E+002
  0.30274315E+002
  0.30274055E+002
  0.30273786E+002
  0.30273508E+002
  0.30273221E+002
  0.30272925E+002
  0.30272621E+002
  0.30272310E+002
  0.30271991E+002
  0.30271665E+002
  0.30271332E+002
  0.30270993E+002
  0.30270648E+002
  0.30270298E+002
  0.30269942E+002
  0.30269581E+002
  0.30269215E+002
  0.30268844E+002
  0.30268470E+002
  0.30268091E+002
  0.30267709E+002
  0.30267323E+002
  0.30266933E+002
  0.30266541E+002
  0.30266146E+002
  0.30265749E+002
  0.30265349E+002
  0.30264947E+002
  0.30264544E+002
  0.30264138E+002
  0.30263732E+002
  0.30263324E+002
  0.30262915E+002
  0.30262505E+002
  0.30262094E+002
  0.30261683E+002
  0.30261272E+002
  0.30260861E+002
  0.30260450E+002
  0.30260040E+002
  0.30259630E+002
  0.30259221E+002
  0.30258812E+002
  0.30258405E+002
  0.30257999E+002
  0.30257595E+002
  0.30257193E+002
  0.30256792E+002
  0.30256393E+002
  0.30255997E+002
  0.30255603E+002
  0.30255212E+002
  0.30254823E+002
  0.30254437E+002
  0.30254054E+002
  0.30253675E+002
  0.30253298E+002
  0.30252926E+002
  0.30252557E+002
  0.30252191E+002
  0.30251830E+002
  0.30251472E+002
  0.30251119E+002
  0.30250770E+002
  0.30250425E+002
  0.30250084E+002
  0.30249749E+002
  0.30249417E+002
  0.30249091E+002
  0.30248769E+002
  0.30248452E+002
  0.30248141E+002
  0.30247834E+002
  0.30247532E+002
  0.30247235E+002
  0.30246944E+002
  0.30246658E+002
  0.30246377E+002
  0.30246101E+002
  0.30245831E+002
  0.30245565E+002
  0.30245306E+002
  0.30245051E+002
  0.30244802E+002
  0.30244559E+002
  0.30244320E+002
  0.30244087E+002
  0.30243860E+002
  0.30243637E+002
  0.30243420E+002
  0.30243208E+002
  0.30243002E+002
  0.30242801E+002
  0.30242604E+002
  0.30242413E+002
  0.30242227E+002
  0.30242046E+002
  0.30241870E+002
  0.30241699E+002
