  0.14901532E+001  0.10194392E+001  0.70475695E+001  0.11139252E+003
  0.14912949E+001  0.10225028E+001  0.70505790E+001  0.11140482E+003
  0.14928202E+001  0.10215792E+001  0.70537453E+001  0.11141643E+003
  0.14935674E+001  0.10215191E+001  0.70602628E+001  0.11142158E+003
  0.14946947E+001  0.10226817E+001  0.70583916E+001  0.11143122E+003
  0.14953155E+001  0.10278075E+001  0.70679085E+001  0.11142424E+003
  0.14966490E+001  0.10266068E+001  0.70719925E+001  0.11142690E+003
  0.14967755E+001  0.10285897E+001  0.70739062E+001  0.11142863E+003
  0.14967919E+001  0.10328896E+001  0.70724734E+001  0.11143059E+003
  0.14968533E+001  0.10328596E+001  0.70752632E+001  0.11143187E+003
  0.14984311E+001  0.10313067E+001  0.70824893E+001  0.11142812E+003
  0.14984434E+001  0.10315590E+001  0.70847532E+001  0.11142859E+003
  0.14985389E+001  0.10317545E+001  0.70844971E+001  0.11143114E+003
  0.14985494E+001  0.10317744E+001  0.70844979E+001  0.11143336E+003
  0.14985699E+001  0.10317719E+001  0.70867785E+001  0.11143304E+003
  0.14987318E+001  0.10317606E+001  0.70866622E+001  0.11143474E+003
  0.14990572E+001  0.10314513E+001  0.70873502E+001  0.11143559E+003
  0.14993501E+001  0.10317241E+001  0.70868123E+001  0.11143696E+003
  0.15010381E+001  0.10300510E+001  0.70870286E+001  0.11143799E+003
  0.15010456E+001  0.10300579E+001  0.70870410E+001  0.11143912E+003
  0.15010721E+001  0.10300456E+001  0.70870533E+001  0.11144017E+003
  0.15010784E+001  0.10300531E+001  0.70870655E+001  0.11144115E+003
  0.15010846E+001  0.10300606E+001  0.70870777E+001  0.11144207E+003
  0.15010906E+001  0.10300865E+001  0.70870715E+001  0.11144295E+003
  0.15010964E+001  0.10300941E+001  0.70870836E+001  0.11144379E+003
  0.15011022E+001  0.10301017E+001  0.70870958E+001  0.11144462E+003
  0.15011079E+001  0.10301094E+001  0.70871079E+001  0.11144542E+003
  0.15011144E+001  0.10301163E+001  0.70871201E+001  0.11144621E+003
  0.15011409E+001  0.10301125E+001  0.70903414E+001  0.11139592E+003
  0.15011465E+001  0.10301205E+001  0.70903788E+001  0.11139631E+003
  0.15011520E+001  0.10301287E+001  0.70904162E+001  0.11139670E+003
  0.15011575E+001  0.10301370E+001  0.70904537E+001  0.11139709E+003
  0.15011629E+001  0.10301454E+001  0.70904914E+001  0.11139749E+003
  0.15011684E+001  0.10301540E+001  0.70905294E+001  0.11139790E+003
  0.15011738E+001  0.10301628E+001  0.70905677E+001  0.11139832E+003
  0.15011792E+001  0.10301717E+001  0.70906064E+001  0.11139874E+003
  0.15011846E+001  0.10301808E+001  0.70906456E+001  0.11139918E+003
  0.15011899E+001  0.10301901E+001  0.70906852E+001  0.11139962E+003
  0.15011952E+001  0.10301995E+001  0.70907253E+001  0.11140008E+003
  0.15012005E+001  0.10302090E+001  0.70907660E+001  0.11140054E+003
  0.15012057E+001  0.10302187E+001  0.70908073E+001  0.11140102E+003
  0.15012109E+001  0.10302286E+001  0.70908492E+001  0.11140151E+003
  0.15012159E+001  0.10302386E+001  0.70908916E+001  0.11140200E+003
  0.15012210E+001  0.10302486E+001  0.70909347E+001  0.11140251E+003
  0.15012259E+001  0.10302588E+001  0.70909783E+001  0.11140302E+003
  0.15012306E+001  0.10302691E+001  0.70910225E+001  0.11140354E+003
  0.15012353E+001  0.10302794E+001  0.70895157E+001  0.11146053E+003
  0.15012398E+001  0.10302898E+001  0.70895328E+001  0.11146151E+003
  0.15012442E+001  0.10303001E+001  0.70895504E+001  0.11146251E+003
  0.15012484E+001  0.10303105E+001  0.70895684E+001  0.11146350E+003
  0.15012610E+001  0.10303123E+001  0.70895869E+001  0.11146450E+003
  0.15012648E+001  0.10303225E+001  0.70896058E+001  0.11146551E+003
  0.15012683E+001  0.10303327E+001  0.70896253E+001  0.11146651E+003
  0.15012716E+001  0.10303428E+001  0.70896453E+001  0.11146751E+003
  0.15012747E+001  0.10303527E+001  0.70896659E+001  0.11146851E+003
  0.15012774E+001  0.10303624E+001  0.70896870E+001  0.11146951E+003
  0.15012799E+001  0.10303728E+001  0.70897078E+001  0.11147049E+003
  0.15012820E+001  0.10303834E+001  0.70897286E+001  0.11147147E+003
  0.15012838E+001  0.10303939E+001  0.70897499E+001  0.11147243E+003
  0.15012852E+001  0.10304041E+001  0.70897718E+001  0.11147338E+003
  0.15012877E+001  0.10304126E+001  0.70897942E+001  0.11147431E+003
  0.15012884E+001  0.10304221E+001  0.70898172E+001  0.11147522E+003
  0.15012887E+001  0.10304312E+001  0.70898408E+001  0.11147611E+003
  0.15012886E+001  0.10304398E+001  0.70898650E+001  0.11147697E+003
  0.15012882E+001  0.10304479E+001  0.70898897E+001  0.11147781E+003
  0.15012873E+001  0.10304555E+001  0.70899151E+001  0.11147861E+003
  0.15012861E+001  0.10304625E+001  0.70899409E+001  0.11147938E+003
  0.15012845E+001  0.10304689E+001  0.70899673E+001  0.11148012E+003
  0.15012824E+001  0.10304747E+001  0.70899941E+001  0.11148082E+003
  0.15012799E+001  0.10304800E+001  0.70900213E+001  0.11148149E+003
  0.15012770E+001  0.10304846E+001  0.70900488E+001  0.11148211E+003
  0.15012738E+001  0.10304886E+001  0.70900766E+001  0.11148268E+003
  0.15012700E+001  0.10304920E+001  0.70901046E+001  0.11148321E+003
  0.15012659E+001  0.10304948E+001  0.70901326E+001  0.11148370E+003
  0.15012614E+001  0.10304970E+001  0.70901607E+001  0.11148413E+003
  0.15012565E+001  0.10304985E+001  0.70901886E+001  0.11148451E+003
  0.15012721E+001  0.10304784E+001  0.70902162E+001  0.11148484E+003
  0.15012664E+001  0.10304787E+001  0.70902436E+001  0.11148512E+003
  0.15012604E+001  0.10304783E+001  0.70902704E+001  0.11148534E+003
  0.15012540E+001  0.10304774E+001  0.70902966E+001  0.11148551E+003
  0.15012472E+001  0.10304757E+001  0.70903221E+001  0.11148562E+003
  0.15012401E+001  0.10304735E+001  0.70903467E+001  0.11148568E+003
  0.15012326E+001  0.10304707E+001  0.70903703E+001  0.11148567E+003
  0.15012249E+001  0.10304672E+001  0.70903928E+001  0.11148561E+003
  0.15012168E+001  0.10304631E+001  0.70904140E+001  0.11148550E+003
  0.15012085E+001  0.10304584E+001  0.70904338E+001  0.11148532E+003
  0.15011999E+001  0.10304531E+001  0.70904521E+001  0.11148509E+003
  0.15011911E+001  0.10304476E+001  0.70904684E+001  0.11148480E+003
  0.15011820E+001  0.10304412E+001  0.70904834E+001  0.11148446E+003
  0.15011727E+001  0.10304341E+001  0.70904965E+001  0.11148406E+003
  0.15011633E+001  0.10304266E+001  0.70905077E+001  0.11148361E+003
  0.15011536E+001  0.10304184E+001  0.70905168E+001  0.11148310E+003
  0.15011438E+001  0.10304098E+001  0.70905239E+001  0.11148255E+003
  0.15011339E+001  0.10304006E+001  0.70905289E+001  0.11148194E+003
  0.15011238E+001  0.10303909E+001  0.70905316E+001  0.11148128E+003
  0.15011137E+001  0.10303807E+001  0.70905321E+001  0.11148058E+003
  0.15011034E+001  0.10303701E+001  0.70905303E+001  0.11147983E+003
  0.15010931E+001  0.10303591E+001  0.70905262E+001  0.11147903E+003
  0.15010827E+001  0.10303476E+001  0.70905198E+001  0.11147819E+003
  0.15010722E+001  0.10303358E+001  0.70905111E+001  0.11147731E+003
  0.15010617E+001  0.10303236E+001  0.70905000E+001  0.11147639E+003
  0.15010512E+001  0.10303111E+001  0.70904867E+001  0.11147542E+003
  0.15010407E+001  0.10302983E+001  0.70904711E+001  0.11147442E+003
  0.15010301E+001  0.10302853E+001  0.70904532E+001  0.11147339E+003
  0.15010196E+001  0.10302720E+001  0.70904331E+001  0.11147232E+003
  0.15010090E+001  0.10302585E+001  0.70904108E+001  0.11147122E+003
  0.15009985E+001  0.10302448E+001  0.70903864E+001  0.11147008E+003
  0.15009880E+001  0.10302311E+001  0.70903599E+001  0.11146892E+003
  0.15009775E+001  0.10302172E+001  0.70903314E+001  0.11146773E+003
  0.15009671E+001  0.10302033E+001  0.70903010E+001  0.11146651E+003
  0.15009566E+001  0.10301893E+001  0.70902686E+001  0.11146526E+003
  0.15009462E+001  0.10301754E+001  0.70902344E+001  0.11146399E+003
  0.15009358E+001  0.10301615E+001  0.70901985E+001  0.11146269E+003
  0.15009255E+001  0.10301477E+001  0.70901609E+001  0.11146137E+003
  0.15009152E+001  0.10301340E+001  0.70901217E+001  0.11146003E+003
  0.15009049E+001  0.10301204E+001  0.70900810E+001  0.11145867E+003
  0.15008947E+001  0.10301070E+001  0.70900388E+001  0.11145730E+003
  0.15008845E+001  0.10300938E+001  0.70899953E+001  0.11145590E+003
  0.15008744E+001  0.10300808E+001  0.70899506E+001  0.11145449E+003
  0.15008643E+001  0.10300681E+001  0.70899048E+001  0.11145306E+003
  0.15008543E+001  0.10300557E+001  0.70898579E+001  0.11145161E+003
  0.15008443E+001  0.10300435E+001  0.70898101E+001  0.11145015E+003
  0.15008344E+001  0.10300317E+001  0.70897615E+001  0.11144868E+003
  0.15008246E+001  0.10300202E+001  0.70897122E+001  0.11144719E+003
  0.15008149E+001  0.10300091E+001  0.70896624E+001  0.11144569E+003
  0.15008053E+001  0.10299983E+001  0.70896122E+001  0.11144418E+003
  0.15007958E+001  0.10299879E+001  0.70895616E+001  0.11144266E+003
  0.15007864E+001  0.10299779E+001  0.70895109E+001  0.11144114E+003
  0.15007771E+001  0.10299683E+001  0.70894602E+001  0.11143960E+003
  0.15007680E+001  0.10299591E+001  0.70894096E+001  0.11143805E+003
  0.15007591E+001  0.10299502E+001  0.70893593E+001  0.11143650E+003
  0.15007503E+001  0.10299418E+001  0.70893093E+001  0.11143494E+003
  0.15007417E+001  0.10299338E+001  0.70892600E+001  0.11143337E+003
  0.15007334E+001  0.10299261E+001  0.70892113E+001  0.11143180E+003
  0.15007253E+001  0.10299189E+001  0.70891634E+001  0.11143022E+003
  0.15007174E+001  0.10299120E+001  0.70891165E+001  0.11142864E+003
  0.15007099E+001  0.10299056E+001  0.70890707E+001  0.11142706E+003
  0.15007026E+001  0.10298995E+001  0.70890261E+001  0.11142547E+003
  0.15006956E+001  0.10298937E+001  0.70889829E+001  0.11142389E+003
  0.15006889E+001  0.10298883E+001  0.70889411E+001  0.11142230E+003
  0.15006825E+001  0.10298833E+001  0.70889009E+001  0.11142071E+003
  0.15006765E+001  0.10298786E+001  0.70888623E+001  0.11141912E+003
  0.15006709E+001  0.10298742E+001  0.70888255E+001  0.11141753E+003
  0.15006656E+001  0.10298702E+001  0.70887904E+001  0.11141594E+003
  0.15006607E+001  0.10298664E+001  0.70887573E+001  0.11141435E+003
  0.15006561E+001  0.10298629E+001  0.70887261E+001  0.11141277E+003
  0.15006520E+001  0.10298598E+001  0.70886968E+001  0.11141119E+003
  0.15006482E+001  0.10298568E+001  0.70886696E+001  0.11140961E+003
  0.15006449E+001  0.10298542E+001  0.70886444E+001  0.11140804E+003
  0.15006419E+001  0.10298518E+001  0.70886212E+001  0.11140647E+003
  0.15006393E+001  0.10298496E+001  0.70886001E+001  0.11140491E+003
  0.15006371E+001  0.10298476E+001  0.70885810E+001  0.11140336E+003
  0.15006352E+001  0.10298459E+001  0.70885639E+001  0.11140182E+003
  0.15006337E+001  0.10298444E+001  0.70885487E+001  0.11140028E+003
  0.15006326E+001  0.10298431E+001  0.70885355E+001  0.11139875E+003
  0.15006318E+001  0.10298419E+001  0.70885242E+001  0.11139723E+003
  0.15006314E+001  0.10298410E+001  0.70885147E+001  0.11139573E+003
  0.15006312E+001  0.10298402E+001  0.70885070E+001  0.11139423E+003
  0.15006314E+001  0.10298395E+001  0.70885009E+001  0.11139274E+003
  0.15006318E+001  0.10298391E+001  0.70884965E+001  0.11139127E+003
  0.15006325E+001  0.10298387E+001  0.70884936E+001  0.11138981E+003
  0.15006335E+001  0.10298386E+001  0.70884922E+001  0.11138837E+003
  0.15006346E+001  0.10298385E+001  0.70884922E+001  0.11138694E+003
  0.15006360E+001  0.10298386E+001  0.70884935E+001  0.11138552E+003
  0.15006376E+001  0.10298387E+001  0.70884959E+001  0.11138412E+003
  0.15006393E+001  0.10298390E+001  0.70884995E+001  0.11138273E+003
  0.15006412E+001  0.10298394E+001  0.70885040E+001  0.11138137E+003
  0.15006433E+001  0.10298398E+001  0.70885096E+001  0.11138002E+003
  0.15006454E+001  0.10298404E+001  0.70885159E+001  0.11137868E+003
  0.15006477E+001  0.10298410E+001  0.70885230E+001  0.11137737E+003
  0.15006500E+001  0.10298417E+001  0.70885308E+001  0.11137607E+003
  0.15006524E+001  0.10298425E+001  0.70885392E+001  0.11137479E+003
  0.15006549E+001  0.10298433E+001  0.70885480E+001  0.11137353E+003
  0.15006573E+001  0.10298441E+001  0.70885573E+001  0.11137229E+003
  0.15006598E+001  0.10298450E+001  0.70885670E+001  0.11137107E+003
  0.15006624E+001  0.10298460E+001  0.70885770E+001  0.11136987E+003
  0.15006649E+001  0.10298469E+001  0.70885872E+001  0.11136869E+003
  0.15006674E+001  0.10298479E+001  0.70885975E+001  0.11136753E+003
  0.15006698E+001  0.10298489E+001  0.70886080E+001  0.11136639E+003
  0.15006723E+001  0.10298500E+001  0.70886185E+001  0.11136528E+003
  0.15006747E+001  0.10298510E+001  0.70886290E+001  0.11136418E+003
  0.15006770E+001  0.10298520E+001  0.70886395E+001  0.11136311E+003
  0.15006793E+001  0.10298531E+001  0.70886499E+001  0.11136205E+003
  0.15006815E+001  0.10298541E+001  0.70886601E+001  0.11136102E+003
  0.15006837E+001  0.10298551E+001  0.70886703E+001  0.11136001E+003
  0.15006858E+001  0.10298562E+001  0.70886802E+001  0.11135903E+003
  0.15006878E+001  0.10298572E+001  0.70886900E+001  0.11135806E+003
  0.15006897E+001  0.10298582E+001  0.70886995E+001  0.11135712E+003
  0.15006916E+001  0.10298591E+001  0.70887087E+001  0.11135619E+003
  0.15006934E+001  0.10298601E+001  0.70887178E+001  0.11135529E+003
  0.15006951E+001  0.10298610E+001  0.70887265E+001  0.11135441E+003
  0.15006968E+001  0.10298619E+001  0.70887349E+001  0.11135355E+003
  0.15006983E+001  0.10298628E+001  0.70887431E+001  0.11135272E+003
  0.15006998E+001  0.10298636E+001  0.70887509E+001  0.11135190E+003
  0.15007012E+001  0.10298645E+001  0.70887585E+001  0.11135111E+003
  0.15007026E+001  0.10298653E+001  0.70887657E+001  0.11135033E+003
  0.15007038E+001  0.10298660E+001  0.70887727E+001  0.11134958E+003
  0.15007050E+001  0.10298668E+001  0.70887793E+001  0.11134885E+003
  0.15007062E+001  0.10298675E+001  0.70887856E+001  0.11134814E+003
  0.15007072E+001  0.10298682E+001  0.70887917E+001  0.11134744E+003
