  0.36544153E-001  0.37207889E+000  0.31419242E+001  0.11739913E+003
  0.36546515E-001  0.37209005E+000  0.31421826E+001  0.11741838E+003
  0.36548508E-001  0.37209947E+000  0.31423919E+001  0.11743353E+003
  0.36550229E-001  0.37210753E+000  0.31425645E+001  0.11744570E+003
  0.36551744E-001  0.37211451E+000  0.31427087E+001  0.11745561E+003
  0.36553098E-001  0.37212063E+000  0.31428307E+001  0.11746377E+003
  0.36554323E-001  0.37212604E+000  0.31429350E+001  0.11747053E+003
  0.36555446E-001  0.37213088E+000  0.31430249E+001  0.11747619E+003
  0.36556475E-001  0.37213526E+000  0.31431032E+001  0.11748095E+003
  0.36557428E-001  0.37213925E+000  0.31431720E+001  0.11748498E+003
  0.36558316E-001  0.37214293E+000  0.31432329E+001  0.11748841E+003
  0.36559151E-001  0.37214634E+000  0.31432875E+001  0.11749135E+003
  0.36559940E-001  0.37214954E+000  0.31433366E+001  0.11749389E+003
  0.36560692E-001  0.37215257E+000  0.31433814E+001  0.11749609E+003
  0.36561410E-001  0.37215544E+000  0.31434225E+001  0.11749802E+003
  0.36562101E-001  0.37215819E+000  0.31434606E+001  0.11749972E+003
  0.36562769E-001  0.37216084E+000  0.31434963E+001  0.11750123E+003
  0.36563416E-001  0.37216341E+000  0.31435300E+001  0.11750259E+003
  0.36564047E-001  0.37216592E+000  0.31435621E+001  0.11750382E+003
  0.36564663E-001  0.37216838E+000  0.31435928E+001  0.11750494E+003
  0.36565268E-001  0.37217080E+000  0.31436226E+001  0.11750598E+003
  0.36565861E-001  0.37217319E+000  0.31436516E+001  0.11750695E+003
  0.36566447E-001  0.37217556E+000  0.31436799E+001  0.11750787E+003
  0.36567025E-001  0.37217793E+000  0.31437079E+001  0.11750875E+003
  0.36567597E-001  0.37218030E+000  0.31437356E+001  0.11750959E+003
  0.36568164E-001  0.37218269E+000  0.31437632E+001  0.11751040E+003
  0.36568726E-001  0.37218509E+000  0.31437907E+001  0.11751120E+003
  0.36569285E-001  0.37218752E+000  0.31438184E+001  0.11751199E+003
  0.36569840E-001  0.37218997E+000  0.31438461E+001  0.11751277E+003
  0.36570392E-001  0.37219247E+000  0.31438742E+001  0.11751355E+003
  0.36570940E-001  0.37219500E+000  0.31439025E+001  0.11751433E+003
  0.36571485E-001  0.37219758E+000  0.31439311E+001  0.11751511E+003
  0.36572026E-001  0.37220021E+000  0.31439601E+001  0.11751591E+003
  0.36572563E-001  0.37220289E+000  0.31439896E+001  0.11751671E+003
  0.36573095E-001  0.37220562E+000  0.31440195E+001  0.11751752E+003
  0.36573621E-001  0.37220840E+000  0.31440499E+001  0.11751835E+003
  0.36574139E-001  0.37221124E+000  0.31440808E+001  0.11751919E+003
  0.36574650E-001  0.37221414E+000  0.31441122E+001  0.11752004E+003
  0.36575150E-001  0.37221709E+000  0.31441441E+001  0.11752090E+003
  0.36575639E-001  0.37222009E+000  0.31441766E+001  0.11752179E+003
  0.36576115E-001  0.37222315E+000  0.31442095E+001  0.11752268E+003
  0.36576575E-001  0.37222627E+000  0.31442430E+001  0.11752359E+003
  0.36577017E-001  0.37222943E+000  0.31442769E+001  0.11752451E+003
  0.36577439E-001  0.37223263E+000  0.31443114E+001  0.11752545E+003
  0.36577839E-001  0.37223588E+000  0.31443463E+001  0.11752640E+003
  0.36578214E-001  0.37223916E+000  0.31443816E+001  0.11752735E+003
  0.36578561E-001  0.37224246E+000  0.31444173E+001  0.11752832E+003
  0.36578877E-001  0.37224579E+000  0.31444533E+001  0.11752930E+003
  0.36579159E-001  0.37224913E+000  0.31444897E+001  0.11753028E+003
  0.36579404E-001  0.37225247E+000  0.31445264E+001  0.11753127E+003
  0.36579610E-001  0.37225580E+000  0.31445632E+001  0.11753227E+003
  0.36579774E-001  0.37225911E+000  0.31446002E+001  0.11753326E+003
  0.36579891E-001  0.37226238E+000  0.31446373E+001  0.11753426E+003
  0.36579961E-001  0.37226560E+000  0.31446745E+001  0.11753525E+003
  0.36579980E-001  0.37226875E+000  0.31447116E+001  0.11753625E+003
  0.36579946E-001  0.37227182E+000  0.31447486E+001  0.11753723E+003
  0.36579859E-001  0.37227479E+000  0.31447854E+001  0.11753821E+003
  0.36579718E-001  0.37227763E+000  0.31448219E+001  0.11753918E+003
  0.36579523E-001  0.37228034E+000  0.31448580E+001  0.11754014E+003
  0.36579274E-001  0.37228288E+000  0.31448936E+001  0.11754108E+003
  0.36578971E-001  0.37228524E+000  0.31449287E+001  0.11754201E+003
  0.36578613E-001  0.37228740E+000  0.31449631E+001  0.11754292E+003
  0.36578200E-001  0.37228934E+000  0.31449967E+001  0.11754380E+003
  0.36577734E-001  0.37229103E+000  0.31450294E+001  0.11754467E+003
  0.36577215E-001  0.37229246E+000  0.31450611E+001  0.11754550E+003
  0.36576644E-001  0.37229360E+000  0.31450917E+001  0.11754631E+003
  0.36576024E-001  0.37229444E+000  0.31451211E+001  0.11754708E+003
  0.36575356E-001  0.37229497E+000  0.31451491E+001  0.11754783E+003
  0.36574643E-001  0.37229516E+000  0.31451756E+001  0.11754853E+003
  0.36573887E-001  0.37229500E+000  0.31452006E+001  0.11754920E+003
  0.36573091E-001  0.37229448E+000  0.31452238E+001  0.11754983E+003
  0.36572260E-001  0.37229358E+000  0.31452452E+001  0.11755041E+003
  0.36571395E-001  0.37229231E+000  0.31452648E+001  0.11755095E+003
  0.36570501E-001  0.37229065E+000  0.31452823E+001  0.11755145E+003
  0.36569581E-001  0.37228859E+000  0.31452977E+001  0.11755189E+003
  0.36568638E-001  0.37228613E+000  0.31453110E+001  0.11755229E+003
  0.36567677E-001  0.37228327E+000  0.31453219E+001  0.11755264E+003
  0.36566701E-001  0.37228001E+000  0.31453306E+001  0.11755293E+003
  0.36565713E-001  0.37227636E+000  0.31453368E+001  0.11755318E+003
  0.36564717E-001  0.37227231E+000  0.31453406E+001  0.11755336E+003
  0.36563715E-001  0.37226787E+000  0.31453419E+001  0.11755349E+003
  0.36562711E-001  0.37226305E+000  0.31453407E+001  0.11755357E+003
  0.36561709E-001  0.37225785E+000  0.31453369E+001  0.11755359E+003
  0.36560710E-001  0.37225230E+000  0.31453306E+001  0.11755356E+003
  0.36559717E-001  0.37224639E+000  0.31453217E+001  0.11755346E+003
  0.36558733E-001  0.37224015E+000  0.31453102E+001  0.11755331E+003
  0.36557759E-001  0.37223359E+000  0.31452962E+001  0.11755311E+003
  0.36556799E-001  0.37222673E+000  0.31452796E+001  0.11755285E+003
  0.36555854E-001  0.37221959E+000  0.31452605E+001  0.11755253E+003
  0.36554925E-001  0.37221219E+000  0.31452389E+001  0.11755216E+003
  0.36554016E-001  0.37220455E+000  0.31452148E+001  0.11755173E+003
  0.36553126E-001  0.37219670E+000  0.31451883E+001  0.11755126E+003
  0.36552257E-001  0.37218867E+000  0.31451593E+001  0.11755073E+003
  0.36551412E-001  0.37218048E+000  0.31451280E+001  0.11755014E+003
  0.36550591E-001  0.37217217E+000  0.31450943E+001  0.11754951E+003
  0.36549795E-001  0.37216377E+000  0.31450583E+001  0.11754883E+003
  0.36549026E-001  0.37215531E+000  0.31450201E+001  0.11754811E+003
  0.36548284E-001  0.37214682E+000  0.31449796E+001  0.11754733E+003
  0.36547570E-001  0.37213834E+000  0.31449369E+001  0.11754652E+003
  0.36546886E-001  0.37212990E+000  0.31448921E+001  0.11754566E+003
  0.36546232E-001  0.37212155E+000  0.31448452E+001  0.11754476E+003
  0.36545609E-001  0.37211331E+000  0.31447963E+001  0.11754382E+003
  0.36545017E-001  0.37210522E+000  0.31447453E+001  0.11754284E+003
  0.36544457E-001  0.37209731E+000  0.31446924E+001  0.11754182E+003
  0.36543929E-001  0.37208962E+000  0.31446377E+001  0.11754077E+003
  0.36543434E-001  0.37208218E+000  0.31445811E+001  0.11753969E+003
  0.36542972E-001  0.37207503E+000  0.31445228E+001  0.11753857E+003
  0.36542543E-001  0.37206818E+000  0.31444628E+001  0.11753743E+003
  0.36542147E-001  0.37206166E+000  0.31444012E+001  0.11753625E+003
  0.36541783E-001  0.37205550E+000  0.31443381E+001  0.11753504E+003
  0.36541452E-001  0.37204971E+000  0.31442736E+001  0.11753381E+003
  0.36541153E-001  0.37204432E+000  0.31442078E+001  0.11753255E+003
  0.36540886E-001  0.37203934E+000  0.31441409E+001  0.11753127E+003
  0.36540650E-001  0.37203477E+000  0.31440728E+001  0.11752996E+003
  0.36540444E-001  0.37203063E+000  0.31440039E+001  0.11752863E+003
  0.36540267E-001  0.37202692E+000  0.31439341E+001  0.11752728E+003
  0.36540118E-001  0.37202364E+000  0.31438637E+001  0.11752591E+003
  0.36539997E-001  0.37202078E+000  0.31437927E+001  0.11752452E+003
  0.36539901E-001  0.37201835E+000  0.31437215E+001  0.11752311E+003
  0.36539830E-001  0.37201633E+000  0.31436500E+001  0.11752169E+003
  0.36539783E-001  0.37201471E+000  0.31435785E+001  0.11752025E+003
  0.36539758E-001  0.37201347E+000  0.31435071E+001  0.11751879E+003
  0.36539754E-001  0.37201261E+000  0.31434360E+001  0.11751732E+003
  0.36539768E-001  0.37201210E+000  0.31433654E+001  0.11751583E+003
  0.36539801E-001  0.37201192E+000  0.31432955E+001  0.11751433E+003
  0.36539850E-001  0.37201206E+000  0.31432264E+001  0.11751282E+003
  0.36539913E-001  0.37201248E+000  0.31431582E+001  0.11751130E+003
  0.36539990E-001  0.37201318E+000  0.31430911E+001  0.11750977E+003
  0.36540079E-001  0.37201412E+000  0.31430253E+001  0.11750822E+003
  0.36540178E-001  0.37201528E+000  0.31429610E+001  0.11750667E+003
  0.36540286E-001  0.37201664E+000  0.31428982E+001  0.11750511E+003
  0.36540402E-001  0.37201817E+000  0.31428370E+001  0.11750355E+003
  0.36540525E-001  0.37201986E+000  0.31427776E+001  0.11750197E+003
  0.36540653E-001  0.37202167E+000  0.31427201E+001  0.11750039E+003
  0.36540785E-001  0.37202360E+000  0.31426646E+001  0.11749880E+003
  0.36540921E-001  0.37202561E+000  0.31426111E+001  0.11749721E+003
  0.36541059E-001  0.37202769E+000  0.31425598E+001  0.11749562E+003
  0.36541198E-001  0.37202983E+000  0.31425106E+001  0.11749402E+003
  0.36541337E-001  0.37203199E+000  0.31424636E+001  0.11749242E+003
  0.36541476E-001  0.37203418E+000  0.31424188E+001  0.11749082E+003
  0.36541614E-001  0.37203637E+000  0.31423763E+001  0.11748922E+003
  0.36541750E-001  0.37203855E+000  0.31423361E+001  0.11748762E+003
  0.36541884E-001  0.37204072E+000  0.31422980E+001  0.11748602E+003
  0.36542015E-001  0.37204285E+000  0.31422622E+001  0.11748442E+003
  0.36542142E-001  0.37204494E+000  0.31422286E+001  0.11748282E+003
  0.36542267E-001  0.37204698E+000  0.31421972E+001  0.11748123E+003
  0.36542387E-001  0.37204897E+000  0.31421678E+001  0.11747964E+003
  0.36542503E-001  0.37205090E+000  0.31421405E+001  0.11747805E+003
  0.36542615E-001  0.37205276E+000  0.31421152E+001  0.11747647E+003
  0.36542722E-001  0.37205455E+000  0.31420918E+001  0.11747490E+003
  0.36542825E-001  0.37205626E+000  0.31420703E+001  0.11747333E+003
  0.36542923E-001  0.37205791E+000  0.31420506E+001  0.11747178E+003
  0.36543016E-001  0.37205947E+000  0.31420325E+001  0.11747023E+003
  0.36543104E-001  0.37206096E+000  0.31420160E+001  0.11746869E+003
  0.36543188E-001  0.37206237E+000  0.31420011E+001  0.11746716E+003
  0.36543267E-001  0.37206371E+000  0.31419876E+001  0.11746564E+003
  0.36543341E-001  0.37206496E+000  0.31419755E+001  0.11746413E+003
  0.36543410E-001  0.37206614E+000  0.31419647E+001  0.11746263E+003
  0.36543475E-001  0.37206725E+000  0.31419550E+001  0.11746115E+003
  0.36543536E-001  0.37206829E+000  0.31419465E+001  0.11745968E+003
  0.36543593E-001  0.37206925E+000  0.31419389E+001  0.11745823E+003
  0.36543645E-001  0.37207015E+000  0.31419323E+001  0.11745679E+003
  0.36543694E-001  0.37207099E+000  0.31419266E+001  0.11745536E+003
  0.36543739E-001  0.37207176E+000  0.31419217E+001  0.11745395E+003
  0.36543780E-001  0.37207247E+000  0.31419175E+001  0.11745256E+003
  0.36543819E-001  0.37207313E+000  0.31419140E+001  0.11745118E+003
  0.36543853E-001  0.37207373E+000  0.31419111E+001  0.11744982E+003
  0.36543885E-001  0.37207428E+000  0.31419087E+001  0.11744848E+003
  0.36543914E-001  0.37207478E+000  0.31419068E+001  0.11744716E+003
  0.36543940E-001  0.37207524E+000  0.31419053E+001  0.11744585E+003
  0.36543964E-001  0.37207566E+000  0.31419042E+001  0.11744457E+003
  0.36543986E-001  0.37207603E+000  0.31419034E+001  0.11744330E+003
  0.36544005E-001  0.37207637E+000  0.31419029E+001  0.11744205E+003
  0.36544022E-001  0.37207668E+000  0.31419026E+001  0.11744083E+003
  0.36544037E-001  0.37207695E+000  0.31419026E+001  0.11743962E+003
  0.36544051E-001  0.37207719E+000  0.31419028E+001  0.11743843E+003
  0.36544063E-001  0.37207741E+000  0.31419031E+001  0.11743727E+003
  0.36544074E-001  0.37207760E+000  0.31419035E+001  0.11743612E+003
  0.36544083E-001  0.37207777E+000  0.31419040E+001  0.11743500E+003
  0.36544091E-001  0.37207792E+000  0.31419046E+001  0.11743389E+003
  0.36544099E-001  0.37207806E+000  0.31419053E+001  0.11743281E+003
  0.36544105E-001  0.37207817E+000  0.31419060E+001  0.11743175E+003
  0.36544110E-001  0.37207827E+000  0.31419068E+001  0.11743071E+003
  0.36544115E-001  0.37207836E+000  0.31419075E+001  0.11742969E+003
  0.36544119E-001  0.37207843E+000  0.31419083E+001  0.11742869E+003
  0.36544123E-001  0.37207850E+000  0.31419091E+001  0.11742772E+003
  0.36544126E-001  0.37207855E+000  0.31419098E+001  0.11742676E+003
  0.36544128E-001  0.37207860E+000  0.31419106E+001  0.11742583E+003
  0.36544130E-001  0.37207864E+000  0.31419113E+001  0.11742492E+003
  0.36544132E-001  0.37207867E+000  0.31419120E+001  0.11742403E+003
  0.36544134E-001  0.37207870E+000  0.31419126E+001  0.11742316E+003
  0.36544136E-001  0.37207873E+000  0.31419133E+001  0.11742231E+003
  0.36544137E-001  0.37207875E+000  0.31419139E+001  0.11742149E+003
  0.36544139E-001  0.37207877E+000  0.31419145E+001  0.11742068E+003
  0.36544140E-001  0.37207878E+000  0.31419151E+001  0.11741989E+003
  0.36544141E-001  0.37207880E+000  0.31419156E+001  0.11741913E+003
  0.36544143E-001  0.37207881E+000  0.31419161E+001  0.11741838E+003
  0.36544144E-001  0.37207883E+000  0.31419166E+001  0.11741766E+003
  0.36544146E-001  0.37207884E+000  0.31419170E+001  0.11741696E+003
  0.36544147E-001  0.37207885E+000  0.31419175E+001  0.11741627E+003
