  0.10631427E+000
  0.10642651E+000
  0.10648868E+000
  0.10652618E+000
  0.10655000E+000
  0.10656569E+000
  0.10657626E+000
  0.10658348E+000
  0.10658843E+000
  0.10659180E+000
  0.10659405E+000
  0.10659548E+000
  0.10659633E+000
  0.10659675E+000
  0.10659685E+000
  0.10659672E+000
  0.10659645E+000
  0.10659606E+000
  0.10659561E+000
  0.10659512E+000
  0.10659461E+000
  0.10659411E+000
  0.10659363E+000
  0.10659318E+000
  0.10659277E+000
  0.10659240E+000
  0.10659208E+000
  0.10659181E+000
  0.10659159E+000
  0.10659142E+000
  0.10659131E+000
  0.10659124E+000
  0.10659123E+000
  0.10659127E+000
  0.10659135E+000
  0.10659148E+000
  0.10659165E+000
  0.10659185E+000
  0.10659209E+000
  0.10659236E+000
  0.10659266E+000
  0.10659298E+000
  0.10659333E+000
  0.10659369E+000
  0.10659407E+000
  0.10659447E+000
  0.10659487E+000
  0.10659528E+000
  0.10659570E+000
  0.10659613E+000
  0.10659655E+000
  0.10659698E+000
  0.10659740E+000
  0.10659782E+000
  0.10659824E+000
  0.10659865E+000
  0.10659905E+000
  0.10659944E+000
  0.10659982E+000
  0.10660018E+000
  0.10660054E+000
  0.10660087E+000
  0.10660119E+000
  0.10660149E+000
  0.10660177E+000
  0.10660202E+000
  0.10660225E+000
  0.10660246E+000
  0.10660263E+000
  0.10660278E+000
  0.10660290E+000
  0.10660299E+000
  0.10660305E+000
  0.10660307E+000
  0.10660306E+000
  0.10660301E+000
  0.10660293E+000
  0.10660281E+000
  0.10660265E+000
  0.10660245E+000
  0.10660222E+000
  0.10660194E+000
  0.10660163E+000
  0.10660127E+000
  0.10660087E+000
  0.10660044E+000
  0.10659996E+000
  0.10659945E+000
  0.10659890E+000
  0.10659831E+000
  0.10659768E+000
  0.10659701E+000
  0.10659631E+000
  0.10659557E+000
  0.10659480E+000
  0.10659400E+000
  0.10659316E+000
  0.10659229E+000
  0.10659139E+000
  0.10659046E+000
  0.10658951E+000
  0.10658852E+000
  0.10658752E+000
  0.10658648E+000
  0.10658542E+000
  0.10658434E+000
  0.10658323E+000
  0.10658211E+000
  0.10658096E+000
  0.10657980E+000
  0.10657861E+000
  0.10657741E+000
  0.10657619E+000
  0.10657495E+000
  0.10657369E+000
  0.10657243E+000
  0.10657114E+000
  0.10656985E+000
  0.10656853E+000
  0.10656721E+000
  0.10656587E+000
  0.10656453E+000
  0.10656317E+000
  0.10656180E+000
  0.10656042E+000
  0.10655903E+000
  0.10655763E+000
  0.10655622E+000
  0.10655480E+000
  0.10655337E+000
  0.10655194E+000
  0.10655050E+000
  0.10654905E+000
  0.10654760E+000
  0.10654614E+000
  0.10654467E+000
  0.10654320E+000
  0.10654172E+000
  0.10654025E+000
  0.10653876E+000
  0.10653728E+000
  0.10653579E+000
  0.10653430E+000
  0.10653281E+000
  0.10653132E+000
  0.10652983E+000
  0.10652834E+000
  0.10652685E+000
  0.10652536E+000
  0.10652387E+000
  0.10652239E+000
  0.10652091E+000
  0.10651943E+000
  0.10651796E+000
  0.10651649E+000
  0.10651503E+000
  0.10651358E+000
  0.10651213E+000
  0.10651070E+000
  0.10650927E+000
  0.10650784E+000
  0.10650643E+000
  0.10650503E+000
  0.10650364E+000
  0.10650226E+000
  0.10650089E+000
  0.10649954E+000
  0.10649820E+000
  0.10649687E+000
  0.10649555E+000
  0.10649425E+000
  0.10649297E+000
  0.10649170E+000
  0.10649044E+000
  0.10648921E+000
  0.10648799E+000
  0.10648678E+000
  0.10648560E+000
  0.10648443E+000
  0.10648328E+000
  0.10648214E+000
  0.10648103E+000
  0.10647993E+000
  0.10647886E+000
  0.10647780E+000
  0.10647676E+000
  0.10647574E+000
  0.10647475E+000
  0.10647377E+000
  0.10647281E+000
  0.10647187E+000
  0.10647095E+000
  0.10647005E+000
  0.10646917E+000
  0.10646831E+000
  0.10646747E+000
  0.10646665E+000
  0.10646585E+000
  0.10646507E+000
  0.10646431E+000
