  0.15876857E+001
  0.15875641E+001
  0.15874944E+001
  0.15874539E+001
  0.15874306E+001
  0.15874179E+001
  0.15874117E+001
  0.15874096E+001
  0.15874099E+001
  0.15874117E+001
  0.15874142E+001
  0.15874169E+001
  0.15874195E+001
  0.15874218E+001
  0.15874237E+001
  0.15874250E+001
  0.15874256E+001
  0.15874256E+001
  0.15874249E+001
  0.15874235E+001
  0.15874214E+001
  0.15874186E+001
  0.15874151E+001
  0.15874110E+001
  0.15874062E+001
  0.15874008E+001
  0.15873949E+001
  0.15873884E+001
  0.15873814E+001
  0.15873739E+001
  0.15873659E+001
  0.15873575E+001
  0.15873487E+001
  0.15873396E+001
  0.15873302E+001
  0.15873204E+001
  0.15873105E+001
  0.15873004E+001
  0.15872901E+001
  0.15872796E+001
  0.15872691E+001
  0.15872586E+001
  0.15872481E+001
  0.15872376E+001
  0.15872272E+001
  0.15872169E+001
  0.15872068E+001
  0.15871969E+001
  0.15871872E+001
  0.15871777E+001
  0.15871686E+001
  0.15871599E+001
  0.15871515E+001
  0.15871435E+001
  0.15871359E+001
  0.15871289E+001
  0.15871223E+001
  0.15871163E+001
  0.15871109E+001
  0.15871061E+001
  0.15871019E+001
  0.15870983E+001
  0.15870955E+001
  0.15870934E+001
  0.15870920E+001
  0.15870913E+001
  0.15870914E+001
  0.15870923E+001
  0.15870940E+001
  0.15870965E+001
  0.15870998E+001
  0.15871039E+001
  0.15871088E+001
  0.15871144E+001
  0.15871209E+001
  0.15871280E+001
  0.15871359E+001
  0.15871445E+001
  0.15871537E+001
  0.15871636E+001
  0.15871740E+001
  0.15871850E+001
  0.15871964E+001
  0.15872082E+001
  0.15872205E+001
  0.15872330E+001
  0.15872458E+001
  0.15872588E+001
  0.15872719E+001
  0.15872851E+001
  0.15872984E+001
  0.15873116E+001
  0.15873247E+001
  0.15873378E+001
  0.15873507E+001
  0.15873634E+001
  0.15873759E+001
  0.15873881E+001
  0.15874000E+001
  0.15874116E+001
  0.15874229E+001
  0.15874338E+001
  0.15874444E+001
  0.15874546E+001
  0.15874645E+001
  0.15874739E+001
  0.15874830E+001
  0.15874918E+001
  0.15875002E+001
  0.15875082E+001
  0.15875159E+001
  0.15875232E+001
  0.15875303E+001
  0.15875370E+001
  0.15875434E+001
  0.15875495E+001
  0.15875554E+001
  0.15875610E+001
  0.15875663E+001
  0.15875715E+001
  0.15875764E+001
  0.15875811E+001
  0.15875856E+001
  0.15875899E+001
  0.15875941E+001
  0.15875981E+001
  0.15876019E+001
  0.15876056E+001
  0.15876091E+001
  0.15876126E+001
  0.15876159E+001
  0.15876191E+001
  0.15876222E+001
  0.15876251E+001
  0.15876280E+001
  0.15876308E+001
  0.15876335E+001
  0.15876361E+001
  0.15876387E+001
  0.15876411E+001
  0.15876435E+001
  0.15876458E+001
  0.15876481E+001
  0.15876502E+001
  0.15876523E+001
  0.15876543E+001
  0.15876563E+001
  0.15876582E+001
  0.15876600E+001
  0.15876618E+001
  0.15876635E+001
  0.15876652E+001
  0.15876668E+001
  0.15876683E+001
  0.15876698E+001
  0.15876712E+001
  0.15876725E+001
  0.15876738E+001
  0.15876751E+001
  0.15876763E+001
  0.15876774E+001
  0.15876785E+001
  0.15876795E+001
  0.15876805E+001
  0.15876814E+001
  0.15876823E+001
  0.15876831E+001
  0.15876839E+001
  0.15876847E+001
  0.15876854E+001
  0.15876860E+001
  0.15876867E+001
  0.15876872E+001
  0.15876878E+001
  0.15876883E+001
  0.15876887E+001
  0.15876892E+001
  0.15876896E+001
  0.15876899E+001
  0.15876903E+001
  0.15876906E+001
  0.15876908E+001
  0.15876911E+001
  0.15876913E+001
  0.15876915E+001
  0.15876917E+001
  0.15876918E+001
  0.15876919E+001
  0.15876920E+001
  0.15876921E+001
  0.15876922E+001
  0.15876922E+001
  0.15876923E+001
  0.15876923E+001
  0.15876923E+001
  0.15876923E+001
  0.15876922E+001
  0.15876922E+001
  0.15876921E+001
  0.15876921E+001
