  0.10889038E+001  0.57817840E+000  0.92425646E+000  0.37594046E+001
  0.10914867E+001  0.57825600E+000  0.92223662E+000  0.37582775E+001
  0.10954749E+001  0.57435117E+000  0.92506778E+000  0.37550843E+001
  0.10954565E+001  0.57465053E+000  0.92611236E+000  0.37535967E+001
  0.10962055E+001  0.57417873E+000  0.92594071E+000  0.37533981E+001
  0.10966833E+001  0.57567844E+000  0.92419164E+000  0.37531188E+001
  0.10969105E+001  0.57541096E+000  0.92427608E+000  0.37530498E+001
  0.10969612E+001  0.57699466E+000  0.92275372E+000  0.37529292E+001
  0.10969478E+001  0.57793708E+000  0.92183643E+000  0.37529188E+001
  0.10969366E+001  0.57793480E+000  0.92178614E+000  0.37529896E+001
  0.10969287E+001  0.57792946E+000  0.92229562E+000  0.37525033E+001
  0.10969188E+001  0.57809987E+000  0.92211094E+000  0.37525384E+001
  0.10971076E+001  0.57810371E+000  0.92190266E+000  0.37525646E+001
  0.10970991E+001  0.57810497E+000  0.92189417E+000  0.37525896E+001
  0.10970912E+001  0.57810301E+000  0.92188015E+000  0.37526209E+001
  0.10972201E+001  0.57798200E+000  0.92186026E+000  0.37526380E+001
  0.10972161E+001  0.57797706E+000  0.92191091E+000  0.37525990E+001
  0.10972091E+001  0.57842283E+000  0.92145900E+000  0.37526120E+001
  0.10972024E+001  0.57842117E+000  0.92163876E+000  0.37524377E+001
  0.10971958E+001  0.57841960E+000  0.92163443E+000  0.37524446E+001
  0.10971893E+001  0.57841802E+000  0.92163009E+000  0.37524485E+001
  0.10971829E+001  0.57841649E+000  0.92162573E+000  0.37524496E+001
  0.10971766E+001  0.57841496E+000  0.92162131E+000  0.37524480E+001
  0.10971702E+001  0.57841719E+000  0.92161307E+000  0.37524438E+001
  0.10971639E+001  0.57841566E+000  0.92160848E+000  0.37524372E+001
  0.10971576E+001  0.57841412E+000  0.92160379E+000  0.37524283E+001
  0.10971513E+001  0.57841258E+000  0.92159897E+000  0.37524172E+001
  0.10971465E+001  0.57840941E+000  0.92159401E+000  0.37524041E+001
  0.10971401E+001  0.57843195E+000  0.92185205E+000  0.37508039E+001
  0.10971336E+001  0.57843034E+000  0.92184902E+000  0.37507749E+001
  0.10971271E+001  0.57842871E+000  0.92184583E+000  0.37507443E+001
  0.10971205E+001  0.57842705E+000  0.92184247E+000  0.37507123E+001
  0.10971138E+001  0.57842537E+000  0.92183894E+000  0.37506790E+001
  0.10971070E+001  0.57842365E+000  0.92183524E+000  0.37506445E+001
  0.10971002E+001  0.57842189E+000  0.92183138E+000  0.37506089E+001
  0.10970934E+001  0.57842011E+000  0.92182735E+000  0.37505724E+001
  0.10970865E+001  0.57841829E+000  0.92182315E+000  0.37505352E+001
  0.10970795E+001  0.57841644E+000  0.92181880E+000  0.37504973E+001
  0.10970725E+001  0.57841455E+000  0.92181430E+000  0.37504589E+001
  0.10970655E+001  0.57841263E+000  0.92180965E+000  0.37504201E+001
  0.10970585E+001  0.57841067E+000  0.92180486E+000  0.37503811E+001
  0.10970514E+001  0.57840869E+000  0.92179993E+000  0.37503420E+001
  0.10970444E+001  0.57840667E+000  0.92179489E+000  0.37503029E+001
  0.10970375E+001  0.57840462E+000  0.92178974E+000  0.37502640E+001
  0.10970306E+001  0.57840255E+000  0.92178448E+000  0.37502254E+001
  0.10970238E+001  0.57840046E+000  0.92177915E+000  0.37501873E+001
  0.10970171E+001  0.57839834E+000  0.92143439E+000  0.37519778E+001
  0.10970106E+001  0.57839620E+000  0.92142643E+000  0.37519547E+001
  0.10970042E+001  0.57839405E+000  0.92141843E+000  0.37519325E+001
  0.10969980E+001  0.57839190E+000  0.92141044E+000  0.37519111E+001
  0.10969976E+001  0.57838419E+000  0.92140248E+000  0.37518907E+001
  0.10969919E+001  0.57838203E+000  0.92139458E+000  0.37518713E+001
  0.10969865E+001  0.57837987E+000  0.92138679E+000  0.37518531E+001
  0.10969815E+001  0.57837774E+000  0.92137915E+000  0.37518360E+001
  0.10969768E+001  0.57837562E+000  0.92137169E+000  0.37518201E+001
  0.10969724E+001  0.57837355E+000  0.92136448E+000  0.37518054E+001
  0.10969685E+001  0.57837155E+000  0.92135754E+000  0.37517921E+001
  0.10969651E+001  0.57836964E+000  0.92135093E+000  0.37517800E+001
  0.10969621E+001  0.57836781E+000  0.92134470E+000  0.37517693E+001
  0.10969596E+001  0.57836607E+000  0.92133893E+000  0.37517600E+001
  0.10969577E+001  0.57836446E+000  0.92133366E+000  0.37517522E+001
  0.10969563E+001  0.57836293E+000  0.92132895E+000  0.37517457E+001
  0.10969554E+001  0.57836153E+000  0.92132486E+000  0.37517407E+001
  0.10969551E+001  0.57836027E+000  0.92132143E+000  0.37517371E+001
  0.10969555E+001  0.57835916E+000  0.92131872E+000  0.37517350E+001
  0.10969564E+001  0.57835822E+000  0.92131677E+000  0.37517344E+001
  0.10969579E+001  0.57835746E+000  0.92131562E+000  0.37517353E+001
  0.10969600E+001  0.57835689E+000  0.92131532E+000  0.37517376E+001
  0.10969626E+001  0.57835653E+000  0.92131588E+000  0.37517415E+001
  0.10969659E+001  0.57835638E+000  0.92131734E+000  0.37517469E+001
  0.10969697E+001  0.57835646E+000  0.92131970E+000  0.37517538E+001
  0.10969740E+001  0.57835676E+000  0.92132299E+000  0.37517622E+001
  0.10969789E+001  0.57835730E+000  0.92132719E+000  0.37517722E+001
  0.10969842E+001  0.57835807E+000  0.92133231E+000  0.37517836E+001
  0.10969900E+001  0.57835908E+000  0.92133832E+000  0.37517964E+001
  0.10969963E+001  0.57836032E+000  0.92134520E+000  0.37518108E+001
  0.10970030E+001  0.57836170E+000  0.92135293E+000  0.37518265E+001
  0.10970100E+001  0.57836340E+000  0.92136146E+000  0.37518436E+001
  0.10970173E+001  0.57836531E+000  0.92137075E+000  0.37518620E+001
  0.10970250E+001  0.57836742E+000  0.92138075E+000  0.37518817E+001
  0.10970328E+001  0.57836972E+000  0.92139141E+000  0.37519026E+001
  0.10970409E+001  0.57837220E+000  0.92140266E+000  0.37519245E+001
  0.10970492E+001  0.57837484E+000  0.92141445E+000  0.37519475E+001
  0.10970576E+001  0.57837762E+000  0.92142671E+000  0.37519715E+001
  0.10970661E+001  0.57838053E+000  0.92143938E+000  0.37519962E+001
  0.10970747E+001  0.57838354E+000  0.92145239E+000  0.37520217E+001
  0.10970834E+001  0.57838664E+000  0.92146566E+000  0.37520478E+001
  0.10970921E+001  0.57839022E+000  0.92147873E+000  0.37520745E+001
  0.10971008E+001  0.57839343E+000  0.92149234E+000  0.37521014E+001
  0.10971095E+001  0.57839666E+000  0.92150603E+000  0.37521287E+001
  0.10971181E+001  0.57839990E+000  0.92151974E+000  0.37521561E+001
  0.10971267E+001  0.57840313E+000  0.92153340E+000  0.37521835E+001
  0.10971353E+001  0.57840633E+000  0.92154695E+000  0.37522109E+001
  0.10971437E+001  0.57840948E+000  0.92156035E+000  0.37522381E+001
  0.10971521E+001  0.57841257E+000  0.92157355E+000  0.37522650E+001
  0.10971604E+001  0.57841557E+000  0.92158650E+000  0.37522915E+001
  0.10971686E+001  0.57841848E+000  0.92159917E+000  0.37523177E+001
  0.10971767E+001  0.57842129E+000  0.92161151E+000  0.37523432E+001
  0.10971847E+001  0.57842397E+000  0.92162349E+000  0.37523682E+001
  0.10971927E+001  0.57842654E+000  0.92163509E+000  0.37523926E+001
  0.10972005E+001  0.57842896E+000  0.92164628E+000  0.37524163E+001
  0.10972082E+001  0.57843125E+000  0.92165705E+000  0.37524393E+001
  0.10972158E+001  0.57843340E+000  0.92166737E+000  0.37524615E+001
  0.10972234E+001  0.57843540E+000  0.92167724E+000  0.37524829E+001
  0.10972309E+001  0.57843726E+000  0.92168664E+000  0.37525036E+001
  0.10972383E+001  0.57843897E+000  0.92169557E+000  0.37525234E+001
  0.10972456E+001  0.57844054E+000  0.92170403E+000  0.37525425E+001
  0.10972528E+001  0.57844197E+000  0.92171202E+000  0.37525608E+001
  0.10972600E+001  0.57844327E+000  0.92171954E+000  0.37525784E+001
  0.10972671E+001  0.57844445E+000  0.92172659E+000  0.37525951E+001
  0.10972741E+001  0.57844551E+000  0.92173319E+000  0.37526112E+001
  0.10972811E+001  0.57844646E+000  0.92173934E+000  0.37526265E+001
  0.10972880E+001  0.57844732E+000  0.92174505E+000  0.37526411E+001
  0.10972948E+001  0.57844808E+000  0.92175034E+000  0.37526551E+001
  0.10973016E+001  0.57844877E+000  0.92175522E+000  0.37526685E+001
  0.10973083E+001  0.57844939E+000  0.92175970E+000  0.37526812E+001
  0.10973149E+001  0.57844996E+000  0.92176380E+000  0.37526934E+001
  0.10973214E+001  0.57845049E+000  0.92176754E+000  0.37527050E+001
  0.10973279E+001  0.57845098E+000  0.92177092E+000  0.37527161E+001
  0.10973342E+001  0.57845146E+000  0.92177398E+000  0.37527267E+001
  0.10973405E+001  0.57845192E+000  0.92177672E+000  0.37527369E+001
  0.10973467E+001  0.57845238E+000  0.92177917E+000  0.37527466E+001
  0.10973528E+001  0.57845286E+000  0.92178134E+000  0.37527559E+001
  0.10973587E+001  0.57845334E+000  0.92178325E+000  0.37527648E+001
  0.10973646E+001  0.57845386E+000  0.92178492E+000  0.37527734E+001
  0.10973703E+001  0.57845440E+000  0.92178637E+000  0.37527816E+001
  0.10973759E+001  0.57845499E+000  0.92178760E+000  0.37527895E+001
  0.10973814E+001  0.57845561E+000  0.92178865E+000  0.37527971E+001
  0.10973868E+001  0.57845628E+000  0.92178952E+000  0.37528045E+001
  0.10973920E+001  0.57845700E+000  0.92179023E+000  0.37528116E+001
  0.10973970E+001  0.57845777E+000  0.92179080E+000  0.37528184E+001
  0.10974019E+001  0.57845859E+000  0.92179124E+000  0.37528250E+001
  0.10974067E+001  0.57845946E+000  0.92179157E+000  0.37528314E+001
  0.10974113E+001  0.57846038E+000  0.92179179E+000  0.37528375E+001
  0.10974158E+001  0.57846135E+000  0.92179193E+000  0.37528435E+001
  0.10974201E+001  0.57846237E+000  0.92179199E+000  0.37528493E+001
  0.10974242E+001  0.57846343E+000  0.92179198E+000  0.37528549E+001
  0.10974282E+001  0.57846453E+000  0.92179192E+000  0.37528604E+001
  0.10974320E+001  0.57846566E+000  0.92179182E+000  0.37528657E+001
  0.10974356E+001  0.57846683E+000  0.92179168E+000  0.37528709E+001
  0.10974391E+001  0.57846802E+000  0.92179151E+000  0.37528759E+001
  0.10974424E+001  0.57846924E+000  0.92179132E+000  0.37528807E+001
  0.10974456E+001  0.57847048E+000  0.92179111E+000  0.37528855E+001
  0.10974486E+001  0.57847172E+000  0.92179090E+000  0.37528901E+001
  0.10974515E+001  0.57847298E+000  0.92179068E+000  0.37528945E+001
  0.10974542E+001  0.57847423E+000  0.92179047E+000  0.37528989E+001
  0.10974568E+001  0.57847549E+000  0.92179026E+000  0.37529031E+001
  0.10974592E+001  0.57847674E+000  0.92179006E+000  0.37529072E+001
  0.10974615E+001  0.57847798E+000  0.92178987E+000  0.37529112E+001
  0.10974637E+001  0.57847920E+000  0.92178970E+000  0.37529151E+001
  0.10974657E+001  0.57848040E+000  0.92178954E+000  0.37529189E+001
  0.10974676E+001  0.57848158E+000  0.92178940E+000  0.37529225E+001
  0.10974694E+001  0.57848274E+000  0.92178928E+000  0.37529260E+001
  0.10974711E+001  0.57848387E+000  0.92178917E+000  0.37529295E+001
  0.10974727E+001  0.57848496E+000  0.92178909E+000  0.37529328E+001
  0.10974741E+001  0.57848603E+000  0.92178902E+000  0.37529360E+001
  0.10974755E+001  0.57848705E+000  0.92178897E+000  0.37529390E+001
  0.10974768E+001  0.57848805E+000  0.92178894E+000  0.37529420E+001
  0.10974779E+001  0.57848900E+000  0.92178893E+000  0.37529449E+001
  0.10974790E+001  0.57848992E+000  0.92178893E+000  0.37529476E+001
  0.10974800E+001  0.57849079E+000  0.92178895E+000  0.37529503E+001
  0.10974810E+001  0.57849163E+000  0.92178898E+000  0.37529528E+001
  0.10974818E+001  0.57849243E+000  0.92178903E+000  0.37529552E+001
  0.10974826E+001  0.57849319E+000  0.92178908E+000  0.37529575E+001
  0.10974834E+001  0.57849391E+000  0.92178915E+000  0.37529597E+001
  0.10974841E+001  0.57849459E+000  0.92178923E+000  0.37529618E+001
  0.10974847E+001  0.57849524E+000  0.92178932E+000  0.37529638E+001
  0.10974853E+001  0.57849585E+000  0.92178941E+000  0.37529657E+001
  0.10974858E+001  0.57849642E+000  0.92178951E+000  0.37529675E+001
  0.10974863E+001  0.57849696E+000  0.92178962E+000  0.37529692E+001
  0.10974867E+001  0.57849746E+000  0.92178973E+000  0.37529707E+001
  0.10974871E+001  0.57849793E+000  0.92178984E+000  0.37529722E+001
  0.10974875E+001  0.57849837E+000  0.92178996E+000  0.37529736E+001
  0.10974878E+001  0.57849878E+000  0.92179008E+000  0.37529749E+001
  0.10974881E+001  0.57849916E+000  0.92179019E+000  0.37529761E+001
  0.10974884E+001  0.57849952E+000  0.92179031E+000  0.37529772E+001
  0.10974887E+001  0.57849984E+000  0.92179043E+000  0.37529782E+001
  0.10974889E+001  0.57850015E+000  0.92179055E+000  0.37529791E+001
  0.10974891E+001  0.57850043E+000  0.92179066E+000  0.37529800E+001
  0.10974893E+001  0.57850069E+000  0.92179077E+000  0.37529807E+001
  0.10974895E+001  0.57850093E+000  0.92179088E+000  0.37529814E+001
  0.10974896E+001  0.57850115E+000  0.92179099E+000  0.37529820E+001
  0.10974898E+001  0.57850135E+000  0.92179110E+000  0.37529825E+001
  0.10974899E+001  0.57850154E+000  0.92179120E+000  0.37529830E+001
  0.10974901E+001  0.57850171E+000  0.92179129E+000  0.37529834E+001
  0.10974902E+001  0.57850186E+000  0.92179139E+000  0.37529837E+001
  0.10974903E+001  0.57850200E+000  0.92179147E+000  0.37529840E+001
  0.10974904E+001  0.57850213E+000  0.92179156E+000  0.37529842E+001
  0.10974904E+001  0.57850225E+000  0.92179164E+000  0.37529843E+001
  0.10974905E+001  0.57850236E+000  0.92179171E+000  0.37529844E+001
  0.10974906E+001  0.57850246E+000  0.92179179E+000  0.37529844E+001
  0.10974906E+001  0.57850255E+000  0.92179185E+000  0.37529844E+001
  0.10974907E+001  0.57850263E+000  0.92179191E+000  0.37529843E+001
  0.10974907E+001  0.57850270E+000  0.92179197E+000  0.37529842E+001
  0.10974908E+001  0.57850276E+000  0.92179202E+000  0.37529840E+001
  0.10974908E+001  0.57850282E+000  0.92179207E+000  0.37529838E+001
  0.10974909E+001  0.57850287E+000  0.92179212E+000  0.37529835E+001
  0.10974909E+001  0.57850292E+000  0.92179215E+000  0.37529832E+001
  0.10974909E+001  0.57850296E+000  0.92179219E+000  0.37529829E+001
  0.10974909E+001  0.57850300E+000  0.92179221E+000  0.37529825E+001
