 -0.15576191E+000  0.23181266E+000  0.22812896E+001  0.39934029E+001
 -0.15575597E+000  0.23185351E+000  0.22814292E+001  0.39927301E+001
 -0.15575121E+000  0.23188621E+000  0.22815402E+001  0.39923030E+001
 -0.15574737E+000  0.23191291E+000  0.22816300E+001  0.39920206E+001
 -0.15574423E+000  0.23193501E+000  0.22817036E+001  0.39918287E+001
 -0.15574164E+000  0.23195350E+000  0.22817645E+001  0.39916958E+001
 -0.15573948E+000  0.23196913E+000  0.22818153E+001  0.39916024E+001
 -0.15573768E+000  0.23198244E+000  0.22818581E+001  0.39915360E+001
 -0.15573614E+000  0.23199387E+000  0.22818942E+001  0.39914883E+001
 -0.15573481E+000  0.23200377E+000  0.22819250E+001  0.39914533E+001
 -0.15573366E+000  0.23201240E+000  0.22819513E+001  0.39914271E+001
 -0.15573265E+000  0.23202000E+000  0.22819741E+001  0.39914066E+001
 -0.15573174E+000  0.23202674E+000  0.22819938E+001  0.39913898E+001
 -0.15573093E+000  0.23203279E+000  0.22820110E+001  0.39913750E+001
 -0.15573018E+000  0.23203825E+000  0.22820262E+001  0.39913610E+001
 -0.15572950E+000  0.23204324E+000  0.22820396E+001  0.39913471E+001
 -0.15572885E+000  0.23204784E+000  0.22820517E+001  0.39913324E+001
 -0.15572824E+000  0.23205212E+000  0.22820626E+001  0.39913166E+001
 -0.15572766E+000  0.23205616E+000  0.22820725E+001  0.39912992E+001
 -0.15572710E+000  0.23205999E+000  0.22820816E+001  0.39912800E+001
 -0.15572655E+000  0.23206367E+000  0.22820900E+001  0.39912589E+001
 -0.15572600E+000  0.23206724E+000  0.22820980E+001  0.39912356E+001
 -0.15572547E+000  0.23207073E+000  0.22821055E+001  0.39912101E+001
 -0.15572493E+000  0.23207417E+000  0.22821128E+001  0.39911823E+001
 -0.15572440E+000  0.23207758E+000  0.22821198E+001  0.39911523E+001
 -0.15572385E+000  0.23208098E+000  0.22821267E+001  0.39911200E+001
 -0.15572331E+000  0.23208440E+000  0.22821334E+001  0.39910855E+001
 -0.15572275E+000  0.23208784E+000  0.22821402E+001  0.39910488E+001
 -0.15572218E+000  0.23209134E+000  0.22821469E+001  0.39910099E+001
 -0.15572160E+000  0.23209490E+000  0.22821537E+001  0.39909689E+001
 -0.15572100E+000  0.23209853E+000  0.22821606E+001  0.39909259E+001
 -0.15572039E+000  0.23210226E+000  0.22821677E+001  0.39908809E+001
 -0.15571976E+000  0.23210609E+000  0.22821749E+001  0.39908342E+001
 -0.15571911E+000  0.23211003E+000  0.22821823E+001  0.39907857E+001
 -0.15571845E+000  0.23211409E+000  0.22821899E+001  0.39907356E+001
 -0.15571776E+000  0.23211829E+000  0.22821977E+001  0.39906841E+001
 -0.15571704E+000  0.23212263E+000  0.22822058E+001  0.39906311E+001
 -0.15571631E+000  0.23212713E+000  0.22822141E+001  0.39905769E+001
 -0.15571555E+000  0.23213179E+000  0.22822228E+001  0.39905217E+001
 -0.15571476E+000  0.23213663E+000  0.22822317E+001  0.39904654E+001
 -0.15571395E+000  0.23214164E+000  0.22822410E+001  0.39904084E+001
 -0.15571311E+000  0.23214685E+000  0.22822505E+001  0.39903506E+001
 -0.15571224E+000  0.23215225E+000  0.22822604E+001  0.39902924E+001
 -0.15571134E+000  0.23215786E+000  0.22822707E+001  0.39902337E+001
 -0.15571042E+000  0.23216368E+000  0.22822812E+001  0.39901748E+001
 -0.15570947E+000  0.23216973E+000  0.22822921E+001  0.39901157E+001
 -0.15570849E+000  0.23217600E+000  0.22823034E+001  0.39900567E+001
 -0.15570748E+000  0.23218252E+000  0.22823150E+001  0.39899979E+001
 -0.15570645E+000  0.23218927E+000  0.22823269E+001  0.39899395E+001
 -0.15570539E+000  0.23219627E+000  0.22823391E+001  0.39898814E+001
 -0.15570431E+000  0.23220352E+000  0.22823517E+001  0.39898240E+001
 -0.15570321E+000  0.23221103E+000  0.22823647E+001  0.39897674E+001
 -0.15570209E+000  0.23221879E+000  0.22823779E+001  0.39897117E+001
 -0.15570096E+000  0.23222681E+000  0.22823915E+001  0.39896570E+001
 -0.15569982E+000  0.23223509E+000  0.22824054E+001  0.39896035E+001
 -0.15569866E+000  0.23224362E+000  0.22824195E+001  0.39895514E+001
 -0.15569749E+000  0.23225241E+000  0.22824340E+001  0.39895008E+001
 -0.15569630E+000  0.23226143E+000  0.22824487E+001  0.39894518E+001
 -0.15569509E+000  0.23227069E+000  0.22824637E+001  0.39894047E+001
 -0.15569390E+000  0.23228018E+000  0.22824790E+001  0.39893595E+001
 -0.15569271E+000  0.23228986E+000  0.22824944E+001  0.39893164E+001
 -0.15569154E+000  0.23229974E+000  0.22825101E+001  0.39892755E+001
 -0.15569040E+000  0.23230979E+000  0.22825260E+001  0.39892371E+001
 -0.15568929E+000  0.23231998E+000  0.22825420E+001  0.39892013E+001
 -0.15568823E+000  0.23233028E+000  0.22825582E+001  0.39891681E+001
 -0.15568722E+000  0.23234068E+000  0.22825745E+001  0.39891378E+001
 -0.15568626E+000  0.23235112E+000  0.22825909E+001  0.39891105E+001
 -0.15568536E+000  0.23236159E+000  0.22826073E+001  0.39890863E+001
 -0.15568454E+000  0.23237204E+000  0.22826238E+001  0.39890653E+001
 -0.15568379E+000  0.23238243E+000  0.22826402E+001  0.39890477E+001
 -0.15568312E+000  0.23239272E+000  0.22826565E+001  0.39890335E+001
 -0.15568254E+000  0.23240287E+000  0.22826728E+001  0.39890229E+001
 -0.15568205E+000  0.23241283E+000  0.22826888E+001  0.39890159E+001
 -0.15568165E+000  0.23242256E+000  0.22827047E+001  0.39890126E+001
 -0.15568136E+000  0.23243201E+000  0.22827202E+001  0.39890130E+001
 -0.15568117E+000  0.23244115E+000  0.22827354E+001  0.39890172E+001
 -0.15568109E+000  0.23244992E+000  0.22827502E+001  0.39890251E+001
 -0.15568111E+000  0.23245829E+000  0.22827645E+001  0.39890368E+001
 -0.15568125E+000  0.23246620E+000  0.22827782E+001  0.39890523E+001
 -0.15568149E+000  0.23247363E+000  0.22827913E+001  0.39890714E+001
 -0.15568184E+000  0.23248053E+000  0.22828037E+001  0.39890942E+001
 -0.15568230E+000  0.23248687E+000  0.22828153E+001  0.39891205E+001
 -0.15568286E+000  0.23249262E+000  0.22828261E+001  0.39891502E+001
 -0.15568352E+000  0.23249773E+000  0.22828360E+001  0.39891833E+001
 -0.15568428E+000  0.23250218E+000  0.22828449E+001  0.39892195E+001
 -0.15568514E+000  0.23250595E+000  0.22828528E+001  0.39892589E+001
 -0.15568609E+000  0.23250902E+000  0.22828596E+001  0.39893011E+001
 -0.15568713E+000  0.23251134E+000  0.22828653E+001  0.39893460E+001
 -0.15568825E+000  0.23251292E+000  0.22828699E+001  0.39893935E+001
 -0.15568945E+000  0.23251373E+000  0.22828733E+001  0.39894433E+001
 -0.15569072E+000  0.23251376E+000  0.22828755E+001  0.39894953E+001
 -0.15569205E+000  0.23251299E+000  0.22828766E+001  0.39895493E+001
 -0.15569345E+000  0.23251142E+000  0.22828765E+001  0.39896050E+001
 -0.15569490E+000  0.23250904E+000  0.22828752E+001  0.39896623E+001
 -0.15569640E+000  0.23250585E+000  0.22828728E+001  0.39897210E+001
 -0.15569795E+000  0.23250185E+000  0.22828692E+001  0.39897810E+001
 -0.15569954E+000  0.23249703E+000  0.22828645E+001  0.39898419E+001
 -0.15570116E+000  0.23249140E+000  0.22828588E+001  0.39899037E+001
 -0.15570281E+000  0.23248496E+000  0.22828521E+001  0.39899663E+001
 -0.15570448E+000  0.23247774E+000  0.22828443E+001  0.39900293E+001
 -0.15570618E+000  0.23246974E+000  0.22828357E+001  0.39900928E+001
 -0.15570789E+000  0.23246097E+000  0.22828261E+001  0.39901566E+001
 -0.15570961E+000  0.23245145E+000  0.22828157E+001  0.39902206E+001
 -0.15571133E+000  0.23244121E+000  0.22828045E+001  0.39902846E+001
 -0.15571306E+000  0.23243027E+000  0.22827926E+001  0.39903486E+001
 -0.15571479E+000  0.23241866E+000  0.22827800E+001  0.39904124E+001
 -0.15571651E+000  0.23240641E+000  0.22827667E+001  0.39904761E+001
 -0.15571823E+000  0.23239355E+000  0.22827527E+001  0.39905396E+001
 -0.15571993E+000  0.23238012E+000  0.22827382E+001  0.39906028E+001
 -0.15572162E+000  0.23236616E+000  0.22827231E+001  0.39906656E+001
 -0.15572329E+000  0.23235170E+000  0.22827075E+001  0.39907281E+001
 -0.15572494E+000  0.23233681E+000  0.22826914E+001  0.39907902E+001
 -0.15572656E+000  0.23232151E+000  0.22826747E+001  0.39908519E+001
 -0.15572816E+000  0.23230587E+000  0.22826575E+001  0.39909131E+001
 -0.15572973E+000  0.23228992E+000  0.22826399E+001  0.39909740E+001
 -0.15573128E+000  0.23227372E+000  0.22826217E+001  0.39910344E+001
 -0.15573279E+000  0.23225733E+000  0.22826031E+001  0.39910944E+001
 -0.15573426E+000  0.23224080E+000  0.22825840E+001  0.39911540E+001
 -0.15573570E+000  0.23222417E+000  0.22825643E+001  0.39912131E+001
 -0.15573710E+000  0.23220750E+000  0.22825442E+001  0.39912718E+001
 -0.15573846E+000  0.23219084E+000  0.22825235E+001  0.39913301E+001
 -0.15573978E+000  0.23217425E+000  0.22825023E+001  0.39913881E+001
 -0.15574106E+000  0.23215777E+000  0.22824806E+001  0.39914456E+001
 -0.15574230E+000  0.23214144E+000  0.22824584E+001  0.39915027E+001
 -0.15574349E+000  0.23212532E+000  0.22824356E+001  0.39915594E+001
 -0.15574464E+000  0.23210944E+000  0.22824123E+001  0.39916157E+001
 -0.15574575E+000  0.23209385E+000  0.22823884E+001  0.39916715E+001
 -0.15574681E+000  0.23207859E+000  0.22823641E+001  0.39917270E+001
 -0.15574782E+000  0.23206367E+000  0.22823393E+001  0.39917820E+001
 -0.15574879E+000  0.23204915E+000  0.22823139E+001  0.39918365E+001
 -0.15574972E+000  0.23203504E+000  0.22822881E+001  0.39918905E+001
 -0.15575060E+000  0.23202137E+000  0.22822619E+001  0.39919441E+001
 -0.15575144E+000  0.23200816E+000  0.22822353E+001  0.39919971E+001
 -0.15575224E+000  0.23199543E+000  0.22822084E+001  0.39920495E+001
 -0.15575299E+000  0.23198318E+000  0.22821811E+001  0.39921013E+001
 -0.15575370E+000  0.23197144E+000  0.22821536E+001  0.39921525E+001
 -0.15575437E+000  0.23196020E+000  0.22821258E+001  0.39922029E+001
 -0.15575500E+000  0.23194948E+000  0.22820979E+001  0.39922527E+001
 -0.15575559E+000  0.23193927E+000  0.22820699E+001  0.39923016E+001
 -0.15575615E+000  0.23192957E+000  0.22820419E+001  0.39923497E+001
 -0.15575667E+000  0.23192039E+000  0.22820138E+001  0.39923970E+001
 -0.15575715E+000  0.23191170E+000  0.22819859E+001  0.39924433E+001
 -0.15575760E+000  0.23190351E+000  0.22819581E+001  0.39924887E+001
 -0.15575802E+000  0.23189581E+000  0.22819304E+001  0.39925331E+001
 -0.15575841E+000  0.23188858E+000  0.22819031E+001  0.39925765E+001
 -0.15575876E+000  0.23188182E+000  0.22818761E+001  0.39926187E+001
 -0.15575909E+000  0.23187550E+000  0.22818494E+001  0.39926599E+001
 -0.15575940E+000  0.23186961E+000  0.22818232E+001  0.39926999E+001
 -0.15575968E+000  0.23186414E+000  0.22817974E+001  0.39927387E+001
 -0.15575993E+000  0.23185906E+000  0.22817722E+001  0.39927764E+001
 -0.15576017E+000  0.23185437E+000  0.22817476E+001  0.39928128E+001
 -0.15576038E+000  0.23185004E+000  0.22817235E+001  0.39928480E+001
 -0.15576057E+000  0.23184605E+000  0.22817001E+001  0.39928819E+001
 -0.15576074E+000  0.23184239E+000  0.22816774E+001  0.39929145E+001
 -0.15576090E+000  0.23183904E+000  0.22816555E+001  0.39929459E+001
 -0.15576104E+000  0.23183598E+000  0.22816342E+001  0.39929760E+001
 -0.15576117E+000  0.23183320E+000  0.22816137E+001  0.39930048E+001
 -0.15576128E+000  0.23183067E+000  0.22815940E+001  0.39930324E+001
 -0.15576138E+000  0.23182838E+000  0.22815750E+001  0.39930587E+001
 -0.15576147E+000  0.23182631E+000  0.22815568E+001  0.39930838E+001
 -0.15576155E+000  0.23182445E+000  0.22815395E+001  0.39931077E+001
 -0.15576162E+000  0.23182278E+000  0.22815229E+001  0.39931304E+001
 -0.15576168E+000  0.23182129E+000  0.22815071E+001  0.39931519E+001
 -0.15576174E+000  0.23181996E+000  0.22814920E+001  0.39931722E+001
 -0.15576178E+000  0.23181878E+000  0.22814778E+001  0.39931914E+001
 -0.15576182E+000  0.23181773E+000  0.22814642E+001  0.39932096E+001
 -0.15576186E+000  0.23181682E+000  0.22814515E+001  0.39932267E+001
 -0.15576188E+000  0.23181601E+000  0.22814394E+001  0.39932427E+001
 -0.15576191E+000  0.23181531E+000  0.22814280E+001  0.39932578E+001
 -0.15576193E+000  0.23181469E+000  0.22814174E+001  0.39932719E+001
 -0.15576195E+000  0.23181417E+000  0.22814073E+001  0.39932851E+001
 -0.15576196E+000  0.23181371E+000  0.22813979E+001  0.39932975E+001
 -0.15576197E+000  0.23181333E+000  0.22813892E+001  0.39933089E+001
 -0.15576198E+000  0.23181300E+000  0.22813809E+001  0.39933196E+001
 -0.15576199E+000  0.23181272E+000  0.22813733E+001  0.39933296E+001
 -0.15576199E+000  0.23181249E+000  0.22813662E+001  0.39933388E+001
 -0.15576200E+000  0.23181230E+000  0.22813596E+001  0.39933473E+001
 -0.15576200E+000  0.23181215E+000  0.22813534E+001  0.39933552E+001
 -0.15576200E+000  0.23181203E+000  0.22813478E+001  0.39933624E+001
 -0.15576200E+000  0.23181193E+000  0.22813425E+001  0.39933691E+001
 -0.15576200E+000  0.23181185E+000  0.22813377E+001  0.39933752E+001
 -0.15576200E+000  0.23181180E+000  0.22813332E+001  0.39933808E+001
 -0.15576200E+000  0.23181175E+000  0.22813291E+001  0.39933860E+001
 -0.15576200E+000  0.23181173E+000  0.22813253E+001  0.39933906E+001
 -0.15576200E+000  0.23181171E+000  0.22813219E+001  0.39933949E+001
 -0.15576200E+000  0.23181170E+000  0.22813187E+001  0.39933988E+001
 -0.15576200E+000  0.23181170E+000  0.22813158E+001  0.39934023E+001
 -0.15576200E+000  0.23181171E+000  0.22813131E+001  0.39934054E+001
 -0.15576200E+000  0.23181171E+000  0.22813107E+001  0.39934082E+001
 -0.15576199E+000  0.23181173E+000  0.22813085E+001  0.39934108E+001
 -0.15576199E+000  0.23181174E+000  0.22813065E+001  0.39934130E+001
 -0.15576199E+000  0.23181176E+000  0.22813046E+001  0.39934150E+001
 -0.15576199E+000  0.23181178E+000  0.22813030E+001  0.39934168E+001
 -0.15576199E+000  0.23181180E+000  0.22813015E+001  0.39934184E+001
 -0.15576199E+000  0.23181182E+000  0.22813001E+001  0.39934197E+001
 -0.15576198E+000  0.23181184E+000  0.22812989E+001  0.39934208E+001
 -0.15576198E+000  0.23181186E+000  0.22812977E+001  0.39934218E+001
 -0.15576198E+000  0.23181188E+000  0.22812967E+001  0.39934226E+001
 -0.15576198E+000  0.23181190E+000  0.22812958E+001  0.39934233E+001
 -0.15576197E+000  0.23181192E+000  0.22812950E+001  0.39934238E+001
