 -0.50351565E-001
 -0.50355103E-001
 -0.50357645E-001
 -0.50359456E-001
 -0.50360728E-001
 -0.50361597E-001
 -0.50362166E-001
 -0.50362511E-001
 -0.50362687E-001
 -0.50362739E-001
 -0.50362698E-001
 -0.50362589E-001
 -0.50362432E-001
 -0.50362241E-001
 -0.50362026E-001
 -0.50361797E-001
 -0.50361559E-001
 -0.50361318E-001
 -0.50361077E-001
 -0.50360839E-001
 -0.50360605E-001
 -0.50360376E-001
 -0.50360154E-001
 -0.50359940E-001
 -0.50359732E-001
 -0.50359531E-001
 -0.50359338E-001
 -0.50359150E-001
 -0.50358969E-001
 -0.50358793E-001
 -0.50358621E-001
 -0.50358454E-001
 -0.50358289E-001
 -0.50358127E-001
 -0.50357967E-001
 -0.50357807E-001
 -0.50357648E-001
 -0.50357488E-001
 -0.50357326E-001
 -0.50357163E-001
 -0.50356996E-001
 -0.50356827E-001
 -0.50356654E-001
 -0.50356476E-001
 -0.50356294E-001
 -0.50356107E-001
 -0.50355915E-001
 -0.50355718E-001
 -0.50355515E-001
 -0.50355307E-001
 -0.50355094E-001
 -0.50354875E-001
 -0.50354652E-001
 -0.50354423E-001
 -0.50354190E-001
 -0.50353953E-001
 -0.50353716E-001
 -0.50353479E-001
 -0.50353239E-001
 -0.50352996E-001
 -0.50352751E-001
 -0.50352504E-001
 -0.50352255E-001
 -0.50352006E-001
 -0.50351756E-001
 -0.50351506E-001
 -0.50351257E-001
 -0.50351008E-001
 -0.50350762E-001
 -0.50350517E-001
 -0.50350274E-001
 -0.50350035E-001
 -0.50349798E-001
 -0.50349565E-001
 -0.50349336E-001
 -0.50349112E-001
 -0.50348892E-001
 -0.50348678E-001
 -0.50348468E-001
 -0.50348265E-001
 -0.50348068E-001
 -0.50347878E-001
 -0.50347694E-001
 -0.50347518E-001
 -0.50347349E-001
 -0.50347188E-001
 -0.50347036E-001
 -0.50346892E-001
 -0.50346756E-001
 -0.50346630E-001
 -0.50346513E-001
 -0.50346405E-001
 -0.50346307E-001
 -0.50346218E-001
 -0.50346139E-001
 -0.50346070E-001
 -0.50346010E-001
 -0.50345959E-001
 -0.50345918E-001
 -0.50345886E-001
 -0.50345863E-001
 -0.50345850E-001
 -0.50345844E-001
 -0.50345847E-001
 -0.50345859E-001
 -0.50345878E-001
 -0.50345905E-001
 -0.50345939E-001
 -0.50345980E-001
 -0.50346027E-001
 -0.50346081E-001
 -0.50346141E-001
 -0.50346207E-001
 -0.50346278E-001
 -0.50346353E-001
 -0.50346434E-001
 -0.50346518E-001
 -0.50346607E-001
 -0.50346700E-001
 -0.50346795E-001
 -0.50346894E-001
 -0.50346996E-001
 -0.50347100E-001
 -0.50347206E-001
 -0.50347314E-001
 -0.50347423E-001
 -0.50347534E-001
 -0.50347647E-001
 -0.50347759E-001
 -0.50347873E-001
 -0.50347987E-001
 -0.50348101E-001
 -0.50348215E-001
 -0.50348328E-001
 -0.50348441E-001
 -0.50348554E-001
 -0.50348665E-001
 -0.50348775E-001
 -0.50348884E-001
 -0.50348992E-001
 -0.50349097E-001
 -0.50349201E-001
 -0.50349304E-001
 -0.50349404E-001
 -0.50349502E-001
 -0.50349597E-001
 -0.50349691E-001
 -0.50349781E-001
 -0.50349870E-001
 -0.50349955E-001
 -0.50350038E-001
 -0.50350119E-001
 -0.50350196E-001
 -0.50350271E-001
 -0.50350343E-001
 -0.50350413E-001
 -0.50350479E-001
 -0.50350543E-001
 -0.50350604E-001
 -0.50350663E-001
 -0.50350719E-001
 -0.50350772E-001
 -0.50350822E-001
 -0.50350870E-001
 -0.50350916E-001
 -0.50350959E-001
 -0.50351000E-001
 -0.50351039E-001
 -0.50351076E-001
 -0.50351110E-001
 -0.50351142E-001
 -0.50351173E-001
 -0.50351201E-001
 -0.50351228E-001
 -0.50351253E-001
 -0.50351277E-001
 -0.50351299E-001
 -0.50351319E-001
 -0.50351339E-001
 -0.50351356E-001
 -0.50351373E-001
 -0.50351388E-001
 -0.50351403E-001
 -0.50351416E-001
 -0.50351428E-001
 -0.50351439E-001
 -0.50351450E-001
 -0.50351460E-001
 -0.50351469E-001
 -0.50351477E-001
 -0.50351485E-001
 -0.50351492E-001
 -0.50351498E-001
 -0.50351504E-001
 -0.50351510E-001
 -0.50351515E-001
 -0.50351519E-001
 -0.50351524E-001
 -0.50351528E-001
 -0.50351531E-001
