  0.16380372E+001
  0.16379192E+001
  0.16378521E+001
  0.16378134E+001
  0.16377914E+001
  0.16377795E+001
  0.16377739E+001
  0.16377721E+001
  0.16377726E+001
  0.16377744E+001
  0.16377769E+001
  0.16377795E+001
  0.16377819E+001
  0.16377841E+001
  0.16377857E+001
  0.16377868E+001
  0.16377872E+001
  0.16377869E+001
  0.16377860E+001
  0.16377843E+001
  0.16377820E+001
  0.16377790E+001
  0.16377753E+001
  0.16377709E+001
  0.16377659E+001
  0.16377604E+001
  0.16377542E+001
  0.16377475E+001
  0.16377403E+001
  0.16377326E+001
  0.16377245E+001
  0.16377160E+001
  0.16377070E+001
  0.16376977E+001
  0.16376881E+001
  0.16376783E+001
  0.16376681E+001
  0.16376578E+001
  0.16376474E+001
  0.16376368E+001
  0.16376261E+001
  0.16376154E+001
  0.16376047E+001
  0.16375941E+001
  0.16375835E+001
  0.16375730E+001
  0.16375627E+001
  0.16375526E+001
  0.16375427E+001
  0.16375331E+001
  0.16375237E+001
  0.16375147E+001
  0.16375061E+001
  0.16374979E+001
  0.16374901E+001
  0.16374828E+001
  0.16374760E+001
  0.16374698E+001
  0.16374641E+001
  0.16374591E+001
  0.16374546E+001
  0.16374508E+001
  0.16374478E+001
  0.16374454E+001
  0.16374437E+001
  0.16374428E+001
  0.16374427E+001
  0.16374433E+001
  0.16374448E+001
  0.16374470E+001
  0.16374501E+001
  0.16374539E+001
  0.16374586E+001
  0.16374640E+001
  0.16374702E+001
  0.16374771E+001
  0.16374848E+001
  0.16374932E+001
  0.16375022E+001
  0.16375119E+001
  0.16375221E+001
  0.16375328E+001
  0.16375441E+001
  0.16375558E+001
  0.16375678E+001
  0.16375802E+001
  0.16375928E+001
  0.16376057E+001
  0.16376186E+001
  0.16376317E+001
  0.16376449E+001
  0.16376580E+001
  0.16376711E+001
  0.16376840E+001
  0.16376968E+001
  0.16377095E+001
  0.16377219E+001
  0.16377340E+001
  0.16377459E+001
  0.16377575E+001
  0.16377688E+001
  0.16377797E+001
  0.16377902E+001
  0.16378005E+001
  0.16378103E+001
  0.16378198E+001
  0.16378290E+001
  0.16378377E+001
  0.16378461E+001
  0.16378542E+001
  0.16378620E+001
  0.16378694E+001
  0.16378765E+001
  0.16378832E+001
  0.16378897E+001
  0.16378960E+001
  0.16379019E+001
  0.16379076E+001
  0.16379130E+001
  0.16379183E+001
  0.16379233E+001
  0.16379281E+001
  0.16379327E+001
  0.16379371E+001
  0.16379414E+001
  0.16379455E+001
  0.16379494E+001
  0.16379532E+001
  0.16379569E+001
  0.16379604E+001
  0.16379639E+001
  0.16379672E+001
  0.16379704E+001
  0.16379735E+001
  0.16379765E+001
  0.16379794E+001
  0.16379822E+001
  0.16379849E+001
  0.16379876E+001
  0.16379901E+001
  0.16379926E+001
  0.16379950E+001
  0.16379974E+001
  0.16379996E+001
  0.16380018E+001
  0.16380039E+001
  0.16380060E+001
  0.16380080E+001
  0.16380099E+001
  0.16380118E+001
  0.16380136E+001
  0.16380153E+001
  0.16380169E+001
  0.16380186E+001
  0.16380201E+001
  0.16380216E+001
  0.16380230E+001
  0.16380244E+001
  0.16380257E+001
  0.16380269E+001
  0.16380281E+001
  0.16380293E+001
  0.16380303E+001
  0.16380314E+001
  0.16380323E+001
  0.16380333E+001
  0.16380341E+001
  0.16380350E+001
  0.16380358E+001
  0.16380365E+001
  0.16380372E+001
  0.16380378E+001
  0.16380384E+001
  0.16380390E+001
  0.16380395E+001
  0.16380400E+001
  0.16380405E+001
  0.16380409E+001
  0.16380413E+001
  0.16380416E+001
  0.16380419E+001
  0.16380422E+001
  0.16380425E+001
  0.16380427E+001
  0.16380429E+001
  0.16380431E+001
  0.16380433E+001
  0.16380434E+001
  0.16380435E+001
  0.16380436E+001
  0.16380437E+001
  0.16380437E+001
  0.16380438E+001
  0.16380438E+001
  0.16380438E+001
  0.16380438E+001
  0.16380438E+001
  0.16380437E+001
  0.16380437E+001
  0.16380436E+001
