  0.12523207E+001
  0.12523394E+001
  0.12523713E+001
  0.12524037E+001
  0.12524334E+001
  0.12524595E+001
  0.12524822E+001
  0.12525018E+001
  0.12525186E+001
  0.12525331E+001
  0.12525455E+001
  0.12525563E+001
  0.12525656E+001
  0.12525737E+001
  0.12525807E+001
  0.12525868E+001
  0.12525923E+001
  0.12525971E+001
  0.12526013E+001
  0.12526052E+001
  0.12526086E+001
  0.12526117E+001
  0.12526146E+001
  0.12526172E+001
  0.12526197E+001
  0.12526220E+001
  0.12526242E+001
  0.12526263E+001
  0.12526283E+001
  0.12526302E+001
  0.12526321E+001
  0.12526340E+001
  0.12526358E+001
  0.12526376E+001
  0.12526394E+001
  0.12526412E+001
  0.12526430E+001
  0.12526448E+001
  0.12526466E+001
  0.12526484E+001
  0.12526503E+001
  0.12526521E+001
  0.12526540E+001
  0.12526559E+001
  0.12526578E+001
  0.12526597E+001
  0.12526616E+001
  0.12526635E+001
  0.12526654E+001
  0.12526673E+001
  0.12526693E+001
  0.12526712E+001
  0.12526731E+001
  0.12526750E+001
  0.12526769E+001
  0.12526787E+001
  0.12526805E+001
  0.12526823E+001
  0.12526841E+001
  0.12526858E+001
  0.12526875E+001
  0.12526891E+001
  0.12526906E+001
  0.12526921E+001
  0.12526935E+001
  0.12526949E+001
  0.12526962E+001
  0.12526974E+001
  0.12526985E+001
  0.12526995E+001
  0.12527005E+001
  0.12527013E+001
  0.12527020E+001
  0.12527027E+001
  0.12527032E+001
  0.12527036E+001
  0.12527040E+001
  0.12527042E+001
  0.12527043E+001
  0.12527043E+001
  0.12527041E+001
  0.12527039E+001
  0.12527035E+001
  0.12527030E+001
  0.12527024E+001
  0.12527017E+001
  0.12527008E+001
  0.12526999E+001
  0.12526988E+001
  0.12526976E+001
  0.12526962E+001
  0.12526948E+001
  0.12526933E+001
  0.12526916E+001
  0.12526898E+001
  0.12526879E+001
  0.12526859E+001
  0.12526838E+001
  0.12526817E+001
  0.12526794E+001
  0.12526770E+001
  0.12526745E+001
  0.12526719E+001
  0.12526692E+001
  0.12526665E+001
  0.12526636E+001
  0.12526607E+001
  0.12526577E+001
  0.12526547E+001
  0.12526515E+001
  0.12526483E+001
  0.12526450E+001
  0.12526417E+001
  0.12526382E+001
  0.12526348E+001
  0.12526312E+001
  0.12526276E+001
  0.12526240E+001
  0.12526203E+001
  0.12526165E+001
  0.12526127E+001
  0.12526089E+001
  0.12526050E+001
  0.12526011E+001
  0.12525971E+001
  0.12525930E+001
  0.12525890E+001
  0.12525849E+001
  0.12525808E+001
  0.12525766E+001
  0.12525724E+001
  0.12525682E+001
  0.12525639E+001
  0.12525596E+001
  0.12525553E+001
  0.12525510E+001
  0.12525466E+001
  0.12525422E+001
  0.12525379E+001
  0.12525334E+001
  0.12525290E+001
  0.12525246E+001
  0.12525201E+001
  0.12525157E+001
  0.12525112E+001
  0.12525067E+001
  0.12525023E+001
  0.12524978E+001
  0.12524933E+001
  0.12524888E+001
  0.12524844E+001
  0.12524799E+001
  0.12524754E+001
  0.12524710E+001
  0.12524666E+001
  0.12524622E+001
  0.12524578E+001
  0.12524534E+001
  0.12524490E+001
  0.12524447E+001
  0.12524404E+001
  0.12524361E+001
  0.12524318E+001
  0.12524276E+001
  0.12524234E+001
  0.12524192E+001
  0.12524151E+001
  0.12524110E+001
  0.12524070E+001
  0.12524029E+001
  0.12523990E+001
  0.12523951E+001
  0.12523912E+001
  0.12523874E+001
  0.12523836E+001
  0.12523798E+001
  0.12523762E+001
  0.12523725E+001
  0.12523689E+001
  0.12523654E+001
  0.12523620E+001
  0.12523585E+001
  0.12523552E+001
  0.12523519E+001
  0.12523486E+001
  0.12523455E+001
  0.12523423E+001
  0.12523393E+001
  0.12523363E+001
  0.12523333E+001
  0.12523304E+001
  0.12523276E+001
  0.12523249E+001
  0.12523222E+001
  0.12523195E+001
  0.12523169E+001
  0.12523144E+001
  0.12523120E+001
  0.12523096E+001
  0.12523072E+001
