  0.19545336E+001
  0.19570834E+001
  0.19564649E+001
  0.19556301E+001
  0.19549561E+001
  0.19544539E+001
  0.19540888E+001
  0.19538281E+001
  0.19536462E+001
  0.19535236E+001
  0.19534457E+001
  0.19534012E+001
  0.19533818E+001
  0.19533811E+001
  0.19533943E+001
  0.19534176E+001
  0.19534483E+001
  0.19534842E+001
  0.19535238E+001
  0.19535658E+001
  0.19536095E+001
  0.19536543E+001
  0.19536995E+001
  0.19537450E+001
  0.19537906E+001
  0.19538361E+001
  0.19538816E+001
  0.19539271E+001
  0.19539725E+001
  0.19540180E+001
  0.19540636E+001
  0.19541095E+001
  0.19541557E+001
  0.19542023E+001
  0.19542494E+001
  0.19542972E+001
  0.19543456E+001
  0.19543948E+001
  0.19544448E+001
  0.19544957E+001
  0.19545476E+001
  0.19546003E+001
  0.19546541E+001
  0.19547088E+001
  0.19547645E+001
  0.19548211E+001
  0.19548787E+001
  0.19549373E+001
  0.19549967E+001
  0.19550570E+001
  0.19551180E+001
  0.19551798E+001
  0.19552423E+001
  0.19553054E+001
  0.19553691E+001
  0.19554332E+001
  0.19554709E+001
  0.19554871E+001
  0.19554913E+001
  0.19554886E+001
  0.19554821E+001
  0.19554735E+001
  0.19554635E+001
  0.19554528E+001
  0.19554415E+001
  0.19554297E+001
  0.19554177E+001
  0.19554054E+001
  0.19553927E+001
  0.19553799E+001
  0.19553669E+001
  0.19553536E+001
  0.19553402E+001
  0.19553267E+001
  0.19553131E+001
  0.19552993E+001
  0.19552856E+001
  0.19552718E+001
  0.19552580E+001
  0.19552442E+001
  0.19552305E+001
  0.19552170E+001
  0.19552035E+001
  0.19551902E+001
  0.19551771E+001
  0.19551642E+001
  0.19551516E+001
  0.19551392E+001
  0.19551271E+001
  0.19551153E+001
  0.19551038E+001
  0.19550927E+001
  0.19550819E+001
  0.19550714E+001
  0.19550614E+001
  0.19550517E+001
  0.19550423E+001
  0.19550334E+001
  0.19550248E+001
  0.19550165E+001
  0.19550087E+001
  0.19550011E+001
  0.19549939E+001
  0.19549871E+001
  0.19549805E+001
  0.19549743E+001
  0.19549683E+001
  0.19549627E+001
  0.19549572E+001
  0.19549521E+001
  0.19549471E+001
  0.19549423E+001
  0.19549378E+001
  0.19549334E+001
  0.19549291E+001
  0.19549250E+001
  0.19549210E+001
  0.19549171E+001
  0.19549132E+001
  0.19549095E+001
  0.19549058E+001
  0.19549021E+001
  0.19548984E+001
  0.19548948E+001
  0.19548911E+001
  0.19548874E+001
  0.19548837E+001
  0.19548800E+001
  0.19548762E+001
  0.19548724E+001
  0.19548684E+001
  0.19548645E+001
  0.19548604E+001
  0.19548563E+001
  0.19548520E+001
  0.19548477E+001
  0.19548433E+001
  0.19548388E+001
  0.19548342E+001
  0.19548295E+001
  0.19548247E+001
  0.19548198E+001
  0.19548149E+001
  0.19548098E+001
  0.19548046E+001
  0.19547994E+001
  0.19547941E+001
  0.19547887E+001
  0.19547832E+001
  0.19547776E+001
  0.19547720E+001
  0.19547663E+001
  0.19547605E+001
  0.19547547E+001
  0.19547489E+001
  0.19547430E+001
  0.19547370E+001
  0.19547310E+001
  0.19547250E+001
  0.19547190E+001
  0.19547129E+001
  0.19547068E+001
  0.19547007E+001
  0.19546947E+001
  0.19546886E+001
  0.19546825E+001
  0.19546764E+001
  0.19546703E+001
  0.19546643E+001
  0.19546583E+001
  0.19546523E+001
  0.19546463E+001
  0.19546404E+001
  0.19546346E+001
  0.19546287E+001
  0.19546230E+001
  0.19546172E+001
  0.19546116E+001
  0.19546060E+001
  0.19546004E+001
  0.19545950E+001
  0.19545896E+001
  0.19545842E+001
  0.19545790E+001
  0.19545738E+001
  0.19545687E+001
  0.19545637E+001
  0.19545588E+001
  0.19545540E+001
  0.19545492E+001
  0.19545446E+001
  0.19545400E+001
  0.19545355E+001
  0.19545311E+001
  0.19545268E+001
  0.19545226E+001
  0.19545185E+001
  0.19545145E+001
  0.19545106E+001
  0.19545068E+001
