  0.59907348E+000
  0.59912277E+000
  0.59914260E+000
  0.59914937E+000
  0.59915021E+000
  0.59914827E+000
  0.59914500E+000
  0.59914109E+000
  0.59913691E+000
  0.59913267E+000
  0.59912850E+000
  0.59912447E+000
  0.59912063E+000
  0.59911701E+000
  0.59911361E+000
  0.59911044E+000
  0.59910750E+000
  0.59910477E+000
  0.59910226E+000
  0.59909994E+000
  0.59909781E+000
  0.59909586E+000
  0.59909406E+000
  0.59909242E+000
  0.59909092E+000
  0.59908954E+000
  0.59908829E+000
  0.59908713E+000
  0.59908608E+000
  0.59908511E+000
  0.59908423E+000
  0.59908341E+000
  0.59908266E+000
  0.59908196E+000
  0.59908132E+000
  0.59908071E+000
  0.59908015E+000
  0.59907961E+000
  0.59907910E+000
  0.59907862E+000
  0.59907815E+000
  0.59907769E+000
  0.59907724E+000
  0.59907679E+000
  0.59907635E+000
  0.59907591E+000
  0.59907547E+000
  0.59907503E+000
  0.59907458E+000
  0.59907413E+000
  0.59907367E+000
  0.59907320E+000
  0.59907273E+000
  0.59907225E+000
  0.59907177E+000
  0.59907128E+000
  0.59907164E+000
  0.59907244E+000
  0.59907337E+000
  0.59907434E+000
  0.59907533E+000
  0.59907632E+000
  0.59907731E+000
  0.59907831E+000
  0.59907930E+000
  0.59908029E+000
  0.59908128E+000
  0.59908226E+000
  0.59908324E+000
  0.59908421E+000
  0.59908517E+000
  0.59908611E+000
  0.59908704E+000
  0.59908795E+000
  0.59908884E+000
  0.59908971E+000
  0.59909055E+000
  0.59909136E+000
  0.59909214E+000
  0.59909288E+000
  0.59909359E+000
  0.59909425E+000
  0.59909488E+000
  0.59909546E+000
  0.59909600E+000
  0.59909650E+000
  0.59909695E+000
  0.59909735E+000
  0.59909771E+000
  0.59909802E+000
  0.59909829E+000
  0.59909851E+000
  0.59909870E+000
  0.59909884E+000
  0.59909894E+000
  0.59909901E+000
  0.59909904E+000
  0.59909904E+000
  0.59909901E+000
  0.59909896E+000
  0.59909887E+000
  0.59909876E+000
  0.59909863E+000
  0.59909848E+000
  0.59909832E+000
  0.59909813E+000
  0.59909793E+000
  0.59909772E+000
  0.59909750E+000
  0.59909726E+000
  0.59909702E+000
  0.59909677E+000
  0.59909651E+000
  0.59909625E+000
  0.59909598E+000
  0.59909571E+000
  0.59909544E+000
  0.59909516E+000
  0.59909488E+000
  0.59909460E+000
  0.59909432E+000
  0.59909403E+000
  0.59909375E+000
  0.59909347E+000
  0.59909319E+000
  0.59909291E+000
  0.59909263E+000
  0.59909236E+000
  0.59909209E+000
  0.59909182E+000
  0.59909155E+000
  0.59909129E+000
  0.59909104E+000
  0.59909079E+000
  0.59909054E+000
  0.59909030E+000
  0.59909006E+000
  0.59908983E+000
  0.59908961E+000
  0.59908939E+000
  0.59908919E+000
  0.59908898E+000
  0.59908879E+000
  0.59908860E+000
  0.59908843E+000
  0.59908826E+000
  0.59908810E+000
  0.59908794E+000
  0.59908780E+000
  0.59908766E+000
  0.59908753E+000
  0.59908741E+000
  0.59908730E+000
  0.59908720E+000
  0.59908710E+000
  0.59908702E+000
  0.59908694E+000
  0.59908686E+000
  0.59908680E+000
  0.59908674E+000
  0.59908669E+000
  0.59908665E+000
  0.59908661E+000
  0.59908658E+000
  0.59908655E+000
  0.59908653E+000
  0.59908652E+000
  0.59908651E+000
  0.59908650E+000
  0.59908650E+000
  0.59908650E+000
  0.59908651E+000
  0.59908652E+000
  0.59908653E+000
  0.59908654E+000
  0.59908656E+000
  0.59908658E+000
  0.59908660E+000
  0.59908662E+000
  0.59908664E+000
  0.59908666E+000
  0.59908669E+000
  0.59908671E+000
  0.59908674E+000
  0.59908676E+000
  0.59908679E+000
  0.59908681E+000
  0.59908684E+000
  0.59908686E+000
  0.59908689E+000
  0.59908691E+000
  0.59908693E+000
  0.59908696E+000
  0.59908698E+000
  0.59908700E+000
  0.59908702E+000
  0.59908704E+000
  0.59908706E+000
  0.59908707E+000
  0.59908709E+000
