  0.65976915E+000  0.85328971E+000  0.97647699E+000  0.25197474E+001
  0.65988284E+000  0.85327262E+000  0.97639176E+000  0.25198106E+001
  0.66010899E+000  0.85305325E+000  0.97649506E+000  0.25198282E+001
  0.66010849E+000  0.85307152E+000  0.97654482E+000  0.25198903E+001
  0.66013207E+000  0.85307032E+000  0.97653348E+000  0.25199980E+001
  0.66016994E+000  0.85317404E+000  0.97642362E+000  0.25200709E+001
  0.66019738E+000  0.85314492E+000  0.97643741E+000  0.25201496E+001
  0.66019925E+000  0.85321337E+000  0.97638044E+000  0.25202145E+001
  0.66019952E+000  0.85330062E+000  0.97630282E+000  0.25202719E+001
  0.66019996E+000  0.85330094E+000  0.97629015E+000  0.25203417E+001
  0.66019871E+000  0.85330284E+000  0.97631834E+000  0.25203626E+001
  0.66019891E+000  0.85330767E+000  0.97631854E+000  0.25204004E+001
  0.66021216E+000  0.85330011E+000  0.97631617E+000  0.25204342E+001
  0.66021231E+000  0.85330052E+000  0.97631854E+000  0.25204636E+001
  0.66021247E+000  0.85330075E+000  0.97632112E+000  0.25204887E+001
  0.66022130E+000  0.85329416E+000  0.97632132E+000  0.25205109E+001
  0.66022510E+000  0.85329067E+000  0.97632565E+000  0.25205279E+001
  0.66022577E+000  0.85330420E+000  0.97631342E+000  0.25205452E+001
  0.66022904E+000  0.85330118E+000  0.97631951E+000  0.25205559E+001
  0.66022910E+000  0.85330136E+000  0.97632097E+000  0.25205695E+001
  0.66022920E+000  0.85330148E+000  0.97632235E+000  0.25205817E+001
  0.66022924E+000  0.85330165E+000  0.97632366E+000  0.25205927E+001
  0.66022927E+000  0.85330181E+000  0.97632492E+000  0.25206027E+001
  0.66022930E+000  0.85330221E+000  0.97632588E+000  0.25206119E+001
  0.66022932E+000  0.85330237E+000  0.97632706E+000  0.25206204E+001
  0.66022934E+000  0.85330253E+000  0.97632821E+000  0.25206283E+001
  0.66022935E+000  0.85330268E+000  0.97632934E+000  0.25206358E+001
  0.66022939E+000  0.85330281E+000  0.97633046E+000  0.25206428E+001
  0.66022946E+000  0.85330876E+000  0.97623666E+000  0.25200303E+001
  0.66022946E+000  0.85330892E+000  0.97623708E+000  0.25200320E+001
  0.66022947E+000  0.85330907E+000  0.97623749E+000  0.25200334E+001
  0.66022948E+000  0.85330923E+000  0.97623791E+000  0.25200347E+001
  0.66022948E+000  0.85330939E+000  0.97623833E+000  0.25200359E+001
  0.66022949E+000  0.85330955E+000  0.97623876E+000  0.25200370E+001
  0.66022950E+000  0.85330972E+000  0.97623919E+000  0.25200380E+001
  0.66022951E+000  0.85330988E+000  0.97623963E+000  0.25200389E+001
  0.66022952E+000  0.85331005E+000  0.97624008E+000  0.25200398E+001
  0.66022954E+000  0.85331022E+000  0.97624054E+000  0.25200407E+001
  0.66022956E+000  0.85331039E+000  0.97624100E+000  0.25200415E+001
  0.66022958E+000  0.85331056E+000  0.97624147E+000  0.25200423E+001
  0.66022960E+000  0.85331073E+000  0.97624195E+000  0.25200430E+001
  0.66022964E+000  0.85331091E+000  0.97624244E+000  0.25200438E+001
  0.66022967E+000  0.85331108E+000  0.97624294E+000  0.25200445E+001
  0.66022972E+000  0.85331126E+000  0.97624344E+000  0.25200452E+001
  0.66022977E+000  0.85331144E+000  0.97624395E+000  0.25200459E+001
  0.66022982E+000  0.85331161E+000  0.97624447E+000  0.25200466E+001
  0.66022989E+000  0.85331179E+000  0.97634721E+000  0.25207577E+001
  0.66022997E+000  0.85331197E+000  0.97634853E+000  0.25207638E+001
  0.66023006E+000  0.85331215E+000  0.97634986E+000  0.25207699E+001
  0.66023015E+000  0.85331233E+000  0.97635120E+000  0.25207760E+001
  0.66023046E+000  0.85331231E+000  0.97635254E+000  0.25207821E+001
  0.66023058E+000  0.85331248E+000  0.97635390E+000  0.25207881E+001
  0.66023072E+000  0.85331265E+000  0.97635525E+000  0.25207941E+001
  0.66023087E+000  0.85331283E+000  0.97635661E+000  0.25208000E+001
  0.66023103E+000  0.85331300E+000  0.97635798E+000  0.25208058E+001
  0.66023121E+000  0.85331316E+000  0.97635934E+000  0.25208115E+001
  0.66023141E+000  0.85331334E+000  0.97636068E+000  0.25208170E+001
  0.66023162E+000  0.85331352E+000  0.97636202E+000  0.25208225E+001
  0.66023185E+000  0.85331371E+000  0.97636334E+000  0.25208277E+001
  0.66023209E+000  0.85331389E+000  0.97636466E+000  0.25208328E+001
  0.66023236E+000  0.85331408E+000  0.97636597E+000  0.25208377E+001
  0.66023264E+000  0.85331426E+000  0.97636728E+000  0.25208424E+001
  0.66023293E+000  0.85331444E+000  0.97636857E+000  0.25208468E+001
  0.66023324E+000  0.85331463E+000  0.97636986E+000  0.25208510E+001
  0.66023357E+000  0.85331481E+000  0.97637113E+000  0.25208550E+001
  0.66023392E+000  0.85331499E+000  0.97637239E+000  0.25208586E+001
  0.66023427E+000  0.85331517E+000  0.97637363E+000  0.25208619E+001
  0.66023465E+000  0.85331535E+000  0.97637486E+000  0.25208649E+001
  0.66023503E+000  0.85331553E+000  0.97637607E+000  0.25208676E+001
  0.66023543E+000  0.85331571E+000  0.97637725E+000  0.25208700E+001
  0.66023584E+000  0.85331589E+000  0.97637842E+000  0.25208720E+001
  0.66023626E+000  0.85331607E+000  0.97637957E+000  0.25208736E+001
  0.66023668E+000  0.85331625E+000  0.97638069E+000  0.25208748E+001
  0.66023712E+000  0.85331644E+000  0.97638178E+000  0.25208757E+001
  0.66023756E+000  0.85331662E+000  0.97638284E+000  0.25208762E+001
  0.66023800E+000  0.85331680E+000  0.97638387E+000  0.25208762E+001
  0.66023850E+000  0.85331692E+000  0.97638487E+000  0.25208759E+001
  0.66023895E+000  0.85331710E+000  0.97638583E+000  0.25208752E+001
  0.66023939E+000  0.85331728E+000  0.97638675E+000  0.25208740E+001
  0.66023983E+000  0.85331745E+000  0.97638763E+000  0.25208724E+001
  0.66024027E+000  0.85331763E+000  0.97638847E+000  0.25208704E+001
  0.66024070E+000  0.85331780E+000  0.97638926E+000  0.25208680E+001
  0.66024112E+000  0.85331796E+000  0.97639000E+000  0.25208652E+001
  0.66024154E+000  0.85331812E+000  0.97639069E+000  0.25208620E+001
  0.66024195E+000  0.85331827E+000  0.97639133E+000  0.25208584E+001
  0.66024234E+000  0.85331842E+000  0.97639191E+000  0.25208543E+001
  0.66024272E+000  0.85331856E+000  0.97639243E+000  0.25208499E+001
  0.66024309E+000  0.85331870E+000  0.97639288E+000  0.25208451E+001
  0.66024345E+000  0.85331882E+000  0.97639328E+000  0.25208398E+001
  0.66024379E+000  0.85331893E+000  0.97639362E+000  0.25208342E+001
  0.66024412E+000  0.85331902E+000  0.97639389E+000  0.25208282E+001
  0.66024443E+000  0.85331911E+000  0.97639409E+000  0.25208219E+001
  0.66024473E+000  0.85331919E+000  0.97639422E+000  0.25208152E+001
  0.66024501E+000  0.85331925E+000  0.97639429E+000  0.25208081E+001
  0.66024528E+000  0.85331930E+000  0.97639428E+000  0.25208007E+001
  0.66024553E+000  0.85331933E+000  0.97639420E+000  0.25207930E+001
  0.66024577E+000  0.85331935E+000  0.97639405E+000  0.25207849E+001
  0.66024600E+000  0.85331935E+000  0.97639383E+000  0.25207765E+001
  0.66024620E+000  0.85331935E+000  0.97639354E+000  0.25207678E+001
  0.66024640E+000  0.85331932E+000  0.97639318E+000  0.25207588E+001
  0.66024658E+000  0.85331928E+000  0.97639275E+000  0.25207496E+001
  0.66024675E+000  0.85331923E+000  0.97639225E+000  0.25207400E+001
  0.66024691E+000  0.85331916E+000  0.97639168E+000  0.25207302E+001
  0.66024706E+000  0.85331908E+000  0.97639104E+000  0.25207201E+001
  0.66024719E+000  0.85331899E+000  0.97639034E+000  0.25207097E+001
  0.66024732E+000  0.85331888E+000  0.97638957E+000  0.25206991E+001
  0.66024743E+000  0.85331876E+000  0.97638874E+000  0.25206883E+001
  0.66024754E+000  0.85331863E+000  0.97638785E+000  0.25206772E+001
  0.66024763E+000  0.85331849E+000  0.97638691E+000  0.25206659E+001
  0.66024772E+000  0.85331833E+000  0.97638590E+000  0.25206544E+001
  0.66024780E+000  0.85331817E+000  0.97638485E+000  0.25206427E+001
  0.66024787E+000  0.85331800E+000  0.97638374E+000  0.25206308E+001
  0.66024793E+000  0.85331782E+000  0.97638258E+000  0.25206186E+001
  0.66024799E+000  0.85331764E+000  0.97638138E+000  0.25206063E+001
  0.66024804E+000  0.85331745E+000  0.97638013E+000  0.25205938E+001
  0.66024808E+000  0.85331726E+000  0.97637884E+000  0.25205811E+001
  0.66024811E+000  0.85331706E+000  0.97637752E+000  0.25205682E+001
  0.66024814E+000  0.85331686E+000  0.97637616E+000  0.25205551E+001
  0.66024816E+000  0.85331665E+000  0.97637476E+000  0.25205419E+001
  0.66024818E+000  0.85331645E+000  0.97637334E+000  0.25205285E+001
  0.66024818E+000  0.85331624E+000  0.97637189E+000  0.25205149E+001
  0.66024819E+000  0.85331604E+000  0.97637042E+000  0.25205012E+001
  0.66024818E+000  0.85331584E+000  0.97636893E+000  0.25204873E+001
  0.66024817E+000  0.85331563E+000  0.97636742E+000  0.25204733E+001
  0.66024815E+000  0.85331543E+000  0.97636589E+000  0.25204591E+001
  0.66024813E+000  0.85331524E+000  0.97636436E+000  0.25204448E+001
  0.66024810E+000  0.85331505E+000  0.97636281E+000  0.25204303E+001
  0.66024806E+000  0.85331486E+000  0.97636125E+000  0.25204157E+001
  0.66024802E+000  0.85331467E+000  0.97635969E+000  0.25204010E+001
  0.66024797E+000  0.85331449E+000  0.97635813E+000  0.25203861E+001
  0.66024792E+000  0.85331432E+000  0.97635657E+000  0.25203711E+001
  0.66024786E+000  0.85331414E+000  0.97635501E+000  0.25203560E+001
  0.66024780E+000  0.85331398E+000  0.97635345E+000  0.25203407E+001
  0.66024773E+000  0.85331382E+000  0.97635190E+000  0.25203254E+001
  0.66024765E+000  0.85331366E+000  0.97635036E+000  0.25203099E+001
  0.66024757E+000  0.85331351E+000  0.97634884E+000  0.25202943E+001
  0.66024748E+000  0.85331337E+000  0.97634732E+000  0.25202786E+001
  0.66024739E+000  0.85331323E+000  0.97634582E+000  0.25202629E+001
  0.66024730E+000  0.85331309E+000  0.97634434E+000  0.25202470E+001
  0.66024720E+000  0.85331296E+000  0.97634288E+000  0.25202310E+001
  0.66024710E+000  0.85331284E+000  0.97634143E+000  0.25202150E+001
  0.66024700E+000  0.85331272E+000  0.97634001E+000  0.25201989E+001
  0.66024689E+000  0.85331260E+000  0.97633861E+000  0.25201827E+001
  0.66024679E+000  0.85331249E+000  0.97633724E+000  0.25201665E+001
  0.66024668E+000  0.85331238E+000  0.97633590E+000  0.25201502E+001
  0.66024656E+000  0.85331228E+000  0.97633458E+000  0.25201338E+001
  0.66024645E+000  0.85331218E+000  0.97633329E+000  0.25201174E+001
  0.66024634E+000  0.85331208E+000  0.97633202E+000  0.25201010E+001
  0.66024622E+000  0.85331199E+000  0.97633079E+000  0.25200845E+001
  0.66024611E+000  0.85331190E+000  0.97632959E+000  0.25200680E+001
  0.66024600E+000  0.85331181E+000  0.97632842E+000  0.25200515E+001
  0.66024588E+000  0.85331173E+000  0.97632729E+000  0.25200350E+001
  0.66024577E+000  0.85331165E+000  0.97632618E+000  0.25200185E+001
  0.66024566E+000  0.85331157E+000  0.97632511E+000  0.25200020E+001
  0.66024555E+000  0.85331150E+000  0.97632407E+000  0.25199855E+001
  0.66024544E+000  0.85331142E+000  0.97632307E+000  0.25199690E+001
  0.66024533E+000  0.85331135E+000  0.97632210E+000  0.25199525E+001
  0.66024523E+000  0.85331129E+000  0.97632116E+000  0.25199361E+001
  0.66024513E+000  0.85331122E+000  0.97632025E+000  0.25199197E+001
  0.66024503E+000  0.85331116E+000  0.97631938E+000  0.25199034E+001
  0.66024493E+000  0.85331110E+000  0.97631855E+000  0.25198872E+001
  0.66024484E+000  0.85331104E+000  0.97631774E+000  0.25198710E+001
  0.66024475E+000  0.85331099E+000  0.97631697E+000  0.25198549E+001
  0.66024466E+000  0.85331093E+000  0.97631623E+000  0.25198388E+001
  0.66024458E+000  0.85331088E+000  0.97631552E+000  0.25198229E+001
  0.66024450E+000  0.85331083E+000  0.97631484E+000  0.25198070E+001
  0.66024442E+000  0.85331079E+000  0.97631419E+000  0.25197913E+001
  0.66024435E+000  0.85331074E+000  0.97631357E+000  0.25197757E+001
  0.66024428E+000  0.85331070E+000  0.97631298E+000  0.25197602E+001
  0.66024421E+000  0.85331066E+000  0.97631242E+000  0.25197448E+001
  0.66024415E+000  0.85331062E+000  0.97631188E+000  0.25197296E+001
  0.66024408E+000  0.85331058E+000  0.97631137E+000  0.25197145E+001
  0.66024403E+000  0.85331054E+000  0.97631089E+000  0.25196996E+001
  0.66024397E+000  0.85331051E+000  0.97631043E+000  0.25196848E+001
  0.66024392E+000  0.85331047E+000  0.97631000E+000  0.25196702E+001
  0.66024387E+000  0.85331044E+000  0.97630959E+000  0.25196558E+001
  0.66024383E+000  0.85331041E+000  0.97630920E+000  0.25196415E+001
  0.66024378E+000  0.85331038E+000  0.97630883E+000  0.25196274E+001
  0.66024374E+000  0.85331035E+000  0.97630848E+000  0.25196135E+001
  0.66024370E+000  0.85331033E+000  0.97630816E+000  0.25195998E+001
  0.66024367E+000  0.85331030E+000  0.97630785E+000  0.25195863E+001
  0.66024363E+000  0.85331028E+000  0.97630756E+000  0.25195730E+001
  0.66024360E+000  0.85331026E+000  0.97630729E+000  0.25195599E+001
  0.66024357E+000  0.85331024E+000  0.97630703E+000  0.25195470E+001
  0.66024355E+000  0.85331022E+000  0.97630679E+000  0.25195343E+001
  0.66024352E+000  0.85331020E+000  0.97630657E+000  0.25195219E+001
  0.66024350E+000  0.85331018E+000  0.97630636E+000  0.25195096E+001
  0.66024348E+000  0.85331017E+000  0.97630616E+000  0.25194976E+001
  0.66024346E+000  0.85331015E+000  0.97630597E+000  0.25194858E+001
  0.66024344E+000  0.85331014E+000  0.97630580E+000  0.25194742E+001
  0.66024342E+000  0.85331012E+000  0.97630564E+000  0.25194629E+001
  0.66024340E+000  0.85331011E+000  0.97630549E+000  0.25194518E+001
  0.66024339E+000  0.85331010E+000  0.97630535E+000  0.25194409E+001
  0.66024338E+000  0.85331009E+000  0.97630521E+000  0.25194303E+001
  0.66024336E+000  0.85331008E+000  0.97630509E+000  0.25194199E+001
  0.66024335E+000  0.85331007E+000  0.97630498E+000  0.25194097E+001
  0.66024334E+000  0.85331006E+000  0.97630487E+000  0.25193997E+001
  0.66024333E+000  0.85331005E+000  0.97630477E+000  0.25193900E+001
  0.66024332E+000  0.85331004E+000  0.97630468E+000  0.25193805E+001
  0.66024331E+000  0.85331004E+000  0.97630459E+000  0.25193713E+001
