  0.70142209E+000  0.85306090E+000  0.10376875E+001  0.24171127E+001
  0.70142720E+000  0.85305959E+000  0.10377007E+001  0.24171704E+001
  0.70143135E+000  0.85305871E+000  0.10377165E+001  0.24172789E+001
  0.70143473E+000  0.85305800E+000  0.10377307E+001  0.24173917E+001
  0.70143751E+000  0.85305737E+000  0.10377429E+001  0.24174960E+001
  0.70143983E+000  0.85305678E+000  0.10377534E+001  0.24175884E+001
  0.70144179E+000  0.85305623E+000  0.10377624E+001  0.24176688E+001
  0.70144344E+000  0.85305570E+000  0.10377702E+001  0.24177382E+001
  0.70144487E+000  0.85305519E+000  0.10377770E+001  0.24177978E+001
  0.70144611E+000  0.85305471E+000  0.10377830E+001  0.24178489E+001
  0.70144720E+000  0.85305423E+000  0.10377882E+001  0.24178928E+001
  0.70144816E+000  0.85305377E+000  0.10377929E+001  0.24179306E+001
  0.70144903E+000  0.85305333E+000  0.10377971E+001  0.24179632E+001
  0.70144981E+000  0.85305289E+000  0.10378009E+001  0.24179913E+001
  0.70145053E+000  0.85305247E+000  0.10378043E+001  0.24180157E+001
  0.70145120E+000  0.85305204E+000  0.10378075E+001  0.24180369E+001
  0.70145182E+000  0.85305163E+000  0.10378105E+001  0.24180554E+001
  0.70145241E+000  0.85305122E+000  0.10378132E+001  0.24180717E+001
  0.70145298E+000  0.85305081E+000  0.10378158E+001  0.24180860E+001
  0.70145352E+000  0.85305040E+000  0.10378182E+001  0.24180987E+001
  0.70145406E+000  0.85304999E+000  0.10378206E+001  0.24181101E+001
  0.70145458E+000  0.85304958E+000  0.10378228E+001  0.24181202E+001
  0.70145510E+000  0.85304917E+000  0.10378250E+001  0.24181294E+001
  0.70145561E+000  0.85304876E+000  0.10378272E+001  0.24181377E+001
  0.70145613E+000  0.85304834E+000  0.10378293E+001  0.24181454E+001
  0.70145665E+000  0.85304792E+000  0.10378313E+001  0.24181525E+001
  0.70145719E+000  0.85304750E+000  0.10378334E+001  0.24181590E+001
  0.70145773E+000  0.85304707E+000  0.10378354E+001  0.24181652E+001
  0.70145828E+000  0.85304663E+000  0.10378375E+001  0.24181711E+001
  0.70145885E+000  0.85304618E+000  0.10378395E+001  0.24181767E+001
  0.70145943E+000  0.85304572E+000  0.10378415E+001  0.24181821E+001
  0.70146004E+000  0.85304524E+000  0.10378436E+001  0.24181873E+001
  0.70146066E+000  0.85304476E+000  0.10378457E+001  0.24181924E+001
  0.70146131E+000  0.85304425E+000  0.10378478E+001  0.24181974E+001
  0.70146198E+000  0.85304373E+000  0.10378499E+001  0.24182023E+001
  0.70146267E+000  0.85304319E+000  0.10378521E+001  0.24182071E+001
  0.70146340E+000  0.85304263E+000  0.10378542E+001  0.24182120E+001
  0.70146415E+000  0.85304205E+000  0.10378565E+001  0.24182168E+001
  0.70146493E+000  0.85304145E+000  0.10378587E+001  0.24182216E+001
  0.70146574E+000  0.85304082E+000  0.10378610E+001  0.24182265E+001
  0.70146659E+000  0.85304016E+000  0.10378633E+001  0.24182313E+001
  0.70146747E+000  0.85303948E+000  0.10378657E+001  0.24182362E+001
  0.70146839E+000  0.85303877E+000  0.10378680E+001  0.24182411E+001
  0.70146934E+000  0.85303804E+000  0.10378705E+001  0.24182459E+001
  0.70147033E+000  0.85303727E+000  0.10378729E+001  0.24182508E+001
  0.70147136E+000  0.85303648E+000  0.10378754E+001  0.24182558E+001
  0.70147242E+000  0.85303566E+000  0.10378779E+001  0.24182607E+001
  0.70147353E+000  0.85303481E+000  0.10378804E+001  0.24182656E+001
  0.70147467E+000  0.85303394E+000  0.10378829E+001  0.24182705E+001
  0.70147585E+000  0.85303304E+000  0.10378855E+001  0.24182753E+001
  0.70147707E+000  0.85303212E+000  0.10378880E+001  0.24182802E+001
  0.70147832E+000  0.85303117E+000  0.10378906E+001  0.24182850E+001
  0.70147961E+000  0.85303021E+000  0.10378932E+001  0.24182897E+001
  0.70148094E+000  0.85302924E+000  0.10378957E+001  0.24182944E+001
  0.70148229E+000  0.85302825E+000  0.10378983E+001  0.24182989E+001
  0.70148366E+000  0.85302726E+000  0.10379008E+001  0.24183034E+001
  0.70148505E+000  0.85302627E+000  0.10379033E+001  0.24183078E+001
  0.70148646E+000  0.85302529E+000  0.10379058E+001  0.24183120E+001
  0.70148787E+000  0.85302431E+000  0.10379083E+001  0.24183161E+001
  0.70148930E+000  0.85302336E+000  0.10379107E+001  0.24183201E+001
  0.70149072E+000  0.85302244E+000  0.10379131E+001  0.24183238E+001
  0.70149214E+000  0.85302155E+000  0.10379154E+001  0.24183274E+001
  0.70149355E+000  0.85302071E+000  0.10379177E+001  0.24183308E+001
  0.70149492E+000  0.85301992E+000  0.10379199E+001  0.24183340E+001
  0.70149627E+000  0.85301919E+000  0.10379220E+001  0.24183369E+001
  0.70149758E+000  0.85301853E+000  0.10379241E+001  0.24183396E+001
  0.70149884E+000  0.85301796E+000  0.10379261E+001  0.24183421E+001
  0.70150004E+000  0.85301746E+000  0.10379280E+001  0.24183443E+001
  0.70150117E+000  0.85301707E+000  0.10379299E+001  0.24183462E+001
  0.70150222E+000  0.85301678E+000  0.10379316E+001  0.24183478E+001
  0.70150319E+000  0.85301659E+000  0.10379332E+001  0.24183491E+001
  0.70150407E+000  0.85301653E+000  0.10379348E+001  0.24183501E+001
  0.70150484E+000  0.85301658E+000  0.10379362E+001  0.24183508E+001
  0.70150551E+000  0.85301676E+000  0.10379375E+001  0.24183512E+001
  0.70150606E+000  0.85301707E+000  0.10379388E+001  0.24183513E+001
  0.70150649E+000  0.85301751E+000  0.10379399E+001  0.24183510E+001
  0.70150680E+000  0.85301809E+000  0.10379409E+001  0.24183504E+001
  0.70150698E+000  0.85301879E+000  0.10379418E+001  0.24183495E+001
  0.70150702E+000  0.85301963E+000  0.10379425E+001  0.24183482E+001
  0.70150694E+000  0.85302060E+000  0.10379431E+001  0.24183467E+001
  0.70150672E+000  0.85302169E+000  0.10379436E+001  0.24183447E+001
  0.70150636E+000  0.85302290E+000  0.10379440E+001  0.24183425E+001
  0.70150587E+000  0.85302423E+000  0.10379443E+001  0.24183399E+001
  0.70150526E+000  0.85302567E+000  0.10379444E+001  0.24183370E+001
  0.70150451E+000  0.85302721E+000  0.10379444E+001  0.24183338E+001
  0.70150364E+000  0.85302885E+000  0.10379442E+001  0.24183303E+001
  0.70150266E+000  0.85303056E+000  0.10379439E+001  0.24183265E+001
  0.70150156E+000  0.85303236E+000  0.10379435E+001  0.24183223E+001
  0.70150035E+000  0.85303422E+000  0.10379429E+001  0.24183179E+001
  0.70149905E+000  0.85303613E+000  0.10379422E+001  0.24183132E+001
  0.70149765E+000  0.85303810E+000  0.10379414E+001  0.24183082E+001
  0.70149616E+000  0.85304009E+000  0.10379404E+001  0.24183029E+001
  0.70149460E+000  0.85304212E+000  0.10379393E+001  0.24182973E+001
  0.70149297E+000  0.85304415E+000  0.10379380E+001  0.24182915E+001
  0.70149128E+000  0.85304620E+000  0.10379367E+001  0.24182854E+001
  0.70148953E+000  0.85304823E+000  0.10379352E+001  0.24182790E+001
  0.70148774E+000  0.85305025E+000  0.10379336E+001  0.24182725E+001
  0.70148591E+000  0.85305225E+000  0.10379319E+001  0.24182656E+001
  0.70148405E+000  0.85305422E+000  0.10379301E+001  0.24182586E+001
  0.70148216E+000  0.85305614E+000  0.10379281E+001  0.24182513E+001
  0.70148026E+000  0.85305802E+000  0.10379261E+001  0.24182438E+001
  0.70147835E+000  0.85305984E+000  0.10379240E+001  0.24182360E+001
  0.70147644E+000  0.85306160E+000  0.10379218E+001  0.24182281E+001
  0.70147454E+000  0.85306329E+000  0.10379195E+001  0.24182199E+001
  0.70147264E+000  0.85306491E+000  0.10379171E+001  0.24182116E+001
  0.70147076E+000  0.85306646E+000  0.10379146E+001  0.24182030E+001
  0.70146889E+000  0.85306792E+000  0.10379121E+001  0.24181943E+001
  0.70146706E+000  0.85306930E+000  0.10379095E+001  0.24181854E+001
  0.70146524E+000  0.85307059E+000  0.10379068E+001  0.24181763E+001
  0.70146347E+000  0.85307180E+000  0.10379041E+001  0.24181670E+001
  0.70146172E+000  0.85307291E+000  0.10379013E+001  0.24181575E+001
  0.70146002E+000  0.85307394E+000  0.10378985E+001  0.24181479E+001
  0.70145836E+000  0.85307487E+000  0.10378956E+001  0.24181381E+001
  0.70145674E+000  0.85307572E+000  0.10378927E+001  0.24181281E+001
  0.70145517E+000  0.85307648E+000  0.10378897E+001  0.24181180E+001
  0.70145364E+000  0.85307715E+000  0.10378867E+001  0.24181077E+001
  0.70145217E+000  0.85307774E+000  0.10378837E+001  0.24180973E+001
  0.70145074E+000  0.85307824E+000  0.10378806E+001  0.24180867E+001
  0.70144937E+000  0.85307866E+000  0.10378775E+001  0.24180760E+001
  0.70144804E+000  0.85307901E+000  0.10378743E+001  0.24180651E+001
  0.70144677E+000  0.85307928E+000  0.10378711E+001  0.24180541E+001
  0.70144555E+000  0.85307949E+000  0.10378679E+001  0.24180429E+001
  0.70144439E+000  0.85307962E+000  0.10378646E+001  0.24180316E+001
  0.70144327E+000  0.85307969E+000  0.10378614E+001  0.24180202E+001
  0.70144221E+000  0.85307971E+000  0.10378581E+001  0.24180086E+001
  0.70144120E+000  0.85307967E+000  0.10378547E+001  0.24179969E+001
  0.70144023E+000  0.85307958E+000  0.10378514E+001  0.24179851E+001
  0.70143932E+000  0.85307944E+000  0.10378480E+001  0.24179731E+001
  0.70143846E+000  0.85307926E+000  0.10378446E+001  0.24179610E+001
  0.70143764E+000  0.85307905E+000  0.10378412E+001  0.24179487E+001
  0.70143687E+000  0.85307880E+000  0.10378378E+001  0.24179364E+001
  0.70143615E+000  0.85307852E+000  0.10378344E+001  0.24179239E+001
  0.70143547E+000  0.85307821E+000  0.10378310E+001  0.24179112E+001
  0.70143483E+000  0.85307788E+000  0.10378276E+001  0.24178985E+001
  0.70143424E+000  0.85307754E+000  0.10378242E+001  0.24178856E+001
  0.70143368E+000  0.85307718E+000  0.10378208E+001  0.24178726E+001
  0.70143316E+000  0.85307680E+000  0.10378174E+001  0.24178594E+001
  0.70143268E+000  0.85307642E+000  0.10378140E+001  0.24178462E+001
  0.70143223E+000  0.85307603E+000  0.10378107E+001  0.24178328E+001
  0.70143182E+000  0.85307564E+000  0.10378074E+001  0.24178192E+001
  0.70143143E+000  0.85307525E+000  0.10378041E+001  0.24178056E+001
  0.70143108E+000  0.85307485E+000  0.10378009E+001  0.24177918E+001
  0.70143076E+000  0.85307446E+000  0.10377977E+001  0.24177779E+001
  0.70143046E+000  0.85307408E+000  0.10377945E+001  0.24177639E+001
  0.70143019E+000  0.85307370E+000  0.10377914E+001  0.24177498E+001
  0.70142994E+000  0.85307333E+000  0.10377884E+001  0.24177356E+001
  0.70142972E+000  0.85307297E+000  0.10377854E+001  0.24177212E+001
  0.70142952E+000  0.85307262E+000  0.10377825E+001  0.24177068E+001
  0.70142933E+000  0.85307228E+000  0.10377797E+001  0.24176922E+001
  0.70142917E+000  0.85307195E+000  0.10377769E+001  0.24176776E+001
  0.70142902E+000  0.85307163E+000  0.10377743E+001  0.24176628E+001
  0.70142889E+000  0.85307133E+000  0.10377717E+001  0.24176480E+001
  0.70142877E+000  0.85307104E+000  0.10377691E+001  0.24176331E+001
  0.70142867E+000  0.85307076E+000  0.10377667E+001  0.24176182E+001
  0.70142858E+000  0.85307050E+000  0.10377644E+001  0.24176031E+001
  0.70142850E+000  0.85307025E+000  0.10377621E+001  0.24175881E+001
  0.70142843E+000  0.85307001E+000  0.10377599E+001  0.24175730E+001
  0.70142837E+000  0.85306978E+000  0.10377578E+001  0.24175578E+001
  0.70142831E+000  0.85306957E+000  0.10377558E+001  0.24175426E+001
  0.70142827E+000  0.85306938E+000  0.10377539E+001  0.24175274E+001
  0.70142823E+000  0.85306919E+000  0.10377521E+001  0.24175122E+001
  0.70142820E+000  0.85306902E+000  0.10377504E+001  0.24174970E+001
  0.70142817E+000  0.85306886E+000  0.10377487E+001  0.24174818E+001
  0.70142815E+000  0.85306871E+000  0.10377472E+001  0.24174666E+001
  0.70142814E+000  0.85306857E+000  0.10377457E+001  0.24174515E+001
  0.70142812E+000  0.85306844E+000  0.10377443E+001  0.24174364E+001
  0.70142811E+000  0.85306832E+000  0.10377429E+001  0.24174213E+001
  0.70142811E+000  0.85306821E+000  0.10377417E+001  0.24174063E+001
  0.70142810E+000  0.85306811E+000  0.10377405E+001  0.24173914E+001
  0.70142810E+000  0.85306802E+000  0.10377394E+001  0.24173766E+001
  0.70142810E+000  0.85306794E+000  0.10377384E+001  0.24173618E+001
  0.70142810E+000  0.85306786E+000  0.10377374E+001  0.24173472E+001
  0.70142810E+000  0.85306779E+000  0.10377365E+001  0.24173326E+001
  0.70142810E+000  0.85306773E+000  0.10377357E+001  0.24173182E+001
  0.70142810E+000  0.85306767E+000  0.10377349E+001  0.24173039E+001
  0.70142811E+000  0.85306762E+000  0.10377341E+001  0.24172898E+001
  0.70142811E+000  0.85306758E+000  0.10377335E+001  0.24172758E+001
  0.70142812E+000  0.85306754E+000  0.10377328E+001  0.24172619E+001
  0.70142812E+000  0.85306750E+000  0.10377322E+001  0.24172482E+001
  0.70142812E+000  0.85306747E+000  0.10377317E+001  0.24172347E+001
  0.70142813E+000  0.85306744E+000  0.10377312E+001  0.24172213E+001
  0.70142813E+000  0.85306742E+000  0.10377307E+001  0.24172082E+001
  0.70142814E+000  0.85306739E+000  0.10377303E+001  0.24171952E+001
  0.70142814E+000  0.85306738E+000  0.10377299E+001  0.24171824E+001
  0.70142814E+000  0.85306736E+000  0.10377296E+001  0.24171698E+001
  0.70142815E+000  0.85306734E+000  0.10377292E+001  0.24171574E+001
  0.70142815E+000  0.85306733E+000  0.10377289E+001  0.24171452E+001
  0.70142815E+000  0.85306732E+000  0.10377287E+001  0.24171333E+001
  0.70142815E+000  0.85306731E+000  0.10377284E+001  0.24171215E+001
  0.70142816E+000  0.85306730E+000  0.10377282E+001  0.24171100E+001
  0.70142816E+000  0.85306729E+000  0.10377280E+001  0.24170987E+001
  0.70142816E+000  0.85306729E+000  0.10377278E+001  0.24170876E+001
  0.70142816E+000  0.85306728E+000  0.10377276E+001  0.24170767E+001
  0.70142816E+000  0.85306728E+000  0.10377274E+001  0.24170661E+001
  0.70142817E+000  0.85306727E+000  0.10377273E+001  0.24170557E+001
  0.70142817E+000  0.85306727E+000  0.10377272E+001  0.24170455E+001
  0.70142817E+000  0.85306726E+000  0.10377270E+001  0.24170355E+001
  0.70142817E+000  0.85306726E+000  0.10377269E+001  0.24170258E+001
  0.70142817E+000  0.85306725E+000  0.10377268E+001  0.24170163E+001
  0.70142818E+000  0.85306725E+000  0.10377268E+001  0.24170070E+001
