 -0.44526900E+000
 -0.44568641E+000
 -0.44592640E+000
 -0.44607744E+000
 -0.44617816E+000
 -0.44624817E+000
 -0.44629835E+000
 -0.44633513E+000
 -0.44636254E+000
 -0.44638317E+000
 -0.44639887E+000
 -0.44641082E+000
 -0.44641996E+000
 -0.44642693E+000
 -0.44643227E+000
 -0.44643636E+000
 -0.44643950E+000
 -0.44644193E+000
 -0.44644384E+000
 -0.44644538E+000
 -0.44644666E+000
 -0.44644779E+000
 -0.44644884E+000
 -0.44644987E+000
 -0.44645094E+000
 -0.44645207E+000
 -0.44645331E+000
 -0.44645466E+000
 -0.44645616E+000
 -0.44645782E+000
 -0.44645963E+000
 -0.44646161E+000
 -0.44646376E+000
 -0.44646608E+000
 -0.44646856E+000
 -0.44647119E+000
 -0.44647398E+000
 -0.44647691E+000
 -0.44647997E+000
 -0.44648316E+000
 -0.44648646E+000
 -0.44648986E+000
 -0.44649335E+000
 -0.44649693E+000
 -0.44650057E+000
 -0.44650427E+000
 -0.44650801E+000
 -0.44651179E+000
 -0.44651560E+000
 -0.44651942E+000
 -0.44652325E+000
 -0.44652708E+000
 -0.44653089E+000
 -0.44653469E+000
 -0.44653845E+000
 -0.44654217E+000
 -0.44654583E+000
 -0.44654944E+000
 -0.44655298E+000
 -0.44655644E+000
 -0.44655982E+000
 -0.44656310E+000
 -0.44656628E+000
 -0.44656934E+000
 -0.44657228E+000
 -0.44657509E+000
 -0.44657776E+000
 -0.44658029E+000
 -0.44658266E+000
 -0.44658487E+000
 -0.44658691E+000
 -0.44658877E+000
 -0.44659045E+000
 -0.44659194E+000
 -0.44659324E+000
 -0.44659434E+000
 -0.44659523E+000
 -0.44659592E+000
 -0.44659639E+000
 -0.44659664E+000
 -0.44659668E+000
 -0.44659650E+000
 -0.44659609E+000
 -0.44659547E+000
 -0.44659462E+000
 -0.44659355E+000
 -0.44659227E+000
 -0.44659076E+000
 -0.44658904E+000
 -0.44658710E+000
 -0.44658496E+000
 -0.44658262E+000
 -0.44658007E+000
 -0.44657733E+000
 -0.44657440E+000
 -0.44657128E+000
 -0.44656799E+000
 -0.44656452E+000
 -0.44656088E+000
 -0.44655708E+000
 -0.44655313E+000
 -0.44654903E+000
 -0.44654478E+000
 -0.44654039E+000
 -0.44653588E+000
 -0.44653123E+000
 -0.44652647E+000
 -0.44652159E+000
 -0.44651659E+000
 -0.44651150E+000
 -0.44650630E+000
 -0.44650100E+000
 -0.44649562E+000
 -0.44649014E+000
 -0.44648459E+000
 -0.44647895E+000
 -0.44647324E+000
 -0.44646746E+000
 -0.44646161E+000
 -0.44645569E+000
 -0.44644971E+000
 -0.44644368E+000
 -0.44643759E+000
 -0.44643145E+000
 -0.44642525E+000
 -0.44641902E+000
 -0.44641274E+000
 -0.44640641E+000
 -0.44640005E+000
 -0.44639365E+000
 -0.44638722E+000
 -0.44638076E+000
 -0.44637427E+000
 -0.44636776E+000
 -0.44636122E+000
 -0.44635467E+000
 -0.44634809E+000
 -0.44634150E+000
 -0.44633489E+000
 -0.44632828E+000
 -0.44632166E+000
 -0.44631503E+000
 -0.44630840E+000
 -0.44630178E+000
 -0.44629515E+000
 -0.44628853E+000
 -0.44628192E+000
 -0.44627532E+000
 -0.44626874E+000
 -0.44626217E+000
 -0.44625562E+000
 -0.44624910E+000
 -0.44624260E+000
 -0.44623613E+000
 -0.44622968E+000
 -0.44622328E+000
 -0.44621690E+000
 -0.44621057E+000
 -0.44620428E+000
 -0.44619803E+000
 -0.44619183E+000
 -0.44618567E+000
 -0.44617957E+000
 -0.44617352E+000
 -0.44616753E+000
 -0.44616159E+000
 -0.44615572E+000
 -0.44614991E+000
 -0.44614416E+000
 -0.44613848E+000
 -0.44613287E+000
 -0.44612733E+000
 -0.44612186E+000
 -0.44611647E+000
 -0.44611115E+000
 -0.44610590E+000
 -0.44610074E+000
 -0.44609565E+000
 -0.44609064E+000
 -0.44608572E+000
 -0.44608088E+000
 -0.44607612E+000
 -0.44607145E+000
 -0.44606686E+000
 -0.44606235E+000
 -0.44605794E+000
 -0.44605360E+000
 -0.44604936E+000
 -0.44604520E+000
 -0.44604113E+000
 -0.44603715E+000
 -0.44603326E+000
 -0.44602945E+000
 -0.44602573E+000
 -0.44602210E+000
 -0.44601855E+000
 -0.44601509E+000
 -0.44601171E+000
 -0.44600842E+000
 -0.44600520E+000
