 -0.11921776E+000  0.60389155E+000  0.54232138E+001  0.12139254E+003
 -0.11920945E+000  0.60394356E+000  0.54236118E+001  0.12141111E+003
 -0.11920271E+000  0.60398568E+000  0.54239321E+001  0.12142584E+003
 -0.11919714E+000  0.60402044E+000  0.54241945E+001  0.12143772E+003
 -0.11919248E+000  0.60404953E+000  0.54244123E+001  0.12144744E+003
 -0.11918854E+000  0.60407413E+000  0.54245952E+001  0.12145546E+003
 -0.11918516E+000  0.60409517E+000  0.54247503E+001  0.12146214E+003
 -0.11918223E+000  0.60411332E+000  0.54248830E+001  0.12146773E+003
 -0.11917966E+000  0.60412913E+000  0.54249974E+001  0.12147244E+003
 -0.11917738E+000  0.60414302E+000  0.54250970E+001  0.12147643E+003
 -0.11917534E+000  0.60415533E+000  0.54251843E+001  0.12147984E+003
 -0.11917349E+000  0.60416635E+000  0.54252615E+001  0.12148276E+003
 -0.11917180E+000  0.60417629E+000  0.54253304E+001  0.12148528E+003
 -0.11917024E+000  0.60418535E+000  0.54253924E+001  0.12148747E+003
 -0.11916877E+000  0.60419369E+000  0.54254487E+001  0.12148938E+003
 -0.11916740E+000  0.60420143E+000  0.54255003E+001  0.12149107E+003
 -0.11916608E+000  0.60420868E+000  0.54255480E+001  0.12149256E+003
 -0.11916483E+000  0.60421554E+000  0.54255926E+001  0.12149390E+003
 -0.11916361E+000  0.60422208E+000  0.54256345E+001  0.12149512E+003
 -0.11916243E+000  0.60422837E+000  0.54256744E+001  0.12149622E+003
 -0.11916128E+000  0.60423447E+000  0.54257126E+001  0.12149724E+003
 -0.11916014E+000  0.60424043E+000  0.54257495E+001  0.12149819E+003
 -0.11915902E+000  0.60424630E+000  0.54257855E+001  0.12149908E+003
 -0.11915791E+000  0.60425210E+000  0.54258207E+001  0.12149993E+003
 -0.11915680E+000  0.60425788E+000  0.54258554E+001  0.12150074E+003
 -0.11915569E+000  0.60426367E+000  0.54258898E+001  0.12150152E+003
 -0.11915458E+000  0.60426948E+000  0.54259242E+001  0.12150229E+003
 -0.11915346E+000  0.60427536E+000  0.54259585E+001  0.12150304E+003
 -0.11915234E+000  0.60428131E+000  0.54259931E+001  0.12150378E+003
 -0.11915121E+000  0.60428737E+000  0.54260279E+001  0.12150452E+003
 -0.11915006E+000  0.60429354E+000  0.54260631E+001  0.12150525E+003
 -0.11914891E+000  0.60429984E+000  0.54260988E+001  0.12150599E+003
 -0.11914774E+000  0.60430630E+000  0.54261350E+001  0.12150674E+003
 -0.11914655E+000  0.60431291E+000  0.54261719E+001  0.12150749E+003
 -0.11914535E+000  0.60431971E+000  0.54262094E+001  0.12150826E+003
 -0.11914414E+000  0.60432669E+000  0.54262476E+001  0.12150903E+003
 -0.11914290E+000  0.60433387E+000  0.54262866E+001  0.12150982E+003
 -0.11914166E+000  0.60434127E+000  0.54263264E+001  0.12151061E+003
 -0.11914040E+000  0.60434888E+000  0.54263669E+001  0.12151143E+003
 -0.11913912E+000  0.60435672E+000  0.54264083E+001  0.12151225E+003
 -0.11913783E+000  0.60436479E+000  0.54264505E+001  0.12151309E+003
 -0.11913653E+000  0.60437311E+000  0.54264935E+001  0.12151394E+003
 -0.11913522E+000  0.60438168E+000  0.54265374E+001  0.12151481E+003
 -0.11913390E+000  0.60439049E+000  0.54265820E+001  0.12151568E+003
 -0.11913258E+000  0.60439956E+000  0.54266275E+001  0.12151657E+003
 -0.11913125E+000  0.60440889E+000  0.54266737E+001  0.12151747E+003
 -0.11912993E+000  0.60441847E+000  0.54267207E+001  0.12151838E+003
 -0.11912860E+000  0.60442831E+000  0.54267683E+001  0.12151930E+003
 -0.11912729E+000  0.60443840E+000  0.54268166E+001  0.12152022E+003
 -0.11912599E+000  0.60444874E+000  0.54268655E+001  0.12152115E+003
 -0.11912470E+000  0.60445932E+000  0.54269150E+001  0.12152209E+003
 -0.11912344E+000  0.60447013E+000  0.54269649E+001  0.12152303E+003
 -0.11912220E+000  0.60448117E+000  0.54270153E+001  0.12152397E+003
 -0.11912100E+000  0.60449241E+000  0.54270660E+001  0.12152491E+003
 -0.11911984E+000  0.60450384E+000  0.54271170E+001  0.12152585E+003
 -0.11911872E+000  0.60451545E+000  0.54271681E+001  0.12152679E+003
 -0.11911763E+000  0.60452720E+000  0.54272194E+001  0.12152771E+003
 -0.11911658E+000  0.60453907E+000  0.54272706E+001  0.12152863E+003
 -0.11911557E+000  0.60455103E+000  0.54273217E+001  0.12152955E+003
 -0.11911462E+000  0.60456306E+000  0.54273726E+001  0.12153044E+003
 -0.11911374E+000  0.60457511E+000  0.54274231E+001  0.12153133E+003
 -0.11911293E+000  0.60458714E+000  0.54274732E+001  0.12153219E+003
 -0.11911220E+000  0.60459912E+000  0.54275227E+001  0.12153304E+003
 -0.11911156E+000  0.60461101E+000  0.54275714E+001  0.12153387E+003
 -0.11911102E+000  0.60462274E+000  0.54276193E+001  0.12153467E+003
 -0.11911057E+000  0.60463428E+000  0.54276662E+001  0.12153545E+003
 -0.11911023E+000  0.60464557E+000  0.54277120E+001  0.12153619E+003
 -0.11911001E+000  0.60465656E+000  0.54277564E+001  0.12153691E+003
 -0.11910989E+000  0.60466720E+000  0.54277994E+001  0.12153760E+003
 -0.11910990E+000  0.60467743E+000  0.54278407E+001  0.12153825E+003
 -0.11911003E+000  0.60468720E+000  0.54278803E+001  0.12153886E+003
 -0.11911028E+000  0.60469645E+000  0.54279180E+001  0.12153943E+003
 -0.11911065E+000  0.60470514E+000  0.54279536E+001  0.12153997E+003
 -0.11911115E+000  0.60471320E+000  0.54279870E+001  0.12154046E+003
 -0.11911178E+000  0.60472060E+000  0.54280180E+001  0.12154091E+003
 -0.11911253E+000  0.60472728E+000  0.54280464E+001  0.12154131E+003
 -0.11911341E+000  0.60473319E+000  0.54280721E+001  0.12154166E+003
 -0.11911441E+000  0.60473830E+000  0.54280950E+001  0.12154197E+003
 -0.11911553E+000  0.60474256E+000  0.54281150E+001  0.12154223E+003
 -0.11911677E+000  0.60474594E+000  0.54281319E+001  0.12154243E+003
 -0.11911812E+000  0.60474840E+000  0.54281456E+001  0.12154259E+003
 -0.11911958E+000  0.60474992E+000  0.54281560E+001  0.12154269E+003
 -0.11912115E+000  0.60475047E+000  0.54281630E+001  0.12154274E+003
 -0.11912281E+000  0.60475003E+000  0.54281665E+001  0.12154274E+003
 -0.11912457E+000  0.60474858E+000  0.54281665E+001  0.12154268E+003
 -0.11912641E+000  0.60474611E+000  0.54281630E+001  0.12154257E+003
 -0.11912833E+000  0.60474261E+000  0.54281558E+001  0.12154241E+003
 -0.11913033E+000  0.60473807E+000  0.54281449E+001  0.12154219E+003
 -0.11913240E+000  0.60473251E+000  0.54281304E+001  0.12154192E+003
 -0.11913452E+000  0.60472592E+000  0.54281122E+001  0.12154160E+003
 -0.11913670E+000  0.60471831E+000  0.54280903E+001  0.12154123E+003
 -0.11913893E+000  0.60470969E+000  0.54280649E+001  0.12154080E+003
 -0.11914119E+000  0.60470009E+000  0.54280358E+001  0.12154033E+003
 -0.11914349E+000  0.60468953E+000  0.54280032E+001  0.12153981E+003
 -0.11914581E+000  0.60467802E+000  0.54279671E+001  0.12153923E+003
 -0.11914816E+000  0.60466561E+000  0.54279275E+001  0.12153861E+003
 -0.11915051E+000  0.60465233E+000  0.54278846E+001  0.12153795E+003
 -0.11915287E+000  0.60463821E+000  0.54278384E+001  0.12153724E+003
 -0.11915524E+000  0.60462330E+000  0.54277890E+001  0.12153648E+003
 -0.11915760E+000  0.60460764E+000  0.54277364E+001  0.12153569E+003
 -0.11915994E+000  0.60459128E+000  0.54276809E+001  0.12153485E+003
 -0.11916228E+000  0.60457427E+000  0.54276224E+001  0.12153397E+003
 -0.11916459E+000  0.60455667E+000  0.54275610E+001  0.12153306E+003
 -0.11916688E+000  0.60453852E+000  0.54274970E+001  0.12153211E+003
 -0.11916913E+000  0.60451989E+000  0.54274303E+001  0.12153112E+003
 -0.11917135E+000  0.60450084E+000  0.54273611E+001  0.12153010E+003
 -0.11917354E+000  0.60448143E+000  0.54272894E+001  0.12152905E+003
 -0.11917568E+000  0.60446172E+000  0.54272155E+001  0.12152796E+003
 -0.11917778E+000  0.60444178E+000  0.54271394E+001  0.12152685E+003
 -0.11917983E+000  0.60442165E+000  0.54270613E+001  0.12152571E+003
 -0.11918183E+000  0.60440142E+000  0.54269811E+001  0.12152454E+003
 -0.11918378E+000  0.60438113E+000  0.54268992E+001  0.12152334E+003
 -0.11918568E+000  0.60436085E+000  0.54268156E+001  0.12152212E+003
 -0.11918751E+000  0.60434064E+000  0.54267304E+001  0.12152087E+003
 -0.11918929E+000  0.60432055E+000  0.54266438E+001  0.12151960E+003
 -0.11919101E+000  0.60430065E+000  0.54265558E+001  0.12151831E+003
 -0.11919267E+000  0.60428097E+000  0.54264668E+001  0.12151700E+003
 -0.11919426E+000  0.60426158E+000  0.54263767E+001  0.12151567E+003
 -0.11919580E+000  0.60424252E+000  0.54262858E+001  0.12151433E+003
 -0.11919727E+000  0.60422383E+000  0.54261942E+001  0.12151296E+003
 -0.11919868E+000  0.60420555E+000  0.54261020E+001  0.12151158E+003
 -0.11920002E+000  0.60418772E+000  0.54260094E+001  0.12151018E+003
 -0.11920131E+000  0.60417037E+000  0.54259166E+001  0.12150876E+003
 -0.11920253E+000  0.60415354E+000  0.54258238E+001  0.12150733E+003
 -0.11920369E+000  0.60413724E+000  0.54257311E+001  0.12150589E+003
 -0.11920479E+000  0.60412150E+000  0.54256386E+001  0.12150444E+003
 -0.11920583E+000  0.60410634E+000  0.54255466E+001  0.12150297E+003
 -0.11920682E+000  0.60409176E+000  0.54254552E+001  0.12150149E+003
 -0.11920774E+000  0.60407779E+000  0.54253646E+001  0.12150001E+003
 -0.11920862E+000  0.60406443E+000  0.54252749E+001  0.12149851E+003
 -0.11920943E+000  0.60405168E+000  0.54251863E+001  0.12149700E+003
 -0.11921020E+000  0.60403954E+000  0.54250989E+001  0.12149549E+003
 -0.11921092E+000  0.60402802E+000  0.54250129E+001  0.12149397E+003
 -0.11921158E+000  0.60401710E+000  0.54249285E+001  0.12149244E+003
 -0.11921220E+000  0.60400678E+000  0.54248457E+001  0.12149091E+003
 -0.11921278E+000  0.60399705E+000  0.54247647E+001  0.12148937E+003
 -0.11921331E+000  0.60398789E+000  0.54246856E+001  0.12148782E+003
 -0.11921380E+000  0.60397930E+000  0.54246085E+001  0.12148627E+003
 -0.11921426E+000  0.60397126E+000  0.54245335E+001  0.12148472E+003
 -0.11921467E+000  0.60396375E+000  0.54244607E+001  0.12148317E+003
 -0.11921505E+000  0.60395676E+000  0.54243902E+001  0.12148162E+003
 -0.11921540E+000  0.60395026E+000  0.54243219E+001  0.12148006E+003
 -0.11921572E+000  0.60394423E+000  0.54242561E+001  0.12147850E+003
 -0.11921600E+000  0.60393866E+000  0.54241927E+001  0.12147695E+003
 -0.11921626E+000  0.60393352E+000  0.54241317E+001  0.12147540E+003
 -0.11921650E+000  0.60392880E+000  0.54240732E+001  0.12147384E+003
 -0.11921671E+000  0.60392447E+000  0.54240172E+001  0.12147230E+003
 -0.11921689E+000  0.60392050E+000  0.54239637E+001  0.12147075E+003
 -0.11921706E+000  0.60391689E+000  0.54239127E+001  0.12146921E+003
 -0.11921721E+000  0.60391361E+000  0.54238641E+001  0.12146768E+003
 -0.11921734E+000  0.60391063E+000  0.54238179E+001  0.12146615E+003
 -0.11921745E+000  0.60390794E+000  0.54237741E+001  0.12146462E+003
 -0.11921755E+000  0.60390552E+000  0.54237326E+001  0.12146311E+003
 -0.11921764E+000  0.60390335E+000  0.54236935E+001  0.12146160E+003
 -0.11921771E+000  0.60390141E+000  0.54236566E+001  0.12146010E+003
 -0.11921778E+000  0.60389969E+000  0.54236218E+001  0.12145861E+003
 -0.11921783E+000  0.60389816E+000  0.54235892E+001  0.12145713E+003
 -0.11921787E+000  0.60389681E+000  0.54235586E+001  0.12145567E+003
 -0.11921791E+000  0.60389563E+000  0.54235300E+001  0.12145421E+003
 -0.11921794E+000  0.60389460E+000  0.54235033E+001  0.12145277E+003
 -0.11921796E+000  0.60389370E+000  0.54234784E+001  0.12145133E+003
 -0.11921798E+000  0.60389293E+000  0.54234552E+001  0.12144992E+003
 -0.11921799E+000  0.60389228E+000  0.54234337E+001  0.12144851E+003
 -0.11921800E+000  0.60389172E+000  0.54234138E+001  0.12144712E+003
 -0.11921800E+000  0.60389125E+000  0.54233953E+001  0.12144575E+003
 -0.11921800E+000  0.60389086E+000  0.54233783E+001  0.12144439E+003
 -0.11921800E+000  0.60389054E+000  0.54233625E+001  0.12144305E+003
 -0.11921800E+000  0.60389029E+000  0.54233481E+001  0.12144172E+003
 -0.11921799E+000  0.60389009E+000  0.54233348E+001  0.12144042E+003
 -0.11921799E+000  0.60388993E+000  0.54233226E+001  0.12143913E+003
 -0.11921798E+000  0.60388982E+000  0.54233115E+001  0.12143785E+003
 -0.11921797E+000  0.60388974E+000  0.54233013E+001  0.12143660E+003
 -0.11921797E+000  0.60388970E+000  0.54232920E+001  0.12143536E+003
 -0.11921796E+000  0.60388967E+000  0.54232836E+001  0.12143415E+003
 -0.11921795E+000  0.60388967E+000  0.54232759E+001  0.12143295E+003
 -0.11921794E+000  0.60388969E+000  0.54232690E+001  0.12143177E+003
 -0.11921793E+000  0.60388972E+000  0.54232627E+001  0.12143061E+003
 -0.11921793E+000  0.60388975E+000  0.54232569E+001  0.12142948E+003
 -0.11921792E+000  0.60388980E+000  0.54232518E+001  0.12142836E+003
 -0.11921791E+000  0.60388985E+000  0.54232472E+001  0.12142726E+003
 -0.11921790E+000  0.60388991E+000  0.54232430E+001  0.12142618E+003
 -0.11921790E+000  0.60388997E+000  0.54232392E+001  0.12142513E+003
 -0.11921789E+000  0.60389003E+000  0.54232359E+001  0.12142409E+003
 -0.11921789E+000  0.60389008E+000  0.54232328E+001  0.12142308E+003
 -0.11921788E+000  0.60389014E+000  0.54232302E+001  0.12142209E+003
 -0.11921788E+000  0.60389020E+000  0.54232277E+001  0.12142112E+003
 -0.11921787E+000  0.60389025E+000  0.54232256E+001  0.12142017E+003
 -0.11921787E+000  0.60389030E+000  0.54232237E+001  0.12141924E+003
 -0.11921786E+000  0.60389035E+000  0.54232220E+001  0.12141833E+003
 -0.11921786E+000  0.60389040E+000  0.54232205E+001  0.12141744E+003
 -0.11921786E+000  0.60389044E+000  0.54232191E+001  0.12141657E+003
 -0.11921785E+000  0.60389049E+000  0.54232179E+001  0.12141573E+003
 -0.11921785E+000  0.60389052E+000  0.54232169E+001  0.12141490E+003
 -0.11921785E+000  0.60389056E+000  0.54232160E+001  0.12141410E+003
 -0.11921785E+000  0.60389060E+000  0.54232151E+001  0.12141331E+003
 -0.11921784E+000  0.60389064E+000  0.54232144E+001  0.12141255E+003
 -0.11921784E+000  0.60389067E+000  0.54232138E+001  0.12141181E+003
 -0.11921784E+000  0.60389071E+000  0.54232133E+001  0.12141108E+003
 -0.11921783E+000  0.60389074E+000  0.54232129E+001  0.12141038E+003
 -0.11921783E+000  0.60389077E+000  0.54232125E+001  0.12140969E+003
