  0.17911941E+001
  0.17882929E+001
  0.17861487E+001
  0.17845058E+001
  0.17832161E+001
  0.17821896E+001
  0.17813619E+001
  0.17806881E+001
  0.17801368E+001
  0.17796820E+001
  0.17793093E+001
  0.17789973E+001
  0.17787403E+001
  0.17785253E+001
  0.17783475E+001
  0.17781992E+001
  0.17780763E+001
  0.17779733E+001
  0.17778885E+001
  0.17778176E+001
  0.17777592E+001
  0.17777111E+001
  0.17776711E+001
  0.17776382E+001
  0.17776112E+001
  0.17775888E+001
  0.17775705E+001
  0.17775554E+001
  0.17775430E+001
  0.17775327E+001
  0.17775240E+001
  0.17775167E+001
  0.17775104E+001
  0.17775048E+001
  0.17774999E+001
  0.17774953E+001
  0.17774911E+001
  0.17774869E+001
  0.17774829E+001
  0.17774789E+001
  0.17774748E+001
  0.17774706E+001
  0.17774664E+001
  0.17774620E+001
  0.17774575E+001
  0.17774528E+001
  0.17774481E+001
  0.17774431E+001
  0.17774381E+001
  0.17774329E+001
  0.17774275E+001
  0.17774221E+001
  0.17774165E+001
  0.17774108E+001
  0.17774050E+001
  0.17773991E+001
  0.17773931E+001
  0.17773870E+001
  0.17773809E+001
  0.17773746E+001
  0.17773682E+001
  0.17773618E+001
  0.17773553E+001
  0.17773487E+001
  0.17773421E+001
  0.17773354E+001
  0.17773286E+001
  0.17773218E+001
  0.17773150E+001
  0.17773081E+001
  0.17773012E+001
  0.17772943E+001
  0.17772873E+001
  0.17772803E+001
  0.17772733E+001
  0.17772663E+001
  0.17772593E+001
  0.17772522E+001
  0.17772452E+001
  0.17772382E+001
  0.17772311E+001
  0.17772241E+001
  0.17772171E+001
  0.17772101E+001
  0.17772032E+001
  0.17771962E+001
  0.17771893E+001
  0.17771824E+001
  0.17771755E+001
  0.17771687E+001
  0.17771619E+001
  0.17771551E+001
  0.17771483E+001
  0.17771416E+001
  0.17771349E+001
  0.17771282E+001
  0.17771216E+001
  0.17771149E+001
  0.17771083E+001
  0.17771017E+001
  0.17770951E+001
  0.17770886E+001
  0.17770820E+001
  0.17770754E+001
  0.17770689E+001
  0.17770623E+001
  0.17770557E+001
  0.17770492E+001
  0.17770426E+001
  0.17770360E+001
  0.17770294E+001
  0.17770227E+001
  0.17770161E+001
  0.17770094E+001
  0.17770027E+001
  0.17769960E+001
  0.17769892E+001
  0.17769824E+001
  0.17769756E+001
  0.17769688E+001
  0.17769619E+001
  0.17769550E+001
  0.17769481E+001
  0.17769412E+001
  0.17769342E+001
  0.17769272E+001
  0.17769201E+001
  0.17769130E+001
  0.17769059E+001
  0.17768988E+001
  0.17768917E+001
  0.17768845E+001
  0.17768773E+001
  0.17768701E+001
  0.17768629E+001
  0.17768556E+001
  0.17768484E+001
  0.17768411E+001
  0.17768339E+001
  0.17768266E+001
  0.17768193E+001
  0.17768120E+001
  0.17768048E+001
  0.17767975E+001
  0.17767902E+001
  0.17767830E+001
  0.17767757E+001
  0.17767685E+001
  0.17767613E+001
  0.17767541E+001
  0.17767470E+001
  0.17767399E+001
  0.17767328E+001
  0.17767257E+001
  0.17767187E+001
  0.17767117E+001
  0.17767048E+001
  0.17766979E+001
  0.17766910E+001
  0.17766843E+001
  0.17766775E+001
  0.17766708E+001
  0.17766642E+001
  0.17766577E+001
  0.17766512E+001
  0.17766448E+001
  0.17766384E+001
  0.17766321E+001
  0.17766259E+001
  0.17766198E+001
  0.17766138E+001
  0.17766078E+001
  0.17766019E+001
  0.17765961E+001
  0.17765904E+001
  0.17765848E+001
  0.17765792E+001
  0.17765738E+001
  0.17765684E+001
  0.17765632E+001
  0.17765580E+001
  0.17765529E+001
  0.17765479E+001
  0.17765431E+001
  0.17765383E+001
  0.17765336E+001
  0.17765290E+001
  0.17765245E+001
  0.17765201E+001
  0.17765158E+001
  0.17765116E+001
  0.17765075E+001
  0.17765035E+001
  0.17764996E+001
  0.17764957E+001
  0.17764920E+001
  0.17764884E+001
  0.17764849E+001
  0.17764814E+001
  0.17764781E+001
