  0.62256008E+000  0.10093639E+001  0.12401675E+001  0.42926854E+001
  0.62241777E+000  0.10092649E+001  0.12395015E+001  0.42819879E+001
  0.62231183E+000  0.10091909E+001  0.12389958E+001  0.42740968E+001
  0.62223043E+000  0.10091340E+001  0.12386057E+001  0.42680535E+001
  0.62216644E+000  0.10090893E+001  0.12382989E+001  0.42633104E+001
  0.62211544E+000  0.10090536E+001  0.12380544E+001  0.42595354E+001
  0.62207426E+000  0.10090248E+001  0.12378571E+001  0.42564917E+001
  0.62204074E+000  0.10090014E+001  0.12376964E+001  0.42540143E+001
  0.62201331E+000  0.10089822E+001  0.12375649E+001  0.42519872E+001
  0.62199069E+000  0.10089663E+001  0.12374565E+001  0.42503151E+001
  0.62197215E+000  0.10089533E+001  0.12373675E+001  0.42489446E+001
  0.62195664E+000  0.10089424E+001  0.12372931E+001  0.42477978E+001
  0.62194387E+000  0.10089335E+001  0.12372317E+001  0.42468526E+001
  0.62193320E+000  0.10089260E+001  0.12371803E+001  0.42460622E+001
  0.62192440E+000  0.10089198E+001  0.12371379E+001  0.42454085E+001
  0.62191707E+000  0.10089147E+001  0.12371025E+001  0.42448631E+001
  0.62191102E+000  0.10089104E+001  0.12370732E+001  0.42444110E+001
  0.62190596E+000  0.10089069E+001  0.12370486E+001  0.42440322E+001
  0.62190182E+000  0.10089040E+001  0.12370284E+001  0.42437204E+001
  0.62189837E+000  0.10089015E+001  0.12370115E+001  0.42434597E+001
  0.62189555E+000  0.10088995E+001  0.12369976E+001  0.42432445E+001
  0.62189325E+000  0.10088979E+001  0.12369862E+001  0.42430675E+001
  0.62189136E+000  0.10088966E+001  0.12369767E+001  0.42429202E+001
  0.62188982E+000  0.10088954E+001  0.12369689E+001  0.42427990E+001
  0.62188858E+000  0.10088946E+001  0.12369625E+001  0.42426995E+001
  0.62188758E+000  0.10088938E+001  0.12369572E+001  0.42426172E+001
  0.62188679E+000  0.10088932E+001  0.12369529E+001  0.42425497E+001
  0.62188615E+000  0.10088928E+001  0.12369494E+001  0.42424940E+001
  0.62188566E+000  0.10088924E+001  0.12367969E+001  0.42412192E+001
  0.62188527E+000  0.10088921E+001  0.12367934E+001  0.42411713E+001
  0.62188496E+000  0.10088918E+001  0.12367902E+001  0.42411297E+001
  0.62188473E+000  0.10088916E+001  0.12367874E+001  0.42410930E+001
  0.62188455E+000  0.10088914E+001  0.12367848E+001  0.42410600E+001
  0.62188441E+000  0.10088913E+001  0.12367824E+001  0.42410297E+001
  0.62188430E+000  0.10088912E+001  0.12367801E+001  0.42410016E+001
  0.62188421E+000  0.10088911E+001  0.12367779E+001  0.42409748E+001
  0.62188414E+000  0.10088910E+001  0.12367758E+001  0.42409490E+001
  0.62188408E+000  0.10088909E+001  0.12367737E+001  0.42409236E+001
  0.62188403E+000  0.10088909E+001  0.12367716E+001  0.42408984E+001
  0.62188397E+000  0.10088908E+001  0.12367695E+001  0.42408731E+001
  0.62188392E+000  0.10088908E+001  0.12367674E+001  0.42408475E+001
  0.62188387E+000  0.10088907E+001  0.12367652E+001  0.42408215E+001
  0.62188381E+000  0.10088906E+001  0.12367631E+001  0.42407951E+001
  0.62188375E+000  0.10088906E+001  0.12367608E+001  0.42407682E+001
  0.62188368E+000  0.10088905E+001  0.12367586E+001  0.42407405E+001
  0.62188361E+000  0.10088904E+001  0.12367563E+001  0.42407124E+001
  0.62188353E+000  0.10088904E+001  0.12369255E+001  0.42420933E+001
  0.62188344E+000  0.10088903E+001  0.12369245E+001  0.42420748E+001
  0.62188335E+000  0.10088902E+001  0.12369234E+001  0.42420559E+001
  0.62188325E+000  0.10088901E+001  0.12369222E+001  0.42420363E+001
  0.62188314E+000  0.10088901E+001  0.12369211E+001  0.42420164E+001
  0.62188303E+000  0.10088900E+001  0.12369199E+001  0.42419960E+001
  0.62188290E+000  0.10088899E+001  0.12369187E+001  0.42419751E+001
  0.62188277E+000  0.10088898E+001  0.12369174E+001  0.42419539E+001
  0.62188263E+000  0.10088897E+001  0.12369161E+001  0.42419322E+001
  0.62188249E+000  0.10088896E+001  0.12369148E+001  0.42419102E+001
  0.62188233E+000  0.10088895E+001  0.12369135E+001  0.42418877E+001
  0.62188216E+000  0.10088894E+001  0.12369121E+001  0.42418650E+001
  0.62188199E+000  0.10088893E+001  0.12369107E+001  0.42418419E+001
  0.62188180E+000  0.10088892E+001  0.12369093E+001  0.42418185E+001
  0.62188160E+000  0.10088891E+001  0.12369079E+001  0.42417949E+001
  0.62188139E+000  0.10088890E+001  0.12369064E+001  0.42417709E+001
  0.62188117E+000  0.10088888E+001  0.12369049E+001  0.42417467E+001
  0.62188094E+000  0.10088887E+001  0.12369034E+001  0.42417223E+001
  0.62188069E+000  0.10088886E+001  0.12369018E+001  0.42416977E+001
  0.62188043E+000  0.10088884E+001  0.12369003E+001  0.42416729E+001
  0.62188016E+000  0.10088882E+001  0.12368987E+001  0.42416479E+001
  0.62187987E+000  0.10088881E+001  0.12368970E+001  0.42416228E+001
  0.62187957E+000  0.10088879E+001  0.12368954E+001  0.42415976E+001
  0.62187925E+000  0.10088877E+001  0.12368937E+001  0.42415723E+001
  0.62187892E+000  0.10088875E+001  0.12368920E+001  0.42415469E+001
  0.62187857E+000  0.10088873E+001  0.12368902E+001  0.42415214E+001
  0.62187821E+000  0.10088871E+001  0.12368885E+001  0.42414959E+001
  0.62187783E+000  0.10088869E+001  0.12368867E+001  0.42414703E+001
  0.62187743E+000  0.10088867E+001  0.12368849E+001  0.42414447E+001
  0.62187702E+000  0.10088864E+001  0.12368830E+001  0.42414191E+001
  0.62187660E+000  0.10088862E+001  0.12368812E+001  0.42413936E+001
  0.62187615E+000  0.10088860E+001  0.12368793E+001  0.42413680E+001
  0.62187570E+000  0.10088857E+001  0.12368773E+001  0.42413425E+001
  0.62187523E+000  0.10088854E+001  0.12368754E+001  0.42413171E+001
  0.62187474E+000  0.10088852E+001  0.12368734E+001  0.42412917E+001
  0.62187424E+000  0.10088849E+001  0.12368714E+001  0.42412664E+001
  0.62187373E+000  0.10088846E+001  0.12368694E+001  0.42412413E+001
  0.62187320E+000  0.10088843E+001  0.12368674E+001  0.42412162E+001
  0.62187266E+000  0.10088840E+001  0.12368653E+001  0.42411912E+001
  0.62187211E+000  0.10088837E+001  0.12368632E+001  0.42411664E+001
  0.62187154E+000  0.10088834E+001  0.12368611E+001  0.42411417E+001
  0.62187096E+000  0.10088831E+001  0.12368589E+001  0.42411172E+001
  0.62187038E+000  0.10088827E+001  0.12368567E+001  0.42410928E+001
  0.62186978E+000  0.10088824E+001  0.12368545E+001  0.42410686E+001
  0.62186917E+000  0.10088820E+001  0.12368523E+001  0.42410445E+001
  0.62186855E+000  0.10088817E+001  0.12368501E+001  0.42410206E+001
  0.62186792E+000  0.10088813E+001  0.12368478E+001  0.42409969E+001
  0.62186728E+000  0.10088809E+001  0.12368455E+001  0.42409733E+001
  0.62186664E+000  0.10088806E+001  0.12368431E+001  0.42409498E+001
  0.62186598E+000  0.10088802E+001  0.12368408E+001  0.42409266E+001
  0.62186532E+000  0.10088798E+001  0.12368384E+001  0.42409034E+001
  0.62186465E+000  0.10088794E+001  0.12368359E+001  0.42408804E+001
  0.62186397E+000  0.10088790E+001  0.12368335E+001  0.42408574E+001
  0.62186329E+000  0.10088785E+001  0.12368310E+001  0.42408346E+001
  0.62186260E+000  0.10088781E+001  0.12368285E+001  0.42408119E+001
  0.62186190E+000  0.10088777E+001  0.12368260E+001  0.42407893E+001
  0.62186120E+000  0.10088772E+001  0.12368234E+001  0.42407667E+001
  0.62186050E+000  0.10088768E+001  0.12368208E+001  0.42407442E+001
  0.62185979E+000  0.10088763E+001  0.12368182E+001  0.42407218E+001
  0.62185907E+000  0.10088758E+001  0.12368155E+001  0.42406994E+001
  0.62185835E+000  0.10088754E+001  0.12368128E+001  0.42406770E+001
  0.62185763E+000  0.10088749E+001  0.12368101E+001  0.42406545E+001
  0.62185690E+000  0.10088744E+001  0.12368074E+001  0.42406321E+001
  0.62185618E+000  0.10088739E+001  0.12368046E+001  0.42406097E+001
  0.62185545E+000  0.10088734E+001  0.12368019E+001  0.42405872E+001
  0.62185472E+000  0.10088729E+001  0.12367991E+001  0.42405647E+001
  0.62185398E+000  0.10088724E+001  0.12367963E+001  0.42405422E+001
  0.62185325E+000  0.10088719E+001  0.12367934E+001  0.42405195E+001
  0.62185252E+000  0.10088714E+001  0.12367906E+001  0.42404968E+001
  0.62185179E+000  0.10088708E+001  0.12367877E+001  0.42404740E+001
  0.62185106E+000  0.10088703E+001  0.12367849E+001  0.42404511E+001
  0.62185033E+000  0.10088698E+001  0.12367820E+001  0.42404281E+001
  0.62184961E+000  0.10088693E+001  0.12367792E+001  0.42404050E+001
  0.62184888E+000  0.10088688E+001  0.12367763E+001  0.42403818E+001
  0.62184817E+000  0.10088682E+001  0.12367734E+001  0.42403584E+001
  0.62184745E+000  0.10088677E+001  0.12367706E+001  0.42403349E+001
  0.62184674E+000  0.10088672E+001  0.12367677E+001  0.42403113E+001
  0.62184603E+000  0.10088667E+001  0.12367649E+001  0.42402875E+001
  0.62184533E+000  0.10088662E+001  0.12367620E+001  0.42402636E+001
  0.62184464E+000  0.10088657E+001  0.12367592E+001  0.42402396E+001
  0.62184395E+000  0.10088652E+001  0.12367564E+001  0.42402154E+001
  0.62184327E+000  0.10088647E+001  0.12367536E+001  0.42401911E+001
  0.62184259E+000  0.10088642E+001  0.12367509E+001  0.42401666E+001
  0.62184193E+000  0.10088637E+001  0.12367482E+001  0.42401420E+001
  0.62184127E+000  0.10088632E+001  0.12367454E+001  0.42401172E+001
  0.62184062E+000  0.10088628E+001  0.12367428E+001  0.42400924E+001
  0.62183998E+000  0.10088623E+001  0.12367401E+001  0.42400674E+001
  0.62183935E+000  0.10088619E+001  0.12367375E+001  0.42400422E+001
  0.62183873E+000  0.10088614E+001  0.12367349E+001  0.42400169E+001
  0.62183812E+000  0.10088610E+001  0.12367324E+001  0.42399916E+001
  0.62183752E+000  0.10088606E+001  0.12367299E+001  0.42399661E+001
  0.62183693E+000  0.10088602E+001  0.12367274E+001  0.42399405E+001
  0.62183635E+000  0.10088598E+001  0.12367250E+001  0.42399148E+001
  0.62183579E+000  0.10088594E+001  0.12367227E+001  0.42398890E+001
  0.62183523E+000  0.10088590E+001  0.12367203E+001  0.42398631E+001
  0.62183469E+000  0.10088587E+001  0.12367181E+001  0.42398372E+001
  0.62183416E+000  0.10088583E+001  0.12367159E+001  0.42398112E+001
  0.62183364E+000  0.10088580E+001  0.12367137E+001  0.42397851E+001
  0.62183314E+000  0.10088577E+001  0.12367116E+001  0.42397590E+001
  0.62183265E+000  0.10088574E+001  0.12367095E+001  0.42397329E+001
  0.62183217E+000  0.10088571E+001  0.12367075E+001  0.42397067E+001
  0.62183170E+000  0.10088568E+001  0.12367055E+001  0.42396806E+001
  0.62183125E+000  0.10088565E+001  0.12367036E+001  0.42396544E+001
  0.62183081E+000  0.10088562E+001  0.12367018E+001  0.42396282E+001
  0.62183039E+000  0.10088559E+001  0.12367000E+001  0.42396021E+001
  0.62182998E+000  0.10088557E+001  0.12366983E+001  0.42395760E+001
  0.62182958E+000  0.10088555E+001  0.12366966E+001  0.42395499E+001
  0.62182920E+000  0.10088552E+001  0.12366950E+001  0.42395240E+001
  0.62182883E+000  0.10088550E+001  0.12366934E+001  0.42394980E+001
  0.62182847E+000  0.10088548E+001  0.12366919E+001  0.42394722E+001
  0.62182813E+000  0.10088546E+001  0.12366905E+001  0.42394464E+001
  0.62182780E+000  0.10088544E+001  0.12366891E+001  0.42394208E+001
  0.62182748E+000  0.10088542E+001  0.12366877E+001  0.42393953E+001
  0.62182718E+000  0.10088540E+001  0.12366864E+001  0.42393699E+001
  0.62182689E+000  0.10088539E+001  0.12366852E+001  0.42393447E+001
  0.62182661E+000  0.10088537E+001  0.12366840E+001  0.42393196E+001
  0.62182635E+000  0.10088536E+001  0.12366828E+001  0.42392947E+001
  0.62182609E+000  0.10088534E+001  0.12366817E+001  0.42392700E+001
  0.62182585E+000  0.10088533E+001  0.12366807E+001  0.42392454E+001
  0.62182562E+000  0.10088532E+001  0.12366797E+001  0.42392211E+001
  0.62182540E+000  0.10088530E+001  0.12366788E+001  0.42391970E+001
  0.62182520E+000  0.10088529E+001  0.12366779E+001  0.42391731E+001
  0.62182500E+000  0.10088528E+001  0.12366770E+001  0.42391495E+001
  0.62182481E+000  0.10088527E+001  0.12366762E+001  0.42391261E+001
  0.62182463E+000  0.10088526E+001  0.12366754E+001  0.42391029E+001
  0.62182447E+000  0.10088525E+001  0.12366747E+001  0.42390801E+001
  0.62182431E+000  0.10088524E+001  0.12366739E+001  0.42390575E+001
  0.62182416E+000  0.10088524E+001  0.12366733E+001  0.42390352E+001
  0.62182402E+000  0.10088523E+001  0.12366727E+001  0.42390132E+001
  0.62182389E+000  0.10088522E+001  0.12366721E+001  0.42389915E+001
  0.62182376E+000  0.10088521E+001  0.12366715E+001  0.42389701E+001
  0.62182365E+000  0.10088521E+001  0.12366710E+001  0.42389490E+001
  0.62182354E+000  0.10088520E+001  0.12366705E+001  0.42389283E+001
  0.62182344E+000  0.10088520E+001  0.12366700E+001  0.42389078E+001
  0.62182334E+000  0.10088519E+001  0.12366695E+001  0.42388878E+001
  0.62182325E+000  0.10088518E+001  0.12366691E+001  0.42388680E+001
  0.62182317E+000  0.10088518E+001  0.12366687E+001  0.42388486E+001
  0.62182309E+000  0.10088518E+001  0.12366683E+001  0.42388296E+001
  0.62182302E+000  0.10088517E+001  0.12366680E+001  0.42388109E+001
  0.62182295E+000  0.10088517E+001  0.12366677E+001  0.42387926E+001
  0.62182289E+000  0.10088516E+001  0.12366674E+001  0.42387746E+001
  0.62182283E+000  0.10088516E+001  0.12366671E+001  0.42387570E+001
  0.62182277E+000  0.10088516E+001  0.12366668E+001  0.42387398E+001
  0.62182272E+000  0.10088515E+001  0.12366665E+001  0.42387229E+001
  0.62182267E+000  0.10088515E+001  0.12366663E+001  0.42387064E+001
  0.62182263E+000  0.10088515E+001  0.12366661E+001  0.42386903E+001
  0.62182259E+000  0.10088515E+001  0.12366659E+001  0.42386745E+001
  0.62182255E+000  0.10088514E+001  0.12366657E+001  0.42386591E+001
  0.62182252E+000  0.10088514E+001  0.12366655E+001  0.42386441E+001
  0.62182249E+000  0.10088514E+001  0.12366653E+001  0.42386294E+001
  0.62182246E+000  0.10088514E+001  0.12366652E+001  0.42386151E+001
  0.62182243E+000  0.10088514E+001  0.12366650E+001  0.42386012E+001
  0.62182241E+000  0.10088514E+001  0.12366649E+001  0.42385876E+001
  0.62182239E+000  0.10088513E+001  0.12366648E+001  0.42385743E+001
