  0.63644485E+000
  0.63644761E+000
  0.63644507E+000
  0.63644169E+000
  0.63643844E+000
  0.63643554E+000
  0.63643302E+000
  0.63643083E+000
  0.63642895E+000
  0.63642731E+000
  0.63642589E+000
  0.63642465E+000
  0.63642356E+000
  0.63642259E+000
  0.63642172E+000
  0.63642095E+000
  0.63642024E+000
  0.63641960E+000
  0.63641900E+000
  0.63641845E+000
  0.63641793E+000
  0.63641744E+000
  0.63641696E+000
  0.63641651E+000
  0.63641607E+000
  0.63641564E+000
  0.63641521E+000
  0.63641479E+000
  0.63641437E+000
  0.63641395E+000
  0.63641353E+000
  0.63641310E+000
  0.63641267E+000
  0.63641223E+000
  0.63641178E+000
  0.63641133E+000
  0.63641087E+000
  0.63641040E+000
  0.63640992E+000
  0.63640943E+000
  0.63640893E+000
  0.63640842E+000
  0.63640790E+000
  0.63640737E+000
  0.63640683E+000
  0.63640629E+000
  0.63640573E+000
  0.63640517E+000
  0.63640459E+000
  0.63640401E+000
  0.63640343E+000
  0.63640283E+000
  0.63640224E+000
  0.63640164E+000
  0.63640103E+000
  0.63640043E+000
  0.63639982E+000
  0.63639922E+000
  0.63639861E+000
  0.63639801E+000
  0.63639741E+000
  0.63639682E+000
  0.63639623E+000
  0.63639565E+000
  0.63639507E+000
  0.63639451E+000
  0.63639396E+000
  0.63639342E+000
  0.63639289E+000
  0.63639238E+000
  0.63639188E+000
  0.63639140E+000
  0.63639093E+000
  0.63639049E+000
  0.63639006E+000
  0.63638966E+000
  0.63638927E+000
  0.63638891E+000
  0.63638857E+000
  0.63638826E+000
  0.63638797E+000
  0.63638771E+000
  0.63638748E+000
  0.63638727E+000
  0.63638710E+000
  0.63638695E+000
  0.63638683E+000
  0.63638674E+000
  0.63638668E+000
  0.63638665E+000
  0.63638665E+000
  0.63638669E+000
  0.63638675E+000
  0.63638685E+000
  0.63638697E+000
  0.63638713E+000
  0.63638731E+000
  0.63638752E+000
  0.63638777E+000
  0.63638803E+000
  0.63638833E+000
  0.63638865E+000
  0.63638900E+000
  0.63638937E+000
  0.63638976E+000
  0.63639017E+000
  0.63639060E+000
  0.63639106E+000
  0.63639153E+000
  0.63639201E+000
  0.63639251E+000
  0.63639303E+000
  0.63639356E+000
  0.63639410E+000
  0.63639465E+000
  0.63639521E+000
  0.63639578E+000
  0.63639636E+000
  0.63639695E+000
  0.63639753E+000
  0.63639813E+000
  0.63639873E+000
  0.63639933E+000
  0.63639993E+000
  0.63640053E+000
  0.63640114E+000
  0.63640174E+000
  0.63640234E+000
  0.63640294E+000
  0.63640354E+000
  0.63640414E+000
  0.63640473E+000
  0.63640532E+000
  0.63640591E+000
  0.63640649E+000
  0.63640706E+000
  0.63640763E+000
  0.63640819E+000
  0.63640875E+000
  0.63640930E+000
  0.63640984E+000
  0.63641038E+000
  0.63641090E+000
  0.63641142E+000
  0.63641193E+000
  0.63641244E+000
  0.63641293E+000
  0.63641341E+000
  0.63641389E+000
  0.63641436E+000
  0.63641481E+000
  0.63641526E+000
  0.63641570E+000
  0.63641613E+000
  0.63641655E+000
  0.63641696E+000
  0.63641736E+000
  0.63641774E+000
  0.63641812E+000
  0.63641849E+000
  0.63641885E+000
  0.63641920E+000
  0.63641954E+000
  0.63641987E+000
  0.63642019E+000
  0.63642051E+000
  0.63642081E+000
  0.63642110E+000
  0.63642138E+000
  0.63642166E+000
  0.63642193E+000
  0.63642218E+000
  0.63642243E+000
  0.63642267E+000
  0.63642290E+000
  0.63642313E+000
  0.63642334E+000
  0.63642355E+000
  0.63642375E+000
  0.63642394E+000
  0.63642413E+000
  0.63642431E+000
  0.63642448E+000
  0.63642465E+000
  0.63642481E+000
  0.63642496E+000
  0.63642511E+000
  0.63642525E+000
  0.63642538E+000
  0.63642551E+000
  0.63642564E+000
  0.63642576E+000
  0.63642587E+000
  0.63642598E+000
  0.63642608E+000
  0.63642618E+000
  0.63642628E+000
  0.63642637E+000
  0.63642646E+000
  0.63642654E+000
