  0.90531359E+000
  0.90531707E+000
  0.90531387E+000
  0.90530961E+000
  0.90530552E+000
  0.90530187E+000
  0.90529869E+000
  0.90529595E+000
  0.90529357E+000
  0.90529152E+000
  0.90528973E+000
  0.90528817E+000
  0.90528679E+000
  0.90528557E+000
  0.90528448E+000
  0.90528351E+000
  0.90528262E+000
  0.90528181E+000
  0.90528106E+000
  0.90528036E+000
  0.90527971E+000
  0.90527909E+000
  0.90527849E+000
  0.90527792E+000
  0.90527737E+000
  0.90527682E+000
  0.90527629E+000
  0.90527576E+000
  0.90527523E+000
  0.90527470E+000
  0.90527417E+000
  0.90527363E+000
  0.90527309E+000
  0.90527253E+000
  0.90527197E+000
  0.90527140E+000
  0.90527082E+000
  0.90527023E+000
  0.90526963E+000
  0.90526901E+000
  0.90526838E+000
  0.90526774E+000
  0.90526709E+000
  0.90526642E+000
  0.90526575E+000
  0.90526506E+000
  0.90526436E+000
  0.90526364E+000
  0.90526292E+000
  0.90526219E+000
  0.90526146E+000
  0.90526071E+000
  0.90525996E+000
  0.90525920E+000
  0.90525844E+000
  0.90525768E+000
  0.90525692E+000
  0.90525616E+000
  0.90525540E+000
  0.90525464E+000
  0.90525389E+000
  0.90525314E+000
  0.90525240E+000
  0.90525167E+000
  0.90525095E+000
  0.90525024E+000
  0.90524954E+000
  0.90524886E+000
  0.90524820E+000
  0.90524755E+000
  0.90524692E+000
  0.90524632E+000
  0.90524573E+000
  0.90524517E+000
  0.90524464E+000
  0.90524413E+000
  0.90524364E+000
  0.90524319E+000
  0.90524277E+000
  0.90524237E+000
  0.90524201E+000
  0.90524168E+000
  0.90524139E+000
  0.90524113E+000
  0.90524090E+000
  0.90524072E+000
  0.90524057E+000
  0.90524045E+000
  0.90524038E+000
  0.90524034E+000
  0.90524035E+000
  0.90524039E+000
  0.90524047E+000
  0.90524059E+000
  0.90524075E+000
  0.90524094E+000
  0.90524118E+000
  0.90524144E+000
  0.90524175E+000
  0.90524209E+000
  0.90524246E+000
  0.90524286E+000
  0.90524330E+000
  0.90524376E+000
  0.90524425E+000
  0.90524477E+000
  0.90524532E+000
  0.90524589E+000
  0.90524648E+000
  0.90524709E+000
  0.90524772E+000
  0.90524837E+000
  0.90524904E+000
  0.90524972E+000
  0.90525041E+000
  0.90525112E+000
  0.90525184E+000
  0.90525256E+000
  0.90525330E+000
  0.90525404E+000
  0.90525479E+000
  0.90525554E+000
  0.90525630E+000
  0.90525705E+000
  0.90525781E+000
  0.90525857E+000
  0.90525933E+000
  0.90526009E+000
  0.90526085E+000
  0.90526160E+000
  0.90526235E+000
  0.90526310E+000
  0.90526384E+000
  0.90526458E+000
  0.90526531E+000
  0.90526603E+000
  0.90526675E+000
  0.90526745E+000
  0.90526815E+000
  0.90526885E+000
  0.90526953E+000
  0.90527020E+000
  0.90527087E+000
  0.90527152E+000
  0.90527216E+000
  0.90527279E+000
  0.90527342E+000
  0.90527403E+000
  0.90527463E+000
  0.90527521E+000
  0.90527579E+000
  0.90527635E+000
  0.90527690E+000
  0.90527744E+000
  0.90527797E+000
  0.90527848E+000
  0.90527899E+000
  0.90527948E+000
  0.90527995E+000
  0.90528042E+000
  0.90528087E+000
  0.90528131E+000
  0.90528174E+000
  0.90528216E+000
  0.90528256E+000
  0.90528295E+000
  0.90528333E+000
  0.90528370E+000
  0.90528406E+000
  0.90528440E+000
  0.90528474E+000
  0.90528506E+000
  0.90528537E+000
  0.90528568E+000
  0.90528597E+000
  0.90528625E+000
  0.90528652E+000
  0.90528678E+000
  0.90528703E+000
  0.90528728E+000
  0.90528751E+000
  0.90528774E+000
  0.90528795E+000
  0.90528816E+000
  0.90528836E+000
  0.90528856E+000
  0.90528874E+000
  0.90528892E+000
  0.90528909E+000
  0.90528925E+000
  0.90528941E+000
  0.90528956E+000
  0.90528970E+000
  0.90528984E+000
  0.90528997E+000
  0.90529010E+000
  0.90529022E+000
  0.90529033E+000
  0.90529044E+000
  0.90529055E+000
