  0.14115454E+000
  0.14121887E+000
  0.14125161E+000
  0.14126577E+000
  0.14126915E+000
  0.14126642E+000
  0.14126039E+000
  0.14125279E+000
  0.14124463E+000
  0.14123653E+000
  0.14122881E+000
  0.14122165E+000
  0.14121513E+000
  0.14120925E+000
  0.14120400E+000
  0.14119932E+000
  0.14119517E+000
  0.14119150E+000
  0.14118824E+000
  0.14118535E+000
  0.14118278E+000
  0.14118050E+000
  0.14117846E+000
  0.14117662E+000
  0.14117496E+000
  0.14117346E+000
  0.14117208E+000
  0.14117081E+000
  0.14116963E+000
  0.14116853E+000
  0.14116749E+000
  0.14116651E+000
  0.14116556E+000
  0.14116464E+000
  0.14116375E+000
  0.14116288E+000
  0.14116202E+000
  0.14116117E+000
  0.14116032E+000
  0.14115947E+000
  0.14115861E+000
  0.14115775E+000
  0.14115689E+000
  0.14115601E+000
  0.14115513E+000
  0.14115423E+000
  0.14115332E+000
  0.14115240E+000
  0.14115147E+000
  0.14115053E+000
  0.14114957E+000
  0.14114861E+000
  0.14114763E+000
  0.14114664E+000
  0.14114565E+000
  0.14114465E+000
  0.14114417E+000
  0.14114396E+000
  0.14114383E+000
  0.14114373E+000
  0.14114363E+000
  0.14114353E+000
  0.14114344E+000
  0.14114335E+000
  0.14114326E+000
  0.14114318E+000
  0.14114310E+000
  0.14114302E+000
  0.14114294E+000
  0.14114286E+000
  0.14114279E+000
  0.14114272E+000
  0.14114265E+000
  0.14114258E+000
  0.14114251E+000
  0.14114245E+000
  0.14114238E+000
  0.14114232E+000
  0.14114226E+000
  0.14114220E+000
  0.14114214E+000
  0.14114208E+000
  0.14114203E+000
  0.14114198E+000
  0.14114193E+000
  0.14114189E+000
  0.14114185E+000
  0.14114181E+000
  0.14114178E+000
  0.14114176E+000
  0.14114173E+000
  0.14114172E+000
  0.14114171E+000
  0.14114171E+000
  0.14114171E+000
  0.14114173E+000
  0.14114175E+000
  0.14114177E+000
  0.14114181E+000
  0.14114185E+000
  0.14114189E+000
  0.14114195E+000
  0.14114201E+000
  0.14114208E+000
  0.14114216E+000
  0.14114225E+000
  0.14114234E+000
  0.14114244E+000
  0.14114254E+000
  0.14114265E+000
  0.14114277E+000
  0.14114290E+000
  0.14114303E+000
  0.14114316E+000
  0.14114330E+000
  0.14114345E+000
  0.14114360E+000
  0.14114376E+000
  0.14114392E+000
  0.14114408E+000
  0.14114425E+000
  0.14114443E+000
  0.14114460E+000
  0.14114479E+000
  0.14114497E+000
  0.14114516E+000
  0.14114535E+000
  0.14114555E+000
  0.14114574E+000
  0.14114595E+000
  0.14114615E+000
  0.14114635E+000
  0.14114656E+000
  0.14114677E+000
  0.14114698E+000
  0.14114719E+000
  0.14114740E+000
  0.14114761E+000
  0.14114782E+000
  0.14114804E+000
  0.14114825E+000
  0.14114846E+000
  0.14114867E+000
  0.14114887E+000
  0.14114908E+000
  0.14114928E+000
  0.14114949E+000
  0.14114968E+000
  0.14114988E+000
  0.14115007E+000
  0.14115026E+000
  0.14115045E+000
  0.14115063E+000
  0.14115081E+000
  0.14115098E+000
  0.14115115E+000
  0.14115131E+000
  0.14115147E+000
  0.14115163E+000
  0.14115178E+000
  0.14115192E+000
  0.14115206E+000
  0.14115220E+000
  0.14115233E+000
  0.14115245E+000
  0.14115257E+000
  0.14115269E+000
  0.14115280E+000
  0.14115290E+000
  0.14115301E+000
  0.14115310E+000
  0.14115319E+000
  0.14115328E+000
  0.14115336E+000
  0.14115344E+000
  0.14115351E+000
  0.14115358E+000
  0.14115365E+000
  0.14115371E+000
  0.14115377E+000
  0.14115382E+000
  0.14115388E+000
  0.14115392E+000
  0.14115397E+000
  0.14115401E+000
  0.14115405E+000
  0.14115409E+000
  0.14115412E+000
  0.14115415E+000
  0.14115418E+000
  0.14115421E+000
  0.14115424E+000
  0.14115426E+000
  0.14115428E+000
  0.14115430E+000
  0.14115432E+000
  0.14115434E+000
  0.14115435E+000
  0.14115437E+000
  0.14115438E+000
