  0.26138386E+000
  0.26211164E+000
  0.26188544E+000
  0.26160472E+000
  0.26138141E+000
  0.26121628E+000
  0.26109697E+000
  0.26101221E+000
  0.26095330E+000
  0.26091369E+000
  0.26088853E+000
  0.26087406E+000
  0.26086761E+000
  0.26086707E+000
  0.26087091E+000
  0.26087791E+000
  0.26088719E+000
  0.26089808E+000
  0.26091009E+000
  0.26092284E+000
  0.26093608E+000
  0.26094960E+000
  0.26096326E+000
  0.26097698E+000
  0.26099071E+000
  0.26100441E+000
  0.26101808E+000
  0.26103171E+000
  0.26104532E+000
  0.26105894E+000
  0.26107259E+000
  0.26108630E+000
  0.26110010E+000
  0.26111402E+000
  0.26112808E+000
  0.26114233E+000
  0.26115678E+000
  0.26117146E+000
  0.26118638E+000
  0.26120157E+000
  0.26121703E+000
  0.26123278E+000
  0.26124882E+000
  0.26126516E+000
  0.26128180E+000
  0.26129874E+000
  0.26131596E+000
  0.26133348E+000
  0.26135127E+000
  0.26136933E+000
  0.26138764E+000
  0.26140618E+000
  0.26142494E+000
  0.26144391E+000
  0.26146305E+000
  0.26148234E+000
  0.26149328E+000
  0.26149754E+000
  0.26149807E+000
  0.26149652E+000
  0.26149383E+000
  0.26149049E+000
  0.26148679E+000
  0.26148288E+000
  0.26147883E+000
  0.26147469E+000
  0.26147048E+000
  0.26146622E+000
  0.26146192E+000
  0.26145760E+000
  0.26145325E+000
  0.26144890E+000
  0.26144454E+000
  0.26144019E+000
  0.26143586E+000
  0.26143155E+000
  0.26142729E+000
  0.26142306E+000
  0.26141890E+000
  0.26141480E+000
  0.26141078E+000
  0.26140684E+000
  0.26140301E+000
  0.26139927E+000
  0.26139565E+000
  0.26139215E+000
  0.26138878E+000
  0.26138555E+000
  0.26138245E+000
  0.26137950E+000
  0.26137671E+000
  0.26137406E+000
  0.26137158E+000
  0.26136925E+000
  0.26136709E+000
  0.26136508E+000
  0.26136323E+000
  0.26136155E+000
  0.26136002E+000
  0.26135864E+000
  0.26135742E+000
  0.26135634E+000
  0.26135541E+000
  0.26135462E+000
  0.26135396E+000
  0.26135343E+000
  0.26135303E+000
  0.26135274E+000
  0.26135256E+000
  0.26135249E+000
  0.26135252E+000
  0.26135264E+000
  0.26135285E+000
  0.26135314E+000
  0.26135350E+000
  0.26135393E+000
  0.26135442E+000
  0.26135496E+000
  0.26135555E+000
  0.26135619E+000
  0.26135686E+000
  0.26135757E+000
  0.26135830E+000
  0.26135905E+000
  0.26135982E+000
  0.26136060E+000
  0.26136139E+000
  0.26136219E+000
  0.26136299E+000
  0.26136379E+000
  0.26136458E+000
  0.26136536E+000
  0.26136614E+000
  0.26136690E+000
  0.26136765E+000
  0.26136838E+000
  0.26136910E+000
  0.26136980E+000
  0.26137048E+000
  0.26137114E+000
  0.26137178E+000
  0.26137239E+000
  0.26137299E+000
  0.26137356E+000
  0.26137412E+000
  0.26137465E+000
  0.26137516E+000
  0.26137564E+000
  0.26137611E+000
  0.26137656E+000
  0.26137698E+000
  0.26137739E+000
  0.26137777E+000
  0.26137814E+000
  0.26137849E+000
  0.26137882E+000
  0.26137913E+000
  0.26137943E+000
  0.26137971E+000
  0.26137997E+000
  0.26138022E+000
  0.26138046E+000
  0.26138068E+000
  0.26138089E+000
  0.26138109E+000
  0.26138127E+000
  0.26138145E+000
  0.26138161E+000
  0.26138176E+000
  0.26138190E+000
  0.26138204E+000
  0.26138216E+000
  0.26138228E+000
  0.26138239E+000
  0.26138249E+000
  0.26138258E+000
  0.26138267E+000
  0.26138275E+000
  0.26138283E+000
  0.26138290E+000
  0.26138297E+000
  0.26138303E+000
  0.26138309E+000
  0.26138314E+000
  0.26138319E+000
  0.26138324E+000
  0.26138328E+000
  0.26138332E+000
  0.26138336E+000
  0.26138339E+000
  0.26138343E+000
  0.26138346E+000
  0.26138349E+000
  0.26138352E+000
  0.26138354E+000
  0.26138357E+000
  0.26138359E+000
  0.26138361E+000
  0.26138364E+000
  0.26138366E+000
