  0.53182286E-005
  0.53139330E-005
  0.53114630E-005
  0.53100914E-005
  0.53093490E-005
  0.53089555E-005
  0.53087495E-005
  0.53086404E-005
  0.53085780E-005
  0.53085355E-005
  0.53084988E-005
  0.53084608E-005
  0.53084186E-005
  0.53083711E-005
  0.53083185E-005
  0.53082611E-005
  0.53081997E-005
  0.53081352E-005
  0.53080682E-005
  0.53079995E-005
  0.53079296E-005
  0.53078591E-005
  0.53077885E-005
  0.53077181E-005
  0.53076484E-005
  0.53075797E-005
  0.53075123E-005
  0.53074464E-005
  0.53073825E-005
  0.53073206E-005
  0.53072612E-005
  0.53072045E-005
  0.53071507E-005
  0.53071001E-005
  0.53070531E-005
  0.53070100E-005
  0.53069711E-005
  0.53069367E-005
  0.53069072E-005
  0.53068830E-005
  0.53068645E-005
  0.53068521E-005
  0.53068462E-005
  0.53068473E-005
  0.53068558E-005
  0.53068721E-005
  0.53068967E-005
  0.53069301E-005
  0.53069725E-005
  0.53070245E-005
  0.53070864E-005
  0.53071586E-005
  0.53072412E-005
  0.53073347E-005
  0.53074391E-005
  0.53075547E-005
  0.53076814E-005
  0.53078193E-005
  0.53079684E-005
  0.53081285E-005
  0.53082994E-005
  0.53084808E-005
  0.53086725E-005
  0.53088739E-005
  0.53090846E-005
  0.53093041E-005
  0.53095317E-005
  0.53097669E-005
  0.53100089E-005
  0.53102570E-005
  0.53105105E-005
  0.53107684E-005
  0.53110301E-005
  0.53112947E-005
  0.53115613E-005
  0.53118291E-005
  0.53120973E-005
  0.53123650E-005
  0.53126315E-005
  0.53128960E-005
  0.53131578E-005
  0.53134161E-005
  0.53136703E-005
  0.53139198E-005
  0.53141640E-005
  0.53144024E-005
  0.53146344E-005
  0.53148598E-005
  0.53150780E-005
  0.53152889E-005
  0.53154922E-005
  0.53156877E-005
  0.53158751E-005
  0.53160545E-005
  0.53162258E-005
  0.53163889E-005
  0.53165439E-005
  0.53166908E-005
  0.53168298E-005
  0.53169610E-005
  0.53170845E-005
  0.53172005E-005
  0.53173093E-005
  0.53174110E-005
  0.53175059E-005
  0.53175942E-005
  0.53176761E-005
  0.53177521E-005
  0.53178222E-005
  0.53178867E-005
  0.53179460E-005
  0.53180003E-005
  0.53180499E-005
  0.53180949E-005
  0.53181357E-005
  0.53181726E-005
  0.53182057E-005
  0.53182352E-005
  0.53182615E-005
  0.53182847E-005
  0.53183050E-005
  0.53183227E-005
  0.53183379E-005
  0.53183508E-005
  0.53183616E-005
  0.53183705E-005
  0.53183775E-005
  0.53183830E-005
  0.53183869E-005
  0.53183896E-005
  0.53183909E-005
  0.53183912E-005
  0.53183905E-005
  0.53183890E-005
  0.53183866E-005
  0.53183836E-005
  0.53183800E-005
  0.53183759E-005
  0.53183714E-005
  0.53183665E-005
  0.53183613E-005
  0.53183559E-005
  0.53183503E-005
  0.53183446E-005
  0.53183389E-005
  0.53183331E-005
  0.53183274E-005
  0.53183217E-005
  0.53183160E-005
  0.53183105E-005
  0.53183052E-005
  0.53182999E-005
  0.53182949E-005
  0.53182901E-005
  0.53182854E-005
  0.53182810E-005
  0.53182768E-005
  0.53182728E-005
  0.53182691E-005
  0.53182656E-005
  0.53182623E-005
  0.53182593E-005
  0.53182565E-005
  0.53182539E-005
  0.53182515E-005
  0.53182493E-005
  0.53182474E-005
  0.53182456E-005
  0.53182440E-005
  0.53182426E-005
  0.53182413E-005
  0.53182402E-005
  0.53182393E-005
  0.53182384E-005
  0.53182377E-005
  0.53182371E-005
  0.53182366E-005
  0.53182361E-005
  0.53182358E-005
  0.53182355E-005
  0.53182352E-005
  0.53182350E-005
  0.53182349E-005
  0.53182347E-005
  0.53182346E-005
  0.53182345E-005
  0.53182344E-005
  0.53182342E-005
  0.53182341E-005
  0.53182340E-005
  0.53182338E-005
  0.53182336E-005
  0.53182334E-005
  0.53182332E-005
  0.53182329E-005
  0.53182326E-005
  0.53182323E-005
  0.53182319E-005
  0.53182314E-005
  0.53182310E-005
