  0.46626308E-001
  0.46588647E-001
  0.46566993E-001
  0.46554968E-001
  0.46548459E-001
  0.46545009E-001
  0.46543203E-001
  0.46542246E-001
  0.46541699E-001
  0.46541326E-001
  0.46541004E-001
  0.46540672E-001
  0.46540302E-001
  0.46539885E-001
  0.46539423E-001
  0.46538920E-001
  0.46538382E-001
  0.46537817E-001
  0.46537229E-001
  0.46536627E-001
  0.46536014E-001
  0.46535396E-001
  0.46534777E-001
  0.46534160E-001
  0.46533549E-001
  0.46532946E-001
  0.46532355E-001
  0.46531778E-001
  0.46531217E-001
  0.46530675E-001
  0.46530154E-001
  0.46529657E-001
  0.46529185E-001
  0.46528742E-001
  0.46528330E-001
  0.46527952E-001
  0.46527611E-001
  0.46527309E-001
  0.46527051E-001
  0.46526839E-001
  0.46526676E-001
  0.46526568E-001
  0.46526516E-001
  0.46526526E-001
  0.46526600E-001
  0.46526743E-001
  0.46526959E-001
  0.46527251E-001
  0.46527623E-001
  0.46528079E-001
  0.46528622E-001
  0.46529255E-001
  0.46529979E-001
  0.46530799E-001
  0.46531714E-001
  0.46532727E-001
  0.46533838E-001
  0.46535048E-001
  0.46536355E-001
  0.46537758E-001
  0.46539256E-001
  0.46540847E-001
  0.46542527E-001
  0.46544293E-001
  0.46546140E-001
  0.46548065E-001
  0.46550061E-001
  0.46552123E-001
  0.46554244E-001
  0.46556420E-001
  0.46558641E-001
  0.46560903E-001
  0.46563197E-001
  0.46565517E-001
  0.46567854E-001
  0.46570202E-001
  0.46572553E-001
  0.46574901E-001
  0.46577237E-001
  0.46579556E-001
  0.46581851E-001
  0.46584116E-001
  0.46586345E-001
  0.46588532E-001
  0.46590673E-001
  0.46592763E-001
  0.46594797E-001
  0.46596773E-001
  0.46598687E-001
  0.46600536E-001
  0.46602318E-001
  0.46604031E-001
  0.46605675E-001
  0.46607248E-001
  0.46608749E-001
  0.46610179E-001
  0.46611538E-001
  0.46612826E-001
  0.46614045E-001
  0.46615195E-001
  0.46616277E-001
  0.46617295E-001
  0.46618248E-001
  0.46619140E-001
  0.46619972E-001
  0.46620746E-001
  0.46621465E-001
  0.46622130E-001
  0.46622745E-001
  0.46623311E-001
  0.46623831E-001
  0.46624307E-001
  0.46624741E-001
  0.46625136E-001
  0.46625494E-001
  0.46625817E-001
  0.46626107E-001
  0.46626366E-001
  0.46626597E-001
  0.46626800E-001
  0.46626978E-001
  0.46627133E-001
  0.46627266E-001
  0.46627380E-001
  0.46627474E-001
  0.46627552E-001
  0.46627614E-001
  0.46627662E-001
  0.46627697E-001
  0.46627719E-001
  0.46627732E-001
  0.46627734E-001
  0.46627728E-001
  0.46627714E-001
  0.46627694E-001
  0.46627667E-001
  0.46627636E-001
  0.46627600E-001
  0.46627560E-001
  0.46627517E-001
  0.46627472E-001
  0.46627424E-001
  0.46627376E-001
  0.46627326E-001
  0.46627275E-001
  0.46627225E-001
  0.46627174E-001
  0.46627124E-001
  0.46627075E-001
  0.46627027E-001
  0.46626980E-001
  0.46626934E-001
  0.46626890E-001
  0.46626847E-001
  0.46626807E-001
  0.46626768E-001
  0.46626731E-001
  0.46626696E-001
  0.46626663E-001
  0.46626633E-001
  0.46626604E-001
  0.46626577E-001
  0.46626553E-001
  0.46626530E-001
  0.46626509E-001
  0.46626490E-001
  0.46626473E-001
  0.46626457E-001
  0.46626443E-001
  0.46626431E-001
  0.46626420E-001
  0.46626410E-001
  0.46626402E-001
  0.46626394E-001
  0.46626388E-001
  0.46626383E-001
  0.46626378E-001
  0.46626374E-001
  0.46626371E-001
  0.46626369E-001
  0.46626366E-001
  0.46626365E-001
  0.46626363E-001
  0.46626362E-001
  0.46626361E-001
  0.46626360E-001
  0.46626359E-001
  0.46626358E-001
  0.46626357E-001
  0.46626355E-001
  0.46626354E-001
  0.46626353E-001
  0.46626351E-001
  0.46626349E-001
  0.46626346E-001
  0.46626344E-001
  0.46626341E-001
  0.46626337E-001
  0.46626333E-001
  0.46626329E-001
