  0.13124710E+000
  0.13123057E+000
  0.13121636E+000
  0.13120395E+000
  0.13119299E+000
  0.13118320E+000
  0.13117439E+000
  0.13116639E+000
  0.13115908E+000
  0.13115234E+000
  0.13114608E+000
  0.13114025E+000
  0.13113478E+000
  0.13112962E+000
  0.13112473E+000
  0.13112008E+000
  0.13111563E+000
  0.13111137E+000
  0.13110726E+000
  0.13110331E+000
  0.13109948E+000
  0.13109578E+000
  0.13109218E+000
  0.13108868E+000
  0.13108528E+000
  0.13108197E+000
  0.13107874E+000
  0.13107560E+000
  0.13107254E+000
  0.13106957E+000
  0.13106668E+000
  0.13106388E+000
  0.13106117E+000
  0.13105856E+000
  0.13105604E+000
  0.13105363E+000
  0.13105134E+000
  0.13104916E+000
  0.13104711E+000
  0.13104520E+000
  0.13104343E+000
  0.13104181E+000
  0.13104035E+000
  0.13103907E+000
  0.13103797E+000
  0.13103705E+000
  0.13103633E+000
  0.13103582E+000
  0.13103553E+000
  0.13103546E+000
  0.13103561E+000
  0.13103600E+000
  0.13103663E+000
  0.13103751E+000
  0.13103864E+000
  0.13104001E+000
  0.13104164E+000
  0.13104352E+000
  0.13104565E+000
  0.13104802E+000
  0.13105064E+000
  0.13105350E+000
  0.13105658E+000
  0.13105989E+000
  0.13106341E+000
  0.13106714E+000
  0.13107105E+000
  0.13107515E+000
  0.13107941E+000
  0.13108382E+000
  0.13108836E+000
  0.13109303E+000
  0.13109781E+000
  0.13110267E+000
  0.13110760E+000
  0.13111259E+000
  0.13111762E+000
  0.13112268E+000
  0.13112774E+000
  0.13113279E+000
  0.13113782E+000
  0.13114282E+000
  0.13114776E+000
  0.13115264E+000
  0.13115745E+000
  0.13116217E+000
  0.13116679E+000
  0.13117130E+000
  0.13117570E+000
  0.13117998E+000
  0.13118413E+000
  0.13118815E+000
  0.13119202E+000
  0.13119576E+000
  0.13119935E+000
  0.13120279E+000
  0.13120609E+000
  0.13120923E+000
  0.13121223E+000
  0.13121509E+000
  0.13121779E+000
  0.13122035E+000
  0.13122278E+000
  0.13122506E+000
  0.13122721E+000
  0.13122923E+000
  0.13123112E+000
  0.13123288E+000
  0.13123453E+000
  0.13123607E+000
  0.13123749E+000
  0.13123881E+000
  0.13124002E+000
  0.13124114E+000
  0.13124217E+000
  0.13124311E+000
  0.13124397E+000
  0.13124475E+000
  0.13124546E+000
  0.13124609E+000
  0.13124666E+000
  0.13124717E+000
  0.13124763E+000
  0.13124802E+000
  0.13124837E+000
  0.13124867E+000
  0.13124893E+000
  0.13124915E+000
  0.13124933E+000
  0.13124947E+000
  0.13124959E+000
  0.13124968E+000
  0.13124974E+000
  0.13124978E+000
  0.13124980E+000
  0.13124980E+000
  0.13124978E+000
  0.13124975E+000
  0.13124970E+000
  0.13124964E+000
  0.13124958E+000
  0.13124950E+000
  0.13124942E+000
  0.13124933E+000
  0.13124924E+000
  0.13124915E+000
  0.13124905E+000
  0.13124896E+000
  0.13124886E+000
  0.13124876E+000
  0.13124866E+000
  0.13124857E+000
  0.13124847E+000
  0.13124838E+000
  0.13124829E+000
  0.13124821E+000
  0.13124813E+000
  0.13124805E+000
  0.13124797E+000
  0.13124790E+000
  0.13124784E+000
  0.13124777E+000
  0.13124772E+000
  0.13124766E+000
  0.13124761E+000
  0.13124757E+000
  0.13124752E+000
  0.13124748E+000
  0.13124745E+000
  0.13124742E+000
  0.13124739E+000
  0.13124736E+000
  0.13124734E+000
  0.13124732E+000
  0.13124730E+000
  0.13124729E+000
  0.13124727E+000
  0.13124726E+000
  0.13124725E+000
  0.13124725E+000
  0.13124724E+000
  0.13124723E+000
  0.13124723E+000
  0.13124722E+000
  0.13124722E+000
  0.13124722E+000
  0.13124721E+000
  0.13124721E+000
  0.13124721E+000
  0.13124721E+000
  0.13124720E+000
  0.13124720E+000
  0.13124719E+000
  0.13124719E+000
  0.13124719E+000
  0.13124718E+000
  0.13124717E+000
  0.13124717E+000
  0.13124716E+000
  0.13124715E+000
