  0.35729141E+000
  0.35730439E+000
  0.35731713E+000
  0.35733000E+000
  0.35734144E+000
  0.35735154E+000
  0.35736042E+000
  0.35736773E+000
  0.35737407E+000
  0.35737982E+000
  0.35738527E+000
  0.35738931E+000
  0.35739266E+000
  0.35739568E+000
  0.35739820E+000
  0.35740051E+000
  0.35740248E+000
  0.35740303E+000
  0.35740445E+000
  0.35740574E+000
  0.35740731E+000
  0.35740826E+000
  0.35740910E+000
  0.35740968E+000
  0.35741045E+000
  0.35741113E+000
  0.35741169E+000
  0.35741221E+000
  0.35741269E+000
  0.35741315E+000
  0.35741361E+000
  0.35741333E+000
  0.35741372E+000
  0.35741437E+000
  0.35741542E+000
  0.35741578E+000
  0.35741616E+000
  0.35741650E+000
  0.35741684E+000
  0.35741658E+000
  0.35741688E+000
  0.35741724E+000
  0.35741759E+000
  0.35741793E+000
  0.35741822E+000
  0.35741991E+000
  0.35742020E+000
  0.35742046E+000
  0.35742081E+000
  0.35742104E+000
  0.35742132E+000
  0.35742152E+000
  0.35742173E+000
  0.35742204E+000
  0.35742248E+000
  0.35742273E+000
  0.35742279E+000
  0.35742308E+000
  0.35742333E+000
  0.35742350E+000
  0.35742381E+000
  0.35742395E+000
  0.35742422E+000
  0.35742443E+000
  0.35742463E+000
  0.35742463E+000
  0.35742470E+000
  0.35742457E+000
  0.35742448E+000
  0.35742453E+000
  0.35742414E+000
  0.35742397E+000
  0.35742398E+000
  0.35742375E+000
  0.35742360E+000
  0.35742336E+000
  0.35742305E+000
  0.35742302E+000
  0.35742151E+000
  0.35742109E+000
  0.35742064E+000
  0.35742022E+000
  0.35741969E+000
  0.35741916E+000
  0.35741861E+000
  0.35741802E+000
  0.35741739E+000
  0.35741674E+000
  0.35741610E+000
  0.35741539E+000
  0.35741465E+000
  0.35741392E+000
  0.35741317E+000
  0.35741248E+000
  0.35741167E+000
  0.35741079E+000
  0.35740998E+000
  0.35740909E+000
  0.35740819E+000
  0.35740731E+000
  0.35740637E+000
  0.35740541E+000
  0.35740443E+000
  0.35740344E+000
  0.35740236E+000
  0.35740209E+000
  0.35740105E+000
  0.35739998E+000
  0.35739892E+000
  0.35739782E+000
  0.35739670E+000
  0.35739556E+000
  0.35739442E+000
  0.35739327E+000
  0.35739211E+000
  0.35739092E+000
  0.35738971E+000
  0.35738849E+000
  0.35738724E+000
  0.35738599E+000
  0.35738472E+000
  0.35738343E+000
  0.35738212E+000
  0.35738079E+000
  0.35737944E+000
  0.35737808E+000
  0.35737670E+000
  0.35737531E+000
  0.35737389E+000
  0.35737246E+000
  0.35737101E+000
  0.35736955E+000
  0.35736806E+000
  0.35736656E+000
  0.35736504E+000
  0.35736351E+000
  0.35736195E+000
  0.35736039E+000
  0.35735880E+000
  0.35735720E+000
  0.35735559E+000
  0.35735396E+000
  0.35735232E+000
  0.35735065E+000
  0.35734898E+000
  0.35734730E+000
  0.35734560E+000
  0.35734389E+000
  0.35734217E+000
  0.35734044E+000
  0.35733867E+000
  0.35733693E+000
  0.35733517E+000
  0.35733341E+000
  0.35733165E+000
  0.35732987E+000
  0.35732810E+000
  0.35732632E+000
  0.35732454E+000
  0.35732276E+000
  0.35732098E+000
  0.35731920E+000
  0.35731742E+000
  0.35731565E+000
  0.35731388E+000
  0.35731211E+000
  0.35731035E+000
  0.35730860E+000
  0.35730686E+000
  0.35730513E+000
  0.35730341E+000
  0.35730170E+000
  0.35730000E+000
  0.35729832E+000
  0.35729665E+000
  0.35729500E+000
  0.35729336E+000
  0.35729174E+000
  0.35729014E+000
  0.35728855E+000
  0.35728699E+000
  0.35728544E+000
  0.35728392E+000
  0.35728242E+000
  0.35728094E+000
  0.35727948E+000
  0.35727804E+000
  0.35727663E+000
  0.35727525E+000
  0.35727388E+000
  0.35727255E+000
  0.35727123E+000
  0.35726995E+000
  0.35726868E+000
  0.35726745E+000
  0.35726624E+000
  0.35726505E+000
  0.35726389E+000
  0.35726276E+000
  0.35726165E+000
