  0.46299769E+000
  0.46238522E+000
  0.46193262E+000
  0.46158699E+000
  0.46131416E+000
  0.46109933E+000
  0.46092324E+000
  0.46078099E+000
  0.46066306E+000
  0.46056831E+000
  0.46048873E+000
  0.46042199E+000
  0.46036745E+000
  0.46032233E+000
  0.46028496E+000
  0.46025312E+000
  0.46022787E+000
  0.46020446E+000
  0.46018731E+000
  0.46017172E+000
  0.46015944E+000
  0.46014932E+000
  0.46014102E+000
  0.46013444E+000
  0.46012886E+000
  0.46012389E+000
  0.46012025E+000
  0.46011624E+000
  0.46011295E+000
  0.46011033E+000
  0.46010840E+000
  0.46010690E+000
  0.46010557E+000
  0.46010420E+000
  0.46010317E+000
  0.46010227E+000
  0.46010103E+000
  0.46010016E+000
  0.46009940E+000
  0.46009828E+000
  0.46009730E+000
  0.46009597E+000
  0.46009485E+000
  0.46009379E+000
  0.46009260E+000
  0.46009181E+000
  0.46009069E+000
  0.46008931E+000
  0.46008819E+000
  0.46008694E+000
  0.46008587E+000
  0.46008463E+000
  0.46008333E+000
  0.46008207E+000
  0.46008086E+000
  0.46007931E+000
  0.46007813E+000
  0.46007639E+000
  0.46007469E+000
  0.46007331E+000
  0.46007199E+000
  0.46007033E+000
  0.46006875E+000
  0.46006750E+000
  0.46006522E+000
  0.46006362E+000
  0.46006219E+000
  0.46006065E+000
  0.46005917E+000
  0.46005774E+000
  0.46005620E+000
  0.46005484E+000
  0.46005251E+000
  0.46005089E+000
  0.46004937E+000
  0.46004776E+000
  0.46004644E+000
  0.46004498E+000
  0.46004367E+000
  0.46004239E+000
  0.46004106E+000
  0.46003962E+000
  0.46003843E+000
  0.46003700E+000
  0.46003536E+000
  0.46003408E+000
  0.46003283E+000
  0.46003148E+000
  0.46003012E+000
  0.46002894E+000
  0.46002770E+000
  0.46002651E+000
  0.46002542E+000
  0.46002438E+000
  0.46002317E+000
  0.46002212E+000
  0.46002095E+000
  0.46001990E+000
  0.46001866E+000
  0.46001769E+000
  0.46001663E+000
  0.46001552E+000
  0.46001429E+000
  0.46001331E+000
  0.46001232E+000
  0.46001135E+000
  0.46001032E+000
  0.46000933E+000
  0.46000837E+000
  0.46000742E+000
  0.46000643E+000
  0.46000536E+000
  0.46000431E+000
  0.46000332E+000
  0.46000236E+000
  0.46000136E+000
  0.46000034E+000
  0.45999932E+000
  0.45999830E+000
  0.45999727E+000
  0.45999623E+000
  0.45999516E+000
  0.45999410E+000
  0.45999301E+000
  0.45999193E+000
  0.45999083E+000
  0.45998971E+000
  0.45998857E+000
  0.45998742E+000
  0.45998626E+000
  0.45998508E+000
  0.45998389E+000
  0.45998269E+000
  0.45998147E+000
  0.45998022E+000
  0.45997896E+000
  0.45997769E+000
  0.45997640E+000
  0.45997511E+000
  0.45997379E+000
  0.45997245E+000
  0.45997109E+000
  0.45996975E+000
  0.45996837E+000
  0.45996697E+000
  0.45996557E+000
  0.45996415E+000
  0.45996272E+000
  0.45996129E+000
  0.45995984E+000
  0.45995838E+000
  0.45995692E+000
  0.45995545E+000
  0.45995397E+000
  0.45995249E+000
  0.45995103E+000
  0.45994954E+000
  0.45994804E+000
  0.45994654E+000
  0.45994505E+000
  0.45994355E+000
  0.45994206E+000
  0.45994055E+000
  0.45993907E+000
  0.45993758E+000
  0.45993611E+000
  0.45993463E+000
  0.45993317E+000
  0.45993171E+000
  0.45993027E+000
  0.45992883E+000
  0.45992739E+000
  0.45992599E+000
  0.45992459E+000
  0.45992320E+000
  0.45992183E+000
  0.45992047E+000
  0.45991913E+000
  0.45991780E+000
  0.45991649E+000
  0.45991520E+000
  0.45991393E+000
  0.45991267E+000
  0.45991144E+000
  0.45991022E+000
  0.45990902E+000
  0.45990785E+000
  0.45990669E+000
  0.45990556E+000
  0.45990444E+000
  0.45990335E+000
  0.45990228E+000
  0.45990123E+000
  0.45990021E+000
  0.45989920E+000
  0.45989822E+000
  0.45989726E+000
  0.45989632E+000
  0.45989541E+000
  0.45989450E+000
