  0.88682554E+000
  0.88682939E+000
  0.88683224E+000
  0.88683439E+000
  0.88683604E+000
  0.88683732E+000
  0.88683830E+000
  0.88683907E+000
  0.88683965E+000
  0.88684009E+000
  0.88684042E+000
  0.88684065E+000
  0.88684080E+000
  0.88684090E+000
  0.88684094E+000
  0.88684093E+000
  0.88684089E+000
  0.88684082E+000
  0.88684073E+000
  0.88684061E+000
  0.88684047E+000
  0.88684032E+000
  0.88684016E+000
  0.88683998E+000
  0.88683980E+000
  0.88683960E+000
  0.88683940E+000
  0.88683919E+000
  0.88683897E+000
  0.88683874E+000
  0.88683851E+000
  0.88683827E+000
  0.88683803E+000
  0.88683778E+000
  0.88683752E+000
  0.88683726E+000
  0.88683699E+000
  0.88683671E+000
  0.88683643E+000
  0.88683614E+000
  0.88683585E+000
  0.88683554E+000
  0.88683523E+000
  0.88683492E+000
  0.88683460E+000
  0.88683427E+000
  0.88683393E+000
  0.88683359E+000
  0.88683324E+000
  0.88683289E+000
  0.88683253E+000
  0.88683216E+000
  0.88683180E+000
  0.88683142E+000
  0.88683105E+000
  0.88683067E+000
  0.88683029E+000
  0.88682991E+000
  0.88682953E+000
  0.88682915E+000
  0.88682877E+000
  0.88682840E+000
  0.88682803E+000
  0.88682766E+000
  0.88682731E+000
  0.88682696E+000
  0.88682662E+000
  0.88682630E+000
  0.88682598E+000
  0.88682569E+000
  0.88682540E+000
  0.88682514E+000
  0.88682490E+000
  0.88682468E+000
  0.88682448E+000
  0.88682430E+000
  0.88682415E+000
  0.88682403E+000
  0.88682394E+000
  0.88682388E+000
  0.88682384E+000
  0.88682384E+000
  0.88682388E+000
  0.88682394E+000
  0.88682404E+000
  0.88682418E+000
  0.88682435E+000
  0.88682455E+000
  0.88682479E+000
  0.88682507E+000
  0.88682538E+000
  0.88682573E+000
  0.88682610E+000
  0.88682652E+000
  0.88682696E+000
  0.88682743E+000
  0.88682794E+000
  0.88682847E+000
  0.88682903E+000
  0.88682962E+000
  0.88683023E+000
  0.88683086E+000
  0.88683151E+000
  0.88683218E+000
  0.88683287E+000
  0.88683358E+000
  0.88683430E+000
  0.88683503E+000
  0.88683577E+000
  0.88683651E+000
  0.88683727E+000
  0.88683802E+000
  0.88683878E+000
  0.88683954E+000
  0.88684030E+000
  0.88684105E+000
  0.88684180E+000
  0.88684254E+000
  0.88684327E+000
  0.88684399E+000
  0.88684470E+000
  0.88684540E+000
  0.88684608E+000
  0.88684674E+000
  0.88684739E+000
  0.88684801E+000
  0.88684862E+000
  0.88684920E+000
  0.88684977E+000
  0.88685030E+000
  0.88685082E+000
  0.88685131E+000
  0.88685177E+000
  0.88685220E+000
  0.88685261E+000
  0.88685299E+000
  0.88685334E+000
  0.88685366E+000
  0.88685395E+000
  0.88685421E+000
  0.88685444E+000
  0.88685465E+000
  0.88685482E+000
  0.88685496E+000
  0.88685507E+000
  0.88685516E+000
  0.88685521E+000
  0.88685524E+000
  0.88685524E+000
  0.88685521E+000
  0.88685515E+000
  0.88685507E+000
  0.88685496E+000
  0.88685483E+000
  0.88685467E+000
  0.88685448E+000
  0.88685428E+000
  0.88685405E+000
  0.88685380E+000
  0.88685354E+000
  0.88685325E+000
  0.88685294E+000
  0.88685262E+000
  0.88685228E+000
  0.88685193E+000
  0.88685156E+000
  0.88685118E+000
  0.88685079E+000
  0.88685038E+000
  0.88684997E+000
  0.88684955E+000
  0.88684911E+000
  0.88684867E+000
  0.88684823E+000
  0.88684778E+000
  0.88684732E+000
  0.88684686E+000
  0.88684639E+000
  0.88684593E+000
  0.88684546E+000
  0.88684499E+000
  0.88684452E+000
  0.88684406E+000
  0.88684359E+000
  0.88684312E+000
  0.88684266E+000
  0.88684220E+000
  0.88684175E+000
  0.88684129E+000
  0.88684084E+000
  0.88684040E+000
  0.88683996E+000
  0.88683953E+000
  0.88683910E+000
  0.88683868E+000
  0.88683827E+000
  0.88683786E+000
  0.88683746E+000
  0.88683706E+000
  0.88683667E+000
