  0.86193873E+000
  0.86197453E+000
  0.86199066E+000
  0.86199718E+000
  0.86199873E+000
  0.86199771E+000
  0.86199538E+000
  0.86199246E+000
  0.86198934E+000
  0.86198623E+000
  0.86198327E+000
  0.86198050E+000
  0.86197797E+000
  0.86197566E+000
  0.86197359E+000
  0.86197174E+000
  0.86197009E+000
  0.86196862E+000
  0.86196733E+000
  0.86196619E+000
  0.86196519E+000
  0.86196431E+000
  0.86196355E+000
  0.86196288E+000
  0.86196231E+000
  0.86196181E+000
  0.86196138E+000
  0.86196102E+000
  0.86196072E+000
  0.86196046E+000
  0.86196025E+000
  0.86196008E+000
  0.86195994E+000
  0.86195984E+000
  0.86195976E+000
  0.86195971E+000
  0.86195968E+000
  0.86195967E+000
  0.86195967E+000
  0.86195970E+000
  0.86195974E+000
  0.86195979E+000
  0.86195986E+000
  0.86195994E+000
  0.86196004E+000
  0.86196014E+000
  0.86196026E+000
  0.86196039E+000
  0.86196053E+000
  0.86196068E+000
  0.86196085E+000
  0.86196103E+000
  0.86196122E+000
  0.86196142E+000
  0.86196164E+000
  0.86196187E+000
  0.86196210E+000
  0.86196235E+000
  0.86196260E+000
  0.86196285E+000
  0.86196312E+000
  0.86196338E+000
  0.86196365E+000
  0.86196392E+000
  0.86196419E+000
  0.86196445E+000
  0.86196471E+000
  0.86196495E+000
  0.86196518E+000
  0.86196539E+000
  0.86196558E+000
  0.86196574E+000
  0.86196587E+000
  0.86196597E+000
  0.86196603E+000
  0.86196605E+000
  0.86196603E+000
  0.86196597E+000
  0.86196586E+000
  0.86196570E+000
  0.86196550E+000
  0.86196525E+000
  0.86196496E+000
  0.86196462E+000
  0.86196423E+000
  0.86196380E+000
  0.86196334E+000
  0.86196283E+000
  0.86196230E+000
  0.86196173E+000
  0.86196114E+000
  0.86196052E+000
  0.86195989E+000
  0.86195924E+000
  0.86195858E+000
  0.86195790E+000
  0.86195723E+000
  0.86195655E+000
  0.86195587E+000
  0.86195520E+000
  0.86195453E+000
  0.86195387E+000
  0.86195323E+000
  0.86195259E+000
  0.86195197E+000
  0.86195137E+000
  0.86195078E+000
  0.86195021E+000
  0.86194965E+000
  0.86194912E+000
  0.86194860E+000
  0.86194810E+000
  0.86194762E+000
  0.86194716E+000
  0.86194671E+000
  0.86194629E+000
  0.86194588E+000
  0.86194548E+000
  0.86194511E+000
  0.86194474E+000
  0.86194440E+000
  0.86194406E+000
  0.86194375E+000
  0.86194344E+000
  0.86194315E+000
  0.86194286E+000
  0.86194259E+000
  0.86194233E+000
  0.86194208E+000
  0.86194185E+000
  0.86194162E+000
  0.86194140E+000
  0.86194118E+000
  0.86194098E+000
  0.86194078E+000
  0.86194060E+000
  0.86194042E+000
  0.86194024E+000
  0.86194008E+000
  0.86193992E+000
  0.86193976E+000
  0.86193962E+000
  0.86193948E+000
  0.86193934E+000
  0.86193921E+000
  0.86193909E+000
  0.86193897E+000
  0.86193886E+000
  0.86193875E+000
  0.86193865E+000
  0.86193856E+000
  0.86193847E+000
  0.86193838E+000
  0.86193830E+000
  0.86193822E+000
  0.86193815E+000
  0.86193808E+000
  0.86193802E+000
  0.86193796E+000
  0.86193790E+000
  0.86193785E+000
  0.86193780E+000
  0.86193776E+000
  0.86193772E+000
  0.86193768E+000
  0.86193765E+000
  0.86193762E+000
  0.86193760E+000
  0.86193757E+000
  0.86193755E+000
  0.86193753E+000
  0.86193752E+000
  0.86193751E+000
  0.86193750E+000
  0.86193749E+000
  0.86193749E+000
  0.86193748E+000
  0.86193748E+000
  0.86193748E+000
  0.86193749E+000
  0.86193749E+000
  0.86193750E+000
  0.86193750E+000
  0.86193751E+000
  0.86193752E+000
  0.86193754E+000
  0.86193755E+000
  0.86193756E+000
  0.86193758E+000
  0.86193759E+000
  0.86193761E+000
  0.86193763E+000
  0.86193765E+000
  0.86193767E+000
  0.86193769E+000
  0.86193771E+000
  0.86193773E+000
  0.86193775E+000
  0.86193777E+000
  0.86193779E+000
