 -0.93136838E+000 -0.83200798E+000 -0.54954850E+000 -0.18462065E+000 -0.52196989E-002  0.96542082E-003  0.91442160E+000  0.45470511E+001  0.88191833E+001  0.15860427E+002  0.21714189E+002
 -0.93137572E+000 -0.83201867E+000 -0.54957098E+000 -0.18465902E+000 -0.52322357E-002  0.95694989E-003  0.91409852E+000  0.45469431E+001  0.88190032E+001  0.15859922E+002  0.21713662E+002
 -0.93138099E+000 -0.83202701E+000 -0.54958912E+000 -0.18468755E+000 -0.52301477E-002  0.95579292E-003  0.91389418E+000  0.45468702E+001  0.88188496E+001  0.15859503E+002  0.21713192E+002
 -0.93138474E+000 -0.83203339E+000 -0.54960354E+000 -0.18470839E+000 -0.52266466E-002  0.95660720E-003  0.91376999E+000  0.45468314E+001  0.88187232E+001  0.15859145E+002  0.21712767E+002
 -0.93138735E+000 -0.83203815E+000 -0.54961477E+000 -0.18472333E+000 -0.52235860E-002  0.95783820E-003  0.91370125E+000  0.45468195E+001  0.88186262E+001  0.15858832E+002  0.21712381E+002
 -0.93138910E+000 -0.83204157E+000 -0.54962336E+000 -0.18473376E+000 -0.52211403E-002  0.95903755E-003  0.91367094E+000  0.45468246E+001  0.88185608E+001  0.15858551E+002  0.21712025E+002
 -0.93139021E+000 -0.83204390E+000 -0.54962976E+000 -0.18474077E+000 -0.52192327E-002  0.96008431E-003  0.91366680E+000  0.45468381E+001  0.88185271E+001  0.15858296E+002  0.21711695E+002
 -0.93139086E+000 -0.83204536E+000 -0.54963439E+000 -0.18474518E+000 -0.52177624E-002  0.96096262E-003  0.91368001E+000  0.45468538E+001  0.88185229E+001  0.15858062E+002  0.21711387E+002
 -0.93139118E+000 -0.83204615E+000 -0.54963758E+000 -0.18474762E+000 -0.52166415E-002  0.96168834E-003  0.91370423E+000  0.45468680E+001  0.88185434E+001  0.15857846E+002  0.21711097E+002
 -0.93139126E+000 -0.83204644E+000 -0.54963962E+000 -0.18474856E+000 -0.52157978E-002  0.96228463E-003  0.91373492E+000  0.45468790E+001  0.88185826E+001  0.15857647E+002  0.21710822E+002
 -0.93139119E+000 -0.83204635E+000 -0.54964075E+000 -0.18474839E+000 -0.52151736E-002  0.96277337E-003  0.91376887E+000  0.45468863E+001  0.88186335E+001  0.15857466E+002  0.21710560E+002
 -0.93139100E+000 -0.83204599E+000 -0.54964117E+000 -0.18474738E+000 -0.52147214E-002  0.96317451E-003  0.91380388E+000  0.45468900E+001  0.88186897E+001  0.15857302E+002  0.21710309E+002
 -0.93139074E+000 -0.83204545E+000 -0.54964103E+000 -0.18474574E+000 -0.52144056E-002  0.96350327E-003  0.91383842E+000  0.45468904E+001  0.88187459E+001  0.15857156E+002  0.21710068E+002
 -0.93139045E+000 -0.83204480E+000 -0.54964047E+000 -0.18474365E+000 -0.52141964E-002  0.96377296E-003  0.91387149E+000  0.45468879E+001  0.88187976E+001  0.15857031E+002  0.21709834E+002
 -0.93139014E+000 -0.83204408E+000 -0.54963959E+000 -0.18474123E+000 -0.52140710E-002  0.96399390E-003  0.91390248E+000  0.45468830E+001  0.88188418E+001  0.15856926E+002  0.21709608E+002
 -0.93138982E+000 -0.83204333E+000 -0.54963847E+000 -0.18473858E+000 -0.52140108E-002  0.96417492E-003  0.91393102E+000  0.45468760E+001  0.88188767E+001  0.15856842E+002  0.21709387E+002
 -0.93138951E+000 -0.83204258E+000 -0.54963719E+000 -0.18473577E+000 -0.52140013E-002  0.96432299E-003  0.91395693E+000  0.45468671E+001  0.88189015E+001  0.15856780E+002  0.21709171E+002
 -0.93138921E+000 -0.83204184E+000 -0.54963580E+000 -0.18473288E+000 -0.52140308E-002  0.96444401E-003  0.91398017E+000  0.45468566E+001  0.88189158E+001  0.15856737E+002  0.21708959E+002
 -0.93138892E+000 -0.83204113E+000 -0.54963433E+000 -0.18472993E+000 -0.52140910E-002  0.96454250E-003  0.91400080E+000  0.45468445E+001  0.88189201E+001  0.15856715E+002  0.21708750E+002
 -0.93138865E+000 -0.83204046E+000 -0.54963283E+000 -0.18472697E+000 -0.52141742E-002  0.96462254E-003  0.91401891E+000  0.45468310E+001  0.88189150E+001  0.15856710E+002  0.21708545E+002
 -0.93138839E+000 -0.83203983E+000 -0.54963132E+000 -0.18472403E+000 -0.52142755E-002  0.96468722E-003  0.91403465E+000  0.45468162E+001  0.88189013E+001  0.15856721E+002  0.21708342E+002
 -0.93138815E+000 -0.83203924E+000 -0.54962981E+000 -0.18472111E+000 -0.52143904E-002  0.96473923E-003  0.91404817E+000  0.45468000E+001  0.88188798E+001  0.15856745E+002  0.21708140E+002
 -0.93138792E+000 -0.83203869E+000 -0.54962832E+000 -0.18471825E+000 -0.52145156E-002  0.96478089E-003  0.91405966E+000  0.45467826E+001  0.88188514E+001  0.15856780E+002  0.21707941E+002
 -0.93138770E+000 -0.83203818E+000 -0.54962687E+000 -0.18471543E+000 -0.52146488E-002  0.96481394E-003  0.91406930E+000  0.45467639E+001  0.88188171E+001  0.15856821E+002  0.21707743E+002
 -0.93138750E+000 -0.83203771E+000 -0.54962545E+000 -0.18471268E+000 -0.52147882E-002  0.96483992E-003  0.91407724E+000  0.45467441E+001  0.88187775E+001  0.15856866E+002  0.21707546E+002
 -0.93138730E+000 -0.83203726E+000 -0.54962408E+000 -0.18471000E+000 -0.52149324E-002  0.96486010E-003  0.91408366E+000  0.45467230E+001  0.88187333E+001  0.15856911E+002  0.21707350E+002
 -0.93138711E+000 -0.83203685E+000 -0.54962274E+000 -0.18470739E+000 -0.52150804E-002  0.96487552E-003  0.91408871E+000  0.45467008E+001  0.88186852E+001  0.15856954E+002  0.21707155E+002
 -0.93138692E+000 -0.83203646E+000 -0.54962144E+000 -0.18470484E+000 -0.52152318E-002  0.96488704E-003  0.91409253E+000  0.45466776E+001  0.88186337E+001  0.15856991E+002  0.21706961E+002
 -0.93138673E+000 -0.83203609E+000 -0.54962018E+000 -0.18470236E+000 -0.52153859E-002  0.96489540E-003  0.91409527E+000  0.45466532E+001  0.88185793E+001  0.15857020E+002  0.21706768E+002
 -0.93138655E+000 -0.83203574E+000 -0.54961895E+000 -0.18469993E+000 -0.52155427E-002  0.96490118E-003  0.91409703E+000  0.45466279E+001  0.88185223E+001  0.15857040E+002  0.21706576E+002
 -0.93138637E+000 -0.83203539E+000 -0.54961774E+000 -0.18469757E+000 -0.52157021E-002  0.96490488E-003  0.91409792E+000  0.45466016E+001  0.88184632E+001  0.15857047E+002  0.21706385E+002
 -0.93138618E+000 -0.83203505E+000 -0.54961656E+000 -0.18469526E+000 -0.52158640E-002  0.96490691E-003  0.91409805E+000  0.45465744E+001  0.88184022E+001  0.15857041E+002  0.21706196E+002
 -0.93138599E+000 -0.83203471E+000 -0.54961538E+000 -0.18469300E+000 -0.52160286E-002  0.96490759E-003  0.91409750E+000  0.45465462E+001  0.88183397E+001  0.15857021E+002  0.21706009E+002
 -0.93138580E+000 -0.83203437E+000 -0.54961421E+000 -0.18469078E+000 -0.52161960E-002  0.96490718E-003  0.91409634E+000  0.45465173E+001  0.88182758E+001  0.15856987E+002  0.21705824E+002
 -0.93138560E+000 -0.83203403E+000 -0.54961304E+000 -0.18468860E+000 -0.52163663E-002  0.96490590E-003  0.91409464E+000  0.45464875E+001  0.88182109E+001  0.15856938E+002  0.21705641E+002
 -0.93138539E+000 -0.83203367E+000 -0.54961186E+000 -0.18468644E+000 -0.52165398E-002  0.96490394E-003  0.91409247E+000  0.45464570E+001  0.88181452E+001  0.15856875E+002  0.21705462E+002
 -0.93138517E+000 -0.83203330E+000 -0.54961066E+000 -0.18468431E+000 -0.52167166E-002  0.96490141E-003  0.91408988E+000  0.45464257E+001  0.88180787E+001  0.15856799E+002  0.21705286E+002
 -0.93138495E+000 -0.83203291E+000 -0.54960944E+000 -0.18468218E+000 -0.52168968E-002  0.96489843E-003  0.91408691E+000  0.45463938E+001  0.88180117E+001  0.15856711E+002  0.21705114E+002
 -0.93138471E+000 -0.83203251E+000 -0.54960818E+000 -0.18468007E+000 -0.52170807E-002  0.96489507E-003  0.91408361E+000  0.45463613E+001  0.88179444E+001  0.15856611E+002  0.21704947E+002
 -0.93138445E+000 -0.83203208E+000 -0.54960689E+000 -0.18467795E+000 -0.52172683E-002  0.96489140E-003  0.91408000E+000  0.45463282E+001  0.88178768E+001  0.15856501E+002  0.21704786E+002
 -0.93138419E+000 -0.83203163E+000 -0.54960555E+000 -0.18467583E+000 -0.52174596E-002  0.96488745E-003  0.91407613E+000  0.45462945E+001  0.88178092E+001  0.15856383E+002  0.21704630E+002
 -0.93138391E+000 -0.83203115E+000 -0.54960416E+000 -0.18467369E+000 -0.52176549E-002  0.96488327E-003  0.91407202E+000  0.45462604E+001  0.88177416E+001  0.15856259E+002  0.21704482E+002
 -0.93138361E+000 -0.83203064E+000 -0.54960271E+000 -0.18467154E+000 -0.52178541E-002  0.96487886E-003  0.91406769E+000  0.45462257E+001  0.88176742E+001  0.15856128E+002  0.21704340E+002
 -0.93138330E+000 -0.83203010E+000 -0.54960121E+000 -0.18466937E+000 -0.52180572E-002  0.96487425E-003  0.91406317E+000  0.45461907E+001  0.88176070E+001  0.15855994E+002  0.21704207E+002
 -0.93138297E+000 -0.83202953E+000 -0.54959964E+000 -0.18466717E+000 -0.52182642E-002  0.96486944E-003  0.91405848E+000  0.45461553E+001  0.88175403E+001  0.15855857E+002  0.21704083E+002
 -0.93138262E+000 -0.83202892E+000 -0.54959801E+000 -0.18466494E+000 -0.52184750E-002  0.96486443E-003  0.91405363E+000  0.45461196E+001  0.88174741E+001  0.15855719E+002  0.21703968E+002
 -0.93138226E+000 -0.83202828E+000 -0.54959631E+000 -0.18466268E+000 -0.52186896E-002  0.96485921E-003  0.91404864E+000  0.45460837E+001  0.88174086E+001  0.15855582E+002  0.21703863E+002
 -0.93138187E+000 -0.83202761E+000 -0.54959454E+000 -0.18466039E+000 -0.52189078E-002  0.96485380E-003  0.91404353E+000  0.45460475E+001  0.88173438E+001  0.15855445E+002  0.21703768E+002
 -0.93138147E+000 -0.83202690E+000 -0.54959271E+000 -0.18465806E+000 -0.52191295E-002  0.96484818E-003  0.91403831E+000  0.45460112E+001  0.88172798E+001  0.15855312E+002  0.21703685E+002
 -0.93138105E+000 -0.83202616E+000 -0.54959080E+000 -0.18465569E+000 -0.52193546E-002  0.96484236E-003  0.91403298E+000  0.45459749E+001  0.88172169E+001  0.15855182E+002  0.21703614E+002
 -0.93138061E+000 -0.83202537E+000 -0.54958882E+000 -0.18465330E+000 -0.52195828E-002  0.96483633E-003  0.91402757E+000  0.45459385E+001  0.88171552E+001  0.15855057E+002  0.21703556E+002
 -0.93138014E+000 -0.83202456E+000 -0.54958678E+000 -0.18465087E+000 -0.52198140E-002  0.96483009E-003  0.91402209E+000  0.45459022E+001  0.88170948E+001  0.15854938E+002  0.21703510E+002
 -0.93137966E+000 -0.83202371E+000 -0.54958467E+000 -0.18464840E+000 -0.52200479E-002  0.96482365E-003  0.91401654E+000  0.45458661E+001  0.88170359E+001  0.15854825E+002  0.21703478E+002
 -0.93137916E+000 -0.83202282E+000 -0.54958250E+000 -0.18464591E+000 -0.52202842E-002  0.96481700E-003  0.91401095E+000  0.45458302E+001  0.88169786E+001  0.15854720E+002  0.21703459E+002
 -0.93137865E+000 -0.83202191E+000 -0.54958027E+000 -0.18464339E+000 -0.52205229E-002  0.96481014E-003  0.91400532E+000  0.45457946E+001  0.88169232E+001  0.15854623E+002  0.21703454E+002
 -0.93137811E+000 -0.83202096E+000 -0.54957798E+000 -0.18464085E+000 -0.52207634E-002  0.96480309E-003  0.91399966E+000  0.45457596E+001  0.88168699E+001  0.15854535E+002  0.21703464E+002
 -0.93137756E+000 -0.83201998E+000 -0.54957564E+000 -0.18463828E+000 -0.52209026E-002  0.96480786E-003  0.91399400E+000  0.45457250E+001  0.88168189E+001  0.15854457E+002  0.21703489E+002
 -0.93137699E+000 -0.83201898E+000 -0.54957325E+000 -0.18463570E+000 -0.52209562E-002  0.96482225E-003  0.91398835E+000  0.45456912E+001  0.88167704E+001  0.15854389E+002  0.21703528E+002
 -0.93137641E+000 -0.83201794E+000 -0.54957082E+000 -0.18463310E+000 -0.52209594E-002  0.96484210E-003  0.91398273E+000  0.45456582E+001  0.88167246E+001  0.15854332E+002  0.21703581E+002
 -0.93137581E+000 -0.83201689E+000 -0.54956835E+000 -0.18463049E+000 -0.52209338E-002  0.96486495E-003  0.91397715E+000  0.45456262E+001  0.88166819E+001  0.15854286E+002  0.21703650E+002
 -0.93137520E+000 -0.83201581E+000 -0.54956584E+000 -0.18462787E+000 -0.52208921E-002  0.96488942E-003  0.91397164E+000  0.45455953E+001  0.88166425E+001  0.15854252E+002  0.21703733E+002
 -0.93137458E+000 -0.83201471E+000 -0.54956330E+000 -0.18462524E+000 -0.52208413E-002  0.96491470E-003  0.91396623E+000  0.45455657E+001  0.88166065E+001  0.15854229E+002  0.21703830E+002
 -0.93137394E+000 -0.83201360E+000 -0.54956074E+000 -0.18462262E+000 -0.52207855E-002  0.96494036E-003  0.91396094E+000  0.45455375E+001  0.88165743E+001  0.15854219E+002  0.21703941E+002
 -0.93137330E+000 -0.83201247E+000 -0.54955816E+000 -0.18461999E+000 -0.52207267E-002  0.96496615E-003  0.91395580E+000  0.45455110E+001  0.88165461E+001  0.15854220E+002  0.21704066E+002
 -0.93137266E+000 -0.83201133E+000 -0.54955557E+000 -0.18461738E+000 -0.52206660E-002  0.96499192E-003  0.91395085E+000  0.45454863E+001  0.88165220E+001  0.15854234E+002  0.21704204E+002
 -0.93137200E+000 -0.83201018E+000 -0.54955298E+000 -0.18461478E+000 -0.52206041E-002  0.96501759E-003  0.91394612E+000  0.45454635E+001  0.88165023E+001  0.15854260E+002  0.21704355E+002
 -0.93137135E+000 -0.83200903E+000 -0.54955038E+000 -0.18461220E+000 -0.52205414E-002  0.96504311E-003  0.91394164E+000  0.45454429E+001  0.88164872E+001  0.15854298E+002  0.21704518E+002
 -0.93137069E+000 -0.83200787E+000 -0.54954779E+000 -0.18460963E+000 -0.52204780E-002  0.96506843E-003  0.91393746E+000  0.45454245E+001  0.88164767E+001  0.15854347E+002  0.21704692E+002
 -0.93137003E+000 -0.83200672E+000 -0.54954521E+000 -0.18460710E+000 -0.52204141E-002  0.96509354E-003  0.91393362E+000  0.45454087E+001  0.88164710E+001  0.15854409E+002  0.21704877E+002
 -0.93136938E+000 -0.83200556E+000 -0.54954264E+000 -0.18460459E+000 -0.52203500E-002  0.96511839E-003  0.91393016E+000  0.45453954E+001  0.88164701E+001  0.15854481E+002  0.21705072E+002
 -0.93136872E+000 -0.83200441E+000 -0.54954010E+000 -0.18460211E+000 -0.52202856E-002  0.96514298E-003  0.91392712E+000  0.45453848E+001  0.88164741E+001  0.15854563E+002  0.21705277E+002
 -0.93136807E+000 -0.83200327E+000 -0.54953758E+000 -0.18459967E+000 -0.52202211E-002  0.96516729E-003  0.91392454E+000  0.45453770E+001  0.88164830E+001  0.15854656E+002  0.21705490E+002
 -0.93136742E+000 -0.83200214E+000 -0.54953510E+000 -0.18459727E+000 -0.52201566E-002  0.96519129E-003  0.91392246E+000  0.45453721E+001  0.88164968E+001  0.15854759E+002  0.21705710E+002
 -0.93136678E+000 -0.83200102E+000 -0.54953265E+000 -0.18459491E+000 -0.52200923E-002  0.96521498E-003  0.91392092E+000  0.45453701E+001  0.88165153E+001  0.15854870E+002  0.21705937E+002
 -0.93136615E+000 -0.83199991E+000 -0.54953024E+000 -0.18459259E+000 -0.52200283E-002  0.96523835E-003  0.91391996E+000  0.45453711E+001  0.88165386E+001  0.15854989E+002  0.21706171E+002
 -0.93136553E+000 -0.83199882E+000 -0.54952788E+000 -0.18459032E+000 -0.52199647E-002  0.96526137E-003  0.91391960E+000  0.45453751E+001  0.88165664E+001  0.15855116E+002  0.21706409E+002
 -0.93136492E+000 -0.83199775E+000 -0.54952557E+000 -0.18458811E+000 -0.52199017E-002  0.96528403E-003  0.91391986E+000  0.45453820E+001  0.88165986E+001  0.15855250E+002  0.21706651E+002
 -0.93136431E+000 -0.83199670E+000 -0.54952331E+000 -0.18458595E+000 -0.52198394E-002  0.96530631E-003  0.91392078E+000  0.45453919E+001  0.88166351E+001  0.15855390E+002  0.21706897E+002
 -0.93136373E+000 -0.83199567E+000 -0.54952111E+000 -0.18458385E+000 -0.52197779E-002  0.96532820E-003  0.91392235E+000  0.45454046E+001  0.88166755E+001  0.15855535E+002  0.21707145E+002
 -0.93136315E+000 -0.83199467E+000 -0.54951898E+000 -0.18458180E+000 -0.52197175E-002  0.96534968E-003  0.91392460E+000  0.45454201E+001  0.88167196E+001  0.15855684E+002  0.21707395E+002
 -0.93136259E+000 -0.83199370E+000 -0.54951691E+000 -0.18457983E+000 -0.52196582E-002  0.96537073E-003  0.91392751E+000  0.45454382E+001  0.88167672E+001  0.15855838E+002  0.21707645E+002
 -0.93136204E+000 -0.83199275E+000 -0.54951491E+000 -0.18457792E+000 -0.52196003E-002  0.96539132E-003  0.91393109E+000  0.45454588E+001  0.88168180E+001  0.15855994E+002  0.21707895E+002
 -0.93136151E+000 -0.83199183E+000 -0.54951299E+000 -0.18457608E+000 -0.52195437E-002  0.96541143E-003  0.91393533E+000  0.45454818E+001  0.88168716E+001  0.15856152E+002  0.21708145E+002
 -0.93136100E+000 -0.83199095E+000 -0.54951115E+000 -0.18457431E+000 -0.52194888E-002  0.96543105E-003  0.91394021E+000  0.45455070E+001  0.88169278E+001  0.15856312E+002  0.21708392E+002
 -0.93136051E+000 -0.83199010E+000 -0.54950939E+000 -0.18457263E+000 -0.52194356E-002  0.96545013E-003  0.91394571E+000  0.45455343E+001  0.88169863E+001  0.15856473E+002  0.21708637E+002
 -0.93136004E+000 -0.83198929E+000 -0.54950772E+000 -0.18457102E+000 -0.52193842E-002  0.96546866E-003  0.91395179E+000  0.45455633E+001  0.88170466E+001  0.15856633E+002  0.21708879E+002
 -0.93135959E+000 -0.83198852E+000 -0.54950613E+000 -0.18456950E+000 -0.52193348E-002  0.96548661E-003  0.91395844E+000  0.45455941E+001  0.88171085E+001  0.15856793E+002  0.21709117E+002
 -0.93135916E+000 -0.83198779E+000 -0.54950464E+000 -0.18456806E+000 -0.52192874E-002  0.96550395E-003  0.91396560E+000  0.45456263E+001  0.88171716E+001  0.15856952E+002  0.21709351E+002
 -0.93135875E+000 -0.83198710E+000 -0.54950324E+000 -0.18456671E+000 -0.52192423E-002  0.96552067E-003  0.91397324E+000  0.45456597E+001  0.88172357E+001  0.15857109E+002  0.21709580E+002
 -0.93135837E+000 -0.83198645E+000 -0.54950193E+000 -0.18456545E+000 -0.52191994E-002  0.96553673E-003  0.91398133E+000  0.45456941E+001  0.88173004E+001  0.15857264E+002  0.21709803E+002
 -0.93135801E+000 -0.83198585E+000 -0.54950072E+000 -0.18456428E+000 -0.52191588E-002  0.96555211E-003  0.91398980E+000  0.45457294E+001  0.88173653E+001  0.15857415E+002  0.21710020E+002
 -0.93135767E+000 -0.83198529E+000 -0.54949962E+000 -0.18456321E+000 -0.52191207E-002  0.96556679E-003  0.91399862E+000  0.45457654E+001  0.88174303E+001  0.15857564E+002  0.21710231E+002
 -0.93135736E+000 -0.83198477E+000 -0.54949861E+000 -0.18456223E+000 -0.52190849E-002  0.96558076E-003  0.91400775E+000  0.45458018E+001  0.88174950E+001  0.15857709E+002  0.21710436E+002
 -0.93135708E+000 -0.83198431E+000 -0.54949770E+000 -0.18456135E+000 -0.52190517E-002  0.96559399E-003  0.91401711E+000  0.45458385E+001  0.88175591E+001  0.15857850E+002  0.21710633E+002
 -0.93135682E+000 -0.83198389E+000 -0.54949690E+000 -0.18456056E+000 -0.52190210E-002  0.96560648E-003  0.91402668E+000  0.45458753E+001  0.88176225E+001  0.15857986E+002  0.21710823E+002
 -0.93135659E+000 -0.83198351E+000 -0.54949620E+000 -0.18455987E+000 -0.52189928E-002  0.96561821E-003  0.91403641E+000  0.45459121E+001  0.88176849E+001  0.15858119E+002  0.21711005E+002
 -0.93135638E+000 -0.83198319E+000 -0.54949559E+000 -0.18455928E+000 -0.52189672E-002  0.96562917E-003  0.91404626E+000  0.45459486E+001  0.88177462E+001  0.15858246E+002  0.21711181E+002
 -0.93135620E+000 -0.83198291E+000 -0.54949509E+000 -0.18455878E+000 -0.52189440E-002  0.96563936E-003  0.91405618E+000  0.45459849E+001  0.88178061E+001  0.15858368E+002  0.21711348E+002
 -0.93135604E+000 -0.83198267E+000 -0.54949468E+000 -0.18455838E+000 -0.52189233E-002  0.96564878E-003  0.91406615E+000  0.45460206E+001  0.88178645E+001  0.15858486E+002  0.21711508E+002
 -0.93135591E+000 -0.83198249E+000 -0.54949437E+000 -0.18455807E+000 -0.52189052E-002  0.96565743E-003  0.91407612E+000  0.45460559E+001  0.88179213E+001  0.15858599E+002  0.21711660E+002
 -0.93135580E+000 -0.83198234E+000 -0.54949415E+000 -0.18455786E+000 -0.52188894E-002  0.96566530E-003  0.91408606E+000  0.45460904E+001  0.88179765E+001  0.15858706E+002  0.21711805E+002
 -0.93135572E+000 -0.83198224E+000 -0.54949402E+000 -0.18455773E+000 -0.52188759E-002  0.96567242E-003  0.91409594E+000  0.45461243E+001  0.88180298E+001  0.15858809E+002  0.21711942E+002
 -0.93135566E+000 -0.83198219E+000 -0.54949399E+000 -0.18455769E+000 -0.52188648E-002  0.96567879E-003  0.91410573E+000  0.45461573E+001  0.88180813E+001  0.15858906E+002  0.21712072E+002
 -0.93135562E+000 -0.83198217E+000 -0.54949403E+000 -0.18455774E+000 -0.52188560E-002  0.96568442E-003  0.91411542E+000  0.45461895E+001  0.88181309E+001  0.15858998E+002  0.21712195E+002
 -0.93135561E+000 -0.83198220E+000 -0.54949417E+000 -0.18455787E+000 -0.52188492E-002  0.96568932E-003  0.91412498E+000  0.45462208E+001  0.88181786E+001  0.15859086E+002  0.21712311E+002
 -0.93135562E+000 -0.83198227E+000 -0.54949438E+000 -0.18455808E+000 -0.52188446E-002  0.96569353E-003  0.91413439E+000  0.45462512E+001  0.88182244E+001  0.15859169E+002  0.21712420E+002
 -0.93135564E+000 -0.83198237E+000 -0.54949467E+000 -0.18455837E+000 -0.52188420E-002  0.96569705E-003  0.91414364E+000  0.45462806E+001  0.88182682E+001  0.15859247E+002  0.21712523E+002
 -0.93135569E+000 -0.83198251E+000 -0.54949503E+000 -0.18455874E+000 -0.52188413E-002  0.96569991E-003  0.91415272E+000  0.45463090E+001  0.88183102E+001  0.15859321E+002  0.21712620E+002
 -0.93135576E+000 -0.83198268E+000 -0.54949546E+000 -0.18455917E+000 -0.52188424E-002  0.96570214E-003  0.91416163E+000  0.45463365E+001  0.88183503E+001  0.15859391E+002  0.21712710E+002
 -0.93135584E+000 -0.83198289E+000 -0.54949596E+000 -0.18455968E+000 -0.52188452E-002  0.96570376E-003  0.91417034E+000  0.45463631E+001  0.88183887E+001  0.15859456E+002  0.21712795E+002
 -0.93135595E+000 -0.83198313E+000 -0.54949652E+000 -0.18456025E+000 -0.52188496E-002  0.96570480E-003  0.91417887E+000  0.45463887E+001  0.88184252E+001  0.15859518E+002  0.21712874E+002
 -0.93135606E+000 -0.83198340E+000 -0.54949714E+000 -0.18456088E+000 -0.52188556E-002  0.96570528E-003  0.91418720E+000  0.45464133E+001  0.88184600E+001  0.15859576E+002  0.21712948E+002
 -0.93135620E+000 -0.83198370E+000 -0.54949781E+000 -0.18456157E+000 -0.52188630E-002  0.96570525E-003  0.91419534E+000  0.45464371E+001  0.88184932E+001  0.15859630E+002  0.21713018E+002
 -0.93135635E+000 -0.83198402E+000 -0.54949853E+000 -0.18456231E+000 -0.52188717E-002  0.96570472E-003  0.91420329E+000  0.45464600E+001  0.88185248E+001  0.15859681E+002  0.21713083E+002
 -0.93135651E+000 -0.83198438E+000 -0.54949931E+000 -0.18456311E+000 -0.52188817E-002  0.96570373E-003  0.91421105E+000  0.45464820E+001  0.88185549E+001  0.15859729E+002  0.21713143E+002
 -0.93135669E+000 -0.83198475E+000 -0.54950013E+000 -0.18456396E+000 -0.52188928E-002  0.96570231E-003  0.91421862E+000  0.45465031E+001  0.88185835E+001  0.15859774E+002  0.21713199E+002
 -0.93135688E+000 -0.83198514E+000 -0.54950098E+000 -0.18456485E+000 -0.52189050E-002  0.96570049E-003  0.91422601E+000  0.45465235E+001  0.88186107E+001  0.15859816E+002  0.21713252E+002
 -0.93135708E+000 -0.83198556E+000 -0.54950188E+000 -0.18456578E+000 -0.52189180E-002  0.96569830E-003  0.91423322E+000  0.45465432E+001  0.88186367E+001  0.15859855E+002  0.21713301E+002
 -0.93135729E+000 -0.83198600E+000 -0.54950281E+000 -0.18456675E+000 -0.52189320E-002  0.96569577E-003  0.91424025E+000  0.45465620E+001  0.88186614E+001  0.15859892E+002  0.21713346E+002
 -0.93135751E+000 -0.83198645E+000 -0.54950377E+000 -0.18456776E+000 -0.52189467E-002  0.96569293E-003  0.91424712E+000  0.45465802E+001  0.88186849E+001  0.15859927E+002  0.21713389E+002
 -0.93135774E+000 -0.83198692E+000 -0.54950476E+000 -0.18456880E+000 -0.52189621E-002  0.96568981E-003  0.91425382E+000  0.45465978E+001  0.88187073E+001  0.15859959E+002  0.21713428E+002
 -0.93135798E+000 -0.83198740E+000 -0.54950577E+000 -0.18456987E+000 -0.52189781E-002  0.96568644E-003  0.91426036E+000  0.45466147E+001  0.88187287E+001  0.15859990E+002  0.21713465E+002
 -0.93135823E+000 -0.83198789E+000 -0.54950681E+000 -0.18457097E+000 -0.52189946E-002  0.96568283E-003  0.91426675E+000  0.45466310E+001  0.88187491E+001  0.15860018E+002  0.21713500E+002
 -0.93135848E+000 -0.83198840E+000 -0.54950786E+000 -0.18457209E+000 -0.52190116E-002  0.96567903E-003  0.91427299E+000  0.45466467E+001  0.88187686E+001  0.15860045E+002  0.21713532E+002
 -0.93135874E+000 -0.83198891E+000 -0.54950893E+000 -0.18457324E+000 -0.52190289E-002  0.96567505E-003  0.91427908E+000  0.45466619E+001  0.88187872E+001  0.15860070E+002  0.21713562E+002
 -0.93135900E+000 -0.83198944E+000 -0.54951001E+000 -0.18457440E+000 -0.52190465E-002  0.96567091E-003  0.91428504E+000  0.45466767E+001  0.88188051E+001  0.15860094E+002  0.21713590E+002
 -0.93135927E+000 -0.83198997E+000 -0.54951111E+000 -0.18457558E+000 -0.52190644E-002  0.96566663E-003  0.91429086E+000  0.45466909E+001  0.88188222E+001  0.15860117E+002  0.21713616E+002
 -0.93135954E+000 -0.83199050E+000 -0.54951221E+000 -0.18457677E+000 -0.52190824E-002  0.96566224E-003  0.91429654E+000  0.45467046E+001  0.88188386E+001  0.15860138E+002  0.21713641E+002
 -0.93135982E+000 -0.83199104E+000 -0.54951331E+000 -0.18457797E+000 -0.52191006E-002  0.96565775E-003  0.91430210E+000  0.45467180E+001  0.88188543E+001  0.15860158E+002  0.21713664E+002
 -0.93136009E+000 -0.83199159E+000 -0.54951442E+000 -0.18457918E+000 -0.52191188E-002  0.96565318E-003  0.91430754E+000  0.45467309E+001  0.88188694E+001  0.15860177E+002  0.21713686E+002
 -0.93136037E+000 -0.83199213E+000 -0.54951553E+000 -0.18458040E+000 -0.52191370E-002  0.96564855E-003  0.91431285E+000  0.45467435E+001  0.88188839E+001  0.15860195E+002  0.21713706E+002
 -0.93136065E+000 -0.83199268E+000 -0.54951663E+000 -0.18458162E+000 -0.52191552E-002  0.96564386E-003  0.91431804E+000  0.45467556E+001  0.88188979E+001  0.15860212E+002  0.21713725E+002
 -0.93136093E+000 -0.83199322E+000 -0.54951774E+000 -0.18458284E+000 -0.52191733E-002  0.96563914E-003  0.91432311E+000  0.45467675E+001  0.88189114E+001  0.15860228E+002  0.21713743E+002
 -0.93136121E+000 -0.83199376E+000 -0.54951883E+000 -0.18458406E+000 -0.52191913E-002  0.96563439E-003  0.91432806E+000  0.45467789E+001  0.88189244E+001  0.15860244E+002  0.21713761E+002
 -0.93136148E+000 -0.83199430E+000 -0.54951992E+000 -0.18458528E+000 -0.52192092E-002  0.96562962E-003  0.91433290E+000  0.45467901E+001  0.88189370E+001  0.15860259E+002  0.21713777E+002
 -0.93136176E+000 -0.83199483E+000 -0.54952100E+000 -0.18458649E+000 -0.52192268E-002  0.96562485E-003  0.91433763E+000  0.45468010E+001  0.88189491E+001  0.15860273E+002  0.21713792E+002
 -0.93136203E+000 -0.83199536E+000 -0.54952207E+000 -0.18458769E+000 -0.52192443E-002  0.96562007E-003  0.91434224E+000  0.45468115E+001  0.88189608E+001  0.15860286E+002  0.21713807E+002
 -0.93136230E+000 -0.83199588E+000 -0.54952312E+000 -0.18458888E+000 -0.52192615E-002  0.96561531E-003  0.91434673E+000  0.45468218E+001  0.88189722E+001  0.15860299E+002  0.21713821E+002
 -0.93136256E+000 -0.83199640E+000 -0.54952416E+000 -0.18459006E+000 -0.52192784E-002  0.96561056E-003  0.91435111E+000  0.45468318E+001  0.88189831E+001  0.15860311E+002  0.21713834E+002
 -0.93136283E+000 -0.83199690E+000 -0.54952518E+000 -0.18459123E+000 -0.52192951E-002  0.96560582E-003  0.91435538E+000  0.45468415E+001  0.88189938E+001  0.15860323E+002  0.21713847E+002
 -0.93136308E+000 -0.83199740E+000 -0.54952618E+000 -0.18459239E+000 -0.52193114E-002  0.96560112E-003  0.91435954E+000  0.45468509E+001  0.88190041E+001  0.15860335E+002  0.21713859E+002
 -0.93136334E+000 -0.83199789E+000 -0.54952716E+000 -0.18459352E+000 -0.52193274E-002  0.96559644E-003  0.91436358E+000  0.45468601E+001  0.88190140E+001  0.15860345E+002  0.21713871E+002
 -0.93136358E+000 -0.83199837E+000 -0.54952813E+000 -0.18459464E+000 -0.52193431E-002  0.96559179E-003  0.91436751E+000  0.45468691E+001  0.88190237E+001  0.15860356E+002  0.21713883E+002
 -0.93136382E+000 -0.83199883E+000 -0.54952907E+000 -0.18459574E+000 -0.52193583E-002  0.96558718E-003  0.91437132E+000  0.45468778E+001  0.88190331E+001  0.15860366E+002  0.21713894E+002
 -0.93136406E+000 -0.83199929E+000 -0.54952999E+000 -0.18459681E+000 -0.52193733E-002  0.96558261E-003  0.91437502E+000  0.45468862E+001  0.88190422E+001  0.15860376E+002  0.21713904E+002
 -0.93136429E+000 -0.83199973E+000 -0.54953088E+000 -0.18459787E+000 -0.52193878E-002  0.96557808E-003  0.91437861E+000  0.45468944E+001  0.88190509E+001  0.15860385E+002  0.21713914E+002
 -0.93136451E+000 -0.83200016E+000 -0.54953175E+000 -0.18459890E+000 -0.52194020E-002  0.96557359E-003  0.91438208E+000  0.45469024E+001  0.88190595E+001  0.15860394E+002  0.21713924E+002
 -0.93136472E+000 -0.83200058E+000 -0.54953260E+000 -0.18459991E+000 -0.52194157E-002  0.96556914E-003  0.91438543E+000  0.45469101E+001  0.88190677E+001  0.15860403E+002  0.21713934E+002
 -0.93136493E+000 -0.83200098E+000 -0.54953342E+000 -0.18460089E+000 -0.52194291E-002  0.96556475E-003  0.91438867E+000  0.45469176E+001  0.88190757E+001  0.15860411E+002  0.21713943E+002
 -0.93136513E+000 -0.83200137E+000 -0.54953421E+000 -0.18460184E+000 -0.52194420E-002  0.96556040E-003  0.91439180E+000  0.45469249E+001  0.88190834E+001  0.15860419E+002  0.21713952E+002
 -0.93136533E+000 -0.83200175E+000 -0.54953498E+000 -0.18460277E+000 -0.52194546E-002  0.96555610E-003  0.91439481E+000  0.45469319E+001  0.88190908E+001  0.15860427E+002  0.21713961E+002
 -0.93136551E+000 -0.83200211E+000 -0.54953572E+000 -0.18460367E+000 -0.52194667E-002  0.96555185E-003  0.91439770E+000  0.45469387E+001  0.88190980E+001  0.15860435E+002  0.21713969E+002
 -0.93136569E+000 -0.83200246E+000 -0.54953643E+000 -0.18460454E+000 -0.52194784E-002  0.96554766E-003  0.91440049E+000  0.45469453E+001  0.88191050E+001  0.15860442E+002  0.21713977E+002
 -0.93136586E+000 -0.83200279E+000 -0.54953712E+000 -0.18460538E+000 -0.52194897E-002  0.96554352E-003  0.91440316E+000  0.45469517E+001  0.88191117E+001  0.15860449E+002  0.21713985E+002
 -0.93136602E+000 -0.83200311E+000 -0.54953778E+000 -0.18460619E+000 -0.52195006E-002  0.96553944E-003  0.91440571E+000  0.45469578E+001  0.88191182E+001  0.15860455E+002  0.21713993E+002
 -0.93136618E+000 -0.83200342E+000 -0.54953841E+000 -0.18460698E+000 -0.52195111E-002  0.96553541E-003  0.91440816E+000  0.45469638E+001  0.88191244E+001  0.15860462E+002  0.21714001E+002
 -0.93136633E+000 -0.83200371E+000 -0.54953902E+000 -0.18460773E+000 -0.52195212E-002  0.96553145E-003  0.91441049E+000  0.45469695E+001  0.88191303E+001  0.15860468E+002  0.21714008E+002
 -0.93136647E+000 -0.83200399E+000 -0.54953960E+000 -0.18460846E+000 -0.52195309E-002  0.96552755E-003  0.91441272E+000  0.45469749E+001  0.88191361E+001  0.15860474E+002  0.21714016E+002
 -0.93136660E+000 -0.83200426E+000 -0.54954015E+000 -0.18460916E+000 -0.52195402E-002  0.96552371E-003  0.91441484E+000  0.45469802E+001  0.88191416E+001  0.15860479E+002  0.21714023E+002
 -0.93136673E+000 -0.83200451E+000 -0.54954068E+000 -0.18460983E+000 -0.52195491E-002  0.96551994E-003  0.91441685E+000  0.45469853E+001  0.88191468E+001  0.15860485E+002  0.21714030E+002
 -0.93136685E+000 -0.83200475E+000 -0.54954118E+000 -0.18461047E+000 -0.52195576E-002  0.96551623E-003  0.91441875E+000  0.45469902E+001  0.88191519E+001  0.15860490E+002  0.21714036E+002
 -0.93136696E+000 -0.83200497E+000 -0.54954166E+000 -0.18461108E+000 -0.52195658E-002  0.96551260E-003  0.91442056E+000  0.45469948E+001  0.88191567E+001  0.15860495E+002  0.21714043E+002
 -0.93136707E+000 -0.83200519E+000 -0.54954211E+000 -0.18461166E+000 -0.52195736E-002  0.96550903E-003  0.91442226E+000  0.45469993E+001  0.88191613E+001  0.15860499E+002  0.21714049E+002
 -0.93136717E+000 -0.83200539E+000 -0.54954255E+000 -0.18461222E+000 -0.52195810E-002  0.96550554E-003  0.91442387E+000  0.45470035E+001  0.88191657E+001  0.15860503E+002  0.21714056E+002
 -0.93136726E+000 -0.83200558E+000 -0.54954295E+000 -0.18461275E+000 -0.52195881E-002  0.96550212E-003  0.91442538E+000  0.45470076E+001  0.88191698E+001  0.15860508E+002  0.21714062E+002
 -0.93136735E+000 -0.83200576E+000 -0.54954334E+000 -0.18461326E+000 -0.52195948E-002  0.96549878E-003  0.91442679E+000  0.45470115E+001  0.88191738E+001  0.15860511E+002  0.21714067E+002
 -0.93136743E+000 -0.83200593E+000 -0.54954370E+000 -0.18461373E+000 -0.52196012E-002  0.96549551E-003  0.91442811E+000  0.45470152E+001  0.88191775E+001  0.15860515E+002  0.21714073E+002
 -0.93136751E+000 -0.83200609E+000 -0.54954404E+000 -0.18461419E+000 -0.52196073E-002  0.96549232E-003  0.91442935E+000  0.45470187E+001  0.88191810E+001  0.15860518E+002  0.21714079E+002
 -0.93136758E+000 -0.83200623E+000 -0.54954436E+000 -0.18461462E+000 -0.52196131E-002  0.96548921E-003  0.91443050E+000  0.45470220E+001  0.88191844E+001  0.15860521E+002  0.21714084E+002
 -0.93136765E+000 -0.83200637E+000 -0.54954467E+000 -0.18461503E+000 -0.52196186E-002  0.96548619E-003  0.91443156E+000  0.45470252E+001  0.88191875E+001  0.15860524E+002  0.21714089E+002
 -0.93136771E+000 -0.83200650E+000 -0.54954495E+000 -0.18461541E+000 -0.52196237E-002  0.96548324E-003  0.91443254E+000  0.45470282E+001  0.88191904E+001  0.15860527E+002  0.21714094E+002
 -0.93136777E+000 -0.83200662E+000 -0.54954522E+000 -0.18461577E+000 -0.52196286E-002  0.96548038E-003  0.91443345E+000  0.45470310E+001  0.88191932E+001  0.15860529E+002  0.21714099E+002
 -0.93136782E+000 -0.83200673E+000 -0.54954547E+000 -0.18461611E+000 -0.52196333E-002  0.96547760E-003  0.91443428E+000  0.45470337E+001  0.88191958E+001  0.15860531E+002  0.21714104E+002
 -0.93136787E+000 -0.83200684E+000 -0.54954570E+000 -0.18461643E+000 -0.52196376E-002  0.96547491E-003  0.91443503E+000  0.45470362E+001  0.88191982E+001  0.15860533E+002  0.21714109E+002
 -0.93136792E+000 -0.83200693E+000 -0.54954592E+000 -0.18461674E+000 -0.52196417E-002  0.96547230E-003  0.91443572E+000  0.45470386E+001  0.88192004E+001  0.15860535E+002  0.21714113E+002
 -0.93136796E+000 -0.83200702E+000 -0.54954612E+000 -0.18461702E+000 -0.52196456E-002  0.96546977E-003  0.91443634E+000  0.45470408E+001  0.88192025E+001  0.15860536E+002  0.21714117E+002
 -0.93136800E+000 -0.83200711E+000 -0.54954631E+000 -0.18461729E+000 -0.52196492E-002  0.96546733E-003  0.91443690E+000  0.45470429E+001  0.88192044E+001  0.15860538E+002  0.21714121E+002
 -0.93136804E+000 -0.83200718E+000 -0.54954649E+000 -0.18461753E+000 -0.52196527E-002  0.96546498E-003  0.91443739E+000  0.45470448E+001  0.88192062E+001  0.15860539E+002  0.21714125E+002
 -0.93136807E+000 -0.83200725E+000 -0.54954665E+000 -0.18461777E+000 -0.52196559E-002  0.96546270E-003  0.91443782E+000  0.45470466E+001  0.88192078E+001  0.15860540E+002  0.21714129E+002
 -0.93136810E+000 -0.83200732E+000 -0.54954680E+000 -0.18461798E+000 -0.52196589E-002  0.96546051E-003  0.91443820E+000  0.45470483E+001  0.88192093E+001  0.15860541E+002  0.21714133E+002
 -0.93136813E+000 -0.83200738E+000 -0.54954694E+000 -0.18461819E+000 -0.52196617E-002  0.96545841E-003  0.91443853E+000  0.45470499E+001  0.88192106E+001  0.15860541E+002  0.21714136E+002
 -0.93136815E+000 -0.83200743E+000 -0.54954707E+000 -0.18461838E+000 -0.52196644E-002  0.96545639E-003  0.91443880E+000  0.45470514E+001  0.88192118E+001  0.15860541E+002  0.21714140E+002
 -0.93136817E+000 -0.83200748E+000 -0.54954719E+000 -0.18461855E+000 -0.52196668E-002  0.96545444E-003  0.91443903E+000  0.45470528E+001  0.88192129E+001  0.15860542E+002  0.21714143E+002
 -0.93136819E+000 -0.83200753E+000 -0.54954731E+000 -0.18461872E+000 -0.52196691E-002  0.96545258E-003  0.91443921E+000  0.45470540E+001  0.88192138E+001  0.15860542E+002  0.21714146E+002
 -0.93136821E+000 -0.83200757E+000 -0.54954741E+000 -0.18461887E+000 -0.52196713E-002  0.96545080E-003  0.91443935E+000  0.45470552E+001  0.88192146E+001  0.15860542E+002  0.21714149E+002
 -0.93136823E+000 -0.83200761E+000 -0.54954750E+000 -0.18461901E+000 -0.52196733E-002  0.96544909E-003  0.91443945E+000  0.45470562E+001  0.88192154E+001  0.15860541E+002  0.21714152E+002
 -0.93136825E+000 -0.83200765E+000 -0.54954759E+000 -0.18461915E+000 -0.52196752E-002  0.96544746E-003  0.91443951E+000  0.45470572E+001  0.88192160E+001  0.15860541E+002  0.21714155E+002
 -0.93136826E+000 -0.83200768E+000 -0.54954767E+000 -0.18461927E+000 -0.52196770E-002  0.96544590E-003  0.91443954E+000  0.45470581E+001  0.88192165E+001  0.15860540E+002  0.21714157E+002
 -0.93136827E+000 -0.83200771E+000 -0.54954775E+000 -0.18461938E+000 -0.52196786E-002  0.96544441E-003  0.91443953E+000  0.45470589E+001  0.88192169E+001  0.15860540E+002  0.21714160E+002
 -0.93136828E+000 -0.83200774E+000 -0.54954781E+000 -0.18461949E+000 -0.52196801E-002  0.96544300E-003  0.91443949E+000  0.45470596E+001  0.88192172E+001  0.15860539E+002  0.21714162E+002
 -0.93136830E+000 -0.83200776E+000 -0.54954788E+000 -0.18461958E+000 -0.52196816E-002  0.96544165E-003  0.91443942E+000  0.45470603E+001  0.88192175E+001  0.15860538E+002  0.21714164E+002
 -0.93136830E+000 -0.83200779E+000 -0.54954793E+000 -0.18461967E+000 -0.52196829E-002  0.96544037E-003  0.91443932E+000  0.45470608E+001  0.88192176E+001  0.15860537E+002  0.21714166E+002
 -0.93136831E+000 -0.83200781E+000 -0.54954799E+000 -0.18461976E+000 -0.52196841E-002  0.96543915E-003  0.91443920E+000  0.45470613E+001  0.88192177E+001  0.15860535E+002  0.21714168E+002
 -0.93136832E+000 -0.83200782E+000 -0.54954804E+000 -0.18461983E+000 -0.52196853E-002  0.96543799E-003  0.91443905E+000  0.45470618E+001  0.88192177E+001  0.15860534E+002  0.21714170E+002
 -0.93136833E+000 -0.83200784E+000 -0.54954808E+000 -0.18461991E+000 -0.52196863E-002  0.96543690E-003  0.91443888E+000  0.45470622E+001  0.88192176E+001  0.15860533E+002  0.21714171E+002
 -0.93136833E+000 -0.83200786E+000 -0.54954812E+000 -0.18461997E+000 -0.52196873E-002  0.96543586E-003  0.91443869E+000  0.45470625E+001  0.88192175E+001  0.15860531E+002  0.21714173E+002
 -0.93136834E+000 -0.83200787E+000 -0.54954816E+000 -0.18462003E+000 -0.52196882E-002  0.96543488E-003  0.91443848E+000  0.45470627E+001  0.88192172E+001  0.15860529E+002  0.21714174E+002
 -0.93136835E+000 -0.83200788E+000 -0.54954819E+000 -0.18462009E+000 -0.52196891E-002  0.96543395E-003  0.91443826E+000  0.45470630E+001  0.88192169E+001  0.15860528E+002  0.21714175E+002
 -0.93136835E+000 -0.83200790E+000 -0.54954823E+000 -0.18462014E+000 -0.52196899E-002  0.96543307E-003  0.91443802E+000  0.45470631E+001  0.88192166E+001  0.15860526E+002  0.21714176E+002
 -0.93136836E+000 -0.83200791E+000 -0.54954826E+000 -0.18462019E+000 -0.52196907E-002  0.96543223E-003  0.91443776E+000  0.45470632E+001  0.88192161E+001  0.15860524E+002  0.21714177E+002
