 -0.82433473E+000 -0.64308161E+000 -0.27719921E+000 -0.66076871E-004  0.84371337E-001  0.17428241E+001  0.12063646E+002  0.59173118E+002  0.13400207E+003  0.34790471E+003  0.65682841E+003
 -0.82431985E+000 -0.64305499E+000 -0.27719355E+000 -0.66059845E-004  0.84387776E-001  0.17429533E+001  0.12064883E+002  0.59173088E+002  0.13400185E+003  0.34790433E+003  0.65682717E+003
 -0.82430757E+000 -0.64303321E+000 -0.27718891E+000 -0.66049112E-004  0.84401400E-001  0.17430572E+001  0.12065871E+002  0.59173084E+002  0.13400180E+003  0.34790419E+003  0.65682669E+003
 -0.82429730E+000 -0.64301505E+000 -0.27718500E+000 -0.66042231E-004  0.84412855E-001  0.17431425E+001  0.12066676E+002  0.59173086E+002  0.13400181E+003  0.34790418E+003  0.65682662E+003
 -0.82428862E+000 -0.64299966E+000 -0.27718162E+000 -0.66037612E-004  0.84422596E-001  0.17432136E+001  0.12067342E+002  0.59173091E+002  0.13400183E+003  0.34790423E+003  0.65682674E+003
 -0.82428123E+000 -0.64298644E+000 -0.27717866E+000 -0.66034302E-004  0.84430956E-001  0.17432735E+001  0.12067898E+002  0.59173096E+002  0.13400187E+003  0.34790429E+003  0.65682694E+003
 -0.82427485E+000 -0.64297496E+000 -0.27717603E+000 -0.66031757E-004  0.84438194E-001  0.17433246E+001  0.12068368E+002  0.59173100E+002  0.13400190E+003  0.34790436E+003  0.65682716E+003
 -0.82426928E+000 -0.64296486E+000 -0.27717367E+000 -0.66029668E-004  0.84444516E-001  0.17433686E+001  0.12068769E+002  0.59173104E+002  0.13400193E+003  0.34790443E+003  0.65682737E+003
 -0.82426437E+000 -0.64295588E+000 -0.27717154E+000 -0.66027867E-004  0.84450086E-001  0.17434068E+001  0.12069112E+002  0.59173107E+002  0.13400196E+003  0.34790449E+003  0.65682756E+003
 -0.82425998E+000 -0.64294783E+000 -0.27716961E+000 -0.66026257E-004  0.84455040E-001  0.17434402E+001  0.12069410E+002  0.59173110E+002  0.13400198E+003  0.34790455E+003  0.65682773E+003
 -0.82425600E+000 -0.64294054E+000 -0.27716783E+000 -0.66024779E-004  0.84459484E-001  0.17434697E+001  0.12069669E+002  0.59173112E+002  0.13400200E+003  0.34790460E+003  0.65682788E+003
 -0.82425235E+000 -0.64293387E+000 -0.27716619E+000 -0.66023399E-004  0.84463513E-001  0.17434960E+001  0.12069897E+002  0.59173114E+002  0.13400201E+003  0.34790464E+003  0.65682800E+003
 -0.82424897E+000 -0.64292771E+000 -0.27716465E+000 -0.66022096E-004  0.84467197E-001  0.17435197E+001  0.12070100E+002  0.59173115E+002  0.13400203E+003  0.34790467E+003  0.65682811E+003
 -0.82424581E+000 -0.64292199E+000 -0.27716321E+000 -0.66020856E-004  0.84470602E-001  0.17435412E+001  0.12070281E+002  0.59173117E+002  0.13400204E+003  0.34790470E+003  0.65682820E+003
 -0.82424282E+000 -0.64291661E+000 -0.27716183E+000 -0.66019668E-004  0.84473777E-001  0.17435609E+001  0.12070444E+002  0.59173118E+002  0.13400205E+003  0.34790473E+003  0.65682827E+003
 -0.82423997E+000 -0.64291154E+000 -0.27716052E+000 -0.66018525E-004  0.84476770E-001  0.17435791E+001  0.12070593E+002  0.59173119E+002  0.13400206E+003  0.34790475E+003  0.65682834E+003
 -0.82423723E+000 -0.64290670E+000 -0.27715926E+000 -0.66017421E-004  0.84479616E-001  0.17435961E+001  0.12070730E+002  0.59173119E+002  0.13400206E+003  0.34790477E+003  0.65682839E+003
 -0.82423458E+000 -0.64290207E+000 -0.27715803E+000 -0.66016350E-004  0.84482347E-001  0.17436121E+001  0.12070857E+002  0.59173120E+002  0.13400207E+003  0.34790478E+003  0.65682843E+003
 -0.82423200E+000 -0.64289759E+000 -0.27715684E+000 -0.66015307E-004  0.84484991E-001  0.17436273E+001  0.12070976E+002  0.59173121E+002  0.13400207E+003  0.34790480E+003  0.65682847E+003
 -0.82422947E+000 -0.64289326E+000 -0.27715567E+000 -0.66014289E-004  0.84487572E-001  0.17436419E+001  0.12071088E+002  0.59173121E+002  0.13400208E+003  0.34790481E+003  0.65682850E+003
 -0.82422698E+000 -0.64288902E+000 -0.27715452E+000 -0.66013293E-004  0.84490109E-001  0.17436559E+001  0.12071195E+002  0.59173122E+002  0.13400208E+003  0.34790482E+003  0.65682853E+003
 -0.82422453E+000 -0.64288487E+000 -0.27715338E+000 -0.66012316E-004  0.84492621E-001  0.17436696E+001  0.12071298E+002  0.59173122E+002  0.13400209E+003  0.34790483E+003  0.65682856E+003
 -0.82422209E+000 -0.64288078E+000 -0.27715225E+000 -0.66011354E-004  0.84495124E-001  0.17436831E+001  0.12071397E+002  0.59173123E+002  0.13400209E+003  0.34790484E+003  0.65682858E+003
 -0.82421967E+000 -0.64287673E+000 -0.27715112E+000 -0.66010405E-004  0.84497632E-001  0.17436963E+001  0.12071494E+002  0.59173123E+002  0.13400209E+003  0.34790484E+003  0.65682859E+003
 -0.82421724E+000 -0.64287271E+000 -0.27714999E+000 -0.66009469E-004  0.84500158E-001  0.17437094E+001  0.12071590E+002  0.59173123E+002  0.13400209E+003  0.34790485E+003  0.65682861E+003
 -0.82421482E+000 -0.64286871E+000 -0.27714886E+000 -0.66008542E-004  0.84502712E-001  0.17437225E+001  0.12071684E+002  0.59173123E+002  0.13400210E+003  0.34790485E+003  0.65682862E+003
 -0.82421239E+000 -0.64286471E+000 -0.27714772E+000 -0.66007623E-004  0.84505307E-001  0.17437355E+001  0.12071777E+002  0.59173124E+002  0.13400210E+003  0.34790486E+003  0.65682864E+003
 -0.82420994E+000 -0.64286070E+000 -0.27714657E+000 -0.66006712E-004  0.84507950E-001  0.17437487E+001  0.12071871E+002  0.59173124E+002  0.13400210E+003  0.34790486E+003  0.65682865E+003
 -0.82420748E+000 -0.64285667E+000 -0.27714542E+000 -0.66005807E-004  0.84510653E-001  0.17437619E+001  0.12071964E+002  0.59173124E+002  0.13400210E+003  0.34790487E+003  0.65682866E+003
 -0.82420499E+000 -0.64285262E+000 -0.27714425E+000 -0.66004907E-004  0.84513422E-001  0.17437753E+001  0.12072058E+002  0.59173124E+002  0.13400210E+003  0.34790487E+003  0.65682867E+003
 -0.82420247E+000 -0.64284853E+000 -0.27714307E+000 -0.66004012E-004  0.84516266E-001  0.17437889E+001  0.12072153E+002  0.59173124E+002  0.13400210E+003  0.34790488E+003  0.65682867E+003
 -0.82419992E+000 -0.64284441E+000 -0.27714187E+000 -0.66003122E-004  0.84519193E-001  0.17438027E+001  0.12072249E+002  0.59173125E+002  0.13400210E+003  0.34790488E+003  0.65682868E+003
 -0.82419733E+000 -0.64284024E+000 -0.27714066E+000 -0.66002236E-004  0.84522209E-001  0.17438167E+001  0.12072346E+002  0.59173125E+002  0.13400211E+003  0.34790488E+003  0.65682869E+003
 -0.82419470E+000 -0.64283602E+000 -0.27713943E+000 -0.66001354E-004  0.84525321E-001  0.17438311E+001  0.12072445E+002  0.59173125E+002  0.13400211E+003  0.34790489E+003  0.65682870E+003
 -0.82419203E+000 -0.64283175E+000 -0.27713819E+000 -0.66000476E-004  0.84528537E-001  0.17438458E+001  0.12072545E+002  0.59173125E+002  0.13400211E+003  0.34790489E+003  0.65682871E+003
 -0.82418932E+000 -0.64282743E+000 -0.27713693E+000 -0.65999604E-004  0.84531860E-001  0.17438608E+001  0.12072647E+002  0.59173125E+002  0.13400211E+003  0.34790489E+003  0.65682871E+003
 -0.82418655E+000 -0.64282305E+000 -0.27713566E+000 -0.65998737E-004  0.84535297E-001  0.17438762E+001  0.12072750E+002  0.59173126E+002  0.13400211E+003  0.34790490E+003  0.65682872E+003
 -0.82418374E+000 -0.64281861E+000 -0.27713437E+000 -0.65997877E-004  0.84538853E-001  0.17438920E+001  0.12072856E+002  0.59173126E+002  0.13400211E+003  0.34790490E+003  0.65682873E+003
 -0.82418088E+000 -0.64281411E+000 -0.27713307E+000 -0.65997023E-004  0.84542531E-001  0.17439081E+001  0.12072963E+002  0.59173126E+002  0.13400211E+003  0.34790490E+003  0.65682874E+003
 -0.82417797E+000 -0.64280956E+000 -0.27713175E+000 -0.65996178E-004  0.84546336E-001  0.17439248E+001  0.12073072E+002  0.59173126E+002  0.13400211E+003  0.34790491E+003  0.65682874E+003
 -0.82417501E+000 -0.64280494E+000 -0.27713042E+000 -0.65995343E-004  0.84550270E-001  0.17439418E+001  0.12073183E+002  0.59173126E+002  0.13400212E+003  0.34790491E+003  0.65682875E+003
 -0.82417200E+000 -0.64280027E+000 -0.27712908E+000 -0.65994519E-004  0.84554335E-001  0.17439593E+001  0.12073296E+002  0.59173127E+002  0.13400212E+003  0.34790492E+003  0.65682876E+003
 -0.82416894E+000 -0.64279554E+000 -0.27712773E+000 -0.65993708E-004  0.84558531E-001  0.17439773E+001  0.12073410E+002  0.59173127E+002  0.13400212E+003  0.34790492E+003  0.65682877E+003
 -0.82416584E+000 -0.64279076E+000 -0.27712637E+000 -0.65992912E-004  0.84562858E-001  0.17439958E+001  0.12073526E+002  0.59173127E+002  0.13400212E+003  0.34790492E+003  0.65682878E+003
 -0.82416269E+000 -0.64278593E+000 -0.27712501E+000 -0.65992133E-004  0.84567315E-001  0.17440147E+001  0.12073644E+002  0.59173127E+002  0.13400212E+003  0.34790493E+003  0.65682878E+003
 -0.82415950E+000 -0.64278105E+000 -0.27712364E+000 -0.65991372E-004  0.84571897E-001  0.17440341E+001  0.12073763E+002  0.59173127E+002  0.13400212E+003  0.34790493E+003  0.65682879E+003
 -0.82415628E+000 -0.64277613E+000 -0.27712227E+000 -0.65990632E-004  0.84576599E-001  0.17440540E+001  0.12073884E+002  0.59173128E+002  0.13400212E+003  0.34790494E+003  0.65682880E+003
 -0.82415303E+000 -0.64277116E+000 -0.27712090E+000 -0.65989916E-004  0.84581415E-001  0.17440744E+001  0.12074006E+002  0.59173128E+002  0.13400213E+003  0.34790494E+003  0.65682881E+003
 -0.82414975E+000 -0.64276617E+000 -0.27711954E+000 -0.65989226E-004  0.84586336E-001  0.17440953E+001  0.12074129E+002  0.59173128E+002  0.13400213E+003  0.34790494E+003  0.65682882E+003
 -0.82414646E+000 -0.64276114E+000 -0.27711817E+000 -0.65988564E-004  0.84591349E-001  0.17441166E+001  0.12074254E+002  0.59173128E+002  0.13400213E+003  0.34790495E+003  0.65682883E+003
 -0.82414314E+000 -0.64275610E+000 -0.27711682E+000 -0.65987933E-004  0.84596442E-001  0.17441384E+001  0.12074379E+002  0.59173128E+002  0.13400213E+003  0.34790495E+003  0.65682884E+003
 -0.82413983E+000 -0.64275104E+000 -0.27711548E+000 -0.65987335E-004  0.84601598E-001  0.17441606E+001  0.12074504E+002  0.59173129E+002  0.13400213E+003  0.34790496E+003  0.65682885E+003
 -0.82413651E+000 -0.64274598E+000 -0.27711415E+000 -0.65986773E-004  0.84606799E-001  0.17441832E+001  0.12074630E+002  0.59173129E+002  0.13400213E+003  0.34790496E+003  0.65682886E+003
 -0.82413321E+000 -0.64274093E+000 -0.27711285E+000 -0.65986251E-004  0.84612022E-001  0.17442062E+001  0.12074756E+002  0.59173129E+002  0.13400213E+003  0.34790497E+003  0.65682887E+003
 -0.82412992E+000 -0.64273589E+000 -0.27711156E+000 -0.65985769E-004  0.84617246E-001  0.17442296E+001  0.12074882E+002  0.59173129E+002  0.13400214E+003  0.34790497E+003  0.65682888E+003
 -0.82412667E+000 -0.64273089E+000 -0.27711031E+000 -0.65985332E-004  0.84622442E-001  0.17442533E+001  0.12075008E+002  0.59173130E+002  0.13400214E+003  0.34790497E+003  0.65682889E+003
 -0.82412345E+000 -0.64272592E+000 -0.27710908E+000 -0.65984942E-004  0.84627582E-001  0.17442772E+001  0.12075133E+002  0.59173130E+002  0.13400214E+003  0.34790498E+003  0.65682890E+003
 -0.82412029E+000 -0.64272102E+000 -0.27710789E+000 -0.65984600E-004  0.84632637E-001  0.17443014E+001  0.12075258E+002  0.59173130E+002  0.13400214E+003  0.34790498E+003  0.65682891E+003
 -0.82411719E+000 -0.64271619E+000 -0.27710674E+000 -0.65984309E-004  0.84637572E-001  0.17443258E+001  0.12075381E+002  0.59173130E+002  0.13400214E+003  0.34790499E+003  0.65682892E+003
 -0.82411416E+000 -0.64271145E+000 -0.27710563E+000 -0.65984071E-004  0.84642353E-001  0.17443503E+001  0.12075502E+002  0.59173130E+002  0.13400214E+003  0.34790499E+003  0.65682893E+003
 -0.82411121E+000 -0.64270681E+000 -0.27710456E+000 -0.65983889E-004  0.84646945E-001  0.17443749E+001  0.12075622E+002  0.59173131E+002  0.13400215E+003  0.34790500E+003  0.65682894E+003
 -0.82410837E+000 -0.64270231E+000 -0.27710355E+000 -0.65983763E-004  0.84651310E-001  0.17443995E+001  0.12075739E+002  0.59173131E+002  0.13400215E+003  0.34790500E+003  0.65682895E+003
 -0.82410564E+000 -0.64269795E+000 -0.27710258E+000 -0.65983698E-004  0.84655411E-001  0.17444240E+001  0.12075854E+002  0.59173131E+002  0.13400215E+003  0.34790501E+003  0.65682896E+003
 -0.82410304E+000 -0.64269376E+000 -0.27710168E+000 -0.65983695E-004  0.84659210E-001  0.17444483E+001  0.12075966E+002  0.59173131E+002  0.13400215E+003  0.34790501E+003  0.65682897E+003
 -0.82410058E+000 -0.64268977E+000 -0.27710083E+000 -0.65983756E-004  0.84662670E-001  0.17444724E+001  0.12076074E+002  0.59173131E+002  0.13400215E+003  0.34790502E+003  0.65682898E+003
 -0.82409827E+000 -0.64268600E+000 -0.27710006E+000 -0.65983882E-004  0.84665753E-001  0.17444963E+001  0.12076179E+002  0.59173132E+002  0.13400215E+003  0.34790502E+003  0.65682898E+003
 -0.82409615E+000 -0.64268247E+000 -0.27709935E+000 -0.65984076E-004  0.84668425E-001  0.17445197E+001  0.12076280E+002  0.59173132E+002  0.13400215E+003  0.34790503E+003  0.65682899E+003
 -0.82409421E+000 -0.64267922E+000 -0.27709871E+000 -0.65984339E-004  0.84670651E-001  0.17445426E+001  0.12076376E+002  0.59173132E+002  0.13400216E+003  0.34790503E+003  0.65682900E+003
 -0.82409247E+000 -0.64267626E+000 -0.27709816E+000 -0.65984671E-004  0.84672402E-001  0.17445649E+001  0.12076468E+002  0.59173132E+002  0.13400216E+003  0.34790503E+003  0.65682901E+003
 -0.82409096E+000 -0.64267362E+000 -0.27709768E+000 -0.65985074E-004  0.84673648E-001  0.17445866E+001  0.12076554E+002  0.59173132E+002  0.13400216E+003  0.34790504E+003  0.65682902E+003
 -0.82408968E+000 -0.64267132E+000 -0.27709729E+000 -0.65985548E-004  0.84674364E-001  0.17446075E+001  0.12076636E+002  0.59173133E+002  0.13400216E+003  0.34790504E+003  0.65682903E+003
 -0.82408866E+000 -0.64266940E+000 -0.27709699E+000 -0.65986094E-004  0.84674530E-001  0.17446275E+001  0.12076711E+002  0.59173133E+002  0.13400216E+003  0.34790505E+003  0.65682904E+003
 -0.82408790E+000 -0.64266787E+000 -0.27709677E+000 -0.65986711E-004  0.84674130E-001  0.17446466E+001  0.12076780E+002  0.59173133E+002  0.13400216E+003  0.34790505E+003  0.65682905E+003
 -0.82408741E+000 -0.64266676E+000 -0.27709666E+000 -0.65987400E-004  0.84673150E-001  0.17446647E+001  0.12076843E+002  0.59173133E+002  0.13400216E+003  0.34790505E+003  0.65682906E+003
 -0.82408722E+000 -0.64266608E+000 -0.27709663E+000 -0.65988159E-004  0.84671585E-001  0.17446816E+001  0.12076898E+002  0.59173133E+002  0.13400216E+003  0.34790506E+003  0.65682906E+003
 -0.82408734E+000 -0.64266586E+000 -0.27709671E+000 -0.65988989E-004  0.84669432E-001  0.17446972E+001  0.12076947E+002  0.59173133E+002  0.13400217E+003  0.34790506E+003  0.65682907E+003
 -0.82408777E+000 -0.64266611E+000 -0.27709689E+000 -0.65989888E-004  0.84666694E-001  0.17447116E+001  0.12076989E+002  0.59173133E+002  0.13400217E+003  0.34790506E+003  0.65682908E+003
 -0.82408853E+000 -0.64266686E+000 -0.27709717E+000 -0.65990855E-004  0.84663381E-001  0.17447246E+001  0.12077022E+002  0.59173133E+002  0.13400217E+003  0.34790507E+003  0.65682909E+003
 -0.82408961E+000 -0.64266811E+000 -0.27709755E+000 -0.65991888E-004  0.84659504E-001  0.17447361E+001  0.12077048E+002  0.59173133E+002  0.13400217E+003  0.34790507E+003  0.65682909E+003
 -0.82409104E+000 -0.64266987E+000 -0.27709804E+000 -0.65992986E-004  0.84655084E-001  0.17447461E+001  0.12077066E+002  0.59173134E+002  0.13400217E+003  0.34790507E+003  0.65682910E+003
 -0.82409281E+000 -0.64267215E+000 -0.27709863E+000 -0.65994147E-004  0.84650142E-001  0.17447545E+001  0.12077076E+002  0.59173134E+002  0.13400217E+003  0.34790508E+003  0.65682911E+003
 -0.82409492E+000 -0.64267497E+000 -0.27709932E+000 -0.65995369E-004  0.84644706E-001  0.17447613E+001  0.12077078E+002  0.59173134E+002  0.13400217E+003  0.34790508E+003  0.65682911E+003
 -0.82409737E+000 -0.64267831E+000 -0.27710012E+000 -0.65996649E-004  0.84638808E-001  0.17447663E+001  0.12077071E+002  0.59173134E+002  0.13400217E+003  0.34790508E+003  0.65682912E+003
 -0.82410017E+000 -0.64268219E+000 -0.27710102E+000 -0.65997986E-004  0.84632482E-001  0.17447697E+001  0.12077055E+002  0.59173134E+002  0.13400217E+003  0.34790508E+003  0.65682912E+003
 -0.82410330E+000 -0.64268659E+000 -0.27710203E+000 -0.65999377E-004  0.84625765E-001  0.17447712E+001  0.12077030E+002  0.59173134E+002  0.13400217E+003  0.34790508E+003  0.65682913E+003
 -0.82410676E+000 -0.64269151E+000 -0.27710313E+000 -0.66000819E-004  0.84618697E-001  0.17447709E+001  0.12076997E+002  0.59173134E+002  0.13400217E+003  0.34790509E+003  0.65682913E+003
 -0.82411053E+000 -0.64269694E+000 -0.27710434E+000 -0.66002309E-004  0.84611320E-001  0.17447688E+001  0.12076955E+002  0.59173134E+002  0.13400217E+003  0.34790509E+003  0.65682914E+003
 -0.82411462E+000 -0.64270287E+000 -0.27710564E+000 -0.66003845E-004  0.84603675E-001  0.17447648E+001  0.12076905E+002  0.59173134E+002  0.13400217E+003  0.34790509E+003  0.65682914E+003
 -0.82411899E+000 -0.64270928E+000 -0.27710703E+000 -0.66005423E-004  0.84595808E-001  0.17447590E+001  0.12076846E+002  0.59173134E+002  0.13400217E+003  0.34790509E+003  0.65682915E+003
 -0.82412365E+000 -0.64271614E+000 -0.27710852E+000 -0.66007041E-004  0.84587760E-001  0.17447512E+001  0.12076778E+002  0.59173134E+002  0.13400217E+003  0.34790509E+003  0.65682915E+003
 -0.82412856E+000 -0.64272345E+000 -0.27711010E+000 -0.66008695E-004  0.84579574E-001  0.17447415E+001  0.12076702E+002  0.59173133E+002  0.13400217E+003  0.34790509E+003  0.65682916E+003
 -0.82413371E+000 -0.64273117E+000 -0.27711176E+000 -0.66010382E-004  0.84571294E-001  0.17447299E+001  0.12076617E+002  0.59173133E+002  0.13400217E+003  0.34790509E+003  0.65682916E+003
 -0.82413908E+000 -0.64273927E+000 -0.27711350E+000 -0.66012099E-004  0.84562959E-001  0.17447164E+001  0.12076525E+002  0.59173133E+002  0.13400217E+003  0.34790510E+003  0.65682916E+003
 -0.82414465E+000 -0.64274774E+000 -0.27711532E+000 -0.66013843E-004  0.84554608E-001  0.17447010E+001  0.12076424E+002  0.59173133E+002  0.13400217E+003  0.34790510E+003  0.65682916E+003
 -0.82415038E+000 -0.64275652E+000 -0.27711720E+000 -0.66015609E-004  0.84546278E-001  0.17446838E+001  0.12076316E+002  0.59173133E+002  0.13400217E+003  0.34790510E+003  0.65682917E+003
 -0.82415627E+000 -0.64276561E+000 -0.27711916E+000 -0.66017396E-004  0.84538004E-001  0.17446646E+001  0.12076201E+002  0.59173133E+002  0.13400217E+003  0.34790510E+003  0.65682917E+003
 -0.82416229E+000 -0.64277495E+000 -0.27712117E+000 -0.66019198E-004  0.84529817E-001  0.17446436E+001  0.12076078E+002  0.59173133E+002  0.13400217E+003  0.34790510E+003  0.65682917E+003
 -0.82416841E+000 -0.64278451E+000 -0.27712324E+000 -0.66021013E-004  0.84521747E-001  0.17446208E+001  0.12075948E+002  0.59173133E+002  0.13400217E+003  0.34790510E+003  0.65682917E+003
 -0.82417460E+000 -0.64279427E+000 -0.27712536E+000 -0.66022837E-004  0.84513821E-001  0.17445962E+001  0.12075812E+002  0.59173133E+002  0.13400217E+003  0.34790510E+003  0.65682917E+003
 -0.82418085E+000 -0.64280418E+000 -0.27712752E+000 -0.66024667E-004  0.84506063E-001  0.17445698E+001  0.12075669E+002  0.59173132E+002  0.13400217E+003  0.34790510E+003  0.65682917E+003
 -0.82418712E+000 -0.64281420E+000 -0.27712972E+000 -0.66026499E-004  0.84498492E-001  0.17445418E+001  0.12075521E+002  0.59173132E+002  0.13400217E+003  0.34790509E+003  0.65682917E+003
 -0.82419340E+000 -0.64282431E+000 -0.27713195E+000 -0.66028330E-004  0.84491126E-001  0.17445121E+001  0.12075367E+002  0.59173132E+002  0.13400217E+003  0.34790509E+003  0.65682917E+003
 -0.82419967E+000 -0.64283446E+000 -0.27713420E+000 -0.66030155E-004  0.84483982E-001  0.17444808E+001  0.12075207E+002  0.59173132E+002  0.13400217E+003  0.34790509E+003  0.65682917E+003
 -0.82420590E+000 -0.64284462E+000 -0.27713647E+000 -0.66031973E-004  0.84477072E-001  0.17444480E+001  0.12075042E+002  0.59173132E+002  0.13400217E+003  0.34790509E+003  0.65682917E+003
 -0.82421207E+000 -0.64285476E+000 -0.27713875E+000 -0.66033778E-004  0.84470405E-001  0.17444137E+001  0.12074873E+002  0.59173132E+002  0.13400217E+003  0.34790509E+003  0.65682917E+003
 -0.82421816E+000 -0.64286485E+000 -0.27714104E+000 -0.66035569E-004  0.84463990E-001  0.17443781E+001  0.12074699E+002  0.59173131E+002  0.13400216E+003  0.34790509E+003  0.65682917E+003
 -0.82422416E+000 -0.64287486E+000 -0.27714333E+000 -0.66037341E-004  0.84457832E-001  0.17443411E+001  0.12074521E+002  0.59173131E+002  0.13400216E+003  0.34790509E+003  0.65682917E+003
 -0.82423005E+000 -0.64288475E+000 -0.27714561E+000 -0.66039092E-004  0.84451934E-001  0.17443030E+001  0.12074339E+002  0.59173131E+002  0.13400216E+003  0.34790509E+003  0.65682917E+003
 -0.82423581E+000 -0.64289450E+000 -0.27714788E+000 -0.66040819E-004  0.84446298E-001  0.17442637E+001  0.12074154E+002  0.59173131E+002  0.13400216E+003  0.34790508E+003  0.65682917E+003
 -0.82424143E+000 -0.64290409E+000 -0.27715013E+000 -0.66042518E-004  0.84440924E-001  0.17442234E+001  0.12073965E+002  0.59173131E+002  0.13400216E+003  0.34790508E+003  0.65682917E+003
 -0.82424691E+000 -0.64291349E+000 -0.27715236E+000 -0.66044187E-004  0.84435810E-001  0.17441822E+001  0.12073773E+002  0.59173130E+002  0.13400216E+003  0.34790508E+003  0.65682917E+003
 -0.82425222E+000 -0.64292268E+000 -0.27715455E+000 -0.66045823E-004  0.84430954E-001  0.17441403E+001  0.12073579E+002  0.59173130E+002  0.13400216E+003  0.34790508E+003  0.65682917E+003
 -0.82425736E+000 -0.64293164E+000 -0.27715672E+000 -0.66047423E-004  0.84426353E-001  0.17440976E+001  0.12073381E+002  0.59173130E+002  0.13400216E+003  0.34790507E+003  0.65682916E+003
 -0.82426233E+000 -0.64294036E+000 -0.27715884E+000 -0.66048987E-004  0.84422000E-001  0.17440544E+001  0.12073182E+002  0.59173130E+002  0.13400216E+003  0.34790507E+003  0.65682916E+003
 -0.82426711E+000 -0.64294882E+000 -0.27716093E+000 -0.66050510E-004  0.84417890E-001  0.17440108E+001  0.12072980E+002  0.59173129E+002  0.13400215E+003  0.34790507E+003  0.65682916E+003
 -0.82427171E+000 -0.64295701E+000 -0.27716297E+000 -0.66051992E-004  0.84414017E-001  0.17439668E+001  0.12072776E+002  0.59173129E+002  0.13400215E+003  0.34790507E+003  0.65682916E+003
 -0.82427611E+000 -0.64296492E+000 -0.27716495E+000 -0.66053431E-004  0.84410374E-001  0.17439227E+001  0.12072571E+002  0.59173129E+002  0.13400215E+003  0.34790506E+003  0.65682916E+003
 -0.82428032E+000 -0.64297253E+000 -0.27716689E+000 -0.66054824E-004  0.84406953E-001  0.17438785E+001  0.12072364E+002  0.59173129E+002  0.13400215E+003  0.34790506E+003  0.65682915E+003
 -0.82428434E+000 -0.64297986E+000 -0.27716877E+000 -0.66056172E-004  0.84403748E-001  0.17438343E+001  0.12072155E+002  0.59173129E+002  0.13400215E+003  0.34790506E+003  0.65682915E+003
 -0.82428817E+000 -0.64298687E+000 -0.27717059E+000 -0.66057473E-004  0.84400749E-001  0.17437904E+001  0.12071945E+002  0.59173128E+002  0.13400215E+003  0.34790505E+003  0.65682915E+003
 -0.82429180E+000 -0.64299359E+000 -0.27717235E+000 -0.66058725E-004  0.84397949E-001  0.17437467E+001  0.12071734E+002  0.59173128E+002  0.13400215E+003  0.34790505E+003  0.65682914E+003
 -0.82429524E+000 -0.64300000E+000 -0.27717404E+000 -0.66059928E-004  0.84395339E-001  0.17437035E+001  0.12071523E+002  0.59173128E+002  0.13400214E+003  0.34790505E+003  0.65682914E+003
 -0.82429849E+000 -0.64300610E+000 -0.27717568E+000 -0.66061083E-004  0.84392911E-001  0.17436608E+001  0.12071310E+002  0.59173128E+002  0.13400214E+003  0.34790504E+003  0.65682913E+003
 -0.82430156E+000 -0.64301191E+000 -0.27717725E+000 -0.66062188E-004  0.84390658E-001  0.17436187E+001  0.12071097E+002  0.59173127E+002  0.13400214E+003  0.34790504E+003  0.65682913E+003
 -0.82430445E+000 -0.64301741E+000 -0.27717875E+000 -0.66063243E-004  0.84388570E-001  0.17435774E+001  0.12070884E+002  0.59173127E+002  0.13400214E+003  0.34790504E+003  0.65682913E+003
 -0.82430717E+000 -0.64302261E+000 -0.27718019E+000 -0.66064248E-004  0.84386640E-001  0.17435369E+001  0.12070671E+002  0.59173127E+002  0.13400214E+003  0.34790503E+003  0.65682912E+003
 -0.82430971E+000 -0.64302753E+000 -0.27718156E+000 -0.66065205E-004  0.84384859E-001  0.17434973E+001  0.12070458E+002  0.59173127E+002  0.13400214E+003  0.34790503E+003  0.65682912E+003
 -0.82431209E+000 -0.64303215E+000 -0.27718287E+000 -0.66066113E-004  0.84383220E-001  0.17434587E+001  0.12070245E+002  0.59173127E+002  0.13400214E+003  0.34790502E+003  0.65682911E+003
 -0.82431430E+000 -0.64303650E+000 -0.27718411E+000 -0.66066973E-004  0.84381715E-001  0.17434212E+001  0.12070032E+002  0.59173126E+002  0.13400213E+003  0.34790502E+003  0.65682911E+003
 -0.82431637E+000 -0.64304058E+000 -0.27718529E+000 -0.66067785E-004  0.84380337E-001  0.17433848E+001  0.12069820E+002  0.59173126E+002  0.13400213E+003  0.34790502E+003  0.65682910E+003
 -0.82431828E+000 -0.64304440E+000 -0.27718641E+000 -0.66068552E-004  0.84379079E-001  0.17433497E+001  0.12069610E+002  0.59173126E+002  0.13400213E+003  0.34790501E+003  0.65682910E+003
 -0.82432006E+000 -0.64304797E+000 -0.27718746E+000 -0.66069272E-004  0.84377932E-001  0.17433157E+001  0.12069400E+002  0.59173126E+002  0.13400213E+003  0.34790501E+003  0.65682909E+003
 -0.82432170E+000 -0.64305129E+000 -0.27718845E+000 -0.66069949E-004  0.84376892E-001  0.17432830E+001  0.12069192E+002  0.59173126E+002  0.13400213E+003  0.34790500E+003  0.65682909E+003
 -0.82432321E+000 -0.64305437E+000 -0.27718938E+000 -0.66070583E-004  0.84375950E-001  0.17432517E+001  0.12068985E+002  0.59173125E+002  0.13400213E+003  0.34790500E+003  0.65682908E+003
 -0.82432460E+000 -0.64305723E+000 -0.27719026E+000 -0.66071175E-004  0.84375101E-001  0.17432216E+001  0.12068781E+002  0.59173125E+002  0.13400213E+003  0.34790499E+003  0.65682907E+003
 -0.82432587E+000 -0.64305988E+000 -0.27719108E+000 -0.66071728E-004  0.84374338E-001  0.17431929E+001  0.12068579E+002  0.59173125E+002  0.13400212E+003  0.34790499E+003  0.65682907E+003
 -0.82432703E+000 -0.64306232E+000 -0.27719184E+000 -0.66072241E-004  0.84373656E-001  0.17431655E+001  0.12068379E+002  0.59173125E+002  0.13400212E+003  0.34790499E+003  0.65682906E+003
 -0.82432809E+000 -0.64306456E+000 -0.27719255E+000 -0.66072718E-004  0.84373049E-001  0.17431395E+001  0.12068182E+002  0.59173125E+002  0.13400212E+003  0.34790498E+003  0.65682905E+003
 -0.82432906E+000 -0.64306662E+000 -0.27719321E+000 -0.66073158E-004  0.84372512E-001  0.17431149E+001  0.12067988E+002  0.59173124E+002  0.13400212E+003  0.34790498E+003  0.65682905E+003
 -0.82432993E+000 -0.64306851E+000 -0.27719383E+000 -0.66073565E-004  0.84372038E-001  0.17430915E+001  0.12067797E+002  0.59173124E+002  0.13400212E+003  0.34790497E+003  0.65682904E+003
 -0.82433072E+000 -0.64307023E+000 -0.27719439E+000 -0.66073940E-004  0.84371624E-001  0.17430695E+001  0.12067610E+002  0.59173124E+002  0.13400212E+003  0.34790497E+003  0.65682903E+003
 -0.82433143E+000 -0.64307179E+000 -0.27719492E+000 -0.66074284E-004  0.84371265E-001  0.17430487E+001  0.12067426E+002  0.59173124E+002  0.13400212E+003  0.34790496E+003  0.65682902E+003
 -0.82433206E+000 -0.64307321E+000 -0.27719540E+000 -0.66074599E-004  0.84370956E-001  0.17430292E+001  0.12067246E+002  0.59173124E+002  0.13400211E+003  0.34790496E+003  0.65682902E+003
 -0.82433263E+000 -0.64307449E+000 -0.27719584E+000 -0.66074886E-004  0.84370693E-001  0.17430110E+001  0.12067071E+002  0.59173123E+002  0.13400211E+003  0.34790495E+003  0.65682901E+003
 -0.82433313E+000 -0.64307565E+000 -0.27719625E+000 -0.66075147E-004  0.84370471E-001  0.17429939E+001  0.12066899E+002  0.59173123E+002  0.13400211E+003  0.34790495E+003  0.65682900E+003
 -0.82433357E+000 -0.64307668E+000 -0.27719661E+000 -0.66075385E-004  0.84370288E-001  0.17429780E+001  0.12066733E+002  0.59173123E+002  0.13400211E+003  0.34790494E+003  0.65682899E+003
 -0.82433396E+000 -0.64307761E+000 -0.27719695E+000 -0.66075599E-004  0.84370139E-001  0.17429632E+001  0.12066570E+002  0.59173123E+002  0.13400211E+003  0.34790494E+003  0.65682899E+003
 -0.82433429E+000 -0.64307843E+000 -0.27719725E+000 -0.66075792E-004  0.84370021E-001  0.17429494E+001  0.12066413E+002  0.59173123E+002  0.13400211E+003  0.34790493E+003  0.65682898E+003
 -0.82433459E+000 -0.64307916E+000 -0.27719753E+000 -0.66075966E-004  0.84369930E-001  0.17429367E+001  0.12066261E+002  0.59173123E+002  0.13400211E+003  0.34790493E+003  0.65682897E+003
 -0.82433484E+000 -0.64307980E+000 -0.27719778E+000 -0.66076120E-004  0.84369865E-001  0.17429250E+001  0.12066114E+002  0.59173122E+002  0.13400211E+003  0.34790492E+003  0.65682896E+003
 -0.82433505E+000 -0.64308036E+000 -0.27719800E+000 -0.66076258E-004  0.84369821E-001  0.17429141E+001  0.12065971E+002  0.59173122E+002  0.13400210E+003  0.34790492E+003  0.65682895E+003
 -0.82433523E+000 -0.64308084E+000 -0.27719820E+000 -0.66076381E-004  0.84369797E-001  0.17429042E+001  0.12065835E+002  0.59173122E+002  0.13400210E+003  0.34790491E+003  0.65682894E+003
 -0.82433538E+000 -0.64308126E+000 -0.27719838E+000 -0.66076488E-004  0.84369789E-001  0.17428951E+001  0.12065703E+002  0.59173122E+002  0.13400210E+003  0.34790491E+003  0.65682894E+003
 -0.82433550E+000 -0.64308162E+000 -0.27719853E+000 -0.66076583E-004  0.84369796E-001  0.17428868E+001  0.12065576E+002  0.59173122E+002  0.13400210E+003  0.34790490E+003  0.65682893E+003
 -0.82433559E+000 -0.64308193E+000 -0.27719867E+000 -0.66076665E-004  0.84369816E-001  0.17428792E+001  0.12065455E+002  0.59173122E+002  0.13400210E+003  0.34790490E+003  0.65682892E+003
 -0.82433566E+000 -0.64308218E+000 -0.27719880E+000 -0.66076737E-004  0.84369846E-001  0.17428723E+001  0.12065339E+002  0.59173122E+002  0.13400210E+003  0.34790490E+003  0.65682891E+003
 -0.82433572E+000 -0.64308239E+000 -0.27719890E+000 -0.66076798E-004  0.84369885E-001  0.17428661E+001  0.12065229E+002  0.59173121E+002  0.13400210E+003  0.34790489E+003  0.65682890E+003
 -0.82433575E+000 -0.64308256E+000 -0.27719899E+000 -0.66076851E-004  0.84369931E-001  0.17428605E+001  0.12065123E+002  0.59173121E+002  0.13400210E+003  0.34790489E+003  0.65682889E+003
 -0.82433577E+000 -0.64308269E+000 -0.27719907E+000 -0.66076895E-004  0.84369982E-001  0.17428554E+001  0.12065023E+002  0.59173121E+002  0.13400210E+003  0.34790488E+003  0.65682888E+003
 -0.82433578E+000 -0.64308280E+000 -0.27719914E+000 -0.66076932E-004  0.84370038E-001  0.17428509E+001  0.12064928E+002  0.59173121E+002  0.13400210E+003  0.34790488E+003  0.65682887E+003
 -0.82433578E+000 -0.64308287E+000 -0.27719920E+000 -0.66076962E-004  0.84370098E-001  0.17428468E+001  0.12064837E+002  0.59173121E+002  0.13400209E+003  0.34790487E+003  0.65682886E+003
 -0.82433577E+000 -0.64308292E+000 -0.27719925E+000 -0.66076987E-004  0.84370159E-001  0.17428432E+001  0.12064752E+002  0.59173121E+002  0.13400209E+003  0.34790487E+003  0.65682885E+003
 -0.82433574E+000 -0.64308295E+000 -0.27719929E+000 -0.66077007E-004  0.84370221E-001  0.17428400E+001  0.12064671E+002  0.59173121E+002  0.13400209E+003  0.34790486E+003  0.65682884E+003
 -0.82433572E+000 -0.64308297E+000 -0.27719932E+000 -0.66077022E-004  0.84370284E-001  0.17428372E+001  0.12064595E+002  0.59173121E+002  0.13400209E+003  0.34790486E+003  0.65682884E+003
 -0.82433569E+000 -0.64308296E+000 -0.27719935E+000 -0.66077034E-004  0.84370347E-001  0.17428347E+001  0.12064523E+002  0.59173120E+002  0.13400209E+003  0.34790486E+003  0.65682883E+003
 -0.82433565E+000 -0.64308295E+000 -0.27719937E+000 -0.66077042E-004  0.84370408E-001  0.17428325E+001  0.12064456E+002  0.59173120E+002  0.13400209E+003  0.34790485E+003  0.65682882E+003
 -0.82433561E+000 -0.64308292E+000 -0.27719938E+000 -0.66077047E-004  0.84370468E-001  0.17428306E+001  0.12064392E+002  0.59173120E+002  0.13400209E+003  0.34790485E+003  0.65682881E+003
 -0.82433557E+000 -0.64308289E+000 -0.27719940E+000 -0.66077050E-004  0.84370525E-001  0.17428289E+001  0.12064333E+002  0.59173120E+002  0.13400209E+003  0.34790484E+003  0.65682880E+003
 -0.82433553E+000 -0.64308285E+000 -0.27719940E+000 -0.66077051E-004  0.84370581E-001  0.17428275E+001  0.12064278E+002  0.59173120E+002  0.13400209E+003  0.34790484E+003  0.65682879E+003
 -0.82433549E+000 -0.64308280E+000 -0.27719941E+000 -0.66077051E-004  0.84370633E-001  0.17428263E+001  0.12064226E+002  0.59173120E+002  0.13400209E+003  0.34790484E+003  0.65682878E+003
 -0.82433544E+000 -0.64308275E+000 -0.27719941E+000 -0.66077049E-004  0.84370683E-001  0.17428253E+001  0.12064178E+002  0.59173120E+002  0.13400209E+003  0.34790483E+003  0.65682877E+003
 -0.82433540E+000 -0.64308270E+000 -0.27719941E+000 -0.66077045E-004  0.84370730E-001  0.17428244E+001  0.12064133E+002  0.59173120E+002  0.13400208E+003  0.34790483E+003  0.65682876E+003
 -0.82433536E+000 -0.64308265E+000 -0.27719941E+000 -0.66077041E-004  0.84370773E-001  0.17428237E+001  0.12064091E+002  0.59173120E+002  0.13400208E+003  0.34790482E+003  0.65682875E+003
 -0.82433532E+000 -0.64308260E+000 -0.27719940E+000 -0.66077037E-004  0.84370814E-001  0.17428231E+001  0.12064052E+002  0.59173120E+002  0.13400208E+003  0.34790482E+003  0.65682875E+003
 -0.82433528E+000 -0.64308254E+000 -0.27719940E+000 -0.66077032E-004  0.84370851E-001  0.17428226E+001  0.12064016E+002  0.59173120E+002  0.13400208E+003  0.34790482E+003  0.65682874E+003
 -0.82433525E+000 -0.64308249E+000 -0.27719940E+000 -0.66077027E-004  0.84370885E-001  0.17428222E+001  0.12063983E+002  0.59173119E+002  0.13400208E+003  0.34790481E+003  0.65682873E+003
 -0.82433521E+000 -0.64308244E+000 -0.27719939E+000 -0.66077021E-004  0.84370916E-001  0.17428218E+001  0.12063952E+002  0.59173119E+002  0.13400208E+003  0.34790481E+003  0.65682872E+003
 -0.82433518E+000 -0.64308239E+000 -0.27719938E+000 -0.66077016E-004  0.84370944E-001  0.17428216E+001  0.12063924E+002  0.59173119E+002  0.13400208E+003  0.34790481E+003  0.65682871E+003
 -0.82433515E+000 -0.64308235E+000 -0.27719938E+000 -0.66077010E-004  0.84370969E-001  0.17428214E+001  0.12063898E+002  0.59173119E+002  0.13400208E+003  0.34790480E+003  0.65682870E+003
 -0.82433512E+000 -0.64308230E+000 -0.27719937E+000 -0.66077005E-004  0.84370991E-001  0.17428213E+001  0.12063874E+002  0.59173119E+002  0.13400208E+003  0.34790480E+003  0.65682869E+003
 -0.82433510E+000 -0.64308226E+000 -0.27719936E+000 -0.66077000E-004  0.84371011E-001  0.17428212E+001  0.12063852E+002  0.59173119E+002  0.13400208E+003  0.34790480E+003  0.65682869E+003
 -0.82433507E+000 -0.64308223E+000 -0.27719936E+000 -0.66076995E-004  0.84371029E-001  0.17428212E+001  0.12063831E+002  0.59173119E+002  0.13400208E+003  0.34790479E+003  0.65682868E+003
 -0.82433505E+000 -0.64308219E+000 -0.27719935E+000 -0.66076991E-004  0.84371044E-001  0.17428211E+001  0.12063813E+002  0.59173119E+002  0.13400208E+003  0.34790479E+003  0.65682867E+003
 -0.82433503E+000 -0.64308216E+000 -0.27719935E+000 -0.66076986E-004  0.84371058E-001  0.17428211E+001  0.12063796E+002  0.59173119E+002  0.13400208E+003  0.34790479E+003  0.65682866E+003
 -0.82433502E+000 -0.64308213E+000 -0.27719934E+000 -0.66076982E-004  0.84371070E-001  0.17428212E+001  0.12063780E+002  0.59173119E+002  0.13400208E+003  0.34790479E+003  0.65682866E+003
 -0.82433500E+000 -0.64308211E+000 -0.27719934E+000 -0.66076978E-004  0.84371081E-001  0.17428212E+001  0.12063766E+002  0.59173119E+002  0.13400208E+003  0.34790478E+003  0.65682865E+003
 -0.82433499E+000 -0.64308208E+000 -0.27719933E+000 -0.66076974E-004  0.84371090E-001  0.17428212E+001  0.12063753E+002  0.59173119E+002  0.13400208E+003  0.34790478E+003  0.65682864E+003
 -0.82433498E+000 -0.64308206E+000 -0.27719933E+000 -0.66076971E-004  0.84371099E-001  0.17428213E+001  0.12063742E+002  0.59173119E+002  0.13400208E+003  0.34790478E+003  0.65682863E+003
 -0.82433497E+000 -0.64308204E+000 -0.27719932E+000 -0.66076967E-004  0.84371106E-001  0.17428214E+001  0.12063731E+002  0.59173119E+002  0.13400208E+003  0.34790477E+003  0.65682863E+003
 -0.82433496E+000 -0.64308202E+000 -0.27719932E+000 -0.66076964E-004  0.84371113E-001  0.17428214E+001  0.12063721E+002  0.59173119E+002  0.13400207E+003  0.34790477E+003  0.65682862E+003
 -0.82433495E+000 -0.64308201E+000 -0.27719931E+000 -0.66076961E-004  0.84371120E-001  0.17428215E+001  0.12063712E+002  0.59173119E+002  0.13400207E+003  0.34790477E+003  0.65682861E+003
 -0.82433494E+000 -0.64308199E+000 -0.27719931E+000 -0.66076958E-004  0.84371127E-001  0.17428216E+001  0.12063704E+002  0.59173119E+002  0.13400207E+003  0.34790477E+003  0.65682861E+003
 -0.82433493E+000 -0.64308198E+000 -0.27719931E+000 -0.66076955E-004  0.84371133E-001  0.17428216E+001  0.12063697E+002  0.59173119E+002  0.13400207E+003  0.34790476E+003  0.65682860E+003
 -0.82433492E+000 -0.64308197E+000 -0.27719930E+000 -0.66076952E-004  0.84371140E-001  0.17428217E+001  0.12063691E+002  0.59173119E+002  0.13400207E+003  0.34790476E+003  0.65682859E+003
 -0.82433492E+000 -0.64308195E+000 -0.27719930E+000 -0.66076948E-004  0.84371147E-001  0.17428218E+001  0.12063685E+002  0.59173118E+002  0.13400207E+003  0.34790476E+003  0.65682859E+003
 -0.82433491E+000 -0.64308194E+000 -0.27719930E+000 -0.66076945E-004  0.84371155E-001  0.17428218E+001  0.12063680E+002  0.59173118E+002  0.13400207E+003  0.34790476E+003  0.65682858E+003
 -0.82433490E+000 -0.64308193E+000 -0.27719929E+000 -0.66076942E-004  0.84371163E-001  0.17428219E+001  0.12063675E+002  0.59173118E+002  0.13400207E+003  0.34790476E+003  0.65682857E+003
 -0.82433490E+000 -0.64308192E+000 -0.27719929E+000 -0.66076938E-004  0.84371171E-001  0.17428220E+001  0.12063671E+002  0.59173118E+002  0.13400207E+003  0.34790475E+003  0.65682857E+003
 -0.82433489E+000 -0.64308190E+000 -0.27719929E+000 -0.66076934E-004  0.84371182E-001  0.17428221E+001  0.12063667E+002  0.59173118E+002  0.13400207E+003  0.34790475E+003  0.65682856E+003
 -0.82433488E+000 -0.64308189E+000 -0.27719928E+000 -0.66076930E-004  0.84371191E-001  0.17428221E+001  0.12063663E+002  0.59173118E+002  0.13400207E+003  0.34790475E+003  0.65682856E+003
