  0.30779050E+000  0.34264334E+000  0.45254784E+000  0.59491735E+000  0.79053122E+000  0.88433711E+000  0.11852603E+001  0.18574393E+001  0.26126166E+001  0.43723196E+001  0.81190720E+001
  0.30779050E+000  0.34264331E+000  0.45254784E+000  0.59491735E+000  0.79053097E+000  0.88434946E+000  0.11852582E+001  0.18579144E+001  0.26126054E+001  0.43716188E+001  0.81186083E+001
  0.30779050E+000  0.34264331E+000  0.45254785E+000  0.59491735E+000  0.79053081E+000  0.88436269E+000  0.11852568E+001  0.18581085E+001  0.26125597E+001  0.43715633E+001  0.81182588E+001
  0.30779050E+000  0.34264331E+000  0.45254786E+000  0.59491735E+000  0.79053073E+000  0.88436924E+000  0.11852556E+001  0.18580931E+001  0.26126375E+001  0.43715320E+001  0.81179923E+001
  0.30779050E+000  0.34264332E+000  0.45254787E+000  0.59491735E+000  0.79053070E+000  0.88437474E+000  0.11852547E+001  0.18580775E+001  0.26126306E+001  0.43714981E+001  0.81177859E+001
  0.30779050E+000  0.34264332E+000  0.45254788E+000  0.59491735E+000  0.79053072E+000  0.88437938E+000  0.11852540E+001  0.18580752E+001  0.26126254E+001  0.43714719E+001  0.81176231E+001
  0.30779050E+000  0.34264333E+000  0.45254788E+000  0.59491735E+000  0.79053077E+000  0.88439462E+000  0.11852534E+001  0.18579953E+001  0.26126213E+001  0.43714518E+001  0.81174930E+001
  0.30778870E+000  0.34264334E+000  0.45254789E+000  0.59491735E+000  0.79053084E+000  0.88439796E+000  0.11852530E+001  0.18579982E+001  0.26126181E+001  0.43714364E+001  0.81173876E+001
  0.30778870E+000  0.34264335E+000  0.45254790E+000  0.59491735E+000  0.79053093E+000  0.88440083E+000  0.11852528E+001  0.18580001E+001  0.26126157E+001  0.43714246E+001  0.81173013E+001
  0.30778870E+000  0.34264335E+000  0.45254790E+000  0.59491735E+000  0.79053103E+000  0.88440330E+000  0.11852525E+001  0.18580014E+001  0.26126138E+001  0.43714156E+001  0.81172302E+001
  0.30778870E+000  0.34264336E+000  0.45254791E+000  0.59491735E+000  0.79053114E+000  0.88440545E+000  0.11852523E+001  0.18580025E+001  0.26126123E+001  0.43718817E+001  0.81171710E+001
  0.30778870E+000  0.34264337E+000  0.45254792E+000  0.59491735E+000  0.79053125E+000  0.88440734E+000  0.11852521E+001  0.18580033E+001  0.26126113E+001  0.43720538E+001  0.81171216E+001
  0.30778870E+000  0.34264338E+000  0.45254792E+000  0.59491735E+000  0.79053136E+000  0.88440900E+000  0.11852521E+001  0.18580041E+001  0.26126105E+001  0.43722181E+001  0.81170801E+001
  0.30778870E+000  0.34264339E+000  0.45254793E+000  0.59491735E+000  0.79053148E+000  0.88441047E+000  0.11852520E+001  0.18580048E+001  0.26126099E+001  0.43752730E+001  0.81170452E+001
  0.30778870E+000  0.34264339E+000  0.45254794E+000  0.59491735E+000  0.79053159E+000  0.88441179E+000  0.11852521E+001  0.18580056E+001  0.26126096E+001  0.43755239E+001  0.81170156E+001
  0.30778870E+000  0.34264340E+000  0.45254794E+000  0.59491735E+000  0.79053171E+000  0.88441299E+000  0.11852521E+001  0.18580064E+001  0.26126094E+001  0.43757516E+001  0.81169904E+001
  0.30778870E+000  0.34264341E+000  0.45254795E+000  0.59491735E+000  0.79053183E+000  0.88441408E+000  0.11852522E+001  0.18580072E+001  0.26126094E+001  0.43778083E+001  0.81169688E+001
  0.30778870E+000  0.34264342E+000  0.45254795E+000  0.59491735E+000  0.79053194E+000  0.88441508E+000  0.11852523E+001  0.18580081E+001  0.26126095E+001  0.43782952E+001  0.81169504E+001
  0.30778870E+000  0.34264343E+000  0.45254796E+000  0.59491735E+000  0.79053206E+000  0.88441602E+000  0.11852524E+001  0.18580091E+001  0.26126097E+001  0.43787191E+001  0.81169343E+001
  0.30778870E+000  0.34264344E+000  0.45254797E+000  0.59491735E+000  0.79053218E+000  0.88441689E+000  0.11852526E+001  0.18580101E+001  0.26126099E+001  0.43790309E+001  0.81169204E+001
  0.30778870E+000  0.34264345E+000  0.45254797E+000  0.59482790E+000  0.79053230E+000  0.88441772E+000  0.11852527E+001  0.18580112E+001  0.26126103E+001  0.43792657E+001  0.81169082E+001
  0.30778870E+000  0.34264346E+000  0.45254798E+000  0.59482790E+000  0.79053241E+000  0.88441852E+000  0.11852529E+001  0.18580124E+001  0.26126107E+001  0.43797059E+001  0.81168974E+001
  0.30778871E+000  0.34264347E+000  0.45254798E+000  0.59482790E+000  0.79053253E+000  0.88441928E+000  0.11852530E+001  0.18580136E+001  0.26126111E+001  0.43802446E+001  0.81168877E+001
  0.30778871E+000  0.34264348E+000  0.45254799E+000  0.59482790E+000  0.79053265E+000  0.88442003E+000  0.11852532E+001  0.18580148E+001  0.26126116E+001  0.43802996E+001  0.81168789E+001
  0.30778871E+000  0.34264349E+000  0.45254800E+000  0.59482791E+000  0.79053277E+000  0.88443333E+000  0.11852534E+001  0.18580161E+001  0.26126121E+001  0.43803518E+001  0.81168708E+001
  0.30778871E+000  0.34264350E+000  0.45254800E+000  0.59482791E+000  0.79053288E+000  0.88443405E+000  0.11852536E+001  0.18580175E+001  0.26126127E+001  0.43804014E+001  0.81168634E+001
  0.30778871E+000  0.34264351E+000  0.45254801E+000  0.59482791E+000  0.79053300E+000  0.88443476E+000  0.11852538E+001  0.18580188E+001  0.26126133E+001  0.43804489E+001  0.81168564E+001
  0.30778871E+000  0.34264352E+000  0.45254802E+000  0.59482791E+000  0.79053312E+000  0.88443547E+000  0.11852541E+001  0.18580203E+001  0.26126139E+001  0.43804948E+001  0.81168497E+001
  0.30778871E+000  0.34264353E+000  0.45254802E+000  0.59482791E+000  0.79053324E+000  0.88443618E+000  0.11852543E+001  0.18580217E+001  0.26126146E+001  0.43805395E+001  0.81168433E+001
  0.30778871E+000  0.34264355E+000  0.45254803E+000  0.59482791E+000  0.79053336E+000  0.88443690E+000  0.11852545E+001  0.18580232E+001  0.26126153E+001  0.43823277E+001  0.81168370E+001
  0.30778871E+000  0.34264356E+000  0.45254804E+000  0.59482791E+000  0.79053348E+000  0.88443763E+000  0.11852548E+001  0.18580248E+001  0.26126160E+001  0.43823316E+001  0.81168308E+001
  0.30778871E+000  0.34264357E+000  0.45254804E+000  0.59491735E+000  0.79053360E+000  0.88443837E+000  0.11852550E+001  0.18580264E+001  0.26126171E+001  0.43823354E+001  0.81168247E+001
  0.30778871E+000  0.34264358E+000  0.45254805E+000  0.59491735E+000  0.79053372E+000  0.88443912E+000  0.11852553E+001  0.18580280E+001  0.26126192E+001  0.43823393E+001  0.81168186E+001
  0.30778871E+000  0.34264360E+000  0.45254806E+000  0.59491735E+000  0.79053385E+000  0.88443988E+000  0.11852555E+001  0.18580297E+001  0.26126214E+001  0.43823433E+001  0.81168124E+001
  0.30779050E+000  0.34264361E+000  0.45254807E+000  0.59482791E+000  0.79053397E+000  0.88444066E+000  0.11852558E+001  0.18580314E+001  0.26126236E+001  0.43823473E+001  0.81168062E+001
  0.30779050E+000  0.34264362E+000  0.45254807E+000  0.59482792E+000  0.79053410E+000  0.88444145E+000  0.11852579E+001  0.18580331E+001  0.26126259E+001  0.43823515E+001  0.81167999E+001
  0.30779050E+000  0.34264364E+000  0.45254808E+000  0.59482792E+000  0.79053423E+000  0.88444226E+000  0.11852754E+001  0.18580349E+001  0.26126282E+001  0.43823557E+001  0.81167935E+001
  0.30779050E+000  0.34264365E+000  0.45254809E+000  0.59482792E+000  0.79053436E+000  0.88444308E+000  0.11852934E+001  0.18580367E+001  0.26126306E+001  0.43823601E+001  0.81167870E+001
  0.30779050E+000  0.34264366E+000  0.45254810E+000  0.59482792E+000  0.79053449E+000  0.88444393E+000  0.11853118E+001  0.18580386E+001  0.26126330E+001  0.43823646E+001  0.81167803E+001
  0.30779050E+000  0.34264368E+000  0.45254811E+000  0.59491735E+000  0.79053462E+000  0.88444479E+000  0.11853385E+001  0.18580404E+001  0.26126354E+001  0.43823692E+001  0.81167735E+001
  0.30779050E+000  0.34264369E+000  0.45254812E+000  0.59491735E+000  0.79053475E+000  0.88444567E+000  0.11853481E+001  0.18580424E+001  0.26126380E+001  0.43823740E+001  0.81167665E+001
  0.30779050E+000  0.34264371E+000  0.45254813E+000  0.59491735E+000  0.79053489E+000  0.88444657E+000  0.11853593E+001  0.18580444E+001  0.26126405E+001  0.43823790E+001  0.81167595E+001
  0.30779050E+000  0.34264372E+000  0.45254813E+000  0.59491735E+000  0.79053503E+000  0.88444749E+000  0.11853722E+001  0.18580464E+001  0.26126431E+001  0.43823841E+001  0.81167522E+001
  0.30779050E+000  0.34264374E+000  0.45254814E+000  0.59491735E+000  0.79053516E+000  0.88444842E+000  0.11853813E+001  0.18580484E+001  0.26126458E+001  0.43823893E+001  0.81167448E+001
  0.30779050E+000  0.34264376E+000  0.45254815E+000  0.59491735E+000  0.79053530E+000  0.88444937E+000  0.11853865E+001  0.18580505E+001  0.26126485E+001  0.43823948E+001  0.81167373E+001
  0.30779050E+000  0.34264377E+000  0.45254816E+000  0.59491735E+000  0.79053545E+000  0.88445034E+000  0.11853917E+001  0.18580526E+001  0.26126513E+001  0.43824004E+001  0.81167297E+001
  0.30779050E+000  0.34264379E+000  0.45254817E+000  0.59491735E+000  0.79053559E+000  0.88445133E+000  0.11853967E+001  0.18580548E+001  0.26126541E+001  0.43824061E+001  0.81167219E+001
  0.30779050E+000  0.34264381E+000  0.45254818E+000  0.59491735E+000  0.79053573E+000  0.88445233E+000  0.11854015E+001  0.18580570E+001  0.26126570E+001  0.43824121E+001  0.81167140E+001
  0.30779050E+000  0.34264383E+000  0.45254819E+000  0.59491735E+000  0.79053588E+000  0.88445335E+000  0.11854062E+001  0.18580592E+001  0.26126599E+001  0.43824182E+001  0.81167060E+001
  0.30779050E+000  0.34264384E+000  0.45254820E+000  0.59491735E+000  0.79053603E+000  0.88445438E+000  0.11854107E+001  0.18580615E+001  0.26126628E+001  0.43824245E+001  0.81166979E+001
  0.30779050E+000  0.34264386E+000  0.45254821E+000  0.59491735E+000  0.79053618E+000  0.88445542E+000  0.11854149E+001  0.18580638E+001  0.26126658E+001  0.43824309E+001  0.81166897E+001
  0.30779050E+000  0.34264388E+000  0.45254822E+000  0.59491735E+000  0.79053633E+000  0.88445648E+000  0.11854190E+001  0.18581640E+001  0.26126688E+001  0.43824375E+001  0.81166815E+001
  0.30779050E+000  0.34264390E+000  0.45254823E+000  0.59491735E+000  0.79053648E+000  0.88445755E+000  0.11854228E+001  0.18582394E+001  0.26126718E+001  0.43824443E+001  0.81166731E+001
  0.30779050E+000  0.34264392E+000  0.45254824E+000  0.59491735E+000  0.79053663E+000  0.88445862E+000  0.11854264E+001  0.18582453E+001  0.26126749E+001  0.43824512E+001  0.81166647E+001
  0.30779050E+000  0.34264394E+000  0.45254825E+000  0.59491735E+000  0.79053678E+000  0.88445971E+000  0.11854297E+001  0.18582508E+001  0.26126779E+001  0.43824582E+001  0.81166562E+001
  0.30779050E+000  0.34264396E+000  0.45254826E+000  0.59491735E+000  0.79053694E+000  0.88446081E+000  0.11854328E+001  0.18582559E+001  0.26126810E+001  0.43824654E+001  0.81166506E+001
  0.30779050E+000  0.34264398E+000  0.45254827E+000  0.59491735E+000  0.79053709E+000  0.88446190E+000  0.11854356E+001  0.18582607E+001  0.26126842E+001  0.43824726E+001  0.81166462E+001
  0.30779050E+000  0.34264400E+000  0.45254828E+000  0.59491735E+000  0.79053724E+000  0.88446301E+000  0.11854380E+001  0.18582652E+001  0.26126873E+001  0.43824800E+001  0.81166417E+001
  0.30779050E+000  0.34264402E+000  0.45254829E+000  0.59491735E+000  0.79053739E+000  0.88446412E+000  0.11854402E+001  0.18583067E+001  0.26126904E+001  0.43824875E+001  0.81166372E+001
  0.30779050E+000  0.34264404E+000  0.45254830E+000  0.59491735E+000  0.79053755E+000  0.88447847E+000  0.11854421E+001  0.18583086E+001  0.26126936E+001  0.43824951E+001  0.81166327E+001
  0.30779050E+000  0.34264406E+000  0.45254831E+000  0.59491735E+000  0.79053770E+000  0.88447957E+000  0.11854437E+001  0.18583104E+001  0.26126967E+001  0.43825028E+001  0.81166282E+001
  0.30779050E+000  0.34264408E+000  0.45254832E+000  0.59491735E+000  0.79053785E+000  0.88448067E+000  0.11854449E+001  0.18583123E+001  0.26126998E+001  0.43825105E+001  0.81166237E+001
  0.30779050E+000  0.34264410E+000  0.45254833E+000  0.59491735E+000  0.79053800E+000  0.88448177E+000  0.11854455E+001  0.18583141E+001  0.26127029E+001  0.43825182E+001  0.81166192E+001
  0.30779050E+000  0.34264412E+000  0.45254834E+000  0.59491735E+000  0.79053815E+000  0.88448286E+000  0.11854457E+001  0.18583159E+001  0.26127060E+001  0.43825260E+001  0.81166148E+001
  0.30779050E+000  0.34264414E+000  0.45254835E+000  0.59491735E+000  0.79053830E+000  0.88448394E+000  0.11854458E+001  0.18583177E+001  0.26127091E+001  0.43825338E+001  0.81166104E+001
  0.30779050E+000  0.34264416E+000  0.45254836E+000  0.59491735E+000  0.79053845E+000  0.88448502E+000  0.11854460E+001  0.18583195E+001  0.26127121E+001  0.43825416E+001  0.81166060E+001
  0.30779050E+000  0.34264418E+000  0.45254837E+000  0.59491735E+000  0.79053860E+000  0.88448608E+000  0.11854462E+001  0.18583212E+001  0.26127151E+001  0.43825493E+001  0.81166016E+001
  0.30779050E+000  0.34264420E+000  0.45254838E+000  0.59491735E+000  0.79053874E+000  0.88448713E+000  0.11854464E+001  0.18583229E+001  0.26127181E+001  0.43825570E+001  0.81165973E+001
  0.30779050E+000  0.34264422E+000  0.45254839E+000  0.59491735E+000  0.79053888E+000  0.88448817E+000  0.11854466E+001  0.18583245E+001  0.26127210E+001  0.43825646E+001  0.81165931E+001
  0.30779050E+000  0.34264424E+000  0.45254840E+000  0.59491735E+000  0.79053902E+000  0.88448919E+000  0.11854487E+001  0.18583261E+001  0.26127239E+001  0.43825721E+001  0.81165889E+001
  0.30779050E+000  0.34264426E+000  0.45254841E+000  0.59491735E+000  0.79053916E+000  0.88449020E+000  0.11854512E+001  0.18583277E+001  0.26127267E+001  0.43825796E+001  0.81165848E+001
  0.30779050E+000  0.34264428E+000  0.45254842E+000  0.59491735E+000  0.79053929E+000  0.88449119E+000  0.11854536E+001  0.18583292E+001  0.26127295E+001  0.43825869E+001  0.81165808E+001
  0.30779050E+000  0.34264429E+000  0.45254843E+000  0.59491735E+000  0.79053942E+000  0.88449215E+000  0.11854560E+001  0.18583306E+001  0.26127322E+001  0.43825940E+001  0.81165768E+001
  0.30779050E+000  0.34264431E+000  0.45254844E+000  0.59491735E+000  0.79053954E+000  0.88449310E+000  0.11854582E+001  0.18583321E+001  0.26127348E+001  0.43826010E+001  0.81165729E+001
  0.30779050E+000  0.34264433E+000  0.45254845E+000  0.59491735E+000  0.79053967E+000  0.88449402E+000  0.11854605E+001  0.18583334E+001  0.26127374E+001  0.43826077E+001  0.81165691E+001
  0.30779050E+000  0.34264434E+000  0.45254845E+000  0.59491735E+000  0.79053978E+000  0.88449492E+000  0.11854627E+001  0.18583347E+001  0.26127399E+001  0.43826143E+001  0.81165655E+001
  0.30779050E+000  0.34264436E+000  0.45254846E+000  0.59491735E+000  0.79053990E+000  0.88449579E+000  0.11854649E+001  0.18583360E+001  0.26127423E+001  0.43826207E+001  0.81165619E+001
  0.30779050E+000  0.34264437E+000  0.45254847E+000  0.59491735E+000  0.79054000E+000  0.88449664E+000  0.11854670E+001  0.18583371E+001  0.26127447E+001  0.43826268E+001  0.81165584E+001
  0.30779050E+000  0.34264439E+000  0.45254848E+000  0.59491735E+000  0.79054011E+000  0.88449746E+000  0.11854690E+001  0.18583383E+001  0.26127469E+001  0.43826326E+001  0.81165550E+001
  0.30779050E+000  0.34264440E+000  0.45254848E+000  0.59491735E+000  0.79054020E+000  0.88449825E+000  0.11854709E+001  0.18583393E+001  0.26127491E+001  0.43826382E+001  0.81165517E+001
  0.30779050E+000  0.34264441E+000  0.45254849E+000  0.59491735E+000  0.79054029E+000  0.88449901E+000  0.11854727E+001  0.18583403E+001  0.26127512E+001  0.43826435E+001  0.81165485E+001
  0.30779050E+000  0.34264442E+000  0.45254850E+000  0.59491735E+000  0.79054038E+000  0.88449975E+000  0.11854743E+001  0.18583413E+001  0.26127532E+001  0.43826485E+001  0.81165455E+001
  0.30779050E+000  0.34264443E+000  0.45254850E+000  0.59491735E+000  0.79054045E+000  0.88450045E+000  0.11854760E+001  0.18583422E+001  0.26127551E+001  0.43826532E+001  0.81165425E+001
  0.30779050E+000  0.34264444E+000  0.45254851E+000  0.59491735E+000  0.79054052E+000  0.88450113E+000  0.11854776E+001  0.18583430E+001  0.26127570E+001  0.43826576E+001  0.81165397E+001
  0.30779050E+000  0.34264445E+000  0.45254851E+000  0.59491735E+000  0.79054058E+000  0.88450177E+000  0.11854791E+001  0.18583856E+001  0.26127587E+001  0.43826616E+001  0.81165370E+001
  0.30779050E+000  0.34264446E+000  0.45254852E+000  0.59491735E+000  0.79054063E+000  0.88450239E+000  0.11854806E+001  0.18583846E+001  0.26127604E+001  0.43842649E+001  0.81165344E+001
  0.30779050E+000  0.34264447E+000  0.45254852E+000  0.59491735E+000  0.79054068E+000  0.88450297E+000  0.11854819E+001  0.18583837E+001  0.26127620E+001  0.43842688E+001  0.81165319E+001
  0.30779050E+000  0.34264447E+000  0.45254853E+000  0.59491735E+000  0.79054072E+000  0.88450353E+000  0.11854833E+001  0.18583828E+001  0.26127635E+001  0.43842726E+001  0.81165295E+001
  0.30779050E+000  0.34264448E+000  0.45254853E+000  0.59491735E+000  0.79054074E+000  0.88450406E+000  0.11854846E+001  0.18583819E+001  0.26127649E+001  0.43842762E+001  0.81165272E+001
  0.30779050E+000  0.34264448E+000  0.45254854E+000  0.59491735E+000  0.79054076E+000  0.88450456E+000  0.11854857E+001  0.18583811E+001  0.26127662E+001  0.43842795E+001  0.81165251E+001
  0.30779050E+000  0.34264448E+000  0.45254854E+000  0.59491735E+000  0.79054077E+000  0.88450503E+000  0.11854868E+001  0.18583803E+001  0.26127674E+001  0.43842824E+001  0.81165230E+001
  0.30779050E+000  0.34264449E+000  0.45254854E+000  0.59491735E+000  0.79054078E+000  0.88450547E+000  0.11854878E+001  0.18583795E+001  0.26127685E+001  0.43842848E+001  0.81165211E+001
  0.30779050E+000  0.34264449E+000  0.45254855E+000  0.59491735E+000  0.79054077E+000  0.88450588E+000  0.11854887E+001  0.18583787E+001  0.26127696E+001  0.43842865E+001  0.81165192E+001
  0.30779050E+000  0.34264449E+000  0.45254855E+000  0.59491735E+000  0.79054075E+000  0.88450627E+000  0.11854896E+001  0.18583780E+001  0.26127706E+001  0.43842876E+001  0.81165175E+001
  0.30779050E+000  0.34264449E+000  0.45254855E+000  0.59491735E+000  0.79054072E+000  0.88450663E+000  0.11854904E+001  0.18583773E+001  0.26127715E+001  0.43842880E+001  0.81165158E+001
  0.30779050E+000  0.34264448E+000  0.45254856E+000  0.59491735E+000  0.79054069E+000  0.88450697E+000  0.11854912E+001  0.18583767E+001  0.26127724E+001  0.43842876E+001  0.81165143E+001
  0.30779050E+000  0.34264448E+000  0.45254856E+000  0.59491735E+000  0.79054064E+000  0.88450728E+000  0.11854919E+001  0.18583760E+001  0.26127731E+001  0.43842863E+001  0.81165128E+001
  0.30779050E+000  0.34264448E+000  0.45254856E+000  0.59491735E+000  0.79054059E+000  0.88450757E+000  0.11854925E+001  0.18583754E+001  0.26127738E+001  0.43842843E+001  0.81165114E+001
  0.30779050E+000  0.34264447E+000  0.45254856E+000  0.59491735E+000  0.79054053E+000  0.88450784E+000  0.11854931E+001  0.18583748E+001  0.26127745E+001  0.43842813E+001  0.81165101E+001
  0.30779050E+000  0.34264447E+000  0.45254856E+000  0.59491735E+000  0.79054046E+000  0.88450809E+000  0.11854936E+001  0.18583742E+001  0.26127750E+001  0.43842775E+001  0.81165088E+001
  0.30779050E+000  0.34264446E+000  0.45254857E+000  0.59491735E+000  0.79054038E+000  0.88450832E+000  0.11854941E+001  0.18583736E+001  0.26127756E+001  0.43842728E+001  0.81165076E+001
  0.30779050E+000  0.34264445E+000  0.45254857E+000  0.59491735E+000  0.79054029E+000  0.88450852E+000  0.11854945E+001  0.18583730E+001  0.26127760E+001  0.43842672E+001  0.81165065E+001
  0.30779050E+000  0.34264445E+000  0.45254857E+000  0.59491735E+000  0.79054020E+000  0.88450871E+000  0.11854949E+001  0.18583724E+001  0.26127764E+001  0.43842607E+001  0.81165055E+001
  0.30779050E+000  0.34264444E+000  0.45254857E+000  0.59491735E+000  0.79054009E+000  0.88450888E+000  0.11854953E+001  0.18583719E+001  0.26127768E+001  0.43826721E+001  0.81165045E+001
  0.30779050E+000  0.34264443E+000  0.45254857E+000  0.59491735E+000  0.79053998E+000  0.88450904E+000  0.11854956E+001  0.18583713E+001  0.26127771E+001  0.43826693E+001  0.81165036E+001
  0.30779050E+000  0.34264442E+000  0.45254857E+000  0.59491735E+000  0.79053986E+000  0.88450918E+000  0.11854959E+001  0.18583708E+001  0.26127773E+001  0.43826662E+001  0.81165027E+001
  0.30779050E+000  0.34264441E+000  0.45254857E+000  0.59491735E+000  0.79053974E+000  0.88450931E+000  0.11854961E+001  0.18583702E+001  0.26127776E+001  0.43826629E+001  0.81165018E+001
  0.30779050E+000  0.34264440E+000  0.45254857E+000  0.59491735E+000  0.79053960E+000  0.88450942E+000  0.11854963E+001  0.18583697E+001  0.26127777E+001  0.43826592E+001  0.81165010E+001
  0.30779050E+000  0.34264439E+000  0.45254857E+000  0.59491735E+000  0.79053947E+000  0.88450952E+000  0.11854965E+001  0.18582703E+001  0.26127779E+001  0.43826553E+001  0.81165002E+001
  0.30779050E+000  0.34264437E+000  0.45254857E+000  0.59491735E+000  0.79053932E+000  0.88450960E+000  0.11854966E+001  0.18582609E+001  0.26127780E+001  0.43826512E+001  0.81164995E+001
  0.30779050E+000  0.34264436E+000  0.45254857E+000  0.59491735E+000  0.79053917E+000  0.88450968E+000  0.11854968E+001  0.18582513E+001  0.26127780E+001  0.43826467E+001  0.81164988E+001
  0.30779050E+000  0.34264435E+000  0.45254857E+000  0.59491735E+000  0.79053902E+000  0.88450974E+000  0.11854859E+001  0.18582415E+001  0.26127781E+001  0.43826420E+001  0.81164981E+001
  0.30779050E+000  0.34264433E+000  0.45254857E+000  0.59491735E+000  0.79053886E+000  0.88450980E+000  0.11854618E+001  0.18581279E+001  0.26127781E+001  0.43826371E+001  0.81164974E+001
  0.30779050E+000  0.34264432E+000  0.45254857E+000  0.59491735E+000  0.79053869E+000  0.88450985E+000  0.11854451E+001  0.18581226E+001  0.26127781E+001  0.43826319E+001  0.81164968E+001
  0.30779050E+000  0.34264431E+000  0.45254857E+000  0.59491735E+000  0.79053852E+000  0.88450989E+000  0.11854394E+001  0.18581223E+001  0.26127780E+001  0.43826264E+001  0.81164962E+001
  0.30779050E+000  0.34264429E+000  0.45254857E+000  0.59491735E+000  0.79053835E+000  0.88450992E+000  0.11854337E+001  0.18581219E+001  0.26127780E+001  0.43826208E+001  0.81164955E+001
  0.30779050E+000  0.34264428E+000  0.45254857E+000  0.59491735E+000  0.79053817E+000  0.88450994E+000  0.11854279E+001  0.18581216E+001  0.26127779E+001  0.43826149E+001  0.81164949E+001
  0.30779050E+000  0.34264426E+000  0.45254857E+000  0.59491735E+000  0.79053799E+000  0.88450996E+000  0.11854220E+001  0.18581212E+001  0.26127778E+001  0.43826088E+001  0.81164943E+001
  0.30779050E+000  0.34264425E+000  0.45254857E+000  0.59491735E+000  0.79053781E+000  0.88450997E+000  0.11854161E+001  0.18581208E+001  0.26127777E+001  0.43826025E+001  0.81164937E+001
  0.30779050E+000  0.34264423E+000  0.45254857E+000  0.59491735E+000  0.79053762E+000  0.88450998E+000  0.11854101E+001  0.18581205E+001  0.26127775E+001  0.43825959E+001  0.81164931E+001
  0.30779050E+000  0.34264422E+000  0.45254857E+000  0.59491735E+000  0.79053743E+000  0.88450998E+000  0.11854041E+001  0.18581201E+001  0.26127774E+001  0.43825892E+001  0.81164925E+001
  0.30779050E+000  0.34264420E+000  0.45254857E+000  0.59491735E+000  0.79053724E+000  0.88450997E+000  0.11853981E+001  0.18581197E+001  0.26127772E+001  0.43825823E+001  0.81164919E+001
  0.30779050E+000  0.34264419E+000  0.45254857E+000  0.59491735E+000  0.79053705E+000  0.88450997E+000  0.11853920E+001  0.18581193E+001  0.26127770E+001  0.43825752E+001  0.81164913E+001
  0.30779050E+000  0.34264417E+000  0.45254857E+000  0.59491735E+000  0.79053686E+000  0.88450996E+000  0.11853860E+001  0.18581188E+001  0.26127768E+001  0.43825679E+001  0.81164907E+001
  0.30779050E+000  0.34264416E+000  0.45254857E+000  0.59491735E+000  0.79053666E+000  0.88450994E+000  0.11853799E+001  0.18581184E+001  0.26127766E+001  0.43825604E+001  0.81164900E+001
  0.30779050E+000  0.34264414E+000  0.45254857E+000  0.59491735E+000  0.79053647E+000  0.88450993E+000  0.11853738E+001  0.18581180E+001  0.26127764E+001  0.43825528E+001  0.81164894E+001
  0.30779050E+000  0.34264413E+000  0.45254857E+000  0.59491735E+000  0.79053627E+000  0.88450991E+000  0.11853678E+001  0.18581176E+001  0.26127762E+001  0.43825450E+001  0.81164887E+001
  0.30779050E+000  0.34264411E+000  0.45254857E+000  0.59491735E+000  0.79053607E+000  0.88450989E+000  0.11853618E+001  0.18581172E+001  0.26127760E+001  0.43825371E+001  0.81164880E+001
  0.30779050E+000  0.34264410E+000  0.45254857E+000  0.59491735E+000  0.79053588E+000  0.88450986E+000  0.11853448E+001  0.18581167E+001  0.26127758E+001  0.43825290E+001  0.81164873E+001
  0.30779050E+000  0.34264408E+000  0.45254856E+000  0.59491735E+000  0.79053568E+000  0.88450984E+000  0.11853350E+001  0.18581163E+001  0.26127755E+001  0.43825207E+001  0.81164866E+001
  0.30779050E+000  0.34264407E+000  0.45254856E+000  0.59491735E+000  0.79053549E+000  0.88450981E+000  0.11853174E+001  0.18581159E+001  0.26127753E+001  0.43825124E+001  0.81164859E+001
  0.30779050E+000  0.34264405E+000  0.45254856E+000  0.59491735E+000  0.79053529E+000  0.88450979E+000  0.11852734E+001  0.18581155E+001  0.26127751E+001  0.43825039E+001  0.81164851E+001
  0.30779050E+000  0.34264404E+000  0.45254856E+000  0.59491735E+000  0.79053510E+000  0.88450976E+000  0.11852734E+001  0.18581151E+001  0.26127748E+001  0.43824953E+001  0.81164844E+001
  0.30779050E+000  0.34264402E+000  0.45254856E+000  0.59491735E+000  0.79053491E+000  0.88450973E+000  0.11852734E+001  0.18581147E+001  0.26127746E+001  0.43824866E+001  0.81164836E+001
  0.30779050E+000  0.34264401E+000  0.45254856E+000  0.59491735E+000  0.79053472E+000  0.88450970E+000  0.11852734E+001  0.18581143E+001  0.26127743E+001  0.43824778E+001  0.81164828E+001
  0.30779050E+000  0.34264400E+000  0.45254856E+000  0.59491735E+000  0.79053453E+000  0.88450967E+000  0.11852733E+001  0.18581139E+001  0.26127741E+001  0.43824689E+001  0.81164819E+001
  0.30779050E+000  0.34264399E+000  0.45254856E+000  0.59491735E+000  0.79053434E+000  0.88450964E+000  0.11852733E+001  0.18581135E+001  0.26127738E+001  0.43824599E+001  0.81164811E+001
  0.30779050E+000  0.34264397E+000  0.45254856E+000  0.59491735E+000  0.79053415E+000  0.88450961E+000  0.11852733E+001  0.18581131E+001  0.26127736E+001  0.43824508E+001  0.81164802E+001
  0.30779050E+000  0.34264396E+000  0.45254856E+000  0.59491735E+000  0.79053397E+000  0.88450958E+000  0.11852733E+001  0.18581128E+001  0.26127734E+001  0.43824417E+001  0.81164793E+001
  0.30779050E+000  0.34264395E+000  0.45254856E+000  0.59491735E+000  0.79053379E+000  0.88450955E+000  0.11852733E+001  0.18581124E+001  0.26127731E+001  0.43824325E+001  0.81164783E+001
  0.30779050E+000  0.34264394E+000  0.45254856E+000  0.59491735E+000  0.79053361E+000  0.88450952E+000  0.11852732E+001  0.18581120E+001  0.26127729E+001  0.43824232E+001  0.81164774E+001
  0.30779050E+000  0.34264393E+000  0.45254856E+000  0.59491735E+000  0.79053344E+000  0.88450949E+000  0.11852732E+001  0.18581117E+001  0.26127726E+001  0.43824139E+001  0.81164764E+001
  0.30779050E+000  0.34264392E+000  0.45254856E+000  0.59491735E+000  0.79053326E+000  0.88450946E+000  0.11852732E+001  0.18581113E+001  0.26127724E+001  0.43824046E+001  0.81164754E+001
  0.30779050E+000  0.34264391E+000  0.45254856E+000  0.59491735E+000  0.79053309E+000  0.88450943E+000  0.11852732E+001  0.18581110E+001  0.26127722E+001  0.43823952E+001  0.81164744E+001
  0.30779050E+000  0.34264390E+000  0.45254856E+000  0.59491735E+000  0.79053293E+000  0.88450940E+000  0.11852731E+001  0.18581107E+001  0.26127719E+001  0.43823859E+001  0.81164733E+001
  0.30779050E+000  0.34264389E+000  0.45254856E+000  0.59491735E+000  0.79053276E+000  0.88450938E+000  0.11852731E+001  0.18581103E+001  0.26127717E+001  0.43823765E+001  0.81164723E+001
  0.30779050E+000  0.34264388E+000  0.45254856E+000  0.59491735E+000  0.79053260E+000  0.88450935E+000  0.11852731E+001  0.18581100E+001  0.26127715E+001  0.43823671E+001  0.81164712E+001
  0.30779050E+000  0.34264387E+000  0.45254856E+000  0.59491735E+000  0.79053245E+000  0.88450932E+000  0.11852731E+001  0.18581097E+001  0.26127713E+001  0.43823577E+001  0.81164701E+001
  0.30779050E+000  0.34264386E+000  0.45254855E+000  0.59491735E+000  0.79053229E+000  0.88450930E+000  0.11852731E+001  0.18581094E+001  0.26127711E+001  0.43823483E+001  0.81164689E+001
  0.30779050E+000  0.34264386E+000  0.45254855E+000  0.59491735E+000  0.79053215E+000  0.88450928E+000  0.11852731E+001  0.18581091E+001  0.26127709E+001  0.43823390E+001  0.81164678E+001
  0.30779050E+000  0.34264385E+000  0.45254855E+000  0.59491735E+000  0.79053200E+000  0.88450925E+000  0.11852730E+001  0.18581088E+001  0.26127707E+001  0.43823296E+001  0.81164666E+001
  0.30779050E+000  0.34264384E+000  0.45254855E+000  0.59491735E+000  0.79053186E+000  0.88450923E+000  0.11852730E+001  0.18581085E+001  0.26127705E+001  0.43823203E+001  0.81164654E+001
  0.30779050E+000  0.34264383E+000  0.45254855E+000  0.59491735E+000  0.79053172E+000  0.88450921E+000  0.11852730E+001  0.18581083E+001  0.26127703E+001  0.43823111E+001  0.81164642E+001
  0.30779050E+000  0.34264383E+000  0.45254855E+000  0.59491735E+000  0.79053159E+000  0.88450919E+000  0.11852730E+001  0.18581080E+001  0.26127701E+001  0.43823019E+001  0.81164630E+001
  0.30779050E+000  0.34264382E+000  0.45254855E+000  0.59491735E+000  0.79053146E+000  0.88450917E+000  0.11852730E+001  0.18581077E+001  0.26127699E+001  0.43806244E+001  0.81164618E+001
  0.30779050E+000  0.34264382E+000  0.45254855E+000  0.59491735E+000  0.79053134E+000  0.88450915E+000  0.11852730E+001  0.18581075E+001  0.26127697E+001  0.43805054E+001  0.81164606E+001
  0.30779050E+000  0.34264381E+000  0.45254855E+000  0.59491735E+000  0.79053121E+000  0.88450914E+000  0.11852730E+001  0.18581072E+001  0.26127695E+001  0.43803872E+001  0.81164593E+001
  0.30779050E+000  0.34264381E+000  0.45254855E+000  0.59491735E+000  0.79053110E+000  0.88450912E+000  0.11852729E+001  0.18581070E+001  0.26127694E+001  0.43802701E+001  0.81164580E+001
  0.30779050E+000  0.34264380E+000  0.45254855E+000  0.59491735E+000  0.79053099E+000  0.88450910E+000  0.11852729E+001  0.18581068E+001  0.26127692E+001  0.43801540E+001  0.81164568E+001
  0.30779050E+000  0.34264380E+000  0.45254855E+000  0.59491735E+000  0.79053088E+000  0.88450909E+000  0.11852729E+001  0.18581065E+001  0.26127690E+001  0.43800390E+001  0.81164555E+001
  0.30779050E+000  0.34264379E+000  0.45254855E+000  0.59491735E+000  0.79053077E+000  0.88450908E+000  0.11852729E+001  0.18581063E+001  0.26127689E+001  0.43798478E+001  0.81164542E+001
  0.30779050E+000  0.34264379E+000  0.45254855E+000  0.59491735E+000  0.79053067E+000  0.88450906E+000  0.11852729E+001  0.18581061E+001  0.26127687E+001  0.43795808E+001  0.81164529E+001
  0.30779050E+000  0.34264379E+000  0.45254855E+000  0.59491735E+000  0.79053058E+000  0.88450905E+000  0.11852729E+001  0.18581059E+001  0.26127686E+001  0.43793170E+001  0.81164516E+001
  0.30779050E+000  0.34264378E+000  0.45254855E+000  0.59491735E+000  0.79053048E+000  0.88450904E+000  0.11852729E+001  0.18581056E+001  0.26127684E+001  0.43790857E+001  0.81164503E+001
  0.30779050E+000  0.34264378E+000  0.45254855E+000  0.59491735E+000  0.79053040E+000  0.88450903E+000  0.11852729E+001  0.18581054E+001  0.26127683E+001  0.43790610E+001  0.81164490E+001
  0.30779050E+000  0.34264378E+000  0.45254855E+000  0.59491735E+000  0.79053031E+000  0.88450902E+000  0.11852729E+001  0.18581052E+001  0.26127681E+001  0.43790287E+001  0.81164477E+001
  0.30779050E+000  0.34264378E+000  0.45254855E+000  0.59491735E+000  0.79053023E+000  0.88450902E+000  0.11852729E+001  0.18581051E+001  0.26127680E+001  0.43788444E+001  0.81164464E+001
  0.30779050E+000  0.34264377E+000  0.45254855E+000  0.59491735E+000  0.79053015E+000  0.88450901E+000  0.11852729E+001  0.18581049E+001  0.26127679E+001  0.43786628E+001  0.81164451E+001
  0.30779050E+000  0.34264377E+000  0.45254855E+000  0.59491735E+000  0.79053008E+000  0.88450900E+000  0.11852728E+001  0.18581047E+001  0.26127678E+001  0.43784839E+001  0.81164438E+001
  0.30779050E+000  0.34264377E+000  0.45254855E+000  0.59491735E+000  0.79053001E+000  0.88450900E+000  0.11852728E+001  0.18581045E+001  0.26127676E+001  0.43783079E+001  0.81164425E+001
  0.30779050E+000  0.34264377E+000  0.45254855E+000  0.59491735E+000  0.79052994E+000  0.88450899E+000  0.11852728E+001  0.18581043E+001  0.26127675E+001  0.43781348E+001  0.81164412E+001
  0.30779050E+000  0.34264377E+000  0.45254855E+000  0.59491735E+000  0.79052988E+000  0.88450898E+000  0.11852728E+001  0.18581042E+001  0.26127674E+001  0.43779647E+001  0.81164399E+001
  0.30779050E+000  0.34264376E+000  0.45254855E+000  0.59491735E+000  0.79052982E+000  0.88450898E+000  0.11852728E+001  0.18581040E+001  0.26127673E+001  0.43777975E+001  0.81164387E+001
  0.30779050E+000  0.34264376E+000  0.45254855E+000  0.59491735E+000  0.79052977E+000  0.88450898E+000  0.11852728E+001  0.18581038E+001  0.26127672E+001  0.43771837E+001  0.81164374E+001
  0.30779050E+000  0.34264376E+000  0.45254855E+000  0.59491735E+000  0.79052971E+000  0.88450897E+000  0.11852728E+001  0.18581037E+001  0.26127671E+001  0.43771837E+001  0.81164362E+001
  0.30779050E+000  0.34264376E+000  0.45254855E+000  0.59491735E+000  0.79052966E+000  0.88450897E+000  0.11852728E+001  0.18581035E+001  0.26127670E+001  0.43758212E+001  0.81164349E+001
  0.30779050E+000  0.34264376E+000  0.45254855E+000  0.59491735E+000  0.79052961E+000  0.88450897E+000  0.11852728E+001  0.18580084E+001  0.26127669E+001  0.43757920E+001  0.81164337E+001
  0.30779050E+000  0.34264376E+000  0.45254855E+000  0.59491735E+000  0.79052957E+000  0.88450896E+000  0.11852728E+001  0.18579563E+001  0.26127668E+001  0.43757263E+001  0.81164325E+001
  0.30779050E+000  0.34264376E+000  0.45254855E+000  0.59491735E+000  0.79052953E+000  0.88450896E+000  0.11852728E+001  0.18579057E+001  0.26127667E+001  0.43756426E+001  0.81164313E+001
  0.30779050E+000  0.34264376E+000  0.45254855E+000  0.59491735E+000  0.79052949E+000  0.88450896E+000  0.11852728E+001  0.18578568E+001  0.26127666E+001  0.43755607E+001  0.81164301E+001
  0.30779050E+000  0.34264376E+000  0.45254855E+000  0.59491735E+000  0.79052945E+000  0.88450896E+000  0.11852728E+001  0.18578094E+001  0.26127665E+001  0.43754806E+001  0.81164289E+001
  0.30779050E+000  0.34264376E+000  0.45254855E+000  0.59491735E+000  0.79052942E+000  0.88450896E+000  0.11852728E+001  0.18577635E+001  0.26127664E+001  0.43754022E+001  0.81164277E+001
  0.30779050E+000  0.34264376E+000  0.45254855E+000  0.59491735E+000  0.79052938E+000  0.88450896E+000  0.11852728E+001  0.18577192E+001  0.26127664E+001  0.43753256E+001  0.81164266E+001
  0.30779050E+000  0.34264376E+000  0.45254855E+000  0.59491735E+000  0.79052935E+000  0.88450896E+000  0.11852728E+001  0.18576764E+001  0.26127663E+001  0.43752507E+001  0.81164255E+001
  0.30779050E+000  0.34264375E+000  0.45254855E+000  0.59491735E+000  0.79052932E+000  0.88450895E+000  0.11852728E+001  0.18576351E+001  0.26127662E+001  0.43751776E+001  0.81164244E+001
  0.30779050E+000  0.34264375E+000  0.45254855E+000  0.59491735E+000  0.79052930E+000  0.88450895E+000  0.11852728E+001  0.18575953E+001  0.26127661E+001  0.43751063E+001  0.81164233E+001
  0.30779050E+000  0.34264375E+000  0.45254855E+000  0.59491735E+000  0.79052927E+000  0.88450895E+000  0.11852728E+001  0.18575462E+001  0.26127661E+001  0.43750367E+001  0.81164222E+001
  0.30779050E+000  0.34264375E+000  0.45254855E+000  0.59491735E+000  0.79052925E+000  0.88450895E+000  0.11852728E+001  0.18575323E+001  0.26127660E+001  0.43749688E+001  0.81164211E+001
  0.30779050E+000  0.34264375E+000  0.45254855E+000  0.59491735E+000  0.79052923E+000  0.88450895E+000  0.11852728E+001  0.18575302E+001  0.26127659E+001  0.43749026E+001  0.81164201E+001
  0.30779050E+000  0.34264375E+000  0.45254855E+000  0.59491735E+000  0.79052921E+000  0.88450895E+000  0.11852728E+001  0.18575282E+001  0.26127659E+001  0.43748381E+001  0.81164191E+001
  0.30779050E+000  0.34264375E+000  0.45254855E+000  0.59491735E+000  0.79052919E+000  0.88450895E+000  0.11852728E+001  0.18575262E+001  0.26127658E+001  0.43747754E+001  0.81164181E+001
  0.30779050E+000  0.34264375E+000  0.45254855E+000  0.59491735E+000  0.79052917E+000  0.88450895E+000  0.11852728E+001  0.18575243E+001  0.26127657E+001  0.43747143E+001  0.81164171E+001
  0.30779050E+000  0.34264375E+000  0.45254855E+000  0.59491735E+000  0.79052915E+000  0.88450895E+000  0.11852728E+001  0.18575225E+001  0.26127657E+001  0.43724078E+001  0.81164162E+001
  0.30779050E+000  0.34264375E+000  0.45254855E+000  0.59491735E+000  0.79052914E+000  0.88450895E+000  0.11852728E+001  0.18575208E+001  0.26127656E+001  0.43723548E+001  0.81164152E+001
  0.30779050E+000  0.34264375E+000  0.45254855E+000  0.59491735E+000  0.79052912E+000  0.88450895E+000  0.11852728E+001  0.18575191E+001  0.26127655E+001  0.43723440E+001  0.81164143E+001
  0.30779050E+000  0.34264375E+000  0.45254855E+000  0.59491735E+000  0.79052911E+000  0.88450894E+000  0.11852727E+001  0.18575175E+001  0.26127655E+001  0.43723335E+001  0.81164134E+001
  0.30779050E+000  0.34264375E+000  0.45254855E+000  0.59491735E+000  0.79052910E+000  0.88450894E+000  0.11852727E+001  0.18575160E+001  0.26127654E+001  0.43723232E+001  0.81164126E+001
  0.30779050E+000  0.34264375E+000  0.45254855E+000  0.59491735E+000  0.79052909E+000  0.88450894E+000  0.11852727E+001  0.18575145E+001  0.26127654E+001  0.43723133E+001  0.81164117E+001
  0.30779050E+000  0.34264375E+000  0.45254855E+000  0.59491735E+000  0.79052908E+000  0.88450894E+000  0.11852727E+001  0.18575132E+001  0.26127653E+001  0.43723037E+001  0.81164109E+001
  0.30779050E+000  0.34264375E+000  0.45254855E+000  0.59491735E+000  0.79052907E+000  0.88450893E+000  0.11852727E+001  0.18575118E+001  0.26127653E+001  0.43722944E+001  0.81164101E+001
