  0.00000000E+000  0.00000000E+000  0.00000000E+000  0.00000000E+000  0.42174581E-001  0.36748790E+000  0.69433515E+001  0.46552187E+002  0.11381362E+003  0.30126422E+003  0.59143845E+003
  0.00000000E+000  0.00000000E+000  0.00000000E+000  0.00000000E+000  0.42187606E-001  0.36754501E+000  0.69443839E+001  0.46560553E+002  0.11383338E+003  0.30131779E+003  0.59153648E+003
  0.00000000E+000  0.00000000E+000  0.00000000E+000  0.00000000E+000  0.42198430E-001  0.36759196E+000  0.69452145E+001  0.46567187E+002  0.11384899E+003  0.30136005E+003  0.59161372E+003
  0.00000000E+000  0.00000000E+000  0.00000000E+000  0.00000000E+000  0.42207580E-001  0.36763130E+000  0.69458959E+001  0.46572565E+002  0.11386159E+003  0.30139411E+003  0.59167589E+003
  0.00000000E+000  0.00000000E+000  0.00000000E+000  0.00000000E+000  0.42215424E-001  0.36766474E+000  0.69464628E+001  0.46576991E+002  0.11387193E+003  0.30142200E+003  0.59172668E+003
  0.00000000E+000  0.00000000E+000  0.00000000E+000  0.00000000E+000  0.42222228E-001  0.36769349E+000  0.69469396E+001  0.46580674E+002  0.11388051E+003  0.30144510E+003  0.59176865E+003
  0.00000000E+000  0.00000000E+000  0.00000000E+000  0.00000000E+000  0.42228195E-001  0.36771846E+000  0.69473448E+001  0.46583767E+002  0.11388770E+003  0.30146442E+003  0.59180368E+003
  0.00000000E+000  0.00000000E+000  0.00000000E+000  0.00000000E+000  0.42233483E-001  0.36774037E+000  0.69476922E+001  0.46586387E+002  0.11389377E+003  0.30148071E+003  0.59183315E+003
  0.00000000E+000  0.00000000E+000  0.00000000E+000  0.00000000E+000  0.42238213E-001  0.36775976E+000  0.69479926E+001  0.46588623E+002  0.11389894E+003  0.30149456E+003  0.59185814E+003
  0.00000000E+000  0.00000000E+000  0.00000000E+000  0.00000000E+000  0.42242484E-001  0.36777707E+000  0.69482546E+001  0.46590545E+002  0.11390337E+003  0.30150641E+003  0.59187948E+003
  0.00000000E+000  0.00000000E+000  0.00000000E+000  0.00000000E+000  0.42246377E-001  0.36779265E+000  0.69484850E+001  0.46592209E+002  0.11390719E+003  0.30151662E+003  0.59189782E+003
  0.00000000E+000  0.00000000E+000  0.00000000E+000  0.00000000E+000  0.42249956E-001  0.36780681E+000  0.69486894E+001  0.46593661E+002  0.11391052E+003  0.30152550E+003  0.59191372E+003
  0.00000000E+000  0.00000000E+000  0.00000000E+000  0.00000000E+000  0.42253273E-001  0.36781977E+000  0.69488722E+001  0.46594938E+002  0.11391343E+003  0.30153326E+003  0.59192758E+003
  0.00000000E+000  0.00000000E+000  0.00000000E+000  0.00000000E+000  0.42256375E-001  0.36783175E+000  0.69490373E+001  0.46596070E+002  0.11391601E+003  0.30154011E+003  0.59193977E+003
  0.00000000E+000  0.00000000E+000  0.00000000E+000  0.00000000E+000  0.42259296E-001  0.36784290E+000  0.69491876E+001  0.46597082E+002  0.11391830E+003  0.30154620E+003  0.59195057E+003
  0.00000000E+000  0.00000000E+000  0.00000000E+000  0.00000000E+000  0.42262068E-001  0.36785337E+000  0.69493257E+001  0.46597995E+002  0.11392037E+003  0.30155166E+003  0.59196022E+003
  0.00000000E+000  0.00000000E+000  0.00000000E+000  0.00000000E+000  0.42264717E-001  0.36786327E+000  0.69494538E+001  0.46598825E+002  0.11392224E+003  0.30155661E+003  0.59196893E+003
  0.00000000E+000  0.00000000E+000  0.00000000E+000  0.00000000E+000  0.42267264E-001  0.36787270E+000  0.69495736E+001  0.46599588E+002  0.11392395E+003  0.30156112E+003  0.59197685E+003
  0.00000000E+000  0.00000000E+000  0.00000000E+000  0.00000000E+000  0.42269728E-001  0.36788174E+000  0.69496867E+001  0.46600295E+002  0.11392553E+003  0.30156529E+003  0.59198413E+003
  0.00000000E+000  0.00000000E+000  0.00000000E+000  0.00000000E+000  0.42272124E-001  0.36789047E+000  0.69497943E+001  0.46600958E+002  0.11392700E+003  0.30156917E+003  0.59199088E+003
  0.00000000E+000  0.00000000E+000  0.00000000E+000  0.00000000E+000  0.42274465E-001  0.36789894E+000  0.69498974E+001  0.46601583E+002  0.11392839E+003  0.30157282E+003  0.59199721E+003
  0.00000000E+000  0.00000000E+000  0.00000000E+000  0.00000000E+000  0.42276763E-001  0.36790721E+000  0.69499971E+001  0.46602178E+002  0.11392971E+003  0.30157628E+003  0.59200318E+003
  0.00000000E+000  0.00000000E+000  0.00000000E+000  0.00000000E+000  0.42279027E-001  0.36791533E+000  0.69500941E+001  0.46602751E+002  0.11393097E+003  0.30157960E+003  0.59200889E+003
  0.00000000E+000  0.00000000E+000  0.00000000E+000  0.00000000E+000  0.42281266E-001  0.36792332E+000  0.69501890E+001  0.46603305E+002  0.11393220E+003  0.30158281E+003  0.59201439E+003
  0.00000000E+000  0.00000000E+000  0.00000000E+000  0.00000000E+000  0.42283486E-001  0.36793123E+000  0.69502825E+001  0.46603846E+002  0.11393339E+003  0.30158593E+003  0.59201973E+003
  0.00000000E+000  0.00000000E+000  0.00000000E+000  0.00000000E+000  0.42285694E-001  0.36793908E+000  0.69503750E+001  0.46604378E+002  0.11393455E+003  0.30158899E+003  0.59202495E+003
  0.00000000E+000  0.00000000E+000  0.00000000E+000  0.00000000E+000  0.42287895E-001  0.36794689E+000  0.69504669E+001  0.46604903E+002  0.11393571E+003  0.30159201E+003  0.59203010E+003
  0.00000000E+000  0.00000000E+000  0.00000000E+000  0.00000000E+000  0.42290093E-001  0.36795470E+000  0.69505587E+001  0.46605425E+002  0.11393685E+003  0.30159501E+003  0.59203520E+003
  0.00000000E+000  0.00000000E+000  0.00000000E+000  0.00000000E+000  0.42292293E-001  0.36796250E+000  0.69506505E+001  0.46605946E+002  0.11393799E+003  0.30159801E+003  0.59204028E+003
  0.00000000E+000  0.00000000E+000  0.00000000E+000  0.00000000E+000  0.42294497E-001  0.36797033E+000  0.69507428E+001  0.46606468E+002  0.11393914E+003  0.30160102E+003  0.59204538E+003
  0.00000000E+000  0.00000000E+000  0.00000000E+000  0.00000000E+000  0.42296708E-001  0.36797818E+000  0.69508356E+001  0.46606993E+002  0.11394029E+003  0.30160405E+003  0.59205050E+003
  0.00000000E+000  0.00000000E+000  0.00000000E+000  0.00000000E+000  0.42298927E-001  0.36798608E+000  0.69509292E+001  0.46607523E+002  0.11394145E+003  0.30160711E+003  0.59205567E+003
  0.00000000E+000  0.00000000E+000  0.00000000E+000  0.00000000E+000  0.42301158E-001  0.36799403E+000  0.69510237E+001  0.46608058E+002  0.11394263E+003  0.30161020E+003  0.59206091E+003
  0.00000000E+000  0.00000000E+000  0.00000000E+000  0.00000000E+000  0.42303400E-001  0.36800203E+000  0.69511192E+001  0.46608600E+002  0.11394382E+003  0.30161335E+003  0.59206622E+003
  0.00000000E+000  0.00000000E+000  0.00000000E+000  0.00000000E+000  0.42305653E-001  0.36801009E+000  0.69512158E+001  0.46609149E+002  0.11394503E+003  0.30161654E+003  0.59207162E+003
  0.00000000E+000  0.00000000E+000  0.00000000E+000  0.00000000E+000  0.42307918E-001  0.36801821E+000  0.69513136E+001  0.46609707E+002  0.11394626E+003  0.30161980E+003  0.59207711E+003
  0.00000000E+000  0.00000000E+000  0.00000000E+000  0.00000000E+000  0.42310194E-001  0.36802640E+000  0.69514125E+001  0.46610273E+002  0.11394750E+003  0.30162311E+003  0.59208270E+003
  0.00000000E+000  0.00000000E+000  0.00000000E+000  0.00000000E+000  0.42312479E-001  0.36803464E+000  0.69515126E+001  0.46610848E+002  0.11394877E+003  0.30162649E+003  0.59208841E+003
  0.00000000E+000  0.00000000E+000  0.00000000E+000  0.00000000E+000  0.42314772E-001  0.36804294E+000  0.69516139E+001  0.46611432E+002  0.11395007E+003  0.30162994E+003  0.59209422E+003
  0.00000000E+000  0.00000000E+000  0.00000000E+000  0.00000000E+000  0.42317069E-001  0.36805129E+000  0.69517164E+001  0.46612025E+002  0.11395138E+003  0.30163346E+003  0.59210016E+003
  0.00000000E+000  0.00000000E+000  0.00000000E+000  0.00000000E+000  0.42319367E-001  0.36805970E+000  0.69518199E+001  0.46612628E+002  0.11395272E+003  0.30163704E+003  0.59210621E+003
  0.00000000E+000  0.00000000E+000  0.00000000E+000  0.00000000E+000  0.42321662E-001  0.36806814E+000  0.69519244E+001  0.46613239E+002  0.11395408E+003  0.30164069E+003  0.59211237E+003
  0.00000000E+000  0.00000000E+000  0.00000000E+000  0.00000000E+000  0.42323949E-001  0.36807662E+000  0.69520298E+001  0.46613859E+002  0.11395546E+003  0.30164442E+003  0.59211866E+003
  0.00000000E+000  0.00000000E+000  0.00000000E+000  0.00000000E+000  0.42326222E-001  0.36808512E+000  0.69521359E+001  0.46614487E+002  0.11395686E+003  0.30164821E+003  0.59212506E+003
  0.00000000E+000  0.00000000E+000  0.00000000E+000  0.00000000E+000  0.42328474E-001  0.36809363E+000  0.69522427E+001  0.46615123E+002  0.11395828E+003  0.30165207E+003  0.59213157E+003
  0.00000000E+000  0.00000000E+000  0.00000000E+000  0.00000000E+000  0.42330698E-001  0.36810215E+000  0.69523500E+001  0.46615766E+002  0.11395972E+003  0.30165599E+003  0.59213820E+003
  0.00000000E+000  0.00000000E+000  0.00000000E+000  0.00000000E+000  0.42332885E-001  0.36811065E+000  0.69524576E+001  0.46616415E+002  0.11396118E+003  0.30165998E+003  0.59214493E+003
  0.00000000E+000  0.00000000E+000  0.00000000E+000  0.00000000E+000  0.42335026E-001  0.36811913E+000  0.69525653E+001  0.46617069E+002  0.11396266E+003  0.30166402E+003  0.59215176E+003
  0.00000000E+000  0.00000000E+000  0.00000000E+000  0.00000000E+000  0.42337111E-001  0.36812757E+000  0.69526729E+001  0.46617728E+002  0.11396415E+003  0.30166812E+003  0.59215869E+003
  0.00000000E+000  0.00000000E+000  0.00000000E+000  0.00000000E+000  0.42339129E-001  0.36813594E+000  0.69527802E+001  0.46618390E+002  0.11396565E+003  0.30167227E+003  0.59216571E+003
  0.00000000E+000  0.00000000E+000  0.00000000E+000  0.00000000E+000  0.42341068E-001  0.36814425E+000  0.69528870E+001  0.46619055E+002  0.11396716E+003  0.30167647E+003  0.59217281E+003
  0.00000000E+000  0.00000000E+000  0.00000000E+000  0.00000000E+000  0.42342915E-001  0.36815246E+000  0.69529930E+001  0.46619721E+002  0.11396868E+003  0.30168072E+003  0.59217999E+003
  0.00000000E+000  0.00000000E+000  0.00000000E+000  0.00000000E+000  0.42344658E-001  0.36816056E+000  0.69530980E+001  0.46620387E+002  0.11397020E+003  0.30168500E+003  0.59218724E+003
  0.00000000E+000  0.00000000E+000  0.00000000E+000  0.00000000E+000  0.42346281E-001  0.36816852E+000  0.69532017E+001  0.46621052E+002  0.11397173E+003  0.30168931E+003  0.59219454E+003
  0.00000000E+000  0.00000000E+000  0.00000000E+000  0.00000000E+000  0.42347771E-001  0.36817633E+000  0.69533038E+001  0.46621714E+002  0.11397326E+003  0.30169365E+003  0.59220189E+003
  0.00000000E+000  0.00000000E+000  0.00000000E+000  0.00000000E+000  0.42349113E-001  0.36818397E+000  0.69534040E+001  0.46622371E+002  0.11397478E+003  0.30169801E+003  0.59220928E+003
  0.00000000E+000  0.00000000E+000  0.00000000E+000  0.00000000E+000  0.42350291E-001  0.36819140E+000  0.69535020E+001  0.46623023E+002  0.11397630E+003  0.30170238E+003  0.59221670E+003
  0.00000000E+000  0.00000000E+000  0.00000000E+000  0.00000000E+000  0.42351292E-001  0.36819862E+000  0.69535976E+001  0.46623667E+002  0.11397781E+003  0.30170676E+003  0.59222414E+003
  0.00000000E+000  0.00000000E+000  0.00000000E+000  0.00000000E+000  0.42352100E-001  0.36820559E+000  0.69536903E+001  0.46624301E+002  0.11397931E+003  0.30171114E+003  0.59223158E+003
  0.00000000E+000  0.00000000E+000  0.00000000E+000  0.00000000E+000  0.42352702E-001  0.36821229E+000  0.69537799E+001  0.46624925E+002  0.11398079E+003  0.30171550E+003  0.59223902E+003
  0.00000000E+000  0.00000000E+000  0.00000000E+000  0.00000000E+000  0.42353084E-001  0.36821870E+000  0.69538661E+001  0.46625535E+002  0.11398226E+003  0.30171986E+003  0.59224643E+003
  0.00000000E+000  0.00000000E+000  0.00000000E+000  0.00000000E+000  0.42353235E-001  0.36822480E+000  0.69539486E+001  0.46626131E+002  0.11398370E+003  0.30172418E+003  0.59225382E+003
  0.00000000E+000  0.00000000E+000  0.00000000E+000  0.00000000E+000  0.42353143E-001  0.36823055E+000  0.69540270E+001  0.46626710E+002  0.11398511E+003  0.30172848E+003  0.59226116E+003
  0.00000000E+000  0.00000000E+000  0.00000000E+000  0.00000000E+000  0.42352800E-001  0.36823594E+000  0.69541011E+001  0.46627271E+002  0.11398650E+003  0.30173273E+003  0.59226845E+003
  0.00000000E+000  0.00000000E+000  0.00000000E+000  0.00000000E+000  0.42352197E-001  0.36824095E+000  0.69541706E+001  0.46627811E+002  0.11398784E+003  0.30173693E+003  0.59227566E+003
  0.00000000E+000  0.00000000E+000  0.00000000E+000  0.00000000E+000  0.42351327E-001  0.36824555E+000  0.69542351E+001  0.46628328E+002  0.11398916E+003  0.30174108E+003  0.59228279E+003
  0.00000000E+000  0.00000000E+000  0.00000000E+000  0.00000000E+000  0.42350187E-001  0.36824972E+000  0.69542944E+001  0.46628821E+002  0.11399043E+003  0.30174515E+003  0.59228983E+003
  0.00000000E+000  0.00000000E+000  0.00000000E+000  0.00000000E+000  0.42348773E-001  0.36825343E+000  0.69543483E+001  0.46629287E+002  0.11399165E+003  0.30174916E+003  0.59229676E+003
  0.00000000E+000  0.00000000E+000  0.00000000E+000  0.00000000E+000  0.42347085E-001  0.36825667E+000  0.69543965E+001  0.46629725E+002  0.11399283E+003  0.30175307E+003  0.59230356E+003
  0.00000000E+000  0.00000000E+000  0.00000000E+000  0.00000000E+000  0.42345123E-001  0.36825942E+000  0.69544388E+001  0.46630132E+002  0.11399395E+003  0.30175690E+003  0.59231024E+003
  0.00000000E+000  0.00000000E+000  0.00000000E+000  0.00000000E+000  0.42342891E-001  0.36826166E+000  0.69544749E+001  0.46630507E+002  0.11399502E+003  0.30176063E+003  0.59231677E+003
  0.00000000E+000  0.00000000E+000  0.00000000E+000  0.00000000E+000  0.42340392E-001  0.36826336E+000  0.69545047E+001  0.46630848E+002  0.11399603E+003  0.30176424E+003  0.59232314E+003
  0.00000000E+000  0.00000000E+000  0.00000000E+000  0.00000000E+000  0.42337635E-001  0.36826451E+000  0.69545281E+001  0.46631153E+002  0.11399698E+003  0.30176774E+003  0.59232934E+003
  0.00000000E+000  0.00000000E+000  0.00000000E+000  0.00000000E+000  0.42334628E-001  0.36826510E+000  0.69545448E+001  0.46631420E+002  0.11399785E+003  0.30177112E+003  0.59233537E+003
  0.00000000E+000  0.00000000E+000  0.00000000E+000  0.00000000E+000  0.42331381E-001  0.36826510E+000  0.69545547E+001  0.46631648E+002  0.11399866E+003  0.30177436E+003  0.59234121E+003
  0.00000000E+000  0.00000000E+000  0.00000000E+000  0.00000000E+000  0.42327907E-001  0.36826449E+000  0.69545578E+001  0.46631836E+002  0.11399940E+003  0.30177747E+003  0.59234685E+003
  0.00000000E+000  0.00000000E+000  0.00000000E+000  0.00000000E+000  0.42324219E-001  0.36826328E+000  0.69545540E+001  0.46631981E+002  0.11400006E+003  0.30178043E+003  0.59235228E+003
  0.00000000E+000  0.00000000E+000  0.00000000E+000  0.00000000E+000  0.42320333E-001  0.36826142E+000  0.69545432E+001  0.46632083E+002  0.11400065E+003  0.30178324E+003  0.59235751E+003
  0.00000000E+000  0.00000000E+000  0.00000000E+000  0.00000000E+000  0.42316265E-001  0.36825893E+000  0.69545255E+001  0.46632141E+002  0.11400115E+003  0.30178589E+003  0.59236251E+003
  0.00000000E+000  0.00000000E+000  0.00000000E+000  0.00000000E+000  0.42312033E-001  0.36825577E+000  0.69545007E+001  0.46632153E+002  0.11400157E+003  0.30178838E+003  0.59236728E+003
  0.00000000E+000  0.00000000E+000  0.00000000E+000  0.00000000E+000  0.42307656E-001  0.36825194E+000  0.69544690E+001  0.46632119E+002  0.11400190E+003  0.30179071E+003  0.59237182E+003
  0.00000000E+000  0.00000000E+000  0.00000000E+000  0.00000000E+000  0.42303154E-001  0.36824743E+000  0.69544304E+001  0.46632039E+002  0.11400215E+003  0.30179286E+003  0.59237612E+003
  0.00000000E+000  0.00000000E+000  0.00000000E+000  0.00000000E+000  0.42298545E-001  0.36824223E+000  0.69543850E+001  0.46631910E+002  0.11400231E+003  0.30179483E+003  0.59238018E+003
  0.00000000E+000  0.00000000E+000  0.00000000E+000  0.00000000E+000  0.42293851E-001  0.36823632E+000  0.69543329E+001  0.46631734E+002  0.11400238E+003  0.30179663E+003  0.59238399E+003
  0.00000000E+000  0.00000000E+000  0.00000000E+000  0.00000000E+000  0.42289093E-001  0.36822970E+000  0.69542742E+001  0.46631510E+002  0.11400236E+003  0.30179824E+003  0.59238756E+003
  0.00000000E+000  0.00000000E+000  0.00000000E+000  0.00000000E+000  0.42284289E-001  0.36822236E+000  0.69542091E+001  0.46631239E+002  0.11400224E+003  0.30179967E+003  0.59239087E+003
  0.00000000E+000  0.00000000E+000  0.00000000E+000  0.00000000E+000  0.42279461E-001  0.36821431E+000  0.69541378E+001  0.46630919E+002  0.11400204E+003  0.30180090E+003  0.59239393E+003
  0.00000000E+000  0.00000000E+000  0.00000000E+000  0.00000000E+000  0.42274629E-001  0.36820554E+000  0.69540603E+001  0.46630552E+002  0.11400174E+003  0.30180195E+003  0.59239675E+003
  0.00000000E+000  0.00000000E+000  0.00000000E+000  0.00000000E+000  0.42269810E-001  0.36819604E+000  0.69539770E+001  0.46630138E+002  0.11400134E+003  0.30180281E+003  0.59239931E+003
  0.00000000E+000  0.00000000E+000  0.00000000E+000  0.00000000E+000  0.42265024E-001  0.36818583E+000  0.69538880E+001  0.46629677E+002  0.11400086E+003  0.30180347E+003  0.59240161E+003
  0.00000000E+000  0.00000000E+000  0.00000000E+000  0.00000000E+000  0.42260288E-001  0.36817491E+000  0.69537935E+001  0.46629172E+002  0.11400027E+003  0.30180394E+003  0.59240367E+003
  0.00000000E+000  0.00000000E+000  0.00000000E+000  0.00000000E+000  0.42255617E-001  0.36816330E+000  0.69536938E+001  0.46628621E+002  0.11399960E+003  0.30180422E+003  0.59240549E+003
  0.00000000E+000  0.00000000E+000  0.00000000E+000  0.00000000E+000  0.42251027E-001  0.36815100E+000  0.69535891E+001  0.46628027E+002  0.11399884E+003  0.30180430E+003  0.59240705E+003
  0.00000000E+000  0.00000000E+000  0.00000000E+000  0.00000000E+000  0.42246532E-001  0.36813803E+000  0.69534796E+001  0.46627391E+002  0.11399798E+003  0.30180419E+003  0.59240837E+003
  0.00000000E+000  0.00000000E+000  0.00000000E+000  0.00000000E+000  0.42242144E-001  0.36812442E+000  0.69533656E+001  0.46626714E+002  0.11399704E+003  0.30180389E+003  0.59240946E+003
  0.00000000E+000  0.00000000E+000  0.00000000E+000  0.00000000E+000  0.42237873E-001  0.36811019E+000  0.69532473E+001  0.46625998E+002  0.11399600E+003  0.30180340E+003  0.59241030E+003
  0.00000000E+000  0.00000000E+000  0.00000000E+000  0.00000000E+000  0.42233731E-001  0.36809537E+000  0.69531248E+001  0.46625243E+002  0.11399489E+003  0.30180271E+003  0.59241091E+003
  0.00000000E+000  0.00000000E+000  0.00000000E+000  0.00000000E+000  0.42229724E-001  0.36808000E+000  0.69529985E+001  0.46624452E+002  0.11399368E+003  0.30180184E+003  0.59241128E+003
  0.00000000E+000  0.00000000E+000  0.00000000E+000  0.00000000E+000  0.42225861E-001  0.36806411E+000  0.69528685E+001  0.46623627E+002  0.11399239E+003  0.30180077E+003  0.59241143E+003
  0.00000000E+000  0.00000000E+000  0.00000000E+000  0.00000000E+000  0.42222146E-001  0.36804774E+000  0.69527351E+001  0.46622769E+002  0.11399103E+003  0.30179952E+003  0.59241135E+003
  0.00000000E+000  0.00000000E+000  0.00000000E+000  0.00000000E+000  0.42218584E-001  0.36803094E+000  0.69525984E+001  0.46621879E+002  0.11398958E+003  0.30179808E+003  0.59241104E+003
  0.00000000E+000  0.00000000E+000  0.00000000E+000  0.00000000E+000  0.42215178E-001  0.36801375E+000  0.69524586E+001  0.46620961E+002  0.11398806E+003  0.30179646E+003  0.59241051E+003
  0.00000000E+000  0.00000000E+000  0.00000000E+000  0.00000000E+000  0.42211930E-001  0.36799623E+000  0.69523159E+001  0.46620015E+002  0.11398646E+003  0.30179466E+003  0.59240977E+003
  0.00000000E+000  0.00000000E+000  0.00000000E+000  0.00000000E+000  0.42208841E-001  0.36797843E+000  0.69521705E+001  0.46619044E+002  0.11398479E+003  0.30179268E+003  0.59240880E+003
  0.00000000E+000  0.00000000E+000  0.00000000E+000  0.00000000E+000  0.42205911E-001  0.36796040E+000  0.69520225E+001  0.46618050E+002  0.11398305E+003  0.30179052E+003  0.59240763E+003
  0.00000000E+000  0.00000000E+000  0.00000000E+000  0.00000000E+000  0.42203139E-001  0.36794220E+000  0.69518720E+001  0.46617034E+002  0.11398125E+003  0.30178819E+003  0.59240623E+003
  0.00000000E+000  0.00000000E+000  0.00000000E+000  0.00000000E+000  0.42200523E-001  0.36792389E+000  0.69517192E+001  0.46615999E+002  0.11397939E+003  0.30178568E+003  0.59240463E+003
  0.00000000E+000  0.00000000E+000  0.00000000E+000  0.00000000E+000  0.42198061E-001  0.36790553E+000  0.69515642E+001  0.46614946E+002  0.11397746E+003  0.30178300E+003  0.59240281E+003
  0.00000000E+000  0.00000000E+000  0.00000000E+000  0.00000000E+000  0.42195749E-001  0.36788717E+000  0.69514072E+001  0.46613877E+002  0.11397548E+003  0.30178015E+003  0.59240079E+003
  0.00000000E+000  0.00000000E+000  0.00000000E+000  0.00000000E+000  0.42193583E-001  0.36786887E+000  0.69512481E+001  0.46612795E+002  0.11397344E+003  0.30177713E+003  0.59239855E+003
  0.00000000E+000  0.00000000E+000  0.00000000E+000  0.00000000E+000  0.42191561E-001  0.36785068E+000  0.69510872E+001  0.46611701E+002  0.11397135E+003  0.30177395E+003  0.59239610E+003
  0.00000000E+000  0.00000000E+000  0.00000000E+000  0.00000000E+000  0.42189676E-001  0.36783267E+000  0.69509245E+001  0.46610598E+002  0.11396921E+003  0.30177061E+003  0.59239344E+003
  0.00000000E+000  0.00000000E+000  0.00000000E+000  0.00000000E+000  0.42187924E-001  0.36781488E+000  0.69507602E+001  0.46609485E+002  0.11396703E+003  0.30176711E+003  0.59239058E+003
  0.00000000E+000  0.00000000E+000  0.00000000E+000  0.00000000E+000  0.42186301E-001  0.36779737E+000  0.69505942E+001  0.46608367E+002  0.11396480E+003  0.30176345E+003  0.59238750E+003
  0.00000000E+000  0.00000000E+000  0.00000000E+000  0.00000000E+000  0.42184800E-001  0.36778017E+000  0.69504268E+001  0.46607244E+002  0.11396254E+003  0.30175964E+003  0.59238420E+003
  0.00000000E+000  0.00000000E+000  0.00000000E+000  0.00000000E+000  0.42183416E-001  0.36776334E+000  0.69502579E+001  0.46606117E+002  0.11396024E+003  0.30175568E+003  0.59238070E+003
  0.00000000E+000  0.00000000E+000  0.00000000E+000  0.00000000E+000  0.42182144E-001  0.36774691E+000  0.69500878E+001  0.46604989E+002  0.11395791E+003  0.30175156E+003  0.59237698E+003
  0.00000000E+000  0.00000000E+000  0.00000000E+000  0.00000000E+000  0.42180978E-001  0.36773092E+000  0.69499165E+001  0.46603861E+002  0.11395554E+003  0.30174731E+003  0.59237304E+003
  0.00000000E+000  0.00000000E+000  0.00000000E+000  0.00000000E+000  0.42179913E-001  0.36771541E+000  0.69497442E+001  0.46602735E+002  0.11395315E+003  0.30174291E+003  0.59236889E+003
  0.00000000E+000  0.00000000E+000  0.00000000E+000  0.00000000E+000  0.42178943E-001  0.36770040E+000  0.69495709E+001  0.46601610E+002  0.11395074E+003  0.30173837E+003  0.59236451E+003
  0.00000000E+000  0.00000000E+000  0.00000000E+000  0.00000000E+000  0.42178062E-001  0.36768591E+000  0.69493968E+001  0.46600490E+002  0.11394831E+003  0.30173369E+003  0.59235992E+003
  0.00000000E+000  0.00000000E+000  0.00000000E+000  0.00000000E+000  0.42177266E-001  0.36767197E+000  0.69492221E+001  0.46599375E+002  0.11394586E+003  0.30172888E+003  0.59235510E+003
  0.00000000E+000  0.00000000E+000  0.00000000E+000  0.00000000E+000  0.42176549E-001  0.36765859E+000  0.69490469E+001  0.46598267E+002  0.11394339E+003  0.30172395E+003  0.59235007E+003
  0.00000000E+000  0.00000000E+000  0.00000000E+000  0.00000000E+000  0.42175906E-001  0.36764579E+000  0.69488713E+001  0.46597165E+002  0.11394092E+003  0.30171888E+003  0.59234480E+003
  0.00000000E+000  0.00000000E+000  0.00000000E+000  0.00000000E+000  0.42175333E-001  0.36763357E+000  0.69486957E+001  0.46596072E+002  0.11393843E+003  0.30171370E+003  0.59233931E+003
  0.00000000E+000  0.00000000E+000  0.00000000E+000  0.00000000E+000  0.42174823E-001  0.36762194E+000  0.69485201E+001  0.46594988E+002  0.11393594E+003  0.30170840E+003  0.59233359E+003
  0.00000000E+000  0.00000000E+000  0.00000000E+000  0.00000000E+000  0.42174374E-001  0.36761089E+000  0.69483448E+001  0.46593914E+002  0.11393344E+003  0.30170299E+003  0.59232765E+003
  0.00000000E+000  0.00000000E+000  0.00000000E+000  0.00000000E+000  0.42173981E-001  0.36760044E+000  0.69481700E+001  0.46592851E+002  0.11393095E+003  0.30169746E+003  0.59232147E+003
  0.00000000E+000  0.00000000E+000  0.00000000E+000  0.00000000E+000  0.42173639E-001  0.36759057E+000  0.69479959E+001  0.46591798E+002  0.11392846E+003  0.30169184E+003  0.59231507E+003
  0.00000000E+000  0.00000000E+000  0.00000000E+000  0.00000000E+000  0.42173344E-001  0.36758128E+000  0.69478228E+001  0.46590758E+002  0.11392597E+003  0.30168611E+003  0.59230844E+003
  0.00000000E+000  0.00000000E+000  0.00000000E+000  0.00000000E+000  0.42173093E-001  0.36757255E+000  0.69476509E+001  0.46589730E+002  0.11392349E+003  0.30168029E+003  0.59230158E+003
  0.00000000E+000  0.00000000E+000  0.00000000E+000  0.00000000E+000  0.42172882E-001  0.36756437E+000  0.69474805E+001  0.46588715E+002  0.11392102E+003  0.30167438E+003  0.59229449E+003
  0.00000000E+000  0.00000000E+000  0.00000000E+000  0.00000000E+000  0.42172708E-001  0.36755674E+000  0.69473117E+001  0.46587712E+002  0.11391856E+003  0.30166839E+003  0.59228717E+003
  0.00000000E+000  0.00000000E+000  0.00000000E+000  0.00000000E+000  0.42172567E-001  0.36754963E+000  0.69471450E+001  0.46586723E+002  0.11391611E+003  0.30166232E+003  0.59227963E+003
  0.00000000E+000  0.00000000E+000  0.00000000E+000  0.00000000E+000  0.42172457E-001  0.36754302E+000  0.69469805E+001  0.46585748E+002  0.11391368E+003  0.30165617E+003  0.59227186E+003
  0.00000000E+000  0.00000000E+000  0.00000000E+000  0.00000000E+000  0.42172373E-001  0.36753690E+000  0.69468184E+001  0.46584787E+002  0.11391127E+003  0.30164995E+003  0.59226387E+003
  0.00000000E+000  0.00000000E+000  0.00000000E+000  0.00000000E+000  0.42172315E-001  0.36753126E+000  0.69466591E+001  0.46583840E+002  0.11390888E+003  0.30164368E+003  0.59225566E+003
  0.00000000E+000  0.00000000E+000  0.00000000E+000  0.00000000E+000  0.42172279E-001  0.36752605E+000  0.69465027E+001  0.46582907E+002  0.11390651E+003  0.30163734E+003  0.59224724E+003
  0.00000000E+000  0.00000000E+000  0.00000000E+000  0.00000000E+000  0.42172263E-001  0.36752128E+000  0.69463495E+001  0.46581989E+002  0.11390416E+003  0.30163096E+003  0.59223861E+003
  0.00000000E+000  0.00000000E+000  0.00000000E+000  0.00000000E+000  0.42172264E-001  0.36751691E+000  0.69461997E+001  0.46581085E+002  0.11390184E+003  0.30162453E+003  0.59222976E+003
  0.00000000E+000  0.00000000E+000  0.00000000E+000  0.00000000E+000  0.42172281E-001  0.36751293E+000  0.69460536E+001  0.46580195E+002  0.11389954E+003  0.30161806E+003  0.59222071E+003
  0.00000000E+000  0.00000000E+000  0.00000000E+000  0.00000000E+000  0.42172311E-001  0.36750931E+000  0.69459111E+001  0.46579320E+002  0.11389727E+003  0.30161155E+003  0.59221147E+003
  0.00000000E+000  0.00000000E+000  0.00000000E+000  0.00000000E+000  0.42172353E-001  0.36750603E+000  0.69457727E+001  0.46578459E+002  0.11389503E+003  0.30160502E+003  0.59220203E+003
  0.00000000E+000  0.00000000E+000  0.00000000E+000  0.00000000E+000  0.42172406E-001  0.36750307E+000  0.69456383E+001  0.46577613E+002  0.11389282E+003  0.30159847E+003  0.59219241E+003
  0.00000000E+000  0.00000000E+000  0.00000000E+000  0.00000000E+000  0.42172466E-001  0.36750041E+000  0.69455082E+001  0.46576781E+002  0.11389063E+003  0.30159190E+003  0.59218260E+003
  0.00000000E+000  0.00000000E+000  0.00000000E+000  0.00000000E+000  0.42172534E-001  0.36749803E+000  0.69453825E+001  0.46575965E+002  0.11388848E+003  0.30158533E+003  0.59217262E+003
  0.00000000E+000  0.00000000E+000  0.00000000E+000  0.00000000E+000  0.42172608E-001  0.36749591E+000  0.69452612E+001  0.46575162E+002  0.11388636E+003  0.30157875E+003  0.59216248E+003
  0.00000000E+000  0.00000000E+000  0.00000000E+000  0.00000000E+000  0.42172686E-001  0.36749403E+000  0.69451444E+001  0.46574374E+002  0.11388428E+003  0.30157217E+003  0.59215218E+003
  0.00000000E+000  0.00000000E+000  0.00000000E+000  0.00000000E+000  0.42172768E-001  0.36749238E+000  0.69450321E+001  0.46573601E+002  0.11388223E+003  0.30156560E+003  0.59214172E+003
  0.00000000E+000  0.00000000E+000  0.00000000E+000  0.00000000E+000  0.42172852E-001  0.36749093E+000  0.69449245E+001  0.46572843E+002  0.11388021E+003  0.30155905E+003  0.59213113E+003
  0.00000000E+000  0.00000000E+000  0.00000000E+000  0.00000000E+000  0.42172938E-001  0.36748967E+000  0.69448215E+001  0.46572099E+002  0.11387822E+003  0.30155251E+003  0.59212041E+003
  0.00000000E+000  0.00000000E+000  0.00000000E+000  0.00000000E+000  0.42173025E-001  0.36748858E+000  0.69447232E+001  0.46571369E+002  0.11387627E+003  0.30154600E+003  0.59210956E+003
  0.00000000E+000  0.00000000E+000  0.00000000E+000  0.00000000E+000  0.42173111E-001  0.36748765E+000  0.69446294E+001  0.46570655E+002  0.11387436E+003  0.30153952E+003  0.59209859E+003
  0.00000000E+000  0.00000000E+000  0.00000000E+000  0.00000000E+000  0.42173198E-001  0.36748686E+000  0.69445401E+001  0.46569955E+002  0.11387248E+003  0.30153307E+003  0.59208753E+003
  0.00000000E+000  0.00000000E+000  0.00000000E+000  0.00000000E+000  0.42173282E-001  0.36748619E+000  0.69444554E+001  0.46569271E+002  0.11387063E+003  0.30152666E+003  0.59207637E+003
  0.00000000E+000  0.00000000E+000  0.00000000E+000  0.00000000E+000  0.42173366E-001  0.36748565E+000  0.69443751E+001  0.46568601E+002  0.11386882E+003  0.30152030E+003  0.59206512E+003
  0.00000000E+000  0.00000000E+000  0.00000000E+000  0.00000000E+000  0.42173447E-001  0.36748520E+000  0.69442992E+001  0.46567946E+002  0.11386704E+003  0.30151399E+003  0.59205380E+003
  0.00000000E+000  0.00000000E+000  0.00000000E+000  0.00000000E+000  0.42173525E-001  0.36748485E+000  0.69442275E+001  0.46567307E+002  0.11386530E+003  0.30150773E+003  0.59204242E+003
  0.00000000E+000  0.00000000E+000  0.00000000E+000  0.00000000E+000  0.42173601E-001  0.36748459E+000  0.69441599E+001  0.46566682E+002  0.11386360E+003  0.30150152E+003  0.59203099E+003
  0.00000000E+000  0.00000000E+000  0.00000000E+000  0.00000000E+000  0.42173674E-001  0.36748439E+000  0.69440964E+001  0.46566073E+002  0.11386193E+003  0.30149538E+003  0.59201951E+003
  0.00000000E+000  0.00000000E+000  0.00000000E+000  0.00000000E+000  0.42173743E-001  0.36748426E+000  0.69440367E+001  0.46565479E+002  0.11386029E+003  0.30148931E+003  0.59200800E+003
  0.00000000E+000  0.00000000E+000  0.00000000E+000  0.00000000E+000  0.42173809E-001  0.36748418E+000  0.69439808E+001  0.46564901E+002  0.11385869E+003  0.30148330E+003  0.59199647E+003
  0.00000000E+000  0.00000000E+000  0.00000000E+000  0.00000000E+000  0.42173872E-001  0.36748415E+000  0.69439286E+001  0.46564338E+002  0.11385713E+003  0.30147736E+003  0.59198493E+003
  0.00000000E+000  0.00000000E+000  0.00000000E+000  0.00000000E+000  0.42173931E-001  0.36748415E+000  0.69438798E+001  0.46563791E+002  0.11385560E+003  0.30147150E+003  0.59197339E+003
  0.00000000E+000  0.00000000E+000  0.00000000E+000  0.00000000E+000  0.42173986E-001  0.36748420E+000  0.69438344E+001  0.46563259E+002  0.11385410E+003  0.30146572E+003  0.59196186E+003
  0.00000000E+000  0.00000000E+000  0.00000000E+000  0.00000000E+000  0.42174037E-001  0.36748427E+000  0.69437921E+001  0.46562742E+002  0.11385264E+003  0.30146001E+003  0.59195034E+003
  0.00000000E+000  0.00000000E+000  0.00000000E+000  0.00000000E+000  0.42174085E-001  0.36748436E+000  0.69437529E+001  0.46562242E+002  0.11385121E+003  0.30145439E+003  0.59193886E+003
  0.00000000E+000  0.00000000E+000  0.00000000E+000  0.00000000E+000  0.42174129E-001  0.36748447E+000  0.69437165E+001  0.46561757E+002  0.11384981E+003  0.30144886E+003  0.59192742E+003
  0.00000000E+000  0.00000000E+000  0.00000000E+000  0.00000000E+000  0.42174170E-001  0.36748460E+000  0.69436829E+001  0.46561287E+002  0.11384845E+003  0.30144341E+003  0.59191602E+003
  0.00000000E+000  0.00000000E+000  0.00000000E+000  0.00000000E+000  0.42174207E-001  0.36748473E+000  0.69436518E+001  0.46560833E+002  0.11384712E+003  0.30143805E+003  0.59190469E+003
  0.00000000E+000  0.00000000E+000  0.00000000E+000  0.00000000E+000  0.42174241E-001  0.36748487E+000  0.69436232E+001  0.46560394E+002  0.11384583E+003  0.30143277E+003  0.59189342E+003
  0.00000000E+000  0.00000000E+000  0.00000000E+000  0.00000000E+000  0.42174272E-001  0.36748502E+000  0.69435969E+001  0.46559971E+002  0.11384457E+003  0.30142759E+003  0.59188222E+003
  0.00000000E+000  0.00000000E+000  0.00000000E+000  0.00000000E+000  0.42174299E-001  0.36748517E+000  0.69435727E+001  0.46559563E+002  0.11384334E+003  0.30142251E+003  0.59187111E+003
  0.00000000E+000  0.00000000E+000  0.00000000E+000  0.00000000E+000  0.42174324E-001  0.36748532E+000  0.69435505E+001  0.46559170E+002  0.11384214E+003  0.30141751E+003  0.59186009E+003
  0.00000000E+000  0.00000000E+000  0.00000000E+000  0.00000000E+000  0.42174346E-001  0.36748546E+000  0.69435302E+001  0.46558792E+002  0.11384097E+003  0.30141261E+003  0.59184917E+003
  0.00000000E+000  0.00000000E+000  0.00000000E+000  0.00000000E+000  0.42174366E-001  0.36748560E+000  0.69435116E+001  0.46558429E+002  0.11383984E+003  0.30140780E+003  0.59183836E+003
  0.00000000E+000  0.00000000E+000  0.00000000E+000  0.00000000E+000  0.42174383E-001  0.36748574E+000  0.69434947E+001  0.46558080E+002  0.11383874E+003  0.30140309E+003  0.59182766E+003
  0.00000000E+000  0.00000000E+000  0.00000000E+000  0.00000000E+000  0.42174398E-001  0.36748587E+000  0.69434793E+001  0.46557745E+002  0.11383767E+003  0.30139848E+003  0.59181708E+003
  0.00000000E+000  0.00000000E+000  0.00000000E+000  0.00000000E+000  0.42174411E-001  0.36748600E+000  0.69434652E+001  0.46557425E+002  0.11383663E+003  0.30139396E+003  0.59180662E+003
  0.00000000E+000  0.00000000E+000  0.00000000E+000  0.00000000E+000  0.42174422E-001  0.36748611E+000  0.69434525E+001  0.46557119E+002  0.11383562E+003  0.30138954E+003  0.59179630E+003
  0.00000000E+000  0.00000000E+000  0.00000000E+000  0.00000000E+000  0.42174432E-001  0.36748622E+000  0.69434409E+001  0.46556826E+002  0.11383464E+003  0.30138521E+003  0.59178611E+003
  0.00000000E+000  0.00000000E+000  0.00000000E+000  0.00000000E+000  0.42174440E-001  0.36748633E+000  0.69434304E+001  0.46556546E+002  0.11383370E+003  0.30138098E+003  0.59177607E+003
  0.00000000E+000  0.00000000E+000  0.00000000E+000  0.00000000E+000  0.42174447E-001  0.36748642E+000  0.69434210E+001  0.46556279E+002  0.11383278E+003  0.30137685E+003  0.59176617E+003
  0.00000000E+000  0.00000000E+000  0.00000000E+000  0.00000000E+000  0.42174453E-001  0.36748651E+000  0.69434124E+001  0.46556025E+002  0.11383189E+003  0.30137281E+003  0.59175642E+003
  0.00000000E+000  0.00000000E+000  0.00000000E+000  0.00000000E+000  0.42174458E-001  0.36748659E+000  0.69434047E+001  0.46555783E+002  0.11383103E+003  0.30136887E+003  0.59174682E+003
  0.00000000E+000  0.00000000E+000  0.00000000E+000  0.00000000E+000  0.42174463E-001  0.36748666E+000  0.69433978E+001  0.46555553E+002  0.11383020E+003  0.30136502E+003  0.59173739E+003
  0.00000000E+000  0.00000000E+000  0.00000000E+000  0.00000000E+000  0.42174467E-001  0.36748673E+000  0.69433916E+001  0.46555335E+002  0.11382940E+003  0.30136127E+003  0.59172811E+003
  0.00000000E+000  0.00000000E+000  0.00000000E+000  0.00000000E+000  0.42174470E-001  0.36748679E+000  0.69433860E+001  0.46555128E+002  0.11382862E+003  0.30135761E+003  0.59171900E+003
  0.00000000E+000  0.00000000E+000  0.00000000E+000  0.00000000E+000  0.42174473E-001  0.36748685E+000  0.69433810E+001  0.46554932E+002  0.11382788E+003  0.30135405E+003  0.59171005E+003
  0.00000000E+000  0.00000000E+000  0.00000000E+000  0.00000000E+000  0.42174476E-001  0.36748690E+000  0.69433765E+001  0.46554746E+002  0.11382716E+003  0.30135058E+003  0.59170128E+003
  0.00000000E+000  0.00000000E+000  0.00000000E+000  0.00000000E+000  0.42174479E-001  0.36748695E+000  0.69433725E+001  0.46554571E+002  0.11382646E+003  0.30134720E+003  0.59169267E+003
  0.00000000E+000  0.00000000E+000  0.00000000E+000  0.00000000E+000  0.42174482E-001  0.36748699E+000  0.69433689E+001  0.46554405E+002  0.11382580E+003  0.30134391E+003  0.59168423E+003
  0.00000000E+000  0.00000000E+000  0.00000000E+000  0.00000000E+000  0.42174486E-001  0.36748704E+000  0.69433657E+001  0.46554248E+002  0.11382516E+003  0.30134071E+003  0.59167597E+003
  0.00000000E+000  0.00000000E+000  0.00000000E+000  0.00000000E+000  0.42174489E-001  0.36748707E+000  0.69433629E+001  0.46554101E+002  0.11382454E+003  0.30133760E+003  0.59166788E+003
  0.00000000E+000  0.00000000E+000  0.00000000E+000  0.00000000E+000  0.42174493E-001  0.36748711E+000  0.69433604E+001  0.46553962E+002  0.11382395E+003  0.30133458E+003  0.59165997E+003
  0.00000000E+000  0.00000000E+000  0.00000000E+000  0.00000000E+000  0.42174497E-001  0.36748715E+000  0.69433582E+001  0.46553832E+002  0.11382339E+003  0.30133165E+003  0.59165223E+003
  0.00000000E+000  0.00000000E+000  0.00000000E+000  0.00000000E+000  0.42174502E-001  0.36748718E+000  0.69433563E+001  0.46553709E+002  0.11382284E+003  0.30132880E+003  0.59164466E+003
  0.00000000E+000  0.00000000E+000  0.00000000E+000  0.00000000E+000  0.42174507E-001  0.36748722E+000  0.69433547E+001  0.46553594E+002  0.11382232E+003  0.30132604E+003  0.59163727E+003
  0.00000000E+000  0.00000000E+000  0.00000000E+000  0.00000000E+000  0.42174514E-001  0.36748726E+000  0.69433532E+001  0.46553487E+002  0.11382183E+003  0.30132336E+003  0.59163006E+003
  0.00000000E+000  0.00000000E+000  0.00000000E+000  0.00000000E+000  0.42174520E-001  0.36748729E+000  0.69433520E+001  0.46553386E+002  0.11382135E+003  0.30132077E+003  0.59162301E+003
