  0.30288303E+002
  0.30268796E+002
  0.30252170E+002
  0.30238035E+002
  0.30226038E+002
  0.30215869E+002
  0.30207261E+002
  0.30199981E+002
  0.30193830E+002
  0.30188639E+002
  0.30184264E+002
  0.30180584E+002
  0.30177495E+002
  0.30174910E+002
  0.30172754E+002
  0.30170965E+002
  0.30169489E+002
  0.30168282E+002
  0.30167303E+002
  0.30166521E+002
  0.30165908E+002
  0.30165439E+002
  0.30165095E+002
  0.30164858E+002
  0.30164713E+002
  0.30164648E+002
  0.30164650E+002
  0.30164712E+002
  0.30164825E+002
  0.30164981E+002
  0.30165175E+002
  0.30165403E+002
  0.30165658E+002
  0.30165938E+002
  0.30166240E+002
  0.30166560E+002
  0.30166897E+002
  0.30167249E+002
  0.30167614E+002
  0.30167990E+002
  0.30168378E+002
  0.30168775E+002
  0.30169181E+002
  0.30169595E+002
  0.30170018E+002
  0.30170448E+002
  0.30170885E+002
  0.30171329E+002
  0.30171779E+002
  0.30172236E+002
  0.30172699E+002
  0.30173167E+002
  0.30173641E+002
  0.30174120E+002
  0.30174603E+002
  0.30175092E+002
  0.30175585E+002
  0.30176081E+002
  0.30176582E+002
  0.30177086E+002
  0.30177594E+002
  0.30178105E+002
  0.30178618E+002
  0.30179134E+002
  0.30179653E+002
  0.30180173E+002
  0.30180696E+002
  0.30181220E+002
  0.30181746E+002
  0.30182273E+002
  0.30182801E+002
  0.30183330E+002
  0.30183859E+002
  0.30184389E+002
  0.30184919E+002
  0.30185449E+002
  0.30185978E+002
  0.30186506E+002
  0.30187034E+002
  0.30187559E+002
  0.30188083E+002
  0.30188605E+002
  0.30189124E+002
  0.30189640E+002
  0.30190154E+002
  0.30190664E+002
  0.30191170E+002
  0.30191673E+002
  0.30192171E+002
  0.30192666E+002
  0.30193157E+002
  0.30193644E+002
  0.30194126E+002
  0.30194605E+002
  0.30195080E+002
  0.30195551E+002
  0.30196019E+002
  0.30196483E+002
  0.30196944E+002
  0.30197402E+002
  0.30197858E+002
  0.30198311E+002
  0.30198761E+002
  0.30199210E+002
  0.30199657E+002
  0.30200102E+002
  0.30200546E+002
  0.30200989E+002
  0.30201431E+002
  0.30201872E+002
  0.30202312E+002
  0.30202752E+002
  0.30203192E+002
  0.30203632E+002
  0.30204072E+002
  0.30204511E+002
  0.30204951E+002
  0.30205391E+002
  0.30205832E+002
  0.30206273E+002
  0.30206714E+002
  0.30207156E+002
  0.30207598E+002
  0.30208040E+002
  0.30208483E+002
  0.30208927E+002
  0.30209370E+002
  0.30209814E+002
  0.30210258E+002
  0.30210702E+002
  0.30211147E+002
  0.30211591E+002
  0.30212035E+002
  0.30212478E+002
  0.30212921E+002
  0.30213364E+002
  0.30213806E+002
  0.30214247E+002
  0.30214687E+002
  0.30215127E+002
  0.30215564E+002
  0.30216001E+002
  0.30216435E+002
  0.30216868E+002
  0.30217299E+002
  0.30217728E+002
  0.30218154E+002
  0.30218578E+002
  0.30219000E+002
  0.30219418E+002
  0.30219834E+002
  0.30220246E+002
  0.30220655E+002
  0.30221061E+002
  0.30221463E+002
  0.30221861E+002
  0.30222255E+002
  0.30222645E+002
  0.30223031E+002
  0.30223412E+002
  0.30223788E+002
  0.30224160E+002
  0.30224527E+002
  0.30224889E+002
  0.30225246E+002
  0.30225598E+002
  0.30225944E+002
  0.30226285E+002
  0.30226620E+002
  0.30226950E+002
  0.30227274E+002
  0.30227592E+002
  0.30227904E+002
  0.30228211E+002
  0.30228511E+002
  0.30228806E+002
  0.30229094E+002
  0.30229376E+002
  0.30229653E+002
  0.30229923E+002
  0.30230187E+002
  0.30230444E+002
  0.30230696E+002
  0.30230941E+002
  0.30231181E+002
  0.30231414E+002
  0.30231641E+002
  0.30231862E+002
  0.30232077E+002
  0.30232286E+002
  0.30232490E+002
  0.30232687E+002
  0.30232878E+002
  0.30233064E+002
  0.30233244E+002
  0.30233419E+002
  0.30233588E+002
  0.30233752E+002
  0.30233910E+002
  0.30234062E+002
