  0.17776486E+001  0.10564623E+001  0.75973654E+001  0.11072175E+003
  0.17322095E+001  0.94421155E+000  0.76804500E+001  0.11071833E+003
  0.17132002E+001  0.90963458E+000  0.75587625E+001  0.11082710E+003
  0.17017984E+001  0.90264594E+000  0.75248013E+001  0.11082291E+003
  0.16930093E+001  0.89923514E+000  0.74998074E+001  0.11081211E+003
  0.16839760E+001  0.89326407E+000  0.74276887E+001  0.11085856E+003
  0.16455968E+001  0.91920821E+000  0.74192747E+001  0.11084498E+003
  0.16395656E+001  0.91349767E+000  0.74100464E+001  0.11083683E+003
  0.15497067E+001  0.99928582E+000  0.73808721E+001  0.11084547E+003
  0.15337935E+001  0.10121794E+001  0.73724110E+001  0.11083619E+003
  0.15322172E+001  0.10099310E+001  0.73621171E+001  0.11083281E+003
  0.15247748E+001  0.10154142E+001  0.73473400E+001  0.11083482E+003
  0.15224371E+001  0.10143415E+001  0.73259766E+001  0.11084724E+003
  0.15193462E+001  0.10168819E+001  0.73227455E+001  0.11084068E+003
  0.15151792E+001  0.10208395E+001  0.73228692E+001  0.11083214E+003
  0.15127788E+001  0.10176774E+001  0.73276320E+001  0.11082579E+003
  0.15110185E+001  0.10173251E+001  0.73227694E+001  0.11082686E+003
  0.15073153E+001  0.10205559E+001  0.73223076E+001  0.11082296E+003
  0.15010666E+001  0.10264284E+001  0.73225667E+001  0.11081916E+003
  0.15010511E+001  0.10262165E+001  0.72386648E+001  0.11090017E+003
  0.14996535E+001  0.10275746E+001  0.72387987E+001  0.11089762E+003
  0.14996463E+001  0.10275313E+001  0.72389359E+001  0.11089566E+003
  0.14991679E+001  0.10279926E+001  0.72334828E+001  0.11089975E+003
  0.14991812E+001  0.10279643E+001  0.71241842E+001  0.11100812E+003
  0.14991930E+001  0.10279379E+001  0.70858755E+001  0.11104586E+003
  0.14991822E+001  0.10279558E+001  0.70858669E+001  0.11104560E+003
  0.14991940E+001  0.10279491E+001  0.70858958E+001  0.11104558E+003
  0.14990539E+001  0.10280985E+001  0.70858810E+001  0.11104583E+003
  0.14990730E+001  0.10281061E+001  0.70858916E+001  0.11104624E+003
  0.14990929E+001  0.10281076E+001  0.70859091E+001  0.11104683E+003
  0.14991135E+001  0.10281211E+001  0.70859153E+001  0.11104757E+003
  0.14991138E+001  0.10281571E+001  0.70859204E+001  0.11104843E+003
  0.14991347E+001  0.10281743E+001  0.70859246E+001  0.11104941E+003
  0.14991570E+001  0.10281916E+001  0.70859283E+001  0.11105049E+003
  0.14991797E+001  0.10282099E+001  0.70859315E+001  0.11105165E+003
  0.14991944E+001  0.10282374E+001  0.70859343E+001  0.11105289E+003
  0.14992180E+001  0.10282571E+001  0.70859370E+001  0.11105419E+003
  0.14992421E+001  0.10282774E+001  0.70859397E+001  0.11105555E+003
  0.14992666E+001  0.10282983E+001  0.70859421E+001  0.11105696E+003
  0.14992915E+001  0.10283198E+001  0.70859443E+001  0.11105842E+003
  0.14993168E+001  0.10283417E+001  0.70859465E+001  0.11105992E+003
  0.14993425E+001  0.10283642E+001  0.70859486E+001  0.11106146E+003
  0.14993686E+001  0.10283870E+001  0.70859507E+001  0.11106303E+003
  0.14993950E+001  0.10284102E+001  0.70859530E+001  0.11106464E+003
  0.14994218E+001  0.10284338E+001  0.70859555E+001  0.11106627E+003
  0.14994575E+001  0.10284491E+001  0.70896924E+001  0.11100898E+003
  0.14994850E+001  0.10284733E+001  0.70895375E+001  0.11101317E+003
  0.14995128E+001  0.10284978E+001  0.70893973E+001  0.11101716E+003
  0.14995410E+001  0.10285225E+001  0.70892715E+001  0.11102096E+003
  0.14995695E+001  0.10285475E+001  0.70891596E+001  0.11102457E+003
  0.14995982E+001  0.10285727E+001  0.70890615E+001  0.11102800E+003
  0.14996273E+001  0.10285981E+001  0.70889765E+001  0.11103126E+003
  0.14996574E+001  0.10286229E+001  0.70889042E+001  0.11103435E+003
  0.14996869E+001  0.10286488E+001  0.70888441E+001  0.11103729E+003
  0.14997166E+001  0.10286749E+001  0.70887956E+001  0.11104008E+003
  0.14997465E+001  0.10287012E+001  0.70887580E+001  0.11104274E+003
  0.14997766E+001  0.10287278E+001  0.70887310E+001  0.11104526E+003
  0.14998067E+001  0.10287555E+001  0.70887130E+001  0.11104766E+003
  0.14998370E+001  0.10287839E+001  0.70887039E+001  0.11104995E+003
  0.14998673E+001  0.10288127E+001  0.70860790E+001  0.11109360E+003
  0.14998976E+001  0.10288511E+001  0.70860861E+001  0.11109556E+003
  0.14999279E+001  0.10288805E+001  0.70861040E+001  0.11109752E+003
  0.14999791E+001  0.10288892E+001  0.70861234E+001  0.11109949E+003
  0.15000092E+001  0.10289192E+001  0.70861444E+001  0.11110148E+003
  0.15000392E+001  0.10289494E+001  0.70861670E+001  0.11110347E+003
  0.15000690E+001  0.10289799E+001  0.70861912E+001  0.11110547E+003
  0.15000986E+001  0.10290106E+001  0.70862172E+001  0.11110747E+003
  0.15001279E+001  0.10290415E+001  0.70862449E+001  0.11110948E+003
  0.15001569E+001  0.10290726E+001  0.70862745E+001  0.11111149E+003
  0.15001856E+001  0.10291037E+001  0.70863061E+001  0.11111351E+003
  0.15002139E+001  0.10291349E+001  0.70863397E+001  0.11111553E+003
  0.15002418E+001  0.10291660E+001  0.70863754E+001  0.11111755E+003
  0.15002693E+001  0.10291971E+001  0.70864134E+001  0.11111957E+003
  0.15002963E+001  0.10292280E+001  0.70864537E+001  0.11112159E+003
  0.15003229E+001  0.10292586E+001  0.70864964E+001  0.11112361E+003
  0.15003488E+001  0.10292890E+001  0.70865416E+001  0.11112563E+003
  0.15003743E+001  0.10293189E+001  0.70865895E+001  0.11112764E+003
  0.15003992E+001  0.10293485E+001  0.70866400E+001  0.11112965E+003
  0.15004235E+001  0.10293776E+001  0.70866933E+001  0.11113165E+003
  0.15004472E+001  0.10294061E+001  0.70867493E+001  0.11113365E+003
  0.15004704E+001  0.10294340E+001  0.70868082E+001  0.11113563E+003
  0.15004929E+001  0.10294613E+001  0.70868698E+001  0.11113761E+003
  0.15005148E+001  0.10294879E+001  0.70869343E+001  0.11113957E+003
  0.15005362E+001  0.10295139E+001  0.70870015E+001  0.11114152E+003
  0.15005569E+001  0.10295391E+001  0.70870713E+001  0.11114346E+003
  0.15005770E+001  0.10295635E+001  0.70871438E+001  0.11114538E+003
  0.15005965E+001  0.10295872E+001  0.70872187E+001  0.11114729E+003
  0.15006155E+001  0.10296101E+001  0.70872960E+001  0.11114918E+003
  0.15006339E+001  0.10296321E+001  0.70873755E+001  0.11115106E+003
  0.15006517E+001  0.10296534E+001  0.70874571E+001  0.11115292E+003
  0.15006690E+001  0.10296738E+001  0.70875405E+001  0.11115476E+003
  0.15006858E+001  0.10296934E+001  0.70876257E+001  0.11115658E+003
  0.15007020E+001  0.10297125E+001  0.70877119E+001  0.11115839E+003
  0.15007177E+001  0.10297304E+001  0.70877997E+001  0.11116019E+003
  0.15007329E+001  0.10297475E+001  0.70878885E+001  0.11116196E+003
  0.15007477E+001  0.10297638E+001  0.70879781E+001  0.11116373E+003
  0.15007619E+001  0.10297792E+001  0.70880681E+001  0.11116548E+003
  0.15007757E+001  0.10297938E+001  0.70881584E+001  0.11116722E+003
  0.15007890E+001  0.10298076E+001  0.70882486E+001  0.11116895E+003
  0.15008018E+001  0.10298207E+001  0.70883385E+001  0.11117066E+003
  0.15008141E+001  0.10298329E+001  0.70884279E+001  0.11117237E+003
  0.15008260E+001  0.10298444E+001  0.70885163E+001  0.11117407E+003
  0.15008375E+001  0.10298552E+001  0.70886037E+001  0.11117576E+003
  0.15008484E+001  0.10298653E+001  0.70886896E+001  0.11117745E+003
  0.15008589E+001  0.10298747E+001  0.70887739E+001  0.11117913E+003
  0.15008689E+001  0.10298835E+001  0.70888563E+001  0.11118081E+003
  0.15008784E+001  0.10298917E+001  0.70889365E+001  0.11118249E+003
  0.15008874E+001  0.10298992E+001  0.70890144E+001  0.11118417E+003
  0.15008959E+001  0.10299063E+001  0.70890897E+001  0.11118585E+003
  0.15009038E+001  0.10299128E+001  0.70891622E+001  0.11118752E+003
  0.15009113E+001  0.10299188E+001  0.70892317E+001  0.11118920E+003
  0.15009182E+001  0.10299243E+001  0.70892980E+001  0.11119088E+003
  0.15009245E+001  0.10299295E+001  0.70893611E+001  0.11119257E+003
  0.15009303E+001  0.10299342E+001  0.70894207E+001  0.11119426E+003
  0.15009356E+001  0.10299385E+001  0.70894768E+001  0.11119595E+003
  0.15009403E+001  0.10299425E+001  0.70895293E+001  0.11119765E+003
  0.15009443E+001  0.10299461E+001  0.70895781E+001  0.11119935E+003
  0.15009479E+001  0.10299495E+001  0.70896231E+001  0.11120106E+003
  0.15009508E+001  0.10299525E+001  0.70896643E+001  0.11120277E+003
  0.15009532E+001  0.10299553E+001  0.70897018E+001  0.11120449E+003
  0.15009550E+001  0.10299578E+001  0.70897354E+001  0.11120622E+003
  0.15009562E+001  0.10299601E+001  0.70897653E+001  0.11120796E+003
  0.15009568E+001  0.10299621E+001  0.70897915E+001  0.11120969E+003
  0.15009570E+001  0.10299639E+001  0.70898141E+001  0.11121144E+003
  0.15009565E+001  0.10299655E+001  0.70898330E+001  0.11121319E+003
  0.15009556E+001  0.10299669E+001  0.70898485E+001  0.11121495E+003
  0.15009542E+001  0.10299681E+001  0.70898607E+001  0.11121671E+003
  0.15009523E+001  0.10299690E+001  0.70898696E+001  0.11121848E+003
  0.15009499E+001  0.10299698E+001  0.70898753E+001  0.11122025E+003
  0.15009471E+001  0.10299704E+001  0.70898781E+001  0.11122203E+003
  0.15009438E+001  0.10299708E+001  0.70898781E+001  0.11122381E+003
  0.15009402E+001  0.10299710E+001  0.70898754E+001  0.11122559E+003
  0.15009363E+001  0.10299710E+001  0.70898701E+001  0.11122737E+003
  0.15009320E+001  0.10299708E+001  0.70898626E+001  0.11122916E+003
  0.15009274E+001  0.10299705E+001  0.70898528E+001  0.11123095E+003
  0.15009226E+001  0.10299700E+001  0.70898411E+001  0.11123274E+003
  0.15009175E+001  0.10299693E+001  0.70898274E+001  0.11123452E+003
  0.15009122E+001  0.10299685E+001  0.70898120E+001  0.11123631E+003
  0.15009067E+001  0.10299675E+001  0.70897951E+001  0.11123809E+003
  0.15009011E+001  0.10299664E+001  0.70897768E+001  0.11123988E+003
  0.15008953E+001  0.10299652E+001  0.70897572E+001  0.11124165E+003
  0.15008895E+001  0.10299638E+001  0.70897366E+001  0.11124343E+003
  0.15008836E+001  0.10299623E+001  0.70897150E+001  0.11124519E+003
  0.15008776E+001  0.10299607E+001  0.70896926E+001  0.11124696E+003
  0.15008716E+001  0.10299590E+001  0.70896696E+001  0.11124871E+003
  0.15008657E+001  0.10299572E+001  0.70896460E+001  0.11125046E+003
  0.15008597E+001  0.10299553E+001  0.70896219E+001  0.11125219E+003
  0.15008538E+001  0.10299534E+001  0.70895976E+001  0.11125392E+003
  0.15008480E+001  0.10299514E+001  0.70895730E+001  0.11125564E+003
  0.15008423E+001  0.10299493E+001  0.70895484E+001  0.11125735E+003
  0.15008366E+001  0.10299472E+001  0.70895237E+001  0.11125904E+003
  0.15008311E+001  0.10299451E+001  0.70894991E+001  0.11126072E+003
  0.15008256E+001  0.10299429E+001  0.70894747E+001  0.11126239E+003
  0.15008204E+001  0.10299407E+001  0.70894505E+001  0.11126405E+003
  0.15008152E+001  0.10299385E+001  0.70894267E+001  0.11126569E+003
  0.15008102E+001  0.10299363E+001  0.70894031E+001  0.11126731E+003
  0.15008054E+001  0.10299341E+001  0.70893800E+001  0.11126891E+003
  0.15008007E+001  0.10299319E+001  0.70893574E+001  0.11127050E+003
  0.15007962E+001  0.10299298E+001  0.70893353E+001  0.11127207E+003
  0.15007919E+001  0.10299276E+001  0.70893137E+001  0.11127363E+003
  0.15007877E+001  0.10299255E+001  0.70892927E+001  0.11127516E+003
  0.15007837E+001  0.10299235E+001  0.70892723E+001  0.11127667E+003
  0.15007799E+001  0.10299214E+001  0.70892525E+001  0.11127817E+003
  0.15007763E+001  0.10299195E+001  0.70892333E+001  0.11127964E+003
  0.15007728E+001  0.10299175E+001  0.70892148E+001  0.11128109E+003
  0.15007695E+001  0.10299156E+001  0.70891970E+001  0.11128252E+003
  0.15007664E+001  0.10299138E+001  0.70891799E+001  0.11128393E+003
  0.15007634E+001  0.10299120E+001  0.70891634E+001  0.11128531E+003
  0.15007606E+001  0.10299103E+001  0.70891475E+001  0.11128668E+003
  0.15007579E+001  0.10299086E+001  0.70891324E+001  0.11128801E+003
  0.15007554E+001  0.10299070E+001  0.70891179E+001  0.11128933E+003
  0.15007530E+001  0.10299055E+001  0.70891041E+001  0.11129062E+003
  0.15007508E+001  0.10299040E+001  0.70890908E+001  0.11129189E+003
  0.15007487E+001  0.10299026E+001  0.70890783E+001  0.11129313E+003
  0.15007467E+001  0.10299012E+001  0.70890663E+001  0.11129434E+003
  0.15007449E+001  0.10298999E+001  0.70890549E+001  0.11129554E+003
  0.15007431E+001  0.10298986E+001  0.70890441E+001  0.11129670E+003
  0.15007415E+001  0.10298974E+001  0.70890339E+001  0.11129785E+003
  0.15007400E+001  0.10298963E+001  0.70890242E+001  0.11129896E+003
  0.15007386E+001  0.10298952E+001  0.70890150E+001  0.11130006E+003
  0.15007372E+001  0.10298942E+001  0.70890063E+001  0.11130112E+003
  0.15007360E+001  0.10298932E+001  0.70889981E+001  0.11130216E+003
  0.15007348E+001  0.10298923E+001  0.70889904E+001  0.11130318E+003
  0.15007338E+001  0.10298914E+001  0.70889832E+001  0.11130417E+003
  0.15007328E+001  0.10298906E+001  0.70889763E+001  0.11130514E+003
  0.15007319E+001  0.10298898E+001  0.70889699E+001  0.11130608E+003
  0.15007310E+001  0.10298890E+001  0.70889638E+001  0.11130699E+003
  0.15007302E+001  0.10298883E+001  0.70889581E+001  0.11130789E+003
  0.15007294E+001  0.10298877E+001  0.70889528E+001  0.11130875E+003
  0.15007288E+001  0.10298871E+001  0.70889477E+001  0.11130960E+003
  0.15007281E+001  0.10298865E+001  0.70889431E+001  0.11131041E+003
  0.15007275E+001  0.10298860E+001  0.70889387E+001  0.11131121E+003
  0.15007270E+001  0.10298854E+001  0.70889345E+001  0.11131198E+003
  0.15007265E+001  0.10298850E+001  0.70889307E+001  0.11131273E+003
  0.15007260E+001  0.10298845E+001  0.70889271E+001  0.11131345E+003
  0.15007256E+001  0.10298841E+001  0.70889237E+001  0.11131416E+003
  0.15007252E+001  0.10298837E+001  0.70889206E+001  0.11131484E+003
  0.15007248E+001  0.10298834E+001  0.70889177E+001  0.11131549E+003
  0.15007245E+001  0.10298830E+001  0.70889149E+001  0.11131613E+003
  0.15007241E+001  0.10298827E+001  0.70889124E+001  0.11131674E+003
