  0.36514820E-001  0.37228064E+000  0.31416705E+001  0.11760276E+003
  0.36529024E-001  0.37243719E+000  0.31404436E+001  0.11752579E+003
  0.36517193E-001  0.37258942E+000  0.31393990E+001  0.11746019E+003
  0.36507554E-001  0.37271376E+000  0.31385114E+001  0.11740442E+003
  0.36502783E-001  0.37281154E+000  0.31377639E+001  0.11735709E+003
  0.36499111E-001  0.37288994E+000  0.31371365E+001  0.11731697E+003
  0.36496395E-001  0.37295196E+000  0.31366116E+001  0.11728300E+003
  0.36494448E-001  0.37300021E+000  0.31361743E+001  0.11725427E+003
  0.36493097E-001  0.37303814E+000  0.31358105E+001  0.11722999E+003
  0.36492193E-001  0.37306623E+000  0.31355103E+001  0.11720950E+003
  0.36491618E-001  0.37308581E+000  0.31352649E+001  0.11719223E+003
  0.36491281E-001  0.37309821E+000  0.31350662E+001  0.11717770E+003
  0.36491114E-001  0.37310455E+000  0.31349074E+001  0.11716549E+003
  0.36491069E-001  0.37310579E+000  0.31347829E+001  0.11715528E+003
  0.36491112E-001  0.37310275E+000  0.31346876E+001  0.11714675E+003
  0.36491222E-001  0.37309612E+000  0.31346174E+001  0.11713967E+003
  0.36491384E-001  0.37308644E+000  0.31345687E+001  0.11713383E+003
  0.36491590E-001  0.37307421E+000  0.31345386E+001  0.11712904E+003
  0.36491836E-001  0.37305983E+000  0.31345243E+001  0.11712515E+003
  0.36492123E-001  0.37304364E+000  0.31345237E+001  0.11712204E+003
  0.36492451E-001  0.37302596E+000  0.31345348E+001  0.11711959E+003
  0.36492822E-001  0.37300703E+000  0.31345559E+001  0.11711772E+003
  0.36493239E-001  0.37298708E+000  0.31345857E+001  0.11711633E+003
  0.36493705E-001  0.37296631E+000  0.31346230E+001  0.11711536E+003
  0.36494221E-001  0.37294487E+000  0.31346667E+001  0.11711476E+003
  0.36494792E-001  0.37292332E+000  0.31347156E+001  0.11711447E+003
  0.36495418E-001  0.37290169E+000  0.31347689E+001  0.11711445E+003
  0.36496103E-001  0.37287981E+000  0.31348263E+001  0.11711466E+003
  0.36496851E-001  0.37285777E+000  0.31348873E+001  0.11711507E+003
  0.36497662E-001  0.37283566E+000  0.31349514E+001  0.11711565E+003
  0.36498537E-001  0.37281355E+000  0.31350182E+001  0.11711639E+003
  0.36499478E-001  0.37279152E+000  0.31350874E+001  0.11711725E+003
  0.36501143E-001  0.37276898E+000  0.31351586E+001  0.11711822E+003
  0.36502947E-001  0.37274656E+000  0.31352317E+001  0.11711929E+003
  0.36504795E-001  0.37272440E+000  0.31353063E+001  0.11712044E+003
  0.36506685E-001  0.37270255E+000  0.31353824E+001  0.11712166E+003
  0.36508616E-001  0.37268106E+000  0.31354597E+001  0.11712295E+003
  0.36510584E-001  0.37265994E+000  0.31355380E+001  0.11712430E+003
  0.36512588E-001  0.37263925E+000  0.31356172E+001  0.11712570E+003
  0.36514624E-001  0.37261899E+000  0.31356972E+001  0.11712715E+003
  0.36516690E-001  0.37259920E+000  0.31357779E+001  0.11712863E+003
  0.36518784E-001  0.37257990E+000  0.31358590E+001  0.11713016E+003
  0.36520903E-001  0.37256109E+000  0.31359405E+001  0.11713172E+003
  0.36523045E-001  0.37254280E+000  0.31360222E+001  0.11713331E+003
  0.36524974E-001  0.37252526E+000  0.31361041E+001  0.11713493E+003
  0.36526618E-001  0.37250857E+000  0.31361861E+001  0.11713658E+003
  0.36528292E-001  0.37249240E+000  0.31362680E+001  0.11713827E+003
  0.36529994E-001  0.37247677E+000  0.31363498E+001  0.11713997E+003
  0.36531721E-001  0.37246167E+000  0.31364315E+001  0.11714171E+003
  0.36533471E-001  0.37244711E+000  0.31365129E+001  0.11714347E+003
  0.36535242E-001  0.37243309E+000  0.31365942E+001  0.11714525E+003
  0.36537030E-001  0.37241960E+000  0.31366752E+001  0.11714705E+003
  0.36538832E-001  0.37240665E+000  0.31367561E+001  0.11714888E+003
  0.36540648E-001  0.37239423E+000  0.31368368E+001  0.11715072E+003
  0.36542473E-001  0.37238233E+000  0.31369173E+001  0.11715259E+003
  0.36544304E-001  0.37237095E+000  0.31369977E+001  0.11715447E+003
  0.36545316E-001  0.37236090E+000  0.31370781E+001  0.11715637E+003
  0.36545482E-001  0.37235219E+000  0.31371584E+001  0.11715828E+003
  0.36545668E-001  0.37234395E+000  0.31372388E+001  0.11716021E+003
  0.36545868E-001  0.37233615E+000  0.31373193E+001  0.11716216E+003
  0.36546079E-001  0.37232879E+000  0.31374000E+001  0.11716412E+003
  0.36546294E-001  0.37232186E+000  0.31374809E+001  0.11716608E+003
  0.36546510E-001  0.37231532E+000  0.31375621E+001  0.11716806E+003
  0.36546721E-001  0.37230917E+000  0.31376437E+001  0.11717005E+003
  0.36546925E-001  0.37230338E+000  0.31377258E+001  0.11717205E+003
  0.36547116E-001  0.37229791E+000  0.31378084E+001  0.11717405E+003
  0.36547293E-001  0.37229275E+000  0.31378916E+001  0.11717607E+003
  0.36547454E-001  0.37228787E+000  0.31379756E+001  0.11717808E+003
  0.36547595E-001  0.37228322E+000  0.31380603E+001  0.11718011E+003
  0.36547717E-001  0.37227879E+000  0.31381459E+001  0.11718213E+003
  0.36547819E-001  0.37227454E+000  0.31382326E+001  0.11718416E+003
  0.36547900E-001  0.37227043E+000  0.31383202E+001  0.11718619E+003
  0.36547961E-001  0.37226643E+000  0.31384090E+001  0.11718823E+003
  0.36548003E-001  0.37226252E+000  0.31384989E+001  0.11719026E+003
  0.36548027E-001  0.37225866E+000  0.31385900E+001  0.11719229E+003
  0.36548035E-001  0.37225483E+000  0.31386822E+001  0.11719432E+003
  0.36548029E-001  0.37225102E+000  0.31387757E+001  0.11719635E+003
  0.36548010E-001  0.37224719E+000  0.31388703E+001  0.11719837E+003
  0.36547981E-001  0.37224334E+000  0.31389659E+001  0.11720039E+003
  0.36547944E-001  0.37223945E+000  0.31390625E+001  0.11720240E+003
  0.36547901E-001  0.37223553E+000  0.31391600E+001  0.11720440E+003
  0.36547853E-001  0.37223157E+000  0.31392582E+001  0.11720640E+003
  0.36547804E-001  0.37222758E+000  0.31393569E+001  0.11720838E+003
  0.36547753E-001  0.37222355E+000  0.31394559E+001  0.11721035E+003
  0.36547703E-001  0.37221949E+000  0.31395552E+001  0.11721231E+003
  0.36547655E-001  0.37221543E+000  0.31396543E+001  0.11721425E+003
  0.36547608E-001  0.37221136E+000  0.31397531E+001  0.11721618E+003
  0.36547565E-001  0.37220731E+000  0.31398514E+001  0.11721810E+003
  0.36547525E-001  0.37220328E+000  0.31399490E+001  0.11722000E+003
  0.36547487E-001  0.37219929E+000  0.31400455E+001  0.11722189E+003
  0.36547453E-001  0.37219536E+000  0.31401408E+001  0.11722376E+003
  0.36547421E-001  0.37219148E+000  0.31402346E+001  0.11722562E+003
  0.36547391E-001  0.37218767E+000  0.31403268E+001  0.11722746E+003
  0.36547362E-001  0.37218395E+000  0.31404171E+001  0.11722929E+003
  0.36547334E-001  0.37218031E+000  0.31405053E+001  0.11723110E+003
  0.36547305E-001  0.37217676E+000  0.31405913E+001  0.11723290E+003
  0.36547276E-001  0.37217330E+000  0.31406749E+001  0.11723469E+003
  0.36547244E-001  0.37216993E+000  0.31407560E+001  0.11723647E+003
  0.36547210E-001  0.37216665E+000  0.31408344E+001  0.11723824E+003
  0.36547173E-001  0.37216346E+000  0.31409100E+001  0.11724000E+003
  0.36547132E-001  0.37216035E+000  0.31409828E+001  0.11724176E+003
  0.36547087E-001  0.37215731E+000  0.31410526E+001  0.11724350E+003
  0.36547037E-001  0.37215435E+000  0.31411195E+001  0.11724524E+003
  0.36546982E-001  0.37215145E+000  0.31411833E+001  0.11724697E+003
  0.36546922E-001  0.37214860E+000  0.31412441E+001  0.11724870E+003
  0.36546857E-001  0.37214581E+000  0.31413018E+001  0.11725043E+003
  0.36546787E-001  0.37214307E+000  0.31413564E+001  0.11725215E+003
  0.36546712E-001  0.37214037E+000  0.31414081E+001  0.11725388E+003
  0.36546632E-001  0.37213770E+000  0.31414567E+001  0.11725560E+003
  0.36546549E-001  0.37213507E+000  0.31415025E+001  0.11725732E+003
  0.36546461E-001  0.37213248E+000  0.31415453E+001  0.11725904E+003
  0.36546371E-001  0.37212992E+000  0.31415854E+001  0.11726076E+003
  0.36546278E-001  0.37212739E+000  0.31416227E+001  0.11726249E+003
  0.36546182E-001  0.37212490E+000  0.31416573E+001  0.11726421E+003
  0.36546086E-001  0.37212245E+000  0.31416894E+001  0.11726594E+003
  0.36545988E-001  0.37212004E+000  0.31417191E+001  0.11726767E+003
  0.36545890E-001  0.37211767E+000  0.31417464E+001  0.11726941E+003
  0.36545793E-001  0.37211536E+000  0.31417715E+001  0.11727115E+003
  0.36545696E-001  0.37211309E+000  0.31417944E+001  0.11727289E+003
  0.36545600E-001  0.37211089E+000  0.31418152E+001  0.11727463E+003
  0.36545507E-001  0.37210875E+000  0.31418342E+001  0.11727638E+003
  0.36545416E-001  0.37210668E+000  0.31418513E+001  0.11727813E+003
  0.36545327E-001  0.37210469E+000  0.31418667E+001  0.11727989E+003
  0.36545242E-001  0.37210277E+000  0.31418805E+001  0.11728165E+003
  0.36545160E-001  0.37210093E+000  0.31418928E+001  0.11728341E+003
  0.36545081E-001  0.37209918E+000  0.31419037E+001  0.11728517E+003
  0.36545006E-001  0.37209751E+000  0.31419133E+001  0.11728694E+003
  0.36544935E-001  0.37209593E+000  0.31419216E+001  0.11728871E+003
  0.36544869E-001  0.37209445E+000  0.31419288E+001  0.11729048E+003
  0.36544806E-001  0.37209305E+000  0.31419350E+001  0.11729225E+003
  0.36544747E-001  0.37209174E+000  0.31419402E+001  0.11729402E+003
  0.36544692E-001  0.37209052E+000  0.31419446E+001  0.11729580E+003
  0.36544642E-001  0.37208938E+000  0.31419482E+001  0.11729757E+003
  0.36544595E-001  0.37208833E+000  0.31419510E+001  0.11729934E+003
  0.36544552E-001  0.37208737E+000  0.31419532E+001  0.11730112E+003
  0.36544512E-001  0.37208648E+000  0.31419548E+001  0.11730289E+003
  0.36544476E-001  0.37208567E+000  0.31419559E+001  0.11730465E+003
  0.36544444E-001  0.37208493E+000  0.31419565E+001  0.11730642E+003
  0.36544414E-001  0.37208426E+000  0.31419567E+001  0.11730818E+003
  0.36544387E-001  0.37208366E+000  0.31419566E+001  0.11730994E+003
  0.36544363E-001  0.37208312E+000  0.31419561E+001  0.11731169E+003
  0.36544342E-001  0.37208263E+000  0.31419554E+001  0.11731343E+003
  0.36544323E-001  0.37208220E+000  0.31419545E+001  0.11731517E+003
  0.36544306E-001  0.37208182E+000  0.31419534E+001  0.11731691E+003
  0.36544291E-001  0.37208148E+000  0.31419522E+001  0.11731863E+003
  0.36544278E-001  0.37208118E+000  0.31419508E+001  0.11732035E+003
  0.36544266E-001  0.37208092E+000  0.31419494E+001  0.11732206E+003
  0.36544256E-001  0.37208069E+000  0.31419480E+001  0.11732376E+003
  0.36544247E-001  0.37208049E+000  0.31419465E+001  0.11732544E+003
  0.36544239E-001  0.37208032E+000  0.31419450E+001  0.11732712E+003
  0.36544233E-001  0.37208017E+000  0.31419435E+001  0.11732878E+003
  0.36544227E-001  0.37208005E+000  0.31419420E+001  0.11733043E+003
  0.36544222E-001  0.37207994E+000  0.31419406E+001  0.11733207E+003
  0.36544217E-001  0.37207985E+000  0.31419392E+001  0.11733370E+003
  0.36544213E-001  0.37207977E+000  0.31419378E+001  0.11733530E+003
  0.36544210E-001  0.37207970E+000  0.31419366E+001  0.11733690E+003
  0.36544207E-001  0.37207965E+000  0.31419354E+001  0.11733848E+003
  0.36544204E-001  0.37207960E+000  0.31419343E+001  0.11734004E+003
  0.36544202E-001  0.37207956E+000  0.31419333E+001  0.11734158E+003
  0.36544200E-001  0.37207953E+000  0.31419323E+001  0.11734311E+003
  0.36544198E-001  0.37207950E+000  0.31419314E+001  0.11734461E+003
  0.36544196E-001  0.37207947E+000  0.31419306E+001  0.11734610E+003
  0.36544194E-001  0.37207945E+000  0.31419299E+001  0.11734757E+003
  0.36544192E-001  0.37207943E+000  0.31419292E+001  0.11734902E+003
  0.36544191E-001  0.37207941E+000  0.31419286E+001  0.11735045E+003
  0.36544189E-001  0.37207939E+000  0.31419281E+001  0.11735185E+003
  0.36544188E-001  0.37207938E+000  0.31419276E+001  0.11735324E+003
  0.36544186E-001  0.37207936E+000  0.31419272E+001  0.11735460E+003
  0.36544184E-001  0.37207934E+000  0.31419269E+001  0.11735594E+003
  0.36544183E-001  0.37207933E+000  0.31419266E+001  0.11735726E+003
  0.36544181E-001  0.37207931E+000  0.31419263E+001  0.11735856E+003
  0.36544180E-001  0.37207929E+000  0.31419261E+001  0.11735983E+003
  0.36544178E-001  0.37207928E+000  0.31419259E+001  0.11736108E+003
  0.36544177E-001  0.37207926E+000  0.31419257E+001  0.11736231E+003
  0.36544175E-001  0.37207924E+000  0.31419256E+001  0.11736351E+003
  0.36544173E-001  0.37207922E+000  0.31419254E+001  0.11736469E+003
  0.36544172E-001  0.37207921E+000  0.31419253E+001  0.11736584E+003
  0.36544170E-001  0.37207919E+000  0.31419253E+001  0.11736697E+003
  0.36544169E-001  0.37207917E+000  0.31419252E+001  0.11736808E+003
  0.36544167E-001  0.37207915E+000  0.31419251E+001  0.11736916E+003
  0.36544166E-001  0.37207913E+000  0.31419251E+001  0.11737021E+003
  0.36544165E-001  0.37207911E+000  0.31419250E+001  0.11737124E+003
  0.36544163E-001  0.37207910E+000  0.31419250E+001  0.11737225E+003
  0.36544162E-001  0.37207908E+000  0.31419249E+001  0.11737323E+003
  0.36544161E-001  0.37207906E+000  0.31419249E+001  0.11737419E+003
  0.36544160E-001  0.37207905E+000  0.31419249E+001  0.11737512E+003
  0.36544159E-001  0.37207903E+000  0.31419248E+001  0.11737603E+003
  0.36544158E-001  0.37207902E+000  0.31419248E+001  0.11737692E+003
  0.36544157E-001  0.37207900E+000  0.31419247E+001  0.11737778E+003
  0.36544156E-001  0.37207899E+000  0.31419247E+001  0.11737861E+003
  0.36544156E-001  0.37207898E+000  0.31419246E+001  0.11737942E+003
  0.36544155E-001  0.37207896E+000  0.31419246E+001  0.11738021E+003
  0.36544155E-001  0.37207895E+000  0.31419245E+001  0.11738098E+003
  0.36544154E-001  0.37207894E+000  0.31419245E+001  0.11738172E+003
  0.36544154E-001  0.37207894E+000  0.31419244E+001  0.11738244E+003
  0.36544154E-001  0.37207893E+000  0.31419244E+001  0.11738314E+003
  0.36544154E-001  0.37207892E+000  0.31419243E+001  0.11738382E+003
  0.36544154E-001  0.37207892E+000  0.31419243E+001  0.11738447E+003
  0.36544156E-001  0.37207892E+000  0.31419242E+001  0.11738511E+003
  0.36544157E-001  0.37207893E+000  0.31419241E+001  0.11738572E+003
