  0.10652705E+000
  0.10654645E+000
  0.10651895E+000
  0.10647655E+000
  0.10642995E+000
  0.10638363E+000
  0.10634013E+000
  0.10630136E+000
  0.10626740E+000
  0.10623796E+000
  0.10621261E+000
  0.10619096E+000
  0.10617258E+000
  0.10615709E+000
  0.10614415E+000
  0.10613342E+000
  0.10612465E+000
  0.10611758E+000
  0.10611200E+000
  0.10610770E+000
  0.10610451E+000
  0.10610229E+000
  0.10610091E+000
  0.10610023E+000
  0.10610017E+000
  0.10610063E+000
  0.10610153E+000
  0.10610280E+000
  0.10610438E+000
  0.10610622E+000
  0.10610826E+000
  0.10611048E+000
  0.10611283E+000
  0.10611530E+000
  0.10611785E+000
  0.10612047E+000
  0.10612314E+000
  0.10612585E+000
  0.10612859E+000
  0.10613136E+000
  0.10613414E+000
  0.10613694E+000
  0.10613975E+000
  0.10614257E+000
  0.10614541E+000
  0.10614825E+000
  0.10615110E+000
  0.10615397E+000
  0.10615684E+000
  0.10615972E+000
  0.10616260E+000
  0.10616549E+000
  0.10616838E+000
  0.10617128E+000
  0.10617417E+000
  0.10617707E+000
  0.10617996E+000
  0.10618284E+000
  0.10618571E+000
  0.10618856E+000
  0.10619141E+000
  0.10619424E+000
  0.10619704E+000
  0.10619983E+000
  0.10620260E+000
  0.10620534E+000
  0.10620806E+000
  0.10621075E+000
  0.10621341E+000
  0.10621604E+000
  0.10621865E+000
  0.10622123E+000
  0.10622379E+000
  0.10622631E+000
  0.10622881E+000
  0.10623128E+000
  0.10623372E+000
  0.10623613E+000
  0.10623852E+000
  0.10624088E+000
  0.10624321E+000
  0.10624551E+000
  0.10624779E+000
  0.10625004E+000
  0.10625226E+000
  0.10625445E+000
  0.10625661E+000
  0.10625875E+000
  0.10626086E+000
  0.10626293E+000
  0.10626498E+000
  0.10626700E+000
  0.10626899E+000
  0.10627096E+000
  0.10627290E+000
  0.10627481E+000
  0.10627670E+000
  0.10627856E+000
  0.10628040E+000
  0.10628222E+000
  0.10628402E+000
  0.10628580E+000
  0.10628756E+000
  0.10628931E+000
  0.10629104E+000
  0.10629276E+000
  0.10629447E+000
  0.10629616E+000
  0.10629784E+000
  0.10629952E+000
  0.10630119E+000
  0.10630285E+000
  0.10630451E+000
  0.10630616E+000
  0.10630781E+000
  0.10630946E+000
  0.10631110E+000
  0.10631274E+000
  0.10631439E+000
  0.10631603E+000
  0.10631767E+000
  0.10631931E+000
  0.10632096E+000
  0.10632260E+000
  0.10632425E+000
  0.10632590E+000
  0.10632755E+000
  0.10632921E+000
  0.10633086E+000
  0.10633252E+000
  0.10633418E+000
  0.10633584E+000
  0.10633751E+000
  0.10633917E+000
  0.10634084E+000
  0.10634251E+000
  0.10634418E+000
  0.10634584E+000
  0.10634751E+000
  0.10634918E+000
  0.10635085E+000
  0.10635251E+000
  0.10635417E+000
  0.10635584E+000
  0.10635749E+000
  0.10635915E+000
  0.10636080E+000
  0.10636244E+000
  0.10636408E+000
  0.10636571E+000
  0.10636734E+000
  0.10636896E+000
  0.10637057E+000
  0.10637217E+000
  0.10637376E+000
  0.10637534E+000
  0.10637691E+000
  0.10637847E+000
  0.10638002E+000
  0.10638156E+000
  0.10638308E+000
  0.10638459E+000
  0.10638608E+000
  0.10638756E+000
  0.10638902E+000
  0.10639047E+000
  0.10639190E+000
  0.10639331E+000
  0.10639470E+000
  0.10639608E+000
  0.10639743E+000
  0.10639877E+000
  0.10640009E+000
  0.10640139E+000
  0.10640266E+000
  0.10640392E+000
  0.10640515E+000
  0.10640636E+000
  0.10640755E+000
  0.10640872E+000
  0.10640987E+000
  0.10641099E+000
  0.10641209E+000
  0.10641317E+000
  0.10641422E+000
  0.10641525E+000
  0.10641626E+000
  0.10641725E+000
  0.10641821E+000
  0.10641915E+000
  0.10642006E+000
  0.10642095E+000
  0.10642182E+000
  0.10642267E+000
  0.10642349E+000
  0.10642429E+000
  0.10642507E+000
  0.10642582E+000
  0.10642656E+000
  0.10642727E+000
