  0.15876857E+001
  0.15857681E+001
  0.15842264E+001
  0.15829835E+001
  0.15819833E+001
  0.15811826E+001
  0.15805469E+001
  0.15800486E+001
  0.15796651E+001
  0.15793774E+001
  0.15791700E+001
  0.15790299E+001
  0.15789464E+001
  0.15789103E+001
  0.15789141E+001
  0.15789514E+001
  0.15790170E+001
  0.15791067E+001
  0.15792166E+001
  0.15793437E+001
  0.15794856E+001
  0.15796400E+001
  0.15798051E+001
  0.15799794E+001
  0.15801616E+001
  0.15803506E+001
  0.15805453E+001
  0.15807450E+001
  0.15809489E+001
  0.15811565E+001
  0.15813670E+001
  0.15815800E+001
  0.15817950E+001
  0.15820115E+001
  0.15822292E+001
  0.15824476E+001
  0.15826663E+001
  0.15828850E+001
  0.15831033E+001
  0.15833208E+001
  0.15835372E+001
  0.15837522E+001
  0.15839653E+001
  0.15841763E+001
  0.15843848E+001
  0.15845906E+001
  0.15847931E+001
  0.15849922E+001
  0.15851874E+001
  0.15853785E+001
  0.15855652E+001
  0.15857472E+001
  0.15859242E+001
  0.15860958E+001
  0.15862619E+001
  0.15864222E+001
  0.15865765E+001
  0.15867245E+001
  0.15868661E+001
  0.15870012E+001
  0.15871295E+001
  0.15872509E+001
  0.15873653E+001
  0.15874727E+001
  0.15875730E+001
  0.15876662E+001
  0.15877523E+001
  0.15878313E+001
  0.15879032E+001
  0.15879682E+001
  0.15880264E+001
  0.15880778E+001
  0.15881228E+001
  0.15881614E+001
  0.15881939E+001
  0.15882206E+001
  0.15882417E+001
  0.15882576E+001
  0.15882685E+001
  0.15882749E+001
  0.15882770E+001
  0.15882753E+001
  0.15882701E+001
  0.15882619E+001
  0.15882509E+001
  0.15882376E+001
  0.15882223E+001
  0.15882053E+001
  0.15881871E+001
  0.15881678E+001
  0.15881478E+001
  0.15881274E+001
  0.15881067E+001
  0.15880860E+001
  0.15880655E+001
  0.15880453E+001
  0.15880255E+001
  0.15880063E+001
  0.15879877E+001
  0.15879697E+001
  0.15879526E+001
  0.15879362E+001
  0.15879206E+001
  0.15879057E+001
  0.15878917E+001
  0.15878785E+001
  0.15878660E+001
  0.15878542E+001
  0.15878431E+001
  0.15878328E+001
  0.15878230E+001
  0.15878139E+001
  0.15878053E+001
  0.15877973E+001
  0.15877898E+001
  0.15877827E+001
  0.15877761E+001
  0.15877700E+001
  0.15877642E+001
  0.15877587E+001
  0.15877536E+001
  0.15877488E+001
  0.15877443E+001
  0.15877401E+001
  0.15877361E+001
  0.15877323E+001
  0.15877288E+001
  0.15877255E+001
  0.15877223E+001
  0.15877194E+001
  0.15877166E+001
  0.15877139E+001
  0.15877114E+001
  0.15877091E+001
  0.15877068E+001
  0.15877047E+001
  0.15877028E+001
  0.15877009E+001
  0.15876991E+001
  0.15876974E+001
  0.15876958E+001
  0.15876943E+001
  0.15876929E+001
  0.15876916E+001
  0.15876903E+001
  0.15876891E+001
  0.15876880E+001
  0.15876870E+001
  0.15876860E+001
  0.15876850E+001
  0.15876842E+001
  0.15876834E+001
  0.15876826E+001
  0.15876819E+001
  0.15876813E+001
  0.15876806E+001
  0.15876801E+001
  0.15876796E+001
  0.15876791E+001
  0.15876786E+001
  0.15876782E+001
  0.15876779E+001
  0.15876775E+001
  0.15876772E+001
  0.15876770E+001
  0.15876767E+001
  0.15876765E+001
  0.15876763E+001
  0.15876762E+001
  0.15876761E+001
  0.15876760E+001
  0.15876759E+001
  0.15876758E+001
  0.15876758E+001
  0.15876757E+001
  0.15876757E+001
  0.15876757E+001
  0.15876757E+001
  0.15876758E+001
  0.15876758E+001
  0.15876759E+001
  0.15876760E+001
  0.15876760E+001
  0.15876761E+001
  0.15876762E+001
  0.15876764E+001
  0.15876765E+001
  0.15876766E+001
  0.15876767E+001
  0.15876769E+001
  0.15876770E+001
  0.15876772E+001
  0.15876774E+001
  0.15876775E+001
  0.15876777E+001
  0.15876778E+001
  0.15876780E+001
  0.15876782E+001
  0.15876783E+001
  0.15876784E+001
