  0.11895747E+001  0.55522363E+000  0.89680579E+000  0.37091391E+001
  0.11644450E+001  0.57213255E+000  0.89324690E+000  0.37132484E+001
  0.11430583E+001  0.57919552E+000  0.90501038E+000  0.37096418E+001
  0.11345530E+001  0.57971272E+000  0.90518072E+000  0.37124878E+001
  0.11264072E+001  0.57688720E+000  0.90837208E+000  0.37162670E+001
  0.11239671E+001  0.56717678E+000  0.91017145E+000  0.37234155E+001
  0.11169957E+001  0.56898082E+000  0.91347589E+000  0.37227356E+001
  0.11052168E+001  0.57951264E+000  0.91296519E+000  0.37225002E+001
  0.11035553E+001  0.57999486E+000  0.91135366E+000  0.37237570E+001
  0.11015729E+001  0.57628601E+000  0.91538465E+000  0.37242666E+001
  0.11006957E+001  0.57461428E+000  0.91618390E+000  0.37251866E+001
  0.11001030E+001  0.57204337E+000  0.91425532E+000  0.37297185E+001
  0.10996336E+001  0.57136978E+000  0.91023941E+000  0.37345434E+001
  0.10990016E+001  0.57174590E+000  0.90977993E+000  0.37351143E+001
  0.10961948E+001  0.57442648E+000  0.90990408E+000  0.37351314E+001
  0.10955862E+001  0.57236417E+000  0.91241745E+000  0.37354383E+001
  0.10954056E+001  0.57049615E+000  0.91414309E+000  0.37360238E+001
  0.10949063E+001  0.57058604E+000  0.91448374E+000  0.37364510E+001
  0.10947465E+001  0.57076187E+000  0.91461552E+000  0.37367428E+001
  0.10948439E+001  0.57069095E+000  0.91526743E+000  0.37365731E+001
  0.10902338E+001  0.57549874E+000  0.91536104E+000  0.37368493E+001
  0.10903918E+001  0.57552084E+000  0.91549863E+000  0.37371492E+001
  0.10905186E+001  0.57562681E+000  0.91563220E+000  0.37374434E+001
  0.10906975E+001  0.57569217E+000  0.91627887E+000  0.37372497E+001
  0.10908714E+001  0.57577096E+000  0.91652894E+000  0.37374757E+001
  0.10910622E+001  0.57584731E+000  0.91663314E+000  0.37378601E+001
  0.10912634E+001  0.57590297E+000  0.91677672E+000  0.37382386E+001
  0.10912857E+001  0.57616182E+000  0.91688972E+000  0.37386432E+001
  0.10914964E+001  0.57623767E+000  0.91702112E+000  0.37390410E+001
  0.10917106E+001  0.57629007E+000  0.91717899E+000  0.37394467E+001
  0.10919275E+001  0.57636778E+000  0.91731400E+000  0.37398592E+001
  0.10921465E+001  0.57644604E+000  0.91745047E+000  0.37402775E+001
  0.10923655E+001  0.57652605E+000  0.91758814E+000  0.37407008E+001
  0.10925871E+001  0.57660460E+000  0.91772676E+000  0.37411281E+001
  0.10928093E+001  0.57668313E+000  0.91786611E+000  0.37415588E+001
  0.10930260E+001  0.57676701E+000  0.91800601E+000  0.37419918E+001
  0.10932477E+001  0.57684512E+000  0.91814627E+000  0.37424266E+001
  0.10934686E+001  0.57692286E+000  0.91828673E+000  0.37428623E+001
  0.10936881E+001  0.57700011E+000  0.91842725E+000  0.37432981E+001
  0.10939059E+001  0.57707678E+000  0.91856768E+000  0.37437332E+001
  0.10941215E+001  0.57715277E+000  0.91870789E+000  0.37441671E+001
  0.10943346E+001  0.57722798E+000  0.91884776E+000  0.37445988E+001
  0.10945446E+001  0.57730232E+000  0.91898714E+000  0.37450277E+001
  0.10947511E+001  0.57737569E+000  0.91912591E+000  0.37454530E+001
  0.10949539E+001  0.57744798E+000  0.91926393E+000  0.37458741E+001
  0.10951579E+001  0.57751360E+000  0.91973272E+000  0.37444574E+001
  0.10953517E+001  0.57758344E+000  0.91985483E+000  0.37449451E+001
  0.10955406E+001  0.57765190E+000  0.91997699E+000  0.37454195E+001
  0.10957241E+001  0.57771887E+000  0.92009900E+000  0.37458803E+001
  0.10959018E+001  0.57778425E+000  0.92022065E+000  0.37463269E+001
  0.10960735E+001  0.57784793E+000  0.92034172E+000  0.37467590E+001
  0.10962388E+001  0.57790982E+000  0.92046195E+000  0.37471762E+001
  0.10963991E+001  0.57796821E+000  0.92058108E+000  0.37475783E+001
  0.10965508E+001  0.57802621E+000  0.92069885E+000  0.37479650E+001
  0.10966954E+001  0.57808213E+000  0.92081497E+000  0.37483361E+001
  0.10968327E+001  0.57813589E+000  0.92092914E+000  0.37486916E+001
  0.10969625E+001  0.57818740E+000  0.92104107E+000  0.37490312E+001
  0.10970848E+001  0.57823664E+000  0.92115042E+000  0.37493548E+001
  0.10971994E+001  0.57828354E+000  0.92125692E+000  0.37496624E+001
  0.10973063E+001  0.57832804E+000  0.92112647E+000  0.37512443E+001
  0.10974055E+001  0.57839422E+000  0.92120293E+000  0.37515156E+001
  0.10974971E+001  0.57843378E+000  0.92129919E+000  0.37517739E+001
  0.10975813E+001  0.57847074E+000  0.92139090E+000  0.37520189E+001
  0.10976579E+001  0.57850528E+000  0.92147783E+000  0.37522504E+001
  0.10977272E+001  0.57853729E+000  0.92155981E+000  0.37524683E+001
  0.10977895E+001  0.57856680E+000  0.92163664E+000  0.37526725E+001
  0.10978450E+001  0.57859381E+000  0.92170819E+000  0.37528628E+001
  0.10978938E+001  0.57861836E+000  0.92177435E+000  0.37530392E+001
  0.10979362E+001  0.57864050E+000  0.92183504E+000  0.37532017E+001
  0.10979726E+001  0.57866027E+000  0.92189022E+000  0.37533503E+001
  0.10980033E+001  0.57867773E+000  0.92193990E+000  0.37534851E+001
  0.10980284E+001  0.57869297E+000  0.92198411E+000  0.37536063E+001
  0.10980485E+001  0.57870605E+000  0.92202294E+000  0.37537141E+001
  0.10980638E+001  0.57871708E+000  0.92205652E+000  0.37538086E+001
  0.10980746E+001  0.57872615E+000  0.92208500E+000  0.37538903E+001
  0.10980814E+001  0.57873337E+000  0.92210857E+000  0.37539595E+001
  0.10980843E+001  0.57873885E+000  0.92212748E+000  0.37540166E+001
  0.10980838E+001  0.57874272E+000  0.92214196E+000  0.37540623E+001
  0.10980801E+001  0.57874509E+000  0.92215230E+000  0.37540970E+001
  0.10980737E+001  0.57874610E+000  0.92215881E+000  0.37541214E+001
  0.10980647E+001  0.57874586E+000  0.92216178E+000  0.37541362E+001
  0.10980536E+001  0.57874450E+000  0.92216156E+000  0.37541421E+001
  0.10980405E+001  0.57874215E+000  0.92215846E+000  0.37541399E+001
  0.10980258E+001  0.57873892E+000  0.92215282E+000  0.37541304E+001
  0.10980098E+001  0.57873494E+000  0.92214497E+000  0.37541143E+001
  0.10979926E+001  0.57873030E+000  0.92213522E+000  0.37540926E+001
  0.10979745E+001  0.57872512E+000  0.92212388E+000  0.37540660E+001
  0.10979557E+001  0.57871949E+000  0.92211125E+000  0.37540353E+001
  0.10979365E+001  0.57871349E+000  0.92209760E+000  0.37540011E+001
  0.10979169E+001  0.57870722E+000  0.92208320E+000  0.37539643E+001
  0.10978972E+001  0.57870075E+000  0.92206828E+000  0.37539255E+001
  0.10978776E+001  0.57869413E+000  0.92205306E+000  0.37538853E+001
  0.10978580E+001  0.57868786E+000  0.92203731E+000  0.37538442E+001
  0.10978388E+001  0.57868113E+000  0.92202205E+000  0.37538027E+001
  0.10978198E+001  0.57867442E+000  0.92200699E+000  0.37537612E+001
  0.10978013E+001  0.57866776E+000  0.92199228E+000  0.37537202E+001
  0.10977834E+001  0.57866119E+000  0.92197800E+000  0.37536799E+001
  0.10977660E+001  0.57865472E+000  0.92196426E+000  0.37536405E+001
  0.10977492E+001  0.57864837E+000  0.92195111E+000  0.37536024E+001
  0.10977331E+001  0.57864218E+000  0.92193861E+000  0.37535656E+001
  0.10977176E+001  0.57863613E+000  0.92192680E+000  0.37535302E+001
  0.10977028E+001  0.57863025E+000  0.92191568E+000  0.37534964E+001
  0.10976888E+001  0.57862454E+000  0.92190527E+000  0.37534641E+001
  0.10976754E+001  0.57861900E+000  0.92189558E+000  0.37534334E+001
  0.10976627E+001  0.57861364E+000  0.92188658E+000  0.37534044E+001
  0.10976507E+001  0.57860846E+000  0.92187826E+000  0.37533768E+001
  0.10976394E+001  0.57860344E+000  0.92187060E+000  0.37533508E+001
  0.10976287E+001  0.57859860E+000  0.92186357E+000  0.37533263E+001
  0.10976187E+001  0.57859393E+000  0.92185714E+000  0.37533032E+001
  0.10976093E+001  0.57858943E+000  0.92185127E+000  0.37532815E+001
  0.10976004E+001  0.57858509E+000  0.92184593E+000  0.37532610E+001
  0.10975922E+001  0.57858091E+000  0.92184108E+000  0.37532418E+001
  0.10975845E+001  0.57857689E+000  0.92183669E+000  0.37532237E+001
  0.10975773E+001  0.57857303E+000  0.92183271E+000  0.37532066E+001
  0.10975705E+001  0.57856931E+000  0.92182913E+000  0.37531906E+001
  0.10975643E+001  0.57856574E+000  0.92182589E+000  0.37531755E+001
  0.10975585E+001  0.57856231E+000  0.92182297E+000  0.37531613E+001
  0.10975531E+001  0.57855903E+000  0.92182034E+000  0.37531478E+001
  0.10975481E+001  0.57855588E+000  0.92181798E+000  0.37531352E+001
  0.10975434E+001  0.57855286E+000  0.92181585E+000  0.37531232E+001
  0.10975392E+001  0.57854998E+000  0.92181393E+000  0.37531119E+001
  0.10975352E+001  0.57854722E+000  0.92181220E+000  0.37531011E+001
  0.10975315E+001  0.57854459E+000  0.92181064E+000  0.37530909E+001
  0.10975282E+001  0.57854208E+000  0.92180923E+000  0.37530813E+001
  0.10975251E+001  0.57853968E+000  0.92180795E+000  0.37530721E+001
  0.10975222E+001  0.57853740E+000  0.92180680E+000  0.37530634E+001
  0.10975196E+001  0.57853523E+000  0.92180575E+000  0.37530551E+001
  0.10975172E+001  0.57853317E+000  0.92180479E+000  0.37530472E+001
  0.10975150E+001  0.57853122E+000  0.92180392E+000  0.37530397E+001
  0.10975130E+001  0.57852937E+000  0.92180312E+000  0.37530325E+001
  0.10975111E+001  0.57852761E+000  0.92180238E+000  0.37530256E+001
  0.10975094E+001  0.57852595E+000  0.92180171E+000  0.37530191E+001
  0.10975079E+001  0.57852439E+000  0.92180109E+000  0.37530128E+001
  0.10975065E+001  0.57852291E+000  0.92180051E+000  0.37530069E+001
  0.10975052E+001  0.57852152E+000  0.92179997E+000  0.37530012E+001
  0.10975040E+001  0.57852021E+000  0.92179948E+000  0.37529957E+001
  0.10975030E+001  0.57851898E+000  0.92179901E+000  0.37529905E+001
  0.10975020E+001  0.57851783E+000  0.92179858E+000  0.37529855E+001
  0.10975011E+001  0.57851675E+000  0.92179817E+000  0.37529807E+001
  0.10975004E+001  0.57851574E+000  0.92179779E+000  0.37529762E+001
  0.10974996E+001  0.57851480E+000  0.92179744E+000  0.37529719E+001
  0.10974990E+001  0.57851392E+000  0.92179710E+000  0.37529677E+001
  0.10974984E+001  0.57851310E+000  0.92179679E+000  0.37529638E+001
  0.10974979E+001  0.57851234E+000  0.92179649E+000  0.37529600E+001
  0.10974974E+001  0.57851163E+000  0.92179622E+000  0.37529565E+001
  0.10974969E+001  0.57851098E+000  0.92179596E+000  0.37529531E+001
  0.10974965E+001  0.57851038E+000  0.92179571E+000  0.37529499E+001
  0.10974962E+001  0.57850982E+000  0.92179548E+000  0.37529468E+001
  0.10974958E+001  0.57850930E+000  0.92179526E+000  0.37529440E+001
  0.10974955E+001  0.57850883E+000  0.92179506E+000  0.37529412E+001
  0.10974952E+001  0.57850839E+000  0.92179487E+000  0.37529387E+001
  0.10974950E+001  0.57850799E+000  0.92179470E+000  0.37529363E+001
  0.10974947E+001  0.57850762E+000  0.92179453E+000  0.37529340E+001
  0.10974945E+001  0.57850728E+000  0.92179438E+000  0.37529319E+001
  0.10974943E+001  0.57850697E+000  0.92179424E+000  0.37529299E+001
  0.10974941E+001  0.57850668E+000  0.92179410E+000  0.37529281E+001
  0.10974940E+001  0.57850642E+000  0.92179398E+000  0.37529264E+001
  0.10974938E+001  0.57850618E+000  0.92179386E+000  0.37529248E+001
  0.10974937E+001  0.57850596E+000  0.92179376E+000  0.37529234E+001
  0.10974935E+001  0.57850576E+000  0.92179366E+000  0.37529221E+001
  0.10974934E+001  0.57850558E+000  0.92179357E+000  0.37529209E+001
  0.10974933E+001  0.57850541E+000  0.92179348E+000  0.37529198E+001
  0.10974931E+001  0.57850526E+000  0.92179340E+000  0.37529188E+001
  0.10974930E+001  0.57850512E+000  0.92179333E+000  0.37529180E+001
  0.10974929E+001  0.57850499E+000  0.92179326E+000  0.37529172E+001
  0.10974928E+001  0.57850487E+000  0.92179320E+000  0.37529165E+001
  0.10974927E+001  0.57850476E+000  0.92179314E+000  0.37529160E+001
  0.10974926E+001  0.57850466E+000  0.92179309E+000  0.37529155E+001
  0.10974925E+001  0.57850456E+000  0.92179304E+000  0.37529151E+001
  0.10974924E+001  0.57850448E+000  0.92179299E+000  0.37529148E+001
  0.10974924E+001  0.57850440E+000  0.92179295E+000  0.37529146E+001
  0.10974923E+001  0.57850432E+000  0.92179291E+000  0.37529144E+001
  0.10974922E+001  0.57850425E+000  0.92179287E+000  0.37529143E+001
  0.10974921E+001  0.57850419E+000  0.92179284E+000  0.37529143E+001
  0.10974921E+001  0.57850412E+000  0.92179280E+000  0.37529144E+001
  0.10974920E+001  0.57850407E+000  0.92179277E+000  0.37529145E+001
  0.10974919E+001  0.57850401E+000  0.92179274E+000  0.37529147E+001
  0.10974918E+001  0.57850396E+000  0.92179271E+000  0.37529149E+001
  0.10974918E+001  0.57850391E+000  0.92179268E+000  0.37529152E+001
  0.10974917E+001  0.57850387E+000  0.92179265E+000  0.37529155E+001
  0.10974917E+001  0.57850382E+000  0.92179262E+000  0.37529159E+001
  0.10974916E+001  0.57850378E+000  0.92179259E+000  0.37529163E+001
  0.10974915E+001  0.57850374E+000  0.92179257E+000  0.37529168E+001
  0.10974915E+001  0.57850370E+000  0.92179254E+000  0.37529173E+001
  0.10974914E+001  0.57850367E+000  0.92179252E+000  0.37529178E+001
  0.10974914E+001  0.57850363E+000  0.92179249E+000  0.37529184E+001
  0.10974913E+001  0.57850360E+000  0.92179247E+000  0.37529190E+001
  0.10974913E+001  0.57850357E+000  0.92179245E+000  0.37529196E+001
  0.10974912E+001  0.57850354E+000  0.92179242E+000  0.37529203E+001
  0.10974912E+001  0.57850351E+000  0.92179240E+000  0.37529209E+001
  0.10974912E+001  0.57850348E+000  0.92179238E+000  0.37529216E+001
  0.10974911E+001  0.57850346E+000  0.92179236E+000  0.37529223E+001
  0.10974911E+001  0.57850343E+000  0.92179234E+000  0.37529230E+001
  0.10974911E+001  0.57850341E+000  0.92179232E+000  0.37529237E+001
  0.10974910E+001  0.57850339E+000  0.92179230E+000  0.37529245E+001
  0.10974910E+001  0.57850337E+000  0.92179228E+000  0.37529252E+001
  0.10974910E+001  0.57850335E+000  0.92179225E+000  0.37529260E+001
  0.10974909E+001  0.57850332E+000  0.92179222E+000  0.37529267E+001
  0.10974909E+001  0.57850329E+000  0.92179218E+000  0.37529274E+001
  0.10974908E+001  0.57850325E+000  0.92179212E+000  0.37529281E+001
