 -0.15575728E+000  0.23166378E+000  0.22824178E+001  0.39924189E+001
 -0.15604562E+000  0.23040628E+000  0.22793558E+001  0.39893563E+001
 -0.15624171E+000  0.22935498E+000  0.22768264E+001  0.39869663E+001
 -0.15638858E+000  0.22850189E+000  0.22747440E+001  0.39850770E+001
 -0.15650040E+000  0.22781833E+000  0.22730326E+001  0.39835830E+001
 -0.15658249E+000  0.22727436E+000  0.22716354E+001  0.39824036E+001
 -0.15664118E+000  0.22684718E+000  0.22705036E+001  0.39814784E+001
 -0.15668128E+000  0.22651769E+000  0.22695967E+001  0.39807618E+001
 -0.15670649E+000  0.22626989E+000  0.22688797E+001  0.39802177E+001
 -0.15671973E+000  0.22609033E+000  0.22683230E+001  0.39798167E+001
 -0.15672331E+000  0.22596768E+000  0.22679010E+001  0.39795351E+001
 -0.15671865E+000  0.22589251E+000  0.22675927E+001  0.39793537E+001
 -0.15670681E+000  0.22585690E+000  0.22673797E+001  0.39792563E+001
 -0.15668964E+000  0.22585421E+000  0.22672471E+001  0.39792301E+001
 -0.15666852E+000  0.22587886E+000  0.22671822E+001  0.39792642E+001
 -0.15664443E+000  0.22592620E+000  0.22671745E+001  0.39793499E+001
 -0.15661817E+000  0.22599231E+000  0.22672150E+001  0.39794796E+001
 -0.15659033E+000  0.22607392E+000  0.22672962E+001  0.39796473E+001
 -0.15656139E+000  0.22616826E+000  0.22674118E+001  0.39798481E+001
 -0.15653173E+000  0.22627302E+000  0.22675566E+001  0.39800775E+001
 -0.15650166E+000  0.22638623E+000  0.22677262E+001  0.39803321E+001
 -0.15647145E+000  0.22650623E+000  0.22679167E+001  0.39806090E+001
 -0.15644128E+000  0.22663164E+000  0.22681250E+001  0.39809056E+001
 -0.15641134E+000  0.22676126E+000  0.22683485E+001  0.39812199E+001
 -0.15638175E+000  0.22689409E+000  0.22685847E+001  0.39815499E+001
 -0.15635265E+000  0.22702927E+000  0.22688318E+001  0.39818943E+001
 -0.15632411E+000  0.22716606E+000  0.22690881E+001  0.39822517E+001
 -0.15629618E+000  0.22730385E+000  0.22693520E+001  0.39826208E+001
 -0.15626892E+000  0.22744208E+000  0.22696224E+001  0.39830007E+001
 -0.15624238E+000  0.22758030E+000  0.22698979E+001  0.39833905E+001
 -0.15621660E+000  0.22771810E+000  0.22701777E+001  0.39837893E+001
 -0.15619162E+000  0.22785514E+000  0.22704608E+001  0.39841962E+001
 -0.15616800E+000  0.22799163E+000  0.22707463E+001  0.39846106E+001
 -0.15614528E+000  0.22812684E+000  0.22710335E+001  0.39850317E+001
 -0.15612342E+000  0.22826048E+000  0.22713216E+001  0.39854587E+001
 -0.15610241E+000  0.22839232E+000  0.22716100E+001  0.39858910E+001
 -0.15608224E+000  0.22852220E+000  0.22718980E+001  0.39863278E+001
 -0.15606292E+000  0.22864994E+000  0.22721851E+001  0.39867683E+001
 -0.15604443E+000  0.22877540E+000  0.22724707E+001  0.39872119E+001
 -0.15602676E+000  0.22889845E+000  0.22727543E+001  0.39876576E+001
 -0.15600989E+000  0.22901896E+000  0.22730354E+001  0.39881048E+001
 -0.15599380E+000  0.22913682E+000  0.22733136E+001  0.39885525E+001
 -0.15597847E+000  0.22925193E+000  0.22735883E+001  0.39890000E+001
 -0.15596389E+000  0.22936419E+000  0.22738592E+001  0.39894462E+001
 -0.15594972E+000  0.22947319E+000  0.22741259E+001  0.39898905E+001
 -0.15593584E+000  0.22957875E+000  0.22743880E+001  0.39903318E+001
 -0.15592267E+000  0.22968122E+000  0.22746451E+001  0.39907693E+001
 -0.15591020E+000  0.22978052E+000  0.22748968E+001  0.39912020E+001
 -0.15589841E+000  0.22987659E+000  0.22751429E+001  0.39916291E+001
 -0.15588727E+000  0.22996938E+000  0.22753828E+001  0.39920497E+001
 -0.15587679E+000  0.23005882E+000  0.22756165E+001  0.39924630E+001
 -0.15586694E+000  0.23014488E+000  0.22758434E+001  0.39928680E+001
 -0.15585771E+000  0.23022753E+000  0.22760634E+001  0.39932639E+001
 -0.15584908E+000  0.23030675E+000  0.22762760E+001  0.39936500E+001
 -0.15584104E+000  0.23038254E+000  0.22764812E+001  0.39940255E+001
 -0.15583358E+000  0.23045490E+000  0.22766786E+001  0.39943894E+001
 -0.15582583E+000  0.23052302E+000  0.22768680E+001  0.39947412E+001
 -0.15581775E+000  0.23058692E+000  0.22770493E+001  0.39950801E+001
 -0.15581020E+000  0.23064752E+000  0.22772223E+001  0.39954054E+001
 -0.15580316E+000  0.23070490E+000  0.22773869E+001  0.39957165E+001
 -0.15579662E+000  0.23075913E+000  0.22775432E+001  0.39960126E+001
 -0.15579056E+000  0.23081033E+000  0.22776910E+001  0.39962933E+001
 -0.15578496E+000  0.23085858E+000  0.22778303E+001  0.39965578E+001
 -0.15577980E+000  0.23090402E+000  0.22779613E+001  0.39968059E+001
 -0.15577507E+000  0.23094678E+000  0.22780841E+001  0.39970369E+001
 -0.15577074E+000  0.23098700E+000  0.22781987E+001  0.39972505E+001
 -0.15576679E+000  0.23102483E+000  0.22783053E+001  0.39974464E+001
 -0.15576320E+000  0.23106042E+000  0.22784042E+001  0.39976243E+001
 -0.15575996E+000  0.23109393E+000  0.22784955E+001  0.39977840E+001
 -0.15575705E+000  0.23112551E+000  0.22785796E+001  0.39979254E+001
 -0.15575446E+000  0.23115531E+000  0.22786566E+001  0.39980486E+001
 -0.15575215E+000  0.23118348E+000  0.22787269E+001  0.39981536E+001
 -0.15575013E+000  0.23121016E+000  0.22787909E+001  0.39982407E+001
 -0.15574838E+000  0.23123549E+000  0.22788489E+001  0.39983101E+001
 -0.15574689E+000  0.23125958E+000  0.22789012E+001  0.39983622E+001
 -0.15574563E+000  0.23128255E+000  0.22789483E+001  0.39983976E+001
 -0.15574461E+000  0.23130450E+000  0.22789905E+001  0.39984169E+001
 -0.15574381E+000  0.23132552E+000  0.22790284E+001  0.39984207E+001
 -0.15574321E+000  0.23134568E+000  0.22790622E+001  0.39984098E+001
 -0.15574281E+000  0.23136506E+000  0.22790926E+001  0.39983852E+001
 -0.15574259E+000  0.23138371E+000  0.22791198E+001  0.39983477E+001
 -0.15574255E+000  0.23140168E+000  0.22791444E+001  0.39982982E+001
 -0.15574266E+000  0.23141901E+000  0.22791668E+001  0.39982379E+001
 -0.15574291E+000  0.23143573E+000  0.22791875E+001  0.39981677E+001
 -0.15574330E+000  0.23145188E+000  0.22792068E+001  0.39980886E+001
 -0.15574380E+000  0.23146747E+000  0.22792253E+001  0.39980018E+001
 -0.15574440E+000  0.23148253E+000  0.22792432E+001  0.39979082E+001
 -0.15574509E+000  0.23149707E+000  0.22792609E+001  0.39978089E+001
 -0.15574585E+000  0.23151112E+000  0.22792788E+001  0.39977047E+001
 -0.15574667E+000  0.23152467E+000  0.22792972E+001  0.39975965E+001
 -0.15574754E+000  0.23153776E+000  0.22793163E+001  0.39974853E+001
 -0.15574843E+000  0.23155038E+000  0.22793364E+001  0.39973717E+001
 -0.15574935E+000  0.23156255E+000  0.22793577E+001  0.39972564E+001
 -0.15575028E+000  0.23157429E+000  0.22793804E+001  0.39971402E+001
 -0.15575120E+000  0.23158561E+000  0.22794045E+001  0.39970236E+001
 -0.15575212E+000  0.23159652E+000  0.22794302E+001  0.39969070E+001
 -0.15575301E+000  0.23160703E+000  0.22794576E+001  0.39967909E+001
 -0.15575388E+000  0.23161715E+000  0.22794866E+001  0.39966757E+001
 -0.15575472E+000  0.23162691E+000  0.22795173E+001  0.39965616E+001
 -0.15575553E+000  0.23163631E+000  0.22795496E+001  0.39964491E+001
 -0.15575629E+000  0.23164536E+000  0.22795835E+001  0.39963381E+001
 -0.15575701E+000  0.23165407E+000  0.22796190E+001  0.39962291E+001
 -0.15575769E+000  0.23166247E+000  0.22796560E+001  0.39961220E+001
 -0.15575832E+000  0.23167055E+000  0.22796942E+001  0.39960169E+001
 -0.15575891E+000  0.23167833E+000  0.22797338E+001  0.39959141E+001
 -0.15575945E+000  0.23168582E+000  0.22797744E+001  0.39958135E+001
 -0.15575995E+000  0.23169302E+000  0.22798160E+001  0.39957152E+001
 -0.15576040E+000  0.23169995E+000  0.22798584E+001  0.39956193E+001
 -0.15576081E+000  0.23170661E+000  0.22799016E+001  0.39955257E+001
 -0.15576118E+000  0.23171300E+000  0.22799453E+001  0.39954344E+001
 -0.15576151E+000  0.23171913E+000  0.22799894E+001  0.39953455E+001
 -0.15576181E+000  0.23172501E+000  0.22800337E+001  0.39952591E+001
 -0.15576207E+000  0.23173064E+000  0.22800782E+001  0.39951750E+001
 -0.15576230E+000  0.23173601E+000  0.22801227E+001  0.39950932E+001
 -0.15576250E+000  0.23174115E+000  0.22801670E+001  0.39950139E+001
 -0.15576267E+000  0.23174603E+000  0.22802111E+001  0.39949370E+001
 -0.15576282E+000  0.23175068E+000  0.22802548E+001  0.39948624E+001
 -0.15576294E+000  0.23175509E+000  0.22802980E+001  0.39947902E+001
 -0.15576305E+000  0.23175926E+000  0.22803406E+001  0.39947203E+001
 -0.15576313E+000  0.23176320E+000  0.22803826E+001  0.39946527E+001
 -0.15576320E+000  0.23176692E+000  0.22804237E+001  0.39945875E+001
 -0.15576326E+000  0.23177041E+000  0.22804640E+001  0.39945246E+001
 -0.15576330E+000  0.23177368E+000  0.22805034E+001  0.39944639E+001
 -0.15576332E+000  0.23177673E+000  0.22805419E+001  0.39944055E+001
 -0.15576334E+000  0.23177958E+000  0.22805793E+001  0.39943494E+001
 -0.15576335E+000  0.23178223E+000  0.22806156E+001  0.39942954E+001
 -0.15576335E+000  0.23178468E+000  0.22806508E+001  0.39942436E+001
 -0.15576334E+000  0.23178695E+000  0.22806849E+001  0.39941939E+001
 -0.15576333E+000  0.23178904E+000  0.22807179E+001  0.39941463E+001
 -0.15576331E+000  0.23179096E+000  0.22807496E+001  0.39941007E+001
 -0.15576329E+000  0.23179272E+000  0.22807802E+001  0.39940572E+001
 -0.15576326E+000  0.23179433E+000  0.22808096E+001  0.39940156E+001
 -0.15576323E+000  0.23179580E+000  0.22808378E+001  0.39939759E+001
 -0.15576319E+000  0.23179714E+000  0.22808648E+001  0.39939381E+001
 -0.15576316E+000  0.23179835E+000  0.22808906E+001  0.39939021E+001
 -0.15576312E+000  0.23179945E+000  0.22809152E+001  0.39938679E+001
 -0.15576308E+000  0.23180045E+000  0.22809387E+001  0.39938354E+001
 -0.15576304E+000  0.23180135E+000  0.22809611E+001  0.39938046E+001
 -0.15576300E+000  0.23180216E+000  0.22809824E+001  0.39937753E+001
 -0.15576296E+000  0.23180289E+000  0.22810025E+001  0.39937476E+001
 -0.15576291E+000  0.23180356E+000  0.22810217E+001  0.39937215E+001
 -0.15576287E+000  0.23180416E+000  0.22810397E+001  0.39936967E+001
 -0.15576283E+000  0.23180470E+000  0.22810568E+001  0.39936734E+001
 -0.15576278E+000  0.23180519E+000  0.22810729E+001  0.39936514E+001
 -0.15576274E+000  0.23180564E+000  0.22810881E+001  0.39936307E+001
 -0.15576270E+000  0.23180605E+000  0.22811024E+001  0.39936112E+001
 -0.15576266E+000  0.23180643E+000  0.22811158E+001  0.39935929E+001
 -0.15576262E+000  0.23180677E+000  0.22811284E+001  0.39935757E+001
 -0.15576258E+000  0.23180709E+000  0.22811402E+001  0.39935596E+001
 -0.15576254E+000  0.23180739E+000  0.22811512E+001  0.39935446E+001
 -0.15576250E+000  0.23180767E+000  0.22811616E+001  0.39935305E+001
 -0.15576246E+000  0.23180793E+000  0.22811712E+001  0.39935173E+001
 -0.15576242E+000  0.23180818E+000  0.22811801E+001  0.39935050E+001
 -0.15576239E+000  0.23180841E+000  0.22811885E+001  0.39934936E+001
 -0.15576235E+000  0.23180864E+000  0.22811963E+001  0.39934829E+001
 -0.15576232E+000  0.23180885E+000  0.22812035E+001  0.39934730E+001
 -0.15576229E+000  0.23180906E+000  0.22812102E+001  0.39934638E+001
 -0.15576226E+000  0.23180926E+000  0.22812164E+001  0.39934553E+001
 -0.15576223E+000  0.23180945E+000  0.22812222E+001  0.39934474E+001
 -0.15576220E+000  0.23180963E+000  0.22812275E+001  0.39934401E+001
 -0.15576217E+000  0.23180981E+000  0.22812324E+001  0.39934334E+001
 -0.15576215E+000  0.23180999E+000  0.22812370E+001  0.39934272E+001
 -0.15576212E+000  0.23181016E+000  0.22812412E+001  0.39934215E+001
 -0.15576210E+000  0.23181032E+000  0.22812450E+001  0.39934162E+001
 -0.15576208E+000  0.23181048E+000  0.22812486E+001  0.39934114E+001
 -0.15576206E+000  0.23181063E+000  0.22812519E+001  0.39934070E+001
 -0.15576204E+000  0.23181078E+000  0.22812549E+001  0.39934029E+001
 -0.15576203E+000  0.23181092E+000  0.22812577E+001  0.39933993E+001
 -0.15576201E+000  0.23181105E+000  0.22812603E+001  0.39933959E+001
 -0.15576200E+000  0.23181118E+000  0.22812627E+001  0.39933929E+001
 -0.15576198E+000  0.23181131E+000  0.22812649E+001  0.39933901E+001
 -0.15576197E+000  0.23181142E+000  0.22812669E+001  0.39933876E+001
 -0.15576196E+000  0.23181153E+000  0.22812687E+001  0.39933854E+001
 -0.15576195E+000  0.23181164E+000  0.22812704E+001  0.39933834E+001
 -0.15576194E+000  0.23181173E+000  0.22812720E+001  0.39933816E+001
 -0.15576194E+000  0.23181182E+000  0.22812734E+001  0.39933801E+001
 -0.15576193E+000  0.23181191E+000  0.22812747E+001  0.39933787E+001
 -0.15576193E+000  0.23181198E+000  0.22812759E+001  0.39933775E+001
 -0.15576192E+000  0.23181205E+000  0.22812770E+001  0.39933764E+001
 -0.15576192E+000  0.23181212E+000  0.22812780E+001  0.39933756E+001
 -0.15576192E+000  0.23181218E+000  0.22812790E+001  0.39933748E+001
 -0.15576192E+000  0.23181223E+000  0.22812798E+001  0.39933742E+001
 -0.15576192E+000  0.23181227E+000  0.22812806E+001  0.39933737E+001
 -0.15576192E+000  0.23181232E+000  0.22812813E+001  0.39933733E+001
 -0.15576192E+000  0.23181235E+000  0.22812820E+001  0.39933730E+001
 -0.15576192E+000  0.23181238E+000  0.22812826E+001  0.39933729E+001
 -0.15576192E+000  0.23181241E+000  0.22812832E+001  0.39933728E+001
 -0.15576192E+000  0.23181243E+000  0.22812837E+001  0.39933728E+001
 -0.15576192E+000  0.23181244E+000  0.22812841E+001  0.39933728E+001
 -0.15576192E+000  0.23181246E+000  0.22812846E+001  0.39933730E+001
 -0.15576193E+000  0.23181247E+000  0.22812849E+001  0.39933732E+001
 -0.15576193E+000  0.23181247E+000  0.22812853E+001  0.39933734E+001
 -0.15576193E+000  0.23181248E+000  0.22812856E+001  0.39933737E+001
 -0.15576193E+000  0.23181248E+000  0.22812859E+001  0.39933741E+001
 -0.15576194E+000  0.23181248E+000  0.22812862E+001  0.39933745E+001
 -0.15576194E+000  0.23181247E+000  0.22812864E+001  0.39933749E+001
 -0.15576195E+000  0.23181246E+000  0.22812866E+001  0.39933754E+001
 -0.15576195E+000  0.23181244E+000  0.22812868E+001  0.39933759E+001
 -0.15576197E+000  0.23181241E+000  0.22812869E+001  0.39933764E+001
 -0.15576198E+000  0.23181235E+000  0.22812870E+001  0.39933769E+001
