 -0.50351565E-001
 -0.50436431E-001
 -0.50502097E-001
 -0.50552272E-001
 -0.50589973E-001
 -0.50617641E-001
 -0.50637242E-001
 -0.50650354E-001
 -0.50658257E-001
 -0.50661988E-001
 -0.50662387E-001
 -0.50660008E-001
 -0.50655272E-001
 -0.50648788E-001
 -0.50641009E-001
 -0.50632278E-001
 -0.50622859E-001
 -0.50612958E-001
 -0.50602741E-001
 -0.50592335E-001
 -0.50581847E-001
 -0.50571359E-001
 -0.50560939E-001
 -0.50550643E-001
 -0.50540513E-001
 -0.50530587E-001
 -0.50520893E-001
 -0.50511466E-001
 -0.50502320E-001
 -0.50493460E-001
 -0.50484893E-001
 -0.50476623E-001
 -0.50468654E-001
 -0.50460987E-001
 -0.50453623E-001
 -0.50446559E-001
 -0.50439794E-001
 -0.50433322E-001
 -0.50427138E-001
 -0.50421237E-001
 -0.50415611E-001
 -0.50410253E-001
 -0.50405156E-001
 -0.50400313E-001
 -0.50395716E-001
 -0.50391357E-001
 -0.50387230E-001
 -0.50383328E-001
 -0.50379645E-001
 -0.50376174E-001
 -0.50372911E-001
 -0.50369848E-001
 -0.50366981E-001
 -0.50364305E-001
 -0.50361815E-001
 -0.50359505E-001
 -0.50357370E-001
 -0.50355411E-001
 -0.50353617E-001
 -0.50351984E-001
 -0.50350503E-001
 -0.50349171E-001
 -0.50347979E-001
 -0.50346924E-001
 -0.50345998E-001
 -0.50345195E-001
 -0.50344509E-001
 -0.50343935E-001
 -0.50343466E-001
 -0.50343096E-001
 -0.50342820E-001
 -0.50342633E-001
 -0.50342527E-001
 -0.50342499E-001
 -0.50342543E-001
 -0.50342654E-001
 -0.50342826E-001
 -0.50343055E-001
 -0.50343336E-001
 -0.50343663E-001
 -0.50344032E-001
 -0.50344436E-001
 -0.50344872E-001
 -0.50345333E-001
 -0.50345814E-001
 -0.50346310E-001
 -0.50346816E-001
 -0.50347326E-001
 -0.50347837E-001
 -0.50348344E-001
 -0.50348842E-001
 -0.50349328E-001
 -0.50349799E-001
 -0.50350252E-001
 -0.50350683E-001
 -0.50351092E-001
 -0.50351477E-001
 -0.50351836E-001
 -0.50352169E-001
 -0.50352475E-001
 -0.50352754E-001
 -0.50353007E-001
 -0.50353234E-001
 -0.50353436E-001
 -0.50353613E-001
 -0.50353766E-001
 -0.50353897E-001
 -0.50354007E-001
 -0.50354097E-001
 -0.50354168E-001
 -0.50354222E-001
 -0.50354260E-001
 -0.50354283E-001
 -0.50354293E-001
 -0.50354290E-001
 -0.50354276E-001
 -0.50354252E-001
 -0.50354219E-001
 -0.50354178E-001
 -0.50354130E-001
 -0.50354076E-001
 -0.50354017E-001
 -0.50353953E-001
 -0.50353886E-001
 -0.50353816E-001
 -0.50353743E-001
 -0.50353669E-001
 -0.50353593E-001
 -0.50353516E-001
 -0.50353439E-001
 -0.50353363E-001
 -0.50353286E-001
 -0.50353210E-001
 -0.50353135E-001
 -0.50353061E-001
 -0.50352989E-001
 -0.50352918E-001
 -0.50352849E-001
 -0.50352782E-001
 -0.50352717E-001
 -0.50352654E-001
 -0.50352593E-001
 -0.50352535E-001
 -0.50352478E-001
 -0.50352424E-001
 -0.50352372E-001
 -0.50352323E-001
 -0.50352275E-001
 -0.50352230E-001
 -0.50352187E-001
 -0.50352146E-001
 -0.50352107E-001
 -0.50352070E-001
 -0.50352035E-001
 -0.50352003E-001
 -0.50351971E-001
 -0.50351942E-001
 -0.50351915E-001
 -0.50351889E-001
 -0.50351865E-001
 -0.50351842E-001
 -0.50351821E-001
 -0.50351801E-001
 -0.50351782E-001
 -0.50351765E-001
 -0.50351749E-001
 -0.50351734E-001
 -0.50351720E-001
 -0.50351707E-001
 -0.50351695E-001
 -0.50351684E-001
 -0.50351674E-001
 -0.50351665E-001
 -0.50351656E-001
 -0.50351649E-001
 -0.50351641E-001
 -0.50351635E-001
 -0.50351629E-001
 -0.50351624E-001
 -0.50351619E-001
 -0.50351615E-001
 -0.50351611E-001
 -0.50351607E-001
 -0.50351604E-001
 -0.50351601E-001
 -0.50351599E-001
 -0.50351596E-001
 -0.50351594E-001
 -0.50351593E-001
 -0.50351591E-001
 -0.50351590E-001
 -0.50351588E-001
 -0.50351587E-001
 -0.50351586E-001
 -0.50351586E-001
 -0.50351585E-001
 -0.50351585E-001
 -0.50351586E-001
 -0.50351590E-001
 -0.50351593E-001
