  0.16380372E+001
  0.16362045E+001
  0.16347285E+001
  0.16335357E+001
  0.16325732E+001
  0.16318002E+001
  0.16311841E+001
  0.16306989E+001
  0.16303233E+001
  0.16300394E+001
  0.16298324E+001
  0.16296899E+001
  0.16296017E+001
  0.16295591E+001
  0.16295551E+001
  0.16295837E+001
  0.16296399E+001
  0.16297196E+001
  0.16298193E+001
  0.16299361E+001
  0.16300674E+001
  0.16302114E+001
  0.16303661E+001
  0.16305301E+001
  0.16307021E+001
  0.16308812E+001
  0.16310662E+001
  0.16312565E+001
  0.16314513E+001
  0.16316499E+001
  0.16318519E+001
  0.16320566E+001
  0.16322637E+001
  0.16324725E+001
  0.16326828E+001
  0.16328942E+001
  0.16331061E+001
  0.16333183E+001
  0.16335304E+001
  0.16337420E+001
  0.16339528E+001
  0.16341624E+001
  0.16343705E+001
  0.16345766E+001
  0.16347806E+001
  0.16349819E+001
  0.16351803E+001
  0.16353755E+001
  0.16355671E+001
  0.16357547E+001
  0.16359382E+001
  0.16361171E+001
  0.16362911E+001
  0.16364601E+001
  0.16366237E+001
  0.16367817E+001
  0.16369339E+001
  0.16370799E+001
  0.16372198E+001
  0.16373532E+001
  0.16374800E+001
  0.16376000E+001
  0.16377133E+001
  0.16378197E+001
  0.16379190E+001
  0.16380114E+001
  0.16380968E+001
  0.16381752E+001
  0.16382467E+001
  0.16383113E+001
  0.16383692E+001
  0.16384205E+001
  0.16384653E+001
  0.16385039E+001
  0.16385364E+001
  0.16385632E+001
  0.16385845E+001
  0.16386006E+001
  0.16386118E+001
  0.16386185E+001
  0.16386211E+001
  0.16386198E+001
  0.16386150E+001
  0.16386072E+001
  0.16385967E+001
  0.16385839E+001
  0.16385691E+001
  0.16385526E+001
  0.16385349E+001
  0.16385161E+001
  0.16384967E+001
  0.16384767E+001
  0.16384565E+001
  0.16384363E+001
  0.16384162E+001
  0.16383964E+001
  0.16383770E+001
  0.16383581E+001
  0.16383398E+001
  0.16383222E+001
  0.16383053E+001
  0.16382892E+001
  0.16382738E+001
  0.16382592E+001
  0.16382453E+001
  0.16382322E+001
  0.16382199E+001
  0.16382082E+001
  0.16381972E+001
  0.16381869E+001
  0.16381772E+001
  0.16381681E+001
  0.16381596E+001
  0.16381516E+001
  0.16381441E+001
  0.16381370E+001
  0.16381304E+001
  0.16381242E+001
  0.16381183E+001
  0.16381128E+001
  0.16381077E+001
  0.16381028E+001
  0.16380983E+001
  0.16380940E+001
  0.16380899E+001
  0.16380861E+001
  0.16380825E+001
  0.16380791E+001
  0.16380759E+001
  0.16380728E+001
  0.16380699E+001
  0.16380672E+001
  0.16380646E+001
  0.16380622E+001
  0.16380599E+001
  0.16380577E+001
  0.16380557E+001
  0.16380537E+001
  0.16380519E+001
  0.16380501E+001
  0.16380485E+001
  0.16380469E+001
  0.16380454E+001
  0.16380440E+001
  0.16380427E+001
  0.16380415E+001
  0.16380403E+001
  0.16380392E+001
  0.16380382E+001
  0.16380372E+001
  0.16380363E+001
  0.16380355E+001
  0.16380347E+001
  0.16380339E+001
  0.16380333E+001
  0.16380326E+001
  0.16380320E+001
  0.16380315E+001
  0.16380310E+001
  0.16380305E+001
  0.16380301E+001
  0.16380297E+001
  0.16380293E+001
  0.16380290E+001
  0.16380287E+001
  0.16380285E+001
  0.16380283E+001
  0.16380281E+001
  0.16380279E+001
  0.16380278E+001
  0.16380276E+001
  0.16380275E+001
  0.16380275E+001
  0.16380274E+001
  0.16380274E+001
  0.16380274E+001
  0.16380274E+001
  0.16380274E+001
  0.16380274E+001
  0.16380274E+001
  0.16380275E+001
  0.16380276E+001
  0.16380277E+001
  0.16380277E+001
  0.16380278E+001
  0.16380280E+001
  0.16380281E+001
  0.16380282E+001
  0.16380283E+001
  0.16380285E+001
  0.16380286E+001
  0.16380288E+001
  0.16380289E+001
  0.16380291E+001
  0.16380293E+001
  0.16380294E+001
  0.16380296E+001
  0.16380298E+001
  0.16380299E+001
  0.16380300E+001
