  0.12545698E+001
  0.12539116E+001
  0.12533968E+001
  0.12529746E+001
  0.12526227E+001
  0.12523279E+001
  0.12520805E+001
  0.12518735E+001
  0.12517007E+001
  0.12515566E+001
  0.12514364E+001
  0.12513364E+001
  0.12512541E+001
  0.12511866E+001
  0.12511316E+001
  0.12510871E+001
  0.12510516E+001
  0.12510237E+001
  0.12510023E+001
  0.12509864E+001
  0.12509752E+001
  0.12509680E+001
  0.12509643E+001
  0.12509635E+001
  0.12509653E+001
  0.12509692E+001
  0.12509750E+001
  0.12509823E+001
  0.12509910E+001
  0.12510009E+001
  0.12510117E+001
  0.12510234E+001
  0.12510358E+001
  0.12510488E+001
  0.12510623E+001
  0.12510762E+001
  0.12510905E+001
  0.12511051E+001
  0.12511199E+001
  0.12511349E+001
  0.12511500E+001
  0.12511653E+001
  0.12511806E+001
  0.12511960E+001
  0.12512114E+001
  0.12512268E+001
  0.12512422E+001
  0.12512575E+001
  0.12512728E+001
  0.12512880E+001
  0.12513031E+001
  0.12513181E+001
  0.12513329E+001
  0.12513476E+001
  0.12513622E+001
  0.12513765E+001
  0.12513907E+001
  0.12514047E+001
  0.12514184E+001
  0.12514319E+001
  0.12514452E+001
  0.12514582E+001
  0.12514710E+001
  0.12514835E+001
  0.12514957E+001
  0.12515077E+001
  0.12515194E+001
  0.12515308E+001
  0.12515419E+001
  0.12515527E+001
  0.12515632E+001
  0.12515735E+001
  0.12515834E+001
  0.12515931E+001
  0.12516025E+001
  0.12516116E+001
  0.12516204E+001
  0.12516289E+001
  0.12516372E+001
  0.12516452E+001
  0.12516530E+001
  0.12516605E+001
  0.12516678E+001
  0.12516748E+001
  0.12516816E+001
  0.12516882E+001
  0.12516946E+001
  0.12517008E+001
  0.12517068E+001
  0.12517127E+001
  0.12517184E+001
  0.12517240E+001
  0.12517294E+001
  0.12517347E+001
  0.12517399E+001
  0.12517450E+001
  0.12517500E+001
  0.12517550E+001
  0.12517599E+001
  0.12517647E+001
  0.12517694E+001
  0.12517742E+001
  0.12517788E+001
  0.12517835E+001
  0.12517881E+001
  0.12517927E+001
  0.12517973E+001
  0.12518019E+001
  0.12518065E+001
  0.12518110E+001
  0.12518156E+001
  0.12518202E+001
  0.12518247E+001
  0.12518293E+001
  0.12518339E+001
  0.12518385E+001
  0.12518432E+001
  0.12518478E+001
  0.12518525E+001
  0.12518571E+001
  0.12518618E+001
  0.12518665E+001
  0.12518713E+001
  0.12518760E+001
  0.12518808E+001
  0.12518856E+001
  0.12518904E+001
  0.12518952E+001
  0.12519001E+001
  0.12519049E+001
  0.12519098E+001
  0.12519147E+001
  0.12519197E+001
  0.12519246E+001
  0.12519296E+001
  0.12519345E+001
  0.12519395E+001
  0.12519445E+001
  0.12519495E+001
  0.12519545E+001
  0.12519595E+001
  0.12519645E+001
  0.12519696E+001
  0.12519746E+001
  0.12519796E+001
  0.12519846E+001
  0.12519896E+001
  0.12519946E+001
  0.12519996E+001
  0.12520046E+001
  0.12520096E+001
  0.12520145E+001
  0.12520195E+001
  0.12520244E+001
  0.12520292E+001
  0.12520341E+001
  0.12520389E+001
  0.12520437E+001
  0.12520485E+001
  0.12520532E+001
  0.12520579E+001
  0.12520625E+001
  0.12520671E+001
  0.12520717E+001
  0.12520762E+001
  0.12520807E+001
  0.12520851E+001
  0.12520895E+001
  0.12520938E+001
  0.12520980E+001
  0.12521022E+001
  0.12521063E+001
  0.12521104E+001
  0.12521144E+001
  0.12521184E+001
  0.12521223E+001
  0.12521261E+001
  0.12521298E+001
  0.12521335E+001
  0.12521371E+001
  0.12521407E+001
  0.12521441E+001
  0.12521475E+001
  0.12521509E+001
  0.12521541E+001
  0.12521573E+001
  0.12521604E+001
  0.12521635E+001
  0.12521664E+001
  0.12521693E+001
  0.12521721E+001
  0.12521749E+001
  0.12521776E+001
  0.12521802E+001
  0.12521827E+001
  0.12521852E+001
  0.12521876E+001
  0.12521899E+001
  0.12521922E+001
  0.12521943E+001
