  0.60060072E+000
  0.60101064E+000
  0.60122743E+000
  0.60132195E+000
  0.60134063E+000
  0.60131318E+000
  0.60125863E+000
  0.60118861E+000
  0.60111050E+000
  0.60102891E+000
  0.60094671E+000
  0.60084355E+000
  0.60069693E+000
  0.60053577E+000
  0.60037550E+000
  0.60022387E+000
  0.60008440E+000
  0.59995820E+000
  0.59984511E+000
  0.59974435E+000
  0.59965485E+000
  0.59957546E+000
  0.59950510E+000
  0.59944274E+000
  0.59938745E+000
  0.59933844E+000
  0.59929498E+000
  0.59925887E+000
  0.59922889E+000
  0.59920313E+000
  0.59918047E+000
  0.59916025E+000
  0.59914206E+000
  0.59912564E+000
  0.59911080E+000
  0.59909742E+000
  0.59908539E+000
  0.59907461E+000
  0.59906500E+000
  0.59905646E+000
  0.59904891E+000
  0.59904227E+000
  0.59903645E+000
  0.59903139E+000
  0.59902700E+000
  0.59902321E+000
  0.59901995E+000
  0.59901717E+000
  0.59901480E+000
  0.59901279E+000
  0.59901110E+000
  0.59900967E+000
  0.59900848E+000
  0.59900749E+000
  0.59900668E+000
  0.59900601E+000
  0.59900547E+000
  0.59900588E+000
  0.59900676E+000
  0.59900781E+000
  0.59900896E+000
  0.59901016E+000
  0.59901141E+000
  0.59901270E+000
  0.59901402E+000
  0.59901537E+000
  0.59901675E+000
  0.59901815E+000
  0.59901959E+000
  0.59902105E+000
  0.59902254E+000
  0.59902406E+000
  0.59902561E+000
  0.59902719E+000
  0.59902881E+000
  0.59903047E+000
  0.59903217E+000
  0.59903391E+000
  0.59903569E+000
  0.59903750E+000
  0.59903936E+000
  0.59904124E+000
  0.59904316E+000
  0.59904510E+000
  0.59904705E+000
  0.59904901E+000
  0.59905098E+000
  0.59905294E+000
  0.59905488E+000
  0.59905681E+000
  0.59905870E+000
  0.59906055E+000
  0.59906236E+000
  0.59906412E+000
  0.59906582E+000
  0.59906745E+000
  0.59906903E+000
  0.59907053E+000
  0.59907197E+000
  0.59907334E+000
  0.59907463E+000
  0.59907586E+000
  0.59907701E+000
  0.59907810E+000
  0.59907912E+000
  0.59908008E+000
  0.59908097E+000
  0.59908180E+000
  0.59908258E+000
  0.59908330E+000
  0.59908397E+000
  0.59908459E+000
  0.59908516E+000
  0.59908569E+000
  0.59908618E+000
  0.59908662E+000
  0.59908703E+000
  0.59908741E+000
  0.59908775E+000
  0.59908806E+000
  0.59908835E+000
  0.59908860E+000
  0.59908883E+000
  0.59908904E+000
  0.59908922E+000
  0.59908938E+000
  0.59908952E+000
  0.59908964E+000
  0.59908975E+000
  0.59908984E+000
  0.59908991E+000
  0.59908997E+000
  0.59909001E+000
  0.59909005E+000
  0.59909007E+000
  0.59909008E+000
  0.59909008E+000
  0.59909007E+000
  0.59909006E+000
  0.59909004E+000
  0.59909001E+000
  0.59908997E+000
  0.59908993E+000
  0.59908988E+000
  0.59908983E+000
  0.59908978E+000
  0.59908972E+000
  0.59908966E+000
  0.59908960E+000
  0.59908953E+000
  0.59908946E+000
  0.59908940E+000
  0.59908933E+000
  0.59908926E+000
  0.59908919E+000
  0.59908912E+000
  0.59908906E+000
  0.59908899E+000
  0.59908892E+000
  0.59908886E+000
  0.59908880E+000
  0.59908873E+000
  0.59908867E+000
  0.59908861E+000
  0.59908856E+000
  0.59908850E+000
  0.59908845E+000
  0.59908840E+000
  0.59908835E+000
  0.59908830E+000
  0.59908825E+000
  0.59908821E+000
  0.59908817E+000
  0.59908813E+000
  0.59908809E+000
  0.59908805E+000
  0.59908802E+000
  0.59908798E+000
  0.59908795E+000
  0.59908792E+000
  0.59908789E+000
  0.59908787E+000
  0.59908784E+000
  0.59908782E+000
  0.59908780E+000
  0.59908778E+000
  0.59908776E+000
  0.59908774E+000
  0.59908772E+000
  0.59908770E+000
  0.59908769E+000
  0.59908767E+000
  0.59908766E+000
  0.59908764E+000
  0.59908763E+000
  0.59908762E+000
  0.59908761E+000
  0.59908760E+000
  0.59908760E+000
  0.59908759E+000
