  0.19579373E+001
  0.19885764E+001
  0.19948572E+001
  0.19939312E+001
  0.19903684E+001
  0.19859183E+001
  0.19814513E+001
  0.19773169E+001
  0.19736238E+001
  0.19703844E+001
  0.19675606E+001
  0.19651743E+001
  0.19632361E+001
  0.19616467E+001
  0.19603339E+001
  0.19592431E+001
  0.19583321E+001
  0.19575680E+001
  0.19569247E+001
  0.19563817E+001
  0.19559223E+001
  0.19555331E+001
  0.19552031E+001
  0.19549230E+001
  0.19546853E+001
  0.19544836E+001
  0.19543125E+001
  0.19541086E+001
  0.19538705E+001
  0.19536216E+001
  0.19533789E+001
  0.19531536E+001
  0.19529529E+001
  0.19527807E+001
  0.19526383E+001
  0.19525255E+001
  0.19524407E+001
  0.19523818E+001
  0.19523459E+001
  0.19523302E+001
  0.19523318E+001
  0.19523480E+001
  0.19523762E+001
  0.19524142E+001
  0.19524600E+001
  0.19525121E+001
  0.19525689E+001
  0.19526294E+001
  0.19526927E+001
  0.19527581E+001
  0.19528250E+001
  0.19528931E+001
  0.19529620E+001
  0.19530315E+001
  0.19531015E+001
  0.19531718E+001
  0.19532423E+001
  0.19532863E+001
  0.19533111E+001
  0.19533257E+001
  0.19533352E+001
  0.19533422E+001
  0.19533484E+001
  0.19533544E+001
  0.19533608E+001
  0.19533676E+001
  0.19533749E+001
  0.19533827E+001
  0.19533911E+001
  0.19534000E+001
  0.19534094E+001
  0.19534192E+001
  0.19534294E+001
  0.19534399E+001
  0.19534507E+001
  0.19534617E+001
  0.19534729E+001
  0.19534842E+001
  0.19534956E+001
  0.19535071E+001
  0.19535185E+001
  0.19535298E+001
  0.19535411E+001
  0.19535522E+001
  0.19535631E+001
  0.19535738E+001
  0.19535843E+001
  0.19535945E+001
  0.19536044E+001
  0.19536140E+001
  0.19536233E+001
  0.19536323E+001
  0.19536410E+001
  0.19536494E+001
  0.19536575E+001
  0.19536653E+001
  0.19536729E+001
  0.19536801E+001
  0.19536872E+001
  0.19536940E+001
  0.19537006E+001
  0.19537071E+001
  0.19537133E+001
  0.19537195E+001
  0.19537255E+001
  0.19537314E+001
  0.19537372E+001
  0.19537429E+001
  0.19537485E+001
  0.19537542E+001
  0.19537597E+001
  0.19537653E+001
  0.19537709E+001
  0.19537764E+001
  0.19537820E+001
  0.19537876E+001
  0.19537932E+001
  0.19537989E+001
  0.19538046E+001
  0.19538103E+001
  0.19538162E+001
  0.19538220E+001
  0.19538280E+001
  0.19538340E+001
  0.19538401E+001
  0.19538462E+001
  0.19538524E+001
  0.19538587E+001
  0.19538651E+001
  0.19538716E+001
  0.19538781E+001
  0.19538847E+001
  0.19538914E+001
  0.19538982E+001
  0.19539050E+001
  0.19539120E+001
  0.19539189E+001
  0.19539260E+001
  0.19539331E+001
  0.19539403E+001
  0.19539475E+001
  0.19539547E+001
  0.19539621E+001
  0.19539694E+001
  0.19539768E+001
  0.19539843E+001
  0.19539918E+001
  0.19539992E+001
  0.19540068E+001
  0.19540143E+001
  0.19540218E+001
  0.19540294E+001
  0.19540370E+001
  0.19540445E+001
  0.19540520E+001
  0.19540596E+001
  0.19540671E+001
  0.19540746E+001
  0.19540820E+001
  0.19540895E+001
  0.19540969E+001
  0.19541042E+001
  0.19541115E+001
  0.19541187E+001
  0.19541259E+001
  0.19541331E+001
  0.19541401E+001
  0.19541471E+001
  0.19541541E+001
  0.19541609E+001
  0.19541677E+001
  0.19541744E+001
  0.19541810E+001
  0.19541875E+001
  0.19541939E+001
  0.19542002E+001
  0.19542064E+001
  0.19542126E+001
  0.19542186E+001
  0.19542245E+001
  0.19542303E+001
  0.19542360E+001
  0.19542416E+001
  0.19542471E+001
  0.19542524E+001
  0.19542577E+001
  0.19542628E+001
  0.19542679E+001
  0.19542728E+001
  0.19542776E+001
  0.19542822E+001
  0.19542868E+001
  0.19542912E+001
  0.19542956E+001
  0.19542998E+001
  0.19543039E+001
  0.19543079E+001
  0.19543117E+001
  0.19543155E+001
  0.19543192E+001
