  0.66844162E+000  0.85158786E+000  0.97597911E+000  0.25222711E+001
  0.66589161E+000  0.85303404E+000  0.97564183E+000  0.25210791E+001
  0.66401403E+000  0.85380911E+000  0.97578536E+000  0.25199790E+001
  0.66338350E+000  0.85366742E+000  0.97575454E+000  0.25190933E+001
  0.66290027E+000  0.85331121E+000  0.97591157E+000  0.25183679E+001
  0.66262801E+000  0.85279420E+000  0.97601711E+000  0.25178728E+001
  0.66210239E+000  0.85284606E+000  0.97606115E+000  0.25173129E+001
  0.66123921E+000  0.85342625E+000  0.97608526E+000  0.25167437E+001
  0.66095535E+000  0.85352525E+000  0.97593907E+000  0.25163833E+001
  0.66079224E+000  0.85330114E+000  0.97608758E+000  0.25160458E+001
  0.66070638E+000  0.85318878E+000  0.97599728E+000  0.25158536E+001
  0.66061834E+000  0.85302782E+000  0.97593368E+000  0.25157662E+001
  0.66056273E+000  0.85293747E+000  0.97578750E+000  0.25157291E+001
  0.66047701E+000  0.85296349E+000  0.97573657E+000  0.25155697E+001
  0.66032329E+000  0.85306817E+000  0.97571659E+000  0.25154185E+001
  0.66027691E+000  0.85294485E+000  0.97582317E+000  0.25153038E+001
  0.66025173E+000  0.85285837E+000  0.97587225E+000  0.25152243E+001
  0.66019556E+000  0.85287386E+000  0.97586928E+000  0.25151564E+001
  0.66016877E+000  0.85287786E+000  0.97586775E+000  0.25150950E+001
  0.66016439E+000  0.85286900E+000  0.97588570E+000  0.25150266E+001
  0.65984573E+000  0.85318298E+000  0.97588161E+000  0.25149906E+001
  0.65984686E+000  0.85317895E+000  0.97588108E+000  0.25149654E+001
  0.65984188E+000  0.85318550E+000  0.97588115E+000  0.25149489E+001
  0.65984645E+000  0.85318410E+000  0.97589414E+000  0.25149297E+001
  0.65985199E+000  0.85318439E+000  0.97589787E+000  0.25149272E+001
  0.65985878E+000  0.85318539E+000  0.97590051E+000  0.25149324E+001
  0.65986674E+000  0.85318177E+000  0.97590922E+000  0.25149425E+001
  0.65987094E+000  0.85318761E+000  0.97591150E+000  0.25149596E+001
  0.65988037E+000  0.85318968E+000  0.97591642E+000  0.25149779E+001
  0.65989035E+000  0.85318617E+000  0.97592763E+000  0.25149997E+001
  0.65990077E+000  0.85318876E+000  0.97593333E+000  0.25150243E+001
  0.65991150E+000  0.85319159E+000  0.97593931E+000  0.25150515E+001
  0.65992253E+000  0.85319451E+000  0.97594552E+000  0.25150810E+001
  0.65993381E+000  0.85319751E+000  0.97595189E+000  0.25151123E+001
  0.65994524E+000  0.85320057E+000  0.97595838E+000  0.25151454E+001
  0.65995657E+000  0.85320386E+000  0.97596496E+000  0.25151799E+001
  0.65996816E+000  0.85320698E+000  0.97597158E+000  0.25152156E+001
  0.65997975E+000  0.85321011E+000  0.97597822E+000  0.25152526E+001
  0.65999132E+000  0.85321322E+000  0.97598486E+000  0.25152904E+001
  0.66000282E+000  0.85321632E+000  0.97599148E+000  0.25153292E+001
  0.66001423E+000  0.85321939E+000  0.97599806E+000  0.25153687E+001
  0.66002552E+000  0.85322243E+000  0.97600460E+000  0.25154088E+001
  0.66003665E+000  0.85322543E+000  0.97601108E+000  0.25154495E+001
  0.66004761E+000  0.85322839E+000  0.97601751E+000  0.25154907E+001
  0.66005838E+000  0.85323130E+000  0.97602387E+000  0.25155322E+001
  0.66006911E+000  0.85323397E+000  0.97592689E+000  0.25148596E+001
  0.66007940E+000  0.85323678E+000  0.97593749E+000  0.25149320E+001
  0.66008944E+000  0.85323955E+000  0.97594763E+000  0.25150019E+001
  0.66009919E+000  0.85324225E+000  0.97595731E+000  0.25150694E+001
  0.66010864E+000  0.85324491E+000  0.97596655E+000  0.25151344E+001
  0.66011778E+000  0.85324751E+000  0.97597536E+000  0.25151970E+001
  0.66012659E+000  0.85325004E+000  0.97598375E+000  0.25152573E+001
  0.66013509E+000  0.85325250E+000  0.97599173E+000  0.25153153E+001
  0.66014320E+000  0.85325491E+000  0.97599932E+000  0.25153711E+001
  0.66015096E+000  0.85325726E+000  0.97600653E+000  0.25154247E+001
  0.66015834E+000  0.85325955E+000  0.97601338E+000  0.25154763E+001
  0.66016535E+000  0.85326177E+000  0.97601988E+000  0.25155259E+001
  0.66017197E+000  0.85326392E+000  0.97602602E+000  0.25155735E+001
  0.66017822E+000  0.85326601E+000  0.97603182E+000  0.25156193E+001
  0.66018409E+000  0.85326803E+000  0.97610987E+000  0.25161660E+001
  0.66018959E+000  0.85327582E+000  0.97610896E+000  0.25162067E+001
  0.66019471E+000  0.85327770E+000  0.97611378E+000  0.25162470E+001
  0.66019952E+000  0.85327943E+000  0.97611847E+000  0.25162869E+001
  0.66020393E+000  0.85328115E+000  0.97612303E+000  0.25163262E+001
  0.66020798E+000  0.85328278E+000  0.97612746E+000  0.25163651E+001
  0.66021171E+000  0.85328433E+000  0.97613174E+000  0.25164033E+001
  0.66021511E+000  0.85328581E+000  0.97613589E+000  0.25164410E+001
  0.66021820E+000  0.85328720E+000  0.97613988E+000  0.25164781E+001
  0.66022100E+000  0.85328851E+000  0.97614373E+000  0.25165146E+001
  0.66022353E+000  0.85328975E+000  0.97614744E+000  0.25165504E+001
  0.66022580E+000  0.85329090E+000  0.97615099E+000  0.25165855E+001
  0.66022782E+000  0.85329199E+000  0.97615440E+000  0.25166200E+001
  0.66022961E+000  0.85329300E+000  0.97615766E+000  0.25166537E+001
  0.66023118E+000  0.85329393E+000  0.97616079E+000  0.25166867E+001
  0.66023256E+000  0.85329480E+000  0.97616377E+000  0.25167190E+001
  0.66023375E+000  0.85329561E+000  0.97616662E+000  0.25167506E+001
  0.66023478E+000  0.85329635E+000  0.97616935E+000  0.25167814E+001
  0.66023565E+000  0.85329704E+000  0.97617195E+000  0.25168114E+001
  0.66023638E+000  0.85329766E+000  0.97617444E+000  0.25168407E+001
  0.66023697E+000  0.85329824E+000  0.97617683E+000  0.25168692E+001
  0.66023746E+000  0.85329877E+000  0.97617911E+000  0.25168969E+001
  0.66023784E+000  0.85329926E+000  0.97618130E+000  0.25169239E+001
  0.66023812E+000  0.85329970E+000  0.97618342E+000  0.25169501E+001
  0.66023832E+000  0.85330011E+000  0.97618546E+000  0.25169756E+001
  0.66023845E+000  0.85330049E+000  0.97618743E+000  0.25170004E+001
  0.66023852E+000  0.85330083E+000  0.97618935E+000  0.25170245E+001
  0.66023853E+000  0.85330115E+000  0.97619123E+000  0.25170478E+001
  0.66023850E+000  0.85330144E+000  0.97619307E+000  0.25170706E+001
  0.66023843E+000  0.85330171E+000  0.97619488E+000  0.25170927E+001
  0.66023833E+000  0.85330196E+000  0.97619666E+000  0.25171142E+001
  0.66023821E+000  0.85330219E+000  0.97619844E+000  0.25171351E+001
  0.66023807E+000  0.85330241E+000  0.97620020E+000  0.25171555E+001
  0.66023792E+000  0.85330262E+000  0.97620196E+000  0.25171754E+001
  0.66023777E+000  0.85330282E+000  0.97620373E+000  0.25171949E+001
  0.66023761E+000  0.85330300E+000  0.97620551E+000  0.25172139E+001
  0.66023746E+000  0.85330318E+000  0.97620730E+000  0.25172325E+001
  0.66023731E+000  0.85330334E+000  0.97620910E+000  0.25172507E+001
  0.66023717E+000  0.85330351E+000  0.97621093E+000  0.25172687E+001
  0.66023705E+000  0.85330366E+000  0.97621277E+000  0.25172863E+001
  0.66023693E+000  0.85330381E+000  0.97621463E+000  0.25173036E+001
  0.66023684E+000  0.85330396E+000  0.97621651E+000  0.25173208E+001
  0.66023675E+000  0.85330411E+000  0.97621842E+000  0.25173377E+001
  0.66023669E+000  0.85330425E+000  0.97622034E+000  0.25173544E+001
  0.66023664E+000  0.85330438E+000  0.97622227E+000  0.25173710E+001
  0.66023661E+000  0.85330452E+000  0.97622423E+000  0.25173874E+001
  0.66023659E+000  0.85330465E+000  0.97622619E+000  0.25174037E+001
  0.66023660E+000  0.85330478E+000  0.97622817E+000  0.25174200E+001
  0.66023662E+000  0.85330491E+000  0.97623016E+000  0.25174362E+001
  0.66023665E+000  0.85330503E+000  0.97623215E+000  0.25174523E+001
  0.66023670E+000  0.85330516E+000  0.97623415E+000  0.25174684E+001
  0.66023677E+000  0.85330528E+000  0.97623614E+000  0.25174845E+001
  0.66023685E+000  0.85330540E+000  0.97623813E+000  0.25175006E+001
  0.66023694E+000  0.85330552E+000  0.97624011E+000  0.25175167E+001
  0.66023705E+000  0.85330564E+000  0.97624209E+000  0.25175329E+001
  0.66023716E+000  0.85330576E+000  0.97624405E+000  0.25175491E+001
  0.66023728E+000  0.85330587E+000  0.97624600E+000  0.25175653E+001
  0.66023742E+000  0.85330599E+000  0.97624792E+000  0.25175816E+001
  0.66023756E+000  0.85330610E+000  0.97624983E+000  0.25175980E+001
  0.66023770E+000  0.85330621E+000  0.97625171E+000  0.25176145E+001
  0.66023786E+000  0.85330632E+000  0.97625357E+000  0.25176311E+001
  0.66023801E+000  0.85330643E+000  0.97625540E+000  0.25176477E+001
  0.66023817E+000  0.85330654E+000  0.97625720E+000  0.25176645E+001
  0.66023834E+000  0.85330665E+000  0.97625897E+000  0.25176814E+001
  0.66023851E+000  0.85330676E+000  0.97626071E+000  0.25176984E+001
  0.66023867E+000  0.85330686E+000  0.97626241E+000  0.25177155E+001
  0.66023884E+000  0.85330697E+000  0.97626407E+000  0.25177327E+001
  0.66023901E+000  0.85330707E+000  0.97626570E+000  0.25177500E+001
  0.66023918E+000  0.85330717E+000  0.97626729E+000  0.25177675E+001
  0.66023935E+000  0.85330727E+000  0.97626884E+000  0.25177851E+001
  0.66023952E+000  0.85330737E+000  0.97627034E+000  0.25178028E+001
  0.66023968E+000  0.85330747E+000  0.97627181E+000  0.25178206E+001
  0.66023984E+000  0.85330757E+000  0.97627324E+000  0.25178386E+001
  0.66024000E+000  0.85330766E+000  0.97627462E+000  0.25178566E+001
  0.66024016E+000  0.85330775E+000  0.97627596E+000  0.25178748E+001
  0.66024031E+000  0.85330785E+000  0.97627726E+000  0.25178931E+001
  0.66024046E+000  0.85330794E+000  0.97627852E+000  0.25179115E+001
  0.66024060E+000  0.85330802E+000  0.97627973E+000  0.25179300E+001
  0.66024074E+000  0.85330811E+000  0.97628091E+000  0.25179485E+001
  0.66024088E+000  0.85330819E+000  0.97628204E+000  0.25179672E+001
  0.66024101E+000  0.85330827E+000  0.97628313E+000  0.25179859E+001
  0.66024114E+000  0.85330835E+000  0.97628418E+000  0.25180047E+001
  0.66024126E+000  0.85330843E+000  0.97628518E+000  0.25180236E+001
  0.66024137E+000  0.85330851E+000  0.97628615E+000  0.25180425E+001
  0.66024149E+000  0.85330858E+000  0.97628708E+000  0.25180615E+001
  0.66024159E+000  0.85330865E+000  0.97628798E+000  0.25180805E+001
  0.66024170E+000  0.85330872E+000  0.97628883E+000  0.25180996E+001
  0.66024179E+000  0.85330878E+000  0.97628965E+000  0.25181186E+001
  0.66024189E+000  0.85330885E+000  0.97629043E+000  0.25181377E+001
  0.66024197E+000  0.85330891E+000  0.97629118E+000  0.25181568E+001
  0.66024206E+000  0.85330897E+000  0.97629189E+000  0.25181758E+001
  0.66024214E+000  0.85330903E+000  0.97629257E+000  0.25181949E+001
  0.66024221E+000  0.85330908E+000  0.97629322E+000  0.25182139E+001
  0.66024228E+000  0.85330913E+000  0.97629383E+000  0.25182329E+001
  0.66024235E+000  0.85330918E+000  0.97629442E+000  0.25182518E+001
  0.66024241E+000  0.85330923E+000  0.97629498E+000  0.25182707E+001
  0.66024247E+000  0.85330928E+000  0.97629550E+000  0.25182894E+001
  0.66024252E+000  0.85330932E+000  0.97629601E+000  0.25183081E+001
  0.66024258E+000  0.85330936E+000  0.97629648E+000  0.25183267E+001
  0.66024262E+000  0.85330940E+000  0.97629693E+000  0.25183453E+001
  0.66024267E+000  0.85330944E+000  0.97629736E+000  0.25183636E+001
  0.66024271E+000  0.85330947E+000  0.97629776E+000  0.25183819E+001
  0.66024275E+000  0.85330951E+000  0.97629815E+000  0.25184000E+001
  0.66024279E+000  0.85330954E+000  0.97629851E+000  0.25184180E+001
  0.66024282E+000  0.85330957E+000  0.97629885E+000  0.25184359E+001
  0.66024286E+000  0.85330959E+000  0.97629917E+000  0.25184535E+001
  0.66024289E+000  0.85330962E+000  0.97629947E+000  0.25184710E+001
  0.66024291E+000  0.85330965E+000  0.97629975E+000  0.25184884E+001
  0.66024294E+000  0.85330967E+000  0.97630002E+000  0.25185055E+001
  0.66024296E+000  0.85330969E+000  0.97630027E+000  0.25185224E+001
  0.66024299E+000  0.85330971E+000  0.97630051E+000  0.25185391E+001
  0.66024301E+000  0.85330973E+000  0.97630073E+000  0.25185557E+001
  0.66024302E+000  0.85330975E+000  0.97630094E+000  0.25185719E+001
  0.66024304E+000  0.85330977E+000  0.97630113E+000  0.25185880E+001
  0.66024306E+000  0.85330978E+000  0.97630132E+000  0.25186038E+001
  0.66024307E+000  0.85330980E+000  0.97630149E+000  0.25186194E+001
  0.66024309E+000  0.85330981E+000  0.97630165E+000  0.25186348E+001
  0.66024310E+000  0.85330982E+000  0.97630180E+000  0.25186499E+001
  0.66024311E+000  0.85330984E+000  0.97630194E+000  0.25186647E+001
  0.66024312E+000  0.85330985E+000  0.97630207E+000  0.25186793E+001
  0.66024313E+000  0.85330986E+000  0.97630219E+000  0.25186936E+001
  0.66024314E+000  0.85330987E+000  0.97630230E+000  0.25187076E+001
  0.66024315E+000  0.85330987E+000  0.97630241E+000  0.25187214E+001
  0.66024316E+000  0.85330988E+000  0.97630251E+000  0.25187349E+001
  0.66024316E+000  0.85330989E+000  0.97630260E+000  0.25187481E+001
  0.66024317E+000  0.85330990E+000  0.97630268E+000  0.25187610E+001
  0.66024318E+000  0.85330990E+000  0.97630276E+000  0.25187737E+001
  0.66024318E+000  0.85330991E+000  0.97630283E+000  0.25187861E+001
  0.66024319E+000  0.85330991E+000  0.97630290E+000  0.25187981E+001
  0.66024319E+000  0.85330992E+000  0.97630296E+000  0.25188099E+001
  0.66024319E+000  0.85330992E+000  0.97630302E+000  0.25188215E+001
  0.66024320E+000  0.85330993E+000  0.97630308E+000  0.25188327E+001
  0.66024320E+000  0.85330993E+000  0.97630313E+000  0.25188436E+001
  0.66024320E+000  0.85330993E+000  0.97630317E+000  0.25188543E+001
  0.66024321E+000  0.85330994E+000  0.97630321E+000  0.25188647E+001
  0.66024321E+000  0.85330994E+000  0.97630325E+000  0.25188748E+001
  0.66024321E+000  0.85330994E+000  0.97630329E+000  0.25188846E+001
  0.66024322E+000  0.85330995E+000  0.97630332E+000  0.25188941E+001
  0.66024322E+000  0.85330995E+000  0.97630336E+000  0.25189034E+001
  0.66024322E+000  0.85330995E+000  0.97630339E+000  0.25189124E+001
  0.66024321E+000  0.85330994E+000  0.97630339E+000  0.25189211E+001
