  0.70208285E+000  0.85433642E+000  0.10402471E+001  0.24216133E+001
  0.70190156E+000  0.85415469E+000  0.10395663E+001  0.24200240E+001
  0.70181946E+000  0.85393589E+000  0.10390428E+001  0.24187893E+001
  0.70173673E+000  0.85376894E+000  0.10386168E+001  0.24177763E+001
  0.70161589E+000  0.85368185E+000  0.10382620E+001  0.24169312E+001
  0.70151683E+000  0.85360761E+000  0.10379667E+001  0.24162209E+001
  0.70143566E+000  0.85354347E+000  0.10377201E+001  0.24156232E+001
  0.70136930E+000  0.85348765E+000  0.10375148E+001  0.24151226E+001
  0.70131533E+000  0.85344933E+000  0.10373345E+001  0.24147038E+001
  0.70127180E+000  0.85341653E+000  0.10371847E+001  0.24143538E+001
  0.70123592E+000  0.85338612E+000  0.10370625E+001  0.24140614E+001
  0.70120633E+000  0.85335770E+000  0.10369638E+001  0.24138181E+001
  0.70118483E+000  0.85333092E+000  0.10368849E+001  0.24136162E+001
  0.70116967E+000  0.85330548E+000  0.10368223E+001  0.24134492E+001
  0.70115962E+000  0.85328116E+000  0.10367738E+001  0.24133120E+001
  0.70115373E+000  0.85325775E+000  0.10367370E+001  0.24132002E+001
  0.70115125E+000  0.85323511E+000  0.10367104E+001  0.24131099E+001
  0.70115158E+000  0.85321310E+000  0.10366923E+001  0.24130381E+001
  0.70115425E+000  0.85319165E+000  0.10366815E+001  0.24129820E+001
  0.70115883E+000  0.85317068E+000  0.10366769E+001  0.24129393E+001
  0.70116500E+000  0.85315016E+000  0.10366776E+001  0.24129082E+001
  0.70117247E+000  0.85313005E+000  0.10366829E+001  0.24128869E+001
  0.70118099E+000  0.85311036E+000  0.10366919E+001  0.24128742E+001
  0.70119036E+000  0.85309106E+000  0.10367042E+001  0.24128688E+001
  0.70120039E+000  0.85307218E+000  0.10367192E+001  0.24128697E+001
  0.70121095E+000  0.85305698E+000  0.10367332E+001  0.24128760E+001
  0.70122190E+000  0.85304480E+000  0.10367465E+001  0.24128870E+001
  0.70123310E+000  0.85303321E+000  0.10367611E+001  0.24129022E+001
  0.70124447E+000  0.85302218E+000  0.10367769E+001  0.24129208E+001
  0.70125595E+000  0.85301172E+000  0.10367936E+001  0.24129426E+001
  0.70126748E+000  0.85300180E+000  0.10368109E+001  0.24129670E+001
  0.70127901E+000  0.85299243E+000  0.10368287E+001  0.24129938E+001
  0.70127872E+000  0.85299534E+000  0.10368468E+001  0.24130226E+001
  0.70127701E+000  0.85300011E+000  0.10368651E+001  0.24130533E+001
  0.70127546E+000  0.85300507E+000  0.10368835E+001  0.24130855E+001
  0.70127404E+000  0.85301021E+000  0.10369018E+001  0.24131192E+001
  0.70127274E+000  0.85301550E+000  0.10369201E+001  0.24131540E+001
  0.70127154E+000  0.85302093E+000  0.10369382E+001  0.24131900E+001
  0.70127040E+000  0.85302646E+000  0.10369561E+001  0.24132269E+001
  0.70126932E+000  0.85303209E+000  0.10369738E+001  0.24132646E+001
  0.70126828E+000  0.85303778E+000  0.10369912E+001  0.24133031E+001
  0.70126728E+000  0.85304351E+000  0.10370084E+001  0.24133422E+001
  0.70126628E+000  0.85304928E+000  0.10370253E+001  0.24133817E+001
  0.70126530E+000  0.85305505E+000  0.10370420E+001  0.24134218E+001
  0.70126683E+000  0.85305830E+000  0.10370585E+001  0.24134621E+001
  0.70127163E+000  0.85305825E+000  0.10370747E+001  0.24135028E+001
  0.70127625E+000  0.85305832E+000  0.10370907E+001  0.24135436E+001
  0.70128070E+000  0.85305851E+000  0.10371064E+001  0.24135846E+001
  0.70128496E+000  0.85305881E+000  0.10371219E+001  0.24136257E+001
  0.70128904E+000  0.85305919E+000  0.10371372E+001  0.24136667E+001
  0.70129293E+000  0.85305965E+000  0.10371522E+001  0.24137078E+001
  0.70129664E+000  0.85306019E+000  0.10371670E+001  0.24137487E+001
  0.70130017E+000  0.85306078E+000  0.10371814E+001  0.24137895E+001
  0.70130353E+000  0.85306143E+000  0.10371956E+001  0.24138302E+001
  0.70130671E+000  0.85306213E+000  0.10372095E+001  0.24138706E+001
  0.70130973E+000  0.85306286E+000  0.10372230E+001  0.24139108E+001
  0.70131349E+000  0.85306272E+000  0.10372362E+001  0.24139507E+001
  0.70131801E+000  0.85306167E+000  0.10372490E+001  0.24139902E+001
  0.70132236E+000  0.85306066E+000  0.10372615E+001  0.24140294E+001
  0.70132657E+000  0.85305966E+000  0.10372736E+001  0.24140682E+001
  0.70133065E+000  0.85305867E+000  0.10372853E+001  0.24141065E+001
  0.70133460E+000  0.85305768E+000  0.10372966E+001  0.24141443E+001
  0.70133844E+000  0.85305668E+000  0.10373075E+001  0.24141817E+001
  0.70134219E+000  0.85305567E+000  0.10373180E+001  0.24142185E+001
  0.70134584E+000  0.85305464E+000  0.10373281E+001  0.24142547E+001
  0.70134942E+000  0.85305359E+000  0.10373378E+001  0.24142903E+001
  0.70135292E+000  0.85305252E+000  0.10373472E+001  0.24143252E+001
  0.70135636E+000  0.85305143E+000  0.10373561E+001  0.24143595E+001
  0.70135974E+000  0.85305033E+000  0.10373647E+001  0.24143931E+001
  0.70136306E+000  0.85304922E+000  0.10373729E+001  0.24144259E+001
  0.70136632E+000  0.85304811E+000  0.10373808E+001  0.24144580E+001
  0.70136953E+000  0.85304701E+000  0.10373883E+001  0.24144893E+001
  0.70137268E+000  0.85304593E+000  0.10373955E+001  0.24145199E+001
  0.70137576E+000  0.85304487E+000  0.10374024E+001  0.24145496E+001
  0.70137879E+000  0.85304386E+000  0.10374090E+001  0.24145786E+001
  0.70138174E+000  0.85304290E+000  0.10374153E+001  0.24146067E+001
  0.70138462E+000  0.85304200E+000  0.10374213E+001  0.24146339E+001
  0.70138741E+000  0.85304117E+000  0.10374271E+001  0.24146604E+001
  0.70139012E+000  0.85304042E+000  0.10374327E+001  0.24146860E+001
  0.70139273E+000  0.85303975E+000  0.10374380E+001  0.24147107E+001
  0.70139524E+000  0.85303918E+000  0.10374432E+001  0.24147346E+001
  0.70139765E+000  0.85303871E+000  0.10374482E+001  0.24147577E+001
  0.70139995E+000  0.85303835E+000  0.10374530E+001  0.24147800E+001
  0.70140214E+000  0.85303808E+000  0.10374578E+001  0.24148015E+001
  0.70140421E+000  0.85303792E+000  0.10374624E+001  0.24148222E+001
  0.70140617E+000  0.85303787E+000  0.10374669E+001  0.24148422E+001
  0.70140801E+000  0.85303791E+000  0.10374714E+001  0.24148614E+001
  0.70140973E+000  0.85303806E+000  0.10374758E+001  0.24148799E+001
  0.70141134E+000  0.85303830E+000  0.10374802E+001  0.24148978E+001
  0.70141284E+000  0.85303862E+000  0.10374846E+001  0.24149150E+001
  0.70141423E+000  0.85303903E+000  0.10374890E+001  0.24149316E+001
  0.70141551E+000  0.85303951E+000  0.10374935E+001  0.24149477E+001
  0.70141670E+000  0.85304006E+000  0.10374979E+001  0.24149632E+001
  0.70141778E+000  0.85304068E+000  0.10375024E+001  0.24149783E+001
  0.70141877E+000  0.85304134E+000  0.10375070E+001  0.24149929E+001
  0.70141968E+000  0.85304206E+000  0.10375116E+001  0.24150071E+001
  0.70142050E+000  0.85304281E+000  0.10375163E+001  0.24150209E+001
  0.70142125E+000  0.85304360E+000  0.10375210E+001  0.24150344E+001
  0.70142193E+000  0.85304441E+000  0.10375259E+001  0.24150476E+001
  0.70142255E+000  0.85304525E+000  0.10375307E+001  0.24150605E+001
  0.70142310E+000  0.85304610E+000  0.10375357E+001  0.24150732E+001
  0.70142360E+000  0.85304696E+000  0.10375407E+001  0.24150857E+001
  0.70142404E+000  0.85304783E+000  0.10375457E+001  0.24150980E+001
  0.70142445E+000  0.85304869E+000  0.10375508E+001  0.24151103E+001
  0.70142480E+000  0.85304955E+000  0.10375560E+001  0.24151224E+001
  0.70142513E+000  0.85305041E+000  0.10375612E+001  0.24151345E+001
  0.70142541E+000  0.85305125E+000  0.10375664E+001  0.24151465E+001
  0.70142567E+000  0.85305208E+000  0.10375716E+001  0.24151585E+001
  0.70142589E+000  0.85305290E+000  0.10375768E+001  0.24151705E+001
  0.70142610E+000  0.85305369E+000  0.10375820E+001  0.24151826E+001
  0.70142628E+000  0.85305447E+000  0.10375872E+001  0.24151948E+001
  0.70142643E+000  0.85305523E+000  0.10375923E+001  0.24152070E+001
  0.70142658E+000  0.85305596E+000  0.10375974E+001  0.24152193E+001
  0.70142670E+000  0.85305667E+000  0.10376025E+001  0.24152318E+001
  0.70142681E+000  0.85305735E+000  0.10376075E+001  0.24152444E+001
  0.70142691E+000  0.85305800E+000  0.10376124E+001  0.24152571E+001
  0.70142699E+000  0.85305864E+000  0.10376172E+001  0.24152701E+001
  0.70142707E+000  0.85305924E+000  0.10376220E+001  0.24152832E+001
  0.70142713E+000  0.85305982E+000  0.10376266E+001  0.24152965E+001
  0.70142719E+000  0.85306037E+000  0.10376312E+001  0.24153100E+001
  0.70142724E+000  0.85306089E+000  0.10376356E+001  0.24153238E+001
  0.70142729E+000  0.85306138E+000  0.10376400E+001  0.24153377E+001
  0.70142733E+000  0.85306185E+000  0.10376442E+001  0.24153519E+001
  0.70142736E+000  0.85306229E+000  0.10376483E+001  0.24153664E+001
  0.70142740E+000  0.85306271E+000  0.10376523E+001  0.24153810E+001
  0.70142742E+000  0.85306310E+000  0.10376561E+001  0.24153959E+001
  0.70142745E+000  0.85306347E+000  0.10376598E+001  0.24154111E+001
  0.70142747E+000  0.85306381E+000  0.10376634E+001  0.24154265E+001
  0.70142749E+000  0.85306412E+000  0.10376668E+001  0.24154421E+001
  0.70142751E+000  0.85306442E+000  0.10376702E+001  0.24154579E+001
  0.70142753E+000  0.85306469E+000  0.10376733E+001  0.24154740E+001
  0.70142755E+000  0.85306494E+000  0.10376764E+001  0.24154903E+001
  0.70142757E+000  0.85306518E+000  0.10376793E+001  0.24155069E+001
  0.70142758E+000  0.85306539E+000  0.10376821E+001  0.24155236E+001
  0.70142760E+000  0.85306558E+000  0.10376848E+001  0.24155406E+001
  0.70142761E+000  0.85306576E+000  0.10376873E+001  0.24155577E+001
  0.70142763E+000  0.85306592E+000  0.10376897E+001  0.24155750E+001
  0.70142765E+000  0.85306606E+000  0.10376920E+001  0.24155925E+001
  0.70142766E+000  0.85306619E+000  0.10376942E+001  0.24156102E+001
  0.70142768E+000  0.85306631E+000  0.10376963E+001  0.24156280E+001
  0.70142770E+000  0.85306642E+000  0.10376983E+001  0.24156460E+001
  0.70142771E+000  0.85306651E+000  0.10377001E+001  0.24156641E+001
  0.70142773E+000  0.85306659E+000  0.10377019E+001  0.24156824E+001
  0.70142775E+000  0.85306667E+000  0.10377035E+001  0.24157007E+001
  0.70142777E+000  0.85306673E+000  0.10377051E+001  0.24157192E+001
  0.70142778E+000  0.85306679E+000  0.10377065E+001  0.24157377E+001
  0.70142780E+000  0.85306684E+000  0.10377079E+001  0.24157563E+001
  0.70142782E+000  0.85306688E+000  0.10377092E+001  0.24157749E+001
  0.70142784E+000  0.85306691E+000  0.10377104E+001  0.24157936E+001
  0.70142786E+000  0.85306695E+000  0.10377116E+001  0.24158124E+001
  0.70142788E+000  0.85306697E+000  0.10377126E+001  0.24158311E+001
  0.70142790E+000  0.85306700E+000  0.10377136E+001  0.24158499E+001
  0.70142791E+000  0.85306702E+000  0.10377145E+001  0.24158686E+001
  0.70142793E+000  0.85306703E+000  0.10377154E+001  0.24158873E+001
  0.70142795E+000  0.85306705E+000  0.10377162E+001  0.24159060E+001
  0.70142797E+000  0.85306706E+000  0.10377170E+001  0.24159247E+001
  0.70142799E+000  0.85306707E+000  0.10377177E+001  0.24159433E+001
  0.70142800E+000  0.85306707E+000  0.10377183E+001  0.24159618E+001
  0.70142802E+000  0.85306708E+000  0.10377189E+001  0.24159802E+001
  0.70142804E+000  0.85306709E+000  0.10377195E+001  0.24159985E+001
  0.70142805E+000  0.85306709E+000  0.10377200E+001  0.24160167E+001
  0.70142807E+000  0.85306710E+000  0.10377205E+001  0.24160348E+001
  0.70142808E+000  0.85306710E+000  0.10377209E+001  0.24160528E+001
  0.70142809E+000  0.85306710E+000  0.10377213E+001  0.24160706E+001
  0.70142811E+000  0.85306711E+000  0.10377217E+001  0.24160882E+001
  0.70142812E+000  0.85306711E+000  0.10377221E+001  0.24161057E+001
  0.70142813E+000  0.85306711E+000  0.10377224E+001  0.24161230E+001
  0.70142814E+000  0.85306712E+000  0.10377227E+001  0.24161402E+001
  0.70142815E+000  0.85306712E+000  0.10377230E+001  0.24161571E+001
  0.70142816E+000  0.85306712E+000  0.10377232E+001  0.24161738E+001
  0.70142817E+000  0.85306713E+000  0.10377235E+001  0.24161904E+001
  0.70142818E+000  0.85306713E+000  0.10377237E+001  0.24162067E+001
  0.70142819E+000  0.85306713E+000  0.10377239E+001  0.24162227E+001
  0.70142819E+000  0.85306714E+000  0.10377241E+001  0.24162386E+001
  0.70142820E+000  0.85306714E+000  0.10377242E+001  0.24162542E+001
  0.70142820E+000  0.85306715E+000  0.10377244E+001  0.24162696E+001
  0.70142821E+000  0.85306715E+000  0.10377245E+001  0.24162847E+001
  0.70142821E+000  0.85306716E+000  0.10377247E+001  0.24162995E+001
  0.70142821E+000  0.85306716E+000  0.10377248E+001  0.24163141E+001
  0.70142822E+000  0.85306717E+000  0.10377249E+001  0.24163284E+001
  0.70142822E+000  0.85306717E+000  0.10377250E+001  0.24163425E+001
  0.70142822E+000  0.85306718E+000  0.10377251E+001  0.24163563E+001
  0.70142822E+000  0.85306718E+000  0.10377252E+001  0.24163698E+001
  0.70142822E+000  0.85306719E+000  0.10377253E+001  0.24163830E+001
  0.70142823E+000  0.85306719E+000  0.10377254E+001  0.24163960E+001
  0.70142823E+000  0.85306720E+000  0.10377254E+001  0.24164087E+001
  0.70142823E+000  0.85306720E+000  0.10377255E+001  0.24164210E+001
  0.70142823E+000  0.85306720E+000  0.10377255E+001  0.24164331E+001
  0.70142823E+000  0.85306721E+000  0.10377256E+001  0.24164450E+001
  0.70142822E+000  0.85306721E+000  0.10377257E+001  0.24164565E+001
  0.70142822E+000  0.85306722E+000  0.10377257E+001  0.24164677E+001
  0.70142822E+000  0.85306722E+000  0.10377257E+001  0.24164787E+001
  0.70142822E+000  0.85306722E+000  0.10377258E+001  0.24164894E+001
  0.70142822E+000  0.85306723E+000  0.10377258E+001  0.24164998E+001
  0.70142822E+000  0.85306723E+000  0.10377258E+001  0.24165099E+001
  0.70142822E+000  0.85306723E+000  0.10377259E+001  0.24165197E+001
  0.70142822E+000  0.85306724E+000  0.10377259E+001  0.24165293E+001
  0.70142822E+000  0.85306724E+000  0.10377259E+001  0.24165385E+001
  0.70142821E+000  0.85306725E+000  0.10377259E+001  0.24165475E+001
  0.70142821E+000  0.85306724E+000  0.10377259E+001  0.24165562E+001
