 -0.44636699E+000
 -0.44637951E+000
 -0.44623868E+000
 -0.44605436E+000
 -0.44586225E+000
 -0.44567674E+000
 -0.44550529E+000
 -0.44535317E+000
 -0.44522010E+000
 -0.44510470E+000
 -0.44500522E+000
 -0.44491997E+000
 -0.44484727E+000
 -0.44478562E+000
 -0.44473364E+000
 -0.44469014E+000
 -0.44465402E+000
 -0.44462435E+000
 -0.44460028E+000
 -0.44458108E+000
 -0.44456610E+000
 -0.44455478E+000
 -0.44454662E+000
 -0.44454118E+000
 -0.44453808E+000
 -0.44453699E+000
 -0.44453762E+000
 -0.44453970E+000
 -0.44454302E+000
 -0.44454738E+000
 -0.44455261E+000
 -0.44455858E+000
 -0.44456517E+000
 -0.44457227E+000
 -0.44457979E+000
 -0.44458768E+000
 -0.44459587E+000
 -0.44460432E+000
 -0.44461300E+000
 -0.44462189E+000
 -0.44463095E+000
 -0.44464018E+000
 -0.44464957E+000
 -0.44465912E+000
 -0.44466881E+000
 -0.44467865E+000
 -0.44468863E+000
 -0.44469875E+000
 -0.44470900E+000
 -0.44471939E+000
 -0.44472989E+000
 -0.44474051E+000
 -0.44475124E+000
 -0.44476206E+000
 -0.44477297E+000
 -0.44478395E+000
 -0.44479500E+000
 -0.44480609E+000
 -0.44481721E+000
 -0.44482836E+000
 -0.44483951E+000
 -0.44485067E+000
 -0.44486180E+000
 -0.44487291E+000
 -0.44488399E+000
 -0.44489502E+000
 -0.44490599E+000
 -0.44491691E+000
 -0.44492776E+000
 -0.44493854E+000
 -0.44494925E+000
 -0.44495988E+000
 -0.44497044E+000
 -0.44498091E+000
 -0.44499131E+000
 -0.44500163E+000
 -0.44501187E+000
 -0.44502202E+000
 -0.44503210E+000
 -0.44504208E+000
 -0.44505199E+000
 -0.44506181E+000
 -0.44507153E+000
 -0.44508117E+000
 -0.44509071E+000
 -0.44510016E+000
 -0.44510950E+000
 -0.44511874E+000
 -0.44512788E+000
 -0.44513691E+000
 -0.44514584E+000
 -0.44515466E+000
 -0.44516337E+000
 -0.44517198E+000
 -0.44518048E+000
 -0.44518888E+000
 -0.44519718E+000
 -0.44520539E+000
 -0.44521350E+000
 -0.44522153E+000
 -0.44522947E+000
 -0.44523734E+000
 -0.44524513E+000
 -0.44525286E+000
 -0.44526052E+000
 -0.44526812E+000
 -0.44527567E+000
 -0.44528318E+000
 -0.44529064E+000
 -0.44529807E+000
 -0.44530546E+000
 -0.44531283E+000
 -0.44532017E+000
 -0.44532749E+000
 -0.44533480E+000
 -0.44534209E+000
 -0.44534938E+000
 -0.44535665E+000
 -0.44536393E+000
 -0.44537120E+000
 -0.44537847E+000
 -0.44538574E+000
 -0.44539302E+000
 -0.44540030E+000
 -0.44540758E+000
 -0.44541487E+000
 -0.44542217E+000
 -0.44542947E+000
 -0.44543678E+000
 -0.44544410E+000
 -0.44545142E+000
 -0.44545874E+000
 -0.44546607E+000
 -0.44547340E+000
 -0.44548074E+000
 -0.44548807E+000
 -0.44549540E+000
 -0.44550273E+000
 -0.44551005E+000
 -0.44551736E+000
 -0.44552467E+000
 -0.44553196E+000
 -0.44553924E+000
 -0.44554651E+000
 -0.44555375E+000
 -0.44556097E+000
 -0.44556817E+000
 -0.44557534E+000
 -0.44558248E+000
 -0.44558959E+000
 -0.44559667E+000
 -0.44560370E+000
 -0.44561070E+000
 -0.44561765E+000
 -0.44562455E+000
 -0.44563140E+000
 -0.44563821E+000
 -0.44564495E+000
 -0.44565164E+000
 -0.44565827E+000
 -0.44566483E+000
 -0.44567133E+000
 -0.44567776E+000
 -0.44568412E+000
 -0.44569040E+000
 -0.44569661E+000
 -0.44570274E+000
 -0.44570880E+000
 -0.44571476E+000
 -0.44572065E+000
 -0.44572645E+000
 -0.44573215E+000
 -0.44573777E+000
 -0.44574330E+000
 -0.44574874E+000
 -0.44575408E+000
 -0.44575932E+000
 -0.44576447E+000
 -0.44576952E+000
 -0.44577447E+000
 -0.44577933E+000
 -0.44578408E+000
 -0.44578873E+000
 -0.44579328E+000
 -0.44579773E+000
 -0.44580208E+000
 -0.44580633E+000
 -0.44581047E+000
 -0.44581451E+000
 -0.44581846E+000
 -0.44582230E+000
 -0.44582604E+000
 -0.44582968E+000
 -0.44583322E+000
 -0.44583666E+000
 -0.44584001E+000
 -0.44584326E+000
 -0.44584641E+000
 -0.44584947E+000
 -0.44585243E+000
