  0.11424371E+001
  0.11428615E+001
  0.11431853E+001
  0.11434485E+001
  0.11436667E+001
  0.11438482E+001
  0.11439998E+001
  0.11441261E+001
  0.11442310E+001
  0.11443179E+001
  0.11443900E+001
  0.11444496E+001
  0.11444980E+001
  0.11445371E+001
  0.11445684E+001
  0.11445931E+001
  0.11446123E+001
  0.11446269E+001
  0.11446376E+001
  0.11446449E+001
  0.11446494E+001
  0.11446515E+001
  0.11446516E+001
  0.11446500E+001
  0.11446470E+001
  0.11446428E+001
  0.11446375E+001
  0.11446314E+001
  0.11446247E+001
  0.11446174E+001
  0.11446096E+001
  0.11446014E+001
  0.11445930E+001
  0.11445843E+001
  0.11445755E+001
  0.11445666E+001
  0.11445577E+001
  0.11445487E+001
  0.11445397E+001
  0.11445308E+001
  0.11445220E+001
  0.11445132E+001
  0.11445045E+001
  0.11444960E+001
  0.11444875E+001
  0.11444792E+001
  0.11444711E+001
  0.11444631E+001
  0.11444552E+001
  0.11444476E+001
  0.11444401E+001
  0.11444328E+001
  0.11444257E+001
  0.11444188E+001
  0.11444120E+001
  0.11444055E+001
  0.11443992E+001
  0.11443931E+001
  0.11443872E+001
  0.11443815E+001
  0.11443760E+001
  0.11443707E+001
  0.11443656E+001
  0.11443608E+001
  0.11443561E+001
  0.11443516E+001
  0.11443474E+001
  0.11443433E+001
  0.11443394E+001
  0.11443357E+001
  0.11443321E+001
  0.11443287E+001
  0.11443255E+001
  0.11443225E+001
  0.11443196E+001
  0.11443168E+001
  0.11443142E+001
  0.11443117E+001
  0.11443094E+001
  0.11443071E+001
  0.11443050E+001
  0.11443030E+001
  0.11443010E+001
  0.11442992E+001
  0.11442975E+001
  0.11442958E+001
  0.11442942E+001
  0.11442926E+001
  0.11442911E+001
  0.11442897E+001
  0.11442882E+001
  0.11442869E+001
  0.11442855E+001
  0.11442842E+001
  0.11442829E+001
  0.11442816E+001
  0.11442803E+001
  0.11442791E+001
  0.11442778E+001
  0.11442766E+001
  0.11442753E+001
  0.11442741E+001
  0.11442729E+001
  0.11442716E+001
  0.11442704E+001
  0.11442692E+001
  0.11442680E+001
  0.11442667E+001
  0.11442655E+001
  0.11442643E+001
  0.11442631E+001
  0.11442619E+001
  0.11442607E+001
  0.11442594E+001
  0.11442583E+001
  0.11442571E+001
  0.11442559E+001
  0.11442547E+001
  0.11442535E+001
  0.11442524E+001
  0.11442512E+001
  0.11442501E+001
  0.11442490E+001
  0.11442479E+001
  0.11442468E+001
  0.11442457E+001
  0.11442446E+001
  0.11442435E+001
  0.11442425E+001
  0.11442415E+001
  0.11442404E+001
  0.11442394E+001
  0.11442384E+001
  0.11442375E+001
  0.11442365E+001
  0.11442356E+001
  0.11442347E+001
  0.11442337E+001
  0.11442329E+001
  0.11442320E+001
  0.11442311E+001
  0.11442303E+001
  0.11442295E+001
  0.11442287E+001
  0.11442279E+001
  0.11442272E+001
  0.11442264E+001
  0.11442257E+001
  0.11442250E+001
  0.11442243E+001
  0.11442236E+001
  0.11442230E+001
  0.11442223E+001
  0.11442217E+001
  0.11442211E+001
  0.11442205E+001
  0.11442200E+001
  0.11442194E+001
  0.11442189E+001
  0.11442184E+001
  0.11442179E+001
  0.11442174E+001
  0.11442169E+001
  0.11442165E+001
  0.11442161E+001
  0.11442156E+001
  0.11442152E+001
  0.11442149E+001
  0.11442145E+001
  0.11442141E+001
  0.11442138E+001
  0.11442134E+001
  0.11442131E+001
  0.11442128E+001
  0.11442125E+001
  0.11442122E+001
  0.11442119E+001
  0.11442117E+001
  0.11442114E+001
  0.11442112E+001
  0.11442110E+001
  0.11442107E+001
  0.11442105E+001
  0.11442103E+001
  0.11442101E+001
  0.11442099E+001
  0.11442098E+001
  0.11442096E+001
  0.11442094E+001
  0.11442093E+001
  0.11442091E+001
  0.11442090E+001
  0.11442089E+001
  0.11442087E+001
  0.11442086E+001
  0.11442085E+001
  0.11442084E+001
  0.11442083E+001
  0.11442082E+001
  0.11442081E+001
