  0.52582536E+000
  0.52602827E+000
  0.52618017E+000
  0.52630301E+000
  0.52640460E+000
  0.52648892E+000
  0.52655922E+000
  0.52661782E+000
  0.52666651E+000
  0.52670687E+000
  0.52674043E+000
  0.52676829E+000
  0.52679089E+000
  0.52680914E+000
  0.52682378E+000
  0.52683538E+000
  0.52684442E+000
  0.52685131E+000
  0.52685638E+000
  0.52685991E+000
  0.52686214E+000
  0.52686326E+000
  0.52686346E+000
  0.52686287E+000
  0.52686162E+000
  0.52685981E+000
  0.52685755E+000
  0.52685490E+000
  0.52685195E+000
  0.52684873E+000
  0.52684531E+000
  0.52684173E+000
  0.52683801E+000
  0.52683420E+000
  0.52683032E+000
  0.52682640E+000
  0.52682245E+000
  0.52681850E+000
  0.52681456E+000
  0.52681063E+000
  0.52680674E+000
  0.52680288E+000
  0.52679907E+000
  0.52679532E+000
  0.52679162E+000
  0.52678798E+000
  0.52678441E+000
  0.52678091E+000
  0.52677748E+000
  0.52677413E+000
  0.52677086E+000
  0.52676767E+000
  0.52676456E+000
  0.52676154E+000
  0.52675861E+000
  0.52675577E+000
  0.52675301E+000
  0.52675035E+000
  0.52674778E+000
  0.52674530E+000
  0.52674291E+000
  0.52674062E+000
  0.52673841E+000
  0.52673630E+000
  0.52673427E+000
  0.52673233E+000
  0.52673047E+000
  0.52672870E+000
  0.52672700E+000
  0.52672539E+000
  0.52672385E+000
  0.52672238E+000
  0.52672098E+000
  0.52671965E+000
  0.52671838E+000
  0.52671718E+000
  0.52671603E+000
  0.52671494E+000
  0.52671390E+000
  0.52671291E+000
  0.52671197E+000
  0.52671106E+000
  0.52671020E+000
  0.52670938E+000
  0.52670858E+000
  0.52670782E+000
  0.52670709E+000
  0.52670637E+000
  0.52670568E+000
  0.52670501E+000
  0.52670435E+000
  0.52670370E+000
  0.52670307E+000
  0.52670244E+000
  0.52670182E+000
  0.52670120E+000
  0.52670059E+000
  0.52669997E+000
  0.52669936E+000
  0.52669875E+000
  0.52669813E+000
  0.52669752E+000
  0.52669691E+000
  0.52669629E+000
  0.52669567E+000
  0.52669505E+000
  0.52669443E+000
  0.52669381E+000
  0.52669319E+000
  0.52669257E+000
  0.52669195E+000
  0.52669133E+000
  0.52669071E+000
  0.52669009E+000
  0.52668948E+000
  0.52668887E+000
  0.52668826E+000
  0.52668766E+000
  0.52668706E+000
  0.52668646E+000
  0.52668587E+000
  0.52668529E+000
  0.52668471E+000
  0.52668414E+000
  0.52668357E+000
  0.52668301E+000
  0.52668246E+000
  0.52668192E+000
  0.52668138E+000
  0.52668086E+000
  0.52668034E+000
  0.52667983E+000
  0.52667933E+000
  0.52667884E+000
  0.52667835E+000
  0.52667788E+000
  0.52667741E+000
  0.52667696E+000
  0.52667652E+000
  0.52667608E+000
  0.52667566E+000
  0.52667524E+000
  0.52667483E+000
  0.52667444E+000
  0.52667405E+000
  0.52667368E+000
  0.52667331E+000
  0.52667296E+000
  0.52667261E+000
  0.52667227E+000
  0.52667195E+000
  0.52667163E+000
  0.52667132E+000
  0.52667102E+000
  0.52667074E+000
  0.52667046E+000
  0.52667018E+000
  0.52666992E+000
  0.52666967E+000
  0.52666942E+000
  0.52666919E+000
  0.52666896E+000
  0.52666874E+000
  0.52666853E+000
  0.52666832E+000
  0.52666813E+000
  0.52666794E+000
  0.52666775E+000
  0.52666758E+000
  0.52666741E+000
  0.52666725E+000
  0.52666709E+000
  0.52666694E+000
  0.52666680E+000
  0.52666666E+000
  0.52666653E+000
  0.52666641E+000
  0.52666629E+000
  0.52666617E+000
  0.52666606E+000
  0.52666596E+000
  0.52666586E+000
  0.52666576E+000
  0.52666567E+000
  0.52666558E+000
  0.52666550E+000
  0.52666542E+000
  0.52666534E+000
  0.52666527E+000
  0.52666520E+000
  0.52666514E+000
  0.52666508E+000
  0.52666502E+000
  0.52666496E+000
  0.52666491E+000
  0.52666486E+000
  0.52666481E+000
  0.52666476E+000
  0.52666472E+000
  0.52666469E+000
