 -0.11924246E+000  0.60394442E+000  0.54240883E+001  0.12159518E+003
 -0.11951660E+000  0.60284347E+000  0.54197994E+001  0.12151515E+003
 -0.11972452E+000  0.60194440E+000  0.54162254E+001  0.12144716E+003
 -0.11988102E+000  0.60121564E+000  0.54132554E+001  0.12138950E+003
 -0.11999762E+000  0.60062987E+000  0.54107965E+001  0.12134067E+003
 -0.12008338E+000  0.60016430E+000  0.54087719E+001  0.12129937E+003
 -0.12014478E+000  0.59979914E+000  0.54071153E+001  0.12126448E+003
 -0.12018683E+000  0.59951790E+000  0.54057710E+001  0.12123503E+003
 -0.12021339E+000  0.59930803E+000  0.54046902E+001  0.12121021E+003
 -0.12022754E+000  0.59915656E+000  0.54038333E+001  0.12118932E+003
 -0.12023169E+000  0.59905349E+000  0.54031659E+001  0.12117176E+003
 -0.12022737E+000  0.59899072E+000  0.54026588E+001  0.12115705E+003
 -0.12021569E+000  0.59896145E+000  0.54022871E+001  0.12114475E+003
 -0.12019858E+000  0.59896000E+000  0.54020300E+001  0.12113451E+003
 -0.12017740E+000  0.59898162E+000  0.54018698E+001  0.12112601E+003
 -0.12015321E+000  0.59902232E+000  0.54017919E+001  0.12111902E+003
 -0.12012679E+000  0.59907875E+000  0.54017837E+001  0.12111331E+003
 -0.12009874E+000  0.59914813E+000  0.54018347E+001  0.12110868E+003
 -0.12006955E+000  0.59922809E+000  0.54019361E+001  0.12110500E+003
 -0.12003961E+000  0.59931666E+000  0.54020803E+001  0.12110212E+003
 -0.12000921E+000  0.59941218E+000  0.54022609E+001  0.12109992E+003
 -0.11997862E+000  0.59951326E+000  0.54024726E+001  0.12109832E+003
 -0.11994804E+000  0.59961872E+000  0.54027108E+001  0.12109723E+003
 -0.11991763E+000  0.59972757E+000  0.54029715E+001  0.12109658E+003
 -0.11988753E+000  0.59983896E+000  0.54032515E+001  0.12109631E+003
 -0.11985785E+000  0.59995258E+000  0.54035474E+001  0.12109637E+003
 -0.11982869E+000  0.60006776E+000  0.54038570E+001  0.12109670E+003
 -0.11980008E+000  0.60018366E+000  0.54041784E+001  0.12109728E+003
 -0.11977207E+000  0.60029985E+000  0.54045097E+001  0.12109807E+003
 -0.11974472E+000  0.60041596E+000  0.54048494E+001  0.12109904E+003
 -0.11971806E+000  0.60053165E+000  0.54051960E+001  0.12110018E+003
 -0.11969214E+000  0.60064666E+000  0.54055482E+001  0.12110144E+003
 -0.11966685E+000  0.60076061E+000  0.54059049E+001  0.12110283E+003
 -0.11964234E+000  0.60087340E+000  0.54062652E+001  0.12110432E+003
 -0.11961862E+000  0.60098487E+000  0.54066279E+001  0.12110590E+003
 -0.11959572E+000  0.60109487E+000  0.54069924E+001  0.12110756E+003
 -0.11957363E+000  0.60120325E+000  0.54073577E+001  0.12110928E+003
 -0.11955234E+000  0.60130988E+000  0.54077231E+001  0.12111107E+003
 -0.11953184E+000  0.60141465E+000  0.54080880E+001  0.12111291E+003
 -0.11951214E+000  0.60151744E+000  0.54084516E+001  0.12111480E+003
 -0.11949320E+000  0.60161816E+000  0.54088133E+001  0.12111674E+003
 -0.11947501E+000  0.60171672E+000  0.54091726E+001  0.12111871E+003
 -0.11945757E+000  0.60181302E+000  0.54095288E+001  0.12112072E+003
 -0.11944084E+000  0.60190699E+000  0.54098815E+001  0.12112275E+003
 -0.11942474E+000  0.60199846E+000  0.54102301E+001  0.12112482E+003
 -0.11940922E+000  0.60208732E+000  0.54105741E+001  0.12112692E+003
 -0.11939438E+000  0.60217362E+000  0.54109131E+001  0.12112904E+003
 -0.11938021E+000  0.60225729E+000  0.54112466E+001  0.12113118E+003
 -0.11936668E+000  0.60233826E+000  0.54115743E+001  0.12113334E+003
 -0.11935380E+000  0.60241649E+000  0.54118958E+001  0.12113551E+003
 -0.11934155E+000  0.60249191E+000  0.54122107E+001  0.12113771E+003
 -0.11932991E+000  0.60256448E+000  0.54125186E+001  0.12113992E+003
 -0.11931887E+000  0.60263418E+000  0.54128194E+001  0.12114214E+003
 -0.11930843E+000  0.60270099E+000  0.54131128E+001  0.12114437E+003
 -0.11929857E+000  0.60276488E+000  0.54133985E+001  0.12114661E+003
 -0.11928927E+000  0.60282586E+000  0.54136763E+001  0.12114886E+003
 -0.11928052E+000  0.60288392E+000  0.54139460E+001  0.12115111E+003
 -0.11927227E+000  0.60293911E+000  0.54142077E+001  0.12115336E+003
 -0.11926453E+000  0.60299146E+000  0.54144611E+001  0.12115562E+003
 -0.11925729E+000  0.60304105E+000  0.54147063E+001  0.12115788E+003
 -0.11925054E+000  0.60308793E+000  0.54149432E+001  0.12116013E+003
 -0.11924426E+000  0.60313218E+000  0.54151719E+001  0.12116238E+003
 -0.11923845E+000  0.60317391E+000  0.54153925E+001  0.12116462E+003
 -0.11923308E+000  0.60321319E+000  0.54156051E+001  0.12116686E+003
 -0.11922814E+000  0.60325016E+000  0.54158099E+001  0.12116909E+003
 -0.11922362E+000  0.60328492E+000  0.54160071E+001  0.12117130E+003
 -0.11921950E+000  0.60331759E+000  0.54161969E+001  0.12117351E+003
 -0.11921575E+000  0.60334829E+000  0.54163798E+001  0.12117571E+003
 -0.11921237E+000  0.60337715E+000  0.54165558E+001  0.12117789E+003
 -0.11920934E+000  0.60340430E+000  0.54167255E+001  0.12118006E+003
 -0.11920664E+000  0.60342985E+000  0.54168892E+001  0.12118221E+003
 -0.11920425E+000  0.60345391E+000  0.54170472E+001  0.12118435E+003
 -0.11920217E+000  0.60347659E+000  0.54171999E+001  0.12118647E+003
 -0.11920038E+000  0.60349801E+000  0.54173478E+001  0.12118857E+003
 -0.11919886E+000  0.60351824E+000  0.54174912E+001  0.12119066E+003
 -0.11919760E+000  0.60353739E+000  0.54176305E+001  0.12119272E+003
 -0.11919658E+000  0.60355552E+000  0.54177662E+001  0.12119477E+003
 -0.11919580E+000  0.60357271E+000  0.54178986E+001  0.12119679E+003
 -0.11919523E+000  0.60358902E+000  0.54180282E+001  0.12119880E+003
 -0.11919487E+000  0.60360452E+000  0.54181551E+001  0.12120079E+003
 -0.11919469E+000  0.60361924E+000  0.54182798E+001  0.12120275E+003
 -0.11919470E+000  0.60363325E+000  0.54184026E+001  0.12120469E+003
 -0.11919486E+000  0.60364658E+000  0.54185237E+001  0.12120662E+003
 -0.11919516E+000  0.60365928E+000  0.54186434E+001  0.12120852E+003
 -0.11919560E+000  0.60367137E+000  0.54187620E+001  0.12121040E+003
 -0.11919615E+000  0.60368290E+000  0.54188795E+001  0.12121225E+003
 -0.11919679E+000  0.60369389E+000  0.54189963E+001  0.12121409E+003
 -0.11919753E+000  0.60370438E+000  0.54191123E+001  0.12121591E+003
 -0.11919833E+000  0.60371440E+000  0.54192278E+001  0.12121770E+003
 -0.11919919E+000  0.60372397E+000  0.54193427E+001  0.12121948E+003
 -0.11920008E+000  0.60373311E+000  0.54194571E+001  0.12122124E+003
 -0.11920101E+000  0.60374186E+000  0.54195711E+001  0.12122299E+003
 -0.11920196E+000  0.60375023E+000  0.54196845E+001  0.12122471E+003
 -0.11920292E+000  0.60375824E+000  0.54197975E+001  0.12122643E+003
 -0.11920387E+000  0.60376592E+000  0.54199098E+001  0.12122812E+003
 -0.11920481E+000  0.60377328E+000  0.54200215E+001  0.12122981E+003
 -0.11920574E+000  0.60378033E+000  0.54201325E+001  0.12123148E+003
 -0.11920664E+000  0.60378709E+000  0.54202426E+001  0.12123315E+003
 -0.11920751E+000  0.60379356E+000  0.54203516E+001  0.12123480E+003
 -0.11920835E+000  0.60379976E+000  0.54204596E+001  0.12123645E+003
 -0.11920916E+000  0.60380570E+000  0.54205663E+001  0.12123809E+003
 -0.11920992E+000  0.60381138E+000  0.54206716E+001  0.12123973E+003
 -0.11921065E+000  0.60381681E+000  0.54207754E+001  0.12124136E+003
 -0.11921134E+000  0.60382199E+000  0.54208775E+001  0.12124299E+003
 -0.11921199E+000  0.60382693E+000  0.54209778E+001  0.12124462E+003
 -0.11921259E+000  0.60383163E+000  0.54210762E+001  0.12124624E+003
 -0.11921316E+000  0.60383609E+000  0.54211724E+001  0.12124787E+003
 -0.11921369E+000  0.60384032E+000  0.54212665E+001  0.12124949E+003
 -0.11921418E+000  0.60384431E+000  0.54213583E+001  0.12125112E+003
 -0.11921463E+000  0.60384807E+000  0.54214477E+001  0.12125275E+003
 -0.11921505E+000  0.60385161E+000  0.54215347E+001  0.12125439E+003
 -0.11921544E+000  0.60385493E+000  0.54216191E+001  0.12125602E+003
 -0.11921579E+000  0.60385803E+000  0.54217009E+001  0.12125766E+003
 -0.11921612E+000  0.60386092E+000  0.54217800E+001  0.12125931E+003
 -0.11921641E+000  0.60386360E+000  0.54218565E+001  0.12126096E+003
 -0.11921668E+000  0.60386607E+000  0.54219302E+001  0.12126261E+003
 -0.11921693E+000  0.60386835E+000  0.54220012E+001  0.12126427E+003
 -0.11921715E+000  0.60387045E+000  0.54220695E+001  0.12126594E+003
 -0.11921735E+000  0.60387236E+000  0.54221350E+001  0.12126761E+003
 -0.11921753E+000  0.60387410E+000  0.54221978E+001  0.12126929E+003
 -0.11921770E+000  0.60387567E+000  0.54222579E+001  0.12127097E+003
 -0.11921784E+000  0.60387709E+000  0.54223153E+001  0.12127266E+003
 -0.11921797E+000  0.60387836E+000  0.54223702E+001  0.12127435E+003
 -0.11921808E+000  0.60387950E+000  0.54224224E+001  0.12127605E+003
 -0.11921818E+000  0.60388051E+000  0.54224721E+001  0.12127776E+003
 -0.11921827E+000  0.60388141E+000  0.54225193E+001  0.12127947E+003
 -0.11921834E+000  0.60388220E+000  0.54225641E+001  0.12128118E+003
 -0.11921841E+000  0.60388289E+000  0.54226065E+001  0.12128290E+003
 -0.11921846E+000  0.60388349E+000  0.54226467E+001  0.12128463E+003
 -0.11921850E+000  0.60388401E+000  0.54226846E+001  0.12128635E+003
 -0.11921854E+000  0.60388446E+000  0.54227204E+001  0.12128808E+003
 -0.11921857E+000  0.60388485E+000  0.54227542E+001  0.12128981E+003
 -0.11921859E+000  0.60388518E+000  0.54227859E+001  0.12129155E+003
 -0.11921860E+000  0.60388547E+000  0.54228158E+001  0.12129328E+003
 -0.11921861E+000  0.60388572E+000  0.54228438E+001  0.12129502E+003
 -0.11921861E+000  0.60388593E+000  0.54228700E+001  0.12129675E+003
 -0.11921860E+000  0.60388612E+000  0.54228946E+001  0.12129849E+003
 -0.11921860E+000  0.60388628E+000  0.54229176E+001  0.12130022E+003
 -0.11921859E+000  0.60388642E+000  0.54229391E+001  0.12130195E+003
 -0.11921857E+000  0.60388655E+000  0.54229591E+001  0.12130368E+003
 -0.11921855E+000  0.60388668E+000  0.54229778E+001  0.12130541E+003
 -0.11921853E+000  0.60388679E+000  0.54229952E+001  0.12130713E+003
 -0.11921851E+000  0.60388690E+000  0.54230113E+001  0.12130885E+003
 -0.11921848E+000  0.60388701E+000  0.54230264E+001  0.12131056E+003
 -0.11921845E+000  0.60388712E+000  0.54230403E+001  0.12131226E+003
 -0.11921842E+000  0.60388723E+000  0.54230533E+001  0.12131396E+003
 -0.11921839E+000  0.60388735E+000  0.54230653E+001  0.12131565E+003
 -0.11921836E+000  0.60388746E+000  0.54230764E+001  0.12131733E+003
 -0.11921833E+000  0.60388758E+000  0.54230867E+001  0.12131900E+003
 -0.11921830E+000  0.60388771E+000  0.54230962E+001  0.12132066E+003
 -0.11921827E+000  0.60388784E+000  0.54231050E+001  0.12132231E+003
 -0.11921823E+000  0.60388798E+000  0.54231132E+001  0.12132395E+003
 -0.11921820E+000  0.60388812E+000  0.54231207E+001  0.12132558E+003
 -0.11921817E+000  0.60388826E+000  0.54231277E+001  0.12132719E+003
 -0.11921814E+000  0.60388841E+000  0.54231341E+001  0.12132879E+003
 -0.11921811E+000  0.60388856E+000  0.54231401E+001  0.12133037E+003
 -0.11921808E+000  0.60388871E+000  0.54231456E+001  0.12133194E+003
 -0.11921805E+000  0.60388886E+000  0.54231507E+001  0.12133349E+003
 -0.11921803E+000  0.60388901E+000  0.54231554E+001  0.12133503E+003
 -0.11921800E+000  0.60388916E+000  0.54231598E+001  0.12133655E+003
 -0.11921797E+000  0.60388931E+000  0.54231638E+001  0.12133805E+003
 -0.11921795E+000  0.60388946E+000  0.54231676E+001  0.12133953E+003
 -0.11921793E+000  0.60388961E+000  0.54231710E+001  0.12134099E+003
 -0.11921791E+000  0.60388975E+000  0.54231742E+001  0.12134243E+003
 -0.11921789E+000  0.60388989E+000  0.54231772E+001  0.12134386E+003
 -0.11921787E+000  0.60389002E+000  0.54231800E+001  0.12134526E+003
 -0.11921785E+000  0.60389015E+000  0.54231826E+001  0.12134664E+003
 -0.11921784E+000  0.60389028E+000  0.54231850E+001  0.12134800E+003
 -0.11921783E+000  0.60389040E+000  0.54231872E+001  0.12134934E+003
 -0.11921781E+000  0.60389051E+000  0.54231892E+001  0.12135066E+003
 -0.11921780E+000  0.60389062E+000  0.54231911E+001  0.12135195E+003
 -0.11921779E+000  0.60389072E+000  0.54231929E+001  0.12135322E+003
 -0.11921778E+000  0.60389081E+000  0.54231946E+001  0.12135447E+003
 -0.11921778E+000  0.60389090E+000  0.54231961E+001  0.12135569E+003
 -0.11921777E+000  0.60389098E+000  0.54231975E+001  0.12135689E+003
 -0.11921776E+000  0.60389105E+000  0.54231988E+001  0.12135807E+003
 -0.11921776E+000  0.60389111E+000  0.54232000E+001  0.12135922E+003
 -0.11921776E+000  0.60389117E+000  0.54232012E+001  0.12136035E+003
 -0.11921775E+000  0.60389122E+000  0.54232022E+001  0.12136145E+003
 -0.11921775E+000  0.60389127E+000  0.54232032E+001  0.12136253E+003
 -0.11921775E+000  0.60389131E+000  0.54232040E+001  0.12136359E+003
 -0.11921775E+000  0.60389134E+000  0.54232049E+001  0.12136462E+003
 -0.11921775E+000  0.60389137E+000  0.54232056E+001  0.12136562E+003
 -0.11921775E+000  0.60389139E+000  0.54232063E+001  0.12136661E+003
 -0.11921776E+000  0.60389141E+000  0.54232069E+001  0.12136756E+003
 -0.11921776E+000  0.60389143E+000  0.54232075E+001  0.12136849E+003
 -0.11921776E+000  0.60389144E+000  0.54232080E+001  0.12136940E+003
 -0.11921776E+000  0.60389144E+000  0.54232084E+001  0.12137029E+003
 -0.11921777E+000  0.60389144E+000  0.54232089E+001  0.12137115E+003
 -0.11921777E+000  0.60389144E+000  0.54232092E+001  0.12137198E+003
 -0.11921777E+000  0.60389144E+000  0.54232096E+001  0.12137280E+003
 -0.11921777E+000  0.60389144E+000  0.54232099E+001  0.12137359E+003
 -0.11921778E+000  0.60389143E+000  0.54232102E+001  0.12137435E+003
 -0.11921778E+000  0.60389142E+000  0.54232104E+001  0.12137510E+003
 -0.11921778E+000  0.60389141E+000  0.54232106E+001  0.12137582E+003
 -0.11921779E+000  0.60389140E+000  0.54232108E+001  0.12137652E+003
 -0.11921779E+000  0.60389139E+000  0.54232109E+001  0.12137719E+003
 -0.11921780E+000  0.60389137E+000  0.54232111E+001  0.12137785E+003
 -0.11921781E+000  0.60389133E+000  0.54232111E+001  0.12137848E+003
 -0.11921783E+000  0.60389128E+000  0.54232111E+001  0.12137909E+003
