  0.61515569E+000  0.10048193E+001  0.12183418E+001  0.40091349E+001
  0.61622837E+000  0.10055099E+001  0.12212334E+001  0.40425366E+001
  0.61712734E+000  0.10060587E+001  0.12236177E+001  0.40712200E+001
  0.61788549E+000  0.10065190E+001  0.12256305E+001  0.40957610E+001
  0.61852669E+000  0.10069040E+001  0.12273403E+001  0.41167155E+001
  0.61906898E+000  0.10072262E+001  0.12287858E+001  0.41345915E+001
  0.61952597E+000  0.10074986E+001  0.12300117E+001  0.41498239E+001
  0.61990995E+000  0.10077304E+001  0.12310530E+001  0.41627940E+001
  0.62023175E+000  0.10079290E+001  0.12319355E+001  0.41738351E+001
  0.62049846E+000  0.10081020E+001  0.12326841E+001  0.41832310E+001
  0.62072382E+000  0.10082493E+001  0.12333191E+001  0.41912276E+001
  0.62091441E+000  0.10083756E+001  0.12338566E+001  0.41980295E+001
  0.62107552E+000  0.10084808E+001  0.12343115E+001  0.42038174E+001
  0.62121161E+000  0.10085685E+001  0.12346960E+001  0.42087398E+001
  0.62132624E+000  0.10086419E+001  0.12350215E+001  0.42129249E+001
  0.62142279E+000  0.10087032E+001  0.12352966E+001  0.42164799E+001
  0.62150398E+000  0.10087539E+001  0.12355289E+001  0.42194980E+001
  0.62157205E+000  0.10087959E+001  0.12357247E+001  0.42220569E+001
  0.62162894E+000  0.10088306E+001  0.12358893E+001  0.42242244E+001
  0.62167628E+000  0.10088590E+001  0.12360264E+001  0.42260573E+001
  0.62171544E+000  0.10088821E+001  0.12361404E+001  0.42276045E+001
  0.62174772E+000  0.10089006E+001  0.12362352E+001  0.42289068E+001
  0.62177411E+000  0.10089153E+001  0.12363136E+001  0.42299995E+001
  0.62179550E+000  0.10089266E+001  0.12363775E+001  0.42309140E+001
  0.62181262E+000  0.10089351E+001  0.12364290E+001  0.42316765E+001
  0.62182611E+000  0.10089412E+001  0.12364705E+001  0.42323090E+001
  0.62183653E+000  0.10089452E+001  0.12365035E+001  0.42328311E+001
  0.62184434E+000  0.10089477E+001  0.12365295E+001  0.42332595E+001
  0.62184996E+000  0.10089486E+001  0.12365494E+001  0.42336086E+001
  0.62185375E+000  0.10089484E+001  0.12365643E+001  0.42338910E+001
  0.62185599E+000  0.10089473E+001  0.12365750E+001  0.42341176E+001
  0.62185697E+000  0.10089452E+001  0.12365823E+001  0.42342975E+001
  0.62185690E+000  0.10089426E+001  0.12365866E+001  0.42344388E+001
  0.62185598E+000  0.10089394E+001  0.12365887E+001  0.42345483E+001
  0.62185437E+000  0.10089357E+001  0.12365889E+001  0.42346319E+001
  0.62185223E+000  0.10089318E+001  0.12365875E+001  0.42346946E+001
  0.62184965E+000  0.10089276E+001  0.12365850E+001  0.42347405E+001
  0.62184676E+000  0.10089233E+001  0.12365816E+001  0.42347731E+001
  0.62184363E+000  0.10089188E+001  0.12365776E+001  0.42347955E+001
  0.62184034E+000  0.10089143E+001  0.12365730E+001  0.42348100E+001
  0.62183695E+000  0.10089098E+001  0.12365681E+001  0.42348186E+001
  0.62183350E+000  0.10089053E+001  0.12365630E+001  0.42348229E+001
  0.62183003E+000  0.10089008E+001  0.12365578E+001  0.42348242E+001
  0.62182658E+000  0.10088963E+001  0.12365526E+001  0.42348236E+001
  0.62182318E+000  0.10088920E+001  0.12365473E+001  0.42348219E+001
  0.62181984E+000  0.10088877E+001  0.12363689E+001  0.42334002E+001
  0.62181659E+000  0.10088835E+001  0.12363712E+001  0.42334579E+001
  0.62181344E+000  0.10088794E+001  0.12363729E+001  0.42335106E+001
  0.62181039E+000  0.10088755E+001  0.12363742E+001  0.42335585E+001
  0.62180746E+000  0.10088716E+001  0.12363751E+001  0.42336021E+001
  0.62180466E+000  0.10088679E+001  0.12363755E+001  0.42336417E+001
  0.62180199E+000  0.10088644E+001  0.12363756E+001  0.42336775E+001
  0.62179945E+000  0.10088609E+001  0.12363753E+001  0.42337099E+001
  0.62179705E+000  0.10088577E+001  0.12363747E+001  0.42337390E+001
  0.62179479E+000  0.10088545E+001  0.12363738E+001  0.42337652E+001
  0.62179267E+000  0.10088515E+001  0.12363727E+001  0.42337886E+001
  0.62179070E+000  0.10088487E+001  0.12363714E+001  0.42338095E+001
  0.62178887E+000  0.10088461E+001  0.12363699E+001  0.42338281E+001
  0.62178718E+000  0.10088436E+001  0.12363682E+001  0.42338446E+001
  0.62178563E+000  0.10088412E+001  0.12364882E+001  0.42348572E+001
  0.62178422E+000  0.10088390E+001  0.12364859E+001  0.42348670E+001
  0.62178295E+000  0.10088370E+001  0.12364839E+001  0.42348775E+001
  0.62178180E+000  0.10088351E+001  0.12364820E+001  0.42348889E+001
  0.62178079E+000  0.10088334E+001  0.12364803E+001  0.42349010E+001
  0.62177990E+000  0.10088319E+001  0.12364789E+001  0.42349139E+001
  0.62177913E+000  0.10088305E+001  0.12364777E+001  0.42349275E+001
  0.62177848E+000  0.10088292E+001  0.12364766E+001  0.42349418E+001
  0.62177794E+000  0.10088281E+001  0.12364758E+001  0.42349566E+001
  0.62177750E+000  0.10088271E+001  0.12364752E+001  0.42349720E+001
  0.62177715E+000  0.10088263E+001  0.12364747E+001  0.42349878E+001
  0.62177690E+000  0.10088255E+001  0.12364745E+001  0.42350041E+001
  0.62177674E+000  0.10088249E+001  0.12364744E+001  0.42350208E+001
  0.62177666E+000  0.10088244E+001  0.12364745E+001  0.42350378E+001
  0.62177665E+000  0.10088240E+001  0.12364748E+001  0.42350550E+001
  0.62177672E+000  0.10088237E+001  0.12364752E+001  0.42350724E+001
  0.62177684E+000  0.10088235E+001  0.12364759E+001  0.42350899E+001
  0.62177703E+000  0.10088234E+001  0.12364766E+001  0.42351076E+001
  0.62177727E+000  0.10088233E+001  0.12364775E+001  0.42351253E+001
  0.62177757E+000  0.10088233E+001  0.12364786E+001  0.42351430E+001
  0.62177791E+000  0.10088234E+001  0.12364798E+001  0.42351608E+001
  0.62177829E+000  0.10088235E+001  0.12364812E+001  0.42351785E+001
  0.62177871E+000  0.10088237E+001  0.12364827E+001  0.42351962E+001
  0.62177917E+000  0.10088240E+001  0.12364843E+001  0.42352138E+001
  0.62177967E+000  0.10088242E+001  0.12364860E+001  0.42352315E+001
  0.62178019E+000  0.10088246E+001  0.12364879E+001  0.42352492E+001
  0.62178075E+000  0.10088249E+001  0.12364899E+001  0.42352668E+001
  0.62178133E+000  0.10088253E+001  0.12364919E+001  0.42352845E+001
  0.62178194E+000  0.10088257E+001  0.12364941E+001  0.42353023E+001
  0.62178258E+000  0.10088261E+001  0.12364965E+001  0.42353201E+001
  0.62178323E+000  0.10088266E+001  0.12364989E+001  0.42353381E+001
  0.62178391E+000  0.10088271E+001  0.12365014E+001  0.42353561E+001
  0.62178460E+000  0.10088276E+001  0.12365039E+001  0.42353743E+001
  0.62178531E+000  0.10088281E+001  0.12365066E+001  0.42353927E+001
  0.62178603E+000  0.10088286E+001  0.12365094E+001  0.42354113E+001
  0.62178677E+000  0.10088292E+001  0.12365122E+001  0.42354300E+001
  0.62178752E+000  0.10088297E+001  0.12365151E+001  0.42354490E+001
  0.62178827E+000  0.10088303E+001  0.12365180E+001  0.42354682E+001
  0.62178904E+000  0.10088308E+001  0.12365210E+001  0.42354877E+001
  0.62178981E+000  0.10088314E+001  0.12365240E+001  0.42355074E+001
  0.62179059E+000  0.10088319E+001  0.12365271E+001  0.42355274E+001
  0.62179138E+000  0.10088325E+001  0.12365302E+001  0.42355476E+001
  0.62179216E+000  0.10088330E+001  0.12365334E+001  0.42355681E+001
  0.62179295E+000  0.10088336E+001  0.12365365E+001  0.42355890E+001
  0.62179374E+000  0.10088341E+001  0.12365397E+001  0.42356101E+001
  0.62179452E+000  0.10088347E+001  0.12365429E+001  0.42356315E+001
  0.62179531E+000  0.10088352E+001  0.12365461E+001  0.42356532E+001
  0.62179609E+000  0.10088357E+001  0.12365493E+001  0.42356752E+001
  0.62179687E+000  0.10088363E+001  0.12365525E+001  0.42356975E+001
  0.62179765E+000  0.10088368E+001  0.12365557E+001  0.42357201E+001
  0.62179842E+000  0.10088373E+001  0.12365589E+001  0.42357431E+001
  0.62179918E+000  0.10088378E+001  0.12365621E+001  0.42357663E+001
  0.62179994E+000  0.10088383E+001  0.12365652E+001  0.42357899E+001
  0.62180068E+000  0.10088387E+001  0.12365683E+001  0.42358138E+001
  0.62180142E+000  0.10088392E+001  0.12365714E+001  0.42358380E+001
  0.62180215E+000  0.10088396E+001  0.12365745E+001  0.42358625E+001
  0.62180287E+000  0.10088401E+001  0.12365775E+001  0.42358873E+001
  0.62180358E+000  0.10088405E+001  0.12365805E+001  0.42359125E+001
  0.62180428E+000  0.10088409E+001  0.12365834E+001  0.42359379E+001
  0.62180497E+000  0.10088413E+001  0.12365863E+001  0.42359637E+001
  0.62180564E+000  0.10088417E+001  0.12365891E+001  0.42359897E+001
  0.62180630E+000  0.10088421E+001  0.12365919E+001  0.42360161E+001
  0.62180695E+000  0.10088425E+001  0.12365946E+001  0.42360427E+001
  0.62180758E+000  0.10088429E+001  0.12365973E+001  0.42360696E+001
  0.62180820E+000  0.10088432E+001  0.12365999E+001  0.42360968E+001
  0.62180881E+000  0.10088436E+001  0.12366025E+001  0.42361243E+001
  0.62180940E+000  0.10088439E+001  0.12366050E+001  0.42361520E+001
  0.62180997E+000  0.10088442E+001  0.12366074E+001  0.42361800E+001
  0.62181053E+000  0.10088445E+001  0.12366098E+001  0.42362082E+001
  0.62181107E+000  0.10088448E+001  0.12366121E+001  0.42362366E+001
  0.62181160E+000  0.10088451E+001  0.12366143E+001  0.42362653E+001
  0.62181211E+000  0.10088454E+001  0.12366165E+001  0.42362941E+001
  0.62181260E+000  0.10088457E+001  0.12366186E+001  0.42363232E+001
  0.62181308E+000  0.10088460E+001  0.12366207E+001  0.42363524E+001
  0.62181354E+000  0.10088462E+001  0.12366227E+001  0.42363818E+001
  0.62181399E+000  0.10088465E+001  0.12366246E+001  0.42364114E+001
  0.62181442E+000  0.10088467E+001  0.12366265E+001  0.42364411E+001
  0.62181483E+000  0.10088469E+001  0.12366282E+001  0.42364709E+001
  0.62181523E+000  0.10088471E+001  0.12366300E+001  0.42365009E+001
  0.62181561E+000  0.10088473E+001  0.12366316E+001  0.42365309E+001
  0.62181597E+000  0.10088475E+001  0.12366333E+001  0.42365611E+001
  0.62181632E+000  0.10088477E+001  0.12366348E+001  0.42365913E+001
  0.62181666E+000  0.10088479E+001  0.12366363E+001  0.42366215E+001
  0.62181698E+000  0.10088481E+001  0.12366377E+001  0.42366518E+001
  0.62181729E+000  0.10088483E+001  0.12366391E+001  0.42366821E+001
  0.62181758E+000  0.10088484E+001  0.12366404E+001  0.42367124E+001
  0.62181786E+000  0.10088486E+001  0.12366416E+001  0.42367426E+001
  0.62181812E+000  0.10088487E+001  0.12366428E+001  0.42367729E+001
  0.62181837E+000  0.10088489E+001  0.12366440E+001  0.42368031E+001
  0.62181861E+000  0.10088490E+001  0.12366451E+001  0.42368332E+001
  0.62181884E+000  0.10088491E+001  0.12366461E+001  0.42368632E+001
  0.62181905E+000  0.10088492E+001  0.12366471E+001  0.42368931E+001
  0.62181925E+000  0.10088494E+001  0.12366481E+001  0.42369229E+001
  0.62181945E+000  0.10088495E+001  0.12366490E+001  0.42369526E+001
  0.62181963E+000  0.10088496E+001  0.12366498E+001  0.42369821E+001
  0.62181980E+000  0.10088497E+001  0.12366507E+001  0.42370114E+001
  0.62181996E+000  0.10088498E+001  0.12366514E+001  0.42370406E+001
  0.62182011E+000  0.10088499E+001  0.12366522E+001  0.42370695E+001
  0.62182026E+000  0.10088499E+001  0.12366529E+001  0.42370982E+001
  0.62182039E+000  0.10088500E+001  0.12366535E+001  0.42371267E+001
  0.62182052E+000  0.10088501E+001  0.12366542E+001  0.42371549E+001
  0.62182064E+000  0.10088502E+001  0.12366548E+001  0.42371829E+001
  0.62182075E+000  0.10088502E+001  0.12366553E+001  0.42372106E+001
  0.62182085E+000  0.10088503E+001  0.12366558E+001  0.42372380E+001
  0.62182095E+000  0.10088504E+001  0.12366563E+001  0.42372651E+001
  0.62182104E+000  0.10088504E+001  0.12366568E+001  0.42372918E+001
  0.62182113E+000  0.10088505E+001  0.12366573E+001  0.42373183E+001
  0.62182120E+000  0.10088505E+001  0.12366577E+001  0.42373443E+001
  0.62182128E+000  0.10088506E+001  0.12366581E+001  0.42373701E+001
  0.62182135E+000  0.10088506E+001  0.12366584E+001  0.42373954E+001
  0.62182141E+000  0.10088507E+001  0.12366588E+001  0.42374204E+001
  0.62182147E+000  0.10088507E+001  0.12366591E+001  0.42374450E+001
  0.62182153E+000  0.10088507E+001  0.12366594E+001  0.42374693E+001
  0.62182158E+000  0.10088508E+001  0.12366597E+001  0.42374931E+001
  0.62182163E+000  0.10088508E+001  0.12366600E+001  0.42375165E+001
  0.62182167E+000  0.10088508E+001  0.12366602E+001  0.42375394E+001
  0.62182171E+000  0.10088509E+001  0.12366605E+001  0.42375620E+001
  0.62182175E+000  0.10088509E+001  0.12366607E+001  0.42375841E+001
  0.62182179E+000  0.10088509E+001  0.12366609E+001  0.42376058E+001
  0.62182182E+000  0.10088509E+001  0.12366611E+001  0.42376271E+001
  0.62182185E+000  0.10088510E+001  0.12366613E+001  0.42376479E+001
  0.62182188E+000  0.10088510E+001  0.12366614E+001  0.42376682E+001
  0.62182190E+000  0.10088510E+001  0.12366616E+001  0.42376882E+001
  0.62182193E+000  0.10088510E+001  0.12366617E+001  0.42377076E+001
  0.62182195E+000  0.10088510E+001  0.12366619E+001  0.42377267E+001
  0.62182197E+000  0.10088510E+001  0.12366620E+001  0.42377452E+001
  0.62182199E+000  0.10088511E+001  0.12366621E+001  0.42377633E+001
  0.62182201E+000  0.10088511E+001  0.12366622E+001  0.42377810E+001
  0.62182202E+000  0.10088511E+001  0.12366623E+001  0.42377982E+001
  0.62182204E+000  0.10088511E+001  0.12366624E+001  0.42378150E+001
  0.62182205E+000  0.10088511E+001  0.12366625E+001  0.42378313E+001
  0.62182206E+000  0.10088511E+001  0.12366626E+001  0.42378472E+001
  0.62182207E+000  0.10088511E+001  0.12366626E+001  0.42378626E+001
  0.62182208E+000  0.10088511E+001  0.12366627E+001  0.42378776E+001
  0.62182209E+000  0.10088511E+001  0.12366628E+001  0.42378921E+001
  0.62182210E+000  0.10088511E+001  0.12366628E+001  0.42379063E+001
  0.62182211E+000  0.10088511E+001  0.12366629E+001  0.42379200E+001
  0.62182211E+000  0.10088511E+001  0.12366629E+001  0.42379333E+001
  0.62182212E+000  0.10088511E+001  0.12366630E+001  0.42379461E+001
  0.62182212E+000  0.10088511E+001  0.12366630E+001  0.42379584E+001
  0.62182213E+000  0.10088512E+001  0.12366630E+001  0.42379701E+001
