  0.17118628E+001
  0.17213770E+001
  0.17295058E+001
  0.17364489E+001
  0.17423715E+001
  0.17474180E+001
  0.17517149E+001
  0.17553717E+001
  0.17584827E+001
  0.17611287E+001
  0.17633798E+001
  0.17652939E+001
  0.17669212E+001
  0.17683039E+001
  0.17694785E+001
  0.17704755E+001
  0.17713211E+001
  0.17720373E+001
  0.17726432E+001
  0.17731546E+001
  0.17735855E+001
  0.17739475E+001
  0.17742505E+001
  0.17745033E+001
  0.17747132E+001
  0.17748866E+001
  0.17750290E+001
  0.17751451E+001
  0.17752390E+001
  0.17753142E+001
  0.17753738E+001
  0.17754204E+001
  0.17754561E+001
  0.17754830E+001
  0.17755026E+001
  0.17755164E+001
  0.17755256E+001
  0.17755311E+001
  0.17755338E+001
  0.17755343E+001
  0.17755332E+001
  0.17755310E+001
  0.17755281E+001
  0.17755246E+001
  0.17755210E+001
  0.17755172E+001
  0.17755135E+001
  0.17755099E+001
  0.17755066E+001
  0.17755036E+001
  0.17755009E+001
  0.17754985E+001
  0.17754965E+001
  0.17754949E+001
  0.17754936E+001
  0.17754927E+001
  0.17754922E+001
  0.17754921E+001
  0.17754924E+001
  0.17754930E+001
  0.17754939E+001
  0.17754952E+001
  0.17754968E+001
  0.17754988E+001
  0.17755010E+001
  0.17755036E+001
  0.17755064E+001
  0.17755095E+001
  0.17755128E+001
  0.17755164E+001
  0.17755201E+001
  0.17755241E+001
  0.17755282E+001
  0.17755325E+001
  0.17755369E+001
  0.17755414E+001
  0.17755460E+001
  0.17755507E+001
  0.17755555E+001
  0.17755603E+001
  0.17755652E+001
  0.17755702E+001
  0.17755752E+001
  0.17755802E+001
  0.17755853E+001
  0.17755905E+001
  0.17755956E+001
  0.17756009E+001
  0.17756062E+001
  0.17756116E+001
  0.17756170E+001
  0.17756225E+001
  0.17756280E+001
  0.17756337E+001
  0.17756394E+001
  0.17756452E+001
  0.17756511E+001
  0.17756570E+001
  0.17756630E+001
  0.17756691E+001
  0.17756753E+001
  0.17756815E+001
  0.17756879E+001
  0.17756943E+001
  0.17757008E+001
  0.17757073E+001
  0.17757140E+001
  0.17757207E+001
  0.17757274E+001
  0.17757343E+001
  0.17757412E+001
  0.17757482E+001
  0.17757553E+001
  0.17757624E+001
  0.17757696E+001
  0.17757768E+001
  0.17757841E+001
  0.17757915E+001
  0.17757989E+001
  0.17758064E+001
  0.17758140E+001
  0.17758216E+001
  0.17758292E+001
  0.17758369E+001
  0.17758446E+001
  0.17758524E+001
  0.17758603E+001
  0.17758681E+001
  0.17758760E+001
  0.17758840E+001
  0.17758919E+001
  0.17758999E+001
  0.17759079E+001
  0.17759159E+001
  0.17759240E+001
  0.17759320E+001
  0.17759401E+001
  0.17759482E+001
  0.17759563E+001
  0.17759643E+001
  0.17759724E+001
  0.17759805E+001
  0.17759885E+001
  0.17759965E+001
  0.17760046E+001
  0.17760125E+001
  0.17760205E+001
  0.17760284E+001
  0.17760363E+001
  0.17760442E+001
  0.17760520E+001
  0.17760598E+001
  0.17760675E+001
  0.17760752E+001
  0.17760828E+001
  0.17760903E+001
  0.17760978E+001
  0.17761052E+001
  0.17761125E+001
  0.17761198E+001
  0.17761270E+001
  0.17761341E+001
  0.17761411E+001
  0.17761481E+001
  0.17761549E+001
  0.17761617E+001
  0.17761683E+001
  0.17761749E+001
  0.17761813E+001
  0.17761877E+001
  0.17761940E+001
  0.17762001E+001
  0.17762062E+001
  0.17762121E+001
  0.17762179E+001
  0.17762236E+001
  0.17762292E+001
  0.17762347E+001
  0.17762401E+001
  0.17762454E+001
  0.17762505E+001
  0.17762555E+001
  0.17762604E+001
  0.17762652E+001
  0.17762699E+001
  0.17762745E+001
  0.17762789E+001
  0.17762833E+001
  0.17762875E+001
  0.17762916E+001
  0.17762956E+001
  0.17762995E+001
  0.17763032E+001
  0.17763069E+001
  0.17763105E+001
  0.17763139E+001
  0.17763172E+001
  0.17763205E+001
  0.17763235E+001
  0.17763265E+001
