  0.63544383E+000
  0.63567987E+000
  0.63586000E+000
  0.63600637E+000
  0.63612776E+000
  0.63622871E+000
  0.63631300E+000
  0.63638329E+000
  0.63644164E+000
  0.63648993E+000
  0.63653005E+000
  0.63656323E+000
  0.63659013E+000
  0.63661186E+000
  0.63662927E+000
  0.63664303E+000
  0.63665373E+000
  0.63666184E+000
  0.63666777E+000
  0.63667184E+000
  0.63667435E+000
  0.63667553E+000
  0.63667558E+000
  0.63667469E+000
  0.63667300E+000
  0.63667064E+000
  0.63666772E+000
  0.63666435E+000
  0.63666059E+000
  0.63665651E+000
  0.63665218E+000
  0.63664765E+000
  0.63664296E+000
  0.63663815E+000
  0.63663325E+000
  0.63662830E+000
  0.63662332E+000
  0.63661833E+000
  0.63661334E+000
  0.63660838E+000
  0.63660345E+000
  0.63659857E+000
  0.63659375E+000
  0.63658899E+000
  0.63658429E+000
  0.63657968E+000
  0.63657515E+000
  0.63657070E+000
  0.63656634E+000
  0.63656208E+000
  0.63655792E+000
  0.63655386E+000
  0.63654990E+000
  0.63654605E+000
  0.63654231E+000
  0.63653868E+000
  0.63653517E+000
  0.63653177E+000
  0.63652848E+000
  0.63652532E+000
  0.63652226E+000
  0.63651933E+000
  0.63651650E+000
  0.63651380E+000
  0.63651120E+000
  0.63650871E+000
  0.63650634E+000
  0.63650406E+000
  0.63650190E+000
  0.63649983E+000
  0.63649786E+000
  0.63649598E+000
  0.63649420E+000
  0.63649250E+000
  0.63649089E+000
  0.63648936E+000
  0.63648790E+000
  0.63648652E+000
  0.63648521E+000
  0.63648396E+000
  0.63648277E+000
  0.63648165E+000
  0.63648058E+000
  0.63647955E+000
  0.63647858E+000
  0.63647764E+000
  0.63647674E+000
  0.63647588E+000
  0.63647505E+000
  0.63647424E+000
  0.63647345E+000
  0.63647269E+000
  0.63647194E+000
  0.63647121E+000
  0.63647048E+000
  0.63646977E+000
  0.63646906E+000
  0.63646836E+000
  0.63646767E+000
  0.63646697E+000
  0.63646628E+000
  0.63646559E+000
  0.63646491E+000
  0.63646422E+000
  0.63646354E+000
  0.63646285E+000
  0.63646217E+000
  0.63646149E+000
  0.63646081E+000
  0.63646013E+000
  0.63645945E+000
  0.63645878E+000
  0.63645811E+000
  0.63645744E+000
  0.63645677E+000
  0.63645611E+000
  0.63645545E+000
  0.63645480E+000
  0.63645415E+000
  0.63645351E+000
  0.63645287E+000
  0.63645224E+000
  0.63645161E+000
  0.63645099E+000
  0.63645038E+000
  0.63644977E+000
  0.63644918E+000
  0.63644859E+000
  0.63644800E+000
  0.63644743E+000
  0.63644686E+000
  0.63644630E+000
  0.63644575E+000
  0.63644521E+000
  0.63644468E+000
  0.63644416E+000
  0.63644365E+000
  0.63644314E+000
  0.63644265E+000
  0.63644217E+000
  0.63644169E+000
  0.63644123E+000
  0.63644077E+000
  0.63644033E+000
  0.63643990E+000
  0.63643947E+000
  0.63643906E+000
  0.63643866E+000
  0.63643827E+000
  0.63643788E+000
  0.63643751E+000
  0.63643715E+000
  0.63643680E+000
  0.63643645E+000
  0.63643612E+000
  0.63643580E+000
  0.63643548E+000
  0.63643518E+000
  0.63643489E+000
  0.63643460E+000
  0.63643432E+000
  0.63643406E+000
  0.63643380E+000
  0.63643355E+000
  0.63643331E+000
  0.63643308E+000
  0.63643285E+000
  0.63643263E+000
  0.63643243E+000
  0.63643223E+000
  0.63643203E+000
  0.63643185E+000
  0.63643167E+000
  0.63643149E+000
  0.63643133E+000
  0.63643117E+000
  0.63643102E+000
  0.63643087E+000
  0.63643073E+000
  0.63643060E+000
  0.63643047E+000
  0.63643034E+000
  0.63643023E+000
  0.63643011E+000
  0.63643001E+000
  0.63642990E+000
  0.63642980E+000
  0.63642971E+000
  0.63642962E+000
  0.63642954E+000
  0.63642946E+000
  0.63642938E+000
  0.63642930E+000
  0.63642923E+000
  0.63642917E+000
  0.63642910E+000
  0.63642904E+000
  0.63642898E+000
  0.63642893E+000
  0.63642889E+000
