  0.90405381E+000
  0.90435086E+000
  0.90457755E+000
  0.90476176E+000
  0.90491453E+000
  0.90504157E+000
  0.90514765E+000
  0.90523611E+000
  0.90530955E+000
  0.90537032E+000
  0.90542082E+000
  0.90546257E+000
  0.90549642E+000
  0.90552377E+000
  0.90554568E+000
  0.90556299E+000
  0.90557646E+000
  0.90558667E+000
  0.90559413E+000
  0.90559926E+000
  0.90560241E+000
  0.90560389E+000
  0.90560397E+000
  0.90560285E+000
  0.90560072E+000
  0.90559775E+000
  0.90559408E+000
  0.90558982E+000
  0.90558509E+000
  0.90557996E+000
  0.90557451E+000
  0.90556881E+000
  0.90556291E+000
  0.90555685E+000
  0.90555069E+000
  0.90554446E+000
  0.90553819E+000
  0.90553191E+000
  0.90552564E+000
  0.90551939E+000
  0.90551319E+000
  0.90550705E+000
  0.90550098E+000
  0.90549498E+000
  0.90548908E+000
  0.90548327E+000
  0.90547757E+000
  0.90547197E+000
  0.90546649E+000
  0.90546112E+000
  0.90545589E+000
  0.90545077E+000
  0.90544579E+000
  0.90544095E+000
  0.90543624E+000
  0.90543168E+000
  0.90542725E+000
  0.90542297E+000
  0.90541884E+000
  0.90541485E+000
  0.90541101E+000
  0.90540732E+000
  0.90540376E+000
  0.90540036E+000
  0.90539709E+000
  0.90539396E+000
  0.90539097E+000
  0.90538811E+000
  0.90538538E+000
  0.90538278E+000
  0.90538030E+000
  0.90537794E+000
  0.90537569E+000
  0.90537356E+000
  0.90537153E+000
  0.90536960E+000
  0.90536777E+000
  0.90536603E+000
  0.90536438E+000
  0.90536281E+000
  0.90536132E+000
  0.90535990E+000
  0.90535855E+000
  0.90535726E+000
  0.90535603E+000
  0.90535485E+000
  0.90535372E+000
  0.90535264E+000
  0.90535159E+000
  0.90535057E+000
  0.90534958E+000
  0.90534862E+000
  0.90534768E+000
  0.90534676E+000
  0.90534585E+000
  0.90534495E+000
  0.90534406E+000
  0.90534318E+000
  0.90534230E+000
  0.90534143E+000
  0.90534056E+000
  0.90533969E+000
  0.90533883E+000
  0.90533797E+000
  0.90533711E+000
  0.90533624E+000
  0.90533539E+000
  0.90533453E+000
  0.90533367E+000
  0.90533282E+000
  0.90533197E+000
  0.90533112E+000
  0.90533027E+000
  0.90532943E+000
  0.90532859E+000
  0.90532776E+000
  0.90532693E+000
  0.90532611E+000
  0.90532529E+000
  0.90532448E+000
  0.90532368E+000
  0.90532289E+000
  0.90532210E+000
  0.90532132E+000
  0.90532055E+000
  0.90531979E+000
  0.90531903E+000
  0.90531829E+000
  0.90531755E+000
  0.90531683E+000
  0.90531612E+000
  0.90531542E+000
  0.90531472E+000
  0.90531404E+000
  0.90531338E+000
  0.90531272E+000
  0.90531207E+000
  0.90531144E+000
  0.90531082E+000
  0.90531021E+000
  0.90530961E+000
  0.90530903E+000
  0.90530846E+000
  0.90530790E+000
  0.90530736E+000
  0.90530682E+000
  0.90530630E+000
  0.90530580E+000
  0.90530530E+000
  0.90530482E+000
  0.90530435E+000
  0.90530389E+000
  0.90530345E+000
  0.90530302E+000
  0.90530260E+000
  0.90530220E+000
  0.90530180E+000
  0.90530142E+000
  0.90530105E+000
  0.90530069E+000
  0.90530034E+000
  0.90530001E+000
  0.90529968E+000
  0.90529937E+000
  0.90529906E+000
  0.90529877E+000
  0.90529849E+000
  0.90529821E+000
  0.90529795E+000
  0.90529770E+000
  0.90529746E+000
  0.90529722E+000
  0.90529700E+000
  0.90529678E+000
  0.90529657E+000
  0.90529637E+000
  0.90529618E+000
  0.90529599E+000
  0.90529582E+000
  0.90529565E+000
  0.90529549E+000
  0.90529533E+000
  0.90529518E+000
  0.90529504E+000
  0.90529491E+000
  0.90529478E+000
  0.90529465E+000
  0.90529454E+000
  0.90529442E+000
  0.90529432E+000
  0.90529421E+000
  0.90529412E+000
  0.90529402E+000
  0.90529393E+000
  0.90529385E+000
  0.90529377E+000
  0.90529369E+000
  0.90529362E+000
  0.90529355E+000
  0.90529350E+000
