  0.31875989E+002
  0.31854564E+002
  0.31836397E+002
  0.31821018E+002
  0.31808021E+002
  0.31797052E+002
  0.31787808E+002
  0.31780030E+002
  0.31773495E+002
  0.31768016E+002
  0.31763434E+002
  0.31759614E+002
  0.31756442E+002
  0.31753820E+002
  0.31751668E+002
  0.31749917E+002
  0.31748507E+002
  0.31747388E+002
  0.31746519E+002
  0.31745865E+002
  0.31745393E+002
  0.31745079E+002
  0.31744900E+002
  0.31744838E+002
  0.31744875E+002
  0.31744998E+002
  0.31745196E+002
  0.31745457E+002
  0.31745774E+002
  0.31746138E+002
  0.31746542E+002
  0.31746983E+002
  0.31747453E+002
  0.31747950E+002
  0.31748469E+002
  0.31749008E+002
  0.31749564E+002
  0.31750134E+002
  0.31750717E+002
  0.31751311E+002
  0.31751915E+002
  0.31752527E+002
  0.31753146E+002
  0.31753772E+002
  0.31754403E+002
  0.31755039E+002
  0.31755678E+002
  0.31756321E+002
  0.31756967E+002
  0.31757615E+002
  0.31758264E+002
  0.31758914E+002
  0.31759565E+002
  0.31760215E+002
  0.31760865E+002
  0.31761514E+002
  0.31762161E+002
  0.31762806E+002
  0.31763448E+002
  0.31764088E+002
  0.31764723E+002
  0.31765356E+002
  0.31765983E+002
  0.31766607E+002
  0.31767226E+002
  0.31767839E+002
  0.31768448E+002
  0.31769051E+002
  0.31769649E+002
  0.31770241E+002
  0.31770827E+002
  0.31771407E+002
  0.31771982E+002
  0.31772550E+002
  0.31773113E+002
  0.31773669E+002
  0.31774220E+002
  0.31774764E+002
  0.31775302E+002
  0.31775834E+002
  0.31776360E+002
  0.31776880E+002
  0.31777394E+002
  0.31777902E+002
  0.31778405E+002
  0.31778901E+002
  0.31779392E+002
  0.31779878E+002
  0.31780358E+002
  0.31780834E+002
  0.31781305E+002
  0.31781771E+002
  0.31782233E+002
  0.31782691E+002
  0.31783145E+002
  0.31783596E+002
  0.31784044E+002
  0.31784489E+002
  0.31784932E+002
  0.31785372E+002
  0.31785810E+002
  0.31786247E+002
  0.31786682E+002
  0.31787116E+002
  0.31787549E+002
  0.31787981E+002
  0.31788412E+002
  0.31788843E+002
  0.31789274E+002
  0.31789705E+002
  0.31790135E+002
  0.31790566E+002
  0.31790998E+002
  0.31791429E+002
  0.31791861E+002
  0.31792294E+002
  0.31792727E+002
  0.31793161E+002
  0.31793596E+002
  0.31794032E+002
  0.31794468E+002
  0.31794905E+002
  0.31795342E+002
  0.31795780E+002
  0.31796219E+002
  0.31796659E+002
  0.31797099E+002
  0.31797540E+002
  0.31797980E+002
  0.31798422E+002
  0.31798863E+002
  0.31799305E+002
  0.31799746E+002
  0.31800187E+002
  0.31800628E+002
  0.31801069E+002
  0.31801509E+002
  0.31801948E+002
  0.31802387E+002
  0.31802824E+002
  0.31803260E+002
  0.31803695E+002
  0.31804128E+002
  0.31804560E+002
  0.31804989E+002
  0.31805417E+002
  0.31805842E+002
  0.31806265E+002
  0.31806686E+002
  0.31807103E+002
  0.31807518E+002
  0.31807930E+002
  0.31808338E+002
  0.31808743E+002
  0.31809144E+002
  0.31809542E+002
  0.31809935E+002
  0.31810325E+002
  0.31810710E+002
  0.31811090E+002
  0.31811466E+002
  0.31811838E+002
  0.31812205E+002
  0.31812566E+002
  0.31812923E+002
  0.31813274E+002
  0.31813620E+002
  0.31813961E+002
  0.31814296E+002
  0.31814626E+002
  0.31814950E+002
  0.31815268E+002
  0.31815580E+002
  0.31815886E+002
  0.31816187E+002
  0.31816481E+002
  0.31816770E+002
  0.31817052E+002
  0.31817328E+002
  0.31817598E+002
  0.31817862E+002
  0.31818120E+002
  0.31818372E+002
  0.31818618E+002
  0.31818857E+002
  0.31819090E+002
  0.31819318E+002
  0.31819539E+002
  0.31819754E+002
  0.31819963E+002
  0.31820167E+002
  0.31820364E+002
  0.31820556E+002
  0.31820742E+002
  0.31820922E+002
  0.31821097E+002
  0.31821266E+002
  0.31821430E+002
  0.31821588E+002
  0.31821741E+002
