  0.26138386E+000
  0.27024300E+000
  0.27191450E+000
  0.27158491E+000
  0.27055919E+000
  0.26931784E+000
  0.26809605E+000
  0.26698328E+000
  0.26600372E+000
  0.26515631E+000
  0.26442723E+000
  0.26382999E+000
  0.26337584E+000
  0.26302458E+000
  0.26274931E+000
  0.26253122E+000
  0.26235681E+000
  0.26221629E+000
  0.26210238E+000
  0.26200966E+000
  0.26193394E+000
  0.26187199E+000
  0.26182128E+000
  0.26177975E+000
  0.26174575E+000
  0.26171794E+000
  0.26169519E+000
  0.26165780E+000
  0.26160591E+000
  0.26154760E+000
  0.26148860E+000
  0.26143277E+000
  0.26138257E+000
  0.26133939E+000
  0.26130385E+000
  0.26127601E+000
  0.26125554E+000
  0.26124184E+000
  0.26123419E+000
  0.26123180E+000
  0.26123386E+000
  0.26123960E+000
  0.26124834E+000
  0.26125944E+000
  0.26127236E+000
  0.26128665E+000
  0.26130194E+000
  0.26131794E+000
  0.26133440E+000
  0.26135117E+000
  0.26136810E+000
  0.26138512E+000
  0.26140215E+000
  0.26141916E+000
  0.26143612E+000
  0.26145303E+000
  0.26146987E+000
  0.26147820E+000
  0.26148043E+000
  0.26147942E+000
  0.26147678E+000
  0.26147337E+000
  0.26146965E+000
  0.26146589E+000
  0.26146222E+000
  0.26145870E+000
  0.26145536E+000
  0.26145221E+000
  0.26144927E+000
  0.26144652E+000
  0.26144397E+000
  0.26144160E+000
  0.26143940E+000
  0.26143737E+000
  0.26143548E+000
  0.26143374E+000
  0.26143212E+000
  0.26143062E+000
  0.26142922E+000
  0.26142791E+000
  0.26142668E+000
  0.26142552E+000
  0.26142442E+000
  0.26142337E+000
  0.26142236E+000
  0.26142138E+000
  0.26142042E+000
  0.26141949E+000
  0.26141858E+000
  0.26141767E+000
  0.26141677E+000
  0.26141589E+000
  0.26141500E+000
  0.26141412E+000
  0.26141325E+000
  0.26141238E+000
  0.26141151E+000
  0.26141065E+000
  0.26140980E+000
  0.26140896E+000
  0.26140813E+000
  0.26140730E+000
  0.26140649E+000
  0.26140570E+000
  0.26140492E+000
  0.26140415E+000
  0.26140340E+000
  0.26140267E+000
  0.26140195E+000
  0.26140126E+000
  0.26140058E+000
  0.26139992E+000
  0.26139928E+000
  0.26139866E+000
  0.26139806E+000
  0.26139748E+000
  0.26139692E+000
  0.26139637E+000
  0.26139585E+000
  0.26139534E+000
  0.26139485E+000
  0.26139438E+000
  0.26139392E+000
  0.26139348E+000
  0.26139306E+000
  0.26139265E+000
  0.26139226E+000
  0.26139188E+000
  0.26139152E+000
  0.26139117E+000
  0.26139083E+000
  0.26139051E+000
  0.26139020E+000
  0.26138990E+000
  0.26138962E+000
  0.26138934E+000
  0.26138908E+000
  0.26138883E+000
  0.26138859E+000
  0.26138835E+000
  0.26138813E+000
  0.26138792E+000
  0.26138771E+000
  0.26138751E+000
  0.26138733E+000
  0.26138715E+000
  0.26138697E+000
  0.26138681E+000
  0.26138665E+000
  0.26138650E+000
  0.26138635E+000
  0.26138621E+000
  0.26138608E+000
  0.26138595E+000
  0.26138583E+000
  0.26138572E+000
  0.26138561E+000
  0.26138550E+000
  0.26138540E+000
  0.26138531E+000
  0.26138522E+000
  0.26138513E+000
  0.26138505E+000
  0.26138498E+000
  0.26138490E+000
  0.26138483E+000
  0.26138477E+000
  0.26138470E+000
  0.26138465E+000
  0.26138459E+000
  0.26138454E+000
  0.26138449E+000
  0.26138444E+000
  0.26138440E+000
  0.26138436E+000
  0.26138432E+000
  0.26138428E+000
  0.26138425E+000
  0.26138422E+000
  0.26138419E+000
  0.26138416E+000
  0.26138414E+000
  0.26138412E+000
  0.26138409E+000
  0.26138407E+000
  0.26138406E+000
  0.26138404E+000
  0.26138402E+000
  0.26138401E+000
  0.26138400E+000
  0.26138399E+000
  0.26138397E+000
  0.26138397E+000
  0.26138396E+000
  0.26138395E+000
  0.26138394E+000
  0.26138394E+000
  0.26138393E+000
  0.26138394E+000
  0.26138395E+000
