  0.46791490E-001
  0.49955673E-001
  0.51447408E-001
  0.51837841E-001
  0.51597382E-001
  0.51054692E-001
  0.50412634E-001
  0.49782354E-001
  0.49215996E-001
  0.48731414E-001
  0.48328518E-001
  0.47999110E-001
  0.47732198E-001
  0.47516759E-001
  0.47342965E-001
  0.47202585E-001
  0.47088938E-001
  0.46996705E-001
  0.46921679E-001
  0.46860549E-001
  0.46810696E-001
  0.46770044E-001
  0.46736934E-001
  0.46710026E-001
  0.46688236E-001
  0.46670674E-001
  0.46656607E-001
  0.46645426E-001
  0.46636625E-001
  0.46629775E-001
  0.46624520E-001
  0.46620555E-001
  0.46617627E-001
  0.46615519E-001
  0.46614052E-001
  0.46613074E-001
  0.46612460E-001
  0.46612107E-001
  0.46611930E-001
  0.46611863E-001
  0.46611852E-001
  0.46611857E-001
  0.46611847E-001
  0.46611801E-001
  0.46611706E-001
  0.46611552E-001
  0.46611337E-001
  0.46611062E-001
  0.46610730E-001
  0.46610348E-001
  0.46609921E-001
  0.46609459E-001
  0.46608972E-001
  0.46608467E-001
  0.46607954E-001
  0.46607443E-001
  0.46606941E-001
  0.46606457E-001
  0.46605998E-001
  0.46605571E-001
  0.46605181E-001
  0.46604834E-001
  0.46604535E-001
  0.46604288E-001
  0.46604095E-001
  0.46603961E-001
  0.46603886E-001
  0.46603872E-001
  0.46603920E-001
  0.46604030E-001
  0.46604203E-001
  0.46604436E-001
  0.46604730E-001
  0.46605081E-001
  0.46605488E-001
  0.46605948E-001
  0.46606458E-001
  0.46607013E-001
  0.46607610E-001
  0.46608245E-001
  0.46608911E-001
  0.46609604E-001
  0.46610320E-001
  0.46611053E-001
  0.46611797E-001
  0.46612547E-001
  0.46613300E-001
  0.46614049E-001
  0.46614790E-001
  0.46615521E-001
  0.46616236E-001
  0.46616934E-001
  0.46617610E-001
  0.46618264E-001
  0.46618892E-001
  0.46619494E-001
  0.46620068E-001
  0.46620614E-001
  0.46621131E-001
  0.46621619E-001
  0.46622078E-001
  0.46622508E-001
  0.46622910E-001
  0.46623285E-001
  0.46623633E-001
  0.46623955E-001
  0.46624253E-001
  0.46624526E-001
  0.46624777E-001
  0.46625007E-001
  0.46625216E-001
  0.46625406E-001
  0.46625578E-001
  0.46625733E-001
  0.46625872E-001
  0.46625996E-001
  0.46626106E-001
  0.46626204E-001
  0.46626289E-001
  0.46626364E-001
  0.46626428E-001
  0.46626484E-001
  0.46626531E-001
  0.46626570E-001
  0.46626602E-001
  0.46626627E-001
  0.46626647E-001
  0.46626662E-001
  0.46626672E-001
  0.46626677E-001
  0.46626679E-001
  0.46626678E-001
  0.46626674E-001
  0.46626668E-001
  0.46626659E-001
  0.46626649E-001
  0.46626637E-001
  0.46626624E-001
  0.46626610E-001
  0.46626595E-001
  0.46626579E-001
  0.46626563E-001
  0.46626547E-001
  0.46626530E-001
  0.46626514E-001
  0.46626498E-001
  0.46626482E-001
  0.46626467E-001
  0.46626452E-001
  0.46626438E-001
  0.46626424E-001
  0.46626411E-001
  0.46626398E-001
  0.46626386E-001
  0.46626375E-001
  0.46626365E-001
  0.46626355E-001
  0.46626346E-001
  0.46626338E-001
  0.46626331E-001
  0.46626324E-001
  0.46626318E-001
  0.46626313E-001
  0.46626309E-001
  0.46626305E-001
  0.46626301E-001
  0.46626299E-001
  0.46626296E-001
  0.46626295E-001
  0.46626294E-001
  0.46626293E-001
  0.46626293E-001
  0.46626293E-001
  0.46626293E-001
  0.46626294E-001
  0.46626295E-001
  0.46626296E-001
  0.46626298E-001
  0.46626299E-001
  0.46626301E-001
  0.46626303E-001
  0.46626305E-001
  0.46626307E-001
  0.46626308E-001
  0.46626310E-001
  0.46626312E-001
  0.46626314E-001
  0.46626315E-001
  0.46626317E-001
  0.46626318E-001
  0.46626320E-001
  0.46626321E-001
  0.46626321E-001
  0.46626322E-001
  0.46626323E-001
  0.46626323E-001
  0.46626324E-001
  0.46626325E-001
  0.46626327E-001
  0.46626333E-001
