  0.13173619E+000
  0.13172274E+000
  0.13172160E+000
  0.13172419E+000
  0.13172714E+000
  0.13172906E+000
  0.13172945E+000
  0.13172824E+000
  0.13172553E+000
  0.13172148E+000
  0.13171629E+000
  0.13171015E+000
  0.13170322E+000
  0.13169562E+000
  0.13168749E+000
  0.13167891E+000
  0.13166997E+000
  0.13166073E+000
  0.13165123E+000
  0.13164154E+000
  0.13163167E+000
  0.13162167E+000
  0.13161155E+000
  0.13160133E+000
  0.13159104E+000
  0.13158069E+000
  0.13157028E+000
  0.13155984E+000
  0.13154937E+000
  0.13153888E+000
  0.13152839E+000
  0.13151791E+000
  0.13150743E+000
  0.13149698E+000
  0.13148657E+000
  0.13147621E+000
  0.13146590E+000
  0.13145567E+000
  0.13144552E+000
  0.13143547E+000
  0.13142553E+000
  0.13141572E+000
  0.13140605E+000
  0.13139654E+000
  0.13138720E+000
  0.13137805E+000
  0.13136910E+000
  0.13136037E+000
  0.13135187E+000
  0.13134362E+000
  0.13133562E+000
  0.13132789E+000
  0.13132044E+000
  0.13131328E+000
  0.13130642E+000
  0.13129987E+000
  0.13129363E+000
  0.13128771E+000
  0.13128211E+000
  0.13127683E+000
  0.13127187E+000
  0.13126723E+000
  0.13126292E+000
  0.13125891E+000
  0.13125522E+000
  0.13125182E+000
  0.13124873E+000
  0.13124592E+000
  0.13124338E+000
  0.13124112E+000
  0.13123911E+000
  0.13123735E+000
  0.13123582E+000
  0.13123451E+000
  0.13123342E+000
  0.13123252E+000
  0.13123181E+000
  0.13123127E+000
  0.13123089E+000
  0.13123066E+000
  0.13123056E+000
  0.13123058E+000
  0.13123072E+000
  0.13123095E+000
  0.13123127E+000
  0.13123167E+000
  0.13123213E+000
  0.13123264E+000
  0.13123320E+000
  0.13123380E+000
  0.13123442E+000
  0.13123507E+000
  0.13123572E+000
  0.13123639E+000
  0.13123705E+000
  0.13123771E+000
  0.13123835E+000
  0.13123899E+000
  0.13123960E+000
  0.13124020E+000
  0.13124078E+000
  0.13124133E+000
  0.13124186E+000
  0.13124236E+000
  0.13124284E+000
  0.13124329E+000
  0.13124371E+000
  0.13124411E+000
  0.13124448E+000
  0.13124483E+000
  0.13124515E+000
  0.13124544E+000
  0.13124572E+000
  0.13124597E+000
  0.13124620E+000
  0.13124641E+000
  0.13124659E+000
  0.13124677E+000
  0.13124692E+000
  0.13124706E+000
  0.13124718E+000
  0.13124728E+000
  0.13124738E+000
  0.13124746E+000
  0.13124752E+000
  0.13124758E+000
  0.13124763E+000
  0.13124767E+000
  0.13124770E+000
  0.13124772E+000
  0.13124773E+000
  0.13124774E+000
  0.13124774E+000
  0.13124774E+000
  0.13124773E+000
  0.13124772E+000
  0.13124770E+000
  0.13124769E+000
  0.13124767E+000
  0.13124764E+000
  0.13124762E+000
  0.13124759E+000
  0.13124757E+000
  0.13124754E+000
  0.13124751E+000
  0.13124748E+000
  0.13124745E+000
  0.13124743E+000
  0.13124740E+000
  0.13124737E+000
  0.13124735E+000
  0.13124732E+000
  0.13124730E+000
  0.13124727E+000
  0.13124725E+000
  0.13124723E+000
  0.13124721E+000
  0.13124719E+000
  0.13124718E+000
  0.13124716E+000
  0.13124715E+000
  0.13124714E+000
  0.13124712E+000
  0.13124711E+000
  0.13124711E+000
  0.13124710E+000
  0.13124709E+000
  0.13124709E+000
  0.13124708E+000
  0.13124708E+000
  0.13124708E+000
  0.13124707E+000
  0.13124707E+000
  0.13124707E+000
  0.13124707E+000
  0.13124708E+000
  0.13124708E+000
  0.13124708E+000
  0.13124708E+000
  0.13124709E+000
  0.13124709E+000
  0.13124709E+000
  0.13124709E+000
  0.13124710E+000
  0.13124710E+000
  0.13124710E+000
  0.13124711E+000
  0.13124711E+000
  0.13124711E+000
  0.13124712E+000
  0.13124712E+000
  0.13124712E+000
  0.13124712E+000
  0.13124712E+000
  0.13124712E+000
  0.13124712E+000
  0.13124713E+000
  0.13124713E+000
  0.13124713E+000
  0.13124713E+000
