  0.14115454E+000
  0.14216695E+000
  0.14281398E+000
  0.14320956E+000
  0.14343361E+000
  0.14354064E+000
  0.14356799E+000
  0.14354244E+000
  0.14348265E+000
  0.14340172E+000
  0.14330863E+000
  0.14319544E+000
  0.14305133E+000
  0.14289709E+000
  0.14274403E+000
  0.14259808E+000
  0.14246205E+000
  0.14233697E+000
  0.14222290E+000
  0.14211935E+000
  0.14202560E+000
  0.14194083E+000
  0.14186421E+000
  0.14179494E+000
  0.14173229E+000
  0.14167559E+000
  0.14162424E+000
  0.14157920E+000
  0.14153957E+000
  0.14150403E+000
  0.14147176E+000
  0.14144223E+000
  0.14141508E+000
  0.14139005E+000
  0.14136697E+000
  0.14134565E+000
  0.14132598E+000
  0.14130782E+000
  0.14129107E+000
  0.14127562E+000
  0.14126139E+000
  0.14124827E+000
  0.14123619E+000
  0.14122507E+000
  0.14121483E+000
  0.14120541E+000
  0.14119673E+000
  0.14118875E+000
  0.14118141E+000
  0.14117465E+000
  0.14116843E+000
  0.14116271E+000
  0.14115746E+000
  0.14115263E+000
  0.14114821E+000
  0.14114416E+000
  0.14114045E+000
  0.14113759E+000
  0.14113526E+000
  0.14113328E+000
  0.14113157E+000
  0.14113011E+000
  0.14112889E+000
  0.14112788E+000
  0.14112707E+000
  0.14112645E+000
  0.14112601E+000
  0.14112575E+000
  0.14112565E+000
  0.14112570E+000
  0.14112590E+000
  0.14112624E+000
  0.14112671E+000
  0.14112731E+000
  0.14112803E+000
  0.14112886E+000
  0.14112980E+000
  0.14113083E+000
  0.14113195E+000
  0.14113316E+000
  0.14113443E+000
  0.14113576E+000
  0.14113715E+000
  0.14113857E+000
  0.14114002E+000
  0.14114149E+000
  0.14114296E+000
  0.14114442E+000
  0.14114587E+000
  0.14114729E+000
  0.14114867E+000
  0.14115001E+000
  0.14115130E+000
  0.14115253E+000
  0.14115370E+000
  0.14115480E+000
  0.14115583E+000
  0.14115679E+000
  0.14115768E+000
  0.14115849E+000
  0.14115923E+000
  0.14115990E+000
  0.14116050E+000
  0.14116103E+000
  0.14116150E+000
  0.14116190E+000
  0.14116225E+000
  0.14116253E+000
  0.14116277E+000
  0.14116295E+000
  0.14116309E+000
  0.14116318E+000
  0.14116323E+000
  0.14116325E+000
  0.14116323E+000
  0.14116318E+000
  0.14116310E+000
  0.14116300E+000
  0.14116288E+000
  0.14116273E+000
  0.14116257E+000
  0.14116239E+000
  0.14116220E+000
  0.14116200E+000
  0.14116179E+000
  0.14116157E+000
  0.14116135E+000
  0.14116112E+000
  0.14116089E+000
  0.14116065E+000
  0.14116042E+000
  0.14116018E+000
  0.14115995E+000
  0.14115972E+000
  0.14115949E+000
  0.14115927E+000
  0.14115905E+000
  0.14115884E+000
  0.14115863E+000
  0.14115842E+000
  0.14115822E+000
  0.14115803E+000
  0.14115784E+000
  0.14115766E+000
  0.14115749E+000
  0.14115732E+000
  0.14115716E+000
  0.14115701E+000
  0.14115686E+000
  0.14115672E+000
  0.14115659E+000
  0.14115646E+000
  0.14115634E+000
  0.14115622E+000
  0.14115611E+000
  0.14115601E+000
  0.14115591E+000
  0.14115582E+000
  0.14115573E+000
  0.14115565E+000
  0.14115557E+000
  0.14115549E+000
  0.14115543E+000
  0.14115536E+000
  0.14115530E+000
  0.14115525E+000
  0.14115519E+000
  0.14115515E+000
  0.14115510E+000
  0.14115506E+000
  0.14115502E+000
  0.14115498E+000
  0.14115495E+000
  0.14115492E+000
  0.14115489E+000
  0.14115486E+000
  0.14115484E+000
  0.14115482E+000
  0.14115480E+000
  0.14115478E+000
  0.14115476E+000
  0.14115474E+000
  0.14115473E+000
  0.14115472E+000
  0.14115470E+000
  0.14115469E+000
  0.14115468E+000
  0.14115467E+000
  0.14115466E+000
  0.14115466E+000
  0.14115465E+000
  0.14115464E+000
  0.14115464E+000
  0.14115463E+000
  0.14115463E+000
  0.14115462E+000
  0.14115462E+000
  0.14115462E+000
  0.14115463E+000
  0.14115464E+000
