  0.21459237E+000
  0.22028733E+000
  0.22046709E+000
  0.21974707E+000
  0.21896181E+000
  0.21826315E+000
  0.21768342E+000
  0.21720092E+000
  0.21678773E+000
  0.21642490E+000
  0.21609871E+000
  0.21583088E+000
  0.21564364E+000
  0.21550782E+000
  0.21540634E+000
  0.21532863E+000
  0.21526787E+000
  0.21521958E+000
  0.21518071E+000
  0.21514911E+000
  0.21512324E+000
  0.21510195E+000
  0.21508434E+000
  0.21506972E+000
  0.21505751E+000
  0.21504726E+000
  0.21503858E+000
  0.21501238E+000
  0.21496928E+000
  0.21491783E+000
  0.21486408E+000
  0.21481222E+000
  0.21476494E+000
  0.21472387E+000
  0.21468980E+000
  0.21466294E+000
  0.21464308E+000
  0.21462973E+000
  0.21462226E+000
  0.21461993E+000
  0.21462200E+000
  0.21462775E+000
  0.21463649E+000
  0.21464764E+000
  0.21466066E+000
  0.21467510E+000
  0.21469061E+000
  0.21470688E+000
  0.21472367E+000
  0.21474082E+000
  0.21475818E+000
  0.21477566E+000
  0.21479318E+000
  0.21481069E+000
  0.21482817E+000
  0.21484558E+000
  0.21486293E+000
  0.21487174E+000
  0.21487443E+000
  0.21487385E+000
  0.21487160E+000
  0.21486853E+000
  0.21486512E+000
  0.21486161E+000
  0.21485812E+000
  0.21485474E+000
  0.21485147E+000
  0.21484834E+000
  0.21484535E+000
  0.21484249E+000
  0.21483977E+000
  0.21483716E+000
  0.21483467E+000
  0.21483229E+000
  0.21483000E+000
  0.21482779E+000
  0.21482566E+000
  0.21482361E+000
  0.21482161E+000
  0.21481967E+000
  0.21481777E+000
  0.21481592E+000
  0.21481410E+000
  0.21481232E+000
  0.21481056E+000
  0.21480883E+000
  0.21480713E+000
  0.21480544E+000
  0.21480379E+000
  0.21480215E+000
  0.21480054E+000
  0.21479895E+000
  0.21479739E+000
  0.21479586E+000
  0.21479436E+000
  0.21479288E+000
  0.21479145E+000
  0.21479004E+000
  0.21478867E+000
  0.21478734E+000
  0.21478605E+000
  0.21478480E+000
  0.21478358E+000
  0.21478241E+000
  0.21478128E+000
  0.21478019E+000
  0.21477915E+000
  0.21477814E+000
  0.21477718E+000
  0.21477625E+000
  0.21477536E+000
  0.21477452E+000
  0.21477371E+000
  0.21477293E+000
  0.21477219E+000
  0.21477149E+000
  0.21477081E+000
  0.21477017E+000
  0.21476956E+000
  0.21476898E+000
  0.21476842E+000
  0.21476789E+000
  0.21476739E+000
  0.21476691E+000
  0.21476646E+000
  0.21476602E+000
  0.21476561E+000
  0.21476522E+000
  0.21476485E+000
  0.21476449E+000
  0.21476415E+000
  0.21476383E+000
  0.21476353E+000
  0.21476324E+000
  0.21476296E+000
  0.21476270E+000
  0.21476244E+000
  0.21476220E+000
  0.21476198E+000
  0.21476176E+000
  0.21476155E+000
  0.21476135E+000
  0.21476116E+000
  0.21476098E+000
  0.21476081E+000
  0.21476065E+000
  0.21476049E+000
  0.21476034E+000
  0.21476020E+000
  0.21476006E+000
  0.21475993E+000
  0.21475980E+000
  0.21475968E+000
  0.21475957E+000
  0.21475946E+000
  0.21475935E+000
  0.21475925E+000
  0.21475916E+000
  0.21475907E+000
  0.21475898E+000
  0.21475890E+000
  0.21475882E+000
  0.21475874E+000
  0.21475867E+000
  0.21475860E+000
  0.21475853E+000
  0.21475847E+000
  0.21475841E+000
  0.21475835E+000
  0.21475830E+000
  0.21475825E+000
  0.21475820E+000
  0.21475815E+000
  0.21475811E+000
  0.21475806E+000
  0.21475803E+000
  0.21475799E+000
  0.21475795E+000
  0.21475792E+000
  0.21475789E+000
  0.21475786E+000
  0.21475783E+000
  0.21475781E+000
  0.21475779E+000
  0.21475776E+000
  0.21475774E+000
  0.21475773E+000
  0.21475771E+000
  0.21475769E+000
  0.21475768E+000
  0.21475767E+000
  0.21475765E+000
  0.21475764E+000
  0.21475763E+000
  0.21475763E+000
  0.21475762E+000
  0.21475761E+000
  0.21475761E+000
  0.21475761E+000
  0.21475761E+000
