  0.86193873E+000
  0.86223233E+000
  0.86244688E+000
  0.86260708E+000
  0.86272675E+000
  0.86281517E+000
  0.86287913E+000
  0.86292362E+000
  0.86295255E+000
  0.86296896E+000
  0.86297529E+000
  0.86297331E+000
  0.86296439E+000
  0.86295011E+000
  0.86293169E+000
  0.86291005E+000
  0.86288594E+000
  0.86285994E+000
  0.86283254E+000
  0.86280411E+000
  0.86277497E+000
  0.86274537E+000
  0.86271551E+000
  0.86268556E+000
  0.86265567E+000
  0.86262594E+000
  0.86259648E+000
  0.86256736E+000
  0.86253865E+000
  0.86251038E+000
  0.86248261E+000
  0.86245537E+000
  0.86242870E+000
  0.86240262E+000
  0.86237716E+000
  0.86235233E+000
  0.86232815E+000
  0.86230463E+000
  0.86228177E+000
  0.86225958E+000
  0.86223807E+000
  0.86221724E+000
  0.86219709E+000
  0.86217762E+000
  0.86215883E+000
  0.86214072E+000
  0.86212329E+000
  0.86210653E+000
  0.86209045E+000
  0.86207504E+000
  0.86206029E+000
  0.86204621E+000
  0.86203278E+000
  0.86202000E+000
  0.86200787E+000
  0.86199637E+000
  0.86198549E+000
  0.86197522E+000
  0.86196556E+000
  0.86195648E+000
  0.86194797E+000
  0.86194003E+000
  0.86193263E+000
  0.86192577E+000
  0.86191944E+000
  0.86191361E+000
  0.86190827E+000
  0.86190342E+000
  0.86189905E+000
  0.86189514E+000
  0.86189168E+000
  0.86188867E+000
  0.86188609E+000
  0.86188393E+000
  0.86188219E+000
  0.86188085E+000
  0.86187991E+000
  0.86187934E+000
  0.86187913E+000
  0.86187926E+000
  0.86187972E+000
  0.86188047E+000
  0.86188150E+000
  0.86188277E+000
  0.86188427E+000
  0.86188596E+000
  0.86188781E+000
  0.86188980E+000
  0.86189189E+000
  0.86189406E+000
  0.86189629E+000
  0.86189854E+000
  0.86190080E+000
  0.86190305E+000
  0.86190527E+000
  0.86190744E+000
  0.86190955E+000
  0.86191160E+000
  0.86191356E+000
  0.86191545E+000
  0.86191724E+000
  0.86191894E+000
  0.86192055E+000
  0.86192207E+000
  0.86192350E+000
  0.86192483E+000
  0.86192608E+000
  0.86192724E+000
  0.86192832E+000
  0.86192933E+000
  0.86193026E+000
  0.86193112E+000
  0.86193192E+000
  0.86193266E+000
  0.86193333E+000
  0.86193396E+000
  0.86193454E+000
  0.86193507E+000
  0.86193556E+000
  0.86193601E+000
  0.86193642E+000
  0.86193680E+000
  0.86193715E+000
  0.86193747E+000
  0.86193776E+000
  0.86193803E+000
  0.86193828E+000
  0.86193851E+000
  0.86193872E+000
  0.86193891E+000
  0.86193909E+000
  0.86193925E+000
  0.86193940E+000
  0.86193954E+000
  0.86193966E+000
  0.86193977E+000
  0.86193988E+000
  0.86193997E+000
  0.86194006E+000
  0.86194014E+000
  0.86194021E+000
  0.86194028E+000
  0.86194034E+000
  0.86194039E+000
  0.86194044E+000
  0.86194048E+000
  0.86194052E+000
  0.86194055E+000
  0.86194058E+000
  0.86194060E+000
  0.86194062E+000
  0.86194064E+000
  0.86194066E+000
  0.86194067E+000
  0.86194067E+000
  0.86194068E+000
  0.86194068E+000
  0.86194068E+000
  0.86194068E+000
  0.86194068E+000
  0.86194067E+000
  0.86194066E+000
  0.86194065E+000
  0.86194064E+000
  0.86194062E+000
  0.86194061E+000
  0.86194059E+000
  0.86194057E+000
  0.86194055E+000
  0.86194053E+000
  0.86194051E+000
  0.86194048E+000
  0.86194046E+000
  0.86194044E+000
  0.86194041E+000
  0.86194038E+000
  0.86194036E+000
  0.86194033E+000
  0.86194030E+000
  0.86194027E+000
  0.86194024E+000
  0.86194021E+000
  0.86194018E+000
  0.86194015E+000
  0.86194012E+000
  0.86194009E+000
  0.86194006E+000
  0.86194003E+000
  0.86193999E+000
  0.86193996E+000
  0.86193993E+000
  0.86193990E+000
  0.86193987E+000
  0.86193984E+000
  0.86193981E+000
  0.86193978E+000
  0.86193975E+000
  0.86193972E+000
  0.86193970E+000
  0.86193968E+000
