  0.88690358E+000
  0.88691794E+000
  0.88692904E+000
  0.88693741E+000
  0.88694357E+000
  0.88694792E+000
  0.88695083E+000
  0.88695256E+000
  0.88695334E+000
  0.88695334E+000
  0.88695269E+000
  0.88695152E+000
  0.88694990E+000
  0.88694793E+000
  0.88694568E+000
  0.88694319E+000
  0.88694053E+000
  0.88693772E+000
  0.88693479E+000
  0.88693177E+000
  0.88692869E+000
  0.88692555E+000
  0.88692237E+000
  0.88691917E+000
  0.88691595E+000
  0.88691272E+000
  0.88690949E+000
  0.88690627E+000
  0.88690305E+000
  0.88689985E+000
  0.88689667E+000
  0.88689351E+000
  0.88689037E+000
  0.88688726E+000
  0.88688418E+000
  0.88688114E+000
  0.88687814E+000
  0.88687517E+000
  0.88687225E+000
  0.88686937E+000
  0.88686654E+000
  0.88686375E+000
  0.88686103E+000
  0.88685835E+000
  0.88685574E+000
  0.88685318E+000
  0.88685069E+000
  0.88684827E+000
  0.88684591E+000
  0.88684362E+000
  0.88684140E+000
  0.88683926E+000
  0.88683719E+000
  0.88683520E+000
  0.88683328E+000
  0.88683144E+000
  0.88682968E+000
  0.88682799E+000
  0.88682638E+000
  0.88682485E+000
  0.88682339E+000
  0.88682200E+000
  0.88682068E+000
  0.88681943E+000
  0.88681825E+000
  0.88681713E+000
  0.88681607E+000
  0.88681506E+000
  0.88681411E+000
  0.88681320E+000
  0.88681235E+000
  0.88681153E+000
  0.88681075E+000
  0.88681001E+000
  0.88680929E+000
  0.88680861E+000
  0.88680794E+000
  0.88680730E+000
  0.88680667E+000
  0.88680606E+000
  0.88680546E+000
  0.88680487E+000
  0.88680428E+000
  0.88680369E+000
  0.88680311E+000
  0.88680253E+000
  0.88680194E+000
  0.88680135E+000
  0.88680076E+000
  0.88680016E+000
  0.88679956E+000
  0.88679895E+000
  0.88679834E+000
  0.88679772E+000
  0.88679710E+000
  0.88679647E+000
  0.88679584E+000
  0.88679520E+000
  0.88679457E+000
  0.88679394E+000
  0.88679331E+000
  0.88679268E+000
  0.88679206E+000
  0.88679144E+000
  0.88679083E+000
  0.88679023E+000
  0.88678965E+000
  0.88678908E+000
  0.88678852E+000
  0.88678798E+000
  0.88678745E+000
  0.88678695E+000
  0.88678646E+000
  0.88678600E+000
  0.88678556E+000
  0.88678514E+000
  0.88678475E+000
  0.88678438E+000
  0.88678404E+000
  0.88678373E+000
  0.88678345E+000
  0.88678319E+000
  0.88678297E+000
  0.88678277E+000
  0.88678261E+000
  0.88678247E+000
  0.88678237E+000
  0.88678229E+000
  0.88678225E+000
  0.88678224E+000
  0.88678225E+000
  0.88678230E+000
  0.88678238E+000
  0.88678249E+000
  0.88678262E+000
  0.88678279E+000
  0.88678298E+000
  0.88678320E+000
  0.88678345E+000
  0.88678372E+000
  0.88678402E+000
  0.88678435E+000
  0.88678470E+000
  0.88678507E+000
  0.88678547E+000
  0.88678588E+000
  0.88678632E+000
  0.88678678E+000
  0.88678725E+000
  0.88678775E+000
  0.88678826E+000
  0.88678879E+000
  0.88678933E+000
  0.88678989E+000
  0.88679045E+000
  0.88679104E+000
  0.88679163E+000
  0.88679223E+000
  0.88679284E+000
  0.88679346E+000
  0.88679408E+000
  0.88679472E+000
  0.88679535E+000
  0.88679600E+000
  0.88679664E+000
  0.88679729E+000
  0.88679794E+000
  0.88679858E+000
  0.88679923E+000
  0.88679988E+000
  0.88680053E+000
  0.88680117E+000
  0.88680182E+000
  0.88680245E+000
  0.88680309E+000
  0.88680372E+000
  0.88680434E+000
  0.88680496E+000
  0.88680557E+000
  0.88680617E+000
  0.88680677E+000
  0.88680735E+000
  0.88680793E+000
  0.88680850E+000
  0.88680906E+000
  0.88680962E+000
  0.88681016E+000
  0.88681069E+000
  0.88681121E+000
  0.88681172E+000
  0.88681222E+000
  0.88681271E+000
  0.88681319E+000
  0.88681366E+000
  0.88681411E+000
  0.88681456E+000
  0.88681499E+000
  0.88681541E+000
  0.88681582E+000
  0.88681622E+000
