  0.81434399E+000
  0.81433163E+000
  0.81432102E+000
  0.81431193E+000
  0.81430415E+000
  0.81429751E+000
  0.81429188E+000
  0.81428714E+000
  0.81428317E+000
  0.81427985E+000
  0.81427708E+000
  0.81427479E+000
  0.81427291E+000
  0.81427136E+000
  0.81427011E+000
  0.81426911E+000
  0.81426832E+000
  0.81426771E+000
  0.81426725E+000
  0.81426693E+000
  0.81426671E+000
  0.81426660E+000
  0.81426656E+000
  0.81426659E+000
  0.81426667E+000
  0.81426681E+000
  0.81426698E+000
  0.81426719E+000
  0.81426742E+000
  0.81426767E+000
  0.81426795E+000
  0.81426823E+000
  0.81426853E+000
  0.81426883E+000
  0.81426914E+000
  0.81426945E+000
  0.81426975E+000
  0.81427006E+000
  0.81427036E+000
  0.81427066E+000
  0.81427095E+000
  0.81427123E+000
  0.81427150E+000
  0.81427176E+000
  0.81427201E+000
  0.81427225E+000
  0.81427247E+000
  0.81427268E+000
  0.81427288E+000
  0.81427305E+000
  0.81427321E+000
  0.81427335E+000
  0.81427347E+000
  0.81427357E+000
  0.81427364E+000
  0.81427370E+000
  0.81427373E+000
  0.81427373E+000
  0.81427371E+000
  0.81427366E+000
  0.81427358E+000
  0.81427348E+000
  0.81427335E+000
  0.81427318E+000
  0.81427299E+000
  0.81427276E+000
  0.81427251E+000
  0.81427222E+000
  0.81427190E+000
  0.81427154E+000
  0.81427116E+000
  0.81427074E+000
  0.81427029E+000
  0.81426981E+000
  0.81426929E+000
  0.81426875E+000
  0.81426818E+000
  0.81426758E+000
  0.81426695E+000
  0.81426629E+000
  0.81426562E+000
  0.81426491E+000
  0.81426419E+000
  0.81426344E+000
  0.81426268E+000
  0.81426190E+000
  0.81426110E+000
  0.81426029E+000
  0.81425947E+000
  0.81425864E+000
  0.81425781E+000
  0.81425696E+000
  0.81425612E+000
  0.81425527E+000
  0.81425442E+000
  0.81425357E+000
  0.81425273E+000
  0.81425189E+000
  0.81425106E+000
  0.81425023E+000
  0.81424942E+000
  0.81424862E+000
  0.81424782E+000
  0.81424705E+000
  0.81424628E+000
  0.81424554E+000
  0.81424481E+000
  0.81424410E+000
  0.81424341E+000
  0.81424273E+000
  0.81424209E+000
  0.81424146E+000
  0.81424086E+000
  0.81424028E+000
  0.81423973E+000
  0.81423920E+000
  0.81423870E+000
  0.81423823E+000
  0.81423778E+000
  0.81423736E+000
  0.81423698E+000
  0.81423662E+000
  0.81423629E+000
  0.81423599E+000
  0.81423572E+000
  0.81423548E+000
  0.81423527E+000
  0.81423510E+000
  0.81423495E+000
  0.81423483E+000
  0.81423475E+000
  0.81423469E+000
  0.81423466E+000
  0.81423467E+000
  0.81423470E+000
  0.81423476E+000
  0.81423486E+000
  0.81423497E+000
  0.81423512E+000
  0.81423529E+000
  0.81423549E+000
  0.81423572E+000
  0.81423597E+000
  0.81423625E+000
  0.81423654E+000
  0.81423687E+000
  0.81423721E+000
  0.81423757E+000
  0.81423796E+000
  0.81423836E+000
  0.81423878E+000
  0.81423922E+000
  0.81423968E+000
  0.81424015E+000
  0.81424063E+000
  0.81424113E+000
  0.81424165E+000
  0.81424217E+000
  0.81424271E+000
  0.81424325E+000
  0.81424380E+000
  0.81424437E+000
  0.81424494E+000
  0.81424551E+000
  0.81424609E+000
  0.81424668E+000
  0.81424726E+000
  0.81424786E+000
  0.81424845E+000
  0.81424904E+000
  0.81424964E+000
  0.81425023E+000
  0.81425082E+000
  0.81425141E+000
  0.81425200E+000
  0.81425259E+000
  0.81425317E+000
  0.81425375E+000
  0.81425432E+000
  0.81425488E+000
  0.81425545E+000
  0.81425600E+000
  0.81425655E+000
  0.81425709E+000
  0.81425762E+000
  0.81425814E+000
  0.81425866E+000
  0.81425917E+000
  0.81425966E+000
  0.81426015E+000
  0.81426063E+000
  0.81426110E+000
  0.81426156E+000
  0.81426201E+000
  0.81426245E+000
  0.81426288E+000
  0.81426329E+000
  0.81426370E+000
  0.81426410E+000
  0.81426449E+000
