  0.35742089E+000
  0.35733006E+000
  0.35724953E+000
  0.35718073E+000
  0.35712199E+000
  0.35707115E+000
  0.35702824E+000
  0.35699204E+000
  0.35696130E+000
  0.35693410E+000
  0.35691359E+000
  0.35689485E+000
  0.35687966E+000
  0.35686667E+000
  0.35685534E+000
  0.35684642E+000
  0.35683883E+000
  0.35683255E+000
  0.35682791E+000
  0.35682376E+000
  0.35682017E+000
  0.35681753E+000
  0.35681605E+000
  0.35681489E+000
  0.35681371E+000
  0.35681350E+000
  0.35681357E+000
  0.35681409E+000
  0.35681497E+000
  0.35681603E+000
  0.35681743E+000
  0.35681975E+000
  0.35682177E+000
  0.35682307E+000
  0.35682542E+000
  0.35682790E+000
  0.35683055E+000
  0.35683336E+000
  0.35683628E+000
  0.35683936E+000
  0.35684308E+000
  0.35684638E+000
  0.35684978E+000
  0.35685328E+000
  0.35685688E+000
  0.35686092E+000
  0.35686458E+000
  0.35686837E+000
  0.35687211E+000
  0.35687601E+000
  0.35687999E+000
  0.35688390E+000
  0.35688802E+000
  0.35689199E+000
  0.35689606E+000
  0.35690014E+000
  0.35690420E+000
  0.35690826E+000
  0.35691231E+000
  0.35691632E+000
  0.35692033E+000
  0.35692407E+000
  0.35692807E+000
  0.35693206E+000
  0.35693599E+000
  0.35693987E+000
  0.35694374E+000
  0.35694751E+000
  0.35695119E+000
  0.35695488E+000
  0.35695851E+000
  0.35696188E+000
  0.35696539E+000
  0.35696881E+000
  0.35697223E+000
  0.35697529E+000
  0.35697841E+000
  0.35698130E+000
  0.35698426E+000
  0.35698719E+000
  0.35699007E+000
  0.35699282E+000
  0.35699526E+000
  0.35699792E+000
  0.35700049E+000
  0.35700299E+000
  0.35700537E+000
  0.35700774E+000
  0.35701000E+000
  0.35701219E+000
  0.35701431E+000
  0.35701636E+000
  0.35701835E+000
  0.35702029E+000
  0.35702214E+000
  0.35702398E+000
  0.35702581E+000
  0.35702757E+000
  0.35702930E+000
  0.35703099E+000
  0.35703262E+000
  0.35703422E+000
  0.35703580E+000
  0.35703738E+000
  0.35703888E+000
  0.35704044E+000
  0.35704198E+000
  0.35704352E+000
  0.35704506E+000
  0.35704659E+000
  0.35704812E+000
  0.35704966E+000
  0.35705121E+000
  0.35705275E+000
  0.35705429E+000
  0.35705585E+000
  0.35705742E+000
  0.35705900E+000
  0.35706059E+000
  0.35706220E+000
  0.35706383E+000
  0.35706547E+000
  0.35706713E+000
  0.35706881E+000
  0.35707050E+000
  0.35707222E+000
  0.35707396E+000
  0.35707572E+000
  0.35707750E+000
  0.35707930E+000
  0.35708112E+000
  0.35708296E+000
  0.35708482E+000
  0.35708670E+000
  0.35708861E+000
  0.35709053E+000
  0.35709247E+000
  0.35709443E+000
  0.35709641E+000
  0.35709840E+000
  0.35710042E+000
  0.35710244E+000
  0.35710449E+000
  0.35710654E+000
  0.35710861E+000
  0.35711069E+000
  0.35711278E+000
  0.35711487E+000
  0.35711698E+000
  0.35711909E+000
  0.35712121E+000
  0.35712333E+000
  0.35712545E+000
  0.35712758E+000
  0.35712970E+000
  0.35713183E+000
  0.35713395E+000
  0.35713606E+000
  0.35713817E+000
  0.35714028E+000
  0.35714237E+000
  0.35714445E+000
  0.35714653E+000
  0.35714859E+000
  0.35715063E+000
  0.35715266E+000
  0.35715468E+000
  0.35715668E+000
  0.35715866E+000
  0.35716061E+000
  0.35716255E+000
  0.35716447E+000
  0.35716636E+000
  0.35716823E+000
  0.35717007E+000
  0.35717189E+000
  0.35717368E+000
  0.35717544E+000
  0.35717718E+000
  0.35717889E+000
  0.35718056E+000
  0.35718221E+000
  0.35718383E+000
  0.35718541E+000
  0.35718696E+000
  0.35718849E+000
  0.35718998E+000
  0.35719143E+000
  0.35719286E+000
  0.35719425E+000
  0.35719561E+000
  0.35719694E+000
  0.35719823E+000
  0.35719949E+000
  0.35720072E+000
  0.35720192E+000
  0.35720308E+000
  0.35720421E+000
  0.35720531E+000
  0.35720637E+000
