 -0.82430073E+000 -0.64301296E+000 -0.27715313E+000 -0.66132343E-004  0.84217780E-001  0.17424463E+001  0.12069530E+002  0.59173132E+002  0.13400215E+003  0.34790501E+003  0.65682890E+003
 -0.82474575E+000 -0.64393578E+000 -0.27750241E+000 -0.67823633E-004  0.81476014E-001  0.17402553E+001  0.12059911E+002  0.59173072E+002  0.13400186E+003  0.34790450E+003  0.65682745E+003
 -0.82508257E+000 -0.64467248E+000 -0.27778306E+000 -0.68634386E-004  0.78036600E-001  0.17384444E+001  0.12051826E+002  0.59173056E+002  0.13400175E+003  0.34790423E+003  0.65682670E+003
 -0.82533104E+000 -0.64525052E+000 -0.27800601E+000 -0.68949373E-004  0.76894625E-001  0.17369555E+001  0.12045064E+002  0.59173053E+002  0.13400172E+003  0.34790410E+003  0.65682638E+003
 -0.82550916E+000 -0.64569532E+000 -0.27818095E+000 -0.68986678E-004  0.76879523E-001  0.17357390E+001  0.12039408E+002  0.59173055E+002  0.13400171E+003  0.34790403E+003  0.65682627E+003
 -0.82563209E+000 -0.64602950E+000 -0.27831611E+000 -0.68876393E-004  0.76868316E-001  0.17347522E+001  0.12034694E+002  0.59173058E+002  0.13400173E+003  0.34790400E+003  0.65682628E+003
 -0.82571226E+000 -0.64627282E+000 -0.27841832E+000 -0.68696780E-004  0.76860246E-001  0.17339591E+001  0.12030782E+002  0.59173062E+002  0.13400174E+003  0.34790399E+003  0.65682635E+003
 -0.82575981E+000 -0.64644210E+000 -0.27849322E+000 -0.68493501E-004  0.76854680E-001  0.17333291E+001  0.12027553E+002  0.59173065E+002  0.13400176E+003  0.34790399E+003  0.65682644E+003
 -0.82578268E+000 -0.64655151E+000 -0.27854548E+000 -0.68291508E-004  0.76851097E-001  0.17317291E+001  0.12024904E+002  0.59173068E+002  0.13400178E+003  0.34790400E+003  0.65682654E+003
 -0.82578703E+000 -0.64661285E+000 -0.27857897E+000 -0.68102916E-004  0.76849076E-001  0.17302925E+001  0.12022749E+002  0.59173070E+002  0.13400179E+003  0.34790401E+003  0.65682663E+003
 -0.82577768E+000 -0.64663584E+000 -0.27859692E+000 -0.67932325E-004  0.76848280E-001  0.17292283E+001  0.12021013E+002  0.59173072E+002  0.13400180E+003  0.34790402E+003  0.65682672E+003
 -0.82575832E+000 -0.64662842E+000 -0.27860201E+000 -0.67780293E-004  0.76848438E-001  0.17284788E+001  0.12019635E+002  0.59173074E+002  0.13400181E+003  0.34790403E+003  0.65682679E+003
 -0.82573177E+000 -0.64659707E+000 -0.27859648E+000 -0.67645395E-004  0.76849337E-001  0.17279957E+001  0.12018560E+002  0.59173076E+002  0.13400182E+003  0.34790404E+003  0.65682686E+003
 -0.82570020E+000 -0.64654704E+000 -0.27858222E+000 -0.67525458E-004  0.76850809E-001  0.17277382E+001  0.12017745E+002  0.59173078E+002  0.13400183E+003  0.34790405E+003  0.65682692E+003
 -0.82566521E+000 -0.64648255E+000 -0.27856078E+000 -0.67418242E-004  0.76852720E-001  0.17276719E+001  0.12017150E+002  0.59173079E+002  0.13400184E+003  0.34790406E+003  0.65682697E+003
 -0.82562803E+000 -0.64640705E+000 -0.27853350E+000 -0.67321723E-004  0.76854964E-001  0.17277680E+001  0.12016743E+002  0.59173080E+002  0.13400185E+003  0.34790407E+003  0.65682701E+003
 -0.82558956E+000 -0.64632330E+000 -0.27850150E+000 -0.67234191E-004  0.76857459E-001  0.17280020E+001  0.12016497E+002  0.59173081E+002  0.13400185E+003  0.34790408E+003  0.65682705E+003
 -0.82555048E+000 -0.64623352E+000 -0.27846572E+000 -0.67154252E-004  0.76860140E-001  0.17283531E+001  0.12016387E+002  0.59173082E+002  0.13400186E+003  0.34790408E+003  0.65682708E+003
 -0.82551130E+000 -0.64613951E+000 -0.27842696E+000 -0.67080789E-004  0.76862956E-001  0.17288039E+001  0.12016395E+002  0.59173083E+002  0.13400186E+003  0.34790409E+003  0.65682711E+003
 -0.82547236E+000 -0.64604270E+000 -0.27838589E+000 -0.67012917E-004  0.76865865E-001  0.17293390E+001  0.12016501E+002  0.59173083E+002  0.13400187E+003  0.34790409E+003  0.65682714E+003
 -0.82543394E+000 -0.64594423E+000 -0.27834307E+000 -0.66949930E-004  0.76868835E-001  0.17299453E+001  0.12016693E+002  0.59173084E+002  0.13400187E+003  0.34790410E+003  0.65682716E+003
 -0.82539621E+000 -0.64584498E+000 -0.27829900E+000 -0.66891264E-004  0.76871841E-001  0.17306117E+001  0.12016957E+002  0.59173084E+002  0.13400187E+003  0.34790410E+003  0.65682717E+003
 -0.82535928E+000 -0.64574565E+000 -0.27825408E+000 -0.66836468E-004  0.76874863E-001  0.17313283E+001  0.12017283E+002  0.59173085E+002  0.13400188E+003  0.34790410E+003  0.65682719E+003
 -0.82532324E+000 -0.64564676E+000 -0.27820866E+000 -0.66785168E-004  0.76877884E-001  0.17320867E+001  0.12017662E+002  0.59173085E+002  0.13400188E+003  0.34790411E+003  0.65682720E+003
 -0.82528811E+000 -0.64554873E+000 -0.27816304E+000 -0.66737058E-004  0.76880891E-001  0.17328793E+001  0.12018086E+002  0.59173086E+002  0.13400188E+003  0.34790411E+003  0.65682721E+003
 -0.82525389E+000 -0.64545184E+000 -0.27811748E+000 -0.66691881E-004  0.76883873E-001  0.17333532E+001  0.12018549E+002  0.59173086E+002  0.13400188E+003  0.34790411E+003  0.65682722E+003
 -0.82522057E+000 -0.64535629E+000 -0.27807218E+000 -0.66649419E-004  0.76886823E-001  0.17335735E+001  0.12019045E+002  0.59173086E+002  0.13400188E+003  0.34790411E+003  0.65682723E+003
 -0.82518811E+000 -0.64526221E+000 -0.27802734E+000 -0.66609485E-004  0.76889734E-001  0.17337983E+001  0.12019569E+002  0.59173086E+002  0.13400188E+003  0.34790412E+003  0.65682724E+003
 -0.82515646E+000 -0.64516970E+000 -0.27798311E+000 -0.66571915E-004  0.76892599E-001  0.17340263E+001  0.12020117E+002  0.59173087E+002  0.13400189E+003  0.34790412E+003  0.65682725E+003
 -0.82512558E+000 -0.64507879E+000 -0.27793964E+000 -0.66536565E-004  0.76895416E-001  0.17342565E+001  0.12020687E+002  0.59173087E+002  0.13400189E+003  0.34790412E+003  0.65682725E+003
 -0.82509539E+000 -0.64498948E+000 -0.27789703E+000 -0.66503305E-004  0.76898179E-001  0.17344881E+001  0.12021274E+002  0.59173087E+002  0.13400189E+003  0.34790412E+003  0.65682726E+003
 -0.82506583E+000 -0.64490175E+000 -0.27785539E+000 -0.66472021E-004  0.76900888E-001  0.17347202E+001  0.12021878E+002  0.59173087E+002  0.13400189E+003  0.34790412E+003  0.65682726E+003
 -0.82503684E+000 -0.64481559E+000 -0.27781481E+000 -0.66442607E-004  0.77107752E-001  0.17349522E+001  0.12022495E+002  0.59173088E+002  0.13400189E+003  0.34790413E+003  0.65682727E+003
 -0.82500834E+000 -0.64473094E+000 -0.27777535E+000 -0.66414964E-004  0.77337695E-001  0.17351835E+001  0.12023125E+002  0.59173088E+002  0.13400189E+003  0.34790413E+003  0.65682727E+003
 -0.82498028E+000 -0.64464777E+000 -0.27773707E+000 -0.66389002E-004  0.77562380E-001  0.17354136E+001  0.12023765E+002  0.59173088E+002  0.13400189E+003  0.34790413E+003  0.65682728E+003
 -0.82495258E+000 -0.64456604E+000 -0.27770002E+000 -0.66364636E-004  0.77781735E-001  0.17356419E+001  0.12024413E+002  0.59173088E+002  0.13400189E+003  0.34790413E+003  0.65682728E+003
 -0.82492520E+000 -0.64448572E+000 -0.27766426E+000 -0.66341783E-004  0.77995726E-001  0.17358682E+001  0.12025069E+002  0.59173088E+002  0.13400189E+003  0.34790413E+003  0.65682728E+003
 -0.82489809E+000 -0.64440679E+000 -0.27762979E+000 -0.66320365E-004  0.78204346E-001  0.17360922E+001  0.12025732E+002  0.59173089E+002  0.13400189E+003  0.34790413E+003  0.65682729E+003
 -0.82487120E+000 -0.64432923E+000 -0.27759666E+000 -0.66300308E-004  0.78407618E-001  0.17363134E+001  0.12026399E+002  0.59173089E+002  0.13400189E+003  0.34790414E+003  0.65682729E+003
 -0.82484450E+000 -0.64425306E+000 -0.27756489E+000 -0.66281538E-004  0.78605590E-001  0.17365318E+001  0.12027070E+002  0.59173089E+002  0.13400189E+003  0.34790414E+003  0.65682729E+003
 -0.82481798E+000 -0.64417829E+000 -0.27753447E+000 -0.66263986E-004  0.78798334E-001  0.17367470E+001  0.12027743E+002  0.59173089E+002  0.13400190E+003  0.34790414E+003  0.65682729E+003
 -0.82479161E+000 -0.64410496E+000 -0.27750543E+000 -0.66247583E-004  0.78985943E-001  0.17369589E+001  0.12028417E+002  0.59173089E+002  0.13400190E+003  0.34790414E+003  0.65682730E+003
 -0.82476540E+000 -0.64403311E+000 -0.27747775E+000 -0.66232264E-004  0.79168530E-001  0.17371672E+001  0.12029091E+002  0.59173090E+002  0.13400190E+003  0.34790414E+003  0.65682730E+003
 -0.82473935E+000 -0.64396280E+000 -0.27745145E+000 -0.66217967E-004  0.79346229E-001  0.17373718E+001  0.12029763E+002  0.59173090E+002  0.13400190E+003  0.34790414E+003  0.65682730E+003
 -0.82471349E+000 -0.64389412E+000 -0.27742650E+000 -0.66204631E-004  0.79632916E-001  0.17375725E+001  0.12030432E+002  0.59173090E+002  0.13400190E+003  0.34790415E+003  0.65682731E+003
 -0.82468785E+000 -0.64382715E+000 -0.27740291E+000 -0.66192199E-004  0.80063065E-001  0.17377691E+001  0.12031097E+002  0.59173090E+002  0.13400190E+003  0.34790415E+003  0.65682731E+003
 -0.82466247E+000 -0.64376197E+000 -0.27738065E+000 -0.66180616E-004  0.80481783E-001  0.17379615E+001  0.12031756E+002  0.59173090E+002  0.13400190E+003  0.34790415E+003  0.65682731E+003
 -0.82463741E+000 -0.64369869E+000 -0.27735970E+000 -0.66169833E-004  0.80889612E-001  0.17381494E+001  0.12032409E+002  0.59173091E+002  0.13400190E+003  0.34790415E+003  0.65682732E+003
 -0.82461273E+000 -0.64363741E+000 -0.27734005E+000 -0.66159801E-004  0.81287132E-001  0.17383327E+001  0.12033055E+002  0.59173091E+002  0.13400190E+003  0.34790415E+003  0.65682732E+003
 -0.82458850E+000 -0.64357823E+000 -0.27732166E+000 -0.66150477E-004  0.81674952E-001  0.17385112E+001  0.12033694E+002  0.59173091E+002  0.13400190E+003  0.34790415E+003  0.65682732E+003
 -0.82456479E+000 -0.64352126E+000 -0.27730451E+000 -0.66141818E-004  0.82053714E-001  0.17386848E+001  0.12034323E+002  0.59173091E+002  0.13400190E+003  0.34790416E+003  0.65682733E+003
 -0.82454168E+000 -0.64346658E+000 -0.27728855E+000 -0.66133787E-004  0.82424080E-001  0.17388533E+001  0.12034944E+002  0.59173092E+002  0.13400190E+003  0.34790416E+003  0.65682733E+003
 -0.82451925E+000 -0.64341429E+000 -0.27727377E+000 -0.66126349E-004  0.82786732E-001  0.17390166E+001  0.12035556E+002  0.59173092E+002  0.13400190E+003  0.34790416E+003  0.65682733E+003
 -0.82449758E+000 -0.64336447E+000 -0.27726011E+000 -0.66119470E-004  0.83142362E-001  0.17391746E+001  0.12036158E+002  0.59173092E+002  0.13400191E+003  0.34790416E+003  0.65682734E+003
 -0.82447673E+000 -0.64331717E+000 -0.27724755E+000 -0.66113120E-004  0.83491663E-001  0.17393273E+001  0.12036750E+002  0.59173092E+002  0.13400191E+003  0.34790416E+003  0.65682734E+003
 -0.82445679E+000 -0.64327246E+000 -0.27723603E+000 -0.66107271E-004  0.83835314E-001  0.17394745E+001  0.12037332E+002  0.59173093E+002  0.13400191E+003  0.34790417E+003  0.65682734E+003
 -0.82443781E+000 -0.64323038E+000 -0.27722551E+000 -0.66101895E-004  0.84016684E-001  0.17396163E+001  0.12037904E+002  0.59173093E+002  0.13400191E+003  0.34790417E+003  0.65682735E+003
 -0.82441983E+000 -0.64319093E+000 -0.27721596E+000 -0.66096967E-004  0.84031820E-001  0.17397526E+001  0.12038467E+002  0.59173093E+002  0.13400191E+003  0.34790417E+003  0.65682735E+003
 -0.82440290E+000 -0.64315414E+000 -0.27720731E+000 -0.66092464E-004  0.84046786E-001  0.17398835E+001  0.12039019E+002  0.59173093E+002  0.13400191E+003  0.34790417E+003  0.65682735E+003
 -0.82438705E+000 -0.64311999E+000 -0.27719954E+000 -0.66088360E-004  0.84061605E-001  0.17400090E+001  0.12039561E+002  0.59173094E+002  0.13400191E+003  0.34790417E+003  0.65682736E+003
 -0.82437229E+000 -0.64308845E+000 -0.27719258E+000 -0.66084634E-004  0.84076296E-001  0.17401293E+001  0.12040092E+002  0.59173094E+002  0.13400191E+003  0.34790418E+003  0.65682736E+003
 -0.82435863E+000 -0.64305950E+000 -0.27718639E+000 -0.66081265E-004  0.84090871E-001  0.17402444E+001  0.12040613E+002  0.59173094E+002  0.13400191E+003  0.34790418E+003  0.65682737E+003
 -0.82434605E+000 -0.64303306E+000 -0.27718093E+000 -0.66078233E-004  0.84105339E-001  0.17403545E+001  0.12041124E+002  0.59173094E+002  0.13400191E+003  0.34790418E+003  0.65682737E+003
 -0.82433454E+000 -0.64300909E+000 -0.27717614E+000 -0.66075517E-004  0.84119704E-001  0.17404597E+001  0.12041623E+002  0.59173095E+002  0.13400191E+003  0.34790418E+003  0.65682737E+003
 -0.82432407E+000 -0.64298750E+000 -0.27717199E+000 -0.66073099E-004  0.84133963E-001  0.17405603E+001  0.12042112E+002  0.59173095E+002  0.13400191E+003  0.34790418E+003  0.65682738E+003
 -0.82431461E+000 -0.64296822E+000 -0.27716843E+000 -0.66070961E-004  0.84148108E-001  0.17406564E+001  0.12042590E+002  0.59173095E+002  0.13400192E+003  0.34790419E+003  0.65682738E+003
 -0.82430612E+000 -0.64295115E+000 -0.27716542E+000 -0.66069086E-004  0.84162123E-001  0.17407483E+001  0.12043057E+002  0.59173095E+002  0.13400192E+003  0.34790419E+003  0.65682738E+003
 -0.82429853E+000 -0.64293619E+000 -0.27716291E+000 -0.66067455E-004  0.84175990E-001  0.17408361E+001  0.12043512E+002  0.59173096E+002  0.13400192E+003  0.34790419E+003  0.65682739E+003
 -0.82429181E+000 -0.64292324E+000 -0.27716088E+000 -0.66066054E-004  0.84189684E-001  0.17409202E+001  0.12043956E+002  0.59173096E+002  0.13400192E+003  0.34790419E+003  0.65682739E+003
 -0.82428590E+000 -0.64291220E+000 -0.27715928E+000 -0.66064867E-004  0.84203173E-001  0.17410006E+001  0.12044390E+002  0.59173096E+002  0.13400192E+003  0.34790419E+003  0.65682740E+003
 -0.82428074E+000 -0.64290297E+000 -0.27715808E+000 -0.66063880E-004  0.84216424E-001  0.17410777E+001  0.12044812E+002  0.59173096E+002  0.13400192E+003  0.34790420E+003  0.65682740E+003
 -0.82427629E+000 -0.64289543E+000 -0.27715725E+000 -0.66063078E-004  0.84229399E-001  0.17411517E+001  0.12045222E+002  0.59173097E+002  0.13400192E+003  0.34790420E+003  0.65682740E+003
 -0.82427249E+000 -0.64288948E+000 -0.27715675E+000 -0.66062449E-004  0.84242059E-001  0.17412227E+001  0.12045622E+002  0.59173097E+002  0.13400192E+003  0.34790420E+003  0.65682741E+003
 -0.82426930E+000 -0.64288503E+000 -0.27715655E+000 -0.66061981E-004  0.84254362E-001  0.17412909E+001  0.12046011E+002  0.59173097E+002  0.13400192E+003  0.34790420E+003  0.65682741E+003
 -0.82426667E+000 -0.64288196E+000 -0.27715664E+000 -0.66061661E-004  0.84266267E-001  0.17413566E+001  0.12046390E+002  0.59173098E+002  0.13400193E+003  0.34790421E+003  0.65682742E+003
 -0.82426455E+000 -0.64288019E+000 -0.27715698E+000 -0.66061479E-004  0.84277731E-001  0.17414199E+001  0.12046758E+002  0.59173098E+002  0.13400193E+003  0.34790421E+003  0.65682742E+003
 -0.82426292E+000 -0.64287961E+000 -0.27715754E+000 -0.66061423E-004  0.84288717E-001  0.17414808E+001  0.12047116E+002  0.59173098E+002  0.13400193E+003  0.34790421E+003  0.65682742E+003
 -0.82426174E+000 -0.64288013E+000 -0.27715831E+000 -0.66061483E-004  0.84299187E-001  0.17415397E+001  0.12047464E+002  0.59173098E+002  0.13400193E+003  0.34790421E+003  0.65682743E+003
 -0.82426098E+000 -0.64288166E+000 -0.27715926E+000 -0.66061649E-004  0.84309108E-001  0.17415964E+001  0.12047803E+002  0.59173099E+002  0.13400193E+003  0.34790422E+003  0.65682743E+003
 -0.82426059E+000 -0.64288410E+000 -0.27716037E+000 -0.66061910E-004  0.84318451E-001  0.17416513E+001  0.12048134E+002  0.59173099E+002  0.13400193E+003  0.34790422E+003  0.65682744E+003
 -0.82426057E+000 -0.64288738E+000 -0.27716161E+000 -0.66062257E-004  0.84327193E-001  0.17417042E+001  0.12048456E+002  0.59173099E+002  0.13400193E+003  0.34790422E+003  0.65682744E+003
 -0.82426088E+000 -0.64289140E+000 -0.27716298E+000 -0.66062679E-004  0.84335316E-001  0.17417553E+001  0.12048772E+002  0.59173099E+002  0.13400193E+003  0.34790422E+003  0.65682744E+003
 -0.82426150E+000 -0.64289607E+000 -0.27716444E+000 -0.66063166E-004  0.84342808E-001  0.17418047E+001  0.12049080E+002  0.59173100E+002  0.13400194E+003  0.34790423E+003  0.65682745E+003
 -0.82426239E+000 -0.64290132E+000 -0.27716598E+000 -0.66063709E-004  0.84349664E-001  0.17418523E+001  0.12049383E+002  0.59173100E+002  0.13400194E+003  0.34790423E+003  0.65682745E+003
 -0.82426354E+000 -0.64290705E+000 -0.27716758E+000 -0.66064297E-004  0.84355883E-001  0.17418983E+001  0.12049680E+002  0.59173100E+002  0.13400194E+003  0.34790423E+003  0.65682745E+003
 -0.82426493E+000 -0.64291320E+000 -0.27716923E+000 -0.66064922E-004  0.84361472E-001  0.17419426E+001  0.12049972E+002  0.59173101E+002  0.13400194E+003  0.34790423E+003  0.65682746E+003
 -0.82426652E+000 -0.64291967E+000 -0.27717090E+000 -0.66065573E-004  0.84366445E-001  0.17419853E+001  0.12050261E+002  0.59173101E+002  0.13400194E+003  0.34790424E+003  0.65682746E+003
 -0.82426830E+000 -0.64292641E+000 -0.27717257E+000 -0.66066243E-004  0.84370820E-001  0.17420263E+001  0.12050546E+002  0.59173101E+002  0.13400194E+003  0.34790424E+003  0.65682747E+003
 -0.82427024E+000 -0.64293333E+000 -0.27717425E+000 -0.66066923E-004  0.84374618E-001  0.17420658E+001  0.12050829E+002  0.59173101E+002  0.13400194E+003  0.34790424E+003  0.65682747E+003
 -0.82427231E+000 -0.64294038E+000 -0.27717591E+000 -0.66067606E-004  0.84377868E-001  0.17421038E+001  0.12051110E+002  0.59173102E+002  0.13400194E+003  0.34790424E+003  0.65682747E+003
 -0.82427450E+000 -0.64294748E+000 -0.27717753E+000 -0.66068284E-004  0.84380601E-001  0.17421402E+001  0.12051389E+002  0.59173102E+002  0.13400195E+003  0.34790425E+003  0.65682748E+003
 -0.82427679E+000 -0.64295459E+000 -0.27717912E+000 -0.66068952E-004  0.84382850E-001  0.17421752E+001  0.12051668E+002  0.59173102E+002  0.13400195E+003  0.34790425E+003  0.65682748E+003
 -0.82427915E+000 -0.64296166E+000 -0.27718065E+000 -0.66069605E-004  0.84384651E-001  0.17422087E+001  0.12051946E+002  0.59173102E+002  0.13400195E+003  0.34790425E+003  0.65682748E+003
 -0.82428156E+000 -0.64296864E+000 -0.27718213E+000 -0.66070236E-004  0.84386042E-001  0.17422409E+001  0.12052225E+002  0.59173103E+002  0.13400195E+003  0.34790425E+003  0.65682749E+003
 -0.82428400E+000 -0.64297549E+000 -0.27718355E+000 -0.66070844E-004  0.84387061E-001  0.17422717E+001  0.12052503E+002  0.59173103E+002  0.13400195E+003  0.34790426E+003  0.65682749E+003
 -0.82428646E+000 -0.64298218E+000 -0.27718490E+000 -0.66071424E-004  0.84387746E-001  0.17423011E+001  0.12052782E+002  0.59173103E+002  0.13400195E+003  0.34790426E+003  0.65682749E+003
 -0.82428893E+000 -0.64298868E+000 -0.27718618E+000 -0.66071975E-004  0.84388134E-001  0.17423293E+001  0.12053062E+002  0.59173104E+002  0.13400195E+003  0.34790426E+003  0.65682750E+003
 -0.82429139E+000 -0.64299497E+000 -0.27718739E+000 -0.66072494E-004  0.84388263E-001  0.17423563E+001  0.12053342E+002  0.59173104E+002  0.13400196E+003  0.34790427E+003  0.65682750E+003
 -0.82429383E+000 -0.64300104E+000 -0.27718852E+000 -0.66072982E-004  0.84388168E-001  0.17423821E+001  0.12053624E+002  0.59173104E+002  0.13400196E+003  0.34790427E+003  0.65682750E+003
 -0.82429623E+000 -0.64300686E+000 -0.27718958E+000 -0.66073437E-004  0.84387881E-001  0.17424067E+001  0.12053905E+002  0.59173104E+002  0.13400196E+003  0.34790427E+003  0.65682751E+003
 -0.82429859E+000 -0.64301244E+000 -0.27719057E+000 -0.66073859E-004  0.84387435E-001  0.17424303E+001  0.12054188E+002  0.59173105E+002  0.13400196E+003  0.34790428E+003  0.65682751E+003
 -0.82430090E+000 -0.64301776E+000 -0.27719149E+000 -0.66074250E-004  0.84386858E-001  0.17424529E+001  0.12054471E+002  0.59173105E+002  0.13400196E+003  0.34790428E+003  0.65682751E+003
 -0.82430316E+000 -0.64302282E+000 -0.27719234E+000 -0.66074610E-004  0.84386177E-001  0.17424744E+001  0.12054753E+002  0.59173105E+002  0.13400196E+003  0.34790428E+003  0.65682752E+003
 -0.82430535E+000 -0.64302763E+000 -0.27719312E+000 -0.66074940E-004  0.84385415E-001  0.17424950E+001  0.12055036E+002  0.59173105E+002  0.13400197E+003  0.34790428E+003  0.65682752E+003
 -0.82430747E+000 -0.64303219E+000 -0.27719385E+000 -0.66075242E-004  0.84384595E-001  0.17425147E+001  0.12055318E+002  0.59173106E+002  0.13400197E+003  0.34790429E+003  0.65682753E+003
 -0.82430952E+000 -0.64303649E+000 -0.27719451E+000 -0.66075516E-004  0.84383735E-001  0.17425335E+001  0.12055599E+002  0.59173106E+002  0.13400197E+003  0.34790429E+003  0.65682753E+003
 -0.82431150E+000 -0.64304055E+000 -0.27719512E+000 -0.66075765E-004  0.84382852E-001  0.17425515E+001  0.12055879E+002  0.59173106E+002  0.13400197E+003  0.34790429E+003  0.65682753E+003
 -0.82431340E+000 -0.64304437E+000 -0.27719568E+000 -0.66075991E-004  0.84381960E-001  0.17425686E+001  0.12056158E+002  0.59173106E+002  0.13400197E+003  0.34790430E+003  0.65682754E+003
 -0.82431522E+000 -0.64304796E+000 -0.27719619E+000 -0.66076194E-004  0.84381072E-001  0.17425850E+001  0.12056434E+002  0.59173107E+002  0.13400197E+003  0.34790430E+003  0.65682754E+003
 -0.82431695E+000 -0.64305132E+000 -0.27719666E+000 -0.66076378E-004  0.84380198E-001  0.17426006E+001  0.12056708E+002  0.59173107E+002  0.13400197E+003  0.34790431E+003  0.65682754E+003
 -0.82431860E+000 -0.64305447E+000 -0.27719708E+000 -0.66076542E-004  0.84379346E-001  0.17426154E+001  0.12056978E+002  0.59173107E+002  0.13400198E+003  0.34790431E+003  0.65682755E+003
 -0.82432017E+000 -0.64305741E+000 -0.27719746E+000 -0.66076689E-004  0.84378523E-001  0.17426296E+001  0.12057245E+002  0.59173107E+002  0.13400198E+003  0.34790431E+003  0.65682755E+003
 -0.82432166E+000 -0.64306015E+000 -0.27719781E+000 -0.66076821E-004  0.84377734E-001  0.17426430E+001  0.12057509E+002  0.59173108E+002  0.13400198E+003  0.34790432E+003  0.65682756E+003
 -0.82432306E+000 -0.64306270E+000 -0.27719813E+000 -0.66076938E-004  0.84376983E-001  0.17426558E+001  0.12057768E+002  0.59173108E+002  0.13400198E+003  0.34790432E+003  0.65682756E+003
 -0.82432438E+000 -0.64306507E+000 -0.27719841E+000 -0.66077043E-004  0.84376274E-001  0.17426679E+001  0.12058023E+002  0.59173108E+002  0.13400198E+003  0.34790432E+003  0.65682757E+003
 -0.82432561E+000 -0.64306726E+000 -0.27719867E+000 -0.66077135E-004  0.84375607E-001  0.17426793E+001  0.12058272E+002  0.59173108E+002  0.13400198E+003  0.34790433E+003  0.65682757E+003
 -0.82432677E+000 -0.64306928E+000 -0.27719890E+000 -0.66077217E-004  0.84374985E-001  0.17426901E+001  0.12058516E+002  0.59173109E+002  0.13400199E+003  0.34790433E+003  0.65682758E+003
 -0.82432784E+000 -0.64307115E+000 -0.27719911E+000 -0.66077289E-004  0.84374407E-001  0.17427003E+001  0.12058755E+002  0.59173109E+002  0.13400199E+003  0.34790434E+003  0.65682758E+003
 -0.82432884E+000 -0.64307286E+000 -0.27719929E+000 -0.66077352E-004  0.84373873E-001  0.17427099E+001  0.12058987E+002  0.59173109E+002  0.13400199E+003  0.34790434E+003  0.65682759E+003
 -0.82432976E+000 -0.64307443E+000 -0.27719946E+000 -0.66077408E-004  0.84373383E-001  0.17427188E+001  0.12059214E+002  0.59173109E+002  0.13400199E+003  0.34790435E+003  0.65682759E+003
 -0.82433061E+000 -0.64307586E+000 -0.27719961E+000 -0.66077456E-004  0.84372935E-001  0.17427272E+001  0.12059434E+002  0.59173110E+002  0.13400199E+003  0.34790435E+003  0.65682760E+003
 -0.82433139E+000 -0.64307717E+000 -0.27719974E+000 -0.66077497E-004  0.84372527E-001  0.17427351E+001  0.12059647E+002  0.59173110E+002  0.13400199E+003  0.34790436E+003  0.65682760E+003
 -0.82433211E+000 -0.64307835E+000 -0.27719985E+000 -0.66077533E-004  0.84372159E-001  0.17427423E+001  0.12059854E+002  0.59173110E+002  0.13400200E+003  0.34790436E+003  0.65682761E+003
 -0.82433275E+000 -0.64307941E+000 -0.27719995E+000 -0.66077562E-004  0.84371828E-001  0.17427491E+001  0.12060053E+002  0.59173110E+002  0.13400200E+003  0.34790436E+003  0.65682762E+003
 -0.82433334E+000 -0.64308037E+000 -0.27720004E+000 -0.66077587E-004  0.84371533E-001  0.17427553E+001  0.12060246E+002  0.59173111E+002  0.13400200E+003  0.34790437E+003  0.65682762E+003
 -0.82433386E+000 -0.64308122E+000 -0.27720011E+000 -0.66077607E-004  0.84371271E-001  0.17427611E+001  0.12060432E+002  0.59173111E+002  0.13400200E+003  0.34790437E+003  0.65682763E+003
 -0.82433433E+000 -0.64308198E+000 -0.27720017E+000 -0.66077623E-004  0.84371041E-001  0.17427664E+001  0.12060611E+002  0.59173111E+002  0.13400200E+003  0.34790438E+003  0.65682764E+003
 -0.82433475E+000 -0.64308264E+000 -0.27720023E+000 -0.66077635E-004  0.84370839E-001  0.17427713E+001  0.12060782E+002  0.59173111E+002  0.13400200E+003  0.34790438E+003  0.65682764E+003
 -0.82433512E+000 -0.64308322E+000 -0.27720027E+000 -0.66077643E-004  0.84370666E-001  0.17427757E+001  0.12060947E+002  0.59173111E+002  0.13400200E+003  0.34790439E+003  0.65682765E+003
 -0.82433544E+000 -0.64308373E+000 -0.27720030E+000 -0.66077647E-004  0.84370517E-001  0.17427798E+001  0.12061105E+002  0.59173112E+002  0.13400201E+003  0.34790439E+003  0.65682766E+003
 -0.82433571E+000 -0.64308416E+000 -0.27720033E+000 -0.66077649E-004  0.84370392E-001  0.17427835E+001  0.12061255E+002  0.59173112E+002  0.13400201E+003  0.34790440E+003  0.65682767E+003
 -0.82433595E+000 -0.64308452E+000 -0.27720034E+000 -0.66077647E-004  0.84370289E-001  0.17427868E+001  0.12061399E+002  0.59173112E+002  0.13400201E+003  0.34790440E+003  0.65682767E+003
 -0.82433615E+000 -0.64308482E+000 -0.27720035E+000 -0.66077643E-004  0.84370205E-001  0.17427898E+001  0.12061537E+002  0.59173112E+002  0.13400201E+003  0.34790441E+003  0.65682768E+003
 -0.82433631E+000 -0.64308507E+000 -0.27720036E+000 -0.66077636E-004  0.84370139E-001  0.17427925E+001  0.12061667E+002  0.59173113E+002  0.13400201E+003  0.34790442E+003  0.65682769E+003
 -0.82433645E+000 -0.64308526E+000 -0.27720036E+000 -0.66077626E-004  0.84370090E-001  0.17427950E+001  0.12061792E+002  0.59173113E+002  0.13400201E+003  0.34790442E+003  0.65682770E+003
 -0.82433655E+000 -0.64308540E+000 -0.27720035E+000 -0.66077615E-004  0.84370056E-001  0.17427972E+001  0.12061910E+002  0.59173113E+002  0.13400202E+003  0.34790443E+003  0.65682771E+003
 -0.82433663E+000 -0.64308550E+000 -0.27720034E+000 -0.66077601E-004  0.84370035E-001  0.17427992E+001  0.12062022E+002  0.59173113E+002  0.13400202E+003  0.34790443E+003  0.65682771E+003
 -0.82433668E+000 -0.64308556E+000 -0.27720032E+000 -0.66077585E-004  0.84370026E-001  0.17428009E+001  0.12062128E+002  0.59173113E+002  0.13400202E+003  0.34790444E+003  0.65682772E+003
 -0.82433671E+000 -0.64308558E+000 -0.27720030E+000 -0.66077568E-004  0.84370027E-001  0.17428025E+001  0.12062228E+002  0.59173114E+002  0.13400202E+003  0.34790444E+003  0.65682773E+003
 -0.82433673E+000 -0.64308558E+000 -0.27720027E+000 -0.66077549E-004  0.84370038E-001  0.17428039E+001  0.12062323E+002  0.59173114E+002  0.13400202E+003  0.34790445E+003  0.65682774E+003
 -0.82433672E+000 -0.64308554E+000 -0.27720024E+000 -0.66077529E-004  0.84370058E-001  0.17428052E+001  0.12062412E+002  0.59173114E+002  0.13400202E+003  0.34790445E+003  0.65682775E+003
 -0.82433670E+000 -0.64308548E+000 -0.27720021E+000 -0.66077508E-004  0.84370085E-001  0.17428064E+001  0.12062497E+002  0.59173114E+002  0.13400202E+003  0.34790446E+003  0.65682776E+003
 -0.82433667E+000 -0.64308540E+000 -0.27720018E+000 -0.66077485E-004  0.84370118E-001  0.17428074E+001  0.12062576E+002  0.59173114E+002  0.13400203E+003  0.34790446E+003  0.65682777E+003
 -0.82433662E+000 -0.64308530E+000 -0.27720015E+000 -0.66077462E-004  0.84370156E-001  0.17428083E+001  0.12062651E+002  0.59173114E+002  0.13400203E+003  0.34790447E+003  0.65682778E+003
 -0.82433657E+000 -0.64308518E+000 -0.27720011E+000 -0.66077437E-004  0.84370199E-001  0.17428092E+001  0.12062721E+002  0.59173115E+002  0.13400203E+003  0.34790448E+003  0.65682779E+003
 -0.82433651E+000 -0.64308505E+000 -0.27720007E+000 -0.66077413E-004  0.84370245E-001  0.17428100E+001  0.12062786E+002  0.59173115E+002  0.13400203E+003  0.34790448E+003  0.65682780E+003
 -0.82433644E+000 -0.64308491E+000 -0.27720003E+000 -0.66077387E-004  0.84370294E-001  0.17428107E+001  0.12062848E+002  0.59173115E+002  0.13400203E+003  0.34790449E+003  0.65682781E+003
 -0.82433636E+000 -0.64308476E+000 -0.27719999E+000 -0.66077362E-004  0.84370346E-001  0.17428113E+001  0.12062906E+002  0.59173115E+002  0.13400203E+003  0.34790449E+003  0.65682782E+003
 -0.82433628E+000 -0.64308460E+000 -0.27719995E+000 -0.66077336E-004  0.84370399E-001  0.17428119E+001  0.12062959E+002  0.59173115E+002  0.13400203E+003  0.34790450E+003  0.65682783E+003
 -0.82433620E+000 -0.64308444E+000 -0.27719991E+000 -0.66077310E-004  0.84370453E-001  0.17428125E+001  0.12063010E+002  0.59173115E+002  0.13400203E+003  0.34790450E+003  0.65682784E+003
 -0.82433611E+000 -0.64308428E+000 -0.27719987E+000 -0.66077285E-004  0.84370508E-001  0.17428131E+001  0.12063057E+002  0.59173115E+002  0.13400204E+003  0.34790451E+003  0.65682785E+003
 -0.82433602E+000 -0.64308411E+000 -0.27719983E+000 -0.66077259E-004  0.84370563E-001  0.17428136E+001  0.12063100E+002  0.59173116E+002  0.13400204E+003  0.34790451E+003  0.65682786E+003
 -0.82433594E+000 -0.64308394E+000 -0.27719979E+000 -0.66077234E-004  0.84370618E-001  0.17428141E+001  0.12063141E+002  0.59173116E+002  0.13400204E+003  0.34790452E+003  0.65682787E+003
 -0.82433585E+000 -0.64308377E+000 -0.27719975E+000 -0.66077209E-004  0.84370672E-001  0.17428146E+001  0.12063179E+002  0.59173116E+002  0.13400204E+003  0.34790452E+003  0.65682788E+003
 -0.82433576E+000 -0.64308361E+000 -0.27719971E+000 -0.66077185E-004  0.84370725E-001  0.17428150E+001  0.12063214E+002  0.59173116E+002  0.13400204E+003  0.34790453E+003  0.65682789E+003
 -0.82433568E+000 -0.64308344E+000 -0.27719967E+000 -0.66077161E-004  0.84370776E-001  0.17428155E+001  0.12063247E+002  0.59173116E+002  0.13400204E+003  0.34790453E+003  0.65682790E+003
 -0.82433559E+000 -0.64308329E+000 -0.27719963E+000 -0.66077138E-004  0.84370826E-001  0.17428159E+001  0.12063277E+002  0.59173116E+002  0.13400204E+003  0.34790454E+003  0.65682792E+003
 -0.82433551E+000 -0.64308313E+000 -0.27719960E+000 -0.66077116E-004  0.84370874E-001  0.17428163E+001  0.12063306E+002  0.59173116E+002  0.13400204E+003  0.34790454E+003  0.65682793E+003
 -0.82433544E+000 -0.64308299E+000 -0.27719956E+000 -0.66077095E-004  0.84370920E-001  0.17428167E+001  0.12063332E+002  0.59173116E+002  0.13400204E+003  0.34790455E+003  0.65682794E+003
 -0.82433536E+000 -0.64308284E+000 -0.27719953E+000 -0.66077074E-004  0.84370964E-001  0.17428171E+001  0.12063356E+002  0.59173117E+002  0.13400205E+003  0.34790455E+003  0.65682795E+003
 -0.82433529E+000 -0.64308271E+000 -0.27719950E+000 -0.66077054E-004  0.84371006E-001  0.17428175E+001  0.12063379E+002  0.59173117E+002  0.13400205E+003  0.34790456E+003  0.65682796E+003
 -0.82433522E+000 -0.64308258E+000 -0.27719947E+000 -0.66077036E-004  0.84371045E-001  0.17428179E+001  0.12063399E+002  0.59173117E+002  0.13400205E+003  0.34790456E+003  0.65682797E+003
 -0.82433516E+000 -0.64308246E+000 -0.27719944E+000 -0.66077018E-004  0.84371082E-001  0.17428183E+001  0.12063419E+002  0.59173117E+002  0.13400205E+003  0.34790457E+003  0.65682798E+003
 -0.82433510E+000 -0.64308234E+000 -0.27719941E+000 -0.66077002E-004  0.84371117E-001  0.17428187E+001  0.12063436E+002  0.59173117E+002  0.13400205E+003  0.34790457E+003  0.65682799E+003
 -0.82433504E+000 -0.64308224E+000 -0.27719938E+000 -0.66076986E-004  0.84371148E-001  0.17428191E+001  0.12063453E+002  0.59173117E+002  0.13400205E+003  0.34790458E+003  0.65682800E+003
 -0.82433499E+000 -0.64308213E+000 -0.27719936E+000 -0.66076972E-004  0.84371178E-001  0.17428194E+001  0.12063468E+002  0.59173117E+002  0.13400205E+003  0.34790458E+003  0.65682801E+003
 -0.82433494E+000 -0.64308204E+000 -0.27719934E+000 -0.66076958E-004  0.84371205E-001  0.17428197E+001  0.12063482E+002  0.59173117E+002  0.13400205E+003  0.34790459E+003  0.65682802E+003
 -0.82433490E+000 -0.64308196E+000 -0.27719932E+000 -0.66076946E-004  0.84371229E-001  0.17428201E+001  0.12063495E+002  0.59173117E+002  0.13400205E+003  0.34790459E+003  0.65682803E+003
 -0.82433486E+000 -0.64308188E+000 -0.27719930E+000 -0.66076935E-004  0.84371251E-001  0.17428204E+001  0.12063507E+002  0.59173117E+002  0.13400205E+003  0.34790459E+003  0.65682804E+003
 -0.82433482E+000 -0.64308181E+000 -0.27719928E+000 -0.66076924E-004  0.84371271E-001  0.17428207E+001  0.12063518E+002  0.59173117E+002  0.13400205E+003  0.34790460E+003  0.65682805E+003
 -0.82433479E+000 -0.64308175E+000 -0.27719927E+000 -0.66076915E-004  0.84371288E-001  0.17428210E+001  0.12063528E+002  0.59173117E+002  0.13400205E+003  0.34790460E+003  0.65682806E+003
 -0.82433476E+000 -0.64308170E+000 -0.27719925E+000 -0.66076907E-004  0.84371303E-001  0.17428212E+001  0.12063538E+002  0.59173117E+002  0.13400205E+003  0.34790461E+003  0.65682807E+003
 -0.82433474E+000 -0.64308165E+000 -0.27719924E+000 -0.66076899E-004  0.84371316E-001  0.17428215E+001  0.12063546E+002  0.59173117E+002  0.13400206E+003  0.34790461E+003  0.65682808E+003
 -0.82433471E+000 -0.64308161E+000 -0.27719923E+000 -0.66076893E-004  0.84371327E-001  0.17428217E+001  0.12063554E+002  0.59173117E+002  0.13400206E+003  0.34790461E+003  0.65682809E+003
 -0.82433470E+000 -0.64308157E+000 -0.27719922E+000 -0.66076888E-004  0.84371335E-001  0.17428220E+001  0.12063562E+002  0.59173118E+002  0.13400206E+003  0.34790462E+003  0.65682810E+003
 -0.82433468E+000 -0.64308155E+000 -0.27719921E+000 -0.66076883E-004  0.84371342E-001  0.17428222E+001  0.12063568E+002  0.59173118E+002  0.13400206E+003  0.34790462E+003  0.65682811E+003
 -0.82433467E+000 -0.64308152E+000 -0.27719921E+000 -0.66076879E-004  0.84371348E-001  0.17428224E+001  0.12063575E+002  0.59173118E+002  0.13400206E+003  0.34790462E+003  0.65682812E+003
 -0.82433466E+000 -0.64308151E+000 -0.27719920E+000 -0.66076876E-004  0.84371351E-001  0.17428226E+001  0.12063581E+002  0.59173118E+002  0.13400206E+003  0.34790463E+003  0.65682813E+003
 -0.82433466E+000 -0.64308150E+000 -0.27719920E+000 -0.66076874E-004  0.84371353E-001  0.17428227E+001  0.12063586E+002  0.59173118E+002  0.13400206E+003  0.34790463E+003  0.65682814E+003
 -0.82433466E+000 -0.64308149E+000 -0.27719920E+000 -0.66076872E-004  0.84371354E-001  0.17428229E+001  0.12063591E+002  0.59173118E+002  0.13400206E+003  0.34790463E+003  0.65682815E+003
 -0.82433466E+000 -0.64308149E+000 -0.27719920E+000 -0.66076871E-004  0.84371354E-001  0.17428230E+001  0.12063595E+002  0.59173118E+002  0.13400206E+003  0.34790464E+003  0.65682816E+003
 -0.82433466E+000 -0.64308149E+000 -0.27719919E+000 -0.66076871E-004  0.84371353E-001  0.17428231E+001  0.12063599E+002  0.59173118E+002  0.13400206E+003  0.34790464E+003  0.65682817E+003
 -0.82433466E+000 -0.64308150E+000 -0.27719919E+000 -0.66076871E-004  0.84371351E-001  0.17428232E+001  0.12063603E+002  0.59173118E+002  0.13400206E+003  0.34790464E+003  0.65682818E+003
 -0.82433467E+000 -0.64308150E+000 -0.27719920E+000 -0.66076871E-004  0.84371348E-001  0.17428233E+001  0.12063607E+002  0.59173118E+002  0.13400206E+003  0.34790465E+003  0.65682818E+003
 -0.82433467E+000 -0.64308152E+000 -0.27719920E+000 -0.66076872E-004  0.84371344E-001  0.17428234E+001  0.12063610E+002  0.59173118E+002  0.13400206E+003  0.34790465E+003  0.65682819E+003
 -0.82433468E+000 -0.64308153E+000 -0.27719920E+000 -0.66076873E-004  0.84371340E-001  0.17428235E+001  0.12063613E+002  0.59173118E+002  0.13400206E+003  0.34790465E+003  0.65682820E+003
 -0.82433469E+000 -0.64308155E+000 -0.27719920E+000 -0.66076875E-004  0.84371335E-001  0.17428235E+001  0.12063616E+002  0.59173118E+002  0.13400206E+003  0.34790466E+003  0.65682821E+003
 -0.82433470E+000 -0.64308156E+000 -0.27719920E+000 -0.66076876E-004  0.84371330E-001  0.17428236E+001  0.12063618E+002  0.59173118E+002  0.13400206E+003  0.34790466E+003  0.65682822E+003
 -0.82433471E+000 -0.64308158E+000 -0.27719921E+000 -0.66076878E-004  0.84371325E-001  0.17428236E+001  0.12063620E+002  0.59173118E+002  0.13400206E+003  0.34790466E+003  0.65682822E+003
 -0.82433472E+000 -0.64308160E+000 -0.27719921E+000 -0.66076880E-004  0.84371320E-001  0.17428237E+001  0.12063622E+002  0.59173118E+002  0.13400206E+003  0.34790466E+003  0.65682823E+003
 -0.82433473E+000 -0.64308162E+000 -0.27719922E+000 -0.66076882E-004  0.84371315E-001  0.17428237E+001  0.12063624E+002  0.59173118E+002  0.13400206E+003  0.34790466E+003  0.65682824E+003
 -0.82433474E+000 -0.64308164E+000 -0.27719922E+000 -0.66076884E-004  0.84371310E-001  0.17428237E+001  0.12063626E+002  0.59173118E+002  0.13400206E+003  0.34790467E+003  0.65682824E+003
 -0.82433475E+000 -0.64308167E+000 -0.27719922E+000 -0.66076886E-004  0.84371305E-001  0.17428237E+001  0.12063627E+002  0.59173118E+002  0.13400206E+003  0.34790467E+003  0.65682825E+003
 -0.82433476E+000 -0.64308169E+000 -0.27719923E+000 -0.66076888E-004  0.84371301E-001  0.17428237E+001  0.12063629E+002  0.59173118E+002  0.13400206E+003  0.34790467E+003  0.65682826E+003
 -0.82433478E+000 -0.64308171E+000 -0.27719923E+000 -0.66076891E-004  0.84371297E-001  0.17428237E+001  0.12063630E+002  0.59173118E+002  0.13400206E+003  0.34790467E+003  0.65682826E+003
 -0.82433479E+000 -0.64308174E+000 -0.27719924E+000 -0.66076893E-004  0.84371293E-001  0.17428237E+001  0.12063631E+002  0.59173118E+002  0.13400206E+003  0.34790467E+003  0.65682827E+003
 -0.82433481E+000 -0.64308177E+000 -0.27719924E+000 -0.66076896E-004  0.84371289E-001  0.17428237E+001  0.12063632E+002  0.59173118E+002  0.13400206E+003  0.34790468E+003  0.65682828E+003
 -0.82433483E+000 -0.64308183E+000 -0.27719926E+000 -0.66076901E-004  0.84371284E-001  0.17428236E+001  0.12063633E+002  0.59173118E+002  0.13400206E+003  0.34790468E+003  0.65682828E+003
 -0.82433488E+000 -0.64308192E+000 -0.27719927E+000 -0.66076911E-004  0.84371275E-001  0.17428236E+001  0.12063634E+002  0.59173118E+002  0.13400206E+003  0.34790468E+003  0.65682829E+003
 -0.82433492E+000 -0.64308200E+000 -0.27719930E+000 -0.66076925E-004  0.84371262E-001  0.17428235E+001  0.12063635E+002  0.59173118E+002  0.13400206E+003  0.34790468E+003  0.65682829E+003
