  0.00000000E+000  0.00000000E+000  0.00000000E+000  0.00000000E+000  0.42002957E-001  0.36729950E+000  0.69473192E+001  0.46628732E+002  0.11401601E+003  0.30183193E+003  0.59248622E+003
  0.00000000E+000  0.00000000E+000  0.00000000E+000  0.00000000E+000  0.41971267E-001  0.36713841E+000  0.69434863E+001  0.46596672E+002  0.11393821E+003  0.30161852E+003  0.59209448E+003
  0.00000000E+000  0.00000000E+000  0.00000000E+000  0.00000000E+000  0.41945704E-001  0.36700308E+000  0.69402173E+001  0.46569174E+002  0.11387182E+003  0.30143642E+003  0.59176030E+003
  0.00000000E+000  0.00000000E+000  0.00000000E+000  0.00000000E+000  0.41924611E-001  0.36689001E+000  0.69374370E+001  0.46545673E+002  0.11381528E+003  0.30128139E+003  0.59147583E+003
  0.00000000E+000  0.00000000E+000  0.00000000E+000  0.00000000E+000  0.41907051E-001  0.36679604E+000  0.69350753E+001  0.46525653E+002  0.11376721E+003  0.30114960E+003  0.59123404E+003
  0.00000000E+000  0.00000000E+000  0.00000000E+000  0.00000000E+000  0.41892425E-001  0.36671828E+000  0.69330709E+001  0.46508603E+002  0.11372639E+003  0.30103769E+003  0.59102874E+003
  0.00000000E+000  0.00000000E+000  0.00000000E+000  0.00000000E+000  0.41880286E-001  0.36665422E+000  0.69313712E+001  0.46494101E+002  0.11369177E+003  0.30094273E+003  0.59085456E+003
  0.00000000E+000  0.00000000E+000  0.00000000E+000  0.00000000E+000  0.41870271E-001  0.36660178E+000  0.69299308E+001  0.46481790E+002  0.11366241E+003  0.30086220E+003  0.59070689E+003
  0.00000000E+000  0.00000000E+000  0.00000000E+000  0.00000000E+000  0.41862074E-001  0.36655916E+000  0.69287111E+001  0.46471340E+002  0.11363753E+003  0.30079395E+003  0.59058177E+003
  0.00000000E+000  0.00000000E+000  0.00000000E+000  0.00000000E+000  0.41855433E-001  0.36652487E+000  0.69276789E+001  0.46462485E+002  0.11361645E+003  0.30073613E+003  0.59047582E+003
  0.00000000E+000  0.00000000E+000  0.00000000E+000  0.00000000E+000  0.41850126E-001  0.36649764E+000  0.69268064E+001  0.46454995E+002  0.11359862E+003  0.30068719E+003  0.59038617E+003
  0.00000000E+000  0.00000000E+000  0.00000000E+000  0.00000000E+000  0.41845966E-001  0.36647641E+000  0.69260700E+001  0.46448668E+002  0.11358353E+003  0.30064580E+003  0.59031040E+003
  0.00000000E+000  0.00000000E+000  0.00000000E+000  0.00000000E+000  0.41842793E-001  0.36646026E+000  0.69254494E+001  0.46443329E+002  0.11357079E+003  0.30061084E+003  0.59024643E+003
  0.00000000E+000  0.00000000E+000  0.00000000E+000  0.00000000E+000  0.41840473E-001  0.36644846E+000  0.69249278E+001  0.46438834E+002  0.11356005E+003  0.30058136E+003  0.59019252E+003
  0.00000000E+000  0.00000000E+000  0.00000000E+000  0.00000000E+000  0.41838894E-001  0.36644036E+000  0.69244906E+001  0.46435058E+002  0.11355102E+003  0.30055654E+003  0.59014717E+003
  0.00000000E+000  0.00000000E+000  0.00000000E+000  0.00000000E+000  0.41837961E-001  0.36643543E+000  0.69241258E+001  0.46431895E+002  0.11354344E+003  0.30053570E+003  0.59010914E+003
  0.00000000E+000  0.00000000E+000  0.00000000E+000  0.00000000E+000  0.41837593E-001  0.36643322E+000  0.69238229E+001  0.46429257E+002  0.11353711E+003  0.30051826E+003  0.59007734E+003
  0.00000000E+000  0.00000000E+000  0.00000000E+000  0.00000000E+000  0.41837722E-001  0.36643335E+000  0.69235731E+001  0.46427067E+002  0.11353184E+003  0.30050372E+003  0.59005088E+003
  0.00000000E+000  0.00000000E+000  0.00000000E+000  0.00000000E+000  0.41838290E-001  0.36643551E+000  0.69233691E+001  0.46425261E+002  0.11352747E+003  0.30049167E+003  0.59002898E+003
  0.00000000E+000  0.00000000E+000  0.00000000E+000  0.00000000E+000  0.41839248E-001  0.36643942E+000  0.69232043E+001  0.46423785E+002  0.11352389E+003  0.30048175E+003  0.59001099E+003
  0.00000000E+000  0.00000000E+000  0.00000000E+000  0.00000000E+000  0.41840555E-001  0.36644486E+000  0.69230736E+001  0.46422591E+002  0.11352098E+003  0.30047365E+003  0.58999634E+003
  0.00000000E+000  0.00000000E+000  0.00000000E+000  0.00000000E+000  0.41842174E-001  0.36645164E+000  0.69229722E+001  0.46421639E+002  0.11351864E+003  0.30046712E+003  0.58998455E+003
  0.00000000E+000  0.00000000E+000  0.00000000E+000  0.00000000E+000  0.41844077E-001  0.36645960E+000  0.69228963E+001  0.46420897E+002  0.11351679E+003  0.30046192E+003  0.58997522E+003
  0.00000000E+000  0.00000000E+000  0.00000000E+000  0.00000000E+000  0.41846237E-001  0.36646860E+000  0.69228426E+001  0.46420333E+002  0.11351537E+003  0.30045787E+003  0.58996800E+003
  0.00000000E+000  0.00000000E+000  0.00000000E+000  0.00000000E+000  0.41848633E-001  0.36647853E+000  0.69228082E+001  0.46419925E+002  0.11351431E+003  0.30045481E+003  0.58996258E+003
  0.00000000E+000  0.00000000E+000  0.00000000E+000  0.00000000E+000  0.41851248E-001  0.36648929E+000  0.69227907E+001  0.46419649E+002  0.11351356E+003  0.30045259E+003  0.58995871E+003
  0.00000000E+000  0.00000000E+000  0.00000000E+000  0.00000000E+000  0.41854065E-001  0.36650080E+000  0.69227880E+001  0.46419488E+002  0.11351308E+003  0.30045109E+003  0.58995616E+003
  0.00000000E+000  0.00000000E+000  0.00000000E+000  0.00000000E+000  0.41857073E-001  0.36651300E+000  0.69227985E+001  0.46419426E+002  0.11351284E+003  0.30045022E+003  0.58995475E+003
  0.00000000E+000  0.00000000E+000  0.00000000E+000  0.00000000E+000  0.41860260E-001  0.36652581E+000  0.69228205E+001  0.46419450E+002  0.11351279E+003  0.30044987E+003  0.58995431E+003
  0.00000000E+000  0.00000000E+000  0.00000000E+000  0.00000000E+000  0.41863619E-001  0.36653919E+000  0.69228529E+001  0.46419548E+002  0.11351291E+003  0.30044998E+003  0.58995470E+003
  0.00000000E+000  0.00000000E+000  0.00000000E+000  0.00000000E+000  0.41867143E-001  0.36655311E+000  0.69228946E+001  0.46419709E+002  0.11351318E+003  0.30045047E+003  0.58995580E+003
  0.00000000E+000  0.00000000E+000  0.00000000E+000  0.00000000E+000  0.41870827E-001  0.36656751E+000  0.69229446E+001  0.46419926E+002  0.11351358E+003  0.30045130E+003  0.58995749E+003
  0.00000000E+000  0.00000000E+000  0.00000000E+000  0.00000000E+000  0.41874667E-001  0.36658238E+000  0.69230022E+001  0.46420191E+002  0.11351408E+003  0.30045240E+003  0.58995970E+003
  0.00000000E+000  0.00000000E+000  0.00000000E+000  0.00000000E+000  0.41878662E-001  0.36659768E+000  0.69230669E+001  0.46420498E+002  0.11351468E+003  0.30045374E+003  0.58996234E+003
  0.00000000E+000  0.00000000E+000  0.00000000E+000  0.00000000E+000  0.41882809E-001  0.36661339E+000  0.69231379E+001  0.46420842E+002  0.11351536E+003  0.30045528E+003  0.58996534E+003
  0.00000000E+000  0.00000000E+000  0.00000000E+000  0.00000000E+000  0.41887110E-001  0.36662948E+000  0.69232150E+001  0.46421218E+002  0.11351611E+003  0.30045699E+003  0.58996866E+003
  0.00000000E+000  0.00000000E+000  0.00000000E+000  0.00000000E+000  0.41891564E-001  0.36664594E+000  0.69232978E+001  0.46421623E+002  0.11351692E+003  0.30045885E+003  0.58997224E+003
  0.00000000E+000  0.00000000E+000  0.00000000E+000  0.00000000E+000  0.41896173E-001  0.36666275E+000  0.69233859E+001  0.46422054E+002  0.11351778E+003  0.30046084E+003  0.58997605E+003
  0.00000000E+000  0.00000000E+000  0.00000000E+000  0.00000000E+000  0.41900940E-001  0.36667989E+000  0.69234792E+001  0.46422507E+002  0.11351869E+003  0.30046292E+003  0.58998005E+003
  0.00000000E+000  0.00000000E+000  0.00000000E+000  0.00000000E+000  0.41905868E-001  0.36669734E+000  0.69235775E+001  0.46422982E+002  0.11351964E+003  0.30046510E+003  0.58998421E+003
  0.00000000E+000  0.00000000E+000  0.00000000E+000  0.00000000E+000  0.41910959E-001  0.36671508E+000  0.69236807E+001  0.46423476E+002  0.11352063E+003  0.30046736E+003  0.58998851E+003
  0.00000000E+000  0.00000000E+000  0.00000000E+000  0.00000000E+000  0.41916217E-001  0.36673310E+000  0.69237886E+001  0.46423989E+002  0.11352165E+003  0.30046969E+003  0.58999293E+003
  0.00000000E+000  0.00000000E+000  0.00000000E+000  0.00000000E+000  0.41921644E-001  0.36675138E+000  0.69239012E+001  0.46424519E+002  0.11352270E+003  0.30047207E+003  0.58999745E+003
  0.00000000E+000  0.00000000E+000  0.00000000E+000  0.00000000E+000  0.41927245E-001  0.36676989E+000  0.69240184E+001  0.46425066E+002  0.11352377E+003  0.30047451E+003  0.59000207E+003
  0.00000000E+000  0.00000000E+000  0.00000000E+000  0.00000000E+000  0.41933021E-001  0.36678862E+000  0.69241402E+001  0.46425629E+002  0.11352488E+003  0.30047700E+003  0.59000677E+003
  0.00000000E+000  0.00000000E+000  0.00000000E+000  0.00000000E+000  0.41938974E-001  0.36680754E+000  0.69242666E+001  0.46426208E+002  0.11352601E+003  0.30047954E+003  0.59001155E+003
  0.00000000E+000  0.00000000E+000  0.00000000E+000  0.00000000E+000  0.41945105E-001  0.36682662E+000  0.69243975E+001  0.46426803E+002  0.11352717E+003  0.30048211E+003  0.59001639E+003
  0.00000000E+000  0.00000000E+000  0.00000000E+000  0.00000000E+000  0.41951414E-001  0.36684585E+000  0.69245330E+001  0.46427413E+002  0.11352835E+003  0.30048473E+003  0.59002130E+003
  0.00000000E+000  0.00000000E+000  0.00000000E+000  0.00000000E+000  0.41957899E-001  0.36686519E+000  0.69246730E+001  0.46428040E+002  0.11352955E+003  0.30048738E+003  0.59002627E+003
  0.00000000E+000  0.00000000E+000  0.00000000E+000  0.00000000E+000  0.41964557E-001  0.36688461E+000  0.69248175E+001  0.46428683E+002  0.11353078E+003  0.30049007E+003  0.59003129E+003
  0.00000000E+000  0.00000000E+000  0.00000000E+000  0.00000000E+000  0.41971382E-001  0.36690408E+000  0.69249665E+001  0.46429342E+002  0.11353203E+003  0.30049279E+003  0.59003636E+003
  0.00000000E+000  0.00000000E+000  0.00000000E+000  0.00000000E+000  0.41978367E-001  0.36692357E+000  0.69251200E+001  0.46430017E+002  0.11353331E+003  0.30049554E+003  0.59004149E+003
  0.00000000E+000  0.00000000E+000  0.00000000E+000  0.00000000E+000  0.41985503E-001  0.36694303E+000  0.69252780E+001  0.46430710E+002  0.11353461E+003  0.30049833E+003  0.59004666E+003
  0.00000000E+000  0.00000000E+000  0.00000000E+000  0.00000000E+000  0.41992779E-001  0.36696244E+000  0.69254404E+001  0.46431419E+002  0.11353593E+003  0.30050115E+003  0.59005187E+003
  0.00000000E+000  0.00000000E+000  0.00000000E+000  0.00000000E+000  0.42000182E-001  0.36698174E+000  0.69256072E+001  0.46432147E+002  0.11353728E+003  0.30050401E+003  0.59005713E+003
  0.00000000E+000  0.00000000E+000  0.00000000E+000  0.00000000E+000  0.42007696E-001  0.36700091E+000  0.69257785E+001  0.46432892E+002  0.11353865E+003  0.30050689E+003  0.59006243E+003
  0.00000000E+000  0.00000000E+000  0.00000000E+000  0.00000000E+000  0.42015302E-001  0.36701989E+000  0.69259541E+001  0.46433656E+002  0.11354004E+003  0.30050981E+003  0.59006776E+003
  0.00000000E+000  0.00000000E+000  0.00000000E+000  0.00000000E+000  0.42022982E-001  0.36703865E+000  0.69261340E+001  0.46434439E+002  0.11354146E+003  0.30051276E+003  0.59007313E+003
  0.00000000E+000  0.00000000E+000  0.00000000E+000  0.00000000E+000  0.42030715E-001  0.36705714E+000  0.69263182E+001  0.46435241E+002  0.11354291E+003  0.30051573E+003  0.59007854E+003
  0.00000000E+000  0.00000000E+000  0.00000000E+000  0.00000000E+000  0.42038477E-001  0.36707531E+000  0.69265066E+001  0.46436064E+002  0.11354438E+003  0.30051874E+003  0.59008397E+003
  0.00000000E+000  0.00000000E+000  0.00000000E+000  0.00000000E+000  0.42046245E-001  0.36709313E+000  0.69266992E+001  0.46436908E+002  0.11354588E+003  0.30052178E+003  0.59008944E+003
  0.00000000E+000  0.00000000E+000  0.00000000E+000  0.00000000E+000  0.42053995E-001  0.36711056E+000  0.69268959E+001  0.46437773E+002  0.11354741E+003  0.30052485E+003  0.59009493E+003
  0.00000000E+000  0.00000000E+000  0.00000000E+000  0.00000000E+000  0.42061700E-001  0.36712755E+000  0.69270967E+001  0.46438660E+002  0.11354897E+003  0.30052795E+003  0.59010044E+003
  0.00000000E+000  0.00000000E+000  0.00000000E+000  0.00000000E+000  0.42069337E-001  0.36714407E+000  0.69273014E+001  0.46439569E+002  0.11355055E+003  0.30053108E+003  0.59010598E+003
  0.00000000E+000  0.00000000E+000  0.00000000E+000  0.00000000E+000  0.42076878E-001  0.36716009E+000  0.69275100E+001  0.46440501E+002  0.11355217E+003  0.30053424E+003  0.59011154E+003
  0.00000000E+000  0.00000000E+000  0.00000000E+000  0.00000000E+000  0.42084298E-001  0.36717557E+000  0.69277225E+001  0.46441457E+002  0.11355382E+003  0.30053743E+003  0.59011712E+003
  0.00000000E+000  0.00000000E+000  0.00000000E+000  0.00000000E+000  0.42091571E-001  0.36719049E+000  0.69279388E+001  0.46442437E+002  0.11355550E+003  0.30054065E+003  0.59012271E+003
  0.00000000E+000  0.00000000E+000  0.00000000E+000  0.00000000E+000  0.42098674E-001  0.36720482E+000  0.69281588E+001  0.46443442E+002  0.11355721E+003  0.30054389E+003  0.59012832E+003
  0.00000000E+000  0.00000000E+000  0.00000000E+000  0.00000000E+000  0.42105582E-001  0.36721857E+000  0.69283824E+001  0.46444472E+002  0.11355895E+003  0.30054717E+003  0.59013393E+003
  0.00000000E+000  0.00000000E+000  0.00000000E+000  0.00000000E+000  0.42112272E-001  0.36723170E+000  0.69286096E+001  0.46445526E+002  0.11356073E+003  0.30055048E+003  0.59013955E+003
  0.00000000E+000  0.00000000E+000  0.00000000E+000  0.00000000E+000  0.42118725E-001  0.36724423E+000  0.69288402E+001  0.46446606E+002  0.11356255E+003  0.30055382E+003  0.59014518E+003
  0.00000000E+000  0.00000000E+000  0.00000000E+000  0.00000000E+000  0.42124919E-001  0.36725614E+000  0.69290743E+001  0.46447711E+002  0.11356440E+003  0.30055719E+003  0.59015081E+003
  0.00000000E+000  0.00000000E+000  0.00000000E+000  0.00000000E+000  0.42130839E-001  0.36726745E+000  0.69293116E+001  0.46448841E+002  0.11356629E+003  0.30056058E+003  0.59015643E+003
  0.00000000E+000  0.00000000E+000  0.00000000E+000  0.00000000E+000  0.42136467E-001  0.36727817E+000  0.69295522E+001  0.46449995E+002  0.11356821E+003  0.30056400E+003  0.59016205E+003
  0.00000000E+000  0.00000000E+000  0.00000000E+000  0.00000000E+000  0.42141792E-001  0.36728831E+000  0.69297958E+001  0.46451174E+002  0.11357017E+003  0.30056746E+003  0.59016766E+003
  0.00000000E+000  0.00000000E+000  0.00000000E+000  0.00000000E+000  0.42146802E-001  0.36729790E+000  0.69300424E+001  0.46452376E+002  0.11357217E+003  0.30057093E+003  0.59017325E+003
  0.00000000E+000  0.00000000E+000  0.00000000E+000  0.00000000E+000  0.42151489E-001  0.36730695E+000  0.69302918E+001  0.46453600E+002  0.11357421E+003  0.30057444E+003  0.59017882E+003
  0.00000000E+000  0.00000000E+000  0.00000000E+000  0.00000000E+000  0.42155848E-001  0.36731552E+000  0.69305439E+001  0.46454846E+002  0.11357628E+003  0.30057796E+003  0.59018437E+003
  0.00000000E+000  0.00000000E+000  0.00000000E+000  0.00000000E+000  0.42159875E-001  0.36732361E+000  0.69307985E+001  0.46456113E+002  0.11357839E+003  0.30058152E+003  0.59018989E+003
  0.00000000E+000  0.00000000E+000  0.00000000E+000  0.00000000E+000  0.42163570E-001  0.36733128E+000  0.69310555E+001  0.46457398E+002  0.11358053E+003  0.30058509E+003  0.59019537E+003
  0.00000000E+000  0.00000000E+000  0.00000000E+000  0.00000000E+000  0.42166936E-001  0.36733855E+000  0.69313147E+001  0.46458700E+002  0.11358271E+003  0.30058869E+003  0.59020081E+003
  0.00000000E+000  0.00000000E+000  0.00000000E+000  0.00000000E+000  0.42169977E-001  0.36734546E+000  0.69315760E+001  0.46460019E+002  0.11358493E+003  0.30059230E+003  0.59020621E+003
  0.00000000E+000  0.00000000E+000  0.00000000E+000  0.00000000E+000  0.42172700E-001  0.36735206E+000  0.69318391E+001  0.46461351E+002  0.11358717E+003  0.30059594E+003  0.59021156E+003
  0.00000000E+000  0.00000000E+000  0.00000000E+000  0.00000000E+000  0.42175114E-001  0.36735837E+000  0.69321038E+001  0.46462696E+002  0.11358945E+003  0.30059960E+003  0.59021686E+003
  0.00000000E+000  0.00000000E+000  0.00000000E+000  0.00000000E+000  0.42177231E-001  0.36736444E+000  0.69323701E+001  0.46464052E+002  0.11359176E+003  0.30060327E+003  0.59022210E+003
  0.00000000E+000  0.00000000E+000  0.00000000E+000  0.00000000E+000  0.42179064E-001  0.36737030E+000  0.69326377E+001  0.46465416E+002  0.11359409E+003  0.30060697E+003  0.59022728E+003
  0.00000000E+000  0.00000000E+000  0.00000000E+000  0.00000000E+000  0.42180627E-001  0.36737597E+000  0.69329064E+001  0.46466788E+002  0.11359646E+003  0.30061068E+003  0.59023241E+003
  0.00000000E+000  0.00000000E+000  0.00000000E+000  0.00000000E+000  0.42181936E-001  0.36738149E+000  0.69331761E+001  0.46468165E+002  0.11359885E+003  0.30061442E+003  0.59023748E+003
  0.00000000E+000  0.00000000E+000  0.00000000E+000  0.00000000E+000  0.42183007E-001  0.36738687E+000  0.69334465E+001  0.46469546E+002  0.11360126E+003  0.30061818E+003  0.59024249E+003
  0.00000000E+000  0.00000000E+000  0.00000000E+000  0.00000000E+000  0.42183859E-001  0.36739215E+000  0.69337174E+001  0.46470929E+002  0.11360370E+003  0.30062197E+003  0.59024744E+003
  0.00000000E+000  0.00000000E+000  0.00000000E+000  0.00000000E+000  0.42184508E-001  0.36739734E+000  0.69339887E+001  0.46472314E+002  0.11360617E+003  0.30062578E+003  0.59025234E+003
  0.00000000E+000  0.00000000E+000  0.00000000E+000  0.00000000E+000  0.42184974E-001  0.36740244E+000  0.69342600E+001  0.46473697E+002  0.11360865E+003  0.30062962E+003  0.59025718E+003
  0.00000000E+000  0.00000000E+000  0.00000000E+000  0.00000000E+000  0.42185274E-001  0.36740747E+000  0.69345313E+001  0.46475080E+002  0.11361115E+003  0.30063350E+003  0.59026198E+003
  0.00000000E+000  0.00000000E+000  0.00000000E+000  0.00000000E+000  0.42185426E-001  0.36741243E+000  0.69348021E+001  0.46476459E+002  0.11361368E+003  0.30063741E+003  0.59026674E+003
  0.00000000E+000  0.00000000E+000  0.00000000E+000  0.00000000E+000  0.42185447E-001  0.36741732E+000  0.69350723E+001  0.46477835E+002  0.11361622E+003  0.30064137E+003  0.59027147E+003
  0.00000000E+000  0.00000000E+000  0.00000000E+000  0.00000000E+000  0.42185354E-001  0.36742214E+000  0.69353416E+001  0.46479206E+002  0.11361878E+003  0.30064537E+003  0.59027617E+003
  0.00000000E+000  0.00000000E+000  0.00000000E+000  0.00000000E+000  0.42185164E-001  0.36742688E+000  0.69356097E+001  0.46480572E+002  0.11362135E+003  0.30064941E+003  0.59028084E+003
  0.00000000E+000  0.00000000E+000  0.00000000E+000  0.00000000E+000  0.42184890E-001  0.36743153E+000  0.69358762E+001  0.46481932E+002  0.11362395E+003  0.30065351E+003  0.59028551E+003
  0.00000000E+000  0.00000000E+000  0.00000000E+000  0.00000000E+000  0.42184548E-001  0.36743608E+000  0.69361409E+001  0.46483286E+002  0.11362655E+003  0.30065767E+003  0.59029018E+003
  0.00000000E+000  0.00000000E+000  0.00000000E+000  0.00000000E+000  0.42184150E-001  0.36744052E+000  0.69364035E+001  0.46484633E+002  0.11362918E+003  0.30066189E+003  0.59029485E+003
  0.00000000E+000  0.00000000E+000  0.00000000E+000  0.00000000E+000  0.42183707E-001  0.36744483E+000  0.69366635E+001  0.46485973E+002  0.11363181E+003  0.30066617E+003  0.59029954E+003
  0.00000000E+000  0.00000000E+000  0.00000000E+000  0.00000000E+000  0.42183232E-001  0.36744900E+000  0.69369207E+001  0.46487306E+002  0.11363446E+003  0.30067053E+003  0.59030425E+003
  0.00000000E+000  0.00000000E+000  0.00000000E+000  0.00000000E+000  0.42182733E-001  0.36745302E+000  0.69371746E+001  0.46488631E+002  0.11363712E+003  0.30067496E+003  0.59030901E+003
  0.00000000E+000  0.00000000E+000  0.00000000E+000  0.00000000E+000  0.42182219E-001  0.36745686E+000  0.69374250E+001  0.46489948E+002  0.11363980E+003  0.30067947E+003  0.59031381E+003
  0.00000000E+000  0.00000000E+000  0.00000000E+000  0.00000000E+000  0.42181698E-001  0.36746052E+000  0.69376715E+001  0.46491258E+002  0.11364248E+003  0.30068406E+003  0.59031867E+003
  0.00000000E+000  0.00000000E+000  0.00000000E+000  0.00000000E+000  0.42181177E-001  0.36746399E+000  0.69379137E+001  0.46492560E+002  0.11364517E+003  0.30068874E+003  0.59032361E+003
  0.00000000E+000  0.00000000E+000  0.00000000E+000  0.00000000E+000  0.42180660E-001  0.36746725E+000  0.69381514E+001  0.46493854E+002  0.11364788E+003  0.30069350E+003  0.59032862E+003
  0.00000000E+000  0.00000000E+000  0.00000000E+000  0.00000000E+000  0.42180153E-001  0.36747029E+000  0.69383842E+001  0.46495140E+002  0.11365059E+003  0.30069836E+003  0.59033373E+003
  0.00000000E+000  0.00000000E+000  0.00000000E+000  0.00000000E+000  0.42179660E-001  0.36747312E+000  0.69386118E+001  0.46496419E+002  0.11365331E+003  0.30070332E+003  0.59033894E+003
  0.00000000E+000  0.00000000E+000  0.00000000E+000  0.00000000E+000  0.42179184E-001  0.36747572E+000  0.69388340E+001  0.46497690E+002  0.11365604E+003  0.30070837E+003  0.59034426E+003
  0.00000000E+000  0.00000000E+000  0.00000000E+000  0.00000000E+000  0.42178727E-001  0.36747810E+000  0.69390505E+001  0.46498954E+002  0.11365877E+003  0.30071353E+003  0.59034971E+003
  0.00000000E+000  0.00000000E+000  0.00000000E+000  0.00000000E+000  0.42178292E-001  0.36748025E+000  0.69392611E+001  0.46500210E+002  0.11366151E+003  0.30071879E+003  0.59035529E+003
  0.00000000E+000  0.00000000E+000  0.00000000E+000  0.00000000E+000  0.42177879E-001  0.36748218E+000  0.69394657E+001  0.46501459E+002  0.11366425E+003  0.30072415E+003  0.59036101E+003
  0.00000000E+000  0.00000000E+000  0.00000000E+000  0.00000000E+000  0.42177491E-001  0.36748389E+000  0.69396640E+001  0.46502700E+002  0.11366699E+003  0.30072962E+003  0.59036689E+003
  0.00000000E+000  0.00000000E+000  0.00000000E+000  0.00000000E+000  0.42177127E-001  0.36748539E+000  0.69398559E+001  0.46503933E+002  0.11366974E+003  0.30073520E+003  0.59037294E+003
  0.00000000E+000  0.00000000E+000  0.00000000E+000  0.00000000E+000  0.42176787E-001  0.36748668E+000  0.69400413E+001  0.46505159E+002  0.11367249E+003  0.30074088E+003  0.59037915E+003
  0.00000000E+000  0.00000000E+000  0.00000000E+000  0.00000000E+000  0.42176472E-001  0.36748778E+000  0.69402202E+001  0.46506376E+002  0.11367523E+003  0.30074667E+003  0.59038555E+003
  0.00000000E+000  0.00000000E+000  0.00000000E+000  0.00000000E+000  0.42176181E-001  0.36748870E+000  0.69403925E+001  0.46507586E+002  0.11367798E+003  0.30075257E+003  0.59039213E+003
  0.00000000E+000  0.00000000E+000  0.00000000E+000  0.00000000E+000  0.42175914E-001  0.36748945E+000  0.69405582E+001  0.46508788E+002  0.11368072E+003  0.30075857E+003  0.59039892E+003
  0.00000000E+000  0.00000000E+000  0.00000000E+000  0.00000000E+000  0.42175670E-001  0.36749004E+000  0.69407173E+001  0.46509981E+002  0.11368345E+003  0.30076468E+003  0.59040590E+003
  0.00000000E+000  0.00000000E+000  0.00000000E+000  0.00000000E+000  0.42175448E-001  0.36749049E+000  0.69408698E+001  0.46511166E+002  0.11368619E+003  0.30077090E+003  0.59041310E+003
  0.00000000E+000  0.00000000E+000  0.00000000E+000  0.00000000E+000  0.42175247E-001  0.36749080E+000  0.69410158E+001  0.46512341E+002  0.11368891E+003  0.30077721E+003  0.59042052E+003
  0.00000000E+000  0.00000000E+000  0.00000000E+000  0.00000000E+000  0.42175066E-001  0.36749100E+000  0.69411554E+001  0.46513507E+002  0.11369163E+003  0.30078363E+003  0.59042815E+003
  0.00000000E+000  0.00000000E+000  0.00000000E+000  0.00000000E+000  0.42174904E-001  0.36749109E+000  0.69412886E+001  0.46514663E+002  0.11369434E+003  0.30079014E+003  0.59043601E+003
  0.00000000E+000  0.00000000E+000  0.00000000E+000  0.00000000E+000  0.42174761E-001  0.36749110E+000  0.69414157E+001  0.46515808E+002  0.11369704E+003  0.30079675E+003  0.59044411E+003
  0.00000000E+000  0.00000000E+000  0.00000000E+000  0.00000000E+000  0.42174634E-001  0.36749102E+000  0.69415366E+001  0.46516942E+002  0.11369973E+003  0.30080345E+003  0.59045243E+003
  0.00000000E+000  0.00000000E+000  0.00000000E+000  0.00000000E+000  0.42174524E-001  0.36749088E+000  0.69416516E+001  0.46518065E+002  0.11370241E+003  0.30081024E+003  0.59046100E+003
  0.00000000E+000  0.00000000E+000  0.00000000E+000  0.00000000E+000  0.42174428E-001  0.36749069E+000  0.69417607E+001  0.46519175E+002  0.11370508E+003  0.30081711E+003  0.59046980E+003
  0.00000000E+000  0.00000000E+000  0.00000000E+000  0.00000000E+000  0.42174345E-001  0.36749045E+000  0.69418642E+001  0.46520273E+002  0.11370773E+003  0.30082406E+003  0.59047885E+003
  0.00000000E+000  0.00000000E+000  0.00000000E+000  0.00000000E+000  0.42174276E-001  0.36749018E+000  0.69419623E+001  0.46521357E+002  0.11371036E+003  0.30083108E+003  0.59048813E+003
  0.00000000E+000  0.00000000E+000  0.00000000E+000  0.00000000E+000  0.42174218E-001  0.36748989E+000  0.69420550E+001  0.46522427E+002  0.11371298E+003  0.30083818E+003  0.59049766E+003
  0.00000000E+000  0.00000000E+000  0.00000000E+000  0.00000000E+000  0.42174170E-001  0.36748958E+000  0.69421425E+001  0.46523481E+002  0.11371558E+003  0.30084534E+003  0.59050742E+003
  0.00000000E+000  0.00000000E+000  0.00000000E+000  0.00000000E+000  0.42174132E-001  0.36748926E+000  0.69422251E+001  0.46524520E+002  0.11371816E+003  0.30085256E+003  0.59051743E+003
  0.00000000E+000  0.00000000E+000  0.00000000E+000  0.00000000E+000  0.42174103E-001  0.36748894E+000  0.69423029E+001  0.46525543E+002  0.11372072E+003  0.30085984E+003  0.59052767E+003
  0.00000000E+000  0.00000000E+000  0.00000000E+000  0.00000000E+000  0.42174082E-001  0.36748862E+000  0.69423762E+001  0.46526548E+002  0.11372326E+003  0.30086716E+003  0.59053814E+003
  0.00000000E+000  0.00000000E+000  0.00000000E+000  0.00000000E+000  0.42174068E-001  0.36748832E+000  0.69424450E+001  0.46527535E+002  0.11372577E+003  0.30087453E+003  0.59054884E+003
  0.00000000E+000  0.00000000E+000  0.00000000E+000  0.00000000E+000  0.42174060E-001  0.36748802E+000  0.69425096E+001  0.46528504E+002  0.11372827E+003  0.30088194E+003  0.59055977E+003
  0.00000000E+000  0.00000000E+000  0.00000000E+000  0.00000000E+000  0.42174058E-001  0.36748774E+000  0.69425701E+001  0.46529454E+002  0.11373073E+003  0.30088938E+003  0.59057092E+003
  0.00000000E+000  0.00000000E+000  0.00000000E+000  0.00000000E+000  0.42174061E-001  0.36748748E+000  0.69426268E+001  0.46530384E+002  0.11373317E+003  0.30089685E+003  0.59058227E+003
  0.00000000E+000  0.00000000E+000  0.00000000E+000  0.00000000E+000  0.42174068E-001  0.36748724E+000  0.69426799E+001  0.46531294E+002  0.11373559E+003  0.30090434E+003  0.59059384E+003
  0.00000000E+000  0.00000000E+000  0.00000000E+000  0.00000000E+000  0.42174079E-001  0.36748703E+000  0.69427294E+001  0.46532182E+002  0.11373797E+003  0.30091184E+003  0.59060560E+003
  0.00000000E+000  0.00000000E+000  0.00000000E+000  0.00000000E+000  0.42174093E-001  0.36748683E+000  0.69427756E+001  0.46533049E+002  0.11374033E+003  0.30091935E+003  0.59061756E+003
  0.00000000E+000  0.00000000E+000  0.00000000E+000  0.00000000E+000  0.42174110E-001  0.36748666E+000  0.69428186E+001  0.46533895E+002  0.11374265E+003  0.30092686E+003  0.59062970E+003
  0.00000000E+000  0.00000000E+000  0.00000000E+000  0.00000000E+000  0.42174129E-001  0.36748651E+000  0.69428587E+001  0.46534718E+002  0.11374494E+003  0.30093437E+003  0.59064201E+003
  0.00000000E+000  0.00000000E+000  0.00000000E+000  0.00000000E+000  0.42174149E-001  0.36748639E+000  0.69428960E+001  0.46535518E+002  0.11374720E+003  0.30094187E+003  0.59065449E+003
  0.00000000E+000  0.00000000E+000  0.00000000E+000  0.00000000E+000  0.42174171E-001  0.36748628E+000  0.69429306E+001  0.46536295E+002  0.11374942E+003  0.30094936E+003  0.59066712E+003
  0.00000000E+000  0.00000000E+000  0.00000000E+000  0.00000000E+000  0.42174194E-001  0.36748620E+000  0.69429627E+001  0.46537049E+002  0.11375161E+003  0.30095682E+003  0.59067990E+003
  0.00000000E+000  0.00000000E+000  0.00000000E+000  0.00000000E+000  0.42174218E-001  0.36748614E+000  0.69429924E+001  0.46537780E+002  0.11375377E+003  0.30096426E+003  0.59069281E+003
  0.00000000E+000  0.00000000E+000  0.00000000E+000  0.00000000E+000  0.42174242E-001  0.36748610E+000  0.69430200E+001  0.46538488E+002  0.11375588E+003  0.30097167E+003  0.59070585E+003
  0.00000000E+000  0.00000000E+000  0.00000000E+000  0.00000000E+000  0.42174267E-001  0.36748608E+000  0.69430455E+001  0.46539172E+002  0.11375796E+003  0.30097903E+003  0.59071899E+003
  0.00000000E+000  0.00000000E+000  0.00000000E+000  0.00000000E+000  0.42174291E-001  0.36748607E+000  0.69430691E+001  0.46539832E+002  0.11376000E+003  0.30098636E+003  0.59073224E+003
  0.00000000E+000  0.00000000E+000  0.00000000E+000  0.00000000E+000  0.42174315E-001  0.36748608E+000  0.69430909E+001  0.46540469E+002  0.11376200E+003  0.30099364E+003  0.59074558E+003
  0.00000000E+000  0.00000000E+000  0.00000000E+000  0.00000000E+000  0.42174339E-001  0.36748610E+000  0.69431110E+001  0.46541082E+002  0.11376395E+003  0.30100086E+003  0.59075899E+003
  0.00000000E+000  0.00000000E+000  0.00000000E+000  0.00000000E+000  0.42174362E-001  0.36748614E+000  0.69431296E+001  0.46541673E+002  0.11376587E+003  0.30100802E+003  0.59077247E+003
  0.00000000E+000  0.00000000E+000  0.00000000E+000  0.00000000E+000  0.42174384E-001  0.36748618E+000  0.69431468E+001  0.46542240E+002  0.11376774E+003  0.30101513E+003  0.59078600E+003
  0.00000000E+000  0.00000000E+000  0.00000000E+000  0.00000000E+000  0.42174405E-001  0.36748624E+000  0.69431626E+001  0.46542785E+002  0.11376957E+003  0.30102216E+003  0.59079957E+003
  0.00000000E+000  0.00000000E+000  0.00000000E+000  0.00000000E+000  0.42174426E-001  0.36748630E+000  0.69431772E+001  0.46543307E+002  0.11377136E+003  0.30102912E+003  0.59081317E+003
  0.00000000E+000  0.00000000E+000  0.00000000E+000  0.00000000E+000  0.42174445E-001  0.36748637E+000  0.69431906E+001  0.46543807E+002  0.11377311E+003  0.30103601E+003  0.59082679E+003
  0.00000000E+000  0.00000000E+000  0.00000000E+000  0.00000000E+000  0.42174463E-001  0.36748645E+000  0.69432030E+001  0.46544285E+002  0.11377480E+003  0.30104281E+003  0.59084041E+003
  0.00000000E+000  0.00000000E+000  0.00000000E+000  0.00000000E+000  0.42174480E-001  0.36748652E+000  0.69432144E+001  0.46544743E+002  0.11377646E+003  0.30104953E+003  0.59085402E+003
  0.00000000E+000  0.00000000E+000  0.00000000E+000  0.00000000E+000  0.42174496E-001  0.36748660E+000  0.69432249E+001  0.46545179E+002  0.11377807E+003  0.30105617E+003  0.59086762E+003
  0.00000000E+000  0.00000000E+000  0.00000000E+000  0.00000000E+000  0.42174511E-001  0.36748669E+000  0.69432346E+001  0.46545595E+002  0.11377963E+003  0.30106271E+003  0.59088118E+003
  0.00000000E+000  0.00000000E+000  0.00000000E+000  0.00000000E+000  0.42174524E-001  0.36748677E+000  0.69432436E+001  0.46545991E+002  0.11378115E+003  0.30106915E+003  0.59089470E+003
  0.00000000E+000  0.00000000E+000  0.00000000E+000  0.00000000E+000  0.42174537E-001  0.36748686E+000  0.69432519E+001  0.46546368E+002  0.11378263E+003  0.30107550E+003  0.59090817E+003
  0.00000000E+000  0.00000000E+000  0.00000000E+000  0.00000000E+000  0.42174548E-001  0.36748694E+000  0.69432595E+001  0.46546727E+002  0.11378405E+003  0.30108174E+003  0.59092157E+003
  0.00000000E+000  0.00000000E+000  0.00000000E+000  0.00000000E+000  0.42174558E-001  0.36748702E+000  0.69432665E+001  0.46547067E+002  0.11378544E+003  0.30108788E+003  0.59093490E+003
  0.00000000E+000  0.00000000E+000  0.00000000E+000  0.00000000E+000  0.42174566E-001  0.36748710E+000  0.69432730E+001  0.46547390E+002  0.11378677E+003  0.30109391E+003  0.59094814E+003
  0.00000000E+000  0.00000000E+000  0.00000000E+000  0.00000000E+000  0.42174574E-001  0.36748718E+000  0.69432790E+001  0.46547695E+002  0.11378807E+003  0.30109983E+003  0.59096128E+003
  0.00000000E+000  0.00000000E+000  0.00000000E+000  0.00000000E+000  0.42174581E-001  0.36748725E+000  0.69432846E+001  0.46547984E+002  0.11378932E+003  0.30110564E+003  0.59097432E+003
  0.00000000E+000  0.00000000E+000  0.00000000E+000  0.00000000E+000  0.42174586E-001  0.36748732E+000  0.69432897E+001  0.46548258E+002  0.11379052E+003  0.30111133E+003  0.59098724E+003
  0.00000000E+000  0.00000000E+000  0.00000000E+000  0.00000000E+000  0.42174591E-001  0.36748738E+000  0.69432945E+001  0.46548516E+002  0.11379168E+003  0.30111691E+003  0.59100004E+003
  0.00000000E+000  0.00000000E+000  0.00000000E+000  0.00000000E+000  0.42174594E-001  0.36748745E+000  0.69432989E+001  0.46548760E+002  0.11379280E+003  0.30112237E+003  0.59101270E+003
  0.00000000E+000  0.00000000E+000  0.00000000E+000  0.00000000E+000  0.42174597E-001  0.36748750E+000  0.69433029E+001  0.46548989E+002  0.11379387E+003  0.30112771E+003  0.59102522E+003
  0.00000000E+000  0.00000000E+000  0.00000000E+000  0.00000000E+000  0.42174599E-001  0.36748756E+000  0.69433067E+001  0.46549206E+002  0.11379491E+003  0.30113293E+003  0.59103760E+003
  0.00000000E+000  0.00000000E+000  0.00000000E+000  0.00000000E+000  0.42174600E-001  0.36748760E+000  0.69433102E+001  0.46549409E+002  0.11379590E+003  0.30113803E+003  0.59104981E+003
  0.00000000E+000  0.00000000E+000  0.00000000E+000  0.00000000E+000  0.42174601E-001  0.36748765E+000  0.69433135E+001  0.46549601E+002  0.11379685E+003  0.30114300E+003  0.59106186E+003
  0.00000000E+000  0.00000000E+000  0.00000000E+000  0.00000000E+000  0.42174600E-001  0.36748769E+000  0.69433165E+001  0.46549780E+002  0.11379776E+003  0.30114785E+003  0.59107373E+003
  0.00000000E+000  0.00000000E+000  0.00000000E+000  0.00000000E+000  0.42174600E-001  0.36748772E+000  0.69433192E+001  0.46549949E+002  0.11379863E+003  0.30115258E+003  0.59108543E+003
  0.00000000E+000  0.00000000E+000  0.00000000E+000  0.00000000E+000  0.42174598E-001  0.36748775E+000  0.69433218E+001  0.46550107E+002  0.11379947E+003  0.30115718E+003  0.59109694E+003
  0.00000000E+000  0.00000000E+000  0.00000000E+000  0.00000000E+000  0.42174597E-001  0.36748778E+000  0.69433242E+001  0.46550255E+002  0.11380026E+003  0.30116165E+003  0.59110827E+003
  0.00000000E+000  0.00000000E+000  0.00000000E+000  0.00000000E+000  0.42174595E-001  0.36748780E+000  0.69433264E+001  0.46550393E+002  0.11380102E+003  0.30116600E+003  0.59111939E+003
  0.00000000E+000  0.00000000E+000  0.00000000E+000  0.00000000E+000  0.42174592E-001  0.36748782E+000  0.69433284E+001  0.46550523E+002  0.11380175E+003  0.30117022E+003  0.59113032E+003
  0.00000000E+000  0.00000000E+000  0.00000000E+000  0.00000000E+000  0.42174590E-001  0.36748783E+000  0.69433303E+001  0.46550644E+002  0.11380244E+003  0.30117432E+003  0.59114104E+003
  0.00000000E+000  0.00000000E+000  0.00000000E+000  0.00000000E+000  0.42174587E-001  0.36748784E+000  0.69433320E+001  0.46550757E+002  0.11380310E+003  0.30117830E+003  0.59115155E+003
  0.00000000E+000  0.00000000E+000  0.00000000E+000  0.00000000E+000  0.42174584E-001  0.36748785E+000  0.69433336E+001  0.46550862E+002  0.11380373E+003  0.30118215E+003  0.59116184E+003
  0.00000000E+000  0.00000000E+000  0.00000000E+000  0.00000000E+000  0.42174582E-001  0.36748786E+000  0.69433351E+001  0.46550960E+002  0.11380432E+003  0.30118588E+003  0.59117192E+003
  0.00000000E+000  0.00000000E+000  0.00000000E+000  0.00000000E+000  0.42174579E-001  0.36748786E+000  0.69433364E+001  0.46551052E+002  0.11380489E+003  0.30118948E+003  0.59118179E+003
  0.00000000E+000  0.00000000E+000  0.00000000E+000  0.00000000E+000  0.42174576E-001  0.36748786E+000  0.69433376E+001  0.46551137E+002  0.11380542E+003  0.30119297E+003  0.59119143E+003
  0.00000000E+000  0.00000000E+000  0.00000000E+000  0.00000000E+000  0.42174573E-001  0.36748786E+000  0.69433388E+001  0.46551216E+002  0.11380593E+003  0.30119634E+003  0.59120084E+003
  0.00000000E+000  0.00000000E+000  0.00000000E+000  0.00000000E+000  0.42174571E-001  0.36748786E+000  0.69433398E+001  0.46551289E+002  0.11380641E+003  0.30119959E+003  0.59121003E+003
  0.00000000E+000  0.00000000E+000  0.00000000E+000  0.00000000E+000  0.42174568E-001  0.36748785E+000  0.69433407E+001  0.46551357E+002  0.11380687E+003  0.30120272E+003  0.59121899E+003
  0.00000000E+000  0.00000000E+000  0.00000000E+000  0.00000000E+000  0.42174566E-001  0.36748785E+000  0.69433416E+001  0.46551421E+002  0.11380730E+003  0.30120573E+003  0.59122773E+003
  0.00000000E+000  0.00000000E+000  0.00000000E+000  0.00000000E+000  0.42174564E-001  0.36748784E+000  0.69433424E+001  0.46551479E+002  0.11380770E+003  0.30120864E+003  0.59123623E+003
  0.00000000E+000  0.00000000E+000  0.00000000E+000  0.00000000E+000  0.42174562E-001  0.36748783E+000  0.69433431E+001  0.46551534E+002  0.11380809E+003  0.30121143E+003  0.59124451E+003
  0.00000000E+000  0.00000000E+000  0.00000000E+000  0.00000000E+000  0.42174561E-001  0.36748783E+000  0.69433437E+001  0.46551584E+002  0.11380845E+003  0.30121412E+003  0.59125256E+003
  0.00000000E+000  0.00000000E+000  0.00000000E+000  0.00000000E+000  0.42174560E-001  0.36748782E+000  0.69433443E+001  0.46551631E+002  0.11380879E+003  0.30121670E+003  0.59126038E+003
  0.00000000E+000  0.00000000E+000  0.00000000E+000  0.00000000E+000  0.42174559E-001  0.36748782E+000  0.69433448E+001  0.46551674E+002  0.11380911E+003  0.30121917E+003  0.59126797E+003
  0.00000000E+000  0.00000000E+000  0.00000000E+000  0.00000000E+000  0.42174558E-001  0.36748781E+000  0.69433453E+001  0.46551714E+002  0.11380941E+003  0.30122154E+003  0.59127534E+003
  0.00000000E+000  0.00000000E+000  0.00000000E+000  0.00000000E+000  0.42174558E-001  0.36748781E+000  0.69433457E+001  0.46551750E+002  0.11380970E+003  0.30122382E+003  0.59128248E+003
  0.00000000E+000  0.00000000E+000  0.00000000E+000  0.00000000E+000  0.42174557E-001  0.36748780E+000  0.69433460E+001  0.46551783E+002  0.11380996E+003  0.30122598E+003  0.59128938E+003
