  0.15563507E+000  0.20218169E+000  0.38879721E+000  0.58831920E+000  0.91326042E+000  0.10518446E+001  0.15507641E+001  0.32818718E+001  0.49921175E+001  0.79963203E+001  0.12489335E+002
  0.15574841E+000  0.20204587E+000  0.39029492E+000  0.58998189E+000  0.91329216E+000  0.10520955E+001  0.15515722E+001  0.33219372E+001  0.49936112E+001  0.81047366E+001  0.12684571E+002
  0.15607554E+000  0.20247050E+000  0.39253901E+000  0.59132928E+000  0.91324491E+000  0.10521747E+001  0.15548455E+001  0.33565619E+001  0.49958616E+001  0.82133788E+001  0.12852322E+002
  0.15650117E+000  0.20265889E+000  0.39332533E+000  0.59392437E+000  0.91326201E+000  0.10522954E+001  0.15555699E+001  0.33856455E+001  0.49974597E+001  0.82969204E+001  0.12995962E+002
  0.15669976E+000  0.20340187E+000  0.39565089E+000  0.59449236E+000  0.91327143E+000  0.10523315E+001  0.15561764E+001  0.34107918E+001  0.49986516E+001  0.83333529E+001  0.13118726E+002
  0.15692730E+000  0.20352249E+000  0.39625624E+000  0.59530265E+000  0.91329426E+000  0.10523824E+001  0.15567557E+001  0.34284597E+001  0.50004216E+001  0.83471278E+001  0.13223331E+002
  0.15729665E+000  0.20383257E+000  0.39772842E+000  0.59579874E+000  0.91330582E+000  0.10524996E+001  0.15582312E+001  0.34354055E+001  0.50011063E+001  0.83695176E+001  0.13312599E+002
  0.15743450E+000  0.20430678E+000  0.39793621E+000  0.59625854E+000  0.91353914E+000  0.10525140E+001  0.15583318E+001  0.34455303E+001  0.50037747E+001  0.84103823E+001  0.13388638E+002
  0.15746693E+000  0.20460634E+000  0.39807137E+000  0.59707469E+000  0.91352476E+000  0.10525903E+001  0.15583066E+001  0.34492297E+001  0.50044131E+001  0.84431986E+001  0.13453385E+002
  0.15748805E+000  0.20474480E+000  0.39829705E+000  0.59779266E+000  0.91342249E+000  0.10526386E+001  0.15585182E+001  0.34544571E+001  0.50048295E+001  0.84688576E+001  0.13508501E+002
  0.15771019E+000  0.20478879E+000  0.39839652E+000  0.59823787E+000  0.91355893E+000  0.10526552E+001  0.15601045E+001  0.34593874E+001  0.50053240E+001  0.84937175E+001  0.13555417E+002
  0.15777207E+000  0.20473536E+000  0.39855044E+000  0.59852690E+000  0.91343032E+000  0.10526638E+001  0.15604569E+001  0.34606446E+001  0.50056397E+001  0.85149209E+001  0.13595330E+002
  0.15775714E+000  0.20479704E+000  0.39862616E+000  0.59871351E+000  0.91354053E+000  0.10526677E+001  0.15608982E+001  0.34607017E+001  0.50063988E+001  0.85323549E+001  0.13629293E+002
  0.15774280E+000  0.20484246E+000  0.39870584E+000  0.59908344E+000  0.91355923E+000  0.10526715E+001  0.15610056E+001  0.34604591E+001  0.50153226E+001  0.85444054E+001  0.13658213E+002
  0.15772839E+000  0.20485227E+000  0.39880131E+000  0.59946107E+000  0.91355727E+000  0.10527537E+001  0.15611806E+001  0.34603956E+001  0.50214844E+001  0.85612749E+001  0.13682729E+002
  0.15771241E+000  0.20486711E+000  0.39887661E+000  0.59987895E+000  0.91351413E+000  0.10527526E+001  0.15612555E+001  0.34603821E+001  0.50271139E+001  0.85715305E+001  0.13703585E+002
  0.15769878E+000  0.20487858E+000  0.39891724E+000  0.60026182E+000  0.91353080E+000  0.10527503E+001  0.15612739E+001  0.34604480E+001  0.50277499E+001  0.85810912E+001  0.13721286E+002
  0.15768721E+000  0.20488638E+000  0.39896715E+000  0.60036930E+000  0.91348239E+000  0.10527567E+001  0.15613202E+001  0.34605087E+001  0.50302687E+001  0.85891495E+001  0.13736337E+002
  0.15767733E+000  0.20489418E+000  0.39900770E+000  0.60064726E+000  0.91355737E+000  0.10527851E+001  0.15614187E+001  0.34605546E+001  0.50304021E+001  0.85960176E+001  0.13748993E+002
  0.15766461E+000  0.20494034E+000  0.39903905E+000  0.60095021E+000  0.91357104E+000  0.10528041E+001  0.15618513E+001  0.34606216E+001  0.50305510E+001  0.86019369E+001  0.13759725E+002
  0.15765290E+000  0.20492012E+000  0.39906592E+000  0.60087255E+000  0.91355494E+000  0.10527277E+001  0.15618664E+001  0.34606593E+001  0.50307286E+001  0.86067636E+001  0.13768773E+002
  0.15765413E+000  0.20493968E+000  0.39908400E+000  0.60086033E+000  0.91356782E+000  0.10527382E+001  0.15618793E+001  0.34606857E+001  0.50307536E+001  0.86109054E+001  0.13776381E+002
  0.15760883E+000  0.20493404E+000  0.39910562E+000  0.60102749E+000  0.91353957E+000  0.10527568E+001  0.15620934E+001  0.34607075E+001  0.50308320E+001  0.86141727E+001  0.13782756E+002
  0.15764453E+000  0.20494599E+000  0.39911584E+000  0.60100432E+000  0.91355188E+000  0.10528217E+001  0.15625159E+001  0.34607253E+001  0.50310634E+001  0.86165273E+001  0.13788080E+002
  0.15761600E+000  0.20494968E+000  0.39913162E+000  0.60108512E+000  0.91356492E+000  0.10528223E+001  0.15627047E+001  0.34609392E+001  0.50309539E+001  0.86187293E+001  0.13792518E+002
  0.15763153E+000  0.20495792E+000  0.39914319E+000  0.60110106E+000  0.91352718E+000  0.10528227E+001  0.15627014E+001  0.34607861E+001  0.50310007E+001  0.86213923E+001  0.13796166E+002
  0.15760034E+000  0.20494138E+000  0.39914853E+000  0.60113568E+000  0.91355379E+000  0.10528231E+001  0.15627665E+001  0.34609133E+001  0.50310398E+001  0.86224464E+001  0.13799176E+002
  0.15760616E+000  0.20494450E+000  0.39915655E+000  0.60112177E+000  0.91353212E+000  0.10528318E+001  0.15626795E+001  0.34609677E+001  0.50310726E+001  0.86237157E+001  0.13801632E+002
  0.15762257E+000  0.20495670E+000  0.39914968E+000  0.60100902E+000  0.91353373E+000  0.10528268E+001  0.15626674E+001  0.34608614E+001  0.50311674E+001  0.86248094E+001  0.13803621E+002
  0.15759930E+000  0.20494205E+000  0.39915774E+000  0.60105940E+000  0.91353491E+000  0.10528238E+001  0.15626542E+001  0.34609753E+001  0.50311305E+001  0.86256863E+001  0.13805216E+002
  0.15759896E+000  0.20494223E+000  0.39916445E+000  0.60110570E+000  0.91355904E+000  0.10528239E+001  0.15626401E+001  0.34610687E+001  0.50311495E+001  0.86263813E+001  0.13806480E+002
  0.15759863E+000  0.20494232E+000  0.39916970E+000  0.60114245E+000  0.91355450E+000  0.10528257E+001  0.15626255E+001  0.34611295E+001  0.50311654E+001  0.86269241E+001  0.13807467E+002
  0.15759832E+000  0.20494233E+000  0.39917412E+000  0.60117112E+000  0.91354465E+000  0.10528273E+001  0.15626104E+001  0.34611741E+001  0.50311786E+001  0.86273405E+001  0.13808224E+002
  0.15759801E+000  0.20494227E+000  0.39917673E+000  0.60116320E+000  0.91356028E+000  0.10528282E+001  0.15625952E+001  0.34612065E+001  0.50313625E+001  0.86276526E+001  0.13808791E+002
  0.15759772E+000  0.20494216E+000  0.39916914E+000  0.60117590E+000  0.91357174E+000  0.10528287E+001  0.15625799E+001  0.34612290E+001  0.50311991E+001  0.86278792E+001  0.13809202E+002
  0.15759743E+000  0.20494201E+000  0.39916990E+000  0.60108176E+000  0.91354876E+000  0.10528287E+001  0.15625646E+001  0.34612434E+001  0.50312070E+001  0.86280361E+001  0.13809487E+002
  0.15759715E+000  0.20494184E+000  0.39917021E+000  0.60108461E+000  0.91355284E+000  0.10528285E+001  0.15625514E+001  0.34612518E+001  0.50312138E+001  0.86281370E+001  0.13809670E+002
  0.15759688E+000  0.20494164E+000  0.39917013E+000  0.60108550E+000  0.91355508E+000  0.10528280E+001  0.15625419E+001  0.34612551E+001  0.50312197E+001  0.86281931E+001  0.13809772E+002
  0.15759661E+000  0.20494143E+000  0.39916976E+000  0.60108479E+000  0.91355584E+000  0.10528273E+001  0.15625327E+001  0.34612538E+001  0.50312249E+001  0.86282140E+001  0.13809809E+002
  0.15759634E+000  0.20494120E+000  0.39916915E+000  0.60108282E+000  0.91355543E+000  0.10528264E+001  0.15625236E+001  0.34612498E+001  0.50312296E+001  0.86282074E+001  0.13809797E+002
  0.15759607E+000  0.20494098E+000  0.39916836E+000  0.60107984E+000  0.91355412E+000  0.10528254E+001  0.15625140E+001  0.34612435E+001  0.50312340E+001  0.86281799E+001  0.13809746E+002
  0.15759581E+000  0.20494075E+000  0.39916742E+000  0.60107610E+000  0.91355211E+000  0.10528244E+001  0.15625039E+001  0.34612354E+001  0.50312381E+001  0.86281365E+001  0.13809667E+002
  0.15759555E+000  0.20494052E+000  0.39916639E+000  0.60107178E+000  0.91354957E+000  0.10528242E+001  0.15624933E+001  0.34612260E+001  0.50312420E+001  0.86280814E+001  0.13809566E+002
  0.15759529E+000  0.20494030E+000  0.39916527E+000  0.60106704E+000  0.91354665E+000  0.10528241E+001  0.15624821E+001  0.34612156E+001  0.50312457E+001  0.86280179E+001  0.13809449E+002
  0.15759504E+000  0.20494008E+000  0.39916411E+000  0.60106199E+000  0.91354344E+000  0.10528241E+001  0.15624705E+001  0.34612045E+001  0.50312495E+001  0.86279486E+001  0.13809322E+002
  0.15759479E+000  0.20493987E+000  0.39916291E+000  0.60116191E+000  0.91357097E+000  0.10528241E+001  0.15623234E+001  0.34611930E+001  0.50312532E+001  0.86278757E+001  0.13809189E+002
  0.15759453E+000  0.20493966E+000  0.39916170E+000  0.60115255E+000  0.91356683E+000  0.10528241E+001  0.15623136E+001  0.34611811E+001  0.50312570E+001  0.86278006E+001  0.13809051E+002
  0.15759428E+000  0.20493947E+000  0.39916048E+000  0.60114332E+000  0.91356259E+000  0.10528240E+001  0.15623036E+001  0.34611689E+001  0.50314078E+001  0.86277243E+001  0.13808911E+002
  0.15759404E+000  0.20493928E+000  0.39917079E+000  0.60113433E+000  0.91355832E+000  0.10528240E+001  0.15622937E+001  0.34611567E+001  0.50313753E+001  0.86276479E+001  0.13808771E+002
  0.15759379E+000  0.20493910E+000  0.39916945E+000  0.60112559E+000  0.91355403E+000  0.10528240E+001  0.15622838E+001  0.34611443E+001  0.50313452E+001  0.86275718E+001  0.13808631E+002
  0.15759355E+000  0.20493893E+000  0.39916901E+000  0.60111716E+000  0.91354977E+000  0.10528240E+001  0.15622742E+001  0.34611320E+001  0.50313178E+001  0.86274966E+001  0.13808493E+002
  0.15759331E+000  0.20493878E+000  0.39916760E+000  0.60110907E+000  0.91354556E+000  0.10528240E+001  0.15622698E+001  0.34611195E+001  0.50312931E+001  0.86274226E+001  0.13808358E+002
  0.15759308E+000  0.20493863E+000  0.39916621E+000  0.60110134E+000  0.91357113E+000  0.10528239E+001  0.15622654E+001  0.34611071E+001  0.50312807E+001  0.86273500E+001  0.13808224E+002
  0.15759285E+000  0.20493849E+000  0.39916484E+000  0.60109398E+000  0.91356736E+000  0.10528239E+001  0.15622612E+001  0.34610947E+001  0.50312850E+001  0.86272790E+001  0.13808093E+002
  0.15759262E+000  0.20493836E+000  0.39916348E+000  0.60108701E+000  0.91356365E+000  0.10528239E+001  0.15622570E+001  0.34610826E+001  0.50312894E+001  0.86272096E+001  0.13807966E+002
  0.15759239E+000  0.20493824E+000  0.39916216E+000  0.60108044E+000  0.91356002E+000  0.10528239E+001  0.15622529E+001  0.34610726E+001  0.50312938E+001  0.86271419E+001  0.13807841E+002
  0.15759217E+000  0.20493813E+000  0.39916086E+000  0.60107427E+000  0.91355646E+000  0.10528239E+001  0.15622489E+001  0.34610639E+001  0.50312984E+001  0.86270759E+001  0.13807719E+002
  0.15759196E+000  0.20493804E+000  0.39915959E+000  0.60106850E+000  0.91355298E+000  0.10528238E+001  0.15622450E+001  0.34610564E+001  0.50313031E+001  0.86270117E+001  0.13807601E+002
  0.15759175E+000  0.20493795E+000  0.39915836E+000  0.60106313E+000  0.91354959E+000  0.10528238E+001  0.15622412E+001  0.34610502E+001  0.50313079E+001  0.86269492E+001  0.13807485E+002
  0.15759154E+000  0.20493787E+000  0.39915716E+000  0.60105817E+000  0.91354627E+000  0.10528238E+001  0.15623584E+001  0.34610452E+001  0.50313128E+001  0.86268885E+001  0.13807373E+002
  0.15759134E+000  0.20493781E+000  0.39915599E+000  0.60105360E+000  0.91354305E+000  0.10528371E+001  0.15623561E+001  0.34610416E+001  0.50313178E+001  0.86268296E+001  0.13807264E+002
  0.15759114E+000  0.20493775E+000  0.39915487E+000  0.60104942E+000  0.91353991E+000  0.10528351E+001  0.15623541E+001  0.34610393E+001  0.50313230E+001  0.86267723E+001  0.13807158E+002
  0.15759094E+000  0.20493771E+000  0.39915384E+000  0.60104561E+000  0.91357167E+000  0.10528332E+001  0.15623524E+001  0.34610383E+001  0.50313282E+001  0.86267167E+001  0.13807055E+002
  0.15759075E+000  0.20493768E+000  0.39915285E+000  0.60104218E+000  0.91356907E+000  0.10528313E+001  0.15623510E+001  0.34610387E+001  0.50313336E+001  0.86266628E+001  0.13806955E+002
  0.15759057E+000  0.20493766E+000  0.39915188E+000  0.60103910E+000  0.91356655E+000  0.10528294E+001  0.15623499E+001  0.34610404E+001  0.50313391E+001  0.86266104E+001  0.13806857E+002
  0.15759038E+000  0.20493764E+000  0.39915095E+000  0.60103636E+000  0.91356410E+000  0.10528276E+001  0.15623490E+001  0.34610435E+001  0.50313447E+001  0.86265594E+001  0.13806763E+002
  0.15759021E+000  0.20493764E+000  0.39915005E+000  0.60103396E+000  0.91356171E+000  0.10528258E+001  0.15623484E+001  0.34610480E+001  0.50313504E+001  0.86265099E+001  0.13806670E+002
  0.15759003E+000  0.20493765E+000  0.39914918E+000  0.60103186E+000  0.91355938E+000  0.10528240E+001  0.15623480E+001  0.34610539E+001  0.50313562E+001  0.86264617E+001  0.13806581E+002
  0.15758986E+000  0.20493767E+000  0.39914833E+000  0.60103005E+000  0.91355712E+000  0.10528237E+001  0.15623478E+001  0.34610611E+001  0.50313622E+001  0.86264148E+001  0.13806493E+002
  0.15758969E+000  0.20493769E+000  0.39914752E+000  0.60102853E+000  0.91355490E+000  0.10528237E+001  0.15623478E+001  0.34610697E+001  0.50313683E+001  0.86263689E+001  0.13806407E+002
  0.15758952E+000  0.20493773E+000  0.39914672E+000  0.60102726E+000  0.91355274E+000  0.10528237E+001  0.15623479E+001  0.34610728E+001  0.50313746E+001  0.86263240E+001  0.13806323E+002
  0.15758935E+000  0.20493777E+000  0.39914595E+000  0.60102622E+000  0.91355062E+000  0.10528237E+001  0.15623482E+001  0.34610719E+001  0.50313809E+001  0.86262800E+001  0.13806240E+002
  0.15758919E+000  0.20493782E+000  0.39914520E+000  0.60102541E+000  0.91354853E+000  0.10528237E+001  0.15623487E+001  0.34610719E+001  0.50313875E+001  0.86262367E+001  0.13806159E+002
  0.15758903E+000  0.20493788E+000  0.39914447E+000  0.60102479E+000  0.91354649E+000  0.10528237E+001  0.15623493E+001  0.34611016E+001  0.50314503E+001  0.86261941E+001  0.13806079E+002
  0.15758887E+000  0.20493794E+000  0.39914376E+000  0.60102436E+000  0.91354447E+000  0.10528237E+001  0.15623500E+001  0.34611421E+001  0.50314454E+001  0.86261519E+001  0.13806000E+002
  0.15758871E+000  0.20493801E+000  0.39914306E+000  0.60102409E+000  0.91354247E+000  0.10528237E+001  0.15623508E+001  0.34611834E+001  0.50314373E+001  0.86261102E+001  0.13805922E+002
  0.15758855E+000  0.20493808E+000  0.39914238E+000  0.60102398E+000  0.91354049E+000  0.10528236E+001  0.15623518E+001  0.34612255E+001  0.50314302E+001  0.86260690E+001  0.13805844E+002
  0.15758840E+000  0.20493816E+000  0.39914171E+000  0.60102400E+000  0.91353854E+000  0.10528236E+001  0.15623528E+001  0.34612685E+001  0.50314241E+001  0.86260280E+001  0.13805766E+002
  0.15758825E+000  0.20493825E+000  0.39914107E+000  0.60102415E+000  0.91353660E+000  0.10528236E+001  0.15623539E+001  0.34613122E+001  0.50314190E+001  0.86259873E+001  0.13805690E+002
  0.15758810E+000  0.20493834E+000  0.39914043E+000  0.60102441E+000  0.91353468E+000  0.10528236E+001  0.15623550E+001  0.34613779E+001  0.50314257E+001  0.86259470E+001  0.13805613E+002
  0.15758795E+000  0.20493843E+000  0.39913982E+000  0.60102478E+000  0.91353278E+000  0.10528236E+001  0.15623563E+001  0.34614545E+001  0.50314325E+001  0.86259070E+001  0.13805538E+002
  0.15758781E+000  0.20493852E+000  0.39913922E+000  0.60102525E+000  0.91353091E+000  0.10528236E+001  0.15623575E+001  0.34615324E+001  0.50314395E+001  0.86258674E+001  0.13805463E+002
  0.15758767E+000  0.20493862E+000  0.39913864E+000  0.60102581E+000  0.91352906E+000  0.10528236E+001  0.15623589E+001  0.34615845E+001  0.50314466E+001  0.86258283E+001  0.13805389E+002
  0.15758753E+000  0.20493873E+000  0.39913808E+000  0.60102646E+000  0.91352723E+000  0.10528236E+001  0.15623602E+001  0.34615917E+001  0.50314537E+001  0.86257897E+001  0.13805315E+002
  0.15758740E+000  0.20493883E+000  0.39913754E+000  0.60102720E+000  0.91352545E+000  0.10528236E+001  0.15623616E+001  0.34615991E+001  0.50314610E+001  0.86257519E+001  0.13805243E+002
  0.15758727E+000  0.20495812E+000  0.39913703E+000  0.60102846E+000  0.91352370E+000  0.10528236E+001  0.15623631E+001  0.34616067E+001  0.50314683E+001  0.86257148E+001  0.13805173E+002
  0.15758715E+000  0.20495764E+000  0.39913653E+000  0.60103115E+000  0.91352313E+000  0.10528236E+001  0.15623646E+001  0.34616146E+001  0.50316287E+001  0.86256786E+001  0.13805104E+002
  0.15758704E+000  0.20495718E+000  0.39913607E+000  0.60102945E+000  0.91352310E+000  0.10528236E+001  0.15623661E+001  0.34616950E+001  0.50316194E+001  0.86256435E+001  0.13805037E+002
  0.15758693E+000  0.20495674E+000  0.39913563E+000  0.60102725E+000  0.91352307E+000  0.10528236E+001  0.15623676E+001  0.34617931E+001  0.50316271E+001  0.86256095E+001  0.13804971E+002
  0.15758682E+000  0.20495633E+000  0.39913522E+000  0.60102516E+000  0.91352304E+000  0.10528236E+001  0.15623692E+001  0.34619158E+001  0.50316145E+001  0.86255767E+001  0.13804908E+002
  0.15758672E+000  0.20495594E+000  0.39913483E+000  0.60102319E+000  0.91352302E+000  0.10528236E+001  0.15623707E+001  0.34620579E+001  0.50316039E+001  0.86255452E+001  0.13804848E+002
  0.15758662E+000  0.20495557E+000  0.39913448E+000  0.60102135E+000  0.91352299E+000  0.10528236E+001  0.15623723E+001  0.34623345E+001  0.50315953E+001  0.86255151E+001  0.13804789E+002
  0.15758653E+000  0.20495523E+000  0.39913415E+000  0.60101964E+000  0.91352297E+000  0.10528344E+001  0.15623740E+001  0.34623491E+001  0.50315914E+001  0.86254865E+001  0.13804734E+002
  0.15758645E+000  0.20495491E+000  0.39913385E+000  0.60101805E+000  0.91352296E+000  0.10528313E+001  0.15623756E+001  0.34625352E+001  0.50315893E+001  0.86254593E+001  0.13804681E+002
  0.15758637E+000  0.20495461E+000  0.39913358E+000  0.60101659E+000  0.91352294E+000  0.10528283E+001  0.15623772E+001  0.34626092E+001  0.50315882E+001  0.86254336E+001  0.13804630E+002
  0.15758630E+000  0.20495434E+000  0.39913333E+000  0.60101526E+000  0.91352293E+000  0.10528255E+001  0.15623789E+001  0.34626140E+001  0.50315881E+001  0.86254095E+001  0.13804583E+002
  0.15758623E+000  0.20495409E+000  0.39913311E+000  0.60101405E+000  0.91352291E+000  0.10528236E+001  0.15623806E+001  0.34626190E+001  0.50315890E+001  0.86253868E+001  0.13804538E+002
  0.15758617E+000  0.20495386E+000  0.39913292E+000  0.60101296E+000  0.91352290E+000  0.10528236E+001  0.15623823E+001  0.34626240E+001  0.50315907E+001  0.86253658E+001  0.13804496E+002
  0.15758611E+000  0.20495365E+000  0.39913275E+000  0.60101198E+000  0.91352290E+000  0.10528236E+001  0.15623840E+001  0.34626290E+001  0.50315933E+001  0.86253461E+001  0.13804456E+002
  0.15758606E+000  0.20495346E+000  0.39913261E+000  0.60101112E+000  0.91352289E+000  0.10528236E+001  0.15623857E+001  0.34626341E+001  0.50315966E+001  0.86253279E+001  0.13804419E+002
  0.15758601E+000  0.20495329E+000  0.39913249E+000  0.60101036E+000  0.91352289E+000  0.10528236E+001  0.15623874E+001  0.34626392E+001  0.50316006E+001  0.86253111E+001  0.13804384E+002
  0.15758596E+000  0.20495313E+000  0.39913239E+000  0.60100970E+000  0.91352289E+000  0.10528236E+001  0.15623891E+001  0.34627034E+001  0.50316053E+001  0.86252957E+001  0.13804352E+002
  0.15758592E+000  0.20495299E+000  0.39913231E+000  0.60100913E+000  0.91352289E+000  0.10528236E+001  0.15623909E+001  0.34628664E+001  0.50316106E+001  0.86252816E+001  0.13804322E+002
  0.15758588E+000  0.20495286E+000  0.39913225E+000  0.60100866E+000  0.91352289E+000  0.10528236E+001  0.15623926E+001  0.34629083E+001  0.50316164E+001  0.86252688E+001  0.13804295E+002
  0.15758585E+000  0.20495275E+000  0.39913220E+000  0.60100827E+000  0.91352289E+000  0.10528236E+001  0.15623944E+001  0.34629502E+001  0.50316244E+001  0.86252572E+001  0.13804269E+002
  0.15761952E+000  0.20495265E+000  0.39913218E+000  0.60100796E+000  0.91352290E+000  0.10528236E+001  0.15623962E+001  0.34629923E+001  0.50316352E+001  0.86252467E+001  0.13804245E+002
  0.15761931E+000  0.20495256E+000  0.39913216E+000  0.60100772E+000  0.91352291E+000  0.10528236E+001  0.15623979E+001  0.34630346E+001  0.50316462E+001  0.86252373E+001  0.13804224E+002
  0.15761913E+000  0.20495248E+000  0.39913217E+000  0.60100755E+000  0.91352291E+000  0.10528236E+001  0.15623997E+001  0.34631036E+001  0.50316573E+001  0.86252290E+001  0.13804204E+002
  0.15761896E+000  0.20495241E+000  0.39913218E+000  0.60100745E+000  0.91352292E+000  0.10528236E+001  0.15624015E+001  0.34631039E+001  0.50316684E+001  0.86252216E+001  0.13804186E+002
  0.15761880E+000  0.20495235E+000  0.39913221E+000  0.60100740E+000  0.91352293E+000  0.10528236E+001  0.15624033E+001  0.34631047E+001  0.50316797E+001  0.86252152E+001  0.13804169E+002
  0.15761866E+000  0.20495230E+000  0.39913224E+000  0.60100741E+000  0.91352294E+000  0.10528236E+001  0.15624050E+001  0.34631060E+001  0.50316911E+001  0.86252096E+001  0.13804154E+002
  0.15761853E+000  0.20495226E+000  0.39913229E+000  0.60100748E+000  0.91352296E+000  0.10528236E+001  0.15624068E+001  0.34631076E+001  0.50317026E+001  0.86252049E+001  0.13804140E+002
  0.15761841E+000  0.20495222E+000  0.39913234E+000  0.60100766E+000  0.91352297E+000  0.10528236E+001  0.15624086E+001  0.34631095E+001  0.50317142E+001  0.86252010E+001  0.13804128E+002
  0.15761831E+000  0.20495219E+000  0.39913240E+000  0.60100787E+000  0.91352298E+000  0.10528236E+001  0.15624104E+001  0.34631118E+001  0.50317259E+001  0.86251977E+001  0.13804117E+002
  0.15761821E+000  0.20495217E+000  0.39913247E+000  0.60100811E+000  0.91352300E+000  0.10528236E+001  0.15624122E+001  0.34631143E+001  0.50317377E+001  0.86251952E+001  0.13804106E+002
  0.15761813E+000  0.20495215E+000  0.39913255E+000  0.60100838E+000  0.91352301E+000  0.10528236E+001  0.15624139E+001  0.34631625E+001  0.50317496E+001  0.86251933E+001  0.13804097E+002
  0.15761805E+000  0.20495213E+000  0.39913263E+000  0.60100867E+000  0.91352303E+000  0.10528236E+001  0.15624157E+001  0.34632849E+001  0.50317616E+001  0.86251920E+001  0.13804089E+002
  0.15761798E+000  0.20495212E+000  0.39913271E+000  0.60100897E+000  0.91352304E+000  0.10528236E+001  0.15624175E+001  0.34632889E+001  0.50317737E+001  0.86251912E+001  0.13804082E+002
  0.15761792E+000  0.20495211E+000  0.39913280E+000  0.60100930E+000  0.91352306E+000  0.10528236E+001  0.15624192E+001  0.34632934E+001  0.50317859E+001  0.86251910E+001  0.13804076E+002
  0.15761787E+000  0.20495211E+000  0.39913288E+000  0.60100963E+000  0.91352307E+000  0.10528236E+001  0.15624210E+001  0.34632984E+001  0.50317982E+001  0.86251912E+001  0.13804070E+002
  0.15761782E+000  0.20495211E+000  0.39913298E+000  0.60100998E+000  0.91352309E+000  0.10528236E+001  0.15624227E+001  0.34633037E+001  0.50318105E+001  0.86251919E+001  0.13804065E+002
  0.15761778E+000  0.20495211E+000  0.39913307E+000  0.60101034E+000  0.91352311E+000  0.10528236E+001  0.15624244E+001  0.34633094E+001  0.50318229E+001  0.86251930E+001  0.13804061E+002
  0.15761774E+000  0.20495211E+000  0.39913316E+000  0.60101071E+000  0.91352312E+000  0.10528236E+001  0.15624261E+001  0.34633153E+001  0.50318354E+001  0.86251945E+001  0.13804057E+002
  0.15761771E+000  0.20495211E+000  0.39913325E+000  0.60101108E+000  0.91352314E+000  0.10528236E+001  0.15624278E+001  0.34633816E+001  0.50318480E+001  0.86251963E+001  0.13804053E+002
  0.15761769E+000  0.20495212E+000  0.39913335E+000  0.60101145E+000  0.91352316E+000  0.10528236E+001  0.15624295E+001  0.34634630E+001  0.50318606E+001  0.86251985E+001  0.13804051E+002
  0.15761766E+000  0.20495212E+000  0.39913344E+000  0.60101183E+000  0.91352318E+000  0.10528236E+001  0.15624311E+001  0.34635441E+001  0.50318733E+001  0.86252009E+001  0.13804048E+002
  0.15761765E+000  0.20495213E+000  0.39913353E+000  0.60101220E+000  0.91352319E+000  0.10528236E+001  0.15624327E+001  0.34636250E+001  0.50318883E+001  0.86252037E+001  0.13804046E+002
  0.15761763E+000  0.20495214E+000  0.39913362E+000  0.60101258E+000  0.91352321E+000  0.10528236E+001  0.15624343E+001  0.34637055E+001  0.50319037E+001  0.86252067E+001  0.13804045E+002
  0.15761762E+000  0.20495215E+000  0.39913371E+000  0.60101295E+000  0.91352323E+000  0.10528236E+001  0.15624359E+001  0.34637857E+001  0.50319191E+001  0.86252099E+001  0.13804043E+002
  0.15761761E+000  0.20495216E+000  0.39913380E+000  0.60101332E+000  0.91352324E+000  0.10528236E+001  0.15624375E+001  0.34638656E+001  0.50319345E+001  0.86252133E+001  0.13804042E+002
  0.15761760E+000  0.20495217E+000  0.39913388E+000  0.60101368E+000  0.91352326E+000  0.10528236E+001  0.15624390E+001  0.34639952E+001  0.50319500E+001  0.86252169E+001  0.13804042E+002
  0.15761759E+000  0.20495218E+000  0.39913397E+000  0.60101403E+000  0.91352328E+000  0.10528236E+001  0.15624405E+001  0.34643114E+001  0.50319654E+001  0.86252207E+001  0.13804041E+002
  0.15761759E+000  0.20495219E+000  0.39913405E+000  0.60101438E+000  0.91352329E+000  0.10528236E+001  0.15624420E+001  0.34644391E+001  0.50319809E+001  0.86252246E+001  0.13804041E+002
  0.15761759E+000  0.20495220E+000  0.39913413E+000  0.60101473E+000  0.91352331E+000  0.10528236E+001  0.15624435E+001  0.34645314E+001  0.50319963E+001  0.86252287E+001  0.13804041E+002
  0.15761759E+000  0.20495221E+000  0.39913420E+000  0.60101506E+000  0.91352332E+000  0.10528236E+001  0.15624450E+001  0.34646229E+001  0.50320118E+001  0.86252329E+001  0.13804041E+002
  0.15761759E+000  0.20495222E+000  0.39913428E+000  0.60101539E+000  0.91352334E+000  0.10528236E+001  0.15624464E+001  0.34647138E+001  0.50320272E+001  0.86252372E+001  0.13804041E+002
  0.15761759E+000  0.20495223E+000  0.39913435E+000  0.60101570E+000  0.91352335E+000  0.10528236E+001  0.15624479E+001  0.34648038E+001  0.50320425E+001  0.86252416E+001  0.13804041E+002
  0.15761759E+000  0.20495224E+000  0.39913442E+000  0.60101601E+000  0.91352336E+000  0.10528236E+001  0.15624492E+001  0.34648927E+001  0.50320579E+001  0.86252461E+001  0.13804041E+002
  0.15761759E+000  0.20495225E+000  0.39913448E+000  0.60101631E+000  0.91352338E+000  0.10528236E+001  0.15624506E+001  0.34649707E+001  0.50320731E+001  0.86252507E+001  0.13804042E+002
  0.15761759E+000  0.20495226E+000  0.39913454E+000  0.60101659E+000  0.91352339E+000  0.10528236E+001  0.15624519E+001  0.34650479E+001  0.50320883E+001  0.86252553E+001  0.13804042E+002
  0.15761760E+000  0.20495227E+000  0.39913460E+000  0.60101687E+000  0.91352340E+000  0.10528236E+001  0.15624531E+001  0.34651242E+001  0.50321035E+001  0.86252600E+001  0.13804043E+002
  0.15761760E+000  0.20495228E+000  0.39913466E+000  0.60101713E+000  0.91352342E+000  0.10528236E+001  0.15624544E+001  0.34651997E+001  0.50321185E+001  0.86252647E+001  0.13804044E+002
  0.15761761E+000  0.20495228E+000  0.39913472E+000  0.60101739E+000  0.91352343E+000  0.10528236E+001  0.15624556E+001  0.34652742E+001  0.50321466E+001  0.86252695E+001  0.13804044E+002
  0.15761761E+000  0.20495229E+000  0.39913477E+000  0.60101763E+000  0.91352344E+000  0.10528236E+001  0.15624567E+001  0.34653479E+001  0.50322750E+001  0.86252743E+001  0.13804045E+002
  0.15761762E+000  0.20495230E+000  0.39913482E+000  0.60101787E+000  0.91352345E+000  0.10528236E+001  0.15624578E+001  0.34654205E+001  0.50322909E+001  0.86252791E+001  0.13804046E+002
  0.15761762E+000  0.20495231E+000  0.39913486E+000  0.60101809E+000  0.91352346E+000  0.10528236E+001  0.15624589E+001  0.34659698E+001  0.50322979E+001  0.86252839E+001  0.13804047E+002
  0.15761763E+000  0.20495232E+000  0.39913491E+000  0.60101830E+000  0.91352347E+000  0.10528236E+001  0.15624600E+001  0.34669286E+001  0.50323049E+001  0.86252887E+001  0.13804047E+002
  0.15761763E+000  0.20495232E+000  0.39913495E+000  0.60101851E+000  0.91352348E+000  0.10528236E+001  0.15624610E+001  0.34669606E+001  0.50323119E+001  0.86252935E+001  0.13804048E+002
  0.15761764E+000  0.20495233E+000  0.39913499E+000  0.60101870E+000  0.91352349E+000  0.10528236E+001  0.15624619E+001  0.34669920E+001  0.50323187E+001  0.86252983E+001  0.13804049E+002
  0.15761764E+000  0.20495234E+000  0.39913503E+000  0.60101888E+000  0.91352350E+000  0.10528236E+001  0.15624628E+001  0.34670229E+001  0.50323255E+001  0.86253031E+001  0.13804050E+002
  0.15761764E+000  0.20495234E+000  0.39913506E+000  0.60101906E+000  0.91352351E+000  0.10528236E+001  0.15624637E+001  0.34670533E+001  0.50323322E+001  0.86253079E+001  0.13804050E+002
  0.15761765E+000  0.20495235E+000  0.39913509E+000  0.60101922E+000  0.91352352E+000  0.10528236E+001  0.15624646E+001  0.34670831E+001  0.50323389E+001  0.86253126E+001  0.13804051E+002
  0.15761765E+000  0.20495235E+000  0.39913512E+000  0.60101938E+000  0.91352353E+000  0.10528236E+001  0.15624654E+001  0.34671122E+001  0.50323454E+001  0.86253173E+001  0.13804052E+002
  0.15761766E+000  0.20495236E+000  0.39913515E+000  0.60101952E+000  0.91352353E+000  0.10528236E+001  0.15624662E+001  0.34684263E+001  0.50323519E+001  0.86253220E+001  0.13804052E+002
  0.15761766E+000  0.20495236E+000  0.39913518E+000  0.60101966E+000  0.91352354E+000  0.10528236E+001  0.15624669E+001  0.34684292E+001  0.50323582E+001  0.86253266E+001  0.13804053E+002
  0.15761767E+000  0.20495237E+000  0.39913521E+000  0.60101979E+000  0.91352355E+000  0.10528236E+001  0.15624677E+001  0.34684321E+001  0.50323645E+001  0.86253312E+001  0.13804054E+002
  0.15761767E+000  0.20495237E+000  0.39913523E+000  0.60101992E+000  0.91352355E+000  0.10528236E+001  0.15624683E+001  0.34684349E+001  0.50323707E+001  0.86253358E+001  0.13804055E+002
  0.15761767E+000  0.20495237E+000  0.39913525E+000  0.60102003E+000  0.91352356E+000  0.10528236E+001  0.15624690E+001  0.34684376E+001  0.50323767E+001  0.86253403E+001  0.13804055E+002
  0.15761768E+000  0.20495238E+000  0.39913527E+000  0.60102014E+000  0.91352357E+000  0.10528236E+001  0.15624696E+001  0.34684403E+001  0.50323827E+001  0.86253447E+001  0.13804056E+002
  0.15761768E+000  0.20495238E+000  0.39913529E+000  0.60102024E+000  0.91352357E+000  0.10528236E+001  0.15624702E+001  0.34684428E+001  0.50323885E+001  0.86253491E+001  0.13804056E+002
  0.15761768E+000  0.20495238E+000  0.39913531E+000  0.60102034E+000  0.91352358E+000  0.10528236E+001  0.15624708E+001  0.34684454E+001  0.50324038E+001  0.86253534E+001  0.13804057E+002
  0.15761769E+000  0.20495239E+000  0.39913532E+000  0.60102042E+000  0.91352358E+000  0.10528236E+001  0.15624713E+001  0.34684478E+001  0.50324199E+001  0.86253577E+001  0.13804057E+002
  0.15761769E+000  0.20495239E+000  0.39913534E+000  0.60102051E+000  0.91352359E+000  0.10528236E+001  0.15624718E+001  0.34684502E+001  0.50324357E+001  0.86253619E+001  0.13804058E+002
  0.15761769E+000  0.20495239E+000  0.39913535E+000  0.60102058E+000  0.91352359E+000  0.10528236E+001  0.15624723E+001  0.34684525E+001  0.50324511E+001  0.86253660E+001  0.13804058E+002
  0.15761769E+000  0.20495239E+000  0.39913537E+000  0.60102065E+000  0.91352359E+000  0.10528236E+001  0.15624727E+001  0.34684548E+001  0.50324663E+001  0.86253701E+001  0.13804059E+002
  0.15761769E+000  0.20495240E+000  0.39913538E+000  0.60102072E+000  0.91352360E+000  0.10528236E+001  0.15624731E+001  0.34684570E+001  0.50324810E+001  0.86253741E+001  0.13804059E+002
  0.15761769E+000  0.20495240E+000  0.39913539E+000  0.60102078E+000  0.91352360E+000  0.10528236E+001  0.15624736E+001  0.34684591E+001  0.50324955E+001  0.86253780E+001  0.13804060E+002
  0.15761770E+000  0.20495240E+000  0.39913540E+000  0.60102084E+000  0.91352361E+000  0.10528236E+001  0.15624739E+001  0.34684611E+001  0.50325096E+001  0.86253818E+001  0.13804060E+002
  0.15761770E+000  0.20495240E+000  0.39913541E+000  0.60102089E+000  0.91352361E+000  0.10528236E+001  0.15624743E+001  0.34684631E+001  0.50325233E+001  0.86253856E+001  0.13804061E+002
  0.15761770E+000  0.20495240E+000  0.39913542E+000  0.60102094E+000  0.91352361E+000  0.10528236E+001  0.15624746E+001  0.34684650E+001  0.50325368E+001  0.86253893E+001  0.13804061E+002
  0.15761770E+000  0.20495240E+000  0.39913543E+000  0.60102099E+000  0.91352361E+000  0.10528236E+001  0.15624750E+001  0.34684669E+001  0.50325498E+001  0.86253929E+001  0.13804061E+002
  0.15761770E+000  0.20495240E+000  0.39913543E+000  0.60102103E+000  0.91352362E+000  0.10528236E+001  0.15624753E+001  0.34684686E+001  0.50325625E+001  0.86253965E+001  0.13804062E+002
  0.15761770E+000  0.20495241E+000  0.39913544E+000  0.60102107E+000  0.91352362E+000  0.10528236E+001  0.15624755E+001  0.34684704E+001  0.50325749E+001  0.86253999E+001  0.13804062E+002
  0.15761770E+000  0.20495241E+000  0.39913544E+000  0.60102110E+000  0.91352362E+000  0.10528236E+001  0.15624758E+001  0.34684720E+001  0.50325869E+001  0.86254033E+001  0.13804062E+002
  0.15761770E+000  0.20495241E+000  0.39913545E+000  0.60102113E+000  0.91352362E+000  0.10528236E+001  0.15624760E+001  0.34684736E+001  0.50325985E+001  0.86254066E+001  0.13804063E+002
  0.15761770E+000  0.20495241E+000  0.39913545E+000  0.60102116E+000  0.91352362E+000  0.10528236E+001  0.15624763E+001  0.34684751E+001  0.50326098E+001  0.86254099E+001  0.13804063E+002
  0.15761770E+000  0.20495241E+000  0.39913546E+000  0.60102119E+000  0.91352363E+000  0.10528236E+001  0.15624765E+001  0.34684766E+001  0.50326208E+001  0.86254130E+001  0.13804063E+002
  0.15761770E+000  0.20495241E+000  0.39913546E+000  0.60102121E+000  0.91352363E+000  0.10528236E+001  0.15624767E+001  0.34684780E+001  0.50326314E+001  0.86254161E+001  0.13804063E+002
  0.15761770E+000  0.20495241E+000  0.39913547E+000  0.60102124E+000  0.91352363E+000  0.10528236E+001  0.15624769E+001  0.34684794E+001  0.50326416E+001  0.86254191E+001  0.13804064E+002
  0.15761770E+000  0.20495241E+000  0.39913547E+000  0.60102126E+000  0.91352363E+000  0.10528236E+001  0.15624771E+001  0.34684807E+001  0.50326523E+001  0.86254220E+001  0.13804064E+002
  0.15761770E+000  0.20495241E+000  0.39913547E+000  0.60102127E+000  0.91352363E+000  0.10528236E+001  0.15624772E+001  0.34684819E+001  0.50326632E+001  0.86254248E+001  0.13804064E+002
  0.15761770E+000  0.20495241E+000  0.39913548E+000  0.60102129E+000  0.91352363E+000  0.10528236E+001  0.15624774E+001  0.34684831E+001  0.50326738E+001  0.86254275E+001  0.13804064E+002
  0.15761770E+000  0.20495241E+000  0.39913548E+000  0.60102131E+000  0.91352363E+000  0.10528236E+001  0.15624775E+001  0.34684842E+001  0.50326840E+001  0.86254302E+001  0.13804064E+002
  0.15761770E+000  0.20495241E+000  0.39913548E+000  0.60102132E+000  0.91352363E+000  0.10528236E+001  0.15624777E+001  0.34684853E+001  0.50326939E+001  0.86254328E+001  0.13804065E+002
  0.15761770E+000  0.20495241E+000  0.39913548E+000  0.60102133E+000  0.91352364E+000  0.10528236E+001  0.15624778E+001  0.34684863E+001  0.50327033E+001  0.86254353E+001  0.13804065E+002
  0.15761770E+000  0.20495241E+000  0.39913548E+000  0.60102134E+000  0.91352364E+000  0.10528236E+001  0.15624779E+001  0.34684873E+001  0.50327124E+001  0.86254377E+001  0.13804065E+002
  0.15761770E+000  0.20495241E+000  0.39913548E+000  0.60102135E+000  0.91352364E+000  0.10528236E+001  0.15624780E+001  0.34684882E+001  0.50327212E+001  0.86254401E+001  0.13804065E+002
  0.15761770E+000  0.20495241E+000  0.39913549E+000  0.60102136E+000  0.91352364E+000  0.10528236E+001  0.15624781E+001  0.34684891E+001  0.50327296E+001  0.86254424E+001  0.13804065E+002
  0.15761769E+000  0.20495241E+000  0.39913549E+000  0.60102137E+000  0.91352364E+000  0.10528236E+001  0.15624782E+001  0.34684900E+001  0.50327376E+001  0.86254446E+001  0.13804065E+002
  0.15761769E+000  0.20495241E+000  0.39913549E+000  0.60102138E+000  0.91352364E+000  0.10528236E+001  0.15624783E+001  0.34684908E+001  0.50327453E+001  0.86254467E+001  0.13804065E+002
  0.15761769E+000  0.20495241E+000  0.39913549E+000  0.60102138E+000  0.91352364E+000  0.10528236E+001  0.15624784E+001  0.34684915E+001  0.50327527E+001  0.86254488E+001  0.13804065E+002
  0.15761769E+000  0.20495241E+000  0.39913549E+000  0.60102139E+000  0.91352364E+000  0.10528236E+001  0.15624785E+001  0.34684923E+001  0.50327598E+001  0.86254508E+001  0.13804066E+002
  0.15761769E+000  0.20495241E+000  0.39913549E+000  0.60102140E+000  0.91352364E+000  0.10528236E+001  0.15624785E+001  0.34684930E+001  0.50327666E+001  0.86254527E+001  0.13804066E+002
  0.15761769E+000  0.20495241E+000  0.39913549E+000  0.60102140E+000  0.91352364E+000  0.10528236E+001  0.15624786E+001  0.34684936E+001  0.50327731E+001  0.86254546E+001  0.13804066E+002
  0.15761769E+000  0.20495241E+000  0.39913549E+000  0.60102141E+000  0.91352364E+000  0.10528236E+001  0.15624787E+001  0.34684942E+001  0.50327792E+001  0.86254563E+001  0.13804066E+002
  0.15761769E+000  0.20495241E+000  0.39913549E+000  0.60102141E+000  0.91352364E+000  0.10528236E+001  0.15624787E+001  0.34684948E+001  0.50327851E+001  0.86254581E+001  0.13804066E+002
  0.15761769E+000  0.20495241E+000  0.39913549E+000  0.60102141E+000  0.91352364E+000  0.10528236E+001  0.15624788E+001  0.34684953E+001  0.50327907E+001  0.86254598E+001  0.13804066E+002
  0.15761769E+000  0.20495241E+000  0.39913549E+000  0.60102142E+000  0.91352364E+000  0.10528236E+001  0.15624788E+001  0.34684959E+001  0.50327961E+001  0.86254614E+001  0.13804066E+002
  0.15761768E+000  0.20495240E+000  0.39913548E+000  0.60102139E+000  0.91352364E+000  0.10528236E+001  0.15624788E+001  0.34684963E+001  0.50328012E+001  0.86254623E+001  0.13804065E+002
  0.15761767E+000  0.20495240E+000  0.39913549E+000  0.60102135E+000  0.91352364E+000  0.10528236E+001  0.15624789E+001  0.34684967E+001  0.50328059E+001  0.86254629E+001  0.13804064E+002
