  0.30878625E+000  0.34383021E+000  0.45395415E+000  0.59491735E+000  0.79249129E+000  0.88585940E+000  0.11850894E+001  0.18632669E+001  0.26152425E+001  0.43874855E+001  0.81183135E+001
  0.30863823E+000  0.34362464E+000  0.45374221E+000  0.59491735E+000  0.79221815E+000  0.88563623E+000  0.11851568E+001  0.18617844E+001  0.26149027E+001  0.43755441E+001  0.81177671E+001
  0.30851108E+000  0.34349656E+000  0.45350518E+000  0.59491735E+000  0.79153216E+000  0.88546017E+000  0.11851794E+001  0.18609186E+001  0.26144416E+001  0.43726912E+001  0.81172767E+001
  0.30840222E+000  0.34334643E+000  0.45337701E+000  0.59491735E+000  0.79089055E+000  0.88530172E+000  0.11852626E+001  0.18597824E+001  0.26142390E+001  0.43724901E+001  0.81169127E+001
  0.30830924E+000  0.34325616E+000  0.45324867E+000  0.59491735E+000  0.79070534E+000  0.88517566E+000  0.11852691E+001  0.18592840E+001  0.26140471E+001  0.43723156E+001  0.81167763E+001
  0.30822992E+000  0.34318029E+000  0.45314032E+000  0.59491735E+000  0.79055222E+000  0.88506796E+000  0.11853401E+001  0.18588763E+001  0.26136248E+001  0.43721610E+001  0.81166653E+001
  0.30816233E+000  0.34305810E+000  0.45300994E+000  0.59491735E+000  0.79037922E+000  0.88496985E+000  0.11853473E+001  0.18585358E+001  0.26133654E+001  0.43720488E+001  0.81165744E+001
  0.30810477E+000  0.34300166E+000  0.45294636E+000  0.59491735E+000  0.79026271E+000  0.88489132E+000  0.11853873E+001  0.18582178E+001  0.26132095E+001  0.43719378E+001  0.81164992E+001
  0.30805576E+000  0.34295382E+000  0.45287910E+000  0.59491735E+000  0.79017454E+000  0.88482740E+000  0.11851836E+001  0.18579708E+001  0.26132578E+001  0.43718432E+001  0.81164367E+001
  0.30801405E+000  0.34291327E+000  0.45281831E+000  0.59491735E+000  0.79010155E+000  0.88476071E+000  0.11848271E+001  0.18577633E+001  0.26132356E+001  0.43717627E+001  0.81163845E+001
  0.30797855E+000  0.34287890E+000  0.45274261E+000  0.59491735E+000  0.79004070E+000  0.88470733E+000  0.11847317E+001  0.18575890E+001  0.26130562E+001  0.43717113E+001  0.81163406E+001
  0.30794835E+000  0.34284976E+000  0.45270527E+000  0.59491735E+000  0.78998962E+000  0.88467379E+000  0.11847274E+001  0.18574424E+001  0.26129030E+001  0.43716534E+001  0.81163132E+001
  0.30792266E+000  0.34282507E+000  0.45267362E+000  0.59491735E+000  0.78994651E+000  0.88463244E+000  0.11847359E+001  0.18572818E+001  0.26128417E+001  0.43715989E+001  0.81163178E+001
  0.30790070E+000  0.34280416E+000  0.45264681E+000  0.59491735E+000  0.78989255E+000  0.88459748E+000  0.11847455E+001  0.18571739E+001  0.26127996E+001  0.43715527E+001  0.81163218E+001
  0.30787707E+000  0.34278648E+000  0.45262412E+000  0.59491735E+000  0.78986096E+000  0.88458857E+000  0.11847439E+001  0.18570854E+001  0.26127641E+001  0.43715137E+001  0.81163251E+001
  0.30786148E+000  0.34277154E+000  0.45260494E+000  0.59491735E+000  0.78983418E+000  0.88456366E+000  0.11847600E+001  0.18570111E+001  0.26129304E+001  0.43714807E+001  0.81163278E+001
  0.30784825E+000  0.34275894E+000  0.45258876E+000  0.59491735E+000  0.78981146E+000  0.88454273E+000  0.11847571E+001  0.18568842E+001  0.26128501E+001  0.43714529E+001  0.81163299E+001
  0.30784173E+000  0.34274835E+000  0.45257514E+000  0.59491735E+000  0.78979216E+000  0.88452519E+000  0.11847619E+001  0.18567846E+001  0.26127824E+001  0.43714316E+001  0.81163316E+001
  0.30783212E+000  0.34273946E+000  0.45256371E+000  0.59491735E+000  0.78973499E+000  0.88451056E+000  0.11847597E+001  0.18558760E+001  0.26127256E+001  0.43714145E+001  0.81163329E+001
  0.30781956E+000  0.34263605E+000  0.45255415E+000  0.59491735E+000  0.78972190E+000  0.88449842E+000  0.11847713E+001  0.18554614E+001  0.26126782E+001  0.43714422E+001  0.81163339E+001
  0.30781282E+000  0.34263006E+000  0.45254619E+000  0.59491735E+000  0.78971138E+000  0.88448840E+000  0.11847744E+001  0.18554257E+001  0.26126442E+001  0.43714300E+001  0.81163346E+001
  0.30780716E+000  0.34262514E+000  0.45253959E+000  0.59491735E+000  0.78970302E+000  0.88448019E+000  0.11847725E+001  0.18553992E+001  0.26126344E+001  0.43714200E+001  0.81163350E+001
  0.30780242E+000  0.34262114E+000  0.45253417E+000  0.59491735E+000  0.78969649E+000  0.88447352E+000  0.11847692E+001  0.18553789E+001  0.26126264E+001  0.43714117E+001  0.81163351E+001
  0.30780256E+000  0.34261792E+000  0.45252974E+000  0.59491735E+000  0.78969151E+000  0.88446818E+000  0.11847674E+001  0.18553640E+001  0.26126200E+001  0.43714050E+001  0.81163351E+001
  0.30779922E+000  0.34261538E+000  0.45251952E+000  0.59491735E+000  0.78968784E+000  0.88446396E+000  0.11847667E+001  0.18553540E+001  0.26126150E+001  0.43713997E+001  0.81163349E+001
  0.30779645E+000  0.34261340E+000  0.45251721E+000  0.59491735E+000  0.78968525E+000  0.88446069E+000  0.11847670E+001  0.18553484E+001  0.26126111E+001  0.43713955E+001  0.81163346E+001
  0.30779417E+000  0.34261190E+000  0.45251545E+000  0.59491735E+000  0.78968357E+000  0.88445824E+000  0.11847826E+001  0.18555635E+001  0.26126081E+001  0.43713922E+001  0.81163341E+001
  0.30779231E+000  0.34261081E+000  0.45251414E+000  0.59491735E+000  0.78968265E+000  0.88445647E+000  0.11847833E+001  0.18561499E+001  0.26126060E+001  0.43713898E+001  0.81163335E+001
  0.30779081E+000  0.34261006E+000  0.45251323E+000  0.59491735E+000  0.78968234E+000  0.88445527E+000  0.11847833E+001  0.18566278E+001  0.26126047E+001  0.43713880E+001  0.81163329E+001
  0.30778961E+000  0.34260960E+000  0.45251264E+000  0.59491735E+000  0.78968255E+000  0.88445456E+000  0.11847835E+001  0.18566444E+001  0.26126039E+001  0.43713868E+001  0.81163321E+001
  0.30778865E+000  0.34260938E+000  0.45251233E+000  0.59491735E+000  0.78968316E+000  0.88445425E+000  0.11847839E+001  0.18566731E+001  0.26126036E+001  0.43713862E+001  0.81163313E+001
  0.30778790E+000  0.34260935E+000  0.45251224E+000  0.59482682E+000  0.78968410E+000  0.88445428E+000  0.11847843E+001  0.18566738E+001  0.26126037E+001  0.43713859E+001  0.81163304E+001
  0.30778733E+000  0.34260949E+000  0.45251235E+000  0.59482688E+000  0.78968529E+000  0.88445458E+000  0.11847848E+001  0.18566754E+001  0.26126042E+001  0.43713859E+001  0.81163295E+001
  0.30778690E+000  0.34260976E+000  0.45251260E+000  0.59491735E+000  0.78968668E+000  0.88445511E+000  0.11847851E+001  0.18566776E+001  0.26126049E+001  0.43713863E+001  0.81163285E+001
  0.30778659E+000  0.34261013E+000  0.45251299E+000  0.59491735E+000  0.78968822E+000  0.88445583E+000  0.11848730E+001  0.18566804E+001  0.26126059E+001  0.43713868E+001  0.81163275E+001
  0.30778638E+000  0.34261059E+000  0.45251347E+000  0.59491735E+000  0.78968986E+000  0.88445669E+000  0.11851295E+001  0.18566837E+001  0.26126071E+001  0.43713876E+001  0.81163264E+001
  0.30778624E+000  0.34261112E+000  0.45251404E+000  0.59491735E+000  0.78969157E+000  0.88445766E+000  0.11851323E+001  0.18566802E+001  0.26126085E+001  0.43713885E+001  0.81163254E+001
  0.30778616E+000  0.34261170E+000  0.45251466E+000  0.59491735E+000  0.78969333E+000  0.88445873E+000  0.11851352E+001  0.18566841E+001  0.26126100E+001  0.43713895E+001  0.81163242E+001
  0.30778613E+000  0.34261232E+000  0.45251534E+000  0.59491735E+000  0.79018031E+000  0.88445987E+000  0.11851382E+001  0.18566883E+001  0.26126115E+001  0.43713906E+001  0.81163231E+001
  0.30778614E+000  0.34261296E+000  0.45251606E+000  0.59491735E+000  0.79019028E+000  0.88446106E+000  0.11851412E+001  0.18566926E+001  0.26126132E+001  0.43713918E+001  0.81163220E+001
  0.30778618E+000  0.34261363E+000  0.45251680E+000  0.59491735E+000  0.79019985E+000  0.88446229E+000  0.11851443E+001  0.18566970E+001  0.26126150E+001  0.43713930E+001  0.81163208E+001
  0.30778624E+000  0.34261431E+000  0.45251756E+000  0.59491735E+000  0.79038959E+000  0.88446355E+000  0.11851475E+001  0.18567015E+001  0.26126168E+001  0.43713943E+001  0.81163196E+001
  0.30778632E+000  0.34261500E+000  0.45251834E+000  0.59491735E+000  0.79039333E+000  0.88446483E+000  0.11851506E+001  0.18567060E+001  0.26126186E+001  0.43713956E+001  0.81163184E+001
  0.30778641E+000  0.34261569E+000  0.45251912E+000  0.59491735E+000  0.79039690E+000  0.88446612E+000  0.11851537E+001  0.18567106E+001  0.26126205E+001  0.43713969E+001  0.81163172E+001
  0.30778650E+000  0.34261639E+000  0.45251991E+000  0.59491735E+000  0.79040030E+000  0.88446741E+000  0.11851568E+001  0.18567144E+001  0.26126223E+001  0.43713982E+001  0.81163160E+001
  0.30778660E+000  0.34261708E+000  0.45252070E+000  0.59491735E+000  0.79040354E+000  0.88446870E+000  0.11851598E+001  0.18567074E+001  0.26126242E+001  0.43713996E+001  0.81163148E+001
  0.30778671E+000  0.34261777E+000  0.45252149E+000  0.59491735E+000  0.79040662E+000  0.88446999E+000  0.11851628E+001  0.18567119E+001  0.26126262E+001  0.43714009E+001  0.81163135E+001
  0.30778681E+000  0.34261845E+000  0.45252228E+000  0.59491735E+000  0.79040955E+000  0.88447128E+000  0.11851658E+001  0.18567163E+001  0.26126281E+001  0.43714023E+001  0.81163123E+001
  0.30778692E+000  0.34261912E+000  0.45252306E+000  0.59491735E+000  0.79041234E+000  0.88447256E+000  0.11851688E+001  0.18567207E+001  0.26126300E+001  0.43714036E+001  0.81163111E+001
  0.30778702E+000  0.34261979E+000  0.45252383E+000  0.59491735E+000  0.79041498E+000  0.88447383E+000  0.11851716E+001  0.18567336E+001  0.26126319E+001  0.43714049E+001  0.81163098E+001
  0.30778713E+000  0.34262045E+000  0.45252460E+000  0.59491735E+000  0.79041748E+000  0.88447508E+000  0.11851745E+001  0.18567359E+001  0.26126339E+001  0.43714063E+001  0.81163086E+001
  0.30778723E+000  0.34262110E+000  0.45252536E+000  0.59491735E+000  0.79041984E+000  0.88447633E+000  0.11851772E+001  0.18567383E+001  0.26126358E+001  0.43714076E+001  0.81163073E+001
  0.30778733E+000  0.34262174E+000  0.45252611E+000  0.59491735E+000  0.79042207E+000  0.88447757E+000  0.11851800E+001  0.18567407E+001  0.26126377E+001  0.43714089E+001  0.81163061E+001
  0.30778743E+000  0.34262237E+000  0.45252685E+000  0.59491735E+000  0.79044994E+000  0.88447879E+000  0.11851826E+001  0.18567432E+001  0.26126397E+001  0.43714102E+001  0.81163048E+001
  0.30778753E+000  0.34262300E+000  0.45252779E+000  0.59491735E+000  0.79045354E+000  0.88448000E+000  0.11851853E+001  0.18567466E+001  0.26126416E+001  0.43714116E+001  0.81163035E+001
  0.30778762E+000  0.34262361E+000  0.45252837E+000  0.59491735E+000  0.79045571E+000  0.88448120E+000  0.11851878E+001  0.18567508E+001  0.26126435E+001  0.43714128E+001  0.81163023E+001
  0.30778772E+000  0.34262421E+000  0.45252903E+000  0.59491735E+000  0.79045780E+000  0.88448238E+000  0.11851903E+001  0.18567550E+001  0.26126454E+001  0.43714141E+001  0.81163010E+001
  0.30778781E+000  0.34262480E+000  0.45252974E+000  0.59491735E+000  0.79045981E+000  0.88448355E+000  0.11851928E+001  0.18567591E+001  0.26126473E+001  0.43714154E+001  0.81162998E+001
  0.30778789E+000  0.34262538E+000  0.45253044E+000  0.59491735E+000  0.79046176E+000  0.88448471E+000  0.11851952E+001  0.18567631E+001  0.26126492E+001  0.43714167E+001  0.81162985E+001
  0.30778798E+000  0.34262595E+000  0.45253113E+000  0.59491735E+000  0.79046362E+000  0.88448586E+000  0.11851976E+001  0.18567671E+001  0.26126510E+001  0.43714179E+001  0.81162972E+001
  0.30778806E+000  0.34262651E+000  0.45253181E+000  0.59491735E+000  0.79046542E+000  0.88448699E+000  0.11851999E+001  0.18567711E+001  0.26126529E+001  0.43714192E+001  0.81162960E+001
  0.30778814E+000  0.34262707E+000  0.45253168E+000  0.59491735E+000  0.79046714E+000  0.88448811E+000  0.11852021E+001  0.18567750E+001  0.26126547E+001  0.43714204E+001  0.81162947E+001
  0.30778822E+000  0.34262761E+000  0.45253220E+000  0.59491735E+000  0.79046886E+000  0.88448922E+000  0.11852044E+001  0.18567788E+001  0.26126566E+001  0.43714216E+001  0.81162935E+001
  0.30778829E+000  0.34262814E+000  0.45253272E+000  0.59491735E+000  0.79047097E+000  0.88449032E+000  0.11852066E+001  0.18567826E+001  0.26126584E+001  0.43714228E+001  0.81162922E+001
  0.30778837E+000  0.34262866E+000  0.45253322E+000  0.59491735E+000  0.79047302E+000  0.88449141E+000  0.11852087E+001  0.18567864E+001  0.26126602E+001  0.43714241E+001  0.81162910E+001
  0.30778844E+000  0.34262918E+000  0.45253373E+000  0.59491735E+000  0.79047499E+000  0.88449249E+000  0.11852108E+001  0.18567901E+001  0.26126620E+001  0.43714253E+001  0.81162897E+001
  0.30778851E+000  0.34262969E+000  0.45253422E+000  0.59491735E+000  0.79047689E+000  0.88449356E+000  0.11852129E+001  0.18567938E+001  0.26126637E+001  0.43714264E+001  0.81162885E+001
  0.30778858E+000  0.34263019E+000  0.45253471E+000  0.59491735E+000  0.79047874E+000  0.88449463E+000  0.11852150E+001  0.18567818E+001  0.26126655E+001  0.43714276E+001  0.81162872E+001
  0.30778864E+000  0.34263068E+000  0.45253520E+000  0.59491735E+000  0.79048053E+000  0.88449568E+000  0.11852170E+001  0.18567847E+001  0.26126672E+001  0.43714288E+001  0.81162860E+001
  0.30778871E+000  0.34263117E+000  0.45253568E+000  0.59491735E+000  0.79048226E+000  0.88449673E+000  0.11852191E+001  0.18567876E+001  0.26126690E+001  0.43714300E+001  0.81162848E+001
  0.30778877E+000  0.34263165E+000  0.45253616E+000  0.59491735E+000  0.79048394E+000  0.88449777E+000  0.11852211E+001  0.18567906E+001  0.26126707E+001  0.43714311E+001  0.81162836E+001
  0.30778884E+000  0.34263213E+000  0.45253664E+000  0.59491735E+000  0.79048556E+000  0.88449880E+000  0.11852230E+001  0.18567936E+001  0.26126724E+001  0.43714323E+001  0.81162824E+001
  0.30778890E+000  0.34263260E+000  0.45253711E+000  0.59491735E+000  0.79048714E+000  0.88449983E+000  0.11852284E+001  0.18567966E+001  0.26126740E+001  0.43714334E+001  0.81162812E+001
  0.30778896E+000  0.34263307E+000  0.45253759E+000  0.59491735E+000  0.79048868E+000  0.88450084E+000  0.11852303E+001  0.18567995E+001  0.26126757E+001  0.43714346E+001  0.81162800E+001
  0.30778902E+000  0.34263353E+000  0.45253805E+000  0.59491735E+000  0.79049017E+000  0.88450185E+000  0.11852320E+001  0.18568025E+001  0.26126773E+001  0.43714357E+001  0.81162788E+001
  0.30778908E+000  0.34263399E+000  0.45253852E+000  0.59491735E+000  0.79049162E+000  0.88450285E+000  0.11852338E+001  0.18568055E+001  0.26126790E+001  0.43714368E+001  0.81162777E+001
  0.30778914E+000  0.34263444E+000  0.45253898E+000  0.59491735E+000  0.79049303E+000  0.88450384E+000  0.11852356E+001  0.18568085E+001  0.26126805E+001  0.43714379E+001  0.81162765E+001
  0.30778920E+000  0.34263488E+000  0.45253944E+000  0.59491735E+000  0.79049439E+000  0.88450481E+000  0.11852374E+001  0.18568114E+001  0.26126833E+001  0.43714390E+001  0.81162755E+001
  0.30778925E+000  0.34263532E+000  0.45253989E+000  0.59491735E+000  0.79049572E+000  0.88450577E+000  0.11852391E+001  0.18568144E+001  0.26126867E+001  0.43714401E+001  0.81162744E+001
  0.30778931E+000  0.34263575E+000  0.45254034E+000  0.59491735E+000  0.79049701E+000  0.88450672E+000  0.11852408E+001  0.18568173E+001  0.26126901E+001  0.43714411E+001  0.81162733E+001
  0.30778937E+000  0.34263617E+000  0.45254078E+000  0.59491735E+000  0.79049826E+000  0.88450765E+000  0.11852425E+001  0.18568202E+001  0.26126935E+001  0.43714422E+001  0.81162723E+001
  0.30778943E+000  0.34263659E+000  0.45254122E+000  0.59491735E+000  0.79049947E+000  0.88450855E+000  0.11852441E+001  0.18568230E+001  0.26126967E+001  0.43714432E+001  0.81162714E+001
  0.30778948E+000  0.34263699E+000  0.45254164E+000  0.59491735E+000  0.79050064E+000  0.88450944E+000  0.11852458E+001  0.18568258E+001  0.26126999E+001  0.43714132E+001  0.81162704E+001
  0.30778954E+000  0.34263739E+000  0.45254206E+000  0.59491735E+000  0.79050177E+000  0.88451030E+000  0.11852473E+001  0.18568286E+001  0.26127030E+001  0.43714143E+001  0.81162695E+001
  0.30778959E+000  0.34263777E+000  0.45254246E+000  0.59491735E+000  0.79050286E+000  0.88451114E+000  0.11852489E+001  0.18568313E+001  0.26127060E+001  0.43714155E+001  0.81162687E+001
  0.30778965E+000  0.34263814E+000  0.45254285E+000  0.59491735E+000  0.79050391E+000  0.88451195E+000  0.11852504E+001  0.18568339E+001  0.26127089E+001  0.43714165E+001  0.81162679E+001
  0.30778970E+000  0.34263849E+000  0.45254323E+000  0.59491735E+000  0.79050493E+000  0.88451273E+000  0.11852518E+001  0.18568365E+001  0.26127117E+001  0.43714176E+001  0.81162671E+001
  0.30778975E+000  0.34263884E+000  0.45254360E+000  0.59491735E+000  0.79050590E+000  0.88451348E+000  0.11852532E+001  0.18568390E+001  0.26127144E+001  0.43714186E+001  0.81162664E+001
  0.30778980E+000  0.34263917E+000  0.45254395E+000  0.59491735E+000  0.79050684E+000  0.88451419E+000  0.11852545E+001  0.18568414E+001  0.26127170E+001  0.43714196E+001  0.81162658E+001
  0.30778985E+000  0.34263948E+000  0.45254429E+000  0.59491735E+000  0.79050774E+000  0.88451488E+000  0.11852558E+001  0.18568437E+001  0.26127195E+001  0.43714206E+001  0.81162652E+001
  0.30778989E+000  0.34263979E+000  0.45254461E+000  0.59491735E+000  0.79050861E+000  0.88451553E+000  0.11852570E+001  0.18568460E+001  0.26127219E+001  0.43714215E+001  0.81162646E+001
  0.30778994E+000  0.34264007E+000  0.45254491E+000  0.59491735E+000  0.79050944E+000  0.88451615E+000  0.11852582E+001  0.18568482E+001  0.26127241E+001  0.43714224E+001  0.81162641E+001
  0.30778998E+000  0.34264034E+000  0.45254520E+000  0.59491735E+000  0.79051023E+000  0.88451674E+000  0.11852593E+001  0.18568503E+001  0.26127263E+001  0.43714233E+001  0.81162637E+001
  0.30779002E+000  0.34264060E+000  0.45254548E+000  0.59491735E+000  0.79051100E+000  0.88451730E+000  0.11852603E+001  0.18568523E+001  0.26127283E+001  0.43714241E+001  0.81162633E+001
  0.30779006E+000  0.34264084E+000  0.45254573E+000  0.59491735E+000  0.79051173E+000  0.88451782E+000  0.11852613E+001  0.18568543E+001  0.26127303E+001  0.43714249E+001  0.81162630E+001
  0.30779009E+000  0.34264107E+000  0.45254598E+000  0.59491735E+000  0.79051243E+000  0.88450331E+000  0.11852622E+001  0.18568562E+001  0.26127321E+001  0.43714257E+001  0.81162627E+001
  0.30779013E+000  0.34264129E+000  0.45254621E+000  0.59491735E+000  0.79051310E+000  0.88450378E+000  0.11852631E+001  0.18568580E+001  0.26127338E+001  0.43714264E+001  0.81162624E+001
  0.30779016E+000  0.34264149E+000  0.45254642E+000  0.59491735E+000  0.79051374E+000  0.88450422E+000  0.11852639E+001  0.18568597E+001  0.26127354E+001  0.43714271E+001  0.81162623E+001
  0.30779019E+000  0.34264168E+000  0.45254662E+000  0.59491735E+000  0.79051435E+000  0.88450463E+000  0.11852647E+001  0.18568614E+001  0.26127369E+001  0.43714278E+001  0.81162621E+001
  0.30779022E+000  0.34264186E+000  0.45254680E+000  0.59491735E+000  0.79051494E+000  0.88450501E+000  0.11852654E+001  0.18568630E+001  0.26127384E+001  0.43714284E+001  0.81162620E+001
  0.30779024E+000  0.34264202E+000  0.45254698E+000  0.59491735E+000  0.79051551E+000  0.88450537E+000  0.11852661E+001  0.18568645E+001  0.26127397E+001  0.43714290E+001  0.81162620E+001
  0.30779027E+000  0.34264217E+000  0.45254714E+000  0.59491735E+000  0.79051605E+000  0.88450570E+000  0.11852667E+001  0.18568660E+001  0.26127410E+001  0.43714296E+001  0.81162620E+001
  0.30779029E+000  0.34264232E+000  0.45254728E+000  0.59491735E+000  0.79051657E+000  0.88450600E+000  0.11852673E+001  0.18568674E+001  0.26127421E+001  0.43714302E+001  0.81162621E+001
  0.30779031E+000  0.34264245E+000  0.45254742E+000  0.59491735E+000  0.79051706E+000  0.88450629E+000  0.11852678E+001  0.18568687E+001  0.26127432E+001  0.43714307E+001  0.81162622E+001
  0.30779033E+000  0.34264257E+000  0.45254755E+000  0.59491735E+000  0.79051754E+000  0.88450655E+000  0.11852683E+001  0.18568700E+001  0.26127442E+001  0.43714313E+001  0.81162623E+001
  0.30779035E+000  0.34264269E+000  0.45254766E+000  0.59491735E+000  0.79051800E+000  0.88450679E+000  0.11852687E+001  0.18568713E+001  0.26127452E+001  0.43714318E+001  0.81162625E+001
  0.30779036E+000  0.34264279E+000  0.45254777E+000  0.59491735E+000  0.79051844E+000  0.88450701E+000  0.11852691E+001  0.18568725E+001  0.26127461E+001  0.43714322E+001  0.81162627E+001
  0.30779038E+000  0.34264289E+000  0.45254786E+000  0.59491735E+000  0.79051887E+000  0.88450722E+000  0.11852695E+001  0.18568737E+001  0.26127469E+001  0.43714327E+001  0.81162630E+001
  0.30779039E+000  0.34264297E+000  0.45254795E+000  0.59491735E+000  0.79051928E+000  0.88450741E+000  0.11852698E+001  0.18568748E+001  0.26127477E+001  0.43714332E+001  0.81162633E+001
  0.30779041E+000  0.34264306E+000  0.45254803E+000  0.59491735E+000  0.79051967E+000  0.88450758E+000  0.11852702E+001  0.18568758E+001  0.26127484E+001  0.43714336E+001  0.81162637E+001
  0.30779042E+000  0.34264313E+000  0.45254810E+000  0.59491735E+000  0.79052005E+000  0.88450773E+000  0.11852705E+001  0.18568769E+001  0.26127491E+001  0.43714340E+001  0.81162641E+001
  0.30779043E+000  0.34264320E+000  0.45254817E+000  0.59491735E+000  0.79052041E+000  0.88450788E+000  0.11852707E+001  0.18568779E+001  0.26127497E+001  0.43714345E+001  0.81162645E+001
  0.30779044E+000  0.34264326E+000  0.45254823E+000  0.59491735E+000  0.79052076E+000  0.88450800E+000  0.11852710E+001  0.18568788E+001  0.26127503E+001  0.43714349E+001  0.81162650E+001
  0.30779045E+000  0.34264332E+000  0.45254828E+000  0.59491735E+000  0.79052110E+000  0.88450812E+000  0.11852712E+001  0.18568797E+001  0.26127508E+001  0.43714353E+001  0.81162655E+001
  0.30779045E+000  0.34264337E+000  0.45254833E+000  0.59491735E+000  0.79052142E+000  0.88450823E+000  0.11852714E+001  0.18568806E+001  0.26127513E+001  0.43714357E+001  0.81162661E+001
  0.30779046E+000  0.34264342E+000  0.45254837E+000  0.59491735E+000  0.79052174E+000  0.88450832E+000  0.11852715E+001  0.18568815E+001  0.26127518E+001  0.43714360E+001  0.81162667E+001
  0.30779047E+000  0.34264346E+000  0.45254841E+000  0.59491735E+000  0.79052204E+000  0.88450841E+000  0.11852717E+001  0.18568824E+001  0.26127522E+001  0.43714364E+001  0.81162673E+001
  0.30779047E+000  0.34264350E+000  0.45254844E+000  0.59491735E+000  0.79052233E+000  0.88450848E+000  0.11852718E+001  0.18568832E+001  0.26127526E+001  0.43714368E+001  0.81162680E+001
  0.30779048E+000  0.34264353E+000  0.45254847E+000  0.59491735E+000  0.79052262E+000  0.88450855E+000  0.11852720E+001  0.18568840E+001  0.26127530E+001  0.43714372E+001  0.81162687E+001
  0.30779048E+000  0.34264356E+000  0.45254850E+000  0.59491735E+000  0.79052289E+000  0.88450861E+000  0.11852721E+001  0.18568847E+001  0.26127533E+001  0.43714375E+001  0.81162694E+001
  0.30779049E+000  0.34264359E+000  0.45254852E+000  0.59491735E+000  0.79052315E+000  0.88450866E+000  0.11852722E+001  0.18568855E+001  0.26127537E+001  0.43714379E+001  0.81162702E+001
  0.30779049E+000  0.34264362E+000  0.45254854E+000  0.59491735E+000  0.79052340E+000  0.88450871E+000  0.11852722E+001  0.18568862E+001  0.26127540E+001  0.43714383E+001  0.81162710E+001
  0.30779049E+000  0.34264364E+000  0.45254856E+000  0.59491735E+000  0.79052365E+000  0.88450875E+000  0.11852723E+001  0.18568869E+001  0.26127543E+001  0.43714386E+001  0.81162719E+001
  0.30779050E+000  0.34264366E+000  0.45254857E+000  0.59491735E+000  0.79052388E+000  0.88450879E+000  0.11852724E+001  0.18568876E+001  0.26127546E+001  0.43714390E+001  0.81162728E+001
  0.30779050E+000  0.34264367E+000  0.45254858E+000  0.59491735E+000  0.79052411E+000  0.88450882E+000  0.11852724E+001  0.18568883E+001  0.26127548E+001  0.43714393E+001  0.81162737E+001
  0.30779050E+000  0.34264369E+000  0.45254859E+000  0.59491735E+000  0.79052433E+000  0.88450885E+000  0.11852725E+001  0.18568919E+001  0.26127551E+001  0.43714397E+001  0.81162746E+001
  0.30779050E+000  0.34264370E+000  0.45254860E+000  0.59491735E+000  0.79052454E+000  0.88450887E+000  0.11852725E+001  0.18569007E+001  0.26127553E+001  0.43714400E+001  0.81162756E+001
  0.30779050E+000  0.34264371E+000  0.45254861E+000  0.59491735E+000  0.79052475E+000  0.88450889E+000  0.11852726E+001  0.18569083E+001  0.26127555E+001  0.43714404E+001  0.81162766E+001
  0.30779050E+000  0.34264372E+000  0.45254861E+000  0.59491735E+000  0.79052494E+000  0.88450891E+000  0.11852726E+001  0.18570836E+001  0.26127558E+001  0.43714408E+001  0.81162776E+001
  0.30779050E+000  0.34264373E+000  0.45254862E+000  0.59491735E+000  0.79052513E+000  0.88450892E+000  0.11852726E+001  0.18572169E+001  0.26127560E+001  0.43714411E+001  0.81162787E+001
  0.30779051E+000  0.34264374E+000  0.45254862E+000  0.59491735E+000  0.79052532E+000  0.88450893E+000  0.11852727E+001  0.18572502E+001  0.26127562E+001  0.43714415E+001  0.81162798E+001
  0.30779051E+000  0.34264374E+000  0.45254862E+000  0.59491735E+000  0.79052549E+000  0.88450894E+000  0.11852727E+001  0.18572773E+001  0.26127564E+001  0.43714419E+001  0.81162810E+001
  0.30779051E+000  0.34264375E+000  0.45254862E+000  0.59491735E+000  0.79052566E+000  0.88450895E+000  0.11852727E+001  0.18572786E+001  0.26127566E+001  0.43714422E+001  0.81162821E+001
  0.30779051E+000  0.34264375E+000  0.45254862E+000  0.59491735E+000  0.79052583E+000  0.88450895E+000  0.11852727E+001  0.18572810E+001  0.26127568E+001  0.43714426E+001  0.81162833E+001
  0.30779051E+000  0.34264376E+000  0.45254862E+000  0.59491735E+000  0.79052598E+000  0.88450896E+000  0.11852727E+001  0.18572840E+001  0.26127569E+001  0.43714429E+001  0.81162846E+001
  0.30779051E+000  0.34264376E+000  0.45254862E+000  0.59491735E+000  0.79052614E+000  0.88450896E+000  0.11852727E+001  0.18572870E+001  0.26127571E+001  0.43714433E+001  0.81162858E+001
  0.30779051E+000  0.34264376E+000  0.45254862E+000  0.59491735E+000  0.79052628E+000  0.88450896E+000  0.11852727E+001  0.18572900E+001  0.26127573E+001  0.43714437E+001  0.81162871E+001
  0.30779051E+000  0.34264376E+000  0.45254861E+000  0.59491735E+000  0.79052642E+000  0.88450896E+000  0.11852727E+001  0.18572929E+001  0.26127575E+001  0.43714440E+001  0.81162884E+001
  0.30779051E+000  0.34264376E+000  0.45254861E+000  0.59491735E+000  0.79052655E+000  0.88450896E+000  0.11852727E+001  0.18572958E+001  0.26127576E+001  0.43714444E+001  0.81162897E+001
  0.30779051E+000  0.34264376E+000  0.45254861E+000  0.59491735E+000  0.79052668E+000  0.88450896E+000  0.11852727E+001  0.18572987E+001  0.26127578E+001  0.43714448E+001  0.81162911E+001
  0.30779051E+000  0.34264376E+000  0.45254861E+000  0.59491735E+000  0.79052680E+000  0.88450895E+000  0.11852727E+001  0.18573015E+001  0.26127580E+001  0.43714452E+001  0.81162924E+001
  0.30779051E+000  0.34264376E+000  0.45254860E+000  0.59491735E+000  0.79052692E+000  0.88450895E+000  0.11852727E+001  0.18573043E+001  0.26127581E+001  0.43714455E+001  0.81162938E+001
  0.30779051E+000  0.34264376E+000  0.45254860E+000  0.59491735E+000  0.79052703E+000  0.88450895E+000  0.11852727E+001  0.18573071E+001  0.26127583E+001  0.43714459E+001  0.81162953E+001
  0.30779050E+000  0.34264376E+000  0.45254860E+000  0.59491735E+000  0.79052714E+000  0.88450895E+000  0.11852727E+001  0.18573098E+001  0.26127584E+001  0.43714463E+001  0.81162967E+001
  0.30779050E+000  0.34264376E+000  0.45254859E+000  0.59491735E+000  0.79052724E+000  0.88450894E+000  0.11852727E+001  0.18573124E+001  0.26127586E+001  0.43714466E+001  0.81162981E+001
  0.30779050E+000  0.34264376E+000  0.45254859E+000  0.59491735E+000  0.79052734E+000  0.88450894E+000  0.11852727E+001  0.18573150E+001  0.26127587E+001  0.43714470E+001  0.81162996E+001
  0.30779050E+000  0.34264376E+000  0.45254859E+000  0.59491735E+000  0.79052744E+000  0.88450894E+000  0.11852727E+001  0.18573176E+001  0.26127589E+001  0.43714474E+001  0.81163011E+001
  0.30779050E+000  0.34264376E+000  0.45254858E+000  0.59491735E+000  0.79052752E+000  0.88450893E+000  0.11852727E+001  0.18573201E+001  0.26127590E+001  0.43714478E+001  0.81163026E+001
  0.30779050E+000  0.34264376E+000  0.45254858E+000  0.59491735E+000  0.79052761E+000  0.88450893E+000  0.11852727E+001  0.18573226E+001  0.26127592E+001  0.43714481E+001  0.81163041E+001
  0.30779050E+000  0.34264376E+000  0.45254858E+000  0.59491735E+000  0.79052769E+000  0.88450893E+000  0.11852727E+001  0.18573250E+001  0.26127593E+001  0.43714485E+001  0.81163057E+001
  0.30779050E+000  0.34264376E+000  0.45254857E+000  0.59491735E+000  0.79052777E+000  0.88450892E+000  0.11852727E+001  0.18573274E+001  0.26127595E+001  0.43714489E+001  0.81163072E+001
  0.30779050E+000  0.34264375E+000  0.45254857E+000  0.59491735E+000  0.79052784E+000  0.88450892E+000  0.11852727E+001  0.18573297E+001  0.26127596E+001  0.43714492E+001  0.81163087E+001
  0.30779050E+000  0.34264375E+000  0.45254857E+000  0.59491735E+000  0.79052791E+000  0.88450892E+000  0.11852727E+001  0.18573320E+001  0.26127598E+001  0.43714496E+001  0.81163103E+001
  0.30779050E+000  0.34264375E+000  0.45254857E+000  0.59491735E+000  0.79052797E+000  0.88450891E+000  0.11852727E+001  0.18573342E+001  0.26127599E+001  0.43714499E+001  0.81163119E+001
  0.30779050E+000  0.34264375E+000  0.45254856E+000  0.59491735E+000  0.79052803E+000  0.88450891E+000  0.11852727E+001  0.18573364E+001  0.26127601E+001  0.43714503E+001  0.81163134E+001
  0.30779050E+000  0.34264375E+000  0.45254856E+000  0.59491735E+000  0.79052809E+000  0.88450891E+000  0.11852727E+001  0.18573385E+001  0.26127602E+001  0.43714506E+001  0.81163150E+001
  0.30779050E+000  0.34264375E+000  0.45254856E+000  0.59491735E+000  0.79052815E+000  0.88450891E+000  0.11852727E+001  0.18573405E+001  0.26127603E+001  0.43714510E+001  0.81163166E+001
  0.30779050E+000  0.34264375E+000  0.45254856E+000  0.59491735E+000  0.79052820E+000  0.88450891E+000  0.11852727E+001  0.18573425E+001  0.26127605E+001  0.43714513E+001  0.81163182E+001
  0.30779050E+000  0.34264375E+000  0.45254856E+000  0.59491735E+000  0.79052825E+000  0.88450890E+000  0.11852727E+001  0.18573445E+001  0.26127606E+001  0.43714517E+001  0.81163197E+001
  0.30779050E+000  0.34264375E+000  0.45254855E+000  0.59491735E+000  0.79052830E+000  0.88450890E+000  0.11852727E+001  0.18573463E+001  0.26127607E+001  0.43714520E+001  0.81163213E+001
  0.30779050E+000  0.34264375E+000  0.45254855E+000  0.59491735E+000  0.79052834E+000  0.88450890E+000  0.11852727E+001  0.18573482E+001  0.26127609E+001  0.43714523E+001  0.81163229E+001
  0.30779050E+000  0.34264375E+000  0.45254855E+000  0.59491735E+000  0.79052838E+000  0.88450890E+000  0.11852727E+001  0.18573500E+001  0.26127610E+001  0.43714527E+001  0.81163244E+001
  0.30779050E+000  0.34264374E+000  0.45254855E+000  0.59491735E+000  0.79052842E+000  0.88450890E+000  0.11852727E+001  0.18573517E+001  0.26127611E+001  0.43714530E+001  0.81163260E+001
  0.30779050E+000  0.34264374E+000  0.45254855E+000  0.59491735E+000  0.79052846E+000  0.88450890E+000  0.11852727E+001  0.18573534E+001  0.26127613E+001  0.43714533E+001  0.81163276E+001
  0.30779050E+000  0.34264374E+000  0.45254855E+000  0.59491735E+000  0.79052849E+000  0.88450890E+000  0.11852727E+001  0.18573550E+001  0.26127614E+001  0.43714536E+001  0.81163291E+001
  0.30779050E+000  0.34264374E+000  0.45254855E+000  0.59491735E+000  0.79052853E+000  0.88450890E+000  0.11852727E+001  0.18573565E+001  0.26127615E+001  0.43714540E+001  0.81163306E+001
  0.30779050E+000  0.34264374E+000  0.45254855E+000  0.59491735E+000  0.79052856E+000  0.88450890E+000  0.11852727E+001  0.18573580E+001  0.26127616E+001  0.43714543E+001  0.81163322E+001
  0.30779050E+000  0.34264374E+000  0.45254855E+000  0.59491735E+000  0.79052859E+000  0.88450890E+000  0.11852727E+001  0.18574025E+001  0.26127617E+001  0.43714546E+001  0.81163337E+001
  0.30779050E+000  0.34264374E+000  0.45254854E+000  0.59491735E+000  0.79052862E+000  0.88450890E+000  0.11852727E+001  0.18574253E+001  0.26127618E+001  0.43714549E+001  0.81163352E+001
  0.30779050E+000  0.34264374E+000  0.45254854E+000  0.59491735E+000  0.79052864E+000  0.88450890E+000  0.11852727E+001  0.18574287E+001  0.26127619E+001  0.43714552E+001  0.81163367E+001
  0.30779050E+000  0.34264374E+000  0.45254854E+000  0.59491735E+000  0.79052867E+000  0.88450890E+000  0.11852727E+001  0.18574320E+001  0.26127621E+001  0.43714554E+001  0.81163382E+001
  0.30779050E+000  0.34264374E+000  0.45254854E+000  0.59491735E+000  0.79052869E+000  0.88450890E+000  0.11852727E+001  0.18574351E+001  0.26127622E+001  0.43714557E+001  0.81163396E+001
  0.30779050E+000  0.34264374E+000  0.45254854E+000  0.59491735E+000  0.79052871E+000  0.88450890E+000  0.11852727E+001  0.18574381E+001  0.26127623E+001  0.43714560E+001  0.81163411E+001
  0.30779050E+000  0.34264374E+000  0.45254854E+000  0.59491735E+000  0.79052873E+000  0.88450891E+000  0.11852727E+001  0.18574410E+001  0.26127624E+001  0.43714563E+001  0.81163425E+001
  0.30779050E+000  0.34264374E+000  0.45254854E+000  0.59491735E+000  0.79052875E+000  0.88450891E+000  0.11852727E+001  0.18574437E+001  0.26127625E+001  0.43714565E+001  0.81163439E+001
  0.30779050E+000  0.34264374E+000  0.45254854E+000  0.59491735E+000  0.79052877E+000  0.88450891E+000  0.11852727E+001  0.18574464E+001  0.26127626E+001  0.43714568E+001  0.81163453E+001
  0.30779050E+000  0.34264375E+000  0.45254854E+000  0.59491735E+000  0.79052878E+000  0.88450891E+000  0.11852727E+001  0.18574489E+001  0.26127626E+001  0.43714570E+001  0.81163466E+001
  0.30779050E+000  0.34264375E+000  0.45254854E+000  0.59491735E+000  0.79052880E+000  0.88450891E+000  0.11852727E+001  0.18574513E+001  0.26127627E+001  0.43714573E+001  0.81163480E+001
  0.30779050E+000  0.34264375E+000  0.45254854E+000  0.59491735E+000  0.79052881E+000  0.88450891E+000  0.11852727E+001  0.18574536E+001  0.26127628E+001  0.43714575E+001  0.81163493E+001
  0.30779050E+000  0.34264375E+000  0.45254855E+000  0.59491735E+000  0.79052883E+000  0.88450891E+000  0.11852727E+001  0.18574558E+001  0.26127629E+001  0.43714577E+001  0.81163506E+001
  0.30779050E+000  0.34264375E+000  0.45254855E+000  0.59491735E+000  0.79052884E+000  0.88450892E+000  0.11852727E+001  0.18574579E+001  0.26127630E+001  0.43714580E+001  0.81163519E+001
  0.30779050E+000  0.34264375E+000  0.45254855E+000  0.59491735E+000  0.79052885E+000  0.88450892E+000  0.11852727E+001  0.18574598E+001  0.26127631E+001  0.43714582E+001  0.81163531E+001
  0.30779050E+000  0.34264375E+000  0.45254855E+000  0.59491735E+000  0.79052886E+000  0.88450892E+000  0.11852727E+001  0.18574617E+001  0.26127631E+001  0.43714584E+001  0.81163544E+001
  0.30779050E+000  0.34264375E+000  0.45254855E+000  0.59491735E+000  0.79052887E+000  0.88450892E+000  0.11852727E+001  0.18574635E+001  0.26127632E+001  0.43714586E+001  0.81163556E+001
  0.30779050E+000  0.34264375E+000  0.45254855E+000  0.59491735E+000  0.79052888E+000  0.88450892E+000  0.11852727E+001  0.18574652E+001  0.26127633E+001  0.43714588E+001  0.81163568E+001
  0.30779050E+000  0.34264375E+000  0.45254855E+000  0.59491735E+000  0.79052889E+000  0.88450892E+000  0.11852727E+001  0.18574668E+001  0.26127633E+001  0.43714590E+001  0.81163579E+001
  0.30779050E+000  0.34264375E+000  0.45254855E+000  0.59491735E+000  0.79052890E+000  0.88450893E+000  0.11852727E+001  0.18574684E+001  0.26127634E+001  0.43714592E+001  0.81163591E+001
  0.30779050E+000  0.34264375E+000  0.45254855E+000  0.59491735E+000  0.79052891E+000  0.88450893E+000  0.11852727E+001  0.18574698E+001  0.26127635E+001  0.43714594E+001  0.81163602E+001
  0.30779050E+000  0.34264375E+000  0.45254855E+000  0.59491735E+000  0.79052891E+000  0.88450893E+000  0.11852727E+001  0.18574712E+001  0.26127635E+001  0.43715492E+001  0.81163613E+001
  0.30779050E+000  0.34264375E+000  0.45254855E+000  0.59491735E+000  0.79052892E+000  0.88450893E+000  0.11852727E+001  0.18574725E+001  0.26127636E+001  0.43715492E+001  0.81163623E+001
  0.30779050E+000  0.34264375E+000  0.45254855E+000  0.59491735E+000  0.79052893E+000  0.88450893E+000  0.11852727E+001  0.18574737E+001  0.26127636E+001  0.43715492E+001  0.81163634E+001
  0.30779050E+000  0.34264375E+000  0.45254855E+000  0.59491735E+000  0.79052893E+000  0.88450893E+000  0.11852727E+001  0.18574748E+001  0.26127637E+001  0.43715492E+001  0.81163644E+001
  0.30779050E+000  0.34264375E+000  0.45254855E+000  0.59491735E+000  0.79052894E+000  0.88450893E+000  0.11852727E+001  0.18574759E+001  0.26127637E+001  0.43715492E+001  0.81163653E+001
  0.30779050E+000  0.34264375E+000  0.45254855E+000  0.59491735E+000  0.79052894E+000  0.88450894E+000  0.11852727E+001  0.18574769E+001  0.26127638E+001  0.43715492E+001  0.81163663E+001
  0.30779050E+000  0.34264375E+000  0.45254855E+000  0.59491735E+000  0.79052895E+000  0.88450894E+000  0.11852727E+001  0.18574779E+001  0.26127638E+001  0.43715492E+001  0.81163672E+001
  0.30779050E+000  0.34264376E+000  0.45254855E+000  0.59491735E+000  0.79052895E+000  0.88450894E+000  0.11852727E+001  0.18574788E+001  0.26127639E+001  0.43715492E+001  0.81163681E+001
  0.30779050E+000  0.34264376E+000  0.45254856E+000  0.59491735E+000  0.79052896E+000  0.88450894E+000  0.11852727E+001  0.18574796E+001  0.26127639E+001  0.43715492E+001  0.81163690E+001
  0.30779050E+000  0.34264376E+000  0.45254856E+000  0.59491735E+000  0.79052896E+000  0.88450894E+000  0.11852728E+001  0.18574804E+001  0.26127639E+001  0.43715492E+001  0.81163699E+001
  0.30779050E+000  0.34264376E+000  0.45254855E+000  0.59491735E+000  0.79052895E+000  0.88450894E+000  0.11852728E+001  0.18574812E+001  0.26127640E+001  0.43715492E+001  0.81163707E+001
  0.30779050E+000  0.34264375E+000  0.45254855E+000  0.59491735E+000  0.79052895E+000  0.88450893E+000  0.11852727E+001  0.18574818E+001  0.26127640E+001  0.43715492E+001  0.81163715E+001
