  0.30180246E+002
  0.30186374E+002
  0.30191099E+002
  0.30194825E+002
  0.30197812E+002
  0.30200236E+002
  0.30202223E+002
  0.30203867E+002
  0.30205238E+002
  0.30206390E+002
  0.30207365E+002
  0.30208198E+002
  0.30208913E+002
  0.30209534E+002
  0.30210077E+002
  0.30210557E+002
  0.30210986E+002
  0.30211373E+002
  0.30211726E+002
  0.30212052E+002
  0.30212356E+002
  0.30212644E+002
  0.30212920E+002
  0.30213186E+002
  0.30213445E+002
  0.30213700E+002
  0.30213953E+002
  0.30214206E+002
  0.30214459E+002
  0.30214715E+002
  0.30214974E+002
  0.30215237E+002
  0.30215505E+002
  0.30215779E+002
  0.30216058E+002
  0.30216344E+002
  0.30216636E+002
  0.30216935E+002
  0.30217241E+002
  0.30217553E+002
  0.30217873E+002
  0.30218200E+002
  0.30218534E+002
  0.30218875E+002
  0.30219223E+002
  0.30219577E+002
  0.30219937E+002
  0.30220303E+002
  0.30220676E+002
  0.30221053E+002
  0.30221436E+002
  0.30221823E+002
  0.30222215E+002
  0.30222610E+002
  0.30223009E+002
  0.30223411E+002
  0.30223816E+002
  0.30224222E+002
  0.30224630E+002
  0.30225039E+002
  0.30225449E+002
  0.30225858E+002
  0.30226266E+002
  0.30226673E+002
  0.30227078E+002
  0.30227480E+002
  0.30227879E+002
  0.30228275E+002
  0.30228666E+002
  0.30229052E+002
  0.30229432E+002
  0.30229807E+002
  0.30230175E+002
  0.30230536E+002
  0.30230889E+002
  0.30231234E+002
  0.30231571E+002
  0.30231899E+002
  0.30232217E+002
  0.30232526E+002
  0.30232825E+002
  0.30233114E+002
  0.30233393E+002
  0.30233661E+002
  0.30233918E+002
  0.30234164E+002
  0.30234400E+002
  0.30234625E+002
  0.30234839E+002
  0.30235042E+002
  0.30235235E+002
  0.30235417E+002
  0.30235589E+002
  0.30235752E+002
  0.30235904E+002
  0.30236047E+002
  0.30236182E+002
  0.30236307E+002
  0.30236424E+002
  0.30236532E+002
  0.30236633E+002
  0.30236726E+002
  0.30236813E+002
  0.30236892E+002
  0.30236965E+002
  0.30237032E+002
  0.30237094E+002
  0.30237150E+002
  0.30237201E+002
  0.30237247E+002
  0.30237288E+002
  0.30237326E+002
  0.30237360E+002
  0.30237390E+002
  0.30237416E+002
  0.30237440E+002
  0.30237461E+002
  0.30237479E+002
  0.30237494E+002
  0.30237508E+002
  0.30237519E+002
  0.30237529E+002
  0.30237536E+002
  0.30237542E+002
  0.30237547E+002
  0.30237551E+002
  0.30237553E+002
  0.30237554E+002
  0.30237554E+002
  0.30237554E+002
  0.30237553E+002
  0.30237551E+002
  0.30237548E+002
  0.30237545E+002
  0.30237542E+002
  0.30237538E+002
  0.30237534E+002
  0.30237529E+002
  0.30237525E+002
  0.30237520E+002
  0.30237515E+002
  0.30237510E+002
  0.30237505E+002
  0.30237500E+002
  0.30237495E+002
  0.30237490E+002
  0.30237485E+002
  0.30237480E+002
  0.30237475E+002
  0.30237471E+002
  0.30237466E+002
  0.30237462E+002
  0.30237458E+002
  0.30237454E+002
  0.30237450E+002
  0.30237447E+002
  0.30237443E+002
  0.30237440E+002
  0.30237437E+002
  0.30237434E+002
  0.30237432E+002
  0.30237429E+002
  0.30237427E+002
  0.30237425E+002
  0.30237423E+002
  0.30237421E+002
  0.30237420E+002
  0.30237418E+002
  0.30237417E+002
  0.30237416E+002
  0.30237415E+002
  0.30237414E+002
  0.30237414E+002
  0.30237413E+002
  0.30237413E+002
  0.30237413E+002
  0.30237413E+002
  0.30237412E+002
  0.30237412E+002
  0.30237413E+002
  0.30237413E+002
  0.30237413E+002
  0.30237413E+002
  0.30237414E+002
  0.30237414E+002
  0.30237414E+002
  0.30237415E+002
  0.30237415E+002
  0.30237416E+002
  0.30237416E+002
  0.30237417E+002
  0.30237417E+002
  0.30237418E+002
  0.30237418E+002
  0.30237419E+002
  0.30237419E+002
  0.30237420E+002
  0.30237420E+002
  0.30237421E+002
  0.30237421E+002
