  0.15039627E+001  0.10171361E+001  0.70953150E+001  0.11110458E+003
  0.15033781E+001  0.10235672E+001  0.70883424E+001  0.11113022E+003
  0.15013457E+001  0.10276124E+001  0.70865465E+001  0.11114890E+003
  0.15003418E+001  0.10273905E+001  0.70881303E+001  0.11116345E+003
  0.14993542E+001  0.10282485E+001  0.70878061E+001  0.11117585E+003
  0.14992977E+001  0.10301266E+001  0.70851433E+001  0.11118639E+003
  0.15002882E+001  0.10285583E+001  0.70799747E+001  0.11120008E+003
  0.15001822E+001  0.10285761E+001  0.70799258E+001  0.11120680E+003
  0.14996965E+001  0.10265748E+001  0.70852690E+001  0.11120943E+003
  0.14993276E+001  0.10269178E+001  0.70852168E+001  0.11121411E+003
  0.14998496E+001  0.10307035E+001  0.70810031E+001  0.11121792E+003
  0.14999291E+001  0.10304862E+001  0.70810080E+001  0.11122138E+003
  0.14999124E+001  0.10305270E+001  0.70809023E+001  0.11122433E+003
  0.14999101E+001  0.10304662E+001  0.70831529E+001  0.11122462E+003
  0.14998427E+001  0.10299768E+001  0.70837740E+001  0.11122673E+003
  0.14986986E+001  0.10311757E+001  0.70837359E+001  0.11122863E+003
  0.15004115E+001  0.10294485E+001  0.70838030E+001  0.11123029E+003
  0.15006841E+001  0.10292142E+001  0.70837793E+001  0.11123183E+003
  0.15008155E+001  0.10290915E+001  0.70838145E+001  0.11123320E+003
  0.15008376E+001  0.10290930E+001  0.70838312E+001  0.11123446E+003
  0.15008385E+001  0.10291169E+001  0.70838435E+001  0.11123564E+003
  0.15008408E+001  0.10291365E+001  0.70838557E+001  0.11123676E+003
  0.15006842E+001  0.10293049E+001  0.70838752E+001  0.11123783E+003
  0.15006842E+001  0.10293229E+001  0.70838871E+001  0.11123886E+003
  0.15006773E+001  0.10293460E+001  0.70838986E+001  0.11123987E+003
  0.15006789E+001  0.10293599E+001  0.70839089E+001  0.11124087E+003
  0.15006804E+001  0.10293637E+001  0.70837260E+001  0.11124206E+003
  0.15006819E+001  0.10293759E+001  0.70837346E+001  0.11124304E+003
  0.15006826E+001  0.10293882E+001  0.70837425E+001  0.11124404E+003
  0.15006842E+001  0.10293992E+001  0.70837496E+001  0.11124504E+003
  0.15006858E+001  0.10294096E+001  0.70837562E+001  0.11124606E+003
  0.15006875E+001  0.10292054E+001  0.70839762E+001  0.11124709E+003
  0.15006893E+001  0.10292149E+001  0.70839817E+001  0.11124815E+003
  0.15006912E+001  0.10292240E+001  0.70839869E+001  0.11124923E+003
  0.15006931E+001  0.10292327E+001  0.70839918E+001  0.11125033E+003
  0.15006951E+001  0.10292411E+001  0.70839966E+001  0.11125146E+003
  0.15006973E+001  0.10292493E+001  0.70840016E+001  0.11125261E+003
  0.15006995E+001  0.10292572E+001  0.70840072E+001  0.11125379E+003
  0.15007018E+001  0.10292650E+001  0.70840130E+001  0.11125500E+003
  0.15007042E+001  0.10292727E+001  0.70840190E+001  0.11125623E+003
  0.15007066E+001  0.10292804E+001  0.70840255E+001  0.11125750E+003
  0.15007092E+001  0.10292880E+001  0.70840324E+001  0.11125879E+003
  0.15007328E+001  0.10292747E+001  0.70840400E+001  0.11126010E+003
  0.15007354E+001  0.10292825E+001  0.70840482E+001  0.11126145E+003
  0.15007381E+001  0.10292912E+001  0.70840566E+001  0.11126282E+003
  0.15007409E+001  0.10293009E+001  0.70840650E+001  0.11126421E+003
  0.15007437E+001  0.10295254E+001  0.70838598E+001  0.11126563E+003
  0.15007465E+001  0.10295360E+001  0.70838699E+001  0.11126708E+003
  0.15007494E+001  0.10295469E+001  0.70838811E+001  0.11126854E+003
  0.15007522E+001  0.10295581E+001  0.70840966E+001  0.11126982E+003
  0.15007550E+001  0.10295696E+001  0.70841105E+001  0.11127132E+003
  0.15007578E+001  0.10295813E+001  0.70841259E+001  0.11127284E+003
  0.15007606E+001  0.10295934E+001  0.70841429E+001  0.11127438E+003
  0.15007632E+001  0.10296058E+001  0.70841614E+001  0.11127592E+003
  0.15007659E+001  0.10296186E+001  0.70841814E+001  0.11127748E+003
  0.15007684E+001  0.10296316E+001  0.70842031E+001  0.11127906E+003
  0.15007708E+001  0.10296449E+001  0.70842265E+001  0.11128063E+003
  0.15007731E+001  0.10296585E+001  0.70842516E+001  0.11128222E+003
  0.15007753E+001  0.10296724E+001  0.70842784E+001  0.11128381E+003
  0.15007774E+001  0.10296957E+001  0.70843565E+001  0.11128447E+003
  0.15007792E+001  0.10297101E+001  0.70844843E+001  0.11128451E+003
  0.15007810E+001  0.10297245E+001  0.70846051E+001  0.11128469E+003
  0.15007825E+001  0.10297390E+001  0.70865361E+001  0.11128802E+003
  0.15007840E+001  0.10297535E+001  0.70865716E+001  0.11128960E+003
  0.15007852E+001  0.10297680E+001  0.70866089E+001  0.11129116E+003
  0.15007863E+001  0.10297825E+001  0.70866479E+001  0.11129272E+003
  0.15007880E+001  0.10297961E+001  0.70866886E+001  0.11129426E+003
  0.15007987E+001  0.10298003E+001  0.70867311E+001  0.11129578E+003
  0.15007992E+001  0.10298143E+001  0.70867752E+001  0.11129729E+003
  0.15007996E+001  0.10298281E+001  0.70868210E+001  0.11129877E+003
  0.15007998E+001  0.10298416E+001  0.70868684E+001  0.11130023E+003
  0.15007998E+001  0.10298547E+001  0.70869176E+001  0.11130167E+003
  0.15007996E+001  0.10298674E+001  0.70869683E+001  0.11130308E+003
  0.15007993E+001  0.10298797E+001  0.70870206E+001  0.11130446E+003
  0.15007988E+001  0.10298915E+001  0.70870744E+001  0.11130580E+003
  0.15007982E+001  0.10299029E+001  0.70871296E+001  0.11130712E+003
  0.15007975E+001  0.10299137E+001  0.70871861E+001  0.11130840E+003
  0.15007966E+001  0.10299240E+001  0.70872438E+001  0.11130964E+003
  0.15007957E+001  0.10299338E+001  0.70873026E+001  0.11131085E+003
  0.15007947E+001  0.10299430E+001  0.70873624E+001  0.11131202E+003
  0.15007936E+001  0.10299517E+001  0.70874231E+001  0.11131315E+003
  0.15008134E+001  0.10299390E+001  0.70874844E+001  0.11131423E+003
  0.15008122E+001  0.10299466E+001  0.70875462E+001  0.11131528E+003
  0.15008110E+001  0.10299537E+001  0.70876084E+001  0.11131628E+003
  0.15008099E+001  0.10299603E+001  0.70876709E+001  0.11131724E+003
  0.15008087E+001  0.10299663E+001  0.70877334E+001  0.11131816E+003
  0.15008076E+001  0.10299719E+001  0.70877959E+001  0.11131904E+003
  0.15008066E+001  0.10299770E+001  0.70878581E+001  0.11131987E+003
  0.15008056E+001  0.10299817E+001  0.70879200E+001  0.11132066E+003
  0.15008047E+001  0.10299858E+001  0.70879815E+001  0.11132141E+003
  0.15008039E+001  0.10299896E+001  0.70880424E+001  0.11132212E+003
  0.15008032E+001  0.10299929E+001  0.70881026E+001  0.11132278E+003
  0.15008026E+001  0.10299958E+001  0.70881620E+001  0.11132341E+003
  0.15008021E+001  0.10299983E+001  0.70882205E+001  0.11132400E+003
  0.15008018E+001  0.10300004E+001  0.70882781E+001  0.11132455E+003
  0.15008016E+001  0.10300022E+001  0.70883346E+001  0.11132507E+003
  0.15008015E+001  0.10300039E+001  0.70883897E+001  0.11132554E+003
  0.15008016E+001  0.10300050E+001  0.70884440E+001  0.11132599E+003
  0.15008018E+001  0.10300057E+001  0.70884972E+001  0.11132640E+003
  0.15008022E+001  0.10300061E+001  0.70885491E+001  0.11132679E+003
  0.15008027E+001  0.10300061E+001  0.70885997E+001  0.11132714E+003
  0.15008033E+001  0.10300059E+001  0.70886489E+001  0.11132746E+003
  0.15008040E+001  0.10300054E+001  0.70886969E+001  0.11132776E+003
  0.15008049E+001  0.10300046E+001  0.70887434E+001  0.11132803E+003
  0.15008059E+001  0.10300035E+001  0.70887885E+001  0.11132828E+003
  0.15008070E+001  0.10300022E+001  0.70888322E+001  0.11132850E+003
  0.15008081E+001  0.10300007E+001  0.70888744E+001  0.11132871E+003
  0.15008094E+001  0.10299989E+001  0.70889150E+001  0.11132889E+003
  0.15008107E+001  0.10299969E+001  0.70889541E+001  0.11132905E+003
  0.15008120E+001  0.10299947E+001  0.70889916E+001  0.11132920E+003
  0.15008133E+001  0.10299924E+001  0.70890275E+001  0.11132933E+003
  0.15008147E+001  0.10299898E+001  0.70890617E+001  0.11132945E+003
  0.15008160E+001  0.10299871E+001  0.70890942E+001  0.11132955E+003
  0.15008173E+001  0.10299843E+001  0.70891250E+001  0.11132965E+003
  0.15008185E+001  0.10299813E+001  0.70891539E+001  0.11132973E+003
  0.15008196E+001  0.10299782E+001  0.70891810E+001  0.11132979E+003
  0.15008207E+001  0.10299751E+001  0.70892063E+001  0.11132985E+003
  0.15008216E+001  0.10299718E+001  0.70892296E+001  0.11132991E+003
  0.15008224E+001  0.10299685E+001  0.70892510E+001  0.11132995E+003
  0.15008230E+001  0.10299652E+001  0.70892703E+001  0.11132999E+003
  0.15008234E+001  0.10299618E+001  0.70892877E+001  0.11133002E+003
  0.15008237E+001  0.10299585E+001  0.70893030E+001  0.11133004E+003
  0.15008238E+001  0.10299551E+001  0.70893163E+001  0.11133006E+003
  0.15008236E+001  0.10299518E+001  0.70893276E+001  0.11133008E+003
  0.15008232E+001  0.10299485E+001  0.70893368E+001  0.11133009E+003
  0.15008226E+001  0.10299452E+001  0.70893439E+001  0.11133010E+003
  0.15008217E+001  0.10299420E+001  0.70893491E+001  0.11133011E+003
  0.15008206E+001  0.10299389E+001  0.70893523E+001  0.11133012E+003
  0.15008193E+001  0.10299359E+001  0.70893535E+001  0.11133012E+003
  0.15008177E+001  0.10299329E+001  0.70893528E+001  0.11133013E+003
  0.15008158E+001  0.10299301E+001  0.70893503E+001  0.11133013E+003
  0.15008138E+001  0.10299273E+001  0.70893461E+001  0.11133013E+003
  0.15008115E+001  0.10299247E+001  0.70893402E+001  0.11133013E+003
  0.15008089E+001  0.10299221E+001  0.70893327E+001  0.11133013E+003
  0.15008062E+001  0.10299197E+001  0.70893238E+001  0.11133013E+003
  0.15008033E+001  0.10299173E+001  0.70893134E+001  0.11133013E+003
  0.15008002E+001  0.10299151E+001  0.70893018E+001  0.11133013E+003
  0.15007969E+001  0.10299130E+001  0.70892891E+001  0.11133013E+003
  0.15007936E+001  0.10299110E+001  0.70892753E+001  0.11133013E+003
  0.15007901E+001  0.10299091E+001  0.70892606E+001  0.11133013E+003
  0.15007865E+001  0.10299072E+001  0.70892452E+001  0.11133013E+003
  0.15007828E+001  0.10299055E+001  0.70892291E+001  0.11133014E+003
  0.15007791E+001  0.10299038E+001  0.70892125E+001  0.11133014E+003
  0.15007753E+001  0.10299023E+001  0.70891955E+001  0.11133014E+003
  0.15007715E+001  0.10299008E+001  0.70891782E+001  0.11133014E+003
  0.15007678E+001  0.10298993E+001  0.70891607E+001  0.11133015E+003
  0.15007641E+001  0.10298980E+001  0.70891431E+001  0.11133015E+003
  0.15007604E+001  0.10298967E+001  0.70891257E+001  0.11133015E+003
  0.15007568E+001  0.10298954E+001  0.70891083E+001  0.11133015E+003
  0.15007533E+001  0.10298942E+001  0.70890912E+001  0.11133016E+003
  0.15007498E+001  0.10298930E+001  0.70890744E+001  0.11133016E+003
  0.15007465E+001  0.10298919E+001  0.70890581E+001  0.11133017E+003
  0.15007433E+001  0.10298909E+001  0.70890421E+001  0.11133017E+003
  0.15007403E+001  0.10298899E+001  0.70890267E+001  0.11133017E+003
  0.15007374E+001  0.10298889E+001  0.70890119E+001  0.11133018E+003
  0.15007347E+001  0.10298879E+001  0.70889977E+001  0.11133018E+003
  0.15007321E+001  0.10298870E+001  0.70889842E+001  0.11133018E+003
  0.15007297E+001  0.10298862E+001  0.70889713E+001  0.11133019E+003
  0.15007274E+001  0.10298853E+001  0.70889592E+001  0.11133019E+003
  0.15007253E+001  0.10298845E+001  0.70889477E+001  0.11133019E+003
  0.15007234E+001  0.10298838E+001  0.70889370E+001  0.11133020E+003
  0.15007217E+001  0.10298831E+001  0.70889270E+001  0.11133020E+003
  0.15007201E+001  0.10298824E+001  0.70889178E+001  0.11133020E+003
  0.15007186E+001  0.10298817E+001  0.70889093E+001  0.11133020E+003
  0.15007174E+001  0.10298811E+001  0.70889014E+001  0.11133021E+003
  0.15007163E+001  0.10298806E+001  0.70888943E+001  0.11133021E+003
  0.15007153E+001  0.10298800E+001  0.70888878E+001  0.11133021E+003
  0.15007144E+001  0.10298795E+001  0.70888820E+001  0.11133021E+003
  0.15007137E+001  0.10298791E+001  0.70888767E+001  0.11133021E+003
  0.15007131E+001  0.10298786E+001  0.70888721E+001  0.11133021E+003
  0.15007126E+001  0.10298782E+001  0.70888680E+001  0.11133022E+003
  0.15007123E+001  0.10298779E+001  0.70888645E+001  0.11133022E+003
  0.15007120E+001  0.10298776E+001  0.70888614E+001  0.11133022E+003
  0.15007118E+001  0.10298773E+001  0.70888588E+001  0.11133022E+003
  0.15007117E+001  0.10298770E+001  0.70888566E+001  0.11133022E+003
  0.15007117E+001  0.10298768E+001  0.70888548E+001  0.11133022E+003
  0.15007117E+001  0.10298766E+001  0.70888534E+001  0.11133022E+003
  0.15007118E+001  0.10298764E+001  0.70888524E+001  0.11133022E+003
  0.15007119E+001  0.10298763E+001  0.70888516E+001  0.11133022E+003
  0.15007121E+001  0.10298762E+001  0.70888511E+001  0.11133022E+003
  0.15007123E+001  0.10298761E+001  0.70888508E+001  0.11133023E+003
  0.15007125E+001  0.10298760E+001  0.70888508E+001  0.11133023E+003
  0.15007128E+001  0.10298760E+001  0.70888510E+001  0.11133023E+003
  0.15007131E+001  0.10298759E+001  0.70888513E+001  0.11133023E+003
  0.15007134E+001  0.10298759E+001  0.70888518E+001  0.11133023E+003
  0.15007137E+001  0.10298759E+001  0.70888524E+001  0.11133023E+003
  0.15007140E+001  0.10298760E+001  0.70888531E+001  0.11133023E+003
  0.15007144E+001  0.10298760E+001  0.70888539E+001  0.11133023E+003
  0.15007147E+001  0.10298760E+001  0.70888548E+001  0.11133023E+003
  0.15007150E+001  0.10298761E+001  0.70888557E+001  0.11133023E+003
  0.15007154E+001  0.10298762E+001  0.70888567E+001  0.11133023E+003
  0.15007157E+001  0.10298762E+001  0.70888578E+001  0.11133023E+003
  0.15007160E+001  0.10298763E+001  0.70888588E+001  0.11133023E+003
  0.15007163E+001  0.10298764E+001  0.70888599E+001  0.11133023E+003
  0.15007166E+001  0.10298765E+001  0.70888609E+001  0.11133023E+003
  0.15007169E+001  0.10298766E+001  0.70888620E+001  0.11133024E+003
  0.15007172E+001  0.10298767E+001  0.70888631E+001  0.11133024E+003
  0.15007174E+001  0.10298768E+001  0.70888641E+001  0.11133024E+003
  0.15007177E+001  0.10298769E+001  0.70888652E+001  0.11133024E+003
  0.15007180E+001  0.10298770E+001  0.70888662E+001  0.11133024E+003
