  0.36473688E-001  0.37182530E+000  0.31359543E+001  0.11717675E+003
  0.36417764E-001  0.37160361E+000  0.31364659E+001  0.11720102E+003
  0.36370880E-001  0.37144512E+000  0.31368896E+001  0.11721970E+003
  0.36367619E-001  0.37129533E+000  0.31372458E+001  0.11723441E+003
  0.36373584E-001  0.37117517E+000  0.31375487E+001  0.11724616E+003
  0.36377767E-001  0.37108682E+000  0.31378086E+001  0.11725568E+003
  0.36380697E-001  0.37102242E+000  0.31380338E+001  0.11726347E+003
  0.36382786E-001  0.37107296E+000  0.31381339E+001  0.11726989E+003
  0.36384354E-001  0.37111694E+000  0.31382308E+001  0.11727523E+003
  0.36385641E-001  0.37114783E+000  0.31383316E+001  0.11727971E+003
  0.36386816E-001  0.37116846E+000  0.31384339E+001  0.11728349E+003
  0.36388047E-001  0.37118117E+000  0.31385358E+001  0.11728670E+003
  0.36389439E-001  0.37118733E+000  0.31386365E+001  0.11728945E+003
  0.36391019E-001  0.37118840E+000  0.31387350E+001  0.11729184E+003
  0.36392788E-001  0.37118526E+000  0.31388310E+001  0.11729391E+003
  0.36394739E-001  0.37117882E+000  0.31389243E+001  0.11729575E+003
  0.36396854E-001  0.37116965E+000  0.31390148E+001  0.11729738E+003
  0.36399111E-001  0.37118402E+000  0.31390771E+001  0.11729885E+003
  0.36401486E-001  0.37122268E+000  0.31391108E+001  0.11730018E+003
  0.36403957E-001  0.37126096E+000  0.31391413E+001  0.11730142E+003
  0.36406504E-001  0.37129876E+000  0.31391693E+001  0.11730257E+003
  0.36409107E-001  0.37133597E+000  0.31391952E+001  0.11730365E+003
  0.36411751E-001  0.37137250E+000  0.31392197E+001  0.11730469E+003
  0.36416251E-001  0.37140649E+000  0.31392433E+001  0.11730569E+003
  0.36424687E-001  0.37143580E+000  0.31392662E+001  0.11730667E+003
  0.36432850E-001  0.37146460E+000  0.31392888E+001  0.11730763E+003
  0.36440733E-001  0.37149287E+000  0.31393115E+001  0.11730858E+003
  0.36448330E-001  0.37152060E+000  0.31393343E+001  0.11730953E+003
  0.36455639E-001  0.37154775E+000  0.31393574E+001  0.11731049E+003
  0.36462660E-001  0.37157434E+000  0.31393810E+001  0.11731146E+003
  0.36469396E-001  0.37160034E+000  0.31394051E+001  0.11731244E+003
  0.36475851E-001  0.37162574E+000  0.31394298E+001  0.11731343E+003
  0.36482029E-001  0.37165054E+000  0.31394550E+001  0.11731445E+003
  0.36487935E-001  0.37167475E+000  0.31394808E+001  0.11731549E+003
  0.36493576E-001  0.37169835E+000  0.31395072E+001  0.11731655E+003
  0.36498958E-001  0.37172135E+000  0.31395342E+001  0.11731763E+003
  0.36504087E-001  0.37174374E+000  0.31395616E+001  0.11731875E+003
  0.36508969E-001  0.37176555E+000  0.31395897E+001  0.11731989E+003
  0.36513612E-001  0.37178676E+000  0.31396183E+001  0.11732106E+003
  0.36518020E-001  0.37180739E+000  0.31396475E+001  0.11732226E+003
  0.36522200E-001  0.37182745E+000  0.31396773E+001  0.11732348E+003
  0.36526157E-001  0.37184694E+000  0.31397077E+001  0.11732474E+003
  0.36529895E-001  0.37186587E+000  0.31397389E+001  0.11732602E+003
  0.36533419E-001  0.37188425E+000  0.31397709E+001  0.11732733E+003
  0.36536732E-001  0.37190210E+000  0.31398037E+001  0.11732866E+003
  0.36539841E-001  0.37191942E+000  0.31398375E+001  0.11733002E+003
  0.36542748E-001  0.37193621E+000  0.31398723E+001  0.11733141E+003
  0.36545456E-001  0.37195250E+000  0.31399082E+001  0.11733282E+003
  0.36547970E-001  0.37196828E+000  0.31399452E+001  0.11733426E+003
  0.36550290E-001  0.37198356E+000  0.31399833E+001  0.11733571E+003
  0.36552421E-001  0.37199836E+000  0.31400225E+001  0.11733718E+003
  0.36554364E-001  0.37201268E+000  0.31400628E+001  0.11733868E+003
  0.36556121E-001  0.37202654E+000  0.31401043E+001  0.11734019E+003
  0.36557697E-001  0.37203993E+000  0.31401468E+001  0.11734171E+003
  0.36559097E-001  0.37205287E+000  0.31401902E+001  0.11734325E+003
  0.36560323E-001  0.37206536E+000  0.31402346E+001  0.11734480E+003
  0.36561381E-001  0.37207742E+000  0.31402798E+001  0.11734636E+003
  0.36562279E-001  0.37208906E+000  0.31403258E+001  0.11734793E+003
  0.36563022E-001  0.37210027E+000  0.31403724E+001  0.11734950E+003
  0.36563619E-001  0.37211108E+000  0.31404197E+001  0.11735108E+003
  0.36564078E-001  0.37212148E+000  0.31404674E+001  0.11735266E+003
  0.36564409E-001  0.37213148E+000  0.31405156E+001  0.11735423E+003
  0.36564621E-001  0.37214110E+000  0.31405641E+001  0.11735581E+003
  0.36564725E-001  0.37215033E+000  0.31406129E+001  0.11735738E+003
  0.36564731E-001  0.37215918E+000  0.31406620E+001  0.11735894E+003
  0.36564648E-001  0.37216765E+000  0.31407112E+001  0.11736049E+003
  0.36564489E-001  0.37217574E+000  0.31407605E+001  0.11736203E+003
  0.36564262E-001  0.37218346E+000  0.31408099E+001  0.11736356E+003
  0.36563977E-001  0.37219080E+000  0.31408593E+001  0.11736506E+003
  0.36563644E-001  0.37219776E+000  0.31409087E+001  0.11736655E+003
  0.36563271E-001  0.37220434E+000  0.31409580E+001  0.11736802E+003
  0.36562866E-001  0.37221053E+000  0.31410071E+001  0.11736946E+003
  0.36562435E-001  0.37221633E+000  0.31410561E+001  0.11737088E+003
  0.36561986E-001  0.37222173E+000  0.31411048E+001  0.11737227E+003
  0.36561522E-001  0.37222673E+000  0.31411533E+001  0.11737363E+003
  0.36561050E-001  0.37223132E+000  0.31412015E+001  0.11737496E+003
  0.36560573E-001  0.37223549E+000  0.31412493E+001  0.11737625E+003
  0.36560093E-001  0.37223923E+000  0.31412967E+001  0.11737751E+003
  0.36559613E-001  0.37224254E+000  0.31413436E+001  0.11737874E+003
  0.36559135E-001  0.37224542E+000  0.31413901E+001  0.11737992E+003
  0.36558659E-001  0.37224784E+000  0.31414360E+001  0.11738107E+003
  0.36558186E-001  0.37224981E+000  0.31414813E+001  0.11738218E+003
  0.36557717E-001  0.37225132E+000  0.31415260E+001  0.11738325E+003
  0.36557250E-001  0.37225235E+000  0.31415700E+001  0.11738428E+003
  0.36556786E-001  0.37225291E+000  0.31416134E+001  0.11738526E+003
  0.36556324E-001  0.37225298E+000  0.31416560E+001  0.11738621E+003
  0.36555863E-001  0.37225257E+000  0.31416978E+001  0.11738711E+003
  0.36555402E-001  0.37225166E+000  0.31417390E+001  0.11738797E+003
  0.36554941E-001  0.37225025E+000  0.31417793E+001  0.11738878E+003
  0.36554478E-001  0.37224835E+000  0.31418188E+001  0.11738956E+003
  0.36554015E-001  0.37224596E+000  0.31418575E+001  0.11739030E+003
  0.36553549E-001  0.37224307E+000  0.31418954E+001  0.11739099E+003
  0.36553082E-001  0.37223971E+000  0.31419325E+001  0.11739165E+003
  0.36552614E-001  0.37223589E+000  0.31419686E+001  0.11739226E+003
  0.36552144E-001  0.37223161E+000  0.31420039E+001  0.11739284E+003
  0.36551673E-001  0.37222691E+000  0.31420383E+001  0.11739339E+003
  0.36551203E-001  0.37222181E+000  0.31420717E+001  0.11739390E+003
  0.36550734E-001  0.37221633E+000  0.31421040E+001  0.11739437E+003
  0.36550268E-001  0.37221052E+000  0.31421354E+001  0.11739481E+003
  0.36549805E-001  0.37220440E+000  0.31421656E+001  0.11739522E+003
  0.36549347E-001  0.37219801E+000  0.31421946E+001  0.11739560E+003
  0.36548896E-001  0.37219140E+000  0.31422223E+001  0.11739596E+003
  0.36548453E-001  0.37218462E+000  0.31422487E+001  0.11739628E+003
  0.36548019E-001  0.37217770E+000  0.31422738E+001  0.11739658E+003
  0.36547597E-001  0.37217069E+000  0.31422973E+001  0.11739686E+003
  0.36547187E-001  0.37216364E+000  0.31423193E+001  0.11739711E+003
  0.36546791E-001  0.37215660E+000  0.31423396E+001  0.11739735E+003
  0.36546410E-001  0.37214960E+000  0.31423582E+001  0.11739756E+003
  0.36546045E-001  0.37214270E+000  0.31423751E+001  0.11739775E+003
  0.36545698E-001  0.37213593E+000  0.31423901E+001  0.11739793E+003
  0.36545369E-001  0.37212933E+000  0.31424031E+001  0.11739809E+003
  0.36545058E-001  0.37212294E+000  0.31424143E+001  0.11739824E+003
  0.36544767E-001  0.37211678E+000  0.31424234E+001  0.11739837E+003
  0.36544496E-001  0.37211089E+000  0.31424305E+001  0.11739849E+003
  0.36544245E-001  0.37210528E+000  0.31424357E+001  0.11739859E+003
  0.36544014E-001  0.37209999E+000  0.31424388E+001  0.11739869E+003
  0.36543803E-001  0.37209501E+000  0.31424398E+001  0.11739878E+003
  0.36543612E-001  0.37209037E+000  0.31424390E+001  0.11739886E+003
  0.36543441E-001  0.37208608E+000  0.31424362E+001  0.11739893E+003
  0.36543288E-001  0.37208213E+000  0.31424315E+001  0.11739899E+003
  0.36543154E-001  0.37207853E+000  0.31424251E+001  0.11739904E+003
  0.36543038E-001  0.37207527E+000  0.31424169E+001  0.11739909E+003
  0.36542939E-001  0.37207235E+000  0.31424071E+001  0.11739914E+003
  0.36542856E-001  0.37206977E+000  0.31423959E+001  0.11739918E+003
  0.36542788E-001  0.37206751E+000  0.31423832E+001  0.11739921E+003
  0.36542735E-001  0.37206555E+000  0.31423693E+001  0.11739924E+003
  0.36542696E-001  0.37206389E+000  0.31423543E+001  0.11739927E+003
  0.36542669E-001  0.37206251E+000  0.31423383E+001  0.11739929E+003
  0.36542653E-001  0.37206138E+000  0.31423214E+001  0.11739931E+003
  0.36542648E-001  0.37206051E+000  0.31423038E+001  0.11739932E+003
  0.36542653E-001  0.37205986E+000  0.31422856E+001  0.11739934E+003
  0.36542666E-001  0.37205941E+000  0.31422670E+001  0.11739935E+003
  0.36542687E-001  0.37205916E+000  0.31422482E+001  0.11739936E+003
  0.36542715E-001  0.37205907E+000  0.31422291E+001  0.11739936E+003
  0.36542749E-001  0.37205914E+000  0.31422100E+001  0.11739937E+003
  0.36542787E-001  0.37205935E+000  0.31421910E+001  0.11739937E+003
  0.36542831E-001  0.37205967E+000  0.31421722E+001  0.11739937E+003
  0.36542877E-001  0.37206010E+000  0.31421537E+001  0.11739937E+003
  0.36542927E-001  0.37206062E+000  0.31421355E+001  0.11739937E+003
  0.36542979E-001  0.37206121E+000  0.31421179E+001  0.11739937E+003
  0.36543033E-001  0.37206186E+000  0.31421007E+001  0.11739937E+003
  0.36543087E-001  0.37206256E+000  0.31420842E+001  0.11739936E+003
  0.36543143E-001  0.37206330E+000  0.31420684E+001  0.11739936E+003
  0.36543198E-001  0.37206406E+000  0.31420533E+001  0.11739935E+003
  0.36543254E-001  0.37206484E+000  0.31420389E+001  0.11739935E+003
  0.36543309E-001  0.37206563E+000  0.31420253E+001  0.11739934E+003
  0.36543362E-001  0.37206643E+000  0.31420125E+001  0.11739933E+003
  0.36543415E-001  0.37206722E+000  0.31420005E+001  0.11739932E+003
  0.36543466E-001  0.37206799E+000  0.31419894E+001  0.11739932E+003
  0.36543516E-001  0.37206876E+000  0.31419790E+001  0.11739931E+003
  0.36543564E-001  0.37206950E+000  0.31419695E+001  0.11739930E+003
  0.36543610E-001  0.37207022E+000  0.31419607E+001  0.11739929E+003
  0.36543654E-001  0.37207091E+000  0.31419527E+001  0.11739928E+003
  0.36543696E-001  0.37207158E+000  0.31419454E+001  0.11739927E+003
  0.36543736E-001  0.37207221E+000  0.31419389E+001  0.11739926E+003
  0.36543774E-001  0.37207282E+000  0.31419330E+001  0.11739925E+003
  0.36543809E-001  0.37207339E+000  0.31419278E+001  0.11739924E+003
  0.36543842E-001  0.37207393E+000  0.31419232E+001  0.11739923E+003
  0.36543873E-001  0.37207443E+000  0.31419192E+001  0.11739923E+003
  0.36543902E-001  0.37207491E+000  0.31419157E+001  0.11739922E+003
  0.36543929E-001  0.37207535E+000  0.31419127E+001  0.11739921E+003
  0.36543954E-001  0.37207575E+000  0.31419102E+001  0.11739920E+003
  0.36543977E-001  0.37207613E+000  0.31419081E+001  0.11739919E+003
  0.36543998E-001  0.37207647E+000  0.31419064E+001  0.11739919E+003
  0.36544017E-001  0.37207679E+000  0.31419051E+001  0.11739918E+003
  0.36544034E-001  0.37207708E+000  0.31419041E+001  0.11739917E+003
  0.36544050E-001  0.37207734E+000  0.31419033E+001  0.11739917E+003
  0.36544064E-001  0.37207758E+000  0.31419029E+001  0.11739916E+003
  0.36544077E-001  0.37207779E+000  0.31419026E+001  0.11739916E+003
  0.36544088E-001  0.37207798E+000  0.31419026E+001  0.11739915E+003
  0.36544098E-001  0.37207815E+000  0.31419027E+001  0.11739915E+003
  0.36544107E-001  0.37207830E+000  0.31419029E+001  0.11739915E+003
  0.36544115E-001  0.37207843E+000  0.31419033E+001  0.11739914E+003
  0.36544121E-001  0.37207854E+000  0.31419038E+001  0.11739914E+003
  0.36544127E-001  0.37207864E+000  0.31419044E+001  0.11739914E+003
  0.36544132E-001  0.37207873E+000  0.31419051E+001  0.11739914E+003
  0.36544137E-001  0.37207880E+000  0.31419058E+001  0.11739914E+003
  0.36544140E-001  0.37207886E+000  0.31419065E+001  0.11739913E+003
  0.36544143E-001  0.37207891E+000  0.31419072E+001  0.11739913E+003
  0.36544146E-001  0.37207895E+000  0.31419080E+001  0.11739913E+003
  0.36544148E-001  0.37207898E+000  0.31419088E+001  0.11739913E+003
  0.36544149E-001  0.37207900E+000  0.31419095E+001  0.11739913E+003
  0.36544151E-001  0.37207902E+000  0.31419103E+001  0.11739913E+003
  0.36544152E-001  0.37207904E+000  0.31419110E+001  0.11739913E+003
  0.36544152E-001  0.37207904E+000  0.31419118E+001  0.11739914E+003
  0.36544153E-001  0.37207905E+000  0.31419124E+001  0.11739914E+003
  0.36544154E-001  0.37207905E+000  0.31419131E+001  0.11739914E+003
  0.36544154E-001  0.37207905E+000  0.31419137E+001  0.11739914E+003
  0.36544154E-001  0.37207905E+000  0.31419144E+001  0.11739914E+003
  0.36544155E-001  0.37207905E+000  0.31419149E+001  0.11739914E+003
  0.36544155E-001  0.37207904E+000  0.31419155E+001  0.11739914E+003
  0.36544155E-001  0.37207904E+000  0.31419160E+001  0.11739914E+003
  0.36544155E-001  0.37207903E+000  0.31419165E+001  0.11739915E+003
  0.36544156E-001  0.37207903E+000  0.31419170E+001  0.11739915E+003
  0.36544156E-001  0.37207902E+000  0.31419174E+001  0.11739915E+003
  0.36544157E-001  0.37207902E+000  0.31419178E+001  0.11739915E+003
  0.36544158E-001  0.37207902E+000  0.31419182E+001  0.11739915E+003
  0.36544159E-001  0.37207902E+000  0.31419186E+001  0.11739915E+003
  0.36544160E-001  0.37207902E+000  0.31419190E+001  0.11739915E+003
  0.36544160E-001  0.37207902E+000  0.31419193E+001  0.11739916E+003
