  0.10492635E+000
  0.10549163E+000
  0.10583281E+000
  0.10604529E+000
  0.10618108E+000
  0.10626967E+000
  0.10632795E+000
  0.10636624E+000
  0.10639108E+000
  0.10640662E+000
  0.10641593E+000
  0.10642077E+000
  0.10642272E+000
  0.10642267E+000
  0.10642133E+000
  0.10641909E+000
  0.10641630E+000
  0.10641317E+000
  0.10640990E+000
  0.10640658E+000
  0.10640333E+000
  0.10640021E+000
  0.10639726E+000
  0.10639453E+000
  0.10639202E+000
  0.10638976E+000
  0.10638776E+000
  0.10638601E+000
  0.10638450E+000
  0.10638324E+000
  0.10638221E+000
  0.10638141E+000
  0.10638081E+000
  0.10638041E+000
  0.10638020E+000
  0.10638015E+000
  0.10638026E+000
  0.10638050E+000
  0.10638088E+000
  0.10638136E+000
  0.10638195E+000
  0.10638263E+000
  0.10638339E+000
  0.10638422E+000
  0.10638511E+000
  0.10638605E+000
  0.10638704E+000
  0.10638807E+000
  0.10638914E+000
  0.10639023E+000
  0.10639135E+000
  0.10639249E+000
  0.10639365E+000
  0.10639482E+000
  0.10639600E+000
  0.10639720E+000
  0.10639840E+000
  0.10639961E+000
  0.10640082E+000
  0.10640204E+000
  0.10640326E+000
  0.10640447E+000
  0.10640568E+000
  0.10640689E+000
  0.10640810E+000
  0.10640930E+000
  0.10641048E+000
  0.10641166E+000
  0.10641283E+000
  0.10641399E+000
  0.10641514E+000
  0.10641627E+000
  0.10641739E+000
  0.10641849E+000
  0.10641957E+000
  0.10642064E+000
  0.10642169E+000
  0.10642271E+000
  0.10642372E+000
  0.10642470E+000
  0.10642567E+000
  0.10642660E+000
  0.10642751E+000
  0.10642840E+000
  0.10642926E+000
  0.10643009E+000
  0.10643089E+000
  0.10643166E+000
  0.10643240E+000
  0.10643311E+000
  0.10643379E+000
  0.10643443E+000
  0.10643505E+000
  0.10643564E+000
  0.10643620E+000
  0.10643672E+000
  0.10643722E+000
  0.10643769E+000
  0.10643814E+000
  0.10643856E+000
  0.10643895E+000
  0.10643932E+000
  0.10643966E+000
  0.10643998E+000
  0.10644028E+000
  0.10644057E+000
  0.10644083E+000
  0.10644107E+000
  0.10644130E+000
  0.10644151E+000
  0.10644170E+000
  0.10644188E+000
  0.10644205E+000
  0.10644221E+000
  0.10644235E+000
  0.10644248E+000
  0.10644261E+000
  0.10644272E+000
  0.10644282E+000
  0.10644292E+000
  0.10644301E+000
  0.10644309E+000
  0.10644316E+000
  0.10644323E+000
  0.10644330E+000
  0.10644336E+000
  0.10644341E+000
  0.10644346E+000
  0.10644350E+000
  0.10644355E+000
  0.10644358E+000
  0.10644362E+000
  0.10644365E+000
  0.10644368E+000
  0.10644371E+000
  0.10644374E+000
  0.10644376E+000
  0.10644378E+000
  0.10644380E+000
  0.10644382E+000
  0.10644383E+000
  0.10644385E+000
  0.10644386E+000
  0.10644387E+000
  0.10644388E+000
  0.10644389E+000
  0.10644390E+000
  0.10644391E+000
  0.10644392E+000
  0.10644392E+000
  0.10644393E+000
  0.10644393E+000
  0.10644394E+000
  0.10644394E+000
  0.10644394E+000
  0.10644394E+000
  0.10644395E+000
  0.10644395E+000
  0.10644395E+000
  0.10644395E+000
  0.10644395E+000
  0.10644395E+000
  0.10644395E+000
  0.10644395E+000
  0.10644395E+000
  0.10644394E+000
  0.10644394E+000
  0.10644394E+000
  0.10644394E+000
  0.10644394E+000
  0.10644394E+000
  0.10644394E+000
  0.10644393E+000
  0.10644393E+000
  0.10644393E+000
  0.10644393E+000
  0.10644393E+000
  0.10644393E+000
  0.10644393E+000
  0.10644392E+000
  0.10644392E+000
  0.10644392E+000
  0.10644392E+000
  0.10644392E+000
  0.10644392E+000
  0.10644392E+000
  0.10644392E+000
  0.10644392E+000
  0.10644392E+000
  0.10644392E+000
  0.10644392E+000
  0.10644392E+000
  0.10644392E+000
  0.10644392E+000
  0.10644392E+000
  0.10644392E+000
  0.10644392E+000
  0.10644392E+000
  0.10644392E+000
  0.10644393E+000
