  0.11217038E+001  0.57468508E+000  0.92016717E+000  0.37341871E+001
  0.11180636E+001  0.57903070E+000  0.91799653E+000  0.37361583E+001
  0.11115024E+001  0.58333099E+000  0.91677206E+000  0.37400584E+001
  0.11102781E+001  0.58166119E+000  0.91597581E+000  0.37440844E+001
  0.11088730E+001  0.58034327E+000  0.91896618E+000  0.37440871E+001
  0.11085752E+001  0.58087498E+000  0.91837997E+000  0.37446530E+001
  0.11086192E+001  0.57567257E+000  0.91832943E+000  0.37500284E+001
  0.11082799E+001  0.57570784E+000  0.91857359E+000  0.37502151E+001
  0.11077096E+001  0.57415210E+000  0.92067704E+000  0.37503309E+001
  0.11070051E+001  0.57426578E+000  0.92118162E+000  0.37504826E+001
  0.11042175E+001  0.57791511E+000  0.92027184E+000  0.37505714E+001
  0.11042346E+001  0.57739356E+000  0.92052987E+000  0.37508417E+001
  0.11040540E+001  0.57741126E+000  0.92048754E+000  0.37510520E+001
  0.11039689E+001  0.57698155E+000  0.92081045E+000  0.37512362E+001
  0.11035028E+001  0.57520118E+000  0.92293853E+000  0.37513344E+001
  0.10986304E+001  0.58001846E+000  0.92285144E+000  0.37514477E+001
  0.10986255E+001  0.57946520E+000  0.92327706E+000  0.37515431E+001
  0.10985345E+001  0.57949303E+000  0.92318609E+000  0.37516541E+001
  0.10985240E+001  0.57939876E+000  0.92315209E+000  0.37517436E+001
  0.10984783E+001  0.57931116E+000  0.92314584E+000  0.37518298E+001
  0.10984606E+001  0.57926005E+000  0.92307513E+000  0.37519119E+001
  0.10984443E+001  0.57920716E+000  0.92300591E+000  0.37519898E+001
  0.10982429E+001  0.57932172E+000  0.92295644E+000  0.37520637E+001
  0.10982130E+001  0.57928326E+000  0.92289091E+000  0.37521331E+001
  0.10981889E+001  0.57923950E+000  0.92282775E+000  0.37521980E+001
  0.10981700E+001  0.57919226E+000  0.92276624E+000  0.37522587E+001
  0.10981510E+001  0.57912261E+000  0.92254892E+000  0.37524968E+001
  0.10981319E+001  0.57907852E+000  0.92249179E+000  0.37525488E+001
  0.10981113E+001  0.57903812E+000  0.92243643E+000  0.37525967E+001
  0.10980924E+001  0.57899798E+000  0.92238315E+000  0.37526405E+001
  0.10980737E+001  0.57895969E+000  0.92233190E+000  0.37526805E+001
  0.10980553E+001  0.57852340E+000  0.92268255E+000  0.37527168E+001
  0.10980371E+001  0.57848879E+000  0.92263537E+000  0.37527497E+001
  0.10980192E+001  0.57845602E+000  0.92259017E+000  0.37527792E+001
  0.10980017E+001  0.57842506E+000  0.92254690E+000  0.37528057E+001
  0.10979844E+001  0.57839590E+000  0.92250555E+000  0.37528294E+001
  0.10979674E+001  0.57836849E+000  0.92246608E+000  0.37528504E+001
  0.10979507E+001  0.57834281E+000  0.92242848E+000  0.37528689E+001
  0.10979342E+001  0.57831879E+000  0.92239270E+000  0.37528853E+001
  0.10979180E+001  0.57829641E+000  0.92235872E+000  0.37528997E+001
  0.10979021E+001  0.57827562E+000  0.92232651E+000  0.37529123E+001
  0.10978863E+001  0.57825635E+000  0.92229606E+000  0.37529234E+001
  0.10978709E+001  0.57823849E+000  0.92226733E+000  0.37529330E+001
  0.10978555E+001  0.57822211E+000  0.92224030E+000  0.37529416E+001
  0.10978404E+001  0.57820711E+000  0.92221495E+000  0.37529491E+001
  0.10978255E+001  0.57819343E+000  0.92219121E+000  0.37529557E+001
  0.10978107E+001  0.57858132E+000  0.92176876E+000  0.37529617E+001
  0.10977961E+001  0.57857010E+000  0.92174820E+000  0.37529672E+001
  0.10977817E+001  0.57855998E+000  0.92172919E+000  0.37529723E+001
  0.10977675E+001  0.57855089E+000  0.92189480E+000  0.37527941E+001
  0.10977534E+001  0.57854276E+000  0.92187884E+000  0.37527987E+001
  0.10977396E+001  0.57853552E+000  0.92186430E+000  0.37528033E+001
  0.10977260E+001  0.57852910E+000  0.92185113E+000  0.37528079E+001
  0.10977127E+001  0.57852344E+000  0.92183926E+000  0.37528126E+001
  0.10976996E+001  0.57851847E+000  0.92182859E+000  0.37528175E+001
  0.10976868E+001  0.57851414E+000  0.92181907E+000  0.37528226E+001
  0.10976744E+001  0.57851040E+000  0.92181060E+000  0.37528280E+001
  0.10976623E+001  0.57850717E+000  0.92180308E+000  0.37528337E+001
  0.10976505E+001  0.57850443E+000  0.92179644E+000  0.37528396E+001
  0.10976392E+001  0.57852625E+000  0.92177167E+000  0.37528168E+001
  0.10976283E+001  0.57852431E+000  0.92177517E+000  0.37527752E+001
  0.10976179E+001  0.57852272E+000  0.92177848E+000  0.37527382E+001
  0.10976080E+001  0.57852143E+000  0.92174273E+000  0.37528756E+001
  0.10975986E+001  0.57852041E+000  0.92173904E+000  0.37528826E+001
  0.10975898E+001  0.57851963E+000  0.92173573E+000  0.37528897E+001
  0.10975815E+001  0.57851906E+000  0.92173273E+000  0.37528968E+001
  0.10975754E+001  0.57851708E+000  0.92172999E+000  0.37529039E+001
  0.10975739E+001  0.57851134E+000  0.92172748E+000  0.37529108E+001
  0.10975674E+001  0.57851126E+000  0.92172519E+000  0.37529175E+001
  0.10975614E+001  0.57851132E+000  0.92172311E+000  0.37529239E+001
  0.10975561E+001  0.57851149E+000  0.92172122E+000  0.37529299E+001
  0.10975513E+001  0.57851177E+000  0.92171955E+000  0.37529356E+001
  0.10975470E+001  0.57851214E+000  0.92171809E+000  0.37529408E+001
  0.10975431E+001  0.57851261E+000  0.92171686E+000  0.37529455E+001
  0.10975397E+001  0.57851315E+000  0.92171587E+000  0.37529496E+001
  0.10975368E+001  0.57851377E+000  0.92171515E+000  0.37529532E+001
  0.10975341E+001  0.57851446E+000  0.92171468E+000  0.37529563E+001
  0.10975318E+001  0.57851521E+000  0.92171450E+000  0.37529589E+001
  0.10975296E+001  0.57851602E+000  0.92171460E+000  0.37529610E+001
  0.10975277E+001  0.57851688E+000  0.92171498E+000  0.37529626E+001
  0.10975259E+001  0.57851777E+000  0.92171563E+000  0.37529638E+001
  0.10975243E+001  0.57851861E+000  0.92171655E+000  0.37529646E+001
  0.10975226E+001  0.57851956E+000  0.92171773E+000  0.37529652E+001
  0.10975210E+001  0.57852053E+000  0.92171914E+000  0.37529654E+001
  0.10975193E+001  0.57852150E+000  0.92172078E+000  0.37529655E+001
  0.10975175E+001  0.57852248E+000  0.92172262E+000  0.37529654E+001
  0.10975157E+001  0.57852345E+000  0.92172463E+000  0.37529652E+001
  0.10975138E+001  0.57852440E+000  0.92172681E+000  0.37529649E+001
  0.10975118E+001  0.57852532E+000  0.92172912E+000  0.37529646E+001
  0.10975097E+001  0.57852622E+000  0.92173155E+000  0.37529642E+001
  0.10975074E+001  0.57852708E+000  0.92173408E+000  0.37529639E+001
  0.10975051E+001  0.57852790E+000  0.92173668E+000  0.37529636E+001
  0.10975027E+001  0.57852867E+000  0.92173934E+000  0.37529633E+001
  0.10975003E+001  0.57852938E+000  0.92174204E+000  0.37529630E+001
  0.10974978E+001  0.57853003E+000  0.92174477E+000  0.37529628E+001
  0.10974952E+001  0.57853062E+000  0.92174751E+000  0.37529627E+001
  0.10974927E+001  0.57853155E+000  0.92174984E+000  0.37529626E+001
  0.10974901E+001  0.57853198E+000  0.92175257E+000  0.37529625E+001
  0.10974876E+001  0.57853234E+000  0.92175529E+000  0.37529625E+001
  0.10974851E+001  0.57853261E+000  0.92175798E+000  0.37529625E+001
  0.10974827E+001  0.57853278E+000  0.92176063E+000  0.37529625E+001
  0.10974804E+001  0.57853286E+000  0.92176323E+000  0.37529625E+001
  0.10974782E+001  0.57853285E+000  0.92176579E+000  0.37529626E+001
  0.10974761E+001  0.57853273E+000  0.92176829E+000  0.37529627E+001
  0.10974741E+001  0.57853251E+000  0.92177072E+000  0.37529628E+001
  0.10974723E+001  0.57853218E+000  0.92177309E+000  0.37529629E+001
  0.10974706E+001  0.57853175E+000  0.92177539E+000  0.37529630E+001
  0.10974690E+001  0.57853122E+000  0.92177761E+000  0.37529631E+001
  0.10974676E+001  0.57853059E+000  0.92177975E+000  0.37529633E+001
  0.10974664E+001  0.57852986E+000  0.92178180E+000  0.37529634E+001
  0.10974653E+001  0.57852903E+000  0.92178376E+000  0.37529635E+001
  0.10974644E+001  0.57852812E+000  0.92178563E+000  0.37529637E+001
  0.10974637E+001  0.57852712E+000  0.92178741E+000  0.37529638E+001
  0.10974631E+001  0.57852605E+000  0.92178909E+000  0.37529639E+001
  0.10974626E+001  0.57852491E+000  0.92179067E+000  0.37529641E+001
  0.10974624E+001  0.57852371E+000  0.92179214E+000  0.37529642E+001
  0.10974622E+001  0.57852247E+000  0.92179352E+000  0.37529643E+001
  0.10974622E+001  0.57852118E+000  0.92179479E+000  0.37529644E+001
  0.10974624E+001  0.57851985E+000  0.92179596E+000  0.37529645E+001
  0.10974627E+001  0.57851851E+000  0.92179703E+000  0.37529646E+001
  0.10974630E+001  0.57851716E+000  0.92179799E+000  0.37529647E+001
  0.10974635E+001  0.57851581E+000  0.92179885E+000  0.37529648E+001
  0.10974641E+001  0.57851447E+000  0.92179961E+000  0.37529648E+001
  0.10974648E+001  0.57851314E+000  0.92180027E+000  0.37529648E+001
  0.10974656E+001  0.57851184E+000  0.92180084E+000  0.37529649E+001
  0.10974664E+001  0.57851058E+000  0.92180131E+000  0.37529648E+001
  0.10974673E+001  0.57850936E+000  0.92180170E+000  0.37529648E+001
  0.10974683E+001  0.57850820E+000  0.92180200E+000  0.37529647E+001
  0.10974693E+001  0.57850708E+000  0.92180222E+000  0.37529647E+001
  0.10974703E+001  0.57850603E+000  0.92180236E+000  0.37529646E+001
  0.10974714E+001  0.57850505E+000  0.92180243E+000  0.37529644E+001
  0.10974724E+001  0.57850413E+000  0.92180244E+000  0.37529643E+001
  0.10974735E+001  0.57850329E+000  0.92180238E+000  0.37529641E+001
  0.10974746E+001  0.57850251E+000  0.92180227E+000  0.37529639E+001
  0.10974757E+001  0.57850181E+000  0.92180211E+000  0.37529637E+001
  0.10974767E+001  0.57850119E+000  0.92180190E+000  0.37529635E+001
  0.10974778E+001  0.57850063E+000  0.92180165E+000  0.37529632E+001
  0.10974788E+001  0.57850015E+000  0.92180137E+000  0.37529629E+001
  0.10974798E+001  0.57849974E+000  0.92180106E+000  0.37529627E+001
  0.10974808E+001  0.57849939E+000  0.92180073E+000  0.37529624E+001
  0.10974817E+001  0.57849911E+000  0.92180037E+000  0.37529621E+001
  0.10974826E+001  0.57849888E+000  0.92180000E+000  0.37529618E+001
  0.10974835E+001  0.57849871E+000  0.92179962E+000  0.37529614E+001
  0.10974843E+001  0.57849860E+000  0.92179923E+000  0.37529611E+001
  0.10974851E+001  0.57849853E+000  0.92179884E+000  0.37529608E+001
  0.10974858E+001  0.57849851E+000  0.92179845E+000  0.37529605E+001
  0.10974865E+001  0.57849852E+000  0.92179806E+000  0.37529602E+001
  0.10974871E+001  0.57849858E+000  0.92179768E+000  0.37529599E+001
  0.10974877E+001  0.57849866E+000  0.92179730E+000  0.37529595E+001
  0.10974883E+001  0.57849877E+000  0.92179694E+000  0.37529592E+001
  0.10974888E+001  0.57849890E+000  0.92179658E+000  0.37529589E+001
  0.10974892E+001  0.57849906E+000  0.92179624E+000  0.37529587E+001
  0.10974897E+001  0.57849923E+000  0.92179592E+000  0.37529584E+001
  0.10974901E+001  0.57849941E+000  0.92179561E+000  0.37529581E+001
  0.10974904E+001  0.57849960E+000  0.92179532E+000  0.37529579E+001
  0.10974907E+001  0.57849980E+000  0.92179504E+000  0.37529576E+001
  0.10974910E+001  0.57850000E+000  0.92179478E+000  0.37529574E+001
  0.10974912E+001  0.57850021E+000  0.92179453E+000  0.37529572E+001
  0.10974915E+001  0.57850041E+000  0.92179431E+000  0.37529570E+001
  0.10974916E+001  0.57850062E+000  0.92179410E+000  0.37529568E+001
  0.10974918E+001  0.57850082E+000  0.92179390E+000  0.37529567E+001
  0.10974919E+001  0.57850101E+000  0.92179372E+000  0.37529565E+001
  0.10974920E+001  0.57850120E+000  0.92179356E+000  0.37529564E+001
  0.10974921E+001  0.57850138E+000  0.92179341E+000  0.37529562E+001
  0.10974922E+001  0.57850156E+000  0.92179327E+000  0.37529561E+001
  0.10974923E+001  0.57850172E+000  0.92179315E+000  0.37529560E+001
  0.10974923E+001  0.57850188E+000  0.92179303E+000  0.37529559E+001
  0.10974923E+001  0.57850203E+000  0.92179294E+000  0.37529559E+001
  0.10974923E+001  0.57850217E+000  0.92179285E+000  0.37529558E+001
  0.10974923E+001  0.57850230E+000  0.92179277E+000  0.37529557E+001
  0.10974923E+001  0.57850242E+000  0.92179270E+000  0.37529557E+001
  0.10974923E+001  0.57850253E+000  0.92179263E+000  0.37529557E+001
  0.10974923E+001  0.57850263E+000  0.92179258E+000  0.37529557E+001
  0.10974922E+001  0.57850273E+000  0.92179253E+000  0.37529556E+001
  0.10974922E+001  0.57850281E+000  0.92179249E+000  0.37529556E+001
  0.10974922E+001  0.57850289E+000  0.92179246E+000  0.37529556E+001
  0.10974921E+001  0.57850296E+000  0.92179243E+000  0.37529556E+001
  0.10974921E+001  0.57850302E+000  0.92179240E+000  0.37529556E+001
  0.10974920E+001  0.57850307E+000  0.92179238E+000  0.37529557E+001
  0.10974920E+001  0.57850312E+000  0.92179236E+000  0.37529557E+001
  0.10974919E+001  0.57850316E+000  0.92179234E+000  0.37529557E+001
  0.10974919E+001  0.57850320E+000  0.92179233E+000  0.37529557E+001
  0.10974918E+001  0.57850323E+000  0.92179232E+000  0.37529557E+001
  0.10974918E+001  0.57850326E+000  0.92179231E+000  0.37529558E+001
  0.10974917E+001  0.57850328E+000  0.92179231E+000  0.37529558E+001
  0.10974917E+001  0.57850330E+000  0.92179230E+000  0.37529558E+001
  0.10974916E+001  0.57850332E+000  0.92179230E+000  0.37529559E+001
  0.10974916E+001  0.57850333E+000  0.92179229E+000  0.37529559E+001
  0.10974916E+001  0.57850334E+000  0.92179229E+000  0.37529560E+001
  0.10974915E+001  0.57850335E+000  0.92179229E+000  0.37529560E+001
  0.10974915E+001  0.57850335E+000  0.92179229E+000  0.37529560E+001
  0.10974914E+001  0.57850336E+000  0.92179229E+000  0.37529561E+001
  0.10974914E+001  0.57850336E+000  0.92179229E+000  0.37529561E+001
  0.10974914E+001  0.57850336E+000  0.92179228E+000  0.37529561E+001
  0.10974913E+001  0.57850336E+000  0.92179228E+000  0.37529562E+001
  0.10974913E+001  0.57850335E+000  0.92179228E+000  0.37529562E+001
  0.10974913E+001  0.57850335E+000  0.92179228E+000  0.37529562E+001
  0.10974912E+001  0.57850335E+000  0.92179228E+000  0.37529563E+001
  0.10974912E+001  0.57850335E+000  0.92179228E+000  0.37529563E+001
  0.10974912E+001  0.57850335E+000  0.92179230E+000  0.37529564E+001
