 -0.15585874E+000  0.23052749E+000  0.22780694E+001  0.39980051E+001
 -0.15496586E+000  0.23219459E+000  0.22794278E+001  0.39945927E+001
 -0.15439989E+000  0.23336446E+000  0.22803744E+001  0.39923249E+001
 -0.15406176E+000  0.23422875E+000  0.22810388E+001  0.39907937E+001
 -0.15384891E+000  0.23485344E+000  0.22815028E+001  0.39897622E+001
 -0.15371262E+000  0.23529358E+000  0.22818210E+001  0.39890813E+001
 -0.15363140E+000  0.23559582E+000  0.22820322E+001  0.39886530E+001
 -0.15359029E+000  0.23569646E+000  0.22822610E+001  0.39884092E+001
 -0.15357844E+000  0.23573679E+000  0.22824106E+001  0.39883007E+001
 -0.15358788E+000  0.23573876E+000  0.22824929E+001  0.39882915E+001
 -0.15361306E+000  0.23571087E+000  0.22825236E+001  0.39883544E+001
 -0.15364953E+000  0.23566093E+000  0.22825173E+001  0.39884710E+001
 -0.15369494E+000  0.23559367E+000  0.22824816E+001  0.39886245E+001
 -0.15374673E+000  0.23551392E+000  0.22824252E+001  0.39888048E+001
 -0.15380338E+000  0.23542483E+000  0.22823527E+001  0.39890028E+001
 -0.15386335E+000  0.23532940E+000  0.22822693E+001  0.39892126E+001
 -0.15392565E+000  0.23522967E+000  0.22821779E+001  0.39894290E+001
 -0.15398932E+000  0.23510189E+000  0.22821067E+001  0.39896485E+001
 -0.15405379E+000  0.23494688E+000  0.22820576E+001  0.39898677E+001
 -0.15411834E+000  0.23479088E+000  0.22820076E+001  0.39900849E+001
 -0.15418262E+000  0.23463490E+000  0.22819570E+001  0.39902984E+001
 -0.15424619E+000  0.23448004E+000  0.22819064E+001  0.39905070E+001
 -0.15430870E+000  0.23432720E+000  0.22818561E+001  0.39907102E+001
 -0.15437173E+000  0.23417861E+000  0.22818062E+001  0.39909072E+001
 -0.15443704E+000  0.23403679E+000  0.22817567E+001  0.39910978E+001
 -0.15450050E+000  0.23389819E+000  0.22817078E+001  0.39912817E+001
 -0.15456205E+000  0.23376307E+000  0.22816594E+001  0.39914589E+001
 -0.15462159E+000  0.23363173E+000  0.22816115E+001  0.39916293E+001
 -0.15467908E+000  0.23350435E+000  0.22815642E+001  0.39917930E+001
 -0.15473450E+000  0.23338108E+000  0.22815175E+001  0.39919500E+001
 -0.15478784E+000  0.23326202E+000  0.22814713E+001  0.39921004E+001
 -0.15483912E+000  0.23314727E+000  0.22814257E+001  0.39922442E+001
 -0.15488836E+000  0.23303688E+000  0.22813808E+001  0.39923816E+001
 -0.15493560E+000  0.23293088E+000  0.22813367E+001  0.39925127E+001
 -0.15498087E+000  0.23282929E+000  0.22812935E+001  0.39926374E+001
 -0.15502423E+000  0.23273212E+000  0.22812512E+001  0.39927561E+001
 -0.15506573E+000  0.23263934E+000  0.22812100E+001  0.39928688E+001
 -0.15510542E+000  0.23255095E+000  0.22811699E+001  0.39929755E+001
 -0.15514337E+000  0.23246689E+000  0.22811311E+001  0.39930764E+001
 -0.15517962E+000  0.23238713E+000  0.22810936E+001  0.39931718E+001
 -0.15521423E+000  0.23231162E+000  0.22810575E+001  0.39932616E+001
 -0.15524728E+000  0.23224031E+000  0.22810230E+001  0.39933461E+001
 -0.15527879E+000  0.23217313E+000  0.22809899E+001  0.39934255E+001
 -0.15530883E+000  0.23211003E+000  0.22809584E+001  0.39935000E+001
 -0.15533743E+000  0.23205093E+000  0.22809284E+001  0.39935697E+001
 -0.15536463E+000  0.23199575E+000  0.22809000E+001  0.39936348E+001
 -0.15539047E+000  0.23194439E+000  0.22808731E+001  0.39936955E+001
 -0.15541499E+000  0.23189680E+000  0.22808478E+001  0.39937521E+001
 -0.15543823E+000  0.23185286E+000  0.22808239E+001  0.39938046E+001
 -0.15546022E+000  0.23181249E+000  0.22808017E+001  0.39938533E+001
 -0.15548101E+000  0.23177557E+000  0.22807809E+001  0.39938983E+001
 -0.15550061E+000  0.23174200E+000  0.22807617E+001  0.39939397E+001
 -0.15551907E+000  0.23171167E+000  0.22807440E+001  0.39939775E+001
 -0.15553640E+000  0.23168446E+000  0.22807280E+001  0.39940120E+001
 -0.15555265E+000  0.23166024E+000  0.22807135E+001  0.39940431E+001
 -0.15556783E+000  0.23163889E+000  0.22807007E+001  0.39940709E+001
 -0.15558199E+000  0.23162028E+000  0.22806896E+001  0.39940955E+001
 -0.15559515E+000  0.23160428E+000  0.22806802E+001  0.39941169E+001
 -0.15560736E+000  0.23159077E+000  0.22806726E+001  0.39941351E+001
 -0.15561864E+000  0.23157960E+000  0.22806666E+001  0.39941501E+001
 -0.15562905E+000  0.23157065E+000  0.22806624E+001  0.39941621E+001
 -0.15563861E+000  0.23156380E+000  0.22806600E+001  0.39941710E+001
 -0.15564737E+000  0.23155892E+000  0.22806593E+001  0.39941770E+001
 -0.15565538E+000  0.23155587E+000  0.22806603E+001  0.39941800E+001
 -0.15566268E+000  0.23155456E+000  0.22806629E+001  0.39941801E+001
 -0.15566930E+000  0.23155485E+000  0.22806671E+001  0.39941775E+001
 -0.15567531E+000  0.23155663E+000  0.22806729E+001  0.39941722E+001
 -0.15568075E+000  0.23155979E+000  0.22806800E+001  0.39941644E+001
 -0.15568565E+000  0.23156423E+000  0.22806885E+001  0.39941542E+001
 -0.15569006E+000  0.23156983E+000  0.22806982E+001  0.39941418E+001
 -0.15569404E+000  0.23157650E+000  0.22807091E+001  0.39941272E+001
 -0.15569761E+000  0.23158413E+000  0.22807209E+001  0.39941107E+001
 -0.15570082E+000  0.23159263E+000  0.22807336E+001  0.39940926E+001
 -0.15570371E+000  0.23160189E+000  0.22807470E+001  0.39940729E+001
 -0.15570632E+000  0.23161183E+000  0.22807611E+001  0.39940518E+001
 -0.15570868E+000  0.23162236E+000  0.22807755E+001  0.39940297E+001
 -0.15571082E+000  0.23163337E+000  0.22807903E+001  0.39940068E+001
 -0.15571278E+000  0.23164479E+000  0.22808053E+001  0.39939831E+001
 -0.15571458E+000  0.23165653E+000  0.22808202E+001  0.39939591E+001
 -0.15571625E+000  0.23166853E+000  0.22808352E+001  0.39939348E+001
 -0.15571781E+000  0.23168069E+000  0.22808499E+001  0.39939104E+001
 -0.15571928E+000  0.23169297E+000  0.22808643E+001  0.39938861E+001
 -0.15572068E+000  0.23170528E+000  0.22808783E+001  0.39938622E+001
 -0.15572201E+000  0.23171760E+000  0.22808919E+001  0.39938387E+001
 -0.15572330E+000  0.23172985E+000  0.22809048E+001  0.39938157E+001
 -0.15572455E+000  0.23174201E+000  0.22809172E+001  0.39937934E+001
 -0.15572576E+000  0.23175402E+000  0.22809290E+001  0.39937718E+001
 -0.15572695E+000  0.23176587E+000  0.22809400E+001  0.39937510E+001
 -0.15572812E+000  0.23177752E+000  0.22809504E+001  0.39937310E+001
 -0.15572926E+000  0.23178894E+000  0.22809601E+001  0.39937119E+001
 -0.15573039E+000  0.23180012E+000  0.22809692E+001  0.39936936E+001
 -0.15573149E+000  0.23181104E+000  0.22809776E+001  0.39936762E+001
 -0.15573258E+000  0.23182166E+000  0.22809854E+001  0.39936596E+001
 -0.15573365E+000  0.23183198E+000  0.22809927E+001  0.39936438E+001
 -0.15573469E+000  0.23184198E+000  0.22809995E+001  0.39936287E+001
 -0.15573572E+000  0.23185162E+000  0.22810058E+001  0.39936143E+001
 -0.15573672E+000  0.23186090E+000  0.22810119E+001  0.39936006E+001
 -0.15573770E+000  0.23186977E+000  0.22810176E+001  0.39935875E+001
 -0.15573865E+000  0.23187824E+000  0.22810232E+001  0.39935749E+001
 -0.15573958E+000  0.23188626E+000  0.22810287E+001  0.39935628E+001
 -0.15574049E+000  0.23189382E+000  0.22810342E+001  0.39935511E+001
 -0.15574137E+000  0.23190089E+000  0.22810398E+001  0.39935398E+001
 -0.15574224E+000  0.23190745E+000  0.22810455E+001  0.39935288E+001
 -0.15574307E+000  0.23191347E+000  0.22810514E+001  0.39935181E+001
 -0.15574389E+000  0.23191895E+000  0.22810575E+001  0.39935076E+001
 -0.15574468E+000  0.23192385E+000  0.22810641E+001  0.39934972E+001
 -0.15574546E+000  0.23192817E+000  0.22810710E+001  0.39934871E+001
 -0.15574621E+000  0.23193189E+000  0.22810783E+001  0.39934770E+001
 -0.15574695E+000  0.23193502E+000  0.22810861E+001  0.39934671E+001
 -0.15574767E+000  0.23193755E+000  0.22810944E+001  0.39934572E+001
 -0.15574836E+000  0.23193947E+000  0.22811032E+001  0.39934473E+001
 -0.15574904E+000  0.23194080E+000  0.22811125E+001  0.39934376E+001
 -0.15574971E+000  0.23194156E+000  0.22811223E+001  0.39934279E+001
 -0.15575035E+000  0.23194174E+000  0.22811326E+001  0.39934182E+001
 -0.15575098E+000  0.23194138E+000  0.22811433E+001  0.39934086E+001
 -0.15575159E+000  0.23194050E+000  0.22811545E+001  0.39933991E+001
 -0.15575219E+000  0.23193911E+000  0.22811659E+001  0.39933897E+001
 -0.15575276E+000  0.23193726E+000  0.22811777E+001  0.39933804E+001
 -0.15575332E+000  0.23193498E+000  0.22811898E+001  0.39933713E+001
 -0.15575386E+000  0.23193230E+000  0.22812020E+001  0.39933624E+001
 -0.15575439E+000  0.23192925E+000  0.22812143E+001  0.39933537E+001
 -0.15575489E+000  0.23192587E+000  0.22812267E+001  0.39933453E+001
 -0.15575538E+000  0.23192221E+000  0.22812390E+001  0.39933372E+001
 -0.15575585E+000  0.23191830E+000  0.22812512E+001  0.39933295E+001
 -0.15575630E+000  0.23191418E+000  0.22812632E+001  0.39933221E+001
 -0.15575673E+000  0.23190989E+000  0.22812749E+001  0.39933151E+001
 -0.15575714E+000  0.23190547E+000  0.22812863E+001  0.39933086E+001
 -0.15575754E+000  0.23190094E+000  0.22812973E+001  0.39933026E+001
 -0.15575791E+000  0.23189635E+000  0.22813078E+001  0.39932971E+001
 -0.15575827E+000  0.23189173E+000  0.22813177E+001  0.39932921E+001
 -0.15575860E+000  0.23188710E+000  0.22813271E+001  0.39932877E+001
 -0.15575892E+000  0.23188250E+000  0.22813359E+001  0.39932838E+001
 -0.15575922E+000  0.23187796E+000  0.22813440E+001  0.39932806E+001
 -0.15575950E+000  0.23187349E+000  0.22813514E+001  0.39932780E+001
 -0.15575977E+000  0.23186912E+000  0.22813581E+001  0.39932759E+001
 -0.15576001E+000  0.23186486E+000  0.22813640E+001  0.39932744E+001
 -0.15576024E+000  0.23186073E+000  0.22813693E+001  0.39932736E+001
 -0.15576045E+000  0.23185675E+000  0.22813738E+001  0.39932733E+001
 -0.15576065E+000  0.23185293E+000  0.22813775E+001  0.39932735E+001
 -0.15576083E+000  0.23184928E+000  0.22813806E+001  0.39932743E+001
 -0.15576099E+000  0.23184580E+000  0.22813829E+001  0.39932755E+001
 -0.15576114E+000  0.23184250E+000  0.22813846E+001  0.39932773E+001
 -0.15576128E+000  0.23183938E+000  0.22813857E+001  0.39932795E+001
 -0.15576141E+000  0.23183644E+000  0.22813862E+001  0.39932821E+001
 -0.15576152E+000  0.23183369E+000  0.22813861E+001  0.39932850E+001
 -0.15576162E+000  0.23183113E+000  0.22813854E+001  0.39932883E+001
 -0.15576171E+000  0.23182874E+000  0.22813843E+001  0.39932919E+001
 -0.15576179E+000  0.23182653E+000  0.22813828E+001  0.39932958E+001
 -0.15576186E+000  0.23182450E+000  0.22813808E+001  0.39932998E+001
 -0.15576192E+000  0.23182263E+000  0.22813785E+001  0.39933041E+001
 -0.15576197E+000  0.23182092E+000  0.22813759E+001  0.39933084E+001
 -0.15576202E+000  0.23181937E+000  0.22813730E+001  0.39933129E+001
 -0.15576206E+000  0.23181796E+000  0.22813699E+001  0.39933175E+001
 -0.15576209E+000  0.23181670E+000  0.22813666E+001  0.39933220E+001
 -0.15576211E+000  0.23181557E+000  0.22813631E+001  0.39933266E+001
 -0.15576214E+000  0.23181456E+000  0.22813596E+001  0.39933312E+001
 -0.15576215E+000  0.23181367E+000  0.22813560E+001  0.39933357E+001
 -0.15576217E+000  0.23181289E+000  0.22813523E+001  0.39933402E+001
 -0.15576217E+000  0.23181221E+000  0.22813486E+001  0.39933445E+001
 -0.15576218E+000  0.23181163E+000  0.22813450E+001  0.39933488E+001
 -0.15576218E+000  0.23181113E+000  0.22813414E+001  0.39933529E+001
 -0.15576218E+000  0.23181071E+000  0.22813378E+001  0.39933569E+001
 -0.15576218E+000  0.23181036E+000  0.22813343E+001  0.39933607E+001
 -0.15576218E+000  0.23181008E+000  0.22813310E+001  0.39933643E+001
 -0.15576217E+000  0.23180985E+000  0.22813277E+001  0.39933678E+001
 -0.15576217E+000  0.23180968E+000  0.22813245E+001  0.39933711E+001
 -0.15576216E+000  0.23180955E+000  0.22813215E+001  0.39933743E+001
 -0.15576215E+000  0.23180947E+000  0.22813186E+001  0.39933772E+001
 -0.15576215E+000  0.23180942E+000  0.22813159E+001  0.39933800E+001
 -0.15576214E+000  0.23180940E+000  0.22813133E+001  0.39933826E+001
 -0.15576213E+000  0.23180941E+000  0.22813109E+001  0.39933850E+001
 -0.15576212E+000  0.23180944E+000  0.22813086E+001  0.39933873E+001
 -0.15576211E+000  0.23180949E+000  0.22813064E+001  0.39933894E+001
 -0.15576211E+000  0.23180956E+000  0.22813044E+001  0.39933913E+001
 -0.15576210E+000  0.23180963E+000  0.22813026E+001  0.39933931E+001
 -0.15576209E+000  0.23180972E+000  0.22813009E+001  0.39933947E+001
 -0.15576208E+000  0.23180982E+000  0.22812993E+001  0.39933962E+001
 -0.15576208E+000  0.23180992E+000  0.22812978E+001  0.39933975E+001
 -0.15576207E+000  0.23181002E+000  0.22812965E+001  0.39933987E+001
 -0.15576207E+000  0.23181013E+000  0.22812953E+001  0.39933998E+001
 -0.15576206E+000  0.23181023E+000  0.22812942E+001  0.39934008E+001
 -0.15576206E+000  0.23181034E+000  0.22812932E+001  0.39934017E+001
 -0.15576205E+000  0.23181044E+000  0.22812923E+001  0.39934025E+001
 -0.15576205E+000  0.23181054E+000  0.22812915E+001  0.39934032E+001
 -0.15576205E+000  0.23181064E+000  0.22812908E+001  0.39934038E+001
 -0.15576205E+000  0.23181073E+000  0.22812901E+001  0.39934043E+001
 -0.15576204E+000  0.23181082E+000  0.22812896E+001  0.39934048E+001
 -0.15576204E+000  0.23181091E+000  0.22812891E+001  0.39934052E+001
 -0.15576204E+000  0.23181099E+000  0.22812886E+001  0.39934056E+001
 -0.15576204E+000  0.23181106E+000  0.22812883E+001  0.39934059E+001
 -0.15576203E+000  0.23181114E+000  0.22812879E+001  0.39934061E+001
 -0.15576203E+000  0.23181120E+000  0.22812877E+001  0.39934063E+001
 -0.15576203E+000  0.23181127E+000  0.22812874E+001  0.39934065E+001
 -0.15576203E+000  0.23181133E+000  0.22812872E+001  0.39934066E+001
 -0.15576203E+000  0.23181138E+000  0.22812871E+001  0.39934067E+001
 -0.15576203E+000  0.23181144E+000  0.22812870E+001  0.39934068E+001
 -0.15576202E+000  0.23181149E+000  0.22812869E+001  0.39934068E+001
 -0.15576202E+000  0.23181154E+000  0.22812868E+001  0.39934069E+001
 -0.15576202E+000  0.23181160E+000  0.22812868E+001  0.39934068E+001
 -0.15576201E+000  0.23181167E+000  0.22812868E+001  0.39934068E+001
