 -0.50351565E-001
 -0.50152924E-001
 -0.50011607E-001
 -0.49911887E-001
 -0.49842361E-001
 -0.49795275E-001
 -0.49764891E-001
 -0.49747096E-001
 -0.49738716E-001
 -0.49737520E-001
 -0.49741827E-001
 -0.49750211E-001
 -0.49761845E-001
 -0.49775839E-001
 -0.49791626E-001
 -0.49808663E-001
 -0.49826582E-001
 -0.49845053E-001
 -0.49863874E-001
 -0.49882808E-001
 -0.49901730E-001
 -0.49920506E-001
 -0.49939026E-001
 -0.49957230E-001
 -0.49975056E-001
 -0.49992452E-001
 -0.50009393E-001
 -0.50025849E-001
 -0.50041801E-001
 -0.50057238E-001
 -0.50072156E-001
 -0.50086550E-001
 -0.50100422E-001
 -0.50113779E-001
 -0.50126626E-001
 -0.50138972E-001
 -0.50150829E-001
 -0.50162208E-001
 -0.50173123E-001
 -0.50183587E-001
 -0.50193613E-001
 -0.50203216E-001
 -0.50212409E-001
 -0.50221203E-001
 -0.50229614E-001
 -0.50237657E-001
 -0.50245337E-001
 -0.50252662E-001
 -0.50259642E-001
 -0.50266281E-001
 -0.50272589E-001
 -0.50278572E-001
 -0.50284235E-001
 -0.50289586E-001
 -0.50294630E-001
 -0.50299374E-001
 -0.50303823E-001
 -0.50307987E-001
 -0.50311870E-001
 -0.50315483E-001
 -0.50318833E-001
 -0.50321928E-001
 -0.50324779E-001
 -0.50327397E-001
 -0.50329790E-001
 -0.50331971E-001
 -0.50333951E-001
 -0.50335741E-001
 -0.50337354E-001
 -0.50338801E-001
 -0.50340095E-001
 -0.50341248E-001
 -0.50342271E-001
 -0.50343178E-001
 -0.50343978E-001
 -0.50344683E-001
 -0.50345306E-001
 -0.50345853E-001
 -0.50346337E-001
 -0.50346765E-001
 -0.50347146E-001
 -0.50347486E-001
 -0.50347792E-001
 -0.50348070E-001
 -0.50348324E-001
 -0.50348558E-001
 -0.50348775E-001
 -0.50348978E-001
 -0.50349169E-001
 -0.50349350E-001
 -0.50349521E-001
 -0.50349683E-001
 -0.50349836E-001
 -0.50349982E-001
 -0.50350119E-001
 -0.50350249E-001
 -0.50350370E-001
 -0.50350484E-001
 -0.50350589E-001
 -0.50350687E-001
 -0.50350776E-001
 -0.50350858E-001
 -0.50350933E-001
 -0.50351000E-001
 -0.50351061E-001
 -0.50351114E-001
 -0.50351162E-001
 -0.50351203E-001
 -0.50351238E-001
 -0.50351269E-001
 -0.50351294E-001
 -0.50351315E-001
 -0.50351331E-001
 -0.50351344E-001
 -0.50351353E-001
 -0.50351359E-001
 -0.50351363E-001
 -0.50351364E-001
 -0.50351363E-001
 -0.50351360E-001
 -0.50351356E-001
 -0.50351350E-001
 -0.50351343E-001
 -0.50351336E-001
 -0.50351328E-001
 -0.50351320E-001
 -0.50351312E-001
 -0.50351303E-001
 -0.50351295E-001
 -0.50351288E-001
 -0.50351280E-001
 -0.50351274E-001
 -0.50351268E-001
 -0.50351263E-001
 -0.50351258E-001
 -0.50351255E-001
 -0.50351253E-001
 -0.50351251E-001
 -0.50351250E-001
 -0.50351251E-001
 -0.50351252E-001
 -0.50351254E-001
 -0.50351257E-001
 -0.50351261E-001
 -0.50351266E-001
 -0.50351271E-001
 -0.50351277E-001
 -0.50351284E-001
 -0.50351291E-001
 -0.50351299E-001
 -0.50351307E-001
 -0.50351316E-001
 -0.50351325E-001
 -0.50351334E-001
 -0.50351343E-001
 -0.50351353E-001
 -0.50351362E-001
 -0.50351372E-001
 -0.50351382E-001
 -0.50351392E-001
 -0.50351401E-001
 -0.50351410E-001
 -0.50351420E-001
 -0.50351429E-001
 -0.50351438E-001
 -0.50351446E-001
 -0.50351455E-001
 -0.50351463E-001
 -0.50351471E-001
 -0.50351478E-001
 -0.50351485E-001
 -0.50351492E-001
 -0.50351499E-001
 -0.50351505E-001
 -0.50351511E-001
 -0.50351517E-001
 -0.50351522E-001
 -0.50351527E-001
 -0.50351532E-001
 -0.50351536E-001
 -0.50351541E-001
 -0.50351544E-001
 -0.50351548E-001
 -0.50351552E-001
 -0.50351555E-001
 -0.50351558E-001
 -0.50351560E-001
 -0.50351563E-001
 -0.50351565E-001
 -0.50351567E-001
 -0.50351569E-001
 -0.50351571E-001
 -0.50351573E-001
 -0.50351574E-001
 -0.50351576E-001
 -0.50351577E-001
 -0.50351578E-001
 -0.50351580E-001
 -0.50351581E-001
 -0.50351579E-001
