  0.16380372E+001
  0.16379651E+001
  0.16379274E+001
  0.16379116E+001
  0.16379096E+001
  0.16379160E+001
  0.16379272E+001
  0.16379411E+001
  0.16379560E+001
  0.16379712E+001
  0.16379857E+001
  0.16380000E+001
  0.16380129E+001
  0.16380250E+001
  0.16380357E+001
  0.16380455E+001
  0.16380542E+001
  0.16380619E+001
  0.16380684E+001
  0.16380740E+001
  0.16380785E+001
  0.16380822E+001
  0.16380851E+001
  0.16380872E+001
  0.16380885E+001
  0.16380891E+001
  0.16380891E+001
  0.16380885E+001
  0.16380873E+001
  0.16380856E+001
  0.16380835E+001
  0.16380809E+001
  0.16380780E+001
  0.16380748E+001
  0.16380713E+001
  0.16380677E+001
  0.16380638E+001
  0.16380598E+001
  0.16380558E+001
  0.16380517E+001
  0.16380476E+001
  0.16380436E+001
  0.16380397E+001
  0.16380360E+001
  0.16380324E+001
  0.16380290E+001
  0.16380259E+001
  0.16380230E+001
  0.16380203E+001
  0.16380180E+001
  0.16380159E+001
  0.16380141E+001
  0.16380127E+001
  0.16380115E+001
  0.16380106E+001
  0.16380099E+001
  0.16380096E+001
  0.16380094E+001
  0.16380095E+001
  0.16380098E+001
  0.16380102E+001
  0.16380109E+001
  0.16380116E+001
  0.16380125E+001
  0.16380134E+001
  0.16380144E+001
  0.16380154E+001
  0.16380165E+001
  0.16380176E+001
  0.16380186E+001
  0.16380197E+001
  0.16380207E+001
  0.16380216E+001
  0.16380226E+001
  0.16380235E+001
  0.16380243E+001
  0.16380251E+001
  0.16380258E+001
  0.16380265E+001
  0.16380272E+001
  0.16380278E+001
  0.16380284E+001
  0.16380289E+001
  0.16380295E+001
  0.16380300E+001
  0.16380304E+001
  0.16380309E+001
  0.16380313E+001
  0.16380317E+001
  0.16380321E+001
  0.16380325E+001
  0.16380329E+001
  0.16380332E+001
  0.16380335E+001
  0.16380339E+001
  0.16380341E+001
  0.16380344E+001
  0.16380347E+001
  0.16380349E+001
  0.16380351E+001
  0.16380353E+001
  0.16380355E+001
  0.16380357E+001
  0.16380358E+001
  0.16380360E+001
  0.16380361E+001
  0.16380362E+001
  0.16380363E+001
  0.16380364E+001
  0.16380365E+001
  0.16380366E+001
  0.16380367E+001
  0.16380367E+001
  0.16380368E+001
  0.16380368E+001
  0.16380369E+001
  0.16380369E+001
  0.16380369E+001
  0.16380369E+001
  0.16380370E+001
  0.16380370E+001
  0.16380370E+001
  0.16380370E+001
  0.16380370E+001
  0.16380370E+001
  0.16380370E+001
  0.16380370E+001
  0.16380370E+001
  0.16380370E+001
  0.16380370E+001
  0.16380370E+001
  0.16380370E+001
  0.16380370E+001
  0.16380370E+001
  0.16380370E+001
  0.16380370E+001
  0.16380370E+001
  0.16380370E+001
  0.16380370E+001
  0.16380370E+001
  0.16380370E+001
  0.16380370E+001
  0.16380370E+001
  0.16380370E+001
  0.16380370E+001
  0.16380370E+001
  0.16380370E+001
  0.16380370E+001
  0.16380370E+001
  0.16380370E+001
  0.16380370E+001
  0.16380370E+001
  0.16380370E+001
  0.16380370E+001
  0.16380370E+001
  0.16380370E+001
  0.16380370E+001
  0.16380371E+001
  0.16380371E+001
  0.16380371E+001
  0.16380371E+001
  0.16380371E+001
  0.16380371E+001
  0.16380371E+001
  0.16380371E+001
  0.16380371E+001
  0.16380371E+001
  0.16380371E+001
  0.16380371E+001
  0.16380371E+001
  0.16380372E+001
  0.16380372E+001
  0.16380372E+001
  0.16380372E+001
  0.16380372E+001
  0.16380372E+001
  0.16380372E+001
  0.16380372E+001
  0.16380372E+001
  0.16380372E+001
  0.16380372E+001
  0.16380372E+001
  0.16380372E+001
  0.16380372E+001
  0.16380372E+001
  0.16380372E+001
  0.16380372E+001
  0.16380372E+001
  0.16380372E+001
  0.16380372E+001
  0.16380372E+001
  0.16380372E+001
  0.16380372E+001
  0.16380372E+001
  0.16380372E+001
  0.16380372E+001
  0.16380372E+001
  0.16380373E+001
  0.16380373E+001
  0.16380373E+001
