  0.12564557E+001
  0.12557292E+001
  0.12550592E+001
  0.12545022E+001
  0.12540448E+001
  0.12536718E+001
  0.12533659E+001
  0.12531126E+001
  0.12529023E+001
  0.12527266E+001
  0.12525798E+001
  0.12524562E+001
  0.12523526E+001
  0.12522653E+001
  0.12521921E+001
  0.12521306E+001
  0.12520790E+001
  0.12520356E+001
  0.12519993E+001
  0.12519690E+001
  0.12519438E+001
  0.12519230E+001
  0.12519059E+001
  0.12518920E+001
  0.12518808E+001
  0.12518718E+001
  0.12518649E+001
  0.12518597E+001
  0.12518559E+001
  0.12518533E+001
  0.12518519E+001
  0.12518513E+001
  0.12518516E+001
  0.12518526E+001
  0.12518542E+001
  0.12518563E+001
  0.12518589E+001
  0.12518620E+001
  0.12518654E+001
  0.12518692E+001
  0.12518733E+001
  0.12518777E+001
  0.12518824E+001
  0.12518874E+001
  0.12518926E+001
  0.12518981E+001
  0.12519038E+001
  0.12519097E+001
  0.12519158E+001
  0.12519221E+001
  0.12519287E+001
  0.12519354E+001
  0.12519422E+001
  0.12519493E+001
  0.12519564E+001
  0.12519638E+001
  0.12519712E+001
  0.12519787E+001
  0.12519863E+001
  0.12519940E+001
  0.12520018E+001
  0.12520095E+001
  0.12520174E+001
  0.12520252E+001
  0.12520330E+001
  0.12520409E+001
  0.12520486E+001
  0.12520564E+001
  0.12520641E+001
  0.12520717E+001
  0.12520792E+001
  0.12520866E+001
  0.12520940E+001
  0.12521011E+001
  0.12521082E+001
  0.12521151E+001
  0.12521218E+001
  0.12521284E+001
  0.12521348E+001
  0.12521410E+001
  0.12521470E+001
  0.12521528E+001
  0.12521584E+001
  0.12521638E+001
  0.12521690E+001
  0.12521739E+001
  0.12521787E+001
  0.12521832E+001
  0.12521875E+001
  0.12521916E+001
  0.12521955E+001
  0.12521992E+001
  0.12522027E+001
  0.12522060E+001
  0.12522091E+001
  0.12522121E+001
  0.12522148E+001
  0.12522174E+001
  0.12522198E+001
  0.12522221E+001
  0.12522242E+001
  0.12522261E+001
  0.12522279E+001
  0.12522296E+001
  0.12522312E+001
  0.12522326E+001
  0.12522339E+001
  0.12522351E+001
  0.12522363E+001
  0.12522373E+001
  0.12522382E+001
  0.12522391E+001
  0.12522399E+001
  0.12522406E+001
  0.12522412E+001
  0.12522418E+001
  0.12522423E+001
  0.12522428E+001
  0.12522432E+001
  0.12522436E+001
  0.12522440E+001
  0.12522443E+001
  0.12522445E+001
  0.12522447E+001
  0.12522449E+001
  0.12522451E+001
  0.12522453E+001
  0.12522454E+001
  0.12522455E+001
  0.12522456E+001
  0.12522457E+001
  0.12522457E+001
  0.12522458E+001
  0.12522458E+001
  0.12522458E+001
  0.12522458E+001
  0.12522458E+001
  0.12522458E+001
  0.12522458E+001
  0.12522458E+001
  0.12522458E+001
  0.12522457E+001
  0.12522457E+001
  0.12522457E+001
  0.12522456E+001
  0.12522456E+001
  0.12522456E+001
  0.12522455E+001
  0.12522455E+001
  0.12522454E+001
  0.12522454E+001
  0.12522454E+001
  0.12522453E+001
  0.12522453E+001
  0.12522452E+001
  0.12522452E+001
  0.12522452E+001
  0.12522451E+001
  0.12522451E+001
  0.12522451E+001
  0.12522451E+001
  0.12522450E+001
  0.12522450E+001
  0.12522450E+001
  0.12522450E+001
  0.12522449E+001
  0.12522449E+001
  0.12522449E+001
  0.12522449E+001
  0.12522449E+001
  0.12522449E+001
  0.12522449E+001
  0.12522449E+001
  0.12522449E+001
  0.12522449E+001
  0.12522449E+001
  0.12522448E+001
  0.12522448E+001
  0.12522449E+001
  0.12522449E+001
  0.12522449E+001
  0.12522449E+001
  0.12522449E+001
  0.12522449E+001
  0.12522449E+001
  0.12522449E+001
  0.12522449E+001
  0.12522449E+001
  0.12522449E+001
  0.12522449E+001
  0.12522449E+001
  0.12522449E+001
  0.12522449E+001
  0.12522450E+001
  0.12522450E+001
  0.12522450E+001
  0.12522450E+001
  0.12522450E+001
  0.12522450E+001
  0.12522450E+001
