  0.19607794E+001
  0.18095480E+001
  0.17810717E+001
  0.17844174E+001
  0.17985193E+001
  0.18153552E+001
  0.18319803E+001
  0.18472962E+001
  0.18611198E+001
  0.18731873E+001
  0.18836943E+001
  0.18925131E+001
  0.19000204E+001
  0.19063151E+001
  0.19117189E+001
  0.19163580E+001
  0.19204173E+001
  0.19239787E+001
  0.19271884E+001
  0.19300470E+001
  0.19326491E+001
  0.19350077E+001
  0.19371318E+001
  0.19390667E+001
  0.19408199E+001
  0.19423969E+001
  0.19438209E+001
  0.19450957E+001
  0.19462333E+001
  0.19472436E+001
  0.19481399E+001
  0.19489295E+001
  0.19496246E+001
  0.19502350E+001
  0.19507715E+001
  0.19512408E+001
  0.19516546E+001
  0.19520179E+001
  0.19523415E+001
  0.19526291E+001
  0.19528880E+001
  0.19531229E+001
  0.19533379E+001
  0.19535361E+001
  0.19537010E+001
  0.19538277E+001
  0.19539266E+001
  0.19540048E+001
  0.19540699E+001
  0.19541236E+001
  0.19541707E+001
  0.19542118E+001
  0.19542480E+001
  0.19542806E+001
  0.19543104E+001
  0.19543371E+001
  0.19543611E+001
  0.19543833E+001
  0.19544029E+001
  0.19544208E+001
  0.19544369E+001
  0.19544510E+001
  0.19544636E+001
  0.19544749E+001
  0.19544845E+001
  0.19544928E+001
  0.19544999E+001
  0.19545059E+001
  0.19545107E+001
  0.19545145E+001
  0.19545173E+001
  0.19545192E+001
  0.19545203E+001
  0.19545206E+001
  0.19545203E+001
  0.19545191E+001
  0.19545175E+001
  0.19545152E+001
  0.19545126E+001
  0.19545095E+001
  0.19545060E+001
  0.19545023E+001
  0.19544983E+001
  0.19544940E+001
  0.19544897E+001
  0.19544853E+001
  0.19544807E+001
  0.19544761E+001
  0.19544716E+001
  0.19544670E+001
  0.19544625E+001
  0.19544581E+001
  0.19544536E+001
  0.19544493E+001
  0.19544451E+001
  0.19544410E+001
  0.19544369E+001
  0.19544331E+001
  0.19544293E+001
  0.19544257E+001
  0.19544223E+001
  0.19544190E+001
  0.19544158E+001
  0.19544128E+001
  0.19544100E+001
  0.19544074E+001
  0.19544050E+001
  0.19544027E+001
  0.19544006E+001
  0.19543986E+001
  0.19543969E+001
  0.19543953E+001
  0.19543939E+001
  0.19543926E+001
  0.19543915E+001
  0.19543905E+001
  0.19543898E+001
  0.19543891E+001
  0.19543885E+001
  0.19543881E+001
  0.19543878E+001
  0.19543875E+001
  0.19543874E+001
  0.19543874E+001
  0.19543874E+001
  0.19543875E+001
  0.19543876E+001
  0.19543879E+001
  0.19543881E+001
  0.19543884E+001
  0.19543887E+001
  0.19543891E+001
  0.19543895E+001
  0.19543899E+001
  0.19543903E+001
  0.19543907E+001
  0.19543912E+001
  0.19543916E+001
  0.19543921E+001
  0.19543925E+001
  0.19543929E+001
  0.19543934E+001
  0.19543938E+001
  0.19543942E+001
  0.19543946E+001
  0.19543950E+001
  0.19543954E+001
  0.19543958E+001
  0.19543962E+001
  0.19543966E+001
  0.19543969E+001
  0.19543973E+001
  0.19543976E+001
  0.19543979E+001
  0.19543982E+001
  0.19543985E+001
  0.19543988E+001
  0.19543991E+001
  0.19543993E+001
  0.19543996E+001
  0.19543998E+001
  0.19544001E+001
  0.19544003E+001
  0.19544005E+001
  0.19544007E+001
  0.19544009E+001
  0.19544011E+001
  0.19544013E+001
  0.19544014E+001
  0.19544016E+001
  0.19544017E+001
  0.19544019E+001
  0.19544020E+001
  0.19544021E+001
  0.19544022E+001
  0.19544024E+001
  0.19544025E+001
  0.19544026E+001
  0.19544027E+001
  0.19544028E+001
  0.19544028E+001
  0.19544029E+001
  0.19544030E+001
  0.19544031E+001
  0.19544031E+001
  0.19544032E+001
  0.19544033E+001
  0.19544033E+001
  0.19544034E+001
  0.19544034E+001
  0.19544035E+001
  0.19544035E+001
  0.19544036E+001
  0.19544036E+001
  0.19544036E+001
  0.19544037E+001
  0.19544038E+001
  0.19544039E+001
  0.19544040E+001
  0.19544038E+001
