  0.60193117E+000
  0.60016968E+000
  0.59904817E+000
  0.59834541E+000
  0.59790654E+000
  0.59766151E+000
  0.59755860E+000
  0.59754594E+000
  0.59756302E+000
  0.59760452E+000
  0.59765831E+000
  0.59771660E+000
  0.59777723E+000
  0.59783697E+000
  0.59789544E+000
  0.59795172E+000
  0.59800609E+000
  0.59805847E+000
  0.59810952E+000
  0.59815894E+000
  0.59820717E+000
  0.59825412E+000
  0.59829963E+000
  0.59834386E+000
  0.59838673E+000
  0.59842809E+000
  0.59846797E+000
  0.59850623E+000
  0.59854281E+000
  0.59857765E+000
  0.59861073E+000
  0.59864197E+000
  0.59867137E+000
  0.59869892E+000
  0.59872463E+000
  0.59874850E+000
  0.59877059E+000
  0.59879092E+000
  0.59880958E+000
  0.59882663E+000
  0.59884217E+000
  0.59885629E+000
  0.59886908E+000
  0.59888065E+000
  0.59889175E+000
  0.59890269E+000
  0.59891302E+000
  0.59892258E+000
  0.59893147E+000
  0.59893964E+000
  0.59894725E+000
  0.59895431E+000
  0.59896088E+000
  0.59896704E+000
  0.59897283E+000
  0.59897827E+000
  0.59898340E+000
  0.59898829E+000
  0.59899292E+000
  0.59899734E+000
  0.59900157E+000
  0.59900560E+000
  0.59900947E+000
  0.59901321E+000
  0.59901678E+000
  0.59902024E+000
  0.59902357E+000
  0.59902679E+000
  0.59902990E+000
  0.59903291E+000
  0.59903583E+000
  0.59903864E+000
  0.59904137E+000
  0.59904401E+000
  0.59904657E+000
  0.59904904E+000
  0.59905145E+000
  0.59905376E+000
  0.59905601E+000
  0.59905818E+000
  0.59906027E+000
  0.59906230E+000
  0.59906425E+000
  0.59906612E+000
  0.59906793E+000
  0.59906965E+000
  0.59907130E+000
  0.59907287E+000
  0.59907437E+000
  0.59907578E+000
  0.59907711E+000
  0.59907837E+000
  0.59907954E+000
  0.59908063E+000
  0.59908165E+000
  0.59908259E+000
  0.59908346E+000
  0.59908427E+000
  0.59908500E+000
  0.59908567E+000
  0.59908628E+000
  0.59908683E+000
  0.59908734E+000
  0.59908779E+000
  0.59908820E+000
  0.59908856E+000
  0.59908889E+000
  0.59908918E+000
  0.59908943E+000
  0.59908966E+000
  0.59908986E+000
  0.59909002E+000
  0.59909017E+000
  0.59909030E+000
  0.59909040E+000
  0.59909048E+000
  0.59909055E+000
  0.59909060E+000
  0.59909064E+000
  0.59909066E+000
  0.59909067E+000
  0.59909067E+000
  0.59909066E+000
  0.59909063E+000
  0.59909060E+000
  0.59909056E+000
  0.59909051E+000
  0.59909045E+000
  0.59909039E+000
  0.59909032E+000
  0.59909024E+000
  0.59909016E+000
  0.59909008E+000
  0.59908999E+000
  0.59908990E+000
  0.59908980E+000
  0.59908971E+000
  0.59908961E+000
  0.59908951E+000
  0.59908941E+000
  0.59908931E+000
  0.59908921E+000
  0.59908911E+000
  0.59908901E+000
  0.59908891E+000
  0.59908881E+000
  0.59908872E+000
  0.59908862E+000
  0.59908853E+000
  0.59908845E+000
  0.59908836E+000
  0.59908828E+000
  0.59908820E+000
  0.59908813E+000
  0.59908806E+000
  0.59908799E+000
  0.59908792E+000
  0.59908786E+000
  0.59908781E+000
  0.59908776E+000
  0.59908771E+000
  0.59908766E+000
  0.59908762E+000
  0.59908758E+000
  0.59908755E+000
  0.59908752E+000
  0.59908749E+000
  0.59908747E+000
  0.59908745E+000
  0.59908743E+000
  0.59908741E+000
  0.59908740E+000
  0.59908739E+000
  0.59908738E+000
  0.59908737E+000
  0.59908736E+000
  0.59908736E+000
  0.59908736E+000
  0.59908736E+000
  0.59908736E+000
  0.59908736E+000
  0.59908736E+000
  0.59908736E+000
  0.59908736E+000
  0.59908737E+000
  0.59908737E+000
  0.59908737E+000
  0.59908738E+000
  0.59908738E+000
  0.59908738E+000
  0.59908739E+000
  0.59908739E+000
  0.59908739E+000
  0.59908740E+000
  0.59908740E+000
  0.59908741E+000
  0.59908741E+000
  0.59908742E+000
  0.59908742E+000
  0.59908738E+000
