  0.66465162E+000  0.85855666E+000  0.98094633E+000  0.25216685E+001
  0.66394899E+000  0.85809538E+000  0.98031404E+000  0.25205586E+001
  0.66320712E+000  0.85748514E+000  0.97967023E+000  0.25198747E+001
  0.66276367E+000  0.85673434E+000  0.97909257E+000  0.25194185E+001
  0.66238996E+000  0.85608606E+000  0.97869054E+000  0.25190128E+001
  0.66211663E+000  0.85564875E+000  0.97819536E+000  0.25187268E+001
  0.66191055E+000  0.85495072E+000  0.97791473E+000  0.25186879E+001
  0.66171669E+000  0.85461943E+000  0.97760642E+000  0.25185082E+001
  0.66151439E+000  0.85429833E+000  0.97741966E+000  0.25183771E+001
  0.66136333E+000  0.85404289E+000  0.97723912E+000  0.25182615E+001
  0.66111953E+000  0.85405534E+000  0.97697675E+000  0.25181678E+001
  0.66102654E+000  0.85386718E+000  0.97683373E+000  0.25180976E+001
  0.66094107E+000  0.85372366E+000  0.97670096E+000  0.25180448E+001
  0.66086965E+000  0.85359088E+000  0.97660125E+000  0.25179999E+001
  0.66079765E+000  0.85341160E+000  0.97659596E+000  0.25179637E+001
  0.66042725E+000  0.85364606E+000  0.97651084E+000  0.25179386E+001
  0.66038832E+000  0.85355561E+000  0.97645439E+000  0.25179180E+001
  0.66035195E+000  0.85349344E+000  0.97639378E+000  0.25179034E+001
  0.66032322E+000  0.85343699E+000  0.97634398E+000  0.25178933E+001
  0.66029597E+000  0.85339125E+000  0.97630165E+000  0.25178874E+001
  0.66027325E+000  0.85335325E+000  0.97626415E+000  0.25178850E+001
  0.66025392E+000  0.85332100E+000  0.97623217E+000  0.25178854E+001
  0.66023278E+000  0.85329324E+000  0.97620976E+000  0.25178883E+001
  0.66021835E+000  0.85327024E+000  0.97618649E+000  0.25178932E+001
  0.66020610E+000  0.85325073E+000  0.97616669E+000  0.25178999E+001
  0.66019580E+000  0.85323403E+000  0.97614986E+000  0.25179080E+001
  0.66018705E+000  0.85321410E+000  0.97613694E+000  0.25179218E+001
  0.66017961E+000  0.85320222E+000  0.97612488E+000  0.25179323E+001
  0.66017327E+000  0.85319226E+000  0.97611471E+000  0.25179436E+001
  0.66016793E+000  0.85318389E+000  0.97610618E+000  0.25179556E+001
  0.66016343E+000  0.85317690E+000  0.97609908E+000  0.25179684E+001
  0.66015965E+000  0.85315910E+000  0.97610522E+000  0.25179817E+001
  0.66015649E+000  0.85315432E+000  0.97610043E+000  0.25179955E+001
  0.66015387E+000  0.85315040E+000  0.97609659E+000  0.25180098E+001
  0.66015171E+000  0.85314725E+000  0.97609357E+000  0.25180245E+001
  0.66014995E+000  0.85314474E+000  0.97609129E+000  0.25180396E+001
  0.66014855E+000  0.85314281E+000  0.97608965E+000  0.25180550E+001
  0.66014745E+000  0.85314138E+000  0.97608858E+000  0.25180707E+001
  0.66014663E+000  0.85314039E+000  0.97608803E+000  0.25180868E+001
  0.66014605E+000  0.85313980E+000  0.97608796E+000  0.25181032E+001
  0.66014569E+000  0.85313956E+000  0.97608830E+000  0.25181199E+001
  0.66014553E+000  0.85313965E+000  0.97608904E+000  0.25181369E+001
  0.66014561E+000  0.85313998E+000  0.97609014E+000  0.25181542E+001
  0.66014580E+000  0.85314065E+000  0.97609157E+000  0.25181718E+001
  0.66014615E+000  0.85314157E+000  0.97609331E+000  0.25181897E+001
  0.66014664E+000  0.85314276E+000  0.97609532E+000  0.25182079E+001
  0.66014727E+000  0.85315619E+000  0.97608559E+000  0.25182263E+001
  0.66014803E+000  0.85315783E+000  0.97608813E+000  0.25182450E+001
  0.66014892E+000  0.85315968E+000  0.97609092E+000  0.25182640E+001
  0.66014992E+000  0.85316173E+000  0.97609845E+000  0.25182788E+001
  0.66015104E+000  0.85316396E+000  0.97610170E+000  0.25182983E+001
  0.66015226E+000  0.85316637E+000  0.97610517E+000  0.25183180E+001
  0.66015359E+000  0.85316894E+000  0.97610883E+000  0.25183379E+001
  0.66015501E+000  0.85317166E+000  0.97611268E+000  0.25183581E+001
  0.66015653E+000  0.85317452E+000  0.97611670E+000  0.25183784E+001
  0.66015813E+000  0.85317750E+000  0.97612088E+000  0.25183988E+001
  0.66015982E+000  0.85318061E+000  0.97612521E+000  0.25184194E+001
  0.66016158E+000  0.85318381E+000  0.97612966E+000  0.25184401E+001
  0.66016342E+000  0.85318711E+000  0.97613423E+000  0.25184608E+001
  0.66016532E+000  0.85319634E+000  0.97613143E+000  0.25184703E+001
  0.66016729E+000  0.85319979E+000  0.97613350E+000  0.25184724E+001
  0.66016932E+000  0.85320330E+000  0.97613588E+000  0.25184761E+001
  0.66017140E+000  0.85320685E+000  0.97614761E+000  0.25185439E+001
  0.66017353E+000  0.85321045E+000  0.97615255E+000  0.25185646E+001
  0.66017570E+000  0.85321407E+000  0.97615751E+000  0.25185852E+001
  0.66017791E+000  0.85321771E+000  0.97616250E+000  0.25186056E+001
  0.66018019E+000  0.85322132E+000  0.97616749E+000  0.25186259E+001
  0.66018266E+000  0.85322476E+000  0.97617248E+000  0.25186460E+001
  0.66018496E+000  0.85322839E+000  0.97617745E+000  0.25186658E+001
  0.66018727E+000  0.85323200E+000  0.97618239E+000  0.25186854E+001
  0.66018960E+000  0.85323558E+000  0.97618730E+000  0.25187047E+001
  0.66019192E+000  0.85323912E+000  0.97619215E+000  0.25187237E+001
  0.66019425E+000  0.85324261E+000  0.97619696E+000  0.25187423E+001
  0.66019656E+000  0.85324605E+000  0.97620169E+000  0.25187606E+001
  0.66019886E+000  0.85324944E+000  0.97620636E+000  0.25187784E+001
  0.66020113E+000  0.85325275E+000  0.97621094E+000  0.25187958E+001
  0.66020337E+000  0.85325599E+000  0.97621543E+000  0.25188128E+001
  0.66020556E+000  0.85325916E+000  0.97621983E+000  0.25188293E+001
  0.66020772E+000  0.85326224E+000  0.97622413E+000  0.25188454E+001
  0.66020981E+000  0.85326523E+000  0.97622833E+000  0.25188609E+001
  0.66021185E+000  0.85326813E+000  0.97623241E+000  0.25188759E+001
  0.66021388E+000  0.85327087E+000  0.97623637E+000  0.25188904E+001
  0.66021579E+000  0.85327357E+000  0.97624021E+000  0.25189044E+001
  0.66021762E+000  0.85327617E+000  0.97624393E+000  0.25189178E+001
  0.66021937E+000  0.85327866E+000  0.97624752E+000  0.25189307E+001
  0.66022104E+000  0.85328105E+000  0.97625098E+000  0.25189430E+001
  0.66022264E+000  0.85328333E+000  0.97625431E+000  0.25189548E+001
  0.66022415E+000  0.85328550E+000  0.97625751E+000  0.25189660E+001
  0.66022557E+000  0.85328756E+000  0.97626058E+000  0.25189768E+001
  0.66022692E+000  0.85328952E+000  0.97626351E+000  0.25189869E+001
  0.66022819E+000  0.85329137E+000  0.97626632E+000  0.25189966E+001
  0.66022938E+000  0.85329312E+000  0.97626900E+000  0.25190058E+001
  0.66023049E+000  0.85329476E+000  0.97627156E+000  0.25190145E+001
  0.66023152E+000  0.85329631E+000  0.97627399E+000  0.25190226E+001
  0.66023249E+000  0.85329776E+000  0.97627630E+000  0.25190304E+001
  0.66023339E+000  0.85329911E+000  0.97627849E+000  0.25190376E+001
  0.66023422E+000  0.85330039E+000  0.97628056E+000  0.25190444E+001
  0.66023499E+000  0.85330156E+000  0.97628252E+000  0.25190508E+001
  0.66023571E+000  0.85330265E+000  0.97628438E+000  0.25190568E+001
  0.66023637E+000  0.85330366E+000  0.97628613E+000  0.25190624E+001
  0.66023698E+000  0.85330459E+000  0.97628778E+000  0.25190676E+001
  0.66023754E+000  0.85330544E+000  0.97628933E+000  0.25190724E+001
  0.66023806E+000  0.85330622E+000  0.97629079E+000  0.25190769E+001
  0.66023854E+000  0.85330694E+000  0.97629216E+000  0.25190811E+001
  0.66023898E+000  0.85330758E+000  0.97629345E+000  0.25190849E+001
  0.66023939E+000  0.85330817E+000  0.97629465E+000  0.25190885E+001
  0.66023976E+000  0.85330870E+000  0.97629578E+000  0.25190918E+001
  0.66024011E+000  0.85330917E+000  0.97629683E+000  0.25190948E+001
  0.66024042E+000  0.85330959E+000  0.97629781E+000  0.25190976E+001
  0.66024072E+000  0.85330997E+000  0.97629872E+000  0.25191001E+001
  0.66024099E+000  0.85331029E+000  0.97629957E+000  0.25191024E+001
  0.66024124E+000  0.85331058E+000  0.97630036E+000  0.25191045E+001
  0.66024148E+000  0.85331083E+000  0.97630109E+000  0.25191064E+001
  0.66024169E+000  0.85331104E+000  0.97630177E+000  0.25191082E+001
  0.66024189E+000  0.85331122E+000  0.97630240E+000  0.25191098E+001
  0.66024208E+000  0.85331136E+000  0.97630298E+000  0.25191112E+001
  0.66024226E+000  0.85331148E+000  0.97630351E+000  0.25191124E+001
  0.66024242E+000  0.85331158E+000  0.97630400E+000  0.25191136E+001
  0.66024257E+000  0.85331165E+000  0.97630445E+000  0.25191146E+001
  0.66024271E+000  0.85331170E+000  0.97630486E+000  0.25191155E+001
  0.66024285E+000  0.85331174E+000  0.97630523E+000  0.25191163E+001
  0.66024297E+000  0.85331176E+000  0.97630557E+000  0.25191170E+001
  0.66024309E+000  0.85331176E+000  0.97630588E+000  0.25191176E+001
  0.66024320E+000  0.85331175E+000  0.97630615E+000  0.25191182E+001
  0.66024330E+000  0.85331174E+000  0.97630640E+000  0.25191187E+001
  0.66024339E+000  0.85331171E+000  0.97630662E+000  0.25191191E+001
  0.66024348E+000  0.85331168E+000  0.97630682E+000  0.25191194E+001
  0.66024356E+000  0.85331164E+000  0.97630699E+000  0.25191197E+001
  0.66024364E+000  0.85331159E+000  0.97630713E+000  0.25191199E+001
  0.66024371E+000  0.85331154E+000  0.97630726E+000  0.25191202E+001
  0.66024377E+000  0.85331149E+000  0.97630736E+000  0.25191203E+001
  0.66024383E+000  0.85331143E+000  0.97630744E+000  0.25191205E+001
  0.66024388E+000  0.85331138E+000  0.97630751E+000  0.25191206E+001
  0.66024392E+000  0.85331132E+000  0.97630756E+000  0.25191207E+001
  0.66024396E+000  0.85331126E+000  0.97630759E+000  0.25191207E+001
  0.66024400E+000  0.85331120E+000  0.97630760E+000  0.25191208E+001
  0.66024403E+000  0.85331115E+000  0.97630760E+000  0.25191208E+001
  0.66024405E+000  0.85331109E+000  0.97630759E+000  0.25191208E+001
  0.66024407E+000  0.85331103E+000  0.97630757E+000  0.25191208E+001
  0.66024409E+000  0.85331098E+000  0.97630753E+000  0.25191208E+001
  0.66024410E+000  0.85331093E+000  0.97630749E+000  0.25191208E+001
  0.66024410E+000  0.85331088E+000  0.97630743E+000  0.25191208E+001
  0.66024411E+000  0.85331083E+000  0.97630736E+000  0.25191208E+001
  0.66024410E+000  0.85331078E+000  0.97630729E+000  0.25191208E+001
  0.66024410E+000  0.85331074E+000  0.97630721E+000  0.25191208E+001
  0.66024409E+000  0.85331069E+000  0.97630712E+000  0.25191208E+001
  0.66024408E+000  0.85331065E+000  0.97630703E+000  0.25191208E+001
  0.66024406E+000  0.85331061E+000  0.97630693E+000  0.25191208E+001
  0.66024405E+000  0.85331057E+000  0.97630683E+000  0.25191208E+001
  0.66024403E+000  0.85331053E+000  0.97630672E+000  0.25191208E+001
  0.66024400E+000  0.85331050E+000  0.97630661E+000  0.25191208E+001
  0.66024398E+000  0.85331047E+000  0.97630650E+000  0.25191208E+001
  0.66024395E+000  0.85331043E+000  0.97630639E+000  0.25191208E+001
  0.66024393E+000  0.85331040E+000  0.97630628E+000  0.25191208E+001
  0.66024390E+000  0.85331037E+000  0.97630616E+000  0.25191209E+001
  0.66024387E+000  0.85331035E+000  0.97630605E+000  0.25191209E+001
  0.66024384E+000  0.85331032E+000  0.97630594E+000  0.25191209E+001
  0.66024381E+000  0.85331030E+000  0.97630583E+000  0.25191209E+001
  0.66024379E+000  0.85331027E+000  0.97630572E+000  0.25191210E+001
  0.66024376E+000  0.85331025E+000  0.97630561E+000  0.25191210E+001
  0.66024373E+000  0.85331023E+000  0.97630550E+000  0.25191211E+001
  0.66024370E+000  0.85331021E+000  0.97630540E+000  0.25191211E+001
  0.66024367E+000  0.85331019E+000  0.97630530E+000  0.25191212E+001
  0.66024364E+000  0.85331017E+000  0.97630520E+000  0.25191212E+001
  0.66024362E+000  0.85331016E+000  0.97630510E+000  0.25191213E+001
  0.66024359E+000  0.85331014E+000  0.97630501E+000  0.25191213E+001
  0.66024356E+000  0.85331013E+000  0.97630492E+000  0.25191214E+001
  0.66024354E+000  0.85331011E+000  0.97630484E+000  0.25191215E+001
  0.66024352E+000  0.85331010E+000  0.97630476E+000  0.25191215E+001
  0.66024350E+000  0.85331009E+000  0.97630468E+000  0.25191216E+001
  0.66024348E+000  0.85331008E+000  0.97630461E+000  0.25191217E+001
  0.66024346E+000  0.85331007E+000  0.97630454E+000  0.25191217E+001
  0.66024344E+000  0.85331006E+000  0.97630448E+000  0.25191218E+001
  0.66024342E+000  0.85331005E+000  0.97630441E+000  0.25191219E+001
  0.66024340E+000  0.85331004E+000  0.97630435E+000  0.25191219E+001
  0.66024339E+000  0.85331004E+000  0.97630430E+000  0.25191220E+001
  0.66024338E+000  0.85331003E+000  0.97630425E+000  0.25191221E+001
  0.66024336E+000  0.85331003E+000  0.97630420E+000  0.25191221E+001
  0.66024335E+000  0.85331002E+000  0.97630415E+000  0.25191222E+001
  0.66024334E+000  0.85331002E+000  0.97630411E+000  0.25191223E+001
  0.66024333E+000  0.85331001E+000  0.97630407E+000  0.25191223E+001
  0.66024332E+000  0.85331001E+000  0.97630404E+000  0.25191224E+001
  0.66024331E+000  0.85331001E+000  0.97630400E+000  0.25191224E+001
  0.66024331E+000  0.85331001E+000  0.97630397E+000  0.25191225E+001
  0.66024330E+000  0.85331000E+000  0.97630394E+000  0.25191226E+001
  0.66024330E+000  0.85331000E+000  0.97630392E+000  0.25191226E+001
  0.66024329E+000  0.85331000E+000  0.97630389E+000  0.25191227E+001
  0.66024329E+000  0.85331000E+000  0.97630387E+000  0.25191228E+001
  0.66024328E+000  0.85331000E+000  0.97630385E+000  0.25191228E+001
  0.66024328E+000  0.85331000E+000  0.97630383E+000  0.25191229E+001
  0.66024328E+000  0.85331000E+000  0.97630381E+000  0.25191229E+001
  0.66024327E+000  0.85331000E+000  0.97630380E+000  0.25191230E+001
  0.66024327E+000  0.85331000E+000  0.97630378E+000  0.25191231E+001
  0.66024327E+000  0.85331000E+000  0.97630377E+000  0.25191231E+001
  0.66024327E+000  0.85331000E+000  0.97630376E+000  0.25191232E+001
  0.66024327E+000  0.85331000E+000  0.97630375E+000  0.25191232E+001
  0.66024327E+000  0.85331000E+000  0.97630374E+000  0.25191233E+001
  0.66024326E+000  0.85331000E+000  0.97630373E+000  0.25191233E+001
  0.66024326E+000  0.85331001E+000  0.97630372E+000  0.25191233E+001
  0.66024324E+000  0.85330998E+000  0.97630368E+000  0.25191233E+001
