  0.70628022E+000  0.85851208E+000  0.10415445E+001  0.24194863E+001
  0.70582367E+000  0.85757364E+000  0.10411781E+001  0.24183416E+001
  0.70522196E+000  0.85673229E+000  0.10407050E+001  0.24175780E+001
  0.70462862E+000  0.85606407E+000  0.10402626E+001  0.24170537E+001
  0.70410628E+000  0.85551660E+000  0.10398749E+001  0.24166815E+001
  0.70367821E+000  0.85505889E+000  0.10395411E+001  0.24164093E+001
  0.70332803E+000  0.85467376E+000  0.10392553E+001  0.24162068E+001
  0.70303791E+000  0.85435911E+000  0.10389995E+001  0.24160542E+001
  0.70279784E+000  0.85409306E+000  0.10387803E+001  0.24159382E+001
  0.70259720E+000  0.85386633E+000  0.10385932E+001  0.24158501E+001
  0.70243042E+000  0.85367345E+000  0.10384330E+001  0.24157826E+001
  0.70228958E+000  0.85350760E+000  0.10382959E+001  0.24157319E+001
  0.70217189E+000  0.85336652E+000  0.10381786E+001  0.24156935E+001
  0.70207234E+000  0.85324565E+000  0.10380785E+001  0.24156652E+001
  0.70198859E+000  0.85314279E+000  0.10379929E+001  0.24156446E+001
  0.70191745E+000  0.85305499E+000  0.10379199E+001  0.24156304E+001
  0.70185707E+000  0.85298043E+000  0.10378575E+001  0.24156213E+001
  0.70180526E+000  0.85291961E+000  0.10378013E+001  0.24156164E+001
  0.70176114E+000  0.85287140E+000  0.10377502E+001  0.24156147E+001
  0.70172303E+000  0.85283144E+000  0.10377058E+001  0.24156160E+001
  0.70169024E+000  0.85279878E+000  0.10376671E+001  0.24156195E+001
  0.70166195E+000  0.85277241E+000  0.10376332E+001  0.24156249E+001
  0.70163729E+000  0.85275123E+000  0.10376035E+001  0.24156320E+001
  0.70161326E+000  0.85273718E+000  0.10375774E+001  0.24156405E+001
  0.70158639E+000  0.85273255E+000  0.10375544E+001  0.24156501E+001
  0.70156217E+000  0.85273076E+000  0.10375341E+001  0.24156607E+001
  0.70154031E+000  0.85273133E+000  0.10375162E+001  0.24156721E+001
  0.70152053E+000  0.85273379E+000  0.10375004E+001  0.24156843E+001
  0.70150258E+000  0.85273773E+000  0.10374864E+001  0.24156970E+001
  0.70148626E+000  0.85274281E+000  0.10374742E+001  0.24157104E+001
  0.70147141E+000  0.85274876E+000  0.10374635E+001  0.24157241E+001
  0.70145787E+000  0.85275532E+000  0.10374542E+001  0.24157382E+001
  0.70144551E+000  0.85276229E+000  0.10374463E+001  0.24157527E+001
  0.70143422E+000  0.85276950E+000  0.10374396E+001  0.24157673E+001
  0.70142392E+000  0.85277683E+000  0.10374340E+001  0.24157822E+001
  0.70141451E+000  0.85278415E+000  0.10374296E+001  0.24157973E+001
  0.70140594E+000  0.85279141E+000  0.10374262E+001  0.24158124E+001
  0.70139812E+000  0.85279852E+000  0.10374237E+001  0.24158277E+001
  0.70139103E+000  0.85280547E+000  0.10374222E+001  0.24158432E+001
  0.70138461E+000  0.85281221E+000  0.10374215E+001  0.24158587E+001
  0.70137883E+000  0.85281875E+000  0.10374216E+001  0.24158743E+001
  0.70137365E+000  0.85282507E+000  0.10374224E+001  0.24158900E+001
  0.70136905E+000  0.85283119E+000  0.10374238E+001  0.24159059E+001
  0.70136500E+000  0.85283709E+000  0.10374258E+001  0.24159219E+001
  0.70136146E+000  0.85284279E+000  0.10374283E+001  0.24159381E+001
  0.70135843E+000  0.85284830E+000  0.10374313E+001  0.24159545E+001
  0.70135590E+000  0.85285364E+000  0.10374347E+001  0.24159711E+001
  0.70135384E+000  0.85285880E+000  0.10374385E+001  0.24159879E+001
  0.70135225E+000  0.85286381E+000  0.10374425E+001  0.24160049E+001
  0.70135111E+000  0.85286865E+000  0.10374469E+001  0.24160222E+001
  0.70135040E+000  0.85287334E+000  0.10374515E+001  0.24160398E+001
  0.70135012E+000  0.85287788E+000  0.10374562E+001  0.24160576E+001
  0.70135023E+000  0.85288228E+000  0.10374612E+001  0.24160756E+001
  0.70135074E+000  0.85288653E+000  0.10374664E+001  0.24160938E+001
  0.70135161E+000  0.85289065E+000  0.10374717E+001  0.24161122E+001
  0.70135284E+000  0.85289463E+000  0.10374771E+001  0.24161307E+001
  0.70135440E+000  0.85289847E+000  0.10374827E+001  0.24161494E+001
  0.70135627E+000  0.85290220E+000  0.10374884E+001  0.24161682E+001
  0.70135843E+000  0.85290580E+000  0.10374943E+001  0.24161870E+001
  0.70136085E+000  0.85290929E+000  0.10375002E+001  0.24162059E+001
  0.70136352E+000  0.85291268E+000  0.10375063E+001  0.24162248E+001
  0.70136639E+000  0.85291597E+000  0.10375124E+001  0.24162437E+001
  0.70136946E+000  0.85291919E+000  0.10375187E+001  0.24162624E+001
  0.70137269E+000  0.85292234E+000  0.10375250E+001  0.24162811E+001
  0.70137604E+000  0.85292543E+000  0.10375313E+001  0.24162996E+001
  0.70137950E+000  0.85292848E+000  0.10375377E+001  0.24163180E+001
  0.70138304E+000  0.85293150E+000  0.10375441E+001  0.24163362E+001
  0.70138662E+000  0.85293450E+000  0.10375506E+001  0.24163541E+001
  0.70139023E+000  0.85293751E+000  0.10375570E+001  0.24163718E+001
  0.70139383E+000  0.85294051E+000  0.10375635E+001  0.24163893E+001
  0.70139740E+000  0.85294354E+000  0.10375699E+001  0.24164064E+001
  0.70140093E+000  0.85294659E+000  0.10375762E+001  0.24164231E+001
  0.70140438E+000  0.85294968E+000  0.10375825E+001  0.24164395E+001
  0.70140774E+000  0.85295281E+000  0.10375888E+001  0.24164556E+001
  0.70141099E+000  0.85295598E+000  0.10375949E+001  0.24164712E+001
  0.70141412E+000  0.85295919E+000  0.10376010E+001  0.24164864E+001
  0.70141711E+000  0.85296245E+000  0.10376069E+001  0.24165012E+001
  0.70141996E+000  0.85296575E+000  0.10376127E+001  0.24165155E+001
  0.70142265E+000  0.85296909E+000  0.10376184E+001  0.24165293E+001
  0.70142517E+000  0.85297246E+000  0.10376239E+001  0.24165427E+001
  0.70142753E+000  0.85297586E+000  0.10376292E+001  0.24165556E+001
  0.70142972E+000  0.85297928E+000  0.10376344E+001  0.24165681E+001
  0.70143174E+000  0.85298272E+000  0.10376395E+001  0.24165800E+001
  0.70143358E+000  0.85298617E+000  0.10376443E+001  0.24165914E+001
  0.70143526E+000  0.85298961E+000  0.10376490E+001  0.24166023E+001
  0.70143678E+000  0.85299304E+000  0.10376534E+001  0.24166128E+001
  0.70143813E+000  0.85299645E+000  0.10376577E+001  0.24166227E+001
  0.70143932E+000  0.85299984E+000  0.10376618E+001  0.24166322E+001
  0.70144037E+000  0.85300319E+000  0.10376657E+001  0.24166412E+001
  0.70144127E+000  0.85300651E+000  0.10376694E+001  0.24166497E+001
  0.70144205E+000  0.85300977E+000  0.10376729E+001  0.24166577E+001
  0.70144269E+000  0.85301298E+000  0.10376763E+001  0.24166653E+001
  0.70144321E+000  0.85301613E+000  0.10376794E+001  0.24166725E+001
  0.70144362E+000  0.85301921E+000  0.10376824E+001  0.24166792E+001
  0.70144393E+000  0.85302222E+000  0.10376853E+001  0.24166855E+001
  0.70144415E+000  0.85302516E+000  0.10376879E+001  0.24166914E+001
  0.70144427E+000  0.85302802E+000  0.10376904E+001  0.24166968E+001
  0.70144431E+000  0.85303080E+000  0.10376928E+001  0.24167019E+001
  0.70144428E+000  0.85303349E+000  0.10376951E+001  0.24167067E+001
  0.70144418E+000  0.85303609E+000  0.10376972E+001  0.24167111E+001
  0.70144402E+000  0.85303860E+000  0.10376992E+001  0.24167151E+001
  0.70144381E+000  0.85304102E+000  0.10377011E+001  0.24167188E+001
  0.70144355E+000  0.85304335E+000  0.10377029E+001  0.24167222E+001
  0.70144324E+000  0.85304558E+000  0.10377046E+001  0.24167253E+001
  0.70144290E+000  0.85304771E+000  0.10377062E+001  0.24167281E+001
  0.70144252E+000  0.85304974E+000  0.10377078E+001  0.24167307E+001
  0.70144211E+000  0.85305168E+000  0.10377093E+001  0.24167329E+001
  0.70144168E+000  0.85305352E+000  0.10377107E+001  0.24167350E+001
  0.70144122E+000  0.85305526E+000  0.10377121E+001  0.24167368E+001
  0.70144075E+000  0.85305690E+000  0.10377134E+001  0.24167384E+001
  0.70144027E+000  0.85305845E+000  0.10377148E+001  0.24167398E+001
  0.70143978E+000  0.85305990E+000  0.10377160E+001  0.24167410E+001
  0.70143927E+000  0.85306125E+000  0.10377173E+001  0.24167420E+001
  0.70143877E+000  0.85306251E+000  0.10377185E+001  0.24167429E+001
  0.70143826E+000  0.85306367E+000  0.10377197E+001  0.24167436E+001
  0.70143776E+000  0.85306475E+000  0.10377209E+001  0.24167442E+001
  0.70143726E+000  0.85306573E+000  0.10377220E+001  0.24167447E+001
  0.70143676E+000  0.85306663E+000  0.10377231E+001  0.24167450E+001
  0.70143627E+000  0.85306745E+000  0.10377242E+001  0.24167453E+001
  0.70143579E+000  0.85306818E+000  0.10377253E+001  0.24167455E+001
  0.70143533E+000  0.85306884E+000  0.10377264E+001  0.24167456E+001
  0.70143487E+000  0.85306942E+000  0.10377274E+001  0.24167456E+001
  0.70143442E+000  0.85306994E+000  0.10377284E+001  0.24167456E+001
  0.70143399E+000  0.85307038E+000  0.10377293E+001  0.24167456E+001
  0.70143358E+000  0.85307076E+000  0.10377302E+001  0.24167455E+001
  0.70143318E+000  0.85307109E+000  0.10377311E+001  0.24167454E+001
  0.70143279E+000  0.85307135E+000  0.10377319E+001  0.24167453E+001
  0.70143242E+000  0.85307156E+000  0.10377326E+001  0.24167452E+001
  0.70143207E+000  0.85307173E+000  0.10377333E+001  0.24167451E+001
  0.70143174E+000  0.85307185E+000  0.10377340E+001  0.24167450E+001
  0.70143142E+000  0.85307192E+000  0.10377346E+001  0.24167450E+001
  0.70143112E+000  0.85307196E+000  0.10377351E+001  0.24167449E+001
  0.70143084E+000  0.85307197E+000  0.10377356E+001  0.24167449E+001
  0.70143057E+000  0.85307194E+000  0.10377361E+001  0.24167449E+001
  0.70143033E+000  0.85307189E+000  0.10377364E+001  0.24167449E+001
  0.70143009E+000  0.85307181E+000  0.10377367E+001  0.24167449E+001
  0.70142987E+000  0.85307171E+000  0.10377369E+001  0.24167450E+001
  0.70142967E+000  0.85307160E+000  0.10377371E+001  0.24167451E+001
  0.70142949E+000  0.85307146E+000  0.10377372E+001  0.24167453E+001
  0.70142931E+000  0.85307132E+000  0.10377373E+001  0.24167455E+001
  0.70142915E+000  0.85307116E+000  0.10377373E+001  0.24167457E+001
  0.70142901E+000  0.85307099E+000  0.10377373E+001  0.24167459E+001
  0.70142887E+000  0.85307082E+000  0.10377372E+001  0.24167462E+001
  0.70142875E+000  0.85307065E+000  0.10377370E+001  0.24167465E+001
  0.70142864E+000  0.85307047E+000  0.10377369E+001  0.24167469E+001
  0.70142854E+000  0.85307029E+000  0.10377366E+001  0.24167472E+001
  0.70142846E+000  0.85307011E+000  0.10377364E+001  0.24167476E+001
  0.70142838E+000  0.85306993E+000  0.10377361E+001  0.24167480E+001
  0.70142831E+000  0.85306975E+000  0.10377358E+001  0.24167484E+001
  0.70142824E+000  0.85306958E+000  0.10377354E+001  0.24167488E+001
  0.70142819E+000  0.85306941E+000  0.10377351E+001  0.24167492E+001
  0.70142814E+000  0.85306925E+000  0.10377347E+001  0.24167496E+001
  0.70142810E+000  0.85306909E+000  0.10377343E+001  0.24167501E+001
  0.70142807E+000  0.85306894E+000  0.10377339E+001  0.24167505E+001
  0.70142804E+000  0.85306880E+000  0.10377335E+001  0.24167509E+001
  0.70142802E+000  0.85306866E+000  0.10377331E+001  0.24167513E+001
  0.70142800E+000  0.85306853E+000  0.10377327E+001  0.24167517E+001
  0.70142798E+000  0.85306840E+000  0.10377323E+001  0.24167522E+001
  0.70142797E+000  0.85306829E+000  0.10377319E+001  0.24167526E+001
  0.70142796E+000  0.85306818E+000  0.10377315E+001  0.24167529E+001
  0.70142796E+000  0.85306808E+000  0.10377312E+001  0.24167533E+001
  0.70142796E+000  0.85306798E+000  0.10377308E+001  0.24167537E+001
  0.70142796E+000  0.85306789E+000  0.10377304E+001  0.24167540E+001
  0.70142796E+000  0.85306781E+000  0.10377301E+001  0.24167544E+001
  0.70142796E+000  0.85306774E+000  0.10377298E+001  0.24167547E+001
  0.70142797E+000  0.85306767E+000  0.10377294E+001  0.24167550E+001
  0.70142797E+000  0.85306761E+000  0.10377291E+001  0.24167553E+001
  0.70142798E+000  0.85306755E+000  0.10377289E+001  0.24167556E+001
  0.70142799E+000  0.85306751E+000  0.10377286E+001  0.24167558E+001
  0.70142800E+000  0.85306746E+000  0.10377283E+001  0.24167561E+001
  0.70142800E+000  0.85306742E+000  0.10377281E+001  0.24167563E+001
  0.70142801E+000  0.85306739E+000  0.10377279E+001  0.24167565E+001
  0.70142802E+000  0.85306736E+000  0.10377277E+001  0.24167567E+001
  0.70142803E+000  0.85306733E+000  0.10377275E+001  0.24167569E+001
  0.70142804E+000  0.85306731E+000  0.10377273E+001  0.24167571E+001
  0.70142805E+000  0.85306729E+000  0.10377271E+001  0.24167572E+001
  0.70142806E+000  0.85306727E+000  0.10377270E+001  0.24167574E+001
  0.70142807E+000  0.85306726E+000  0.10377269E+001  0.24167575E+001
  0.70142808E+000  0.85306725E+000  0.10377267E+001  0.24167576E+001
  0.70142808E+000  0.85306724E+000  0.10377266E+001  0.24167578E+001
  0.70142809E+000  0.85306723E+000  0.10377265E+001  0.24167579E+001
  0.70142810E+000  0.85306723E+000  0.10377264E+001  0.24167580E+001
  0.70142811E+000  0.85306723E+000  0.10377264E+001  0.24167581E+001
  0.70142811E+000  0.85306723E+000  0.10377263E+001  0.24167582E+001
  0.70142812E+000  0.85306723E+000  0.10377262E+001  0.24167582E+001
  0.70142813E+000  0.85306723E+000  0.10377262E+001  0.24167583E+001
  0.70142813E+000  0.85306723E+000  0.10377261E+001  0.24167584E+001
  0.70142814E+000  0.85306723E+000  0.10377261E+001  0.24167585E+001
  0.70142814E+000  0.85306723E+000  0.10377261E+001  0.24167585E+001
  0.70142815E+000  0.85306724E+000  0.10377260E+001  0.24167586E+001
  0.70142815E+000  0.85306724E+000  0.10377260E+001  0.24167586E+001
  0.70142816E+000  0.85306724E+000  0.10377260E+001  0.24167587E+001
  0.70142816E+000  0.85306724E+000  0.10377260E+001  0.24167587E+001
  0.70142817E+000  0.85306725E+000  0.10377259E+001  0.24167588E+001
  0.70142817E+000  0.85306725E+000  0.10377259E+001  0.24167588E+001
  0.70142818E+000  0.85306725E+000  0.10377259E+001  0.24167589E+001
  0.70142818E+000  0.85306726E+000  0.10377259E+001  0.24167589E+001
  0.70142819E+000  0.85306726E+000  0.10377259E+001  0.24167589E+001
  0.70142819E+000  0.85306726E+000  0.10377259E+001  0.24167589E+001
  0.70142819E+000  0.85306724E+000  0.10377259E+001  0.24167589E+001
