 -0.43964229E+000
 -0.44168741E+000
 -0.44296396E+000
 -0.44378988E+000
 -0.44434194E+000
 -0.44472157E+000
 -0.44498756E+000
 -0.44517636E+000
 -0.44531145E+000
 -0.44540806E+000
 -0.44547752E+000
 -0.44552662E+000
 -0.44556144E+000
 -0.44558552E+000
 -0.44560193E+000
 -0.44561240E+000
 -0.44561858E+000
 -0.44562143E+000
 -0.44562205E+000
 -0.44562091E+000
 -0.44561869E+000
 -0.44561578E+000
 -0.44561245E+000
 -0.44560902E+000
 -0.44560568E+000
 -0.44560255E+000
 -0.44559977E+000
 -0.44559742E+000
 -0.44559555E+000
 -0.44559420E+000
 -0.44559340E+000
 -0.44559316E+000
 -0.44559346E+000
 -0.44559431E+000
 -0.44559568E+000
 -0.44559755E+000
 -0.44559989E+000
 -0.44560267E+000
 -0.44560587E+000
 -0.44560946E+000
 -0.44561339E+000
 -0.44561763E+000
 -0.44562217E+000
 -0.44562696E+000
 -0.44563199E+000
 -0.44563722E+000
 -0.44564263E+000
 -0.44564819E+000
 -0.44565390E+000
 -0.44565973E+000
 -0.44566565E+000
 -0.44567167E+000
 -0.44567775E+000
 -0.44568389E+000
 -0.44569008E+000
 -0.44569631E+000
 -0.44570255E+000
 -0.44570882E+000
 -0.44571508E+000
 -0.44572134E+000
 -0.44572758E+000
 -0.44573380E+000
 -0.44573999E+000
 -0.44574614E+000
 -0.44575224E+000
 -0.44575829E+000
 -0.44576429E+000
 -0.44577021E+000
 -0.44577606E+000
 -0.44578184E+000
 -0.44578753E+000
 -0.44579314E+000
 -0.44579865E+000
 -0.44580407E+000
 -0.44580939E+000
 -0.44581460E+000
 -0.44581970E+000
 -0.44582469E+000
 -0.44582957E+000
 -0.44583432E+000
 -0.44583894E+000
 -0.44584344E+000
 -0.44584780E+000
 -0.44585203E+000
 -0.44585611E+000
 -0.44586005E+000
 -0.44586384E+000
 -0.44586748E+000
 -0.44587097E+000
 -0.44587431E+000
 -0.44587750E+000
 -0.44588053E+000
 -0.44588342E+000
 -0.44588615E+000
 -0.44588874E+000
 -0.44589118E+000
 -0.44589348E+000
 -0.44589565E+000
 -0.44589768E+000
 -0.44589959E+000
 -0.44590137E+000
 -0.44590303E+000
 -0.44590458E+000
 -0.44590602E+000
 -0.44590736E+000
 -0.44590861E+000
 -0.44590976E+000
 -0.44591082E+000
 -0.44591180E+000
 -0.44591270E+000
 -0.44591354E+000
 -0.44591430E+000
 -0.44591500E+000
 -0.44591564E+000
 -0.44591622E+000
 -0.44591676E+000
 -0.44591724E+000
 -0.44591768E+000
 -0.44591808E+000
 -0.44591845E+000
 -0.44591877E+000
 -0.44591907E+000
 -0.44591934E+000
 -0.44591957E+000
 -0.44591979E+000
 -0.44591998E+000
 -0.44592015E+000
 -0.44592030E+000
 -0.44592043E+000
 -0.44592055E+000
 -0.44592065E+000
 -0.44592075E+000
 -0.44592082E+000
 -0.44592089E+000
 -0.44592095E+000
 -0.44592100E+000
 -0.44592104E+000
 -0.44592107E+000
 -0.44592110E+000
 -0.44592112E+000
 -0.44592114E+000
 -0.44592115E+000
 -0.44592116E+000
 -0.44592116E+000
 -0.44592116E+000
 -0.44592116E+000
 -0.44592115E+000
 -0.44592115E+000
 -0.44592114E+000
 -0.44592113E+000
 -0.44592111E+000
 -0.44592110E+000
 -0.44592109E+000
 -0.44592107E+000
 -0.44592106E+000
 -0.44592104E+000
 -0.44592102E+000
 -0.44592101E+000
 -0.44592099E+000
 -0.44592097E+000
 -0.44592096E+000
 -0.44592094E+000
 -0.44592093E+000
 -0.44592091E+000
 -0.44592090E+000
 -0.44592088E+000
 -0.44592087E+000
 -0.44592086E+000
 -0.44592084E+000
 -0.44592083E+000
 -0.44592082E+000
 -0.44592081E+000
 -0.44592080E+000
 -0.44592080E+000
 -0.44592079E+000
 -0.44592078E+000
 -0.44592077E+000
 -0.44592077E+000
 -0.44592077E+000
 -0.44592076E+000
 -0.44592076E+000
 -0.44592076E+000
 -0.44592075E+000
 -0.44592075E+000
 -0.44592075E+000
 -0.44592075E+000
 -0.44592075E+000
 -0.44592075E+000
 -0.44592076E+000
 -0.44592076E+000
 -0.44592076E+000
 -0.44592076E+000
 -0.44592077E+000
 -0.44592077E+000
 -0.44592077E+000
 -0.44592077E+000
 -0.44592078E+000
 -0.44592077E+000
 -0.44592078E+000
 -0.44592080E+000
