  0.11614981E+001
  0.11578217E+001
  0.11550884E+001
  0.11529831E+001
  0.11513222E+001
  0.11499948E+001
  0.11489211E+001
  0.11480445E+001
  0.11473260E+001
  0.11467313E+001
  0.11462454E+001
  0.11458360E+001
  0.11454999E+001
  0.11452182E+001
  0.11449861E+001
  0.11447923E+001
  0.11446325E+001
  0.11444984E+001
  0.11443892E+001
  0.11442981E+001
  0.11442238E+001
  0.11441636E+001
  0.11441142E+001
  0.11440744E+001
  0.11440428E+001
  0.11440176E+001
  0.11439981E+001
  0.11439832E+001
  0.11439721E+001
  0.11439640E+001
  0.11439585E+001
  0.11439551E+001
  0.11439534E+001
  0.11439529E+001
  0.11439536E+001
  0.11439551E+001
  0.11439574E+001
  0.11439600E+001
  0.11439632E+001
  0.11439666E+001
  0.11439703E+001
  0.11439741E+001
  0.11439781E+001
  0.11439823E+001
  0.11439865E+001
  0.11439908E+001
  0.11439953E+001
  0.11439997E+001
  0.11440043E+001
  0.11440089E+001
  0.11440136E+001
  0.11440183E+001
  0.11440231E+001
  0.11440279E+001
  0.11440328E+001
  0.11440378E+001
  0.11440427E+001
  0.11440477E+001
  0.11440527E+001
  0.11440577E+001
  0.11440628E+001
  0.11440678E+001
  0.11440728E+001
  0.11440778E+001
  0.11440828E+001
  0.11440878E+001
  0.11440927E+001
  0.11440976E+001
  0.11441024E+001
  0.11441071E+001
  0.11441118E+001
  0.11441164E+001
  0.11441209E+001
  0.11441254E+001
  0.11441297E+001
  0.11441339E+001
  0.11441379E+001
  0.11441419E+001
  0.11441457E+001
  0.11441494E+001
  0.11441529E+001
  0.11441564E+001
  0.11441596E+001
  0.11441627E+001
  0.11441657E+001
  0.11441686E+001
  0.11441713E+001
  0.11441738E+001
  0.11441762E+001
  0.11441785E+001
  0.11441807E+001
  0.11441827E+001
  0.11441847E+001
  0.11441865E+001
  0.11441882E+001
  0.11441898E+001
  0.11441913E+001
  0.11441926E+001
  0.11441939E+001
  0.11441952E+001
  0.11441963E+001
  0.11441973E+001
  0.11441983E+001
  0.11441992E+001
  0.11442000E+001
  0.11442008E+001
  0.11442015E+001
  0.11442021E+001
  0.11442027E+001
  0.11442032E+001
  0.11442037E+001
  0.11442042E+001
  0.11442046E+001
  0.11442049E+001
  0.11442052E+001
  0.11442055E+001
  0.11442058E+001
  0.11442060E+001
  0.11442062E+001
  0.11442064E+001
  0.11442066E+001
  0.11442067E+001
  0.11442068E+001
  0.11442069E+001
  0.11442070E+001
  0.11442070E+001
  0.11442071E+001
  0.11442071E+001
  0.11442072E+001
  0.11442072E+001
  0.11442072E+001
  0.11442072E+001
  0.11442072E+001
  0.11442072E+001
  0.11442072E+001
  0.11442071E+001
  0.11442071E+001
  0.11442071E+001
  0.11442071E+001
  0.11442070E+001
  0.11442070E+001
  0.11442070E+001
  0.11442069E+001
  0.11442069E+001
  0.11442068E+001
  0.11442068E+001
  0.11442068E+001
  0.11442067E+001
  0.11442067E+001
  0.11442067E+001
  0.11442066E+001
  0.11442066E+001
  0.11442066E+001
  0.11442065E+001
  0.11442065E+001
  0.11442065E+001
  0.11442065E+001
  0.11442064E+001
  0.11442064E+001
  0.11442064E+001
  0.11442064E+001
  0.11442064E+001
  0.11442064E+001
  0.11442064E+001
  0.11442063E+001
  0.11442063E+001
  0.11442063E+001
  0.11442063E+001
  0.11442063E+001
  0.11442063E+001
  0.11442063E+001
  0.11442063E+001
  0.11442063E+001
  0.11442063E+001
  0.11442063E+001
  0.11442063E+001
  0.11442063E+001
  0.11442063E+001
  0.11442063E+001
  0.11442064E+001
  0.11442064E+001
  0.11442064E+001
  0.11442064E+001
  0.11442064E+001
  0.11442064E+001
  0.11442064E+001
  0.11442064E+001
  0.11442064E+001
  0.11442064E+001
  0.11442065E+001
  0.11442065E+001
  0.11442065E+001
  0.11442065E+001
  0.11442065E+001
  0.11442065E+001
  0.11442065E+001
  0.11442065E+001
  0.11442066E+001
  0.11442066E+001
  0.11442066E+001
