  0.52917441E+000
  0.52851816E+000
  0.52809124E+000
  0.52778390E+000
  0.52755136E+000
  0.52737036E+000
  0.52722694E+000
  0.52711218E+000
  0.52701987E+000
  0.52694476E+000
  0.52688506E+000
  0.52683522E+000
  0.52679547E+000
  0.52676263E+000
  0.52673643E+000
  0.52671505E+000
  0.52669804E+000
  0.52668415E+000
  0.52667347E+000
  0.52666490E+000
  0.52665839E+000
  0.52665359E+000
  0.52664997E+000
  0.52664747E+000
  0.52664589E+000
  0.52664495E+000
  0.52664462E+000
  0.52664474E+000
  0.52664520E+000
  0.52664593E+000
  0.52664686E+000
  0.52664792E+000
  0.52664908E+000
  0.52665029E+000
  0.52665154E+000
  0.52665278E+000
  0.52665401E+000
  0.52665520E+000
  0.52665635E+000
  0.52665744E+000
  0.52665848E+000
  0.52665946E+000
  0.52666038E+000
  0.52666124E+000
  0.52666203E+000
  0.52666277E+000
  0.52666346E+000
  0.52666408E+000
  0.52666467E+000
  0.52666519E+000
  0.52666566E+000
  0.52666610E+000
  0.52666648E+000
  0.52666683E+000
  0.52666713E+000
  0.52666740E+000
  0.52666763E+000
  0.52666783E+000
  0.52666799E+000
  0.52666813E+000
  0.52666823E+000
  0.52666831E+000
  0.52666836E+000
  0.52666840E+000
  0.52666840E+000
  0.52666839E+000
  0.52666836E+000
  0.52666831E+000
  0.52666825E+000
  0.52666817E+000
  0.52666808E+000
  0.52666797E+000
  0.52666786E+000
  0.52666773E+000
  0.52666760E+000
  0.52666746E+000
  0.52666731E+000
  0.52666716E+000
  0.52666701E+000
  0.52666685E+000
  0.52666669E+000
  0.52666653E+000
  0.52666637E+000
  0.52666620E+000
  0.52666605E+000
  0.52666589E+000
  0.52666574E+000
  0.52666559E+000
  0.52666544E+000
  0.52666531E+000
  0.52666517E+000
  0.52666505E+000
  0.52666493E+000
  0.52666481E+000
  0.52666471E+000
  0.52666460E+000
  0.52666451E+000
  0.52666442E+000
  0.52666434E+000
  0.52666426E+000
  0.52666419E+000
  0.52666412E+000
  0.52666406E+000
  0.52666401E+000
  0.52666396E+000
  0.52666391E+000
  0.52666387E+000
  0.52666383E+000
  0.52666379E+000
  0.52666376E+000
  0.52666373E+000
  0.52666371E+000
  0.52666368E+000
  0.52666366E+000
  0.52666364E+000
  0.52666363E+000
  0.52666361E+000
  0.52666360E+000
  0.52666359E+000
  0.52666358E+000
  0.52666357E+000
  0.52666356E+000
  0.52666356E+000
  0.52666355E+000
  0.52666355E+000
  0.52666354E+000
  0.52666354E+000
  0.52666354E+000
  0.52666354E+000
  0.52666354E+000
  0.52666354E+000
  0.52666354E+000
  0.52666354E+000
  0.52666354E+000
  0.52666355E+000
  0.52666355E+000
  0.52666355E+000
  0.52666356E+000
  0.52666356E+000
  0.52666357E+000
  0.52666358E+000
  0.52666358E+000
  0.52666359E+000
  0.52666360E+000
  0.52666360E+000
  0.52666361E+000
  0.52666362E+000
  0.52666363E+000
  0.52666364E+000
  0.52666365E+000
  0.52666366E+000
  0.52666367E+000
  0.52666368E+000
  0.52666369E+000
  0.52666370E+000
  0.52666371E+000
  0.52666372E+000
  0.52666373E+000
  0.52666374E+000
  0.52666375E+000
  0.52666375E+000
  0.52666376E+000
  0.52666377E+000
  0.52666378E+000
  0.52666379E+000
  0.52666380E+000
  0.52666381E+000
  0.52666382E+000
  0.52666383E+000
  0.52666384E+000
  0.52666385E+000
  0.52666385E+000
  0.52666386E+000
  0.52666387E+000
  0.52666388E+000
  0.52666388E+000
  0.52666389E+000
  0.52666390E+000
  0.52666390E+000
  0.52666391E+000
  0.52666392E+000
  0.52666392E+000
  0.52666393E+000
  0.52666393E+000
  0.52666394E+000
  0.52666395E+000
  0.52666395E+000
  0.52666396E+000
  0.52666396E+000
  0.52666397E+000
  0.52666397E+000
  0.52666398E+000
  0.52666398E+000
  0.52666398E+000
  0.52666399E+000
  0.52666399E+000
  0.52666400E+000
  0.52666400E+000
  0.52666401E+000
  0.52666403E+000
