 -0.11938505E+000  0.60235279E+000  0.54140237E+001  0.12117475E+003
 -0.11854809E+000  0.60379819E+000  0.54158937E+001  0.12119562E+003
 -0.11802901E+000  0.60480958E+000  0.54172640E+001  0.12121203E+003
 -0.11769414E+000  0.60552408E+000  0.54182846E+001  0.12122520E+003
 -0.11747533E+000  0.60602862E+000  0.54190516E+001  0.12123593E+003
 -0.11733485E+000  0.60638040E+000  0.54196296E+001  0.12124476E+003
 -0.11725071E+000  0.60661823E+000  0.54200660E+001  0.12125212E+003
 -0.11720750E+000  0.60676942E+000  0.54203949E+001  0.12125830E+003
 -0.11719408E+000  0.60685373E+000  0.54206415E+001  0.12126354E+003
 -0.11720224E+000  0.60688659E+000  0.54208245E+001  0.12126800E+003
 -0.11722625E+000  0.60687933E+000  0.54209575E+001  0.12127184E+003
 -0.11726148E+000  0.60684211E+000  0.54210532E+001  0.12127517E+003
 -0.11730550E+000  0.60678100E+000  0.54211181E+001  0.12127808E+003
 -0.11735571E+000  0.60670231E+000  0.54211601E+001  0.12128064E+003
 -0.11741059E+000  0.60661009E+000  0.54211837E+001  0.12128292E+003
 -0.11746861E+000  0.60650822E+000  0.54211936E+001  0.12128496E+003
 -0.11752880E+000  0.60639932E+000  0.54211927E+001  0.12128681E+003
 -0.11759021E+000  0.60628591E+000  0.54211838E+001  0.12128849E+003
 -0.11765231E+000  0.60616956E+000  0.54211685E+001  0.12129005E+003
 -0.11771439E+000  0.60605184E+000  0.54211490E+001  0.12129150E+003
 -0.11777611E+000  0.60593366E+000  0.54211263E+001  0.12129286E+003
 -0.11783708E+000  0.60581601E+000  0.54211016E+001  0.12129416E+003
 -0.11789695E+000  0.60569970E+000  0.54210758E+001  0.12129540E+003
 -0.11795547E+000  0.60558510E+000  0.54210494E+001  0.12129660E+003
 -0.11801235E+000  0.60547259E+000  0.54210229E+001  0.12129777E+003
 -0.11806765E+000  0.60536279E+000  0.54209966E+001  0.12129891E+003
 -0.11812132E+000  0.60525595E+000  0.54209709E+001  0.12130004E+003
 -0.11817326E+000  0.60515233E+000  0.54209458E+001  0.12130116E+003
 -0.11822344E+000  0.60505210E+000  0.54209216E+001  0.12130228E+003
 -0.11827184E+000  0.60495541E+000  0.54208985E+001  0.12130341E+003
 -0.11831844E+000  0.60486235E+000  0.54208764E+001  0.12130454E+003
 -0.11836327E+000  0.60477301E+000  0.54208555E+001  0.12130568E+003
 -0.11840633E+000  0.60468742E+000  0.54208359E+001  0.12130683E+003
 -0.11844766E+000  0.60460563E+000  0.54208176E+001  0.12130800E+003
 -0.11848730E+000  0.60452764E+000  0.54208007E+001  0.12130918E+003
 -0.11852527E+000  0.60445347E+000  0.54207854E+001  0.12131039E+003
 -0.11856164E+000  0.60438309E+000  0.54207716E+001  0.12131162E+003
 -0.11859645E+000  0.60431649E+000  0.54207596E+001  0.12131286E+003
 -0.11862975E+000  0.60425364E+000  0.54207494E+001  0.12131413E+003
 -0.11866160E+000  0.60419452E+000  0.54207411E+001  0.12131543E+003
 -0.11869203E+000  0.60413907E+000  0.54207348E+001  0.12131674E+003
 -0.11872112E+000  0.60408725E+000  0.54207307E+001  0.12131808E+003
 -0.11874890E+000  0.60403900E+000  0.54207288E+001  0.12131944E+003
 -0.11877541E+000  0.60399428E+000  0.54207292E+001  0.12132083E+003
 -0.11880070E+000  0.60395303E+000  0.54207321E+001  0.12132223E+003
 -0.11882479E+000  0.60391516E+000  0.54207375E+001  0.12132366E+003
 -0.11884772E+000  0.60388061E+000  0.54207454E+001  0.12132511E+003
 -0.11886953E+000  0.60384930E+000  0.54207559E+001  0.12132657E+003
 -0.11889026E+000  0.60382114E+000  0.54207691E+001  0.12132806E+003
 -0.11890993E+000  0.60379606E+000  0.54207849E+001  0.12132956E+003
 -0.11892859E+000  0.60377394E+000  0.54208034E+001  0.12133108E+003
 -0.11894625E+000  0.60375469E+000  0.54208245E+001  0.12133262E+003
 -0.11896294E+000  0.60373821E+000  0.54208483E+001  0.12133416E+003
 -0.11897870E+000  0.60372439E+000  0.54208748E+001  0.12133572E+003
 -0.11899355E+000  0.60371311E+000  0.54209038E+001  0.12133729E+003
 -0.11900751E+000  0.60370425E+000  0.54209354E+001  0.12133887E+003
 -0.11902061E+000  0.60369771E+000  0.54209695E+001  0.12134045E+003
 -0.11903287E+000  0.60369334E+000  0.54210060E+001  0.12134204E+003
 -0.11904434E+000  0.60369104E+000  0.54210450E+001  0.12134364E+003
 -0.11905502E+000  0.60369068E+000  0.54210863E+001  0.12134523E+003
 -0.11906497E+000  0.60369213E+000  0.54211298E+001  0.12134682E+003
 -0.11907420E+000  0.60369528E+000  0.54211756E+001  0.12134840E+003
 -0.11908275E+000  0.60370001E+000  0.54212234E+001  0.12134999E+003
 -0.11909066E+000  0.60370620E+000  0.54212732E+001  0.12135156E+003
 -0.11909795E+000  0.60371373E+000  0.54213249E+001  0.12135312E+003
 -0.11910466E+000  0.60372249E+000  0.54213783E+001  0.12135467E+003
 -0.11911082E+000  0.60373237E+000  0.54214334E+001  0.12135620E+003
 -0.11911648E+000  0.60374325E+000  0.54214899E+001  0.12135772E+003
 -0.11912167E+000  0.60375503E+000  0.54215478E+001  0.12135922E+003
 -0.11912642E+000  0.60376759E+000  0.54216069E+001  0.12136069E+003
 -0.11913076E+000  0.60378084E+000  0.54216671E+001  0.12136215E+003
 -0.11913474E+000  0.60379466E+000  0.54217280E+001  0.12136357E+003
 -0.11913838E+000  0.60380896E+000  0.54217897E+001  0.12136497E+003
 -0.11914172E+000  0.60382363E+000  0.54218519E+001  0.12136634E+003
 -0.11914480E+000  0.60383856E+000  0.54219144E+001  0.12136768E+003
 -0.11914763E+000  0.60385367E+000  0.54219770E+001  0.12136899E+003
 -0.11915025E+000  0.60386885E+000  0.54220396E+001  0.12137026E+003
 -0.11915269E+000  0.60388402E+000  0.54221019E+001  0.12137150E+003
 -0.11915497E+000  0.60389908E+000  0.54221639E+001  0.12137270E+003
 -0.11915712E+000  0.60391394E+000  0.54222252E+001  0.12137386E+003
 -0.11915915E+000  0.60392853E+000  0.54222859E+001  0.12137498E+003
 -0.11916109E+000  0.60394278E+000  0.54223456E+001  0.12137607E+003
 -0.11916296E+000  0.60395660E+000  0.54224043E+001  0.12137711E+003
 -0.11916476E+000  0.60396995E+000  0.54224619E+001  0.12137812E+003
 -0.11916651E+000  0.60398276E+000  0.54225182E+001  0.12137908E+003
 -0.11916822E+000  0.60399499E+000  0.54225732E+001  0.12138000E+003
 -0.11916990E+000  0.60400659E+000  0.54226268E+001  0.12138088E+003
 -0.11917155E+000  0.60401753E+000  0.54226790E+001  0.12138172E+003
 -0.11917318E+000  0.60402777E+000  0.54227297E+001  0.12138252E+003
 -0.11917478E+000  0.60403729E+000  0.54227789E+001  0.12138327E+003
 -0.11917637E+000  0.60404608E+000  0.54228267E+001  0.12138399E+003
 -0.11917794E+000  0.60405411E+000  0.54228730E+001  0.12138467E+003
 -0.11917950E+000  0.60406138E+000  0.54229179E+001  0.12138531E+003
 -0.11918103E+000  0.60406787E+000  0.54229613E+001  0.12138591E+003
 -0.11918255E+000  0.60407359E+000  0.54230034E+001  0.12138647E+003
 -0.11918404E+000  0.60407853E+000  0.54230441E+001  0.12138700E+003
 -0.11918551E+000  0.60408270E+000  0.54230835E+001  0.12138750E+003
 -0.11918696E+000  0.60408611E+000  0.54231217E+001  0.12138796E+003
 -0.11918838E+000  0.60408876E+000  0.54231586E+001  0.12138839E+003
 -0.11918978E+000  0.60409066E+000  0.54231943E+001  0.12138879E+003
 -0.11919114E+000  0.60409183E+000  0.54232288E+001  0.12138916E+003
 -0.11919248E+000  0.60409230E+000  0.54232621E+001  0.12138950E+003
 -0.11919378E+000  0.60409207E+000  0.54232942E+001  0.12138981E+003
 -0.11919505E+000  0.60409117E+000  0.54233251E+001  0.12139010E+003
 -0.11919629E+000  0.60408964E+000  0.54233548E+001  0.12139037E+003
 -0.11919750E+000  0.60408749E+000  0.54233833E+001  0.12139061E+003
 -0.11919867E+000  0.60408477E+000  0.54234106E+001  0.12139083E+003
 -0.11919980E+000  0.60408150E+000  0.54234366E+001  0.12139104E+003
 -0.11920090E+000  0.60407772E+000  0.54234612E+001  0.12139122E+003
 -0.11920197E+000  0.60407348E+000  0.54234845E+001  0.12139139E+003
 -0.11920299E+000  0.60406880E+000  0.54235064E+001  0.12139154E+003
 -0.11920399E+000  0.60406374E+000  0.54235268E+001  0.12139167E+003
 -0.11920494E+000  0.60405834E+000  0.54235457E+001  0.12139180E+003
 -0.11920586E+000  0.60405263E+000  0.54235632E+001  0.12139191E+003
 -0.11920674E+000  0.60404666E+000  0.54235790E+001  0.12139200E+003
 -0.11920758E+000  0.60404048E+000  0.54235932E+001  0.12139209E+003
 -0.11920838E+000  0.60403412E+000  0.54236058E+001  0.12139217E+003
 -0.11920915E+000  0.60402764E+000  0.54236167E+001  0.12139224E+003
 -0.11920988E+000  0.60402106E+000  0.54236260E+001  0.12139230E+003
 -0.11921058E+000  0.60401442E+000  0.54236335E+001  0.12139235E+003
 -0.11921123E+000  0.60400777E+000  0.54236394E+001  0.12139240E+003
 -0.11921186E+000  0.60400114E+000  0.54236436E+001  0.12139244E+003
 -0.11921244E+000  0.60399457E+000  0.54236461E+001  0.12139247E+003
 -0.11921299E+000  0.60398807E+000  0.54236471E+001  0.12139251E+003
 -0.11921351E+000  0.60398169E+000  0.54236464E+001  0.12139253E+003
 -0.11921400E+000  0.60397544E+000  0.54236442E+001  0.12139255E+003
 -0.11921445E+000  0.60396936E+000  0.54236406E+001  0.12139257E+003
 -0.11921487E+000  0.60396345E+000  0.54236355E+001  0.12139259E+003
 -0.11921526E+000  0.60395773E+000  0.54236291E+001  0.12139260E+003
 -0.11921562E+000  0.60395223E+000  0.54236215E+001  0.12139262E+003
 -0.11921595E+000  0.60394696E+000  0.54236128E+001  0.12139262E+003
 -0.11921626E+000  0.60394192E+000  0.54236029E+001  0.12139263E+003
 -0.11921653E+000  0.60393711E+000  0.54235921E+001  0.12139264E+003
 -0.11921679E+000  0.60393256E+000  0.54235805E+001  0.12139264E+003
 -0.11921702E+000  0.60392826E+000  0.54235681E+001  0.12139264E+003
 -0.11921722E+000  0.60392421E+000  0.54235550E+001  0.12139265E+003
 -0.11921741E+000  0.60392041E+000  0.54235414E+001  0.12139265E+003
 -0.11921757E+000  0.60391686E+000  0.54235274E+001  0.12139265E+003
 -0.11921772E+000  0.60391355E+000  0.54235130E+001  0.12139265E+003
 -0.11921785E+000  0.60391048E+000  0.54234984E+001  0.12139265E+003
 -0.11921796E+000  0.60390766E+000  0.54234837E+001  0.12139264E+003
 -0.11921806E+000  0.60390505E+000  0.54234689E+001  0.12139264E+003
 -0.11921814E+000  0.60390267E+000  0.54234541E+001  0.12139264E+003
 -0.11921821E+000  0.60390050E+000  0.54234394E+001  0.12139264E+003
 -0.11921826E+000  0.60389853E+000  0.54234250E+001  0.12139263E+003
 -0.11921831E+000  0.60389676E+000  0.54234107E+001  0.12139263E+003
 -0.11921835E+000  0.60389517E+000  0.54233968E+001  0.12139262E+003
 -0.11921837E+000  0.60389375E+000  0.54233833E+001  0.12139262E+003
 -0.11921839E+000  0.60389249E+000  0.54233702E+001  0.12139262E+003
 -0.11921840E+000  0.60389138E+000  0.54233575E+001  0.12139261E+003
 -0.11921841E+000  0.60389042E+000  0.54233453E+001  0.12139261E+003
 -0.11921841E+000  0.60388959E+000  0.54233337E+001  0.12139260E+003
 -0.11921840E+000  0.60388888E+000  0.54233225E+001  0.12139260E+003
 -0.11921839E+000  0.60388828E+000  0.54233120E+001  0.12139259E+003
 -0.11921838E+000  0.60388779E+000  0.54233020E+001  0.12139259E+003
 -0.11921836E+000  0.60388738E+000  0.54232926E+001  0.12139258E+003
 -0.11921834E+000  0.60388706E+000  0.54232838E+001  0.12139258E+003
 -0.11921832E+000  0.60388682E+000  0.54232755E+001  0.12139257E+003
 -0.11921830E+000  0.60388665E+000  0.54232678E+001  0.12139257E+003
 -0.11921828E+000  0.60388653E+000  0.54232607E+001  0.12139257E+003
 -0.11921825E+000  0.60388648E+000  0.54232541E+001  0.12139256E+003
 -0.11921823E+000  0.60388646E+000  0.54232480E+001  0.12139256E+003
 -0.11921820E+000  0.60388649E+000  0.54232424E+001  0.12139255E+003
 -0.11921818E+000  0.60388655E+000  0.54232374E+001  0.12139255E+003
 -0.11921816E+000  0.60388664E+000  0.54232328E+001  0.12139255E+003
 -0.11921813E+000  0.60388676E+000  0.54232286E+001  0.12139255E+003
 -0.11921811E+000  0.60388689E+000  0.54232248E+001  0.12139254E+003
 -0.11921809E+000  0.60388704E+000  0.54232215E+001  0.12139254E+003
 -0.11921807E+000  0.60388721E+000  0.54232185E+001  0.12139254E+003
 -0.11921805E+000  0.60388738E+000  0.54232159E+001  0.12139254E+003
 -0.11921803E+000  0.60388756E+000  0.54232135E+001  0.12139254E+003
 -0.11921801E+000  0.60388774E+000  0.54232115E+001  0.12139253E+003
 -0.11921800E+000  0.60388792E+000  0.54232098E+001  0.12139253E+003
 -0.11921798E+000  0.60388810E+000  0.54232083E+001  0.12139253E+003
 -0.11921797E+000  0.60388828E+000  0.54232070E+001  0.12139253E+003
 -0.11921796E+000  0.60388845E+000  0.54232059E+001  0.12139253E+003
 -0.11921795E+000  0.60388862E+000  0.54232050E+001  0.12139253E+003
 -0.11921794E+000  0.60388878E+000  0.54232043E+001  0.12139253E+003
 -0.11921793E+000  0.60388893E+000  0.54232037E+001  0.12139253E+003
 -0.11921792E+000  0.60388908E+000  0.54232033E+001  0.12139253E+003
 -0.11921792E+000  0.60388921E+000  0.54232029E+001  0.12139253E+003
 -0.11921791E+000  0.60388934E+000  0.54232027E+001  0.12139254E+003
 -0.11921790E+000  0.60388947E+000  0.54232026E+001  0.12139254E+003
 -0.11921790E+000  0.60388958E+000  0.54232025E+001  0.12139254E+003
 -0.11921790E+000  0.60388969E+000  0.54232025E+001  0.12139254E+003
 -0.11921789E+000  0.60388978E+000  0.54232026E+001  0.12139254E+003
 -0.11921789E+000  0.60388987E+000  0.54232027E+001  0.12139254E+003
 -0.11921789E+000  0.60388996E+000  0.54232028E+001  0.12139254E+003
 -0.11921788E+000  0.60389004E+000  0.54232030E+001  0.12139255E+003
 -0.11921788E+000  0.60389011E+000  0.54232032E+001  0.12139255E+003
 -0.11921788E+000  0.60389018E+000  0.54232034E+001  0.12139255E+003
 -0.11921788E+000  0.60389024E+000  0.54232037E+001  0.12139255E+003
 -0.11921788E+000  0.60389030E+000  0.54232039E+001  0.12139255E+003
 -0.11921787E+000  0.60389036E+000  0.54232042E+001  0.12139255E+003
 -0.11921787E+000  0.60389041E+000  0.54232045E+001  0.12139256E+003
 -0.11921787E+000  0.60389046E+000  0.54232048E+001  0.12139256E+003
 -0.11921787E+000  0.60389051E+000  0.54232051E+001  0.12139256E+003
 -0.11921786E+000  0.60389056E+000  0.54232054E+001  0.12139256E+003
 -0.11921786E+000  0.60389062E+000  0.54232058E+001  0.12139256E+003
 -0.11921785E+000  0.60389069E+000  0.54232061E+001  0.12139256E+003
