  0.18040848E+001
  0.17980110E+001
  0.17935697E+001
  0.17901939E+001
  0.17875599E+001
  0.17854750E+001
  0.17838018E+001
  0.17824453E+001
  0.17813400E+001
  0.17804303E+001
  0.17796904E+001
  0.17790699E+001
  0.17785625E+001
  0.17781387E+001
  0.17777908E+001
  0.17775014E+001
  0.17772633E+001
  0.17770643E+001
  0.17769026E+001
  0.17767680E+001
  0.17766585E+001
  0.17765699E+001
  0.17764971E+001
  0.17764386E+001
  0.17763920E+001
  0.17763547E+001
  0.17763255E+001
  0.17763029E+001
  0.17762856E+001
  0.17762725E+001
  0.17762631E+001
  0.17762564E+001
  0.17762519E+001
  0.17762492E+001
  0.17762479E+001
  0.17762475E+001
  0.17762480E+001
  0.17762490E+001
  0.17762505E+001
  0.17762523E+001
  0.17762542E+001
  0.17762563E+001
  0.17762585E+001
  0.17762608E+001
  0.17762631E+001
  0.17762655E+001
  0.17762679E+001
  0.17762703E+001
  0.17762728E+001
  0.17762752E+001
  0.17762777E+001
  0.17762803E+001
  0.17762829E+001
  0.17762856E+001
  0.17762883E+001
  0.17762910E+001
  0.17762938E+001
  0.17762966E+001
  0.17762994E+001
  0.17763023E+001
  0.17763052E+001
  0.17763081E+001
  0.17763111E+001
  0.17763140E+001
  0.17763170E+001
  0.17763199E+001
  0.17763229E+001
  0.17763258E+001
  0.17763287E+001
  0.17763316E+001
  0.17763345E+001
  0.17763373E+001
  0.17763401E+001
  0.17763428E+001
  0.17763455E+001
  0.17763481E+001
  0.17763506E+001
  0.17763531E+001
  0.17763554E+001
  0.17763577E+001
  0.17763599E+001
  0.17763620E+001
  0.17763640E+001
  0.17763659E+001
  0.17763678E+001
  0.17763695E+001
  0.17763712E+001
  0.17763727E+001
  0.17763742E+001
  0.17763756E+001
  0.17763769E+001
  0.17763782E+001
  0.17763794E+001
  0.17763805E+001
  0.17763816E+001
  0.17763826E+001
  0.17763835E+001
  0.17763844E+001
  0.17763852E+001
  0.17763860E+001
  0.17763867E+001
  0.17763874E+001
  0.17763881E+001
  0.17763887E+001
  0.17763892E+001
  0.17763897E+001
  0.17763902E+001
  0.17763907E+001
  0.17763911E+001
  0.17763914E+001
  0.17763918E+001
  0.17763921E+001
  0.17763924E+001
  0.17763926E+001
  0.17763929E+001
  0.17763931E+001
  0.17763933E+001
  0.17763934E+001
  0.17763936E+001
  0.17763937E+001
  0.17763938E+001
  0.17763939E+001
  0.17763940E+001
  0.17763940E+001
  0.17763941E+001
  0.17763941E+001
  0.17763941E+001
  0.17763941E+001
  0.17763942E+001
  0.17763942E+001
  0.17763941E+001
  0.17763941E+001
  0.17763941E+001
  0.17763941E+001
  0.17763941E+001
  0.17763940E+001
  0.17763940E+001
  0.17763939E+001
  0.17763939E+001
  0.17763939E+001
  0.17763938E+001
  0.17763938E+001
  0.17763937E+001
  0.17763937E+001
  0.17763936E+001
  0.17763936E+001
  0.17763935E+001
  0.17763935E+001
  0.17763935E+001
  0.17763934E+001
  0.17763934E+001
  0.17763934E+001
  0.17763933E+001
  0.17763933E+001
  0.17763933E+001
  0.17763932E+001
  0.17763932E+001
  0.17763932E+001
  0.17763932E+001
  0.17763932E+001
  0.17763931E+001
  0.17763931E+001
  0.17763931E+001
  0.17763931E+001
  0.17763931E+001
  0.17763931E+001
  0.17763931E+001
  0.17763931E+001
  0.17763931E+001
  0.17763931E+001
  0.17763931E+001
  0.17763931E+001
  0.17763931E+001
  0.17763931E+001
  0.17763931E+001
  0.17763931E+001
  0.17763932E+001
  0.17763932E+001
  0.17763932E+001
  0.17763932E+001
  0.17763932E+001
  0.17763932E+001
  0.17763932E+001
  0.17763933E+001
  0.17763933E+001
  0.17763933E+001
  0.17763933E+001
  0.17763933E+001
  0.17763933E+001
  0.17763934E+001
  0.17763934E+001
  0.17763934E+001
  0.17763934E+001
  0.17763934E+001
  0.17763934E+001
  0.17763935E+001
  0.17763935E+001
  0.17763935E+001
  0.17763935E+001
  0.17763935E+001
