  0.62895181E+000  0.10217128E+001  0.12544764E+001  0.43111987E+001
  0.62735792E+000  0.10186259E+001  0.12502911E+001  0.42957697E+001
  0.62616085E+000  0.10165239E+001  0.12473538E+001  0.42842406E+001
  0.62524930E+000  0.10149568E+001  0.12451699E+001  0.42754001E+001
  0.62454120E+000  0.10137356E+001  0.12434927E+001  0.42684706E+001
  0.62398638E+000  0.10127693E+001  0.12421696E+001  0.42629751E+001
  0.62354579E+000  0.10119949E+001  0.12411067E+001  0.42585602E+001
  0.62319126E+000  0.10113688E+001  0.12402445E+001  0.42549771E+001
  0.62290497E+000  0.10108609E+001  0.12395403E+001  0.42520542E+001
  0.62267095E+000  0.10104440E+001  0.12389600E+001  0.42496468E+001
  0.62248276E+000  0.10101060E+001  0.12384899E+001  0.42476833E+001
  0.62232499E+000  0.10098222E+001  0.12380951E+001  0.42460379E+001
  0.62219746E+000  0.10095907E+001  0.12377743E+001  0.42446882E+001
  0.62209140E+000  0.10093972E+001  0.12375066E+001  0.42435600E+001
  0.62200545E+000  0.10092388E+001  0.12372884E+001  0.42426309E+001
  0.62193450E+000  0.10091072E+001  0.12371075E+001  0.42418567E+001
  0.62187684E+000  0.10089995E+001  0.12369598E+001  0.42412176E+001
  0.62182891E+000  0.10089096E+001  0.12368366E+001  0.42406825E+001
  0.62179075E+000  0.10088373E+001  0.12367377E+001  0.42402450E+001
  0.62175929E+000  0.10087775E+001  0.12366559E+001  0.42398799E+001
  0.62173422E+000  0.10087294E+001  0.12365902E+001  0.42395805E+001
  0.62171450E+000  0.10086912E+001  0.12365380E+001  0.42393363E+001
  0.62169862E+000  0.10086604E+001  0.12364957E+001  0.42391343E+001
  0.62168629E+000  0.10086363E+001  0.12364626E+001  0.42389698E+001
  0.62167694E+000  0.10086179E+001  0.12364371E+001  0.42388368E+001
  0.62166981E+000  0.10086038E+001  0.12364173E+001  0.42387283E+001
  0.62166471E+000  0.10085936E+001  0.12364029E+001  0.42386414E+001
  0.62166119E+000  0.10085864E+001  0.12363925E+001  0.42385718E+001
  0.62165897E+000  0.10085819E+001  0.12363855E+001  0.42385164E+001
  0.62165777E+000  0.10085793E+001  0.12363811E+001  0.42384724E+001
  0.62165745E+000  0.10085785E+001  0.12363791E+001  0.42384379E+001
  0.62165779E+000  0.10085789E+001  0.12363787E+001  0.42384107E+001
  0.62165867E+000  0.10085804E+001  0.12363797E+001  0.42383894E+001
  0.62165997E+000  0.10085828E+001  0.12363817E+001  0.42383728E+001
  0.62166163E+000  0.10085858E+001  0.12363846E+001  0.42383600E+001
  0.62166353E+000  0.10085893E+001  0.12363880E+001  0.42383498E+001
  0.62166565E+000  0.10085932E+001  0.12363920E+001  0.42383418E+001
  0.62166791E+000  0.10085973E+001  0.12363962E+001  0.42383352E+001
  0.62167031E+000  0.10086016E+001  0.12364007E+001  0.42383299E+001
  0.62167279E+000  0.10086061E+001  0.12364054E+001  0.42383253E+001
  0.62167536E+000  0.10086106E+001  0.12364101E+001  0.42383213E+001
  0.62167799E+000  0.10086152E+001  0.12364149E+001  0.42383177E+001
  0.62168069E+000  0.10086199E+001  0.12364197E+001  0.42383144E+001
  0.62168344E+000  0.10086246E+001  0.12364246E+001  0.42383113E+001
  0.62168620E+000  0.10086293E+001  0.12364294E+001  0.42383082E+001
  0.62168903E+000  0.10086339E+001  0.12364342E+001  0.42383052E+001
  0.62169191E+000  0.10086387E+001  0.12364391E+001  0.42383023E+001
  0.62169481E+000  0.10086434E+001  0.12364439E+001  0.42382994E+001
  0.62169778E+000  0.10086481E+001  0.12364488E+001  0.42382968E+001
  0.62170077E+000  0.10086528E+001  0.12364537E+001  0.42382940E+001
  0.62170380E+000  0.10086576E+001  0.12364586E+001  0.42382915E+001
  0.62170688E+000  0.10086624E+001  0.12364635E+001  0.42382890E+001
  0.62170999E+000  0.10086672E+001  0.12364685E+001  0.42382866E+001
  0.62171312E+000  0.10086720E+001  0.12364734E+001  0.42382843E+001
  0.62171630E+000  0.10086768E+001  0.12364784E+001  0.42382822E+001
  0.62171949E+000  0.10086817E+001  0.12364834E+001  0.42382801E+001
  0.62172269E+000  0.10086865E+001  0.12364884E+001  0.42382781E+001
  0.62172592E+000  0.10086914E+001  0.12364934E+001  0.42382762E+001
  0.62172915E+000  0.10086963E+001  0.12364984E+001  0.42382744E+001
  0.62173239E+000  0.10087013E+001  0.12365007E+001  0.42382503E+001
  0.62173563E+000  0.10087062E+001  0.12365011E+001  0.42382115E+001
  0.62173886E+000  0.10087111E+001  0.12365020E+001  0.42381762E+001
  0.62174207E+000  0.10087161E+001  0.12365184E+001  0.42382682E+001
  0.62174528E+000  0.10087210E+001  0.12365234E+001  0.42382669E+001
  0.62174846E+000  0.10087259E+001  0.12365283E+001  0.42382657E+001
  0.62175161E+000  0.10087309E+001  0.12365332E+001  0.42382645E+001
  0.62175472E+000  0.10087357E+001  0.12365381E+001  0.42382634E+001
  0.62175780E+000  0.10087406E+001  0.12365430E+001  0.42382623E+001
  0.62176083E+000  0.10087454E+001  0.12365478E+001  0.42382614E+001
  0.62176382E+000  0.10087502E+001  0.12365525E+001  0.42382604E+001
  0.62176675E+000  0.10087549E+001  0.12365572E+001  0.42382596E+001
  0.62176962E+000  0.10087595E+001  0.12365618E+001  0.42382587E+001
  0.62177242E+000  0.10087641E+001  0.12365664E+001  0.42382579E+001
  0.62177516E+000  0.10087686E+001  0.12365709E+001  0.42382571E+001
  0.62177782E+000  0.10087730E+001  0.12365753E+001  0.42382563E+001
  0.62178040E+000  0.10087772E+001  0.12365796E+001  0.42382555E+001
  0.62178291E+000  0.10087814E+001  0.12365838E+001  0.42382548E+001
  0.62178532E+000  0.10087855E+001  0.12365879E+001  0.42382540E+001
  0.62178765E+000  0.10087895E+001  0.12365920E+001  0.42382532E+001
  0.62178989E+000  0.10087933E+001  0.12365959E+001  0.42382523E+001
  0.62179204E+000  0.10087970E+001  0.12365996E+001  0.42382515E+001
  0.62179409E+000  0.10088005E+001  0.12366033E+001  0.42382506E+001
  0.62179606E+000  0.10088039E+001  0.12366069E+001  0.42382497E+001
  0.62179793E+000  0.10088072E+001  0.12366103E+001  0.42382488E+001
  0.62179972E+000  0.10088104E+001  0.12366136E+001  0.42382479E+001
  0.62180141E+000  0.10088134E+001  0.12366168E+001  0.42382469E+001
  0.62180302E+000  0.10088162E+001  0.12366199E+001  0.42382460E+001
  0.62180455E+000  0.10088190E+001  0.12366228E+001  0.42382451E+001
  0.62180599E+000  0.10088216E+001  0.12366257E+001  0.42382441E+001
  0.62180735E+000  0.10088240E+001  0.12366284E+001  0.42382432E+001
  0.62180864E+000  0.10088263E+001  0.12366310E+001  0.42382423E+001
  0.62180985E+000  0.10088285E+001  0.12366334E+001  0.42382415E+001
  0.62181099E+000  0.10088306E+001  0.12366358E+001  0.42382406E+001
  0.62181206E+000  0.10088326E+001  0.12366381E+001  0.42382398E+001
  0.62181307E+000  0.10088344E+001  0.12366402E+001  0.42382391E+001
  0.62181401E+000  0.10088362E+001  0.12366423E+001  0.42382384E+001
  0.62181489E+000  0.10088378E+001  0.12366442E+001  0.42382377E+001
  0.62181571E+000  0.10088393E+001  0.12366461E+001  0.42382371E+001
  0.62181648E+000  0.10088407E+001  0.12366478E+001  0.42382365E+001
  0.62181720E+000  0.10088420E+001  0.12366495E+001  0.42382359E+001
  0.62181786E+000  0.10088432E+001  0.12366510E+001  0.42382354E+001
  0.62181848E+000  0.10088444E+001  0.12366525E+001  0.42382349E+001
  0.62181905E+000  0.10088454E+001  0.12366539E+001  0.42382345E+001
  0.62181957E+000  0.10088464E+001  0.12366552E+001  0.42382341E+001
  0.62182006E+000  0.10088473E+001  0.12366564E+001  0.42382337E+001
  0.62182051E+000  0.10088481E+001  0.12366576E+001  0.42382333E+001
  0.62182092E+000  0.10088488E+001  0.12366586E+001  0.42382330E+001
  0.62182129E+000  0.10088495E+001  0.12366596E+001  0.42382327E+001
  0.62182164E+000  0.10088501E+001  0.12366606E+001  0.42382325E+001
  0.62182195E+000  0.10088507E+001  0.12366614E+001  0.42382322E+001
  0.62182224E+000  0.10088512E+001  0.12366623E+001  0.42382320E+001
  0.62182250E+000  0.10088516E+001  0.12366630E+001  0.42382318E+001
  0.62182273E+000  0.10088520E+001  0.12366637E+001  0.42382316E+001
  0.62182295E+000  0.10088524E+001  0.12366643E+001  0.42382314E+001
  0.62182314E+000  0.10088527E+001  0.12366649E+001  0.42382312E+001
  0.62182331E+000  0.10088530E+001  0.12366655E+001  0.42382310E+001
  0.62182346E+000  0.10088532E+001  0.12366660E+001  0.42382309E+001
  0.62182360E+000  0.10088534E+001  0.12366664E+001  0.42382308E+001
  0.62182371E+000  0.10088536E+001  0.12366668E+001  0.42382306E+001
  0.62182382E+000  0.10088537E+001  0.12366672E+001  0.42382305E+001
  0.62182391E+000  0.10088539E+001  0.12366676E+001  0.42382304E+001
  0.62182399E+000  0.10088539E+001  0.12366679E+001  0.42382303E+001
  0.62182406E+000  0.10088540E+001  0.12366681E+001  0.42382302E+001
  0.62182411E+000  0.10088541E+001  0.12366684E+001  0.42382301E+001
  0.62182416E+000  0.10088541E+001  0.12366686E+001  0.42382300E+001
  0.62182420E+000  0.10088541E+001  0.12366687E+001  0.42382299E+001
  0.62182423E+000  0.10088541E+001  0.12366689E+001  0.42382299E+001
  0.62182425E+000  0.10088541E+001  0.12366690E+001  0.42382298E+001
  0.62182426E+000  0.10088540E+001  0.12366691E+001  0.42382297E+001
  0.62182427E+000  0.10088540E+001  0.12366692E+001  0.42382297E+001
  0.62182427E+000  0.10088539E+001  0.12366692E+001  0.42382297E+001
  0.62182426E+000  0.10088539E+001  0.12366693E+001  0.42382296E+001
  0.62182425E+000  0.10088538E+001  0.12366693E+001  0.42382296E+001
  0.62182423E+000  0.10088537E+001  0.12366693E+001  0.42382296E+001
  0.62182421E+000  0.10088537E+001  0.12366692E+001  0.42382296E+001
  0.62182419E+000  0.10088536E+001  0.12366692E+001  0.42382296E+001
  0.62182415E+000  0.10088535E+001  0.12366691E+001  0.42382297E+001
  0.62182412E+000  0.10088534E+001  0.12366691E+001  0.42382297E+001
  0.62182408E+000  0.10088533E+001  0.12366690E+001  0.42382297E+001
  0.62182404E+000  0.10088532E+001  0.12366689E+001  0.42382298E+001
  0.62182400E+000  0.10088531E+001  0.12366688E+001  0.42382299E+001
  0.62182395E+000  0.10088530E+001  0.12366687E+001  0.42382299E+001
  0.62182390E+000  0.10088529E+001  0.12366685E+001  0.42382300E+001
  0.62182385E+000  0.10088529E+001  0.12366684E+001  0.42382301E+001
  0.62182380E+000  0.10088528E+001  0.12366683E+001  0.42382302E+001
  0.62182375E+000  0.10088527E+001  0.12366681E+001  0.42382303E+001
  0.62182369E+000  0.10088526E+001  0.12366680E+001  0.42382305E+001
  0.62182363E+000  0.10088525E+001  0.12366678E+001  0.42382306E+001
  0.62182358E+000  0.10088524E+001  0.12366676E+001  0.42382307E+001
  0.62182352E+000  0.10088523E+001  0.12366675E+001  0.42382309E+001
  0.62182346E+000  0.10088523E+001  0.12366673E+001  0.42382310E+001
  0.62182340E+000  0.10088522E+001  0.12366672E+001  0.42382312E+001
  0.62182335E+000  0.10088521E+001  0.12366670E+001  0.42382313E+001
  0.62182329E+000  0.10088521E+001  0.12366668E+001  0.42382315E+001
  0.62182323E+000  0.10088520E+001  0.12366667E+001  0.42382317E+001
  0.62182318E+000  0.10088519E+001  0.12366665E+001  0.42382318E+001
  0.62182312E+000  0.10088519E+001  0.12366664E+001  0.42382320E+001
  0.62182307E+000  0.10088518E+001  0.12366662E+001  0.42382322E+001
  0.62182301E+000  0.10088518E+001  0.12366661E+001  0.42382324E+001
  0.62182296E+000  0.10088517E+001  0.12366659E+001  0.42382325E+001
  0.62182291E+000  0.10088517E+001  0.12366658E+001  0.42382327E+001
  0.62182286E+000  0.10088516E+001  0.12366656E+001  0.42382329E+001
  0.62182282E+000  0.10088516E+001  0.12366655E+001  0.42382331E+001
  0.62182277E+000  0.10088516E+001  0.12366654E+001  0.42382333E+001
  0.62182273E+000  0.10088515E+001  0.12366653E+001  0.42382334E+001
  0.62182269E+000  0.10088515E+001  0.12366651E+001  0.42382336E+001
  0.62182265E+000  0.10088515E+001  0.12366650E+001  0.42382338E+001
  0.62182261E+000  0.10088514E+001  0.12366649E+001  0.42382339E+001
  0.62182258E+000  0.10088514E+001  0.12366648E+001  0.42382341E+001
  0.62182254E+000  0.10088514E+001  0.12366647E+001  0.42382343E+001
  0.62182251E+000  0.10088514E+001  0.12366646E+001  0.42382344E+001
  0.62182248E+000  0.10088513E+001  0.12366645E+001  0.42382346E+001
  0.62182245E+000  0.10088513E+001  0.12366644E+001  0.42382348E+001
  0.62182243E+000  0.10088513E+001  0.12366644E+001  0.42382349E+001
  0.62182240E+000  0.10088513E+001  0.12366643E+001  0.42382351E+001
  0.62182238E+000  0.10088513E+001  0.12366642E+001  0.42382352E+001
  0.62182236E+000  0.10088513E+001  0.12366642E+001  0.42382354E+001
  0.62182234E+000  0.10088513E+001  0.12366641E+001  0.42382355E+001
  0.62182232E+000  0.10088513E+001  0.12366640E+001  0.42382356E+001
  0.62182231E+000  0.10088513E+001  0.12366640E+001  0.42382358E+001
  0.62182229E+000  0.10088512E+001  0.12366639E+001  0.42382359E+001
  0.62182228E+000  0.10088512E+001  0.12366639E+001  0.42382360E+001
  0.62182227E+000  0.10088512E+001  0.12366638E+001  0.42382361E+001
  0.62182225E+000  0.10088512E+001  0.12366638E+001  0.42382363E+001
  0.62182224E+000  0.10088512E+001  0.12366638E+001  0.42382364E+001
  0.62182224E+000  0.10088512E+001  0.12366637E+001  0.42382365E+001
  0.62182223E+000  0.10088512E+001  0.12366637E+001  0.42382366E+001
  0.62182222E+000  0.10088512E+001  0.12366637E+001  0.42382367E+001
  0.62182221E+000  0.10088512E+001  0.12366636E+001  0.42382368E+001
  0.62182221E+000  0.10088512E+001  0.12366636E+001  0.42382369E+001
  0.62182220E+000  0.10088512E+001  0.12366636E+001  0.42382370E+001
  0.62182220E+000  0.10088512E+001  0.12366636E+001  0.42382371E+001
  0.62182220E+000  0.10088512E+001  0.12366636E+001  0.42382372E+001
  0.62182219E+000  0.10088512E+001  0.12366635E+001  0.42382373E+001
  0.62182219E+000  0.10088512E+001  0.12366635E+001  0.42382373E+001
  0.62182219E+000  0.10088512E+001  0.12366635E+001  0.42382374E+001
  0.62182219E+000  0.10088512E+001  0.12366635E+001  0.42382375E+001
  0.62182219E+000  0.10088512E+001  0.12366635E+001  0.42382375E+001
  0.62182220E+000  0.10088512E+001  0.12366635E+001  0.42382376E+001
  0.62182221E+000  0.10088513E+001  0.12366635E+001  0.42382376E+001
