  0.91739652E+000
  0.91482302E+000
  0.91290966E+000
  0.91143601E+000
  0.91027332E+000
  0.90934419E+000
  0.90859256E+000
  0.90797899E+000
  0.90747601E+000
  0.90705974E+000
  0.90671959E+000
  0.90643300E+000
  0.90619778E+000
  0.90600052E+000
  0.90583807E+000
  0.90570246E+000
  0.90559055E+000
  0.90549673E+000
  0.90542028E+000
  0.90535652E+000
  0.90530449E+000
  0.90526236E+000
  0.90522774E+000
  0.90519991E+000
  0.90517780E+000
  0.90516016E+000
  0.90514651E+000
  0.90513605E+000
  0.90512826E+000
  0.90512261E+000
  0.90511879E+000
  0.90511639E+000
  0.90511517E+000
  0.90511488E+000
  0.90511537E+000
  0.90511642E+000
  0.90511798E+000
  0.90511985E+000
  0.90512204E+000
  0.90512444E+000
  0.90512700E+000
  0.90512971E+000
  0.90513252E+000
  0.90513543E+000
  0.90513837E+000
  0.90514139E+000
  0.90514450E+000
  0.90514761E+000
  0.90515082E+000
  0.90515403E+000
  0.90515731E+000
  0.90516063E+000
  0.90516398E+000
  0.90516736E+000
  0.90517079E+000
  0.90517424E+000
  0.90517771E+000
  0.90518121E+000
  0.90518471E+000
  0.90518823E+000
  0.90519176E+000
  0.90519528E+000
  0.90519880E+000
  0.90520231E+000
  0.90520580E+000
  0.90520927E+000
  0.90521271E+000
  0.90521612E+000
  0.90521949E+000
  0.90522282E+000
  0.90522610E+000
  0.90522932E+000
  0.90523247E+000
  0.90523556E+000
  0.90523858E+000
  0.90524152E+000
  0.90524437E+000
  0.90524714E+000
  0.90524981E+000
  0.90525240E+000
  0.90525488E+000
  0.90525726E+000
  0.90525955E+000
  0.90526173E+000
  0.90526382E+000
  0.90526581E+000
  0.90526770E+000
  0.90526949E+000
  0.90527118E+000
  0.90527279E+000
  0.90527431E+000
  0.90527574E+000
  0.90527708E+000
  0.90527835E+000
  0.90527954E+000
  0.90528065E+000
  0.90528169E+000
  0.90528267E+000
  0.90528358E+000
  0.90528442E+000
  0.90528521E+000
  0.90528594E+000
  0.90528662E+000
  0.90528724E+000
  0.90528782E+000
  0.90528835E+000
  0.90528884E+000
  0.90528929E+000
  0.90528970E+000
  0.90529007E+000
  0.90529042E+000
  0.90529072E+000
  0.90529100E+000
  0.90529126E+000
  0.90529148E+000
  0.90529169E+000
  0.90529187E+000
  0.90529203E+000
  0.90529217E+000
  0.90529229E+000
  0.90529240E+000
  0.90529250E+000
  0.90529258E+000
  0.90529264E+000
  0.90529270E+000
  0.90529275E+000
  0.90529278E+000
  0.90529281E+000
  0.90529283E+000
  0.90529284E+000
  0.90529285E+000
  0.90529285E+000
  0.90529285E+000
  0.90529284E+000
  0.90529283E+000
  0.90529282E+000
  0.90529280E+000
  0.90529278E+000
  0.90529276E+000
  0.90529274E+000
  0.90529271E+000
  0.90529269E+000
  0.90529266E+000
  0.90529264E+000
  0.90529261E+000
  0.90529258E+000
  0.90529256E+000
  0.90529253E+000
  0.90529251E+000
  0.90529248E+000
  0.90529246E+000
  0.90529244E+000
  0.90529242E+000
  0.90529240E+000
  0.90529238E+000
  0.90529236E+000
  0.90529234E+000
  0.90529233E+000
  0.90529231E+000
  0.90529230E+000
  0.90529229E+000
  0.90529228E+000
  0.90529227E+000
  0.90529226E+000
  0.90529226E+000
  0.90529225E+000
  0.90529225E+000
  0.90529224E+000
  0.90529224E+000
  0.90529224E+000
  0.90529224E+000
  0.90529224E+000
  0.90529224E+000
  0.90529224E+000
  0.90529224E+000
  0.90529225E+000
  0.90529225E+000
  0.90529225E+000
  0.90529226E+000
  0.90529227E+000
  0.90529227E+000
  0.90529228E+000
  0.90529228E+000
  0.90529229E+000
  0.90529230E+000
  0.90529231E+000
  0.90529231E+000
  0.90529232E+000
  0.90529233E+000
  0.90529234E+000
  0.90529234E+000
  0.90529235E+000
  0.90529236E+000
  0.90529237E+000
  0.90529237E+000
  0.90529238E+000
  0.90529239E+000
  0.90529240E+000
  0.90529241E+000
  0.90529244E+000
