  0.31767932E+002
  0.31774186E+002
  0.31779015E+002
  0.31782825E+002
  0.31785879E+002
  0.31788356E+002
  0.31790385E+002
  0.31792061E+002
  0.31793455E+002
  0.31794624E+002
  0.31795609E+002
  0.31796447E+002
  0.31797164E+002
  0.31797783E+002
  0.31798321E+002
  0.31798794E+002
  0.31799213E+002
  0.31799590E+002
  0.31799930E+002
  0.31800243E+002
  0.31800533E+002
  0.31800806E+002
  0.31801066E+002
  0.31801316E+002
  0.31801559E+002
  0.31801797E+002
  0.31802033E+002
  0.31802269E+002
  0.31802505E+002
  0.31802744E+002
  0.31802986E+002
  0.31803232E+002
  0.31803483E+002
  0.31803740E+002
  0.31804003E+002
  0.31804272E+002
  0.31804549E+002
  0.31804832E+002
  0.31805123E+002
  0.31805422E+002
  0.31805727E+002
  0.31806041E+002
  0.31806362E+002
  0.31806690E+002
  0.31807026E+002
  0.31807368E+002
  0.31807718E+002
  0.31808074E+002
  0.31808436E+002
  0.31808805E+002
  0.31809179E+002
  0.31809559E+002
  0.31809943E+002
  0.31810332E+002
  0.31810725E+002
  0.31811122E+002
  0.31811522E+002
  0.31811924E+002
  0.31812328E+002
  0.31812734E+002
  0.31813140E+002
  0.31813547E+002
  0.31813953E+002
  0.31814358E+002
  0.31814761E+002
  0.31815163E+002
  0.31815561E+002
  0.31815955E+002
  0.31816346E+002
  0.31816732E+002
  0.31817112E+002
  0.31817486E+002
  0.31817854E+002
  0.31818215E+002
  0.31818568E+002
  0.31818914E+002
  0.31819251E+002
  0.31819579E+002
  0.31819897E+002
  0.31820207E+002
  0.31820506E+002
  0.31820795E+002
  0.31821074E+002
  0.31821342E+002
  0.31821599E+002
  0.31821846E+002
  0.31822082E+002
  0.31822307E+002
  0.31822521E+002
  0.31822725E+002
  0.31822918E+002
  0.31823100E+002
  0.31823273E+002
  0.31823435E+002
  0.31823588E+002
  0.31823731E+002
  0.31823866E+002
  0.31823991E+002
  0.31824108E+002
  0.31824217E+002
  0.31824318E+002
  0.31824411E+002
  0.31824497E+002
  0.31824577E+002
  0.31824650E+002
  0.31824717E+002
  0.31824779E+002
  0.31824835E+002
  0.31824886E+002
  0.31824932E+002
  0.31824974E+002
  0.31825011E+002
  0.31825045E+002
  0.31825075E+002
  0.31825102E+002
  0.31825125E+002
  0.31825146E+002
  0.31825164E+002
  0.31825180E+002
  0.31825193E+002
  0.31825205E+002
  0.31825214E+002
  0.31825222E+002
  0.31825228E+002
  0.31825233E+002
  0.31825236E+002
  0.31825239E+002
  0.31825240E+002
  0.31825240E+002
  0.31825240E+002
  0.31825238E+002
  0.31825236E+002
  0.31825234E+002
  0.31825231E+002
  0.31825227E+002
  0.31825223E+002
  0.31825219E+002
  0.31825215E+002
  0.31825210E+002
  0.31825205E+002
  0.31825201E+002
  0.31825196E+002
  0.31825191E+002
  0.31825186E+002
  0.31825181E+002
  0.31825176E+002
  0.31825171E+002
  0.31825166E+002
  0.31825161E+002
  0.31825157E+002
  0.31825152E+002
  0.31825148E+002
  0.31825144E+002
  0.31825140E+002
  0.31825136E+002
  0.31825132E+002
  0.31825129E+002
  0.31825126E+002
  0.31825123E+002
  0.31825120E+002
  0.31825117E+002
  0.31825115E+002
  0.31825113E+002
  0.31825110E+002
  0.31825109E+002
  0.31825107E+002
  0.31825105E+002
  0.31825104E+002
  0.31825103E+002
  0.31825102E+002
  0.31825101E+002
  0.31825100E+002
  0.31825100E+002
  0.31825099E+002
  0.31825099E+002
  0.31825098E+002
  0.31825098E+002
  0.31825098E+002
  0.31825098E+002
  0.31825098E+002
  0.31825098E+002
  0.31825099E+002
  0.31825099E+002
  0.31825099E+002
  0.31825100E+002
  0.31825100E+002
  0.31825100E+002
  0.31825101E+002
  0.31825101E+002
  0.31825102E+002
  0.31825102E+002
  0.31825103E+002
  0.31825103E+002
  0.31825104E+002
  0.31825104E+002
  0.31825105E+002
  0.31825105E+002
  0.31825106E+002
  0.31825106E+002
  0.31825107E+002
