  0.20424195E+001
  0.20383829E+001
  0.20351921E+001
  0.20326628E+001
  0.20306311E+001
  0.20289894E+001
  0.20276501E+001
  0.20265481E+001
  0.20256383E+001
  0.20248811E+001
  0.20242565E+001
  0.20237288E+001
  0.20232919E+001
  0.20229241E+001
  0.20226186E+001
  0.20223622E+001
  0.20221487E+001
  0.20219689E+001
  0.20218205E+001
  0.20216960E+001
  0.20215931E+001
  0.20215086E+001
  0.20214385E+001
  0.20213811E+001
  0.20213346E+001
  0.20212967E+001
  0.20212666E+001
  0.20212427E+001
  0.20212241E+001
  0.20212099E+001
  0.20211994E+001
  0.20211918E+001
  0.20211868E+001
  0.20211839E+001
  0.20211827E+001
  0.20211829E+001
  0.20211843E+001
  0.20211866E+001
  0.20211897E+001
  0.20211935E+001
  0.20211978E+001
  0.20212027E+001
  0.20212080E+001
  0.20212136E+001
  0.20212196E+001
  0.20212258E+001
  0.20212324E+001
  0.20212392E+001
  0.20212464E+001
  0.20212537E+001
  0.20212613E+001
  0.20212691E+001
  0.20212771E+001
  0.20212853E+001
  0.20212937E+001
  0.20213022E+001
  0.20213109E+001
  0.20213197E+001
  0.20213286E+001
  0.20213376E+001
  0.20213467E+001
  0.20213558E+001
  0.20213650E+001
  0.20213743E+001
  0.20213835E+001
  0.20213927E+001
  0.20214019E+001
  0.20214110E+001
  0.20214201E+001
  0.20214290E+001
  0.20214379E+001
  0.20214467E+001
  0.20214553E+001
  0.20214638E+001
  0.20214721E+001
  0.20214802E+001
  0.20214881E+001
  0.20214958E+001
  0.20215032E+001
  0.20215105E+001
  0.20215174E+001
  0.20215242E+001
  0.20215306E+001
  0.20215368E+001
  0.20215427E+001
  0.20215484E+001
  0.20215537E+001
  0.20215589E+001
  0.20215637E+001
  0.20215683E+001
  0.20215726E+001
  0.20215767E+001
  0.20215805E+001
  0.20215842E+001
  0.20215875E+001
  0.20215907E+001
  0.20215936E+001
  0.20215964E+001
  0.20215989E+001
  0.20216013E+001
  0.20216035E+001
  0.20216055E+001
  0.20216074E+001
  0.20216091E+001
  0.20216107E+001
  0.20216121E+001
  0.20216134E+001
  0.20216146E+001
  0.20216157E+001
  0.20216167E+001
  0.20216176E+001
  0.20216184E+001
  0.20216191E+001
  0.20216197E+001
  0.20216203E+001
  0.20216208E+001
  0.20216212E+001
  0.20216216E+001
  0.20216219E+001
  0.20216222E+001
  0.20216225E+001
  0.20216227E+001
  0.20216228E+001
  0.20216230E+001
  0.20216231E+001
  0.20216232E+001
  0.20216232E+001
  0.20216233E+001
  0.20216233E+001
  0.20216233E+001
  0.20216233E+001
  0.20216232E+001
  0.20216232E+001
  0.20216231E+001
  0.20216231E+001
  0.20216230E+001
  0.20216229E+001
  0.20216229E+001
  0.20216228E+001
  0.20216227E+001
  0.20216226E+001
  0.20216225E+001
  0.20216224E+001
  0.20216223E+001
  0.20216222E+001
  0.20216221E+001
  0.20216220E+001
  0.20216219E+001
  0.20216219E+001
  0.20216218E+001
  0.20216217E+001
  0.20216216E+001
  0.20216215E+001
  0.20216214E+001
  0.20216214E+001
  0.20216213E+001
  0.20216212E+001
  0.20216212E+001
  0.20216211E+001
  0.20216210E+001
  0.20216210E+001
  0.20216209E+001
  0.20216209E+001
  0.20216208E+001
  0.20216208E+001
  0.20216208E+001
  0.20216207E+001
  0.20216207E+001
  0.20216207E+001
  0.20216206E+001
  0.20216206E+001
  0.20216206E+001
  0.20216206E+001
  0.20216206E+001
  0.20216205E+001
  0.20216205E+001
  0.20216205E+001
  0.20216205E+001
  0.20216205E+001
  0.20216205E+001
  0.20216205E+001
  0.20216205E+001
  0.20216205E+001
  0.20216205E+001
  0.20216205E+001
  0.20216205E+001
  0.20216205E+001
  0.20216205E+001
  0.20216205E+001
  0.20216205E+001
  0.20216205E+001
  0.20216205E+001
  0.20216205E+001
  0.20216205E+001
  0.20216205E+001
  0.20216205E+001
  0.20216206E+001
  0.20216206E+001
  0.20216206E+001
  0.20216206E+001
