  0.14115454E+000
  0.13962005E+000
  0.13872680E+000
  0.13824649E+000
  0.13801981E+000
  0.13796516E+000
  0.13802222E+000
  0.13815076E+000
  0.13830379E+000
  0.13846951E+000
  0.13863704E+000
  0.13879871E+000
  0.13895686E+000
  0.13910718E+000
  0.13924930E+000
  0.13938197E+000
  0.13950569E+000
  0.13962054E+000
  0.13972771E+000
  0.13982714E+000
  0.13991986E+000
  0.14000623E+000
  0.14008654E+000
  0.14016151E+000
  0.14023151E+000
  0.14029681E+000
  0.14035787E+000
  0.14041493E+000
  0.14046825E+000
  0.14051809E+000
  0.14056468E+000
  0.14060820E+000
  0.14064885E+000
  0.14068679E+000
  0.14072220E+000
  0.14075519E+000
  0.14078592E+000
  0.14081450E+000
  0.14084108E+000
  0.14086577E+000
  0.14088867E+000
  0.14090992E+000
  0.14092960E+000
  0.14094782E+000
  0.14096506E+000
  0.14098158E+000
  0.14099710E+000
  0.14101153E+000
  0.14102497E+000
  0.14103739E+000
  0.14104892E+000
  0.14105957E+000
  0.14106939E+000
  0.14107844E+000
  0.14108678E+000
  0.14109442E+000
  0.14110141E+000
  0.14110781E+000
  0.14111362E+000
  0.14111891E+000
  0.14112369E+000
  0.14112799E+000
  0.14113185E+000
  0.14113531E+000
  0.14113838E+000
  0.14114110E+000
  0.14114350E+000
  0.14114560E+000
  0.14114742E+000
  0.14114901E+000
  0.14115037E+000
  0.14115152E+000
  0.14115250E+000
  0.14115332E+000
  0.14115401E+000
  0.14115456E+000
  0.14115503E+000
  0.14115539E+000
  0.14115569E+000
  0.14115594E+000
  0.14115613E+000
  0.14115629E+000
  0.14115642E+000
  0.14115652E+000
  0.14115663E+000
  0.14115671E+000
  0.14115679E+000
  0.14115686E+000
  0.14115693E+000
  0.14115700E+000
  0.14115706E+000
  0.14115712E+000
  0.14115718E+000
  0.14115723E+000
  0.14115727E+000
  0.14115731E+000
  0.14115733E+000
  0.14115735E+000
  0.14115736E+000
  0.14115736E+000
  0.14115736E+000
  0.14115734E+000
  0.14115731E+000
  0.14115728E+000
  0.14115723E+000
  0.14115718E+000
  0.14115713E+000
  0.14115706E+000
  0.14115699E+000
  0.14115691E+000
  0.14115683E+000
  0.14115674E+000
  0.14115665E+000
  0.14115655E+000
  0.14115645E+000
  0.14115635E+000
  0.14115625E+000
  0.14115614E+000
  0.14115603E+000
  0.14115592E+000
  0.14115582E+000
  0.14115571E+000
  0.14115560E+000
  0.14115549E+000
  0.14115538E+000
  0.14115528E+000
  0.14115517E+000
  0.14115507E+000
  0.14115498E+000
  0.14115488E+000
  0.14115479E+000
  0.14115470E+000
  0.14115462E+000
  0.14115454E+000
  0.14115447E+000
  0.14115440E+000
  0.14115433E+000
  0.14115427E+000
  0.14115422E+000
  0.14115417E+000
  0.14115412E+000
  0.14115408E+000
  0.14115405E+000
  0.14115402E+000
  0.14115399E+000
  0.14115397E+000
  0.14115395E+000
  0.14115394E+000
  0.14115393E+000
  0.14115392E+000
  0.14115392E+000
  0.14115392E+000
  0.14115393E+000
  0.14115394E+000
  0.14115395E+000
  0.14115396E+000
  0.14115397E+000
  0.14115399E+000
  0.14115400E+000
  0.14115402E+000
  0.14115404E+000
  0.14115406E+000
  0.14115409E+000
  0.14115411E+000
  0.14115413E+000
  0.14115415E+000
  0.14115418E+000
  0.14115420E+000
  0.14115422E+000
  0.14115424E+000
  0.14115426E+000
  0.14115429E+000
  0.14115431E+000
  0.14115433E+000
  0.14115435E+000
  0.14115436E+000
  0.14115438E+000
  0.14115440E+000
  0.14115441E+000
  0.14115443E+000
  0.14115444E+000
  0.14115446E+000
  0.14115447E+000
  0.14115448E+000
  0.14115449E+000
  0.14115450E+000
  0.14115451E+000
  0.14115452E+000
  0.14115453E+000
  0.14115453E+000
  0.14115454E+000
  0.14115454E+000
  0.14115455E+000
  0.14115455E+000
  0.14115456E+000
  0.14115456E+000
  0.14115457E+000
  0.14115458E+000
  0.14115458E+000
  0.14115456E+000
