  0.53333752E-005
  0.47389893E-005
  0.46131191E-005
  0.46160881E-005
  0.46658661E-005
  0.47468605E-005
  0.48276877E-005
  0.48967106E-005
  0.49509831E-005
  0.49979755E-005
  0.50402185E-005
  0.50773364E-005
  0.51109982E-005
  0.51405799E-005
  0.51669189E-005
  0.51898075E-005
  0.52097725E-005
  0.52268792E-005
  0.52418097E-005
  0.52544060E-005
  0.52652281E-005
  0.52743811E-005
  0.52819516E-005
  0.52883104E-005
  0.52935909E-005
  0.52978917E-005
  0.53014298E-005
  0.53042807E-005
  0.53065580E-005
  0.53083511E-005
  0.53097590E-005
  0.53108309E-005
  0.53116376E-005
  0.53122289E-005
  0.53126545E-005
  0.53129340E-005
  0.53131184E-005
  0.53132121E-005
  0.53132604E-005
  0.53132619E-005
  0.53132399E-005
  0.53132056E-005
  0.53131665E-005
  0.53131276E-005
  0.53130854E-005
  0.53130671E-005
  0.53130660E-005
  0.53130680E-005
  0.53130991E-005
  0.53131317E-005
  0.53131921E-005
  0.53132654E-005
  0.53133496E-005
  0.53134488E-005
  0.53135645E-005
  0.53136879E-005
  0.53138201E-005
  0.53139672E-005
  0.53141165E-005
  0.53142758E-005
  0.53144424E-005
  0.53146089E-005
  0.53147809E-005
  0.53149576E-005
  0.53151314E-005
  0.53153071E-005
  0.53154815E-005
  0.53156549E-005
  0.53158250E-005
  0.53159920E-005
  0.53161557E-005
  0.53163126E-005
  0.53164659E-005
  0.53166125E-005
  0.53167542E-005
  0.53168866E-005
  0.53170159E-005
  0.53171355E-005
  0.53172503E-005
  0.53173579E-005
  0.53174579E-005
  0.53175535E-005
  0.53176424E-005
  0.53177239E-005
  0.53178023E-005
  0.53178736E-005
  0.53179400E-005
  0.53180018E-005
  0.53180597E-005
  0.53181122E-005
  0.53181607E-005
  0.53182054E-005
  0.53182460E-005
  0.53182832E-005
  0.53183166E-005
  0.53183477E-005
  0.53183740E-005
  0.53183994E-005
  0.53184201E-005
  0.53184397E-005
  0.53184563E-005
  0.53184703E-005
  0.53184829E-005
  0.53184931E-005
  0.53185017E-005
  0.53185085E-005
  0.53185140E-005
  0.53185178E-005
  0.53185205E-005
  0.53185221E-005
  0.53185226E-005
  0.53185218E-005
  0.53185204E-005
  0.53185180E-005
  0.53185151E-005
  0.53185111E-005
  0.53185070E-005
  0.53185018E-005
  0.53184963E-005
  0.53184904E-005
  0.53184840E-005
  0.53184773E-005
  0.53184700E-005
  0.53184627E-005
  0.53184550E-005
  0.53184471E-005
  0.53184390E-005
  0.53184309E-005
  0.53184225E-005
  0.53184141E-005
  0.53184056E-005
  0.53183972E-005
  0.53183887E-005
  0.53183803E-005
  0.53183719E-005
  0.53183637E-005
  0.53183556E-005
  0.53183476E-005
  0.53183399E-005
  0.53183324E-005
  0.53183250E-005
  0.53183179E-005
  0.53183111E-005
  0.53183044E-005
  0.53182981E-005
  0.53182921E-005
  0.53182864E-005
  0.53182810E-005
  0.53182758E-005
  0.53182711E-005
  0.53182665E-005
  0.53182624E-005
  0.53182585E-005
  0.53182549E-005
  0.53182516E-005
  0.53182487E-005
  0.53182459E-005
  0.53182435E-005
  0.53182413E-005
  0.53182394E-005
  0.53182377E-005
  0.53182363E-005
  0.53182350E-005
  0.53182339E-005
  0.53182331E-005
  0.53182324E-005
  0.53182319E-005
  0.53182315E-005
  0.53182312E-005
  0.53182310E-005
  0.53182310E-005
  0.53182311E-005
  0.53182312E-005
  0.53182314E-005
  0.53182316E-005
  0.53182319E-005
  0.53182322E-005
  0.53182325E-005
  0.53182328E-005
  0.53182331E-005
  0.53182334E-005
  0.53182337E-005
  0.53182340E-005
  0.53182343E-005
  0.53182345E-005
  0.53182346E-005
  0.53182347E-005
  0.53182348E-005
  0.53182348E-005
  0.53182349E-005
  0.53182348E-005
  0.53182347E-005
  0.53182345E-005
  0.53182343E-005
  0.53182341E-005
  0.53182340E-005
  0.53182341E-005
  0.53182347E-005
  0.53182340E-005
  0.53182307E-005
