  0.46759102E-001
  0.41547965E-001
  0.40444428E-001
  0.40470458E-001
  0.40906875E-001
  0.41616974E-001
  0.42325607E-001
  0.42930749E-001
  0.43406570E-001
  0.43818565E-001
  0.44188921E-001
  0.44514343E-001
  0.44809465E-001
  0.45068816E-001
  0.45299736E-001
  0.45500407E-001
  0.45675445E-001
  0.45825424E-001
  0.45956324E-001
  0.46066759E-001
  0.46161639E-001
  0.46241886E-001
  0.46308258E-001
  0.46364008E-001
  0.46410304E-001
  0.46448009E-001
  0.46479029E-001
  0.46504023E-001
  0.46523989E-001
  0.46539710E-001
  0.46552053E-001
  0.46561451E-001
  0.46568523E-001
  0.46573708E-001
  0.46577439E-001
  0.46579890E-001
  0.46581506E-001
  0.46582327E-001
  0.46582751E-001
  0.46582764E-001
  0.46582571E-001
  0.46582271E-001
  0.46581928E-001
  0.46581587E-001
  0.46581216E-001
  0.46581056E-001
  0.46581047E-001
  0.46581064E-001
  0.46581337E-001
  0.46581623E-001
  0.46582152E-001
  0.46582795E-001
  0.46583533E-001
  0.46584403E-001
  0.46585417E-001
  0.46586499E-001
  0.46587658E-001
  0.46588948E-001
  0.46590257E-001
  0.46591654E-001
  0.46593114E-001
  0.46594573E-001
  0.46596081E-001
  0.46597630E-001
  0.46599155E-001
  0.46600695E-001
  0.46602224E-001
  0.46603744E-001
  0.46605235E-001
  0.46606699E-001
  0.46608135E-001
  0.46609510E-001
  0.46610854E-001
  0.46612140E-001
  0.46613382E-001
  0.46614542E-001
  0.46615676E-001
  0.46616724E-001
  0.46617731E-001
  0.46618675E-001
  0.46619551E-001
  0.46620390E-001
  0.46621169E-001
  0.46621883E-001
  0.46622571E-001
  0.46623196E-001
  0.46623778E-001
  0.46624320E-001
  0.46624827E-001
  0.46625288E-001
  0.46625713E-001
  0.46626105E-001
  0.46626461E-001
  0.46626787E-001
  0.46627080E-001
  0.46627352E-001
  0.46627583E-001
  0.46627806E-001
  0.46627987E-001
  0.46628159E-001
  0.46628305E-001
  0.46628427E-001
  0.46628538E-001
  0.46628627E-001
  0.46628702E-001
  0.46628762E-001
  0.46628810E-001
  0.46628844E-001
  0.46628867E-001
  0.46628881E-001
  0.46628886E-001
  0.46628879E-001
  0.46628867E-001
  0.46628846E-001
  0.46628820E-001
  0.46628785E-001
  0.46628749E-001
  0.46628704E-001
  0.46628655E-001
  0.46628604E-001
  0.46628547E-001
  0.46628489E-001
  0.46628425E-001
  0.46628361E-001
  0.46628293E-001
  0.46628224E-001
  0.46628153E-001
  0.46628082E-001
  0.46628008E-001
  0.46627934E-001
  0.46627860E-001
  0.46627786E-001
  0.46627712E-001
  0.46627638E-001
  0.46627565E-001
  0.46627493E-001
  0.46627422E-001
  0.46627352E-001
  0.46627284E-001
  0.46627218E-001
  0.46627154E-001
  0.46627091E-001
  0.46627031E-001
  0.46626973E-001
  0.46626918E-001
  0.46626865E-001
  0.46626815E-001
  0.46626767E-001
  0.46626723E-001
  0.46626681E-001
  0.46626641E-001
  0.46626605E-001
  0.46626570E-001
  0.46626539E-001
  0.46626510E-001
  0.46626484E-001
  0.46626460E-001
  0.46626439E-001
  0.46626420E-001
  0.46626403E-001
  0.46626388E-001
  0.46626376E-001
  0.46626364E-001
  0.46626355E-001
  0.46626348E-001
  0.46626342E-001
  0.46626337E-001
  0.46626334E-001
  0.46626331E-001
  0.46626330E-001
  0.46626330E-001
  0.46626330E-001
  0.46626331E-001
  0.46626333E-001
  0.46626334E-001
  0.46626337E-001
  0.46626340E-001
  0.46626342E-001
  0.46626345E-001
  0.46626348E-001
  0.46626351E-001
  0.46626353E-001
  0.46626356E-001
  0.46626358E-001
  0.46626360E-001
  0.46626361E-001
  0.46626362E-001
  0.46626363E-001
  0.46626363E-001
  0.46626363E-001
  0.46626362E-001
  0.46626361E-001
  0.46626360E-001
  0.46626358E-001
  0.46626357E-001
  0.46626356E-001
  0.46626356E-001
  0.46626362E-001
  0.46626355E-001
  0.46626327E-001
