  0.46109182E+000
  0.46089547E+000
  0.46072927E+000
  0.46059528E+000
  0.46048701E+000
  0.46039881E+000
  0.46032684E+000
  0.46026700E+000
  0.46021752E+000
  0.46017592E+000
  0.46013960E+000
  0.46011249E+000
  0.46008861E+000
  0.46006769E+000
  0.46005050E+000
  0.46003559E+000
  0.46002301E+000
  0.46001099E+000
  0.46000220E+000
  0.45999614E+000
  0.45998915E+000
  0.45998308E+000
  0.45997793E+000
  0.45997355E+000
  0.45997021E+000
  0.45996661E+000
  0.45996318E+000
  0.45996150E+000
  0.45995919E+000
  0.45995687E+000
  0.45995525E+000
  0.45995335E+000
  0.45995113E+000
  0.45994958E+000
  0.45994743E+000
  0.45994656E+000
  0.45994515E+000
  0.45994384E+000
  0.45994253E+000
  0.45994123E+000
  0.45993987E+000
  0.45993770E+000
  0.45993634E+000
  0.45993494E+000
  0.45993371E+000
  0.45993218E+000
  0.45993093E+000
  0.45992936E+000
  0.45992806E+000
  0.45992675E+000
  0.45992553E+000
  0.45992429E+000
  0.45992243E+000
  0.45992077E+000
  0.45991934E+000
  0.45991755E+000
  0.45991612E+000
  0.45991481E+000
  0.45991320E+000
  0.45991180E+000
  0.45991045E+000
  0.45990919E+000
  0.45990733E+000
  0.45990597E+000
  0.45990439E+000
  0.45990304E+000
  0.45990150E+000
  0.45990026E+000
  0.45989844E+000
  0.45989717E+000
  0.45989574E+000
  0.45989468E+000
  0.45989342E+000
  0.45989231E+000
  0.45989136E+000
  0.45989012E+000
  0.45988898E+000
  0.45988783E+000
  0.45988680E+000
  0.45988601E+000
  0.45988514E+000
  0.45988449E+000
  0.45988351E+000
  0.45988279E+000
  0.45988178E+000
  0.45988104E+000
  0.45988027E+000
  0.45987931E+000
  0.45987854E+000
  0.45987800E+000
  0.45987628E+000
  0.45987586E+000
  0.45987532E+000
  0.45987487E+000
  0.45987454E+000
  0.45987410E+000
  0.45987366E+000
  0.45987317E+000
  0.45987292E+000
  0.45987253E+000
  0.45987205E+000
  0.45987180E+000
  0.45987149E+000
  0.45987126E+000
  0.45987113E+000
  0.45987099E+000
  0.45987077E+000
  0.45987058E+000
  0.45987049E+000
  0.45987037E+000
  0.45987027E+000
  0.45987008E+000
  0.45986999E+000
  0.45986985E+000
  0.45986980E+000
  0.45986977E+000
  0.45986975E+000
  0.45986955E+000
  0.45986952E+000
  0.45986949E+000
  0.45986944E+000
  0.45986942E+000
  0.45986942E+000
  0.45986941E+000
  0.45986942E+000
  0.45986942E+000
  0.45986944E+000
  0.45986945E+000
  0.45986947E+000
  0.45986948E+000
  0.45986950E+000
  0.45986952E+000
  0.45986955E+000
  0.45986957E+000
  0.45986960E+000
  0.45986963E+000
  0.45986966E+000
  0.45986967E+000
  0.45986971E+000
  0.45986974E+000
  0.45986977E+000
  0.45986981E+000
  0.45986985E+000
  0.45986991E+000
  0.45986994E+000
  0.45986997E+000
  0.45986999E+000
  0.45987003E+000
  0.45987005E+000
  0.45987010E+000
  0.45987012E+000
  0.45987015E+000
  0.45987019E+000
  0.45987021E+000
  0.45987024E+000
  0.45987027E+000
  0.45987029E+000
  0.45987032E+000
  0.45987037E+000
  0.45987040E+000
  0.45987042E+000
  0.45987042E+000
  0.45987044E+000
  0.45987046E+000
  0.45987048E+000
  0.45987050E+000
  0.45987052E+000
  0.45987054E+000
  0.45987056E+000
  0.45987058E+000
  0.45987059E+000
  0.45987061E+000
  0.45987062E+000
  0.45987065E+000
  0.45987066E+000
  0.45987067E+000
  0.45987069E+000
  0.45987070E+000
  0.45987071E+000
  0.45987073E+000
  0.45987074E+000
  0.45987075E+000
  0.45987077E+000
  0.45987078E+000
  0.45987079E+000
  0.45987080E+000
  0.45987082E+000
  0.45987083E+000
  0.45987084E+000
  0.45987085E+000
  0.45987086E+000
  0.45987087E+000
  0.45987088E+000
  0.45987089E+000
  0.45987090E+000
  0.45987090E+000
  0.45987091E+000
  0.45987091E+000
  0.45987091E+000
  0.45987093E+000
