  0.35587164E+000
  0.35595424E+000
  0.35609429E+000
  0.35623458E+000
  0.35636027E+000
  0.35646924E+000
  0.35656357E+000
  0.35664424E+000
  0.35671342E+000
  0.35677246E+000
  0.35682375E+000
  0.35686798E+000
  0.35690553E+000
  0.35693802E+000
  0.35696633E+000
  0.35699020E+000
  0.35701173E+000
  0.35703125E+000
  0.35704668E+000
  0.35706160E+000
  0.35707286E+000
  0.35708343E+000
  0.35709168E+000
  0.35710043E+000
  0.35710777E+000
  0.35711471E+000
  0.35712092E+000
  0.35712657E+000
  0.35713144E+000
  0.35713584E+000
  0.35713991E+000
  0.35714365E+000
  0.35714714E+000
  0.35715024E+000
  0.35715324E+000
  0.35715621E+000
  0.35715885E+000
  0.35716140E+000
  0.35716382E+000
  0.35716610E+000
  0.35716820E+000
  0.35716998E+000
  0.35717202E+000
  0.35717499E+000
  0.35717682E+000
  0.35717869E+000
  0.35718045E+000
  0.35718220E+000
  0.35718386E+000
  0.35718549E+000
  0.35718713E+000
  0.35718868E+000
  0.35719022E+000
  0.35719170E+000
  0.35719314E+000
  0.35719449E+000
  0.35719597E+000
  0.35719728E+000
  0.35719859E+000
  0.35719987E+000
  0.35720101E+000
  0.35720281E+000
  0.35720396E+000
  0.35720502E+000
  0.35720617E+000
  0.35720751E+000
  0.35720865E+000
  0.35720968E+000
  0.35721073E+000
  0.35721167E+000
  0.35721256E+000
  0.35721296E+000
  0.35721381E+000
  0.35721459E+000
  0.35721548E+000
  0.35721600E+000
  0.35721655E+000
  0.35721730E+000
  0.35721695E+000
  0.35721763E+000
  0.35721826E+000
  0.35721909E+000
  0.35721979E+000
  0.35722060E+000
  0.35722115E+000
  0.35722171E+000
  0.35722212E+000
  0.35722265E+000
  0.35722271E+000
  0.35722317E+000
  0.35722358E+000
  0.35722403E+000
  0.35722448E+000
  0.35722486E+000
  0.35722525E+000
  0.35722566E+000
  0.35722599E+000
  0.35722632E+000
  0.35722662E+000
  0.35722690E+000
  0.35722717E+000
  0.35722742E+000
  0.35722760E+000
  0.35722773E+000
  0.35722791E+000
  0.35722812E+000
  0.35722833E+000
  0.35722843E+000
  0.35722856E+000
  0.35722872E+000
  0.35722888E+000
  0.35722902E+000
  0.35722913E+000
  0.35722924E+000
  0.35722935E+000
  0.35722943E+000
  0.35722952E+000
  0.35722961E+000
  0.35722968E+000
  0.35722975E+000
  0.35722982E+000
  0.35722988E+000
  0.35722993E+000
  0.35722998E+000
  0.35723002E+000
  0.35723007E+000
  0.35723011E+000
  0.35723015E+000
  0.35723019E+000
  0.35723022E+000
  0.35723025E+000
  0.35723028E+000
  0.35723031E+000
  0.35723033E+000
  0.35723036E+000
  0.35723038E+000
  0.35723040E+000
  0.35723042E+000
  0.35723044E+000
  0.35723047E+000
  0.35723049E+000
  0.35723051E+000
  0.35723052E+000
  0.35723054E+000
  0.35723056E+000
  0.35723058E+000
  0.35723060E+000
  0.35723061E+000
  0.35723063E+000
  0.35723065E+000
  0.35723067E+000
  0.35723069E+000
  0.35723071E+000
  0.35723073E+000
  0.35723073E+000
  0.35723075E+000
  0.35723077E+000
  0.35723078E+000
  0.35723081E+000
  0.35723083E+000
  0.35723084E+000
  0.35723086E+000
  0.35723088E+000
  0.35723090E+000
  0.35723091E+000
  0.35723093E+000
  0.35723095E+000
  0.35723096E+000
  0.35723098E+000
  0.35723099E+000
  0.35723101E+000
  0.35723102E+000
  0.35723104E+000
  0.35723105E+000
  0.35723107E+000
  0.35723108E+000
  0.35723110E+000
  0.35723111E+000
  0.35723112E+000
  0.35723113E+000
  0.35723115E+000
  0.35723116E+000
  0.35723117E+000
  0.35723118E+000
  0.35723119E+000
  0.35723120E+000
  0.35723122E+000
  0.35723123E+000
  0.35723124E+000
  0.35723125E+000
  0.35723126E+000
  0.35723127E+000
  0.35723128E+000
  0.35723129E+000
  0.35723130E+000
  0.35723130E+000
  0.35723131E+000
  0.35723132E+000
  0.35723133E+000
  0.35723134E+000
