  0.88684486E+000
  0.88681989E+000
  0.88680251E+000
  0.88679038E+000
  0.88678195E+000
  0.88677618E+000
  0.88677240E+000
  0.88677011E+000
  0.88676893E+000
  0.88676860E+000
  0.88676891E+000
  0.88676968E+000
  0.88677083E+000
  0.88677225E+000
  0.88677388E+000
  0.88677565E+000
  0.88677752E+000
  0.88677946E+000
  0.88678143E+000
  0.88678343E+000
  0.88678542E+000
  0.88678740E+000
  0.88678936E+000
  0.88679128E+000
  0.88679316E+000
  0.88679500E+000
  0.88679679E+000
  0.88679853E+000
  0.88680021E+000
  0.88680184E+000
  0.88680341E+000
  0.88680492E+000
  0.88680638E+000
  0.88680778E+000
  0.88680912E+000
  0.88681040E+000
  0.88681163E+000
  0.88681281E+000
  0.88681392E+000
  0.88681499E+000
  0.88681600E+000
  0.88681696E+000
  0.88681786E+000
  0.88681871E+000
  0.88681952E+000
  0.88682027E+000
  0.88682097E+000
  0.88682163E+000
  0.88682223E+000
  0.88682279E+000
  0.88682331E+000
  0.88682377E+000
  0.88682420E+000
  0.88682458E+000
  0.88682492E+000
  0.88682521E+000
  0.88682547E+000
  0.88682569E+000
  0.88682587E+000
  0.88682602E+000
  0.88682613E+000
  0.88682621E+000
  0.88682626E+000
  0.88682627E+000
  0.88682626E+000
  0.88682623E+000
  0.88682617E+000
  0.88682608E+000
  0.88682598E+000
  0.88682586E+000
  0.88682572E+000
  0.88682556E+000
  0.88682540E+000
  0.88682522E+000
  0.88682503E+000
  0.88682484E+000
  0.88682464E+000
  0.88682444E+000
  0.88682424E+000
  0.88682404E+000
  0.88682384E+000
  0.88682364E+000
  0.88682345E+000
  0.88682327E+000
  0.88682309E+000
  0.88682293E+000
  0.88682277E+000
  0.88682262E+000
  0.88682248E+000
  0.88682235E+000
  0.88682223E+000
  0.88682212E+000
  0.88682202E+000
  0.88682192E+000
  0.88682184E+000
  0.88682177E+000
  0.88682171E+000
  0.88682166E+000
  0.88682161E+000
  0.88682157E+000
  0.88682154E+000
  0.88682151E+000
  0.88682150E+000
  0.88682149E+000
  0.88682148E+000
  0.88682148E+000
  0.88682149E+000
  0.88682150E+000
  0.88682151E+000
  0.88682153E+000
  0.88682156E+000
  0.88682158E+000
  0.88682162E+000
  0.88682165E+000
  0.88682169E+000
  0.88682174E+000
  0.88682179E+000
  0.88682184E+000
  0.88682189E+000
  0.88682195E+000
  0.88682201E+000
  0.88682207E+000
  0.88682214E+000
  0.88682220E+000
  0.88682227E+000
  0.88682235E+000
  0.88682242E+000
  0.88682250E+000
  0.88682257E+000
  0.88682265E+000
  0.88682273E+000
  0.88682281E+000
  0.88682290E+000
  0.88682298E+000
  0.88682306E+000
  0.88682315E+000
  0.88682323E+000
  0.88682331E+000
  0.88682339E+000
  0.88682348E+000
  0.88682356E+000
  0.88682364E+000
  0.88682372E+000
  0.88682379E+000
  0.88682387E+000
  0.88682395E+000
  0.88682402E+000
  0.88682409E+000
  0.88682416E+000
  0.88682423E+000
  0.88682429E+000
  0.88682436E+000
  0.88682442E+000
  0.88682448E+000
  0.88682453E+000
  0.88682459E+000
  0.88682464E+000
  0.88682469E+000
  0.88682474E+000
  0.88682478E+000
  0.88682483E+000
  0.88682487E+000
  0.88682491E+000
  0.88682495E+000
  0.88682498E+000
  0.88682502E+000
  0.88682505E+000
  0.88682508E+000
  0.88682511E+000
  0.88682514E+000
  0.88682516E+000
  0.88682519E+000
  0.88682521E+000
  0.88682523E+000
  0.88682525E+000
  0.88682527E+000
  0.88682529E+000
  0.88682531E+000
  0.88682533E+000
  0.88682534E+000
  0.88682536E+000
  0.88682538E+000
  0.88682539E+000
  0.88682540E+000
  0.88682542E+000
  0.88682543E+000
  0.88682544E+000
  0.88682545E+000
  0.88682547E+000
  0.88682548E+000
  0.88682549E+000
  0.88682550E+000
  0.88682551E+000
  0.88682551E+000
  0.88682552E+000
  0.88682553E+000
  0.88682554E+000
  0.88682555E+000
  0.88682555E+000
  0.88682556E+000
