  0.31146212E+000  0.34397643E+000  0.45428833E+000  0.60044992E+000  0.79394691E+000  0.88831900E+000  0.11900364E+001  0.18628568E+001  0.26160683E+001  0.43753811E+001  0.81244615E+001
  0.31079489E+000  0.34377745E+000  0.45393595E+000  0.59937615E+000  0.79365244E+000  0.88759011E+000  0.11893975E+001  0.18617774E+001  0.26153675E+001  0.43747355E+001  0.81233101E+001
  0.31025729E+000  0.34360848E+000  0.45373369E+000  0.59852737E+000  0.79310515E+000  0.88704235E+000  0.11888492E+001  0.18610103E+001  0.26149723E+001  0.43741300E+001  0.81203289E+001
  0.30981359E+000  0.34346516E+000  0.45352842E+000  0.59785455E+000  0.79278232E+000  0.88657166E+000  0.11896934E+001  0.18602739E+001  0.26145604E+001  0.43736122E+001  0.81237966E+001
  0.30946868E+000  0.34334368E+000  0.45338066E+000  0.59731412E+000  0.79252682E+000  0.88618644E+000  0.11887234E+001  0.18596843E+001  0.26142791E+001  0.43732004E+001  0.81224366E+001
  0.30917815E+000  0.34323389E+000  0.45319554E+000  0.59687744E+000  0.79253025E+000  0.88586801E+000  0.11878361E+001  0.18591678E+001  0.26139398E+001  0.43728685E+001  0.81209372E+001
  0.30893279E+000  0.34307370E+000  0.45310171E+000  0.59652118E+000  0.79240625E+000  0.88560076E+000  0.11872685E+001  0.18587316E+001  0.26137683E+001  0.43725953E+001  0.81197462E+001
  0.30873888E+000  0.34300747E+000  0.45294818E+000  0.59616457E+000  0.79223024E+000  0.88538101E+000  0.11874135E+001  0.18583501E+001  0.26135428E+001  0.43724662E+001  0.81211205E+001
  0.30857281E+000  0.34295125E+000  0.45287844E+000  0.59598607E+000  0.79208464E+000  0.88515744E+000  0.11868742E+001  0.18580476E+001  0.26134164E+001  0.43722169E+001  0.81202765E+001
  0.30843366E+000  0.34290357E+000  0.45282354E+000  0.59578464E+000  0.79195642E+000  0.88501688E+000  0.11865345E+001  0.18577912E+001  0.26130578E+001  0.43720291E+001  0.81195938E+001
  0.30831779E+000  0.34286315E+000  0.45273959E+000  0.59561852E+000  0.79184991E+000  0.88489865E+000  0.11863347E+001  0.18575612E+001  0.26131614E+001  0.43719009E+001  0.81190381E+001
  0.30821969E+000  0.34282892E+000  0.45269051E+000  0.59547816E+000  0.79176176E+000  0.88479986E+000  0.11862219E+001  0.18573720E+001  0.26129879E+001  0.43718920E+001  0.81185833E+001
  0.30813777E+000  0.34279996E+000  0.45264903E+000  0.59536194E+000  0.79167643E+000  0.88471697E+000  0.11860977E+001  0.18572167E+001  0.26128508E+001  0.43717987E+001  0.81182092E+001
  0.30806858E+000  0.34277549E+000  0.45261401E+000  0.59526410E+000  0.79161915E+000  0.88463580E+000  0.11860111E+001  0.18570855E+001  0.26127418E+001  0.43717070E+001  0.81179001E+001
  0.30800910E+000  0.34275485E+000  0.45258449E+000  0.59518283E+000  0.79147224E+000  0.88457772E+000  0.11859418E+001  0.18569732E+001  0.26127841E+001  0.43716245E+001  0.81176439E+001
  0.30796192E+000  0.34273748E+000  0.45255965E+000  0.59511463E+000  0.79131541E+000  0.88451734E+000  0.11858731E+001  0.18568688E+001  0.26126604E+001  0.43715575E+001  0.81174309E+001
  0.30791871E+000  0.34264165E+000  0.45253880E+000  0.59505787E+000  0.79127113E+000  0.88447675E+000  0.11857823E+001  0.18567909E+001  0.26126214E+001  0.43715029E+001  0.81172535E+001
  0.30788657E+000  0.34262930E+000  0.45252189E+000  0.59492386E+000  0.79123428E+000  0.88444312E+000  0.11857125E+001  0.18567258E+001  0.26125942E+001  0.43714888E+001  0.81171057E+001
  0.30785787E+000  0.34261897E+000  0.45250683E+000  0.59497057E+000  0.79120369E+000  0.88440325E+000  0.11856312E+001  0.18566715E+001  0.26125716E+001  0.43714487E+001  0.81169824E+001
  0.30783373E+000  0.34261036E+000  0.45242076E+000  0.59485086E+000  0.79117838E+000  0.88438016E+000  0.11855674E+001  0.18566266E+001  0.26125530E+001  0.43714160E+001  0.81168797E+001
  0.30781365E+000  0.34260322E+000  0.45241078E+000  0.59491008E+000  0.79050087E+000  0.88436127E+000  0.11855147E+001  0.18565897E+001  0.26125377E+001  0.43713894E+001  0.81167942E+001
  0.30779702E+000  0.34259734E+000  0.45240430E+000  0.59488760E+000  0.79047765E+000  0.88434585E+000  0.11854559E+001  0.18565595E+001  0.26125252E+001  0.43713678E+001  0.81167231E+001
  0.30778316E+000  0.34259255E+000  0.45239904E+000  0.59486894E+000  0.79045852E+000  0.88433344E+000  0.11854274E+001  0.18565352E+001  0.26125153E+001  0.43713504E+001  0.81166640E+001
  0.30777175E+000  0.34258867E+000  0.45239484E+000  0.59485368E+000  0.79044294E+000  0.88432357E+000  0.11854027E+001  0.18565158E+001  0.26125075E+001  0.43713365E+001  0.81166152E+001
  0.30776242E+000  0.34258558E+000  0.45239152E+000  0.59484130E+000  0.79043055E+000  0.88431583E+000  0.11853527E+001  0.18564983E+001  0.26125014E+001  0.43713255E+001  0.81165890E+001
  0.30775478E+000  0.34258316E+000  0.45238895E+000  0.59483124E+000  0.79042067E+000  0.88430991E+000  0.11853371E+001  0.18564870E+001  0.26124969E+001  0.43713169E+001  0.81165768E+001
  0.30774863E+000  0.34258132E+000  0.45238704E+000  0.59482322E+000  0.79041285E+000  0.88429308E+000  0.11853252E+001  0.18564787E+001  0.26124938E+001  0.43713103E+001  0.81165666E+001
  0.30774370E+000  0.34257996E+000  0.45238567E+000  0.59481687E+000  0.79040675E+000  0.88428988E+000  0.11853164E+001  0.18564729E+001  0.26124917E+001  0.43713054E+001  0.81165579E+001
  0.30773980E+000  0.34257901E+000  0.45238476E+000  0.59481193E+000  0.79040207E+000  0.88428776E+000  0.11853101E+001  0.18564692E+001  0.26124906E+001  0.43713019E+001  0.81165506E+001
  0.30773676E+000  0.34257841E+000  0.45238424E+000  0.59480814E+000  0.79039856E+000  0.88428657E+000  0.11853059E+001  0.18564675E+001  0.26124904E+001  0.43713089E+001  0.81165445E+001
  0.30773445E+000  0.34257811E+000  0.45238405E+000  0.59480534E+000  0.79039603E+000  0.88428615E+000  0.11853035E+001  0.18564672E+001  0.26124908E+001  0.43713072E+001  0.81165392E+001
  0.30773274E+000  0.34257806E+000  0.45238414E+000  0.59480334E+000  0.79039431E+000  0.88428637E+000  0.11853024E+001  0.18564683E+001  0.26124918E+001  0.43713062E+001  0.81165347E+001
  0.30773152E+000  0.34257821E+000  0.45238446E+000  0.59480201E+000  0.79039326E+000  0.88428714E+000  0.11853026E+001  0.18564705E+001  0.26124933E+001  0.43713060E+001  0.81165308E+001
  0.30773071E+000  0.34257854E+000  0.45238497E+000  0.59480123E+000  0.79039277E+000  0.88428836E+000  0.11852667E+001  0.18564736E+001  0.26124952E+001  0.43713064E+001  0.81165274E+001
  0.30773025E+000  0.34257902E+000  0.45238564E+000  0.59480091E+000  0.79039274E+000  0.88428996E+000  0.11852672E+001  0.18564776E+001  0.26124975E+001  0.43713073E+001  0.81165244E+001
  0.30773006E+000  0.34257961E+000  0.45238644E+000  0.59480096E+000  0.79039310E+000  0.88429189E+000  0.11852683E+001  0.18564822E+001  0.26125000E+001  0.43713086E+001  0.81165216E+001
  0.30773010E+000  0.34258031E+000  0.45238735E+000  0.59480133E+000  0.79039380E+000  0.88429407E+000  0.11852698E+001  0.18564873E+001  0.26125029E+001  0.43713102E+001  0.81165191E+001
  0.30773032E+000  0.34258109E+000  0.45238835E+000  0.59480194E+000  0.79039476E+000  0.88429649E+000  0.11852709E+001  0.18564929E+001  0.26125059E+001  0.43713120E+001  0.81165167E+001
  0.30773069E+000  0.34258194E+000  0.45238942E+000  0.59480277E+000  0.79039596E+000  0.88429910E+000  0.11852733E+001  0.18564990E+001  0.26125092E+001  0.43713141E+001  0.81165144E+001
  0.30773119E+000  0.34258285E+000  0.45239055E+000  0.59480378E+000  0.79039736E+000  0.88430187E+000  0.11852767E+001  0.18565054E+001  0.26125126E+001  0.43713164E+001  0.81165122E+001
  0.30773179E+000  0.34258381E+000  0.45239174E+000  0.59480494E+000  0.79039893E+000  0.88430479E+000  0.11852796E+001  0.18565121E+001  0.26125161E+001  0.43713188E+001  0.81165100E+001
  0.30773247E+000  0.34258480E+000  0.45239297E+000  0.59480622E+000  0.79040065E+000  0.88430784E+000  0.11852827E+001  0.18565190E+001  0.26125198E+001  0.43713213E+001  0.81165078E+001
  0.30773323E+000  0.34258583E+000  0.45239423E+000  0.59480763E+000  0.79040249E+000  0.88431099E+000  0.11852860E+001  0.18565260E+001  0.26125236E+001  0.43713239E+001  0.81165056E+001
  0.30773404E+000  0.34258689E+000  0.45239553E+000  0.59480913E+000  0.79040444E+000  0.88431424E+000  0.11852895E+001  0.18565336E+001  0.26125275E+001  0.43713265E+001  0.81165034E+001
  0.30773490E+000  0.34258798E+000  0.45239685E+000  0.59481071E+000  0.79040648E+000  0.88431759E+000  0.11852931E+001  0.18565514E+001  0.26125315E+001  0.43713293E+001  0.81165011E+001
  0.30773581E+000  0.34258908E+000  0.45239820E+000  0.59481238E+000  0.79040861E+000  0.88432102E+000  0.11852969E+001  0.18565831E+001  0.26125355E+001  0.43713321E+001  0.81164989E+001
  0.30773676E+000  0.34259020E+000  0.45239956E+000  0.59481414E+000  0.79041081E+000  0.88432453E+000  0.11853007E+001  0.18567768E+001  0.26125397E+001  0.43713349E+001  0.81164965E+001
  0.30773775E+000  0.34259134E+000  0.45240094E+000  0.59481595E+000  0.79041308E+000  0.88432811E+000  0.11853047E+001  0.18568308E+001  0.26125439E+001  0.43713378E+001  0.81164941E+001
  0.30773877E+000  0.34259249E+000  0.45240233E+000  0.59481785E+000  0.79041541E+000  0.88433176E+000  0.11853089E+001  0.18568785E+001  0.26125482E+001  0.43713407E+001  0.81164917E+001
  0.30773982E+000  0.34259366E+000  0.45240374E+000  0.59481980E+000  0.79041778E+000  0.88433547E+000  0.11853132E+001  0.18569353E+001  0.26125526E+001  0.43713436E+001  0.81164892E+001
  0.30774090E+000  0.34259483E+000  0.45240516E+000  0.59482181E+000  0.79042021E+000  0.88433924E+000  0.11852839E+001  0.18569448E+001  0.26125570E+001  0.43713466E+001  0.81164867E+001
  0.30774201E+000  0.34259602E+000  0.45240659E+000  0.59482389E+000  0.79042267E+000  0.88434306E+000  0.11852453E+001  0.18569546E+001  0.26125615E+001  0.43713495E+001  0.81164841E+001
  0.30774314E+000  0.34259721E+000  0.45240803E+000  0.59482602E+000  0.79042517E+000  0.88434692E+000  0.11852405E+001  0.18569648E+001  0.26125660E+001  0.43713525E+001  0.81164815E+001
  0.30774429E+000  0.34259841E+000  0.45240948E+000  0.59482820E+000  0.79042771E+000  0.88436477E+000  0.11850745E+001  0.18569752E+001  0.26125705E+001  0.43713555E+001  0.81164788E+001
  0.30774547E+000  0.34259962E+000  0.45241093E+000  0.59483042E+000  0.79043027E+000  0.88436873E+000  0.11850740E+001  0.18569860E+001  0.26125751E+001  0.43713585E+001  0.81164761E+001
  0.30774666E+000  0.34260083E+000  0.45241238E+000  0.59483269E+000  0.79043285E+000  0.88437272E+000  0.11850788E+001  0.18569971E+001  0.26125797E+001  0.43713615E+001  0.81164734E+001
  0.30774666E+000  0.34260205E+000  0.45241384E+000  0.59483500E+000  0.79043545E+000  0.88437673E+000  0.11850836E+001  0.18570118E+001  0.26125844E+001  0.43713646E+001  0.81164706E+001
  0.30774786E+000  0.34260327E+000  0.45241530E+000  0.59483734E+000  0.79043807E+000  0.88438077E+000  0.11850883E+001  0.18570266E+001  0.26125890E+001  0.43713676E+001  0.81164679E+001
  0.30774907E+000  0.34260449E+000  0.45241676E+000  0.59483971E+000  0.79044071E+000  0.88438482E+000  0.11850931E+001  0.18570412E+001  0.26125937E+001  0.43713706E+001  0.81164651E+001
  0.30775030E+000  0.34260571E+000  0.45241821E+000  0.59484211E+000  0.79044335E+000  0.88438888E+000  0.11850978E+001  0.18570557E+001  0.26125983E+001  0.43713736E+001  0.81164623E+001
  0.30775153E+000  0.34260692E+000  0.45241967E+000  0.59484453E+000  0.79044600E+000  0.88439294E+000  0.11851026E+001  0.18570699E+001  0.26126030E+001  0.43713766E+001  0.81164595E+001
  0.30775277E+000  0.34260814E+000  0.45242111E+000  0.59477727E+000  0.79044865E+000  0.88439700E+000  0.11851073E+001  0.18570839E+001  0.26126077E+001  0.43713796E+001  0.81164566E+001
  0.30775401E+000  0.34260935E+000  0.45242256E+000  0.59477941E+000  0.79045131E+000  0.88440105E+000  0.11851121E+001  0.18570978E+001  0.26126123E+001  0.43713826E+001  0.81164538E+001
  0.30775525E+000  0.34261056E+000  0.45242399E+000  0.59478155E+000  0.79045396E+000  0.88440508E+000  0.11851168E+001  0.18571113E+001  0.26126169E+001  0.43713855E+001  0.81164510E+001
  0.30775649E+000  0.34261176E+000  0.45242542E+000  0.59478367E+000  0.79045661E+000  0.88440910E+000  0.11851216E+001  0.18571247E+001  0.26126215E+001  0.43713884E+001  0.81164483E+001
  0.30775772E+000  0.34261296E+000  0.45242684E+000  0.59478578E+000  0.79045925E+000  0.88441309E+000  0.11851264E+001  0.18571377E+001  0.26126260E+001  0.43713913E+001  0.81164455E+001
  0.30775895E+000  0.34261415E+000  0.45242825E+000  0.59478786E+000  0.79046188E+000  0.88441705E+000  0.11851311E+001  0.18571505E+001  0.26126305E+001  0.43713941E+001  0.81164428E+001
  0.30776018E+000  0.34261533E+000  0.45242964E+000  0.59478993E+000  0.79046450E+000  0.88442097E+000  0.11851359E+001  0.18571630E+001  0.26126350E+001  0.43713970E+001  0.81164401E+001
  0.30776139E+000  0.34261649E+000  0.45243103E+000  0.59479197E+000  0.79046710E+000  0.88442485E+000  0.11851407E+001  0.18571752E+001  0.26126394E+001  0.43713997E+001  0.81164374E+001
  0.30776259E+000  0.34261765E+000  0.45243239E+000  0.59479398E+000  0.79046968E+000  0.88442868E+000  0.11851454E+001  0.18571871E+001  0.26126437E+001  0.43714025E+001  0.81164348E+001
  0.30776378E+000  0.34261880E+000  0.45243375E+000  0.59479596E+000  0.79047224E+000  0.88443245E+000  0.11851501E+001  0.18571987E+001  0.26126479E+001  0.43714052E+001  0.81164322E+001
  0.30776495E+000  0.34261993E+000  0.45243509E+000  0.59487113E+000  0.79047477E+000  0.88443617E+000  0.11851548E+001  0.18572100E+001  0.26126521E+001  0.43714078E+001  0.81164297E+001
  0.30776610E+000  0.34262104E+000  0.45243641E+000  0.59487342E+000  0.79047727E+000  0.88443982E+000  0.11851595E+001  0.18572209E+001  0.26126562E+001  0.43714104E+001  0.81164273E+001
  0.30776724E+000  0.34262214E+000  0.45243771E+000  0.59487567E+000  0.79047975E+000  0.88444340E+000  0.11851642E+001  0.18572314E+001  0.26126602E+001  0.43714129E+001  0.81164249E+001
  0.30776835E+000  0.34262322E+000  0.45243899E+000  0.59487788E+000  0.79048218E+000  0.88444690E+000  0.11851687E+001  0.18572382E+001  0.26126641E+001  0.43714873E+001  0.81164225E+001
  0.30777102E+000  0.34262428E+000  0.45252146E+000  0.59488004E+000  0.79048457E+000  0.88445032E+000  0.11851733E+001  0.18572465E+001  0.26126679E+001  0.43714903E+001  0.81164203E+001
  0.30777210E+000  0.34262532E+000  0.45252294E+000  0.59488214E+000  0.79048692E+000  0.88445365E+000  0.11851778E+001  0.18573923E+001  0.26126716E+001  0.43714933E+001  0.81164181E+001
  0.30777315E+000  0.34262634E+000  0.45252439E+000  0.59488418E+000  0.79048923E+000  0.88445690E+000  0.11851961E+001  0.18573947E+001  0.26126752E+001  0.43714964E+001  0.81164160E+001
  0.30777417E+000  0.34262733E+000  0.45252580E+000  0.59488617E+000  0.79049147E+000  0.88446005E+000  0.11852004E+001  0.18573976E+001  0.26126787E+001  0.43714994E+001  0.81164140E+001
  0.30777515E+000  0.34262830E+000  0.45252717E+000  0.59488809E+000  0.79049367E+000  0.88446309E+000  0.11852047E+001  0.18574010E+001  0.26126820E+001  0.43715023E+001  0.81164121E+001
  0.30777611E+000  0.34262924E+000  0.45252850E+000  0.59488995E+000  0.79049580E+000  0.88446604E+000  0.11852088E+001  0.18574047E+001  0.26126853E+001  0.43715052E+001  0.81164103E+001
  0.30777703E+000  0.34263015E+000  0.45252978E+000  0.59489173E+000  0.79049787E+000  0.88446888E+000  0.11852128E+001  0.18574087E+001  0.26126884E+001  0.43715079E+001  0.81164085E+001
  0.30777792E+000  0.34263104E+000  0.45253102E+000  0.59489345E+000  0.79049987E+000  0.88447162E+000  0.11852167E+001  0.18574130E+001  0.26126914E+001  0.43718799E+001  0.81164068E+001
  0.30777877E+000  0.34263189E+000  0.45253221E+000  0.59489509E+000  0.79050180E+000  0.88447424E+000  0.11852204E+001  0.18574175E+001  0.26126943E+001  0.43718989E+001  0.81164053E+001
  0.30777958E+000  0.34263271E+000  0.45253335E+000  0.59489667E+000  0.79050366E+000  0.88447675E+000  0.11852243E+001  0.18574221E+001  0.26126970E+001  0.43719168E+001  0.81164037E+001
  0.30778037E+000  0.34263350E+000  0.45253445E+000  0.59489817E+000  0.79050544E+000  0.88447915E+000  0.11852278E+001  0.18574269E+001  0.26126997E+001  0.43719337E+001  0.81164023E+001
  0.30778111E+000  0.34263425E+000  0.45253550E+000  0.59489960E+000  0.79050715E+000  0.88448144E+000  0.11852311E+001  0.18574316E+001  0.26127022E+001  0.43719495E+001  0.81164010E+001
  0.30778182E+000  0.34263497E+000  0.45253650E+000  0.59490096E+000  0.79050878E+000  0.88448362E+000  0.11852342E+001  0.18574364E+001  0.26127046E+001  0.43719643E+001  0.81163997E+001
  0.30778249E+000  0.34263566E+000  0.45253744E+000  0.59490225E+000  0.79051034E+000  0.88448568E+000  0.11852372E+001  0.18574411E+001  0.26127068E+001  0.43719782E+001  0.81163985E+001
  0.30778313E+000  0.34263631E+000  0.45253835E+000  0.59490347E+000  0.79051182E+000  0.88448764E+000  0.11852401E+001  0.18574458E+001  0.26127090E+001  0.43719912E+001  0.81163974E+001
  0.30778373E+000  0.34263693E+000  0.45253920E+000  0.59490462E+000  0.79051322E+000  0.88448949E+000  0.11852428E+001  0.18574503E+001  0.26127116E+001  0.43720032E+001  0.81163964E+001
  0.30778430E+000  0.34263752E+000  0.45254000E+000  0.59490571E+000  0.79051455E+000  0.88449123E+000  0.11852454E+001  0.18574547E+001  0.26127164E+001  0.43720145E+001  0.81163954E+001
  0.30778484E+000  0.34263807E+000  0.45254076E+000  0.59490673E+000  0.79051580E+000  0.88449287E+000  0.11852478E+001  0.18574590E+001  0.26127209E+001  0.43720249E+001  0.81163945E+001
  0.30778534E+000  0.34263859E+000  0.45254147E+000  0.59490769E+000  0.79051697E+000  0.88449440E+000  0.11852501E+001  0.18574630E+001  0.26127252E+001  0.43720346E+001  0.81163937E+001
  0.30778582E+000  0.34263908E+000  0.45254214E+000  0.59490859E+000  0.79051808E+000  0.88449584E+000  0.11852522E+001  0.18574669E+001  0.26127291E+001  0.43720436E+001  0.81163929E+001
  0.30778626E+000  0.34263953E+000  0.45254277E+000  0.59490943E+000  0.79051912E+000  0.88449719E+000  0.11852542E+001  0.18574706E+001  0.26127329E+001  0.43720518E+001  0.81163922E+001
  0.30778667E+000  0.34263996E+000  0.45254335E+000  0.59491021E+000  0.79052009E+000  0.88449844E+000  0.11852561E+001  0.18574740E+001  0.26127363E+001  0.43720595E+001  0.81163915E+001
  0.30778706E+000  0.34264036E+000  0.45254389E+000  0.59491094E+000  0.79052099E+000  0.88449960E+000  0.11852578E+001  0.18574773E+001  0.26127395E+001  0.43720665E+001  0.81163909E+001
  0.30778742E+000  0.34264073E+000  0.45254439E+000  0.59491162E+000  0.79052183E+000  0.88450069E+000  0.11852595E+001  0.18574802E+001  0.26127425E+001  0.43720730E+001  0.81163904E+001
  0.30778775E+000  0.34264107E+000  0.45254486E+000  0.59491225E+000  0.79052262E+000  0.88450169E+000  0.11852610E+001  0.18574830E+001  0.26127453E+001  0.43720789E+001  0.81163899E+001
  0.30778806E+000  0.34264139E+000  0.45254529E+000  0.59491284E+000  0.79052334E+000  0.88450261E+000  0.11852624E+001  0.18574855E+001  0.26127478E+001  0.43720842E+001  0.81163894E+001
  0.30778834E+000  0.34264168E+000  0.45254569E+000  0.59491337E+000  0.79052401E+000  0.88450346E+000  0.11852637E+001  0.18574878E+001  0.26127501E+001  0.43720891E+001  0.81163890E+001
  0.30778861E+000  0.34264195E+000  0.45254606E+000  0.59491387E+000  0.79052463E+000  0.88450425E+000  0.11852648E+001  0.18574899E+001  0.26127523E+001  0.43720936E+001  0.81163886E+001
  0.30778885E+000  0.34264220E+000  0.45254640E+000  0.59491433E+000  0.79052520E+000  0.88450496E+000  0.11852659E+001  0.18574917E+001  0.26127543E+001  0.43720976E+001  0.81163883E+001
  0.30778907E+000  0.34264242E+000  0.45254670E+000  0.59491475E+000  0.79052573E+000  0.88450562E+000  0.11852669E+001  0.18574933E+001  0.26127560E+001  0.43721012E+001  0.81163880E+001
  0.30778927E+000  0.34264263E+000  0.45254698E+000  0.59491513E+000  0.79052621E+000  0.88450622E+000  0.11852678E+001  0.18574947E+001  0.26127577E+001  0.43721044E+001  0.81163878E+001
  0.30778946E+000  0.34264282E+000  0.45254724E+000  0.59491548E+000  0.79052665E+000  0.88450676E+000  0.11852687E+001  0.18574960E+001  0.26127592E+001  0.43721073E+001  0.81163875E+001
  0.30778963E+000  0.34264299E+000  0.45254747E+000  0.59491580E+000  0.79052705E+000  0.88450725E+000  0.11852694E+001  0.18574970E+001  0.26127605E+001  0.43721098E+001  0.81163873E+001
  0.30778978E+000  0.34264315E+000  0.45254768E+000  0.59491608E+000  0.79052741E+000  0.88450769E+000  0.11852701E+001  0.18574979E+001  0.26127617E+001  0.43721120E+001  0.81163872E+001
  0.30778992E+000  0.34264329E+000  0.45254787E+000  0.59491635E+000  0.79052774E+000  0.88450809E+000  0.11852707E+001  0.18574986E+001  0.26127628E+001  0.43721139E+001  0.81163870E+001
  0.30779005E+000  0.34264342E+000  0.45254804E+000  0.59491658E+000  0.79052804E+000  0.88450845E+000  0.11852712E+001  0.18574992E+001  0.26127637E+001  0.43721155E+001  0.81163869E+001
  0.30779016E+000  0.34264353E+000  0.45254820E+000  0.59491679E+000  0.79052831E+000  0.88450877E+000  0.11852717E+001  0.18574996E+001  0.26127646E+001  0.43721169E+001  0.81163868E+001
  0.30779026E+000  0.34264363E+000  0.45254833E+000  0.59491698E+000  0.79052856E+000  0.88450905E+000  0.11852722E+001  0.18574999E+001  0.26127653E+001  0.43721181E+001  0.81163868E+001
  0.30779035E+000  0.34264372E+000  0.45254845E+000  0.59491715E+000  0.79052877E+000  0.88450930E+000  0.11852726E+001  0.18575000E+001  0.26127660E+001  0.43721190E+001  0.81163867E+001
  0.30779043E+000  0.34264380E+000  0.45254856E+000  0.59491730E+000  0.79052897E+000  0.88450952E+000  0.11852729E+001  0.18575001E+001  0.26127666E+001  0.43721197E+001  0.81163867E+001
  0.30779050E+000  0.34264387E+000  0.45254865E+000  0.59491744E+000  0.79052914E+000  0.88450971E+000  0.11852732E+001  0.18575001E+001  0.26127671E+001  0.43721202E+001  0.81163867E+001
  0.30779056E+000  0.34264393E+000  0.45254874E+000  0.59491755E+000  0.79052929E+000  0.88450987E+000  0.11852735E+001  0.18574999E+001  0.26127675E+001  0.43721206E+001  0.81163867E+001
  0.30779062E+000  0.34264398E+000  0.45254881E+000  0.59491765E+000  0.79052943E+000  0.88451001E+000  0.11852737E+001  0.18574997E+001  0.26127678E+001  0.43721208E+001  0.81163867E+001
  0.30779067E+000  0.34264403E+000  0.45254887E+000  0.59491774E+000  0.79052955E+000  0.88451013E+000  0.11852739E+001  0.18574995E+001  0.26127681E+001  0.43721208E+001  0.81163867E+001
  0.30779071E+000  0.34264407E+000  0.45254892E+000  0.59491782E+000  0.79052965E+000  0.88451023E+000  0.11852741E+001  0.18574992E+001  0.26127684E+001  0.43721207E+001  0.81163867E+001
  0.30779074E+000  0.34264410E+000  0.45254896E+000  0.59491788E+000  0.79052974E+000  0.88451031E+000  0.11852742E+001  0.18574988E+001  0.26127686E+001  0.43721204E+001  0.81163867E+001
  0.30779077E+000  0.34264412E+000  0.45254900E+000  0.59491794E+000  0.79052981E+000  0.88451037E+000  0.11852743E+001  0.18574984E+001  0.26127687E+001  0.43721200E+001  0.81163868E+001
  0.30779080E+000  0.34264414E+000  0.45254903E+000  0.59491798E+000  0.79052988E+000  0.88451042E+000  0.11852744E+001  0.18574979E+001  0.26127688E+001  0.43721195E+001  0.81163868E+001
  0.30779082E+000  0.34264416E+000  0.45254905E+000  0.59491802E+000  0.79052993E+000  0.88451046E+000  0.11852745E+001  0.18574975E+001  0.26127689E+001  0.43721190E+001  0.81163869E+001
  0.30779083E+000  0.34264417E+000  0.45254906E+000  0.59491805E+000  0.79052997E+000  0.88451048E+000  0.11852745E+001  0.18574970E+001  0.26127689E+001  0.43721183E+001  0.81163869E+001
  0.30779085E+000  0.34264418E+000  0.45254908E+000  0.59491807E+000  0.79053001E+000  0.88451049E+000  0.11852745E+001  0.18574965E+001  0.26127689E+001  0.43721175E+001  0.81163870E+001
  0.30779086E+000  0.34264418E+000  0.45254908E+000  0.59491808E+000  0.79053004E+000  0.88451049E+000  0.11852746E+001  0.18574960E+001  0.26127689E+001  0.43721167E+001  0.81163871E+001
  0.30779086E+000  0.34264418E+000  0.45254909E+000  0.59491809E+000  0.79053005E+000  0.88451048E+000  0.11852746E+001  0.18574954E+001  0.26127689E+001  0.43721158E+001  0.81163872E+001
  0.30779086E+000  0.34264418E+000  0.45254909E+000  0.59491810E+000  0.79053007E+000  0.88451047E+000  0.11852746E+001  0.18574949E+001  0.26127688E+001  0.43721148E+001  0.81163872E+001
  0.30779087E+000  0.34264418E+000  0.45254908E+000  0.59491810E+000  0.79053007E+000  0.88451045E+000  0.11852745E+001  0.18574944E+001  0.26127687E+001  0.43721138E+001  0.81163873E+001
  0.30779086E+000  0.34264417E+000  0.45254907E+000  0.59491809E+000  0.79053008E+000  0.88451042E+000  0.11852745E+001  0.18574939E+001  0.26127686E+001  0.43721127E+001  0.81163874E+001
  0.30779086E+000  0.34264416E+000  0.45254907E+000  0.59491809E+000  0.79053007E+000  0.88451039E+000  0.11852745E+001  0.18574934E+001  0.26127685E+001  0.43721116E+001  0.81163874E+001
  0.30779086E+000  0.34264415E+000  0.45254905E+000  0.59491807E+000  0.79053007E+000  0.88451035E+000  0.11852744E+001  0.18574930E+001  0.26127684E+001  0.43721105E+001  0.81163875E+001
  0.30779085E+000  0.34264414E+000  0.45254904E+000  0.59491806E+000  0.79053005E+000  0.88451031E+000  0.11852744E+001  0.18574925E+001  0.26127682E+001  0.43721093E+001  0.81163876E+001
  0.30779084E+000  0.34264413E+000  0.45254903E+000  0.59491805E+000  0.79053004E+000  0.88451027E+000  0.11852743E+001  0.18574921E+001  0.26127681E+001  0.43721081E+001  0.81163877E+001
  0.30779083E+000  0.34264412E+000  0.45254901E+000  0.59491803E+000  0.79053002E+000  0.88451022E+000  0.11852743E+001  0.18574917E+001  0.26127680E+001  0.43721069E+001  0.81163877E+001
  0.30779082E+000  0.34264410E+000  0.45254900E+000  0.59491801E+000  0.79053000E+000  0.88451017E+000  0.11852742E+001  0.18574913E+001  0.26127678E+001  0.43721057E+001  0.81163878E+001
  0.30779081E+000  0.34264409E+000  0.45254898E+000  0.59491799E+000  0.79052998E+000  0.88451012E+000  0.11852742E+001  0.18574910E+001  0.26127676E+001  0.43721044E+001  0.81163879E+001
  0.30779080E+000  0.34264408E+000  0.45254896E+000  0.59491796E+000  0.79052995E+000  0.88451007E+000  0.11852741E+001  0.18574907E+001  0.26127675E+001  0.43721032E+001  0.81163879E+001
  0.30779079E+000  0.34264406E+000  0.45254894E+000  0.59491794E+000  0.79052993E+000  0.88451001E+000  0.11852740E+001  0.18574904E+001  0.26127673E+001  0.43721019E+001  0.81163880E+001
  0.30779078E+000  0.34264404E+000  0.45254892E+000  0.59491792E+000  0.79052990E+000  0.88450996E+000  0.11852740E+001  0.18574901E+001  0.26127672E+001  0.43721007E+001  0.81163881E+001
  0.30779077E+000  0.34264403E+000  0.45254890E+000  0.59491789E+000  0.79052987E+000  0.88450991E+000  0.11852739E+001  0.18574899E+001  0.26127670E+001  0.43720995E+001  0.81163881E+001
  0.30779076E+000  0.34264401E+000  0.45254888E+000  0.59491787E+000  0.79052984E+000  0.88450985E+000  0.11852738E+001  0.18574897E+001  0.26127669E+001  0.43720983E+001  0.81163882E+001
  0.30779074E+000  0.34264400E+000  0.45254886E+000  0.59491784E+000  0.79052981E+000  0.88450980E+000  0.11852738E+001  0.18574896E+001  0.26127667E+001  0.43720971E+001  0.81163882E+001
  0.30779073E+000  0.34264398E+000  0.45254885E+000  0.59491782E+000  0.79052978E+000  0.88450975E+000  0.11852737E+001  0.18574894E+001  0.26127666E+001  0.43720959E+001  0.81163883E+001
  0.30779072E+000  0.34264397E+000  0.45254883E+000  0.59491779E+000  0.79052974E+000  0.88450970E+000  0.11852737E+001  0.18574893E+001  0.26127664E+001  0.43720948E+001  0.81163883E+001
  0.30779071E+000  0.34264395E+000  0.45254881E+000  0.59491777E+000  0.79052971E+000  0.88450965E+000  0.11852736E+001  0.18574893E+001  0.26127663E+001  0.43720937E+001  0.81163883E+001
  0.30779069E+000  0.34264394E+000  0.45254879E+000  0.59491774E+000  0.79052968E+000  0.88450960E+000  0.11852735E+001  0.18574892E+001  0.26127661E+001  0.43720926E+001  0.81163884E+001
  0.30779068E+000  0.34264393E+000  0.45254877E+000  0.59491772E+000  0.79052965E+000  0.88450955E+000  0.11852735E+001  0.18574892E+001  0.26127660E+001  0.43720915E+001  0.81163884E+001
  0.30779067E+000  0.34264391E+000  0.45254876E+000  0.59491770E+000  0.79052961E+000  0.88450951E+000  0.11852734E+001  0.18574892E+001  0.26127659E+001  0.43720905E+001  0.81163884E+001
  0.30779066E+000  0.34264390E+000  0.45254874E+000  0.59491767E+000  0.79052958E+000  0.88450946E+000  0.11852734E+001  0.18574893E+001  0.26127657E+001  0.43720896E+001  0.81163885E+001
  0.30779065E+000  0.34264389E+000  0.45254872E+000  0.59491765E+000  0.79052955E+000  0.88450942E+000  0.11852733E+001  0.18574893E+001  0.26127656E+001  0.43720887E+001  0.81163885E+001
  0.30779064E+000  0.34264387E+000  0.45254871E+000  0.59491763E+000  0.79052952E+000  0.88450938E+000  0.11852733E+001  0.18574894E+001  0.26127655E+001  0.43720878E+001  0.81163885E+001
  0.30779063E+000  0.34264386E+000  0.45254870E+000  0.59491761E+000  0.79052949E+000  0.88450934E+000  0.11852732E+001  0.18574895E+001  0.26127654E+001  0.43720870E+001  0.81163885E+001
  0.30779062E+000  0.34264385E+000  0.45254868E+000  0.59491759E+000  0.79052946E+000  0.88450931E+000  0.11852732E+001  0.18574896E+001  0.26127653E+001  0.43720862E+001  0.81163885E+001
  0.30779061E+000  0.34264384E+000  0.45254867E+000  0.59491757E+000  0.79052943E+000  0.88450927E+000  0.11852731E+001  0.18574897E+001  0.26127652E+001  0.43720855E+001  0.81163885E+001
  0.30779060E+000  0.34264383E+000  0.45254866E+000  0.59491755E+000  0.79052940E+000  0.88450924E+000  0.11852731E+001  0.18574899E+001  0.26127651E+001  0.43720849E+001  0.81163885E+001
  0.30779059E+000  0.34264382E+000  0.45254865E+000  0.59491753E+000  0.79052937E+000  0.88450921E+000  0.11852730E+001  0.18574900E+001  0.26127651E+001  0.43720843E+001  0.81163885E+001
  0.30779058E+000  0.34264382E+000  0.45254864E+000  0.59491752E+000  0.79052935E+000  0.88450918E+000  0.11852730E+001  0.18574902E+001  0.26127650E+001  0.43720837E+001  0.81163885E+001
  0.30779057E+000  0.34264381E+000  0.45254863E+000  0.59491750E+000  0.79052932E+000  0.88450915E+000  0.11852730E+001  0.18574904E+001  0.26127649E+001  0.43720832E+001  0.81163885E+001
  0.30779056E+000  0.34264380E+000  0.45254862E+000  0.59491749E+000  0.79052930E+000  0.88450913E+000  0.11852730E+001  0.18574906E+001  0.26127649E+001  0.43720828E+001  0.81163885E+001
  0.30779056E+000  0.34264379E+000  0.45254861E+000  0.59491747E+000  0.79052927E+000  0.88450911E+000  0.11852729E+001  0.18574907E+001  0.26127648E+001  0.43720825E+001  0.81163885E+001
  0.30779055E+000  0.34264379E+000  0.45254860E+000  0.59491746E+000  0.79052925E+000  0.88450909E+000  0.11852729E+001  0.18574909E+001  0.26127647E+001  0.43720822E+001  0.81163885E+001
  0.30779055E+000  0.34264378E+000  0.45254859E+000  0.59491745E+000  0.79052923E+000  0.88450907E+000  0.11852729E+001  0.18574911E+001  0.26127647E+001  0.43720819E+001  0.81163885E+001
  0.30779054E+000  0.34264378E+000  0.45254859E+000  0.59491744E+000  0.79052921E+000  0.88450905E+000  0.11852729E+001  0.18574913E+001  0.26127647E+001  0.43720817E+001  0.81163885E+001
  0.30779054E+000  0.34264377E+000  0.45254858E+000  0.59491743E+000  0.79052919E+000  0.88450903E+000  0.11852728E+001  0.18574915E+001  0.26127646E+001  0.43720816E+001  0.81163885E+001
  0.30779053E+000  0.34264377E+000  0.45254858E+000  0.59491742E+000  0.79052917E+000  0.88450902E+000  0.11852728E+001  0.18574916E+001  0.26127646E+001  0.43720815E+001  0.81163885E+001
  0.30779053E+000  0.34264377E+000  0.45254857E+000  0.59491741E+000  0.79052916E+000  0.88450901E+000  0.11852728E+001  0.18574918E+001  0.26127646E+001  0.43720814E+001  0.81163885E+001
  0.30779052E+000  0.34264376E+000  0.45254857E+000  0.59491740E+000  0.79052914E+000  0.88450899E+000  0.11852728E+001  0.18574920E+001  0.26127645E+001  0.43720815E+001  0.81163885E+001
  0.30779052E+000  0.34264376E+000  0.45254856E+000  0.59491740E+000  0.79052913E+000  0.88450899E+000  0.11852728E+001  0.18574921E+001  0.26127645E+001  0.43720815E+001  0.81163884E+001
  0.30779052E+000  0.34264376E+000  0.45254856E+000  0.59491739E+000  0.79052911E+000  0.88450898E+000  0.11852728E+001  0.18574923E+001  0.26127645E+001  0.43720816E+001  0.81163884E+001
  0.30779051E+000  0.34264376E+000  0.45254856E+000  0.59491738E+000  0.79052910E+000  0.88450897E+000  0.11852728E+001  0.18574924E+001  0.26127645E+001  0.43720818E+001  0.81163884E+001
  0.30779051E+000  0.34264375E+000  0.45254856E+000  0.59491738E+000  0.79052909E+000  0.88450896E+000  0.11852728E+001  0.18574926E+001  0.26127645E+001  0.43720820E+001  0.81163884E+001
  0.30779051E+000  0.34264375E+000  0.45254855E+000  0.59491737E+000  0.79052908E+000  0.88450896E+000  0.11852727E+001  0.18574927E+001  0.26127645E+001  0.43720822E+001  0.81163884E+001
  0.30779051E+000  0.34264375E+000  0.45254855E+000  0.59491737E+000  0.79052907E+000  0.88450895E+000  0.11852727E+001  0.18574928E+001  0.26127645E+001  0.43720824E+001  0.81163884E+001
  0.30779051E+000  0.34264375E+000  0.45254855E+000  0.59491737E+000  0.79052906E+000  0.88450895E+000  0.11852727E+001  0.18574929E+001  0.26127645E+001  0.43720827E+001  0.81163884E+001
  0.30779050E+000  0.34264375E+000  0.45254855E+000  0.59491737E+000  0.79052906E+000  0.88450895E+000  0.11852727E+001  0.18574930E+001  0.26127645E+001  0.43720830E+001  0.81163884E+001
  0.30779050E+000  0.34264375E+000  0.45254855E+000  0.59491736E+000  0.79052905E+000  0.88450895E+000  0.11852727E+001  0.18574930E+001  0.26127645E+001  0.43720834E+001  0.81163884E+001
  0.30779050E+000  0.34264375E+000  0.45254855E+000  0.59491736E+000  0.79052904E+000  0.88450895E+000  0.11852727E+001  0.18574931E+001  0.26127645E+001  0.43720837E+001  0.81163884E+001
  0.30779050E+000  0.34264375E+000  0.45254855E+000  0.59491736E+000  0.79052904E+000  0.88450895E+000  0.11852727E+001  0.18574932E+001  0.26127645E+001  0.43720841E+001  0.81163884E+001
  0.30779050E+000  0.34264375E+000  0.45254855E+000  0.59491736E+000  0.79052903E+000  0.88450895E+000  0.11852727E+001  0.18574932E+001  0.26127645E+001  0.43720845E+001  0.81163884E+001
  0.30779050E+000  0.34264375E+000  0.45254855E+000  0.59491736E+000  0.79052903E+000  0.88450895E+000  0.11852727E+001  0.18574932E+001  0.26127645E+001  0.43720849E+001  0.81163884E+001
  0.30779050E+000  0.34264375E+000  0.45254855E+000  0.59491736E+000  0.79052902E+000  0.88450895E+000  0.11852727E+001  0.18574933E+001  0.26127645E+001  0.43720853E+001  0.81163884E+001
  0.30779050E+000  0.34264375E+000  0.45254855E+000  0.59491736E+000  0.79052902E+000  0.88450895E+000  0.11852727E+001  0.18574933E+001  0.26127645E+001  0.43720857E+001  0.81163884E+001
  0.30779050E+000  0.34264375E+000  0.45254855E+000  0.59491736E+000  0.79052902E+000  0.88450895E+000  0.11852727E+001  0.18574933E+001  0.26127645E+001  0.43720861E+001  0.81163884E+001
  0.30779050E+000  0.34264375E+000  0.45254856E+000  0.59491736E+000  0.79052902E+000  0.88450895E+000  0.11852728E+001  0.18574933E+001  0.26127645E+001  0.43720865E+001  0.81163884E+001
  0.30779050E+000  0.34264375E+000  0.45254856E+000  0.59491736E+000  0.79052901E+000  0.88450895E+000  0.11852728E+001  0.18574932E+001  0.26127645E+001  0.43720869E+001  0.81163884E+001
  0.30779050E+000  0.34264376E+000  0.45254856E+000  0.59491736E+000  0.79052901E+000  0.88450896E+000  0.11852728E+001  0.18574932E+001  0.26127645E+001  0.43720873E+001  0.81163884E+001
  0.30779050E+000  0.34264376E+000  0.45254856E+000  0.59491736E+000  0.79052901E+000  0.88450896E+000  0.11852728E+001  0.18574932E+001  0.26127645E+001  0.43720877E+001  0.81163884E+001
  0.30779050E+000  0.34264376E+000  0.45254856E+000  0.59491736E+000  0.79052901E+000  0.88450896E+000  0.11852728E+001  0.18574931E+001  0.26127645E+001  0.43720881E+001  0.81163884E+001
  0.30779050E+000  0.34264376E+000  0.45254856E+000  0.59491736E+000  0.79052901E+000  0.88450896E+000  0.11852728E+001  0.18574931E+001  0.26127645E+001  0.43720885E+001  0.81163884E+001
  0.30779051E+000  0.34264376E+000  0.45254856E+000  0.59491737E+000  0.79052901E+000  0.88450896E+000  0.11852728E+001  0.18574930E+001  0.26127646E+001  0.43720889E+001  0.81163884E+001
  0.30779051E+000  0.34264376E+000  0.45254856E+000  0.59491737E+000  0.79052901E+000  0.88450896E+000  0.11852728E+001  0.18574930E+001  0.26127646E+001  0.43720892E+001  0.81163884E+001
  0.30779051E+000  0.34264376E+000  0.45254856E+000  0.59491737E+000  0.79052901E+000  0.88450897E+000  0.11852728E+001  0.18574929E+001  0.26127646E+001  0.43720895E+001  0.81163885E+001
  0.30779051E+000  0.34264376E+000  0.45254857E+000  0.59491737E+000  0.79052900E+000  0.88450897E+000  0.11852728E+001  0.18574928E+001  0.26127646E+001  0.43720898E+001  0.81163885E+001
  0.30779051E+000  0.34264376E+000  0.45254857E+000  0.59491737E+000  0.79052900E+000  0.88450897E+000  0.11852728E+001  0.18574928E+001  0.26127646E+001  0.43720901E+001  0.81163885E+001
  0.30779051E+000  0.34264376E+000  0.45254857E+000  0.59491737E+000  0.79052900E+000  0.88450897E+000  0.11852728E+001  0.18574927E+001  0.26127646E+001  0.43720904E+001  0.81163885E+001
  0.30779051E+000  0.34264376E+000  0.45254857E+000  0.59491738E+000  0.79052900E+000  0.88450897E+000  0.11852728E+001  0.18574926E+001  0.26127646E+001  0.43720906E+001  0.81163886E+001
  0.30779051E+000  0.34264376E+000  0.45254856E+000  0.59491738E+000  0.79052899E+000  0.88450896E+000  0.11852728E+001  0.18574925E+001  0.26127645E+001  0.43720908E+001  0.81163886E+001
  0.30779051E+000  0.34264375E+000  0.45254855E+000  0.59491738E+000  0.79052897E+000  0.88450893E+000  0.11852727E+001  0.18574924E+001  0.26127645E+001  0.43720909E+001  0.81163886E+001
