 -0.82464575E+000 -0.64360561E+000 -0.27734050E+000 -0.66228210E-004  0.80833662E-001  0.17392955E+001  0.12038809E+002  0.59173096E+002  0.13400195E+003  0.34790433E+003  0.65682769E+003
 -0.82232975E+000 -0.64014544E+000 -0.27651251E+000 -0.62638889E-004  0.84498456E-001  0.17413397E+001  0.12041493E+002  0.59173014E+002  0.13400098E+003  0.34790200E+003  0.65681790E+003
 -0.82050589E+000 -0.63789430E+000 -0.27589394E+000 -0.61344693E-004  0.84919766E-001  0.17428525E+001  0.12043517E+002  0.59172997E+002  0.13400074E+003  0.34790122E+003  0.65681270E+003
 -0.81926461E+000 -0.63735855E+000 -0.27543365E+000 -0.60963121E-004  0.85096141E-001  0.17439660E+001  0.12045077E+002  0.59172997E+002  0.13400072E+003  0.34790107E+003  0.65681123E+003
 -0.81843941E+000 -0.63696750E+000 -0.27509408E+000 -0.60996165E-004  0.85178391E-001  0.17447854E+001  0.12046310E+002  0.59173004E+002  0.13400079E+003  0.34790120E+003  0.65681192E+003
 -0.81791031E+000 -0.63669004E+000 -0.27484828E+000 -0.61300924E-004  0.85228042E-001  0.17453866E+001  0.12047306E+002  0.59173014E+002  0.13400090E+003  0.34790144E+003  0.65681357E+003
 -0.81759004E+000 -0.63650001E+000 -0.27467563E+000 -0.61661518E-004  0.85255664E-001  0.17458264E+001  0.12048127E+002  0.59173024E+002  0.13400101E+003  0.34790173E+003  0.65681548E+003
 -0.81741790E+000 -0.63637731E+000 -0.27456054E+000 -0.61995485E-004  0.85268085E-001  0.17459175E+001  0.12048816E+002  0.59173033E+002  0.13400113E+003  0.34790203E+003  0.65681732E+003
 -0.81735148E+000 -0.63630654E+000 -0.27449110E+000 -0.62278433E-004  0.85269774E-001  0.17459594E+001  0.12049401E+002  0.59173042E+002  0.13400124E+003  0.34790233E+003  0.65681898E+003
 -0.81736021E+000 -0.63627568E+000 -0.27445781E+000 -0.62542880E-004  0.85263838E-001  0.17459823E+001  0.12049903E+002  0.59173050E+002  0.13400134E+003  0.34790260E+003  0.65682042E+003
 -0.81742289E+000 -0.63627564E+000 -0.27445306E+000 -0.62796684E-004  0.85252396E-001  0.17459905E+001  0.12050336E+002  0.59173057E+002  0.13400143E+003  0.34790285E+003  0.65682164E+003
 -0.81752279E+000 -0.63629873E+000 -0.27447040E+000 -0.63033517E-004  0.85237204E-001  0.17459877E+001  0.12050714E+002  0.59173064E+002  0.13400151E+003  0.34790308E+003  0.65682267E+003
 -0.81765012E+000 -0.63633981E+000 -0.27450559E+000 -0.63259747E-004  0.85219235E-001  0.17459759E+001  0.12051044E+002  0.59173070E+002  0.13400158E+003  0.34790328E+003  0.65682354E+003
 -0.81779704E+000 -0.63639393E+000 -0.27455448E+000 -0.63469843E-004  0.85199538E-001  0.17459574E+001  0.12051333E+002  0.59173075E+002  0.13400164E+003  0.34790346E+003  0.65682427E+003
 -0.81795791E+000 -0.63645782E+000 -0.27461411E+000 -0.63666712E-004  0.85178732E-001  0.17459334E+001  0.12051588E+002  0.59173079E+002  0.13400169E+003  0.34790361E+003  0.65682488E+003
 -0.81812765E+000 -0.63652859E+000 -0.27468179E+000 -0.63848101E-004  0.85157412E-001  0.17459053E+001  0.12051814E+002  0.59173083E+002  0.13400174E+003  0.34790375E+003  0.65682539E+003
 -0.81830370E+000 -0.63660412E+000 -0.27475551E+000 -0.64015876E-004  0.85135939E-001  0.17458740E+001  0.12052016E+002  0.59173087E+002  0.13400178E+003  0.34790386E+003  0.65682582E+003
 -0.81848364E+000 -0.63668266E+000 -0.27483353E+000 -0.64169718E-004  0.85114633E-001  0.17457810E+001  0.12052198E+002  0.59173090E+002  0.13400181E+003  0.34790396E+003  0.65682618E+003
 -0.81866583E+000 -0.63676310E+000 -0.27491461E+000 -0.64312564E-004  0.85093655E-001  0.17456266E+001  0.12052364E+002  0.59173092E+002  0.13400184E+003  0.34790405E+003  0.65682649E+003
 -0.81884841E+000 -0.63684434E+000 -0.27499751E+000 -0.64443220E-004  0.85073212E-001  0.17454691E+001  0.12052518E+002  0.59173094E+002  0.13400187E+003  0.34790412E+003  0.65682674E+003
 -0.81903055E+000 -0.63692576E+000 -0.27508141E+000 -0.64564144E-004  0.85053376E-001  0.17453097E+001  0.12052663E+002  0.59173096E+002  0.13400189E+003  0.34790419E+003  0.65682696E+003
 -0.81921131E+000 -0.63700678E+000 -0.27516556E+000 -0.64675589E-004  0.85034241E-001  0.17451496E+001  0.12052801E+002  0.59173098E+002  0.13400191E+003  0.34790424E+003  0.65682714E+003
 -0.81938997E+000 -0.63708694E+000 -0.27524931E+000 -0.64777772E-004  0.85015874E-001  0.17449899E+001  0.12052936E+002  0.59173099E+002  0.13400193E+003  0.34790429E+003  0.65682729E+003
 -0.81956629E+000 -0.63716602E+000 -0.27533224E+000 -0.64872330E-004  0.84990469E-001  0.17448314E+001  0.12053069E+002  0.59173101E+002  0.13400194E+003  0.34790433E+003  0.65682741E+003
 -0.81973992E+000 -0.63724381E+000 -0.27541396E+000 -0.64959776E-004  0.84949096E-001  0.17446748E+001  0.12053201E+002  0.59173102E+002  0.13400195E+003  0.34790436E+003  0.65682752E+003
 -0.81991062E+000 -0.63732016E+000 -0.27549416E+000 -0.65040477E-004  0.84909716E-001  0.17445209E+001  0.12053334E+002  0.59173102E+002  0.13400196E+003  0.34790439E+003  0.65682761E+003
 -0.82007834E+000 -0.63739502E+000 -0.27557263E+000 -0.65115387E-004  0.84872313E-001  0.17443704E+001  0.12053469E+002  0.59173103E+002  0.13400197E+003  0.34790441E+003  0.65682768E+003
 -0.82024295E+000 -0.63746834E+000 -0.27564917E+000 -0.65184804E-004  0.84836894E-001  0.17442236E+001  0.12053606E+002  0.59173104E+002  0.13400198E+003  0.34790443E+003  0.65682774E+003
 -0.82040441E+000 -0.63754011E+000 -0.27572365E+000 -0.65249218E-004  0.84803445E-001  0.17440813E+001  0.12053746E+002  0.59173105E+002  0.13400198E+003  0.34790445E+003  0.65682779E+003
 -0.82056272E+000 -0.63761035E+000 -0.27579598E+000 -0.65309021E-004  0.84771947E-001  0.17439437E+001  0.12053887E+002  0.59173105E+002  0.13400199E+003  0.34790446E+003  0.65682783E+003
 -0.82071790E+000 -0.63767908E+000 -0.27586608E+000 -0.65364664E-004  0.84742374E-001  0.17438112E+001  0.12054031E+002  0.59173105E+002  0.13400199E+003  0.34790447E+003  0.65682787E+003
 -0.82086994E+000 -0.63774635E+000 -0.27593392E+000 -0.65416372E-004  0.84714704E-001  0.17436841E+001  0.12054176E+002  0.59173106E+002  0.13400199E+003  0.34790448E+003  0.65682789E+003
 -0.82101888E+000 -0.63781219E+000 -0.27599948E+000 -0.65464489E-004  0.84688909E-001  0.17435627E+001  0.12054322E+002  0.59173106E+002  0.13400200E+003  0.34790449E+003  0.65682792E+003
 -0.82116475E+000 -0.63787666E+000 -0.27606276E+000 -0.65509269E-004  0.84664958E-001  0.17434471E+001  0.12054468E+002  0.59173106E+002  0.13400200E+003  0.34790450E+003  0.65682794E+003
 -0.82130758E+000 -0.63793980E+000 -0.27612376E+000 -0.65550975E-004  0.84642818E-001  0.17433374E+001  0.12054613E+002  0.59173107E+002  0.13400200E+003  0.34790450E+003  0.65682795E+003
 -0.82144738E+000 -0.63800163E+000 -0.27618251E+000 -0.65589743E-004  0.84622463E-001  0.17432336E+001  0.12054756E+002  0.59173107E+002  0.13400200E+003  0.34790451E+003  0.65682797E+003
 -0.82158420E+000 -0.63817020E+000 -0.27623904E+000 -0.65625863E-004  0.84603852E-001  0.17431357E+001  0.12054898E+002  0.59173107E+002  0.13400200E+003  0.34790451E+003  0.65682798E+003
 -0.82171802E+000 -0.63838181E+000 -0.27629337E+000 -0.65659417E-004  0.84586953E-001  0.17430436E+001  0.12055037E+002  0.59173107E+002  0.13400201E+003  0.34790452E+003  0.65682799E+003
 -0.82184888E+000 -0.63858912E+000 -0.27634555E+000 -0.65690688E-004  0.84571722E-001  0.17429573E+001  0.12055173E+002  0.59173108E+002  0.13400201E+003  0.34790452E+003  0.65682800E+003
 -0.82197677E+000 -0.63879213E+000 -0.27639562E+000 -0.65719744E-004  0.84558120E-001  0.17428767E+001  0.12055307E+002  0.59173108E+002  0.13400201E+003  0.34790453E+003  0.65682800E+003
 -0.82210167E+000 -0.63899088E+000 -0.27644362E+000 -0.65746777E-004  0.84546102E-001  0.17428015E+001  0.12055438E+002  0.59173108E+002  0.13400201E+003  0.34790453E+003  0.65682801E+003
 -0.82222357E+000 -0.63918533E+000 -0.27648959E+000 -0.65771926E-004  0.84535620E-001  0.17427315E+001  0.12055567E+002  0.59173108E+002  0.13400201E+003  0.34790453E+003  0.65682802E+003
 -0.82234243E+000 -0.63937544E+000 -0.27653356E+000 -0.65795313E-004  0.84526624E-001  0.17426667E+001  0.12055694E+002  0.59173108E+002  0.13400201E+003  0.34790454E+003  0.65682802E+003
 -0.82245821E+000 -0.63956113E+000 -0.27657557E+000 -0.65817049E-004  0.84519062E-001  0.17426069E+001  0.12055820E+002  0.59173109E+002  0.13400201E+003  0.34790454E+003  0.65682803E+003
 -0.82257085E+000 -0.63974229E+000 -0.27661567E+000 -0.65837207E-004  0.84512880E-001  0.17425518E+001  0.12055945E+002  0.59173109E+002  0.13400201E+003  0.34790454E+003  0.65682804E+003
 -0.82268031E+000 -0.63991883E+000 -0.27665389E+000 -0.65856004E-004  0.84508009E-001  0.17425014E+001  0.12056071E+002  0.59173109E+002  0.13400201E+003  0.34790455E+003  0.65682804E+003
 -0.82277349E+000 -0.64009060E+000 -0.27669026E+000 -0.65873492E-004  0.84504389E-001  0.17424554E+001  0.12056199E+002  0.59173109E+002  0.13400202E+003  0.34790455E+003  0.65682805E+003
 -0.82286233E+000 -0.64025742E+000 -0.27672481E+000 -0.65889684E-004  0.84501960E-001  0.17424137E+001  0.12056328E+002  0.59173109E+002  0.13400202E+003  0.34790455E+003  0.65682806E+003
 -0.82294825E+000 -0.64041918E+000 -0.27675759E+000 -0.65904778E-004  0.84500644E-001  0.17423762E+001  0.12056460E+002  0.59173110E+002  0.13400202E+003  0.34790456E+003  0.65682806E+003
 -0.82303115E+000 -0.64057566E+000 -0.27678862E+000 -0.65918717E-004  0.84500376E-001  0.17423428E+001  0.12056595E+002  0.59173110E+002  0.13400202E+003  0.34790456E+003  0.65682807E+003
 -0.82311096E+000 -0.64072674E+000 -0.27681794E+000 -0.65931692E-004  0.84501073E-001  0.17423133E+001  0.12056734E+002  0.59173110E+002  0.13400202E+003  0.34790456E+003  0.65682808E+003
 -0.82318761E+000 -0.64087225E+000 -0.27684559E+000 -0.65943698E-004  0.84502656E-001  0.17422876E+001  0.12056876E+002  0.59173110E+002  0.13400202E+003  0.34790457E+003  0.65682808E+003
 -0.82326103E+000 -0.64101203E+000 -0.27687161E+000 -0.65954784E-004  0.84505045E-001  0.17422656E+001  0.12057022E+002  0.59173110E+002  0.13400202E+003  0.34790457E+003  0.65682809E+003
 -0.82333114E+000 -0.64114597E+000 -0.27689604E+000 -0.65965025E-004  0.84508148E-001  0.17422472E+001  0.12057171E+002  0.59173111E+002  0.13400202E+003  0.34790457E+003  0.65682810E+003
 -0.82339791E+000 -0.64127395E+000 -0.27691892E+000 -0.65974483E-004  0.84511873E-001  0.17422323E+001  0.12057324E+002  0.59173111E+002  0.13400202E+003  0.34790458E+003  0.65682811E+003
 -0.82346129E+000 -0.64139587E+000 -0.27694031E+000 -0.65983165E-004  0.84516130E-001  0.17422207E+001  0.12057480E+002  0.59173111E+002  0.13400203E+003  0.34790458E+003  0.65682811E+003
 -0.82352124E+000 -0.64151166E+000 -0.27696024E+000 -0.65991126E-004  0.84520819E-001  0.17422124E+001  0.12057639E+002  0.59173111E+002  0.13400203E+003  0.34790458E+003  0.65682812E+003
 -0.82357776E+000 -0.64162130E+000 -0.27697878E+000 -0.65998442E-004  0.84525839E-001  0.17422071E+001  0.12057800E+002  0.59173112E+002  0.13400203E+003  0.34790459E+003  0.65682813E+003
 -0.82363084E+000 -0.64172474E+000 -0.27699596E+000 -0.66005096E-004  0.84531093E-001  0.17422049E+001  0.12057963E+002  0.59173112E+002  0.13400203E+003  0.34790459E+003  0.65682814E+003
 -0.82368050E+000 -0.64182203E+000 -0.27701186E+000 -0.66011169E-004  0.84536476E-001  0.17422055E+001  0.12058127E+002  0.59173112E+002  0.13400203E+003  0.34790460E+003  0.65682815E+003
 -0.82372679E+000 -0.64191319E+000 -0.27702651E+000 -0.66016692E-004  0.84541888E-001  0.17422089E+001  0.12058292E+002  0.59173112E+002  0.13400203E+003  0.34790460E+003  0.65682816E+003
 -0.82376976E+000 -0.64199829E+000 -0.27703998E+000 -0.66021667E-004  0.84547232E-001  0.17422148E+001  0.12058457E+002  0.59173112E+002  0.13400203E+003  0.34790460E+003  0.65682816E+003
 -0.82380948E+000 -0.64207745E+000 -0.27705232E+000 -0.66026164E-004  0.84552410E-001  0.17422232E+001  0.12058623E+002  0.59173113E+002  0.13400203E+003  0.34790461E+003  0.65682817E+003
 -0.82384605E+000 -0.64215080E+000 -0.27706359E+000 -0.66030215E-004  0.84557332E-001  0.17422339E+001  0.12058789E+002  0.59173113E+002  0.13400204E+003  0.34790461E+003  0.65682818E+003
 -0.82387957E+000 -0.64221848E+000 -0.27707384E+000 -0.66033822E-004  0.84561914E-001  0.17422468E+001  0.12058954E+002  0.59173113E+002  0.13400204E+003  0.34790462E+003  0.65682819E+003
 -0.82391018E+000 -0.64228071E+000 -0.27708314E+000 -0.66037042E-004  0.84566076E-001  0.17422616E+001  0.12059119E+002  0.59173113E+002  0.13400204E+003  0.34790462E+003  0.65682820E+003
 -0.82393801E+000 -0.64233768E+000 -0.27709154E+000 -0.66039895E-004  0.84569750E-001  0.17422784E+001  0.12059283E+002  0.59173114E+002  0.13400204E+003  0.34790463E+003  0.65682821E+003
 -0.82396322E+000 -0.64238965E+000 -0.27709909E+000 -0.66042414E-004  0.84572874E-001  0.17422969E+001  0.12059445E+002  0.59173114E+002  0.13400204E+003  0.34790463E+003  0.65682822E+003
 -0.82398597E+000 -0.64243685E+000 -0.27710586E+000 -0.66044620E-004  0.84575399E-001  0.17423170E+001  0.12059606E+002  0.59173114E+002  0.13400204E+003  0.34790463E+003  0.65682822E+003
 -0.82400643E+000 -0.64247957E+000 -0.27711190E+000 -0.66046543E-004  0.84577284E-001  0.17423385E+001  0.12059765E+002  0.59173114E+002  0.13400204E+003  0.34790464E+003  0.65682823E+003
 -0.82402477E+000 -0.64251811E+000 -0.27711726E+000 -0.66048211E-004  0.84578501E-001  0.17423614E+001  0.12059923E+002  0.59173114E+002  0.13400205E+003  0.34790464E+003  0.65682824E+003
 -0.82404118E+000 -0.64255274E+000 -0.27712201E+000 -0.66049634E-004  0.84579033E-001  0.17423854E+001  0.12060078E+002  0.59173115E+002  0.13400205E+003  0.34790464E+003  0.65682825E+003
 -0.82405584E+000 -0.64258380E+000 -0.27712620E+000 -0.66050852E-004  0.84578872E-001  0.17424105E+001  0.12060231E+002  0.59173115E+002  0.13400205E+003  0.34790465E+003  0.65682826E+003
 -0.82406893E+000 -0.64261158E+000 -0.27712988E+000 -0.66051876E-004  0.84578021E-001  0.17424365E+001  0.12060381E+002  0.59173115E+002  0.13400205E+003  0.34790465E+003  0.65682826E+003
 -0.82408064E+000 -0.64263640E+000 -0.27713311E+000 -0.66052737E-004  0.84576492E-001  0.17424632E+001  0.12060529E+002  0.59173115E+002  0.13400205E+003  0.34790466E+003  0.65682827E+003
 -0.82409111E+000 -0.64265856E+000 -0.27713594E+000 -0.66053437E-004  0.84574310E-001  0.17424906E+001  0.12060673E+002  0.59173115E+002  0.13400205E+003  0.34790466E+003  0.65682828E+003
 -0.82410054E+000 -0.64267837E+000 -0.27713841E+000 -0.66054026E-004  0.84571500E-001  0.17425184E+001  0.12060814E+002  0.59173116E+002  0.13400205E+003  0.34790466E+003  0.65682829E+003
 -0.82410907E+000 -0.64269612E+000 -0.27714058E+000 -0.66054491E-004  0.84568103E-001  0.17425466E+001  0.12060952E+002  0.59173116E+002  0.13400205E+003  0.34790467E+003  0.65682829E+003
 -0.82411685E+000 -0.64271209E+000 -0.27714249E+000 -0.66054874E-004  0.84564160E-001  0.17425751E+001  0.12061086E+002  0.59173116E+002  0.13400205E+003  0.34790467E+003  0.65682830E+003
 -0.82412401E+000 -0.64272653E+000 -0.27714419E+000 -0.66055181E-004  0.84559718E-001  0.17426038E+001  0.12061217E+002  0.59173116E+002  0.13400206E+003  0.34790467E+003  0.65682831E+003
 -0.82413068E+000 -0.64273968E+000 -0.27714570E+000 -0.66055424E-004  0.84554829E-001  0.17426324E+001  0.12061344E+002  0.59173116E+002  0.13400206E+003  0.34790467E+003  0.65682831E+003
 -0.82413696E+000 -0.64275178E+000 -0.27714707E+000 -0.66055634E-004  0.84549544E-001  0.17426610E+001  0.12061467E+002  0.59173116E+002  0.13400206E+003  0.34790468E+003  0.65682832E+003
 -0.82414296E+000 -0.64276301E+000 -0.27714833E+000 -0.66055810E-004  0.84543919E-001  0.17426894E+001  0.12061586E+002  0.59173117E+002  0.13400206E+003  0.34790468E+003  0.65682832E+003
 -0.82414874E+000 -0.64277355E+000 -0.27714950E+000 -0.66055959E-004  0.84538010E-001  0.17427176E+001  0.12061701E+002  0.59173117E+002  0.13400206E+003  0.34790468E+003  0.65682833E+003
 -0.82415439E+000 -0.64278356E+000 -0.27715061E+000 -0.66056113E-004  0.84531868E-001  0.17427454E+001  0.12061811E+002  0.59173117E+002  0.13400206E+003  0.34790469E+003  0.65682834E+003
 -0.82415995E+000 -0.64279316E+000 -0.27715168E+000 -0.66056258E-004  0.84525549E-001  0.17427728E+001  0.12061918E+002  0.59173117E+002  0.13400206E+003  0.34790469E+003  0.65682834E+003
 -0.82416548E+000 -0.64280247E+000 -0.27715272E+000 -0.66056411E-004  0.84519103E-001  0.17427997E+001  0.12062021E+002  0.59173117E+002  0.13400206E+003  0.34790469E+003  0.65682835E+003
 -0.82417100E+000 -0.64281158E+000 -0.27715376E+000 -0.66056578E-004  0.84512576E-001  0.17428262E+001  0.12062120E+002  0.59173117E+002  0.13400206E+003  0.34790469E+003  0.65682835E+003
 -0.82417653E+000 -0.64282054E+000 -0.27715480E+000 -0.66056766E-004  0.84506013E-001  0.17428520E+001  0.12062214E+002  0.59173117E+002  0.13400206E+003  0.34790469E+003  0.65682835E+003
 -0.82418209E+000 -0.64282942E+000 -0.27715584E+000 -0.66056971E-004  0.84499456E-001  0.17428772E+001  0.12062305E+002  0.59173117E+002  0.13400206E+003  0.34790470E+003  0.65682836E+003
 -0.82418769E+000 -0.64283825E+000 -0.27715690E+000 -0.66057199E-004  0.84492942E-001  0.17429017E+001  0.12062392E+002  0.59173117E+002  0.13400206E+003  0.34790470E+003  0.65682836E+003
 -0.82419332E+000 -0.64284705E+000 -0.27715797E+000 -0.66057453E-004  0.84486503E-001  0.17429255E+001  0.12062476E+002  0.59173118E+002  0.13400206E+003  0.34790470E+003  0.65682837E+003
 -0.82419898E+000 -0.64285584E+000 -0.27715906E+000 -0.66057730E-004  0.84480170E-001  0.17429486E+001  0.12062556E+002  0.59173118E+002  0.13400206E+003  0.34790470E+003  0.65682837E+003
 -0.82420466E+000 -0.64286461E+000 -0.27716018E+000 -0.66058035E-004  0.84473966E-001  0.17429708E+001  0.12062633E+002  0.59173118E+002  0.13400207E+003  0.34790470E+003  0.65682837E+003
 -0.82421034E+000 -0.64287337E+000 -0.27716131E+000 -0.66058362E-004  0.84467915E-001  0.17429921E+001  0.12062706E+002  0.59173118E+002  0.13400207E+003  0.34790470E+003  0.65682838E+003
 -0.82421601E+000 -0.64288210E+000 -0.27716246E+000 -0.66058719E-004  0.84462033E-001  0.17430125E+001  0.12062776E+002  0.59173118E+002  0.13400207E+003  0.34790470E+003  0.65682838E+003
 -0.82422164E+000 -0.64289078E+000 -0.27716362E+000 -0.66059091E-004  0.84456336E-001  0.17430319E+001  0.12062844E+002  0.59173118E+002  0.13400207E+003  0.34790471E+003  0.65682838E+003
 -0.82422724E+000 -0.64289940E+000 -0.27716480E+000 -0.66059496E-004  0.84450834E-001  0.17430503E+001  0.12062909E+002  0.59173118E+002  0.13400207E+003  0.34790471E+003  0.65682838E+003
 -0.82423277E+000 -0.64290794E+000 -0.27716599E+000 -0.66059911E-004  0.84445538E-001  0.17430676E+001  0.12062972E+002  0.59173118E+002  0.13400207E+003  0.34790471E+003  0.65682839E+003
 -0.82423822E+000 -0.64291639E+000 -0.27716718E+000 -0.66060354E-004  0.84440452E-001  0.17430837E+001  0.12063032E+002  0.59173118E+002  0.13400207E+003  0.34790471E+003  0.65682839E+003
 -0.82424357E+000 -0.64292471E+000 -0.27716839E+000 -0.66060812E-004  0.84435581E-001  0.17430987E+001  0.12063091E+002  0.59173118E+002  0.13400207E+003  0.34790471E+003  0.65682839E+003
 -0.82424881E+000 -0.64293290E+000 -0.27716959E+000 -0.66061284E-004  0.84430926E-001  0.17431124E+001  0.12063148E+002  0.59173118E+002  0.13400207E+003  0.34790471E+003  0.65682839E+003
 -0.82425394E+000 -0.64294093E+000 -0.27717079E+000 -0.66061776E-004  0.84426489E-001  0.17431248E+001  0.12063203E+002  0.59173118E+002  0.13400207E+003  0.34790471E+003  0.65682840E+003
 -0.82425892E+000 -0.64294878E+000 -0.27717199E+000 -0.66062278E-004  0.84422267E-001  0.17431359E+001  0.12063256E+002  0.59173118E+002  0.13400207E+003  0.34790471E+003  0.65682840E+003
 -0.82426376E+000 -0.64295645E+000 -0.27717318E+000 -0.66062793E-004  0.84418258E-001  0.17431456E+001  0.12063309E+002  0.59173118E+002  0.13400207E+003  0.34790471E+003  0.65682840E+003
 -0.82426844E+000 -0.64296391E+000 -0.27717436E+000 -0.66063318E-004  0.84414460E-001  0.17431539E+001  0.12063360E+002  0.59173118E+002  0.13400207E+003  0.34790471E+003  0.65682840E+003
 -0.82427296E+000 -0.64297117E+000 -0.27717553E+000 -0.66063851E-004  0.84410866E-001  0.17431608E+001  0.12063410E+002  0.59173118E+002  0.13400207E+003  0.34790471E+003  0.65682840E+003
 -0.82427731E+000 -0.64297819E+000 -0.27717669E+000 -0.66064390E-004  0.84407474E-001  0.17431662E+001  0.12063459E+002  0.59173118E+002  0.13400207E+003  0.34790471E+003  0.65682840E+003
 -0.82428149E+000 -0.64298498E+000 -0.27717783E+000 -0.66064933E-004  0.84404277E-001  0.17431702E+001  0.12063508E+002  0.59173118E+002  0.13400207E+003  0.34790471E+003  0.65682840E+003
 -0.82428550E+000 -0.64299153E+000 -0.27717895E+000 -0.66065480E-004  0.84401269E-001  0.17431728E+001  0.12063556E+002  0.59173118E+002  0.13400207E+003  0.34790471E+003  0.65682841E+003
 -0.82428932E+000 -0.64299783E+000 -0.27718006E+000 -0.66066028E-004  0.84398444E-001  0.17431740E+001  0.12063603E+002  0.59173118E+002  0.13400207E+003  0.34790471E+003  0.65682841E+003
 -0.82429296E+000 -0.64300388E+000 -0.27718114E+000 -0.66066572E-004  0.84395796E-001  0.17431738E+001  0.12063649E+002  0.59173118E+002  0.13400207E+003  0.34790471E+003  0.65682841E+003
 -0.82429643E+000 -0.64300967E+000 -0.27718219E+000 -0.66067116E-004  0.84393318E-001  0.17431723E+001  0.12063695E+002  0.59173118E+002  0.13400207E+003  0.34790471E+003  0.65682841E+003
 -0.82429971E+000 -0.64301520E+000 -0.27718322E+000 -0.66067654E-004  0.84391003E-001  0.17431695E+001  0.12063740E+002  0.59173118E+002  0.13400207E+003  0.34790471E+003  0.65682841E+003
 -0.82430282E+000 -0.64302048E+000 -0.27718422E+000 -0.66068187E-004  0.84388844E-001  0.17431655E+001  0.12063784E+002  0.59173118E+002  0.13400207E+003  0.34790472E+003  0.65682841E+003
 -0.82430575E+000 -0.64302550E+000 -0.27718519E+000 -0.66068709E-004  0.84386836E-001  0.17431603E+001  0.12063827E+002  0.59173118E+002  0.13400207E+003  0.34790472E+003  0.65682841E+003
 -0.82430852E+000 -0.64303027E+000 -0.27718613E+000 -0.66069225E-004  0.84384971E-001  0.17431540E+001  0.12063869E+002  0.59173118E+002  0.13400207E+003  0.34790472E+003  0.65682841E+003
 -0.82431111E+000 -0.64303478E+000 -0.27718704E+000 -0.66069727E-004  0.84383243E-001  0.17431467E+001  0.12063910E+002  0.59173118E+002  0.13400207E+003  0.34790472E+003  0.65682841E+003
 -0.82431354E+000 -0.64303904E+000 -0.27718792E+000 -0.66070217E-004  0.84381645E-001  0.17431385E+001  0.12063950E+002  0.59173118E+002  0.13400207E+003  0.34790472E+003  0.65682841E+003
 -0.82431580E+000 -0.64304305E+000 -0.27718876E+000 -0.66070695E-004  0.84380171E-001  0.17431295E+001  0.12063988E+002  0.59173118E+002  0.13400207E+003  0.34790472E+003  0.65682841E+003
 -0.82431792E+000 -0.64304682E+000 -0.27718957E+000 -0.66071156E-004  0.84378814E-001  0.17431197E+001  0.12064025E+002  0.59173118E+002  0.13400207E+003  0.34790472E+003  0.65682841E+003
 -0.82431988E+000 -0.64305036E+000 -0.27719034E+000 -0.66071602E-004  0.84377570E-001  0.17431092E+001  0.12064060E+002  0.59173118E+002  0.13400207E+003  0.34790472E+003  0.65682841E+003
 -0.82432170E+000 -0.64305366E+000 -0.27719108E+000 -0.66072030E-004  0.84376431E-001  0.17430983E+001  0.12064094E+002  0.59173118E+002  0.13400207E+003  0.34790471E+003  0.65682841E+003
 -0.82432338E+000 -0.64305675E+000 -0.27719178E+000 -0.66072443E-004  0.84375392E-001  0.17430868E+001  0.12064125E+002  0.59173118E+002  0.13400207E+003  0.34790471E+003  0.65682841E+003
 -0.82432493E+000 -0.64305961E+000 -0.27719245E+000 -0.66072835E-004  0.84374448E-001  0.17430750E+001  0.12064154E+002  0.59173118E+002  0.13400207E+003  0.34790471E+003  0.65682842E+003
 -0.82432636E+000 -0.64306227E+000 -0.27719308E+000 -0.66073210E-004  0.84373593E-001  0.17430629E+001  0.12064181E+002  0.59173118E+002  0.13400207E+003  0.34790471E+003  0.65682842E+003
 -0.82432766E+000 -0.64306473E+000 -0.27719367E+000 -0.66073566E-004  0.84372822E-001  0.17430507E+001  0.12064206E+002  0.59173118E+002  0.13400207E+003  0.34790471E+003  0.65682842E+003
 -0.82432884E+000 -0.64306699E+000 -0.27719423E+000 -0.66073902E-004  0.84372130E-001  0.17430383E+001  0.12064228E+002  0.59173118E+002  0.13400207E+003  0.34790471E+003  0.65682842E+003
 -0.82432992E+000 -0.64306907E+000 -0.27719476E+000 -0.66074219E-004  0.84371512E-001  0.17430259E+001  0.12064247E+002  0.59173118E+002  0.13400207E+003  0.34790471E+003  0.65682842E+003
 -0.82433090E+000 -0.64307098E+000 -0.27719525E+000 -0.66074517E-004  0.84370963E-001  0.17430136E+001  0.12064264E+002  0.59173118E+002  0.13400207E+003  0.34790471E+003  0.65682842E+003
 -0.82433178E+000 -0.64307272E+000 -0.27719571E+000 -0.66074796E-004  0.84370479E-001  0.17430014E+001  0.12064278E+002  0.59173118E+002  0.13400207E+003  0.34790471E+003  0.65682842E+003
 -0.82433257E+000 -0.64307430E+000 -0.27719614E+000 -0.66075057E-004  0.84370055E-001  0.17429893E+001  0.12064289E+002  0.59173118E+002  0.13400207E+003  0.34790471E+003  0.65682842E+003
 -0.82433327E+000 -0.64307573E+000 -0.27719653E+000 -0.66075298E-004  0.84369688E-001  0.17429775E+001  0.12064297E+002  0.59173118E+002  0.13400207E+003  0.34790471E+003  0.65682842E+003
 -0.82433390E+000 -0.64307702E+000 -0.27719690E+000 -0.66075522E-004  0.84369373E-001  0.17429661E+001  0.12064303E+002  0.59173118E+002  0.13400207E+003  0.34790471E+003  0.65682842E+003
 -0.82433445E+000 -0.64307817E+000 -0.27719723E+000 -0.66075728E-004  0.84369105E-001  0.17429549E+001  0.12064306E+002  0.59173118E+002  0.13400207E+003  0.34790471E+003  0.65682842E+003
 -0.82433493E+000 -0.64307920E+000 -0.27719754E+000 -0.66075917E-004  0.84368883E-001  0.17429441E+001  0.12064306E+002  0.59173118E+002  0.13400207E+003  0.34790471E+003  0.65682842E+003
 -0.82433535E+000 -0.64308012E+000 -0.27719782E+000 -0.66076090E-004  0.84368701E-001  0.17429338E+001  0.12064303E+002  0.59173118E+002  0.13400207E+003  0.34790471E+003  0.65682842E+003
 -0.82433571E+000 -0.64308092E+000 -0.27719808E+000 -0.66076247E-004  0.84368557E-001  0.17429238E+001  0.12064298E+002  0.59173118E+002  0.13400207E+003  0.34790471E+003  0.65682842E+003
 -0.82433601E+000 -0.64308163E+000 -0.27719831E+000 -0.66076389E-004  0.84368447E-001  0.17429144E+001  0.12064291E+002  0.59173118E+002  0.13400207E+003  0.34790471E+003  0.65682842E+003
 -0.82433627E+000 -0.64308224E+000 -0.27719852E+000 -0.66076517E-004  0.84368368E-001  0.17429054E+001  0.12064282E+002  0.59173118E+002  0.13400207E+003  0.34790471E+003  0.65682842E+003
 -0.82433648E+000 -0.64308276E+000 -0.27719871E+000 -0.66076632E-004  0.84368317E-001  0.17428968E+001  0.12064270E+002  0.59173118E+002  0.13400207E+003  0.34790471E+003  0.65682842E+003
 -0.82433665E+000 -0.64308321E+000 -0.27719887E+000 -0.66076733E-004  0.84368292E-001  0.17428888E+001  0.12064256E+002  0.59173118E+002  0.13400207E+003  0.34790471E+003  0.65682842E+003
 -0.82433678E+000 -0.64308358E+000 -0.27719902E+000 -0.66076823E-004  0.84368289E-001  0.17428813E+001  0.12064241E+002  0.59173118E+002  0.13400207E+003  0.34790471E+003  0.65682842E+003
 -0.82433688E+000 -0.64308389E+000 -0.27719915E+000 -0.66076902E-004  0.84368307E-001  0.17428743E+001  0.12064224E+002  0.59173118E+002  0.13400207E+003  0.34790471E+003  0.65682842E+003
 -0.82433695E+000 -0.64308414E+000 -0.27719926E+000 -0.66076970E-004  0.84368342E-001  0.17428677E+001  0.12064206E+002  0.59173118E+002  0.13400207E+003  0.34790471E+003  0.65682842E+003
 -0.82433699E+000 -0.64308433E+000 -0.27719936E+000 -0.66077029E-004  0.84368393E-001  0.17428616E+001  0.12064186E+002  0.59173118E+002  0.13400207E+003  0.34790471E+003  0.65682841E+003
 -0.82433701E+000 -0.64308448E+000 -0.27719945E+000 -0.66077079E-004  0.84368458E-001  0.17428560E+001  0.12064165E+002  0.59173118E+002  0.13400207E+003  0.34790471E+003  0.65682841E+003
 -0.82433701E+000 -0.64308458E+000 -0.27719952E+000 -0.66077120E-004  0.84368533E-001  0.17428509E+001  0.12064144E+002  0.59173118E+002  0.13400207E+003  0.34790471E+003  0.65682841E+003
 -0.82433699E+000 -0.64308464E+000 -0.27719958E+000 -0.66077155E-004  0.84368619E-001  0.17428462E+001  0.12064122E+002  0.59173118E+002  0.13400207E+003  0.34790471E+003  0.65682841E+003
 -0.82433696E+000 -0.64308467E+000 -0.27719962E+000 -0.66077182E-004  0.84368712E-001  0.17428419E+001  0.12064099E+002  0.59173118E+002  0.13400207E+003  0.34790471E+003  0.65682841E+003
 -0.82433691E+000 -0.64308467E+000 -0.27719966E+000 -0.66077204E-004  0.84368812E-001  0.17428380E+001  0.12064076E+002  0.59173118E+002  0.13400207E+003  0.34790471E+003  0.65682841E+003
 -0.82433685E+000 -0.64308464E+000 -0.27719969E+000 -0.66077220E-004  0.84368917E-001  0.17428345E+001  0.12064053E+002  0.59173118E+002  0.13400207E+003  0.34790471E+003  0.65682841E+003
 -0.82433678E+000 -0.64308459E+000 -0.27719971E+000 -0.66077231E-004  0.84369025E-001  0.17428314E+001  0.12064030E+002  0.59173118E+002  0.13400207E+003  0.34790471E+003  0.65682841E+003
 -0.82433670E+000 -0.64308453E+000 -0.27719973E+000 -0.66077238E-004  0.84369135E-001  0.17428286E+001  0.12064007E+002  0.59173118E+002  0.13400207E+003  0.34790471E+003  0.65682841E+003
 -0.82433661E+000 -0.64308444E+000 -0.27719973E+000 -0.66077241E-004  0.84369247E-001  0.17428262E+001  0.12063984E+002  0.59173118E+002  0.13400207E+003  0.34790471E+003  0.65682841E+003
 -0.82433653E+000 -0.64308435E+000 -0.27719974E+000 -0.66077242E-004  0.84369359E-001  0.17428240E+001  0.12063961E+002  0.59173118E+002  0.13400207E+003  0.34790471E+003  0.65682841E+003
 -0.82433644E+000 -0.64308424E+000 -0.27719974E+000 -0.66077239E-004  0.84369471E-001  0.17428221E+001  0.12063939E+002  0.59173118E+002  0.13400207E+003  0.34790471E+003  0.65682841E+003
 -0.82433635E+000 -0.64308413E+000 -0.27719973E+000 -0.66077234E-004  0.84369581E-001  0.17428205E+001  0.12063918E+002  0.59173118E+002  0.13400207E+003  0.34790471E+003  0.65682841E+003
 -0.82433625E+000 -0.64308401E+000 -0.27719972E+000 -0.66077227E-004  0.84369688E-001  0.17428191E+001  0.12063897E+002  0.59173118E+002  0.13400207E+003  0.34790471E+003  0.65682841E+003
 -0.82433616E+000 -0.64308388E+000 -0.27719971E+000 -0.66077218E-004  0.84369793E-001  0.17428180E+001  0.12063877E+002  0.59173118E+002  0.13400207E+003  0.34790471E+003  0.65682841E+003
 -0.82433607E+000 -0.64308376E+000 -0.27719969E+000 -0.66077208E-004  0.84369895E-001  0.17428170E+001  0.12063857E+002  0.59173118E+002  0.13400207E+003  0.34790471E+003  0.65682841E+003
 -0.82433598E+000 -0.64308363E+000 -0.27719968E+000 -0.66077198E-004  0.84369993E-001  0.17428163E+001  0.12063839E+002  0.59173118E+002  0.13400207E+003  0.34790471E+003  0.65682841E+003
 -0.82433589E+000 -0.64308351E+000 -0.27719966E+000 -0.66077186E-004  0.84370087E-001  0.17428156E+001  0.12063821E+002  0.59173118E+002  0.13400207E+003  0.34790471E+003  0.65682841E+003
 -0.82433581E+000 -0.64308339E+000 -0.27719964E+000 -0.66077174E-004  0.84370177E-001  0.17428152E+001  0.12063804E+002  0.59173118E+002  0.13400207E+003  0.34790471E+003  0.65682841E+003
 -0.82433573E+000 -0.64308327E+000 -0.27719962E+000 -0.66077162E-004  0.84370261E-001  0.17428148E+001  0.12063789E+002  0.59173118E+002  0.13400207E+003  0.34790471E+003  0.65682841E+003
 -0.82433565E+000 -0.64308315E+000 -0.27719960E+000 -0.66077150E-004  0.84370342E-001  0.17428146E+001  0.12063774E+002  0.59173118E+002  0.13400207E+003  0.34790471E+003  0.65682841E+003
 -0.82433558E+000 -0.64308304E+000 -0.27719958E+000 -0.66077137E-004  0.84370417E-001  0.17428145E+001  0.12063759E+002  0.59173118E+002  0.13400207E+003  0.34790471E+003  0.65682841E+003
 -0.82433551E+000 -0.64308294E+000 -0.27719956E+000 -0.66077125E-004  0.84370487E-001  0.17428145E+001  0.12063746E+002  0.59173118E+002  0.13400207E+003  0.34790471E+003  0.65682841E+003
 -0.82433545E+000 -0.64308284E+000 -0.27719954E+000 -0.66077114E-004  0.84370553E-001  0.17428145E+001  0.12063734E+002  0.59173118E+002  0.13400207E+003  0.34790471E+003  0.65682841E+003
 -0.82433539E+000 -0.64308275E+000 -0.27719953E+000 -0.66077103E-004  0.84370614E-001  0.17428146E+001  0.12063723E+002  0.59173118E+002  0.13400207E+003  0.34790471E+003  0.65682841E+003
 -0.82433534E+000 -0.64308267E+000 -0.27719951E+000 -0.66077092E-004  0.84370669E-001  0.17428148E+001  0.12063712E+002  0.59173118E+002  0.13400207E+003  0.34790471E+003  0.65682841E+003
 -0.82433529E+000 -0.64308259E+000 -0.27719949E+000 -0.66077082E-004  0.84370721E-001  0.17428150E+001  0.12063702E+002  0.59173118E+002  0.13400207E+003  0.34790471E+003  0.65682841E+003
 -0.82433524E+000 -0.64308251E+000 -0.27719947E+000 -0.66077072E-004  0.84370768E-001  0.17428153E+001  0.12063693E+002  0.59173118E+002  0.13400207E+003  0.34790471E+003  0.65682841E+003
 -0.82433520E+000 -0.64308245E+000 -0.27719946E+000 -0.66077063E-004  0.84370810E-001  0.17428155E+001  0.12063685E+002  0.59173118E+002  0.13400207E+003  0.34790471E+003  0.65682841E+003
 -0.82433516E+000 -0.64308239E+000 -0.27719945E+000 -0.66077055E-004  0.84370848E-001  0.17428158E+001  0.12063678E+002  0.59173118E+002  0.13400207E+003  0.34790471E+003  0.65682841E+003
 -0.82433513E+000 -0.64308234E+000 -0.27719943E+000 -0.66077048E-004  0.84370883E-001  0.17428161E+001  0.12063671E+002  0.59173118E+002  0.13400207E+003  0.34790471E+003  0.65682841E+003
 -0.82433510E+000 -0.64308229E+000 -0.27719942E+000 -0.66077041E-004  0.84370913E-001  0.17428165E+001  0.12063665E+002  0.59173118E+002  0.13400207E+003  0.34790471E+003  0.65682841E+003
 -0.82433508E+000 -0.64308225E+000 -0.27719941E+000 -0.66077034E-004  0.84370940E-001  0.17428168E+001  0.12063659E+002  0.59173118E+002  0.13400207E+003  0.34790471E+003  0.65682841E+003
 -0.82433506E+000 -0.64308222E+000 -0.27719940E+000 -0.66077029E-004  0.84370965E-001  0.17428171E+001  0.12063654E+002  0.59173118E+002  0.13400207E+003  0.34790471E+003  0.65682841E+003
 -0.82433504E+000 -0.64308219E+000 -0.27719939E+000 -0.66077024E-004  0.84370986E-001  0.17428174E+001  0.12063650E+002  0.59173118E+002  0.13400207E+003  0.34790471E+003  0.65682841E+003
 -0.82433503E+000 -0.64308217E+000 -0.27719939E+000 -0.66077019E-004  0.84371004E-001  0.17428177E+001  0.12063646E+002  0.59173118E+002  0.13400207E+003  0.34790471E+003  0.65682841E+003
 -0.82433502E+000 -0.64308215E+000 -0.27719938E+000 -0.66077014E-004  0.84371021E-001  0.17428180E+001  0.12063643E+002  0.59173118E+002  0.13400207E+003  0.34790471E+003  0.65682841E+003
 -0.82433501E+000 -0.64308213E+000 -0.27719937E+000 -0.66077011E-004  0.84371035E-001  0.17428183E+001  0.12063640E+002  0.59173118E+002  0.13400207E+003  0.34790471E+003  0.65682841E+003
 -0.82433500E+000 -0.64308212E+000 -0.27719937E+000 -0.66077007E-004  0.84371048E-001  0.17428186E+001  0.12063637E+002  0.59173118E+002  0.13400207E+003  0.34790471E+003  0.65682841E+003
 -0.82433499E+000 -0.64308211E+000 -0.27719936E+000 -0.66077004E-004  0.84371059E-001  0.17428189E+001  0.12063635E+002  0.59173118E+002  0.13400207E+003  0.34790471E+003  0.65682841E+003
 -0.82433499E+000 -0.64308211E+000 -0.27719936E+000 -0.66077001E-004  0.84371069E-001  0.17428192E+001  0.12063633E+002  0.59173118E+002  0.13400207E+003  0.34790471E+003  0.65682841E+003
 -0.82433499E+000 -0.64308210E+000 -0.27719936E+000 -0.66076998E-004  0.84371078E-001  0.17428194E+001  0.12063631E+002  0.59173118E+002  0.13400207E+003  0.34790471E+003  0.65682841E+003
 -0.82433499E+000 -0.64308210E+000 -0.27719936E+000 -0.66076995E-004  0.84371086E-001  0.17428196E+001  0.12063630E+002  0.59173118E+002  0.13400207E+003  0.34790471E+003  0.65682841E+003
 -0.82433499E+000 -0.64308210E+000 -0.27719935E+000 -0.66076992E-004  0.84371093E-001  0.17428199E+001  0.12063629E+002  0.59173118E+002  0.13400207E+003  0.34790471E+003  0.65682841E+003
 -0.82433499E+000 -0.64308210E+000 -0.27719935E+000 -0.66076990E-004  0.84371101E-001  0.17428201E+001  0.12063628E+002  0.59173118E+002  0.13400207E+003  0.34790471E+003  0.65682841E+003
 -0.82433499E+000 -0.64308210E+000 -0.27719935E+000 -0.66076987E-004  0.84371108E-001  0.17428203E+001  0.12063627E+002  0.59173118E+002  0.13400207E+003  0.34790471E+003  0.65682841E+003
 -0.82433499E+000 -0.64308210E+000 -0.27719935E+000 -0.66076985E-004  0.84371115E-001  0.17428204E+001  0.12063626E+002  0.59173118E+002  0.13400207E+003  0.34790471E+003  0.65682841E+003
 -0.82433499E+000 -0.64308210E+000 -0.27719935E+000 -0.66076982E-004  0.84371122E-001  0.17428206E+001  0.12063626E+002  0.59173118E+002  0.13400207E+003  0.34790471E+003  0.65682841E+003
 -0.82433499E+000 -0.64308211E+000 -0.27719934E+000 -0.66076979E-004  0.84371130E-001  0.17428208E+001  0.12063626E+002  0.59173118E+002  0.13400207E+003  0.34790471E+003  0.65682841E+003
 -0.82433499E+000 -0.64308211E+000 -0.27719934E+000 -0.66076977E-004  0.84371138E-001  0.17428209E+001  0.12063626E+002  0.59173118E+002  0.13400207E+003  0.34790471E+003  0.65682841E+003
 -0.82433499E+000 -0.64308211E+000 -0.27719934E+000 -0.66076975E-004  0.84371147E-001  0.17428211E+001  0.12063626E+002  0.59173118E+002  0.13400207E+003  0.34790471E+003  0.65682841E+003
 -0.82433499E+000 -0.64308211E+000 -0.27719934E+000 -0.66076974E-004  0.84371156E-001  0.17428212E+001  0.12063626E+002  0.59173118E+002  0.13400207E+003  0.34790471E+003  0.65682841E+003
 -0.82433499E+000 -0.64308211E+000 -0.27719934E+000 -0.66076976E-004  0.84371165E-001  0.17428214E+001  0.12063626E+002  0.59173118E+002  0.13400207E+003  0.34790471E+003  0.65682841E+003
 -0.82433500E+000 -0.64308211E+000 -0.27719933E+000 -0.66076970E-004  0.84371179E-001  0.17428215E+001  0.12063626E+002  0.59173118E+002  0.13400207E+003  0.34790471E+003  0.65682841E+003
 -0.82433495E+000 -0.64308203E+000 -0.27719932E+000 -0.66076946E-004  0.84371197E-001  0.17428217E+001  0.12063627E+002  0.59173118E+002  0.13400207E+003  0.34790471E+003  0.65682841E+003
