  0.15948798E+000  0.20781834E+000  0.40295080E+000  0.60928863E+000  0.92367689E+000  0.10644075E+001  0.15869113E+001  0.34846633E+001  0.50762532E+001  0.88248684E+001  0.14132596E+002
  0.15910977E+000  0.20722711E+000  0.40185313E+000  0.60758320E+000  0.92172307E+000  0.10622165E+001  0.15820725E+001  0.34808666E+001  0.50643577E+001  0.87841087E+001  0.14065894E+002
  0.15911071E+000  0.20668961E+000  0.40139117E+000  0.60544591E+000  0.92016659E+000  0.10604183E+001  0.15781708E+001  0.34773018E+001  0.50573160E+001  0.87507008E+001  0.14016343E+002
  0.15867385E+000  0.20633697E+000  0.40077980E+000  0.60455310E+000  0.91885197E+000  0.10590287E+001  0.15749453E+001  0.34740102E+001  0.50498217E+001  0.87311065E+001  0.13978523E+002
  0.15852555E+000  0.20635697E+000  0.40049935E+000  0.60360190E+000  0.91783428E+000  0.10578633E+001  0.15723361E+001  0.34733232E+001  0.50461234E+001  0.87128838E+001  0.13948802E+002
  0.15856350E+000  0.20610393E+000  0.40017024E+000  0.60307843E+000  0.91710876E+000  0.10569505E+001  0.15704148E+001  0.34731743E+001  0.50432502E+001  0.86983735E+001  0.13925123E+002
  0.15850064E+000  0.20587794E+000  0.39998851E+000  0.60268699E+000  0.91648094E+000  0.10562061E+001  0.15690507E+001  0.34719947E+001  0.50411154E+001  0.86867404E+001  0.13905875E+002
  0.15853607E+000  0.20585790E+000  0.39979760E+000  0.60238594E+000  0.91594507E+000  0.10555925E+001  0.15677042E+001  0.34709550E+001  0.50395336E+001  0.86769999E+001  0.13890292E+002
  0.15836423E+000  0.20572475E+000  0.39965740E+000  0.60213766E+000  0.91543410E+000  0.10550854E+001  0.15666568E+001  0.34697443E+001  0.50380248E+001  0.86688774E+001  0.13877532E+002
  0.15824176E+000  0.20554507E+000  0.39950309E+000  0.60189961E+000  0.91512362E+000  0.10546628E+001  0.15656670E+001  0.34685922E+001  0.50369529E+001  0.86625866E+001  0.13866997E+002
  0.15811141E+000  0.20544075E+000  0.39940764E+000  0.60175446E+000  0.91484791E+000  0.10543138E+001  0.15649667E+001  0.34676407E+001  0.50360020E+001  0.86576059E+001  0.13858350E+002
  0.15801437E+000  0.20534538E+000  0.39938627E+000  0.60162287E+000  0.91457714E+000  0.10540190E+001  0.15643039E+001  0.34668876E+001  0.50347922E+001  0.86529124E+001  0.13851108E+002
  0.15800476E+000  0.20529687E+000  0.39931924E+000  0.60150217E+000  0.91434024E+000  0.10537748E+001  0.15639307E+001  0.34665718E+001  0.50339857E+001  0.86492179E+001  0.13845128E+002
  0.15794159E+000  0.20523318E+000  0.39926817E+000  0.60140987E+000  0.91413812E+000  0.10535732E+001  0.15635273E+001  0.34659637E+001  0.50333182E+001  0.86461839E+001  0.13840121E+002
  0.15790635E+000  0.20518936E+000  0.39923302E+000  0.60135151E+000  0.91402681E+000  0.10533981E+001  0.15631294E+001  0.34656739E+001  0.50328854E+001  0.86436714E+001  0.13836028E+002
  0.15780149E+000  0.20513772E+000  0.39920064E+000  0.60125966E+000  0.91391767E+000  0.10532545E+001  0.15628075E+001  0.34654511E+001  0.50325429E+001  0.86415704E+001  0.13832499E+002
  0.15775470E+000  0.20509952E+000  0.39917355E+000  0.60121439E+000  0.91381867E+000  0.10531349E+001  0.15625633E+001  0.34654335E+001  0.50322627E+001  0.86398247E+001  0.13829613E+002
  0.15772104E+000  0.20506580E+000  0.39915089E+000  0.60118765E+000  0.91373856E+000  0.10530341E+001  0.15623799E+001  0.34653606E+001  0.50320282E+001  0.86383566E+001  0.13827211E+002
  0.15770042E+000  0.20503710E+000  0.39912872E+000  0.60116367E+000  0.91366290E+000  0.10529509E+001  0.15622341E+001  0.34652301E+001  0.50318399E+001  0.86368663E+001  0.13825178E+002
  0.15769063E+000  0.20500787E+000  0.39911755E+000  0.60109806E+000  0.91359522E+000  0.10528810E+001  0.15621156E+001  0.34649916E+001  0.50316835E+001  0.86359035E+001  0.13823491E+002
  0.15767192E+000  0.20498522E+000  0.39910635E+000  0.60109015E+000  0.91353948E+000  0.10528233E+001  0.15620226E+001  0.34650955E+001  0.50315578E+001  0.86351056E+001  0.13822089E+002
  0.15762281E+000  0.20497371E+000  0.39909828E+000  0.60105718E+000  0.91349384E+000  0.10527758E+001  0.15619509E+001  0.34650502E+001  0.50314578E+001  0.86344453E+001  0.13820925E+002
  0.15760573E+000  0.20495866E+000  0.39908898E+000  0.60107365E+000  0.91345595E+000  0.10527363E+001  0.15618954E+001  0.34649356E+001  0.50313766E+001  0.86338916E+001  0.13819947E+002
  0.15759369E+000  0.20494503E+000  0.39908154E+000  0.60106065E+000  0.91342792E+000  0.10527040E+001  0.15618528E+001  0.34648439E+001  0.50313127E+001  0.86329692E+001  0.13819132E+002
  0.15758382E+000  0.20492471E+000  0.39907880E+000  0.60104773E+000  0.91339994E+000  0.10526778E+001  0.15618360E+001  0.34647707E+001  0.50312636E+001  0.86325963E+001  0.13818453E+002
  0.15757567E+000  0.20492422E+000  0.39907250E+000  0.60102388E+000  0.91337953E+000  0.10526621E+001  0.15619387E+001  0.34648325E+001  0.50312256E+001  0.86322830E+001  0.13817880E+002
  0.15757528E+000  0.20491178E+000  0.39906773E+000  0.60104047E+000  0.91336328E+000  0.10526395E+001  0.15617906E+001  0.34647663E+001  0.50311978E+001  0.86320213E+001  0.13817399E+002
  0.15756375E+000  0.20490587E+000  0.39906980E+000  0.60100423E+000  0.91338951E+000  0.10526260E+001  0.15617846E+001  0.34647090E+001  0.50311781E+001  0.86318007E+001  0.13816991E+002
  0.15755943E+000  0.20491885E+000  0.39906249E+000  0.60099689E+000  0.91334036E+000  0.10526162E+001  0.15617842E+001  0.34646648E+001  0.50311663E+001  0.86316135E+001  0.13816644E+002
  0.15755599E+000  0.20489479E+000  0.39906070E+000  0.60099085E+000  0.91333262E+000  0.10526132E+001  0.15617880E+001  0.34646313E+001  0.50313057E+001  0.86314526E+001  0.13816343E+002
  0.15755328E+000  0.20489216E+000  0.39906528E+000  0.60098593E+000  0.91332687E+000  0.10526101E+001  0.15617956E+001  0.34646069E+001  0.50313519E+001  0.86313133E+001  0.13816081E+002
  0.15755118E+000  0.20489022E+000  0.39905828E+000  0.60098275E+000  0.91332270E+000  0.10526067E+001  0.15618060E+001  0.34645900E+001  0.50313327E+001  0.86311903E+001  0.13815848E+002
  0.15754958E+000  0.20488884E+000  0.39905751E+000  0.60098620E+000  0.91331987E+000  0.10526031E+001  0.15618187E+001  0.34645794E+001  0.50313207E+001  0.86310801E+001  0.13815637E+002
  0.15754839E+000  0.20488792E+000  0.39905881E+000  0.60098851E+000  0.91331811E+000  0.10525992E+001  0.15618330E+001  0.34645742E+001  0.50313146E+001  0.86309793E+001  0.13815443E+002
  0.15754755E+000  0.20488738E+000  0.39906055E+000  0.60098994E+000  0.91331728E+000  0.10525950E+001  0.15618487E+001  0.34645741E+001  0.50313135E+001  0.86308859E+001  0.13815262E+002
  0.15754697E+000  0.20488713E+000  0.39906179E+000  0.60099060E+000  0.91331714E+000  0.10525915E+001  0.15618653E+001  0.34645781E+001  0.50313160E+001  0.86307969E+001  0.13815088E+002
  0.15754663E+000  0.20488812E+000  0.39906267E+000  0.60099070E+000  0.91331765E+000  0.10525922E+001  0.15618827E+001  0.34645863E+001  0.50313218E+001  0.86307116E+001  0.13814920E+002
  0.15754646E+000  0.20488961E+000  0.39906324E+000  0.60099032E+000  0.91331860E+000  0.10525933E+001  0.15619005E+001  0.34645982E+001  0.50313300E+001  0.86306275E+001  0.13814754E+002
  0.15754645E+000  0.20489041E+000  0.39906364E+000  0.60098963E+000  0.91331999E+000  0.10525950E+001  0.15619186E+001  0.34646139E+001  0.50313403E+001  0.86305446E+001  0.13814590E+002
  0.15754655E+000  0.20489068E+000  0.39906388E+000  0.60098868E+000  0.91332170E+000  0.10525970E+001  0.15619367E+001  0.34646331E+001  0.50313523E+001  0.86304615E+001  0.13814424E+002
  0.15754675E+000  0.20489058E+000  0.39906405E+000  0.60098757E+000  0.91332370E+000  0.10525993E+001  0.15619547E+001  0.34646560E+001  0.50313657E+001  0.86303777E+001  0.13814256E+002
  0.15754704E+000  0.20489022E+000  0.39906419E+000  0.60098637E+000  0.91332594E+000  0.10526018E+001  0.15619726E+001  0.34646825E+001  0.50313803E+001  0.86302930E+001  0.13814086E+002
  0.15754739E+000  0.20488997E+000  0.39906432E+000  0.60098515E+000  0.91336973E+000  0.10526046E+001  0.15619903E+001  0.34647129E+001  0.50313959E+001  0.86302069E+001  0.13813912E+002
  0.15754781E+000  0.20489072E+000  0.39906450E+000  0.60098393E+000  0.91336696E+000  0.10526076E+001  0.15620077E+001  0.34647470E+001  0.50314125E+001  0.86301194E+001  0.13813735E+002
  0.15754826E+000  0.20489150E+000  0.39906470E+000  0.60098274E+000  0.91336419E+000  0.10526108E+001  0.15620247E+001  0.34647850E+001  0.50314297E+001  0.86300298E+001  0.13813554E+002
  0.15754877E+000  0.20489232E+000  0.39906498E+000  0.60098164E+000  0.91336146E+000  0.10526141E+001  0.15620413E+001  0.34648270E+001  0.50314477E+001  0.86299388E+001  0.13813369E+002
  0.15754931E+000  0.20489318E+000  0.39906535E+000  0.60098066E+000  0.91335877E+000  0.10526273E+001  0.15620576E+001  0.34652394E+001  0.50314666E+001  0.86298464E+001  0.13813181E+002
  0.15754989E+000  0.20489407E+000  0.39906579E+000  0.60097978E+000  0.91335607E+000  0.10526257E+001  0.15620734E+001  0.34665060E+001  0.50314860E+001  0.86297521E+001  0.13812989E+002
  0.15755051E+000  0.20489499E+000  0.39906635E+000  0.60097907E+000  0.91335342E+000  0.10526250E+001  0.15620889E+001  0.34665128E+001  0.50315063E+001  0.86296567E+001  0.13812794E+002
  0.15755115E+000  0.20489594E+000  0.39906699E+000  0.60097849E+000  0.91335076E+000  0.10526289E+001  0.15621707E+001  0.34665217E+001  0.50315270E+001  0.86295596E+001  0.13812595E+002
  0.15755183E+000  0.20489691E+000  0.39906774E+000  0.60097808E+000  0.91335334E+000  0.10526330E+001  0.15621715E+001  0.34665328E+001  0.50315484E+001  0.86294614E+001  0.13812393E+002
  0.15755253E+000  0.20489790E+000  0.39906860E+000  0.60097783E+000  0.91335701E+000  0.10526371E+001  0.15621737E+001  0.34665460E+001  0.50315704E+001  0.86293621E+001  0.13812189E+002
  0.15755326E+000  0.20489892E+000  0.39906954E+000  0.60097775E+000  0.91336077E+000  0.10526414E+001  0.15621773E+001  0.34665611E+001  0.50315929E+001  0.86292618E+001  0.13811982E+002
  0.15755401E+000  0.20489996E+000  0.39907758E+000  0.60097783E+000  0.91336462E+000  0.10526457E+001  0.15621821E+001  0.34665782E+001  0.50316160E+001  0.86291605E+001  0.13811773E+002
  0.15755478E+000  0.20490102E+000  0.39907863E+000  0.60104027E+000  0.91336856E+000  0.10526502E+001  0.15621880E+001  0.34665972E+001  0.50316396E+001  0.86290586E+001  0.13811562E+002
  0.15755557E+000  0.20490211E+000  0.39907976E+000  0.60103932E+000  0.91337258E+000  0.10526547E+001  0.15621949E+001  0.34666178E+001  0.50316636E+001  0.86289561E+001  0.13811349E+002
  0.15755639E+000  0.20490320E+000  0.39908096E+000  0.60103848E+000  0.91337667E+000  0.10526593E+001  0.15622026E+001  0.34666400E+001  0.50317075E+001  0.86288530E+001  0.13811135E+002
  0.15755722E+000  0.20490432E+000  0.39908222E+000  0.60103778E+000  0.91338083E+000  0.10526640E+001  0.15622112E+001  0.34666787E+001  0.50317195E+001  0.86287497E+001  0.13810921E+002
  0.15755806E+000  0.20490544E+000  0.39908561E+000  0.60104901E+000  0.91338504E+000  0.10526687E+001  0.15622204E+001  0.34667236E+001  0.50319003E+001  0.86286461E+001  0.13810705E+002
  0.15755891E+000  0.20490658E+000  0.39908694E+000  0.60104575E+000  0.91338929E+000  0.10526829E+001  0.15622426E+001  0.34667686E+001  0.50318474E+001  0.86285424E+001  0.13810489E+002
  0.15755978E+000  0.20490773E+000  0.39908834E+000  0.60104259E+000  0.91339360E+000  0.10526856E+001  0.15622427E+001  0.34668138E+001  0.50318259E+001  0.86284389E+001  0.13810273E+002
  0.15756065E+000  0.20490889E+000  0.39909049E+000  0.60103954E+000  0.91339793E+000  0.10526885E+001  0.15622429E+001  0.34668590E+001  0.50318620E+001  0.86283356E+001  0.13810056E+002
  0.15756154E+000  0.20491005E+000  0.39909191E+000  0.60103658E+000  0.91340228E+000  0.10526914E+001  0.15623111E+001  0.34669042E+001  0.50318982E+001  0.86282327E+001  0.13809841E+002
  0.15756242E+000  0.20491122E+000  0.39909337E+000  0.60103374E+000  0.91340665E+000  0.10526944E+001  0.15622968E+001  0.34669492E+001  0.50319344E+001  0.86281304E+001  0.13809627E+002
  0.15756331E+000  0.20491239E+000  0.39909487E+000  0.60103100E+000  0.91341102E+000  0.10526978E+001  0.15622829E+001  0.34669941E+001  0.50320989E+001  0.86280287E+001  0.13809413E+002
  0.15756420E+000  0.20491356E+000  0.39909639E+000  0.60102837E+000  0.91341538E+000  0.10527027E+001  0.15622822E+001  0.34670388E+001  0.50320976E+001  0.86279279E+001  0.13809201E+002
  0.15756508E+000  0.20491473E+000  0.39909794E+000  0.60102583E+000  0.91346332E+000  0.10527076E+001  0.15622917E+001  0.34670832E+001  0.50321021E+001  0.86278280E+001  0.13808992E+002
  0.15756596E+000  0.20491589E+000  0.39909951E+000  0.60102340E+000  0.91346710E+000  0.10527124E+001  0.15623010E+001  0.34671273E+001  0.50321124E+001  0.86277293E+001  0.13808784E+002
  0.15756684E+000  0.20491705E+000  0.39910109E+000  0.60102107E+000  0.91346528E+000  0.10527172E+001  0.15623101E+001  0.34671710E+001  0.50321281E+001  0.86276319E+001  0.13808579E+002
  0.15756770E+000  0.20491820E+000  0.39910266E+000  0.60101884E+000  0.91346350E+000  0.10527220E+001  0.15623189E+001  0.34672142E+001  0.50321492E+001  0.86275359E+001  0.13808376E+002
  0.15756856E+000  0.20491934E+000  0.39910424E+000  0.60101670E+000  0.91346351E+000  0.10527267E+001  0.15623274E+001  0.34672569E+001  0.50321838E+001  0.86274415E+001  0.13808177E+002
  0.15756940E+000  0.20492046E+000  0.39910580E+000  0.60101465E+000  0.91346361E+000  0.10527313E+001  0.15623356E+001  0.34672990E+001  0.50322182E+001  0.86273487E+001  0.13807982E+002
  0.15757023E+000  0.20492158E+000  0.39910735E+000  0.60101269E+000  0.91346372E+000  0.10527359E+001  0.15623436E+001  0.34673405E+001  0.50322520E+001  0.86272577E+001  0.13807789E+002
  0.15757104E+000  0.20492267E+000  0.39910887E+000  0.60101081E+000  0.91346382E+000  0.10527404E+001  0.15623513E+001  0.34673813E+001  0.50322852E+001  0.86271687E+001  0.13807601E+002
  0.15757184E+000  0.20492375E+000  0.39911039E+000  0.60100901E+000  0.91346391E+000  0.10527448E+001  0.15623587E+001  0.34674213E+001  0.50324778E+001  0.86270816E+001  0.13807417E+002
  0.15757262E+000  0.20492480E+000  0.39911188E+000  0.60108813E+000  0.91346397E+000  0.10527491E+001  0.15623658E+001  0.34674606E+001  0.50324272E+001  0.86269967E+001  0.13807238E+002
  0.15757337E+000  0.20492583E+000  0.39911334E+000  0.60108423E+000  0.91346401E+000  0.10527533E+001  0.15623727E+001  0.34674989E+001  0.50323869E+001  0.86269140E+001  0.13807063E+002
  0.15757411E+000  0.20492683E+000  0.39911474E+000  0.60109426E+000  0.91346436E+000  0.10527574E+001  0.15623793E+001  0.34675364E+001  0.50324171E+001  0.86268335E+001  0.13806893E+002
  0.15757482E+000  0.20492781E+000  0.39911610E+000  0.60108987E+000  0.91346791E+000  0.10527613E+001  0.15623856E+001  0.34675728E+001  0.50324480E+001  0.86267554E+001  0.13806728E+002
  0.15757550E+000  0.20492876E+000  0.39911741E+000  0.60108564E+000  0.91347134E+000  0.10527652E+001  0.15623916E+001  0.34676083E+001  0.50324780E+001  0.86266797E+001  0.13806568E+002
  0.15757616E+000  0.20492968E+000  0.39911866E+000  0.60108155E+000  0.91347466E+000  0.10527689E+001  0.15623974E+001  0.34676426E+001  0.50325069E+001  0.86266066E+001  0.13806413E+002
  0.15757680E+000  0.20493057E+000  0.39911985E+000  0.60107763E+000  0.91352230E+000  0.10527725E+001  0.15624028E+001  0.34676758E+001  0.50325348E+001  0.86265360E+001  0.13806264E+002
  0.15757741E+000  0.20493143E+000  0.39912099E+000  0.60107386E+000  0.91352077E+000  0.10527759E+001  0.15624081E+001  0.34677078E+001  0.50325615E+001  0.86264680E+001  0.13806120E+002
  0.15757799E+000  0.20493226E+000  0.39912206E+000  0.60107025E+000  0.91351929E+000  0.10527792E+001  0.15624130E+001  0.34677386E+001  0.50325872E+001  0.86264026E+001  0.13805982E+002
  0.15757854E+000  0.20493305E+000  0.39912309E+000  0.60106679E+000  0.91351787E+000  0.10527823E+001  0.15624178E+001  0.34677681E+001  0.50326117E+001  0.86263399E+001  0.13805849E+002
  0.15757907E+000  0.20493382E+000  0.39912405E+000  0.60106349E+000  0.91351650E+000  0.10527853E+001  0.15624222E+001  0.34677963E+001  0.50326351E+001  0.86262799E+001  0.13805723E+002
  0.15757958E+000  0.20493454E+000  0.39912496E+000  0.60106034E+000  0.91351519E+000  0.10527882E+001  0.15624265E+001  0.34684394E+001  0.50326574E+001  0.86262226E+001  0.13805602E+002
  0.15758005E+000  0.20493524E+000  0.39912582E+000  0.60105735E+000  0.91351393E+000  0.10527909E+001  0.15624305E+001  0.34684439E+001  0.50326785E+001  0.86261679E+001  0.13805486E+002
  0.15758051E+000  0.20494992E+000  0.39912662E+000  0.60105451E+000  0.91351273E+000  0.10527935E+001  0.15624342E+001  0.34684483E+001  0.50326986E+001  0.86261160E+001  0.13805377E+002
  0.15758093E+000  0.20495014E+000  0.39912738E+000  0.60105181E+000  0.91351159E+000  0.10527959E+001  0.15624378E+001  0.34684526E+001  0.50327175E+001  0.86260667E+001  0.13805273E+002
  0.15758134E+000  0.20495034E+000  0.39912809E+000  0.60104927E+000  0.91351050E+000  0.10527982E+001  0.15624412E+001  0.34684569E+001  0.50327354E+001  0.86260201E+001  0.13805174E+002
  0.15758172E+000  0.20495054E+000  0.39912876E+000  0.60104687E+000  0.91350948E+000  0.10528004E+001  0.15624443E+001  0.34684610E+001  0.50327523E+001  0.86259760E+001  0.13805081E+002
  0.15758208E+000  0.20495073E+000  0.39912938E+000  0.60104462E+000  0.91350850E+000  0.10528024E+001  0.15624473E+001  0.34684649E+001  0.50327681E+001  0.86259345E+001  0.13804994E+002
  0.15758241E+000  0.20495090E+000  0.39912996E+000  0.60104250E+000  0.91350759E+000  0.10528043E+001  0.15624501E+001  0.34684687E+001  0.50327830E+001  0.86258954E+001  0.13804912E+002
  0.15758272E+000  0.20495106E+000  0.39913050E+000  0.60104051E+000  0.91350797E+000  0.10528061E+001  0.15624527E+001  0.34684724E+001  0.50327969E+001  0.86258588E+001  0.13804834E+002
  0.15758302E+000  0.20495122E+000  0.39913101E+000  0.60103866E+000  0.91350947E+000  0.10528078E+001  0.15624551E+001  0.34684759E+001  0.50328099E+001  0.86258245E+001  0.13804762E+002
  0.15758329E+000  0.20495137E+000  0.39913148E+000  0.60103693E+000  0.91351087E+000  0.10528202E+001  0.15624574E+001  0.34684792E+001  0.50328219E+001  0.86257924E+001  0.13804694E+002
  0.15758355E+000  0.20495150E+000  0.39913192E+000  0.60103533E+000  0.91351218E+000  0.10528178E+001  0.15624595E+001  0.34684823E+001  0.50328332E+001  0.86257625E+001  0.13804631E+002
  0.15758379E+000  0.20495163E+000  0.39913232E+000  0.60103383E+000  0.91351340E+000  0.10528156E+001  0.15624615E+001  0.34684852E+001  0.50328436E+001  0.86257347E+001  0.13804573E+002
  0.15758400E+000  0.20495176E+000  0.39913270E+000  0.60103245E+000  0.91351452E+000  0.10528136E+001  0.15624633E+001  0.34684879E+001  0.50328532E+001  0.86257090E+001  0.13804519E+002
  0.15758421E+000  0.20495187E+000  0.39913305E+000  0.60103118E+000  0.91351557E+000  0.10528146E+001  0.15624650E+001  0.34684904E+001  0.50328620E+001  0.86256851E+001  0.13804468E+002
  0.15758440E+000  0.20495198E+000  0.39913337E+000  0.60103000E+000  0.91351653E+000  0.10528157E+001  0.15624666E+001  0.34684928E+001  0.50328701E+001  0.86256630E+001  0.13804422E+002
  0.15758457E+000  0.20495208E+000  0.39913367E+000  0.60102892E+000  0.91351742E+000  0.10528167E+001  0.15624680E+001  0.34684949E+001  0.50328778E+001  0.86256427E+001  0.13804379E+002
  0.15758473E+000  0.20495217E+000  0.39913394E+000  0.60102792E+000  0.91351824E+000  0.10528176E+001  0.15624693E+001  0.34684969E+001  0.50328849E+001  0.86256240E+001  0.13804339E+002
  0.15758487E+000  0.20495226E+000  0.39913420E+000  0.60102702E+000  0.91351899E+000  0.10528184E+001  0.15624705E+001  0.34684987E+001  0.50328913E+001  0.86256068E+001  0.13804303E+002
  0.15758501E+000  0.20495234E+000  0.39913443E+000  0.60102619E+000  0.91351967E+000  0.10528192E+001  0.15624716E+001  0.34685003E+001  0.50328971E+001  0.86255911E+001  0.13804270E+002
  0.15758513E+000  0.20495241E+000  0.39913464E+000  0.60102543E+000  0.91352030E+000  0.10528199E+001  0.15624726E+001  0.34685018E+001  0.50329023E+001  0.86255767E+001  0.13804240E+002
  0.15761862E+000  0.20495248E+000  0.39913484E+000  0.60102475E+000  0.91352087E+000  0.10528205E+001  0.15624735E+001  0.34685031E+001  0.50329069E+001  0.86255637E+001  0.13804212E+002
  0.15761853E+000  0.20495254E+000  0.39913501E+000  0.60102413E+000  0.91352139E+000  0.10528211E+001  0.15624744E+001  0.34685043E+001  0.50329109E+001  0.86255518E+001  0.13804188E+002
  0.15761844E+000  0.20495259E+000  0.39913517E+000  0.60102357E+000  0.91352185E+000  0.10528216E+001  0.15624751E+001  0.34685053E+001  0.50329144E+001  0.86255410E+001  0.13804165E+002
  0.15761837E+000  0.20495264E+000  0.39913532E+000  0.60102307E+000  0.91352228E+000  0.10528221E+001  0.15624758E+001  0.34685062E+001  0.50329174E+001  0.86255313E+001  0.13804145E+002
  0.15761830E+000  0.20495269E+000  0.39913545E+000  0.60102263E+000  0.91352266E+000  0.10528225E+001  0.15624764E+001  0.34685069E+001  0.50329200E+001  0.86255226E+001  0.13804126E+002
  0.15761823E+000  0.20495273E+000  0.39913557E+000  0.60102223E+000  0.91352300E+000  0.10528229E+001  0.15624769E+001  0.34685076E+001  0.50329221E+001  0.86255147E+001  0.13804110E+002
  0.15761817E+000  0.20495276E+000  0.39913568E+000  0.60102189E+000  0.91352330E+000  0.10528232E+001  0.15624774E+001  0.34685081E+001  0.50329238E+001  0.86255077E+001  0.13804095E+002
  0.15761812E+000  0.20495279E+000  0.39913578E+000  0.60102166E+000  0.91352357E+000  0.10528235E+001  0.15624779E+001  0.34685085E+001  0.50329251E+001  0.86255015E+001  0.13804082E+002
  0.15761807E+000  0.20495282E+000  0.39913587E+000  0.60102147E+000  0.91352381E+000  0.10528238E+001  0.15624782E+001  0.34685089E+001  0.50329260E+001  0.86254959E+001  0.13804070E+002
  0.15761803E+000  0.20495284E+000  0.39913594E+000  0.60102130E+000  0.91352402E+000  0.10528240E+001  0.15624786E+001  0.34685091E+001  0.50329266E+001  0.86254910E+001  0.13804060E+002
  0.15761799E+000  0.20495286E+000  0.39913601E+000  0.60102115E+000  0.91352420E+000  0.10528242E+001  0.15624789E+001  0.34685093E+001  0.50329269E+001  0.86254868E+001  0.13804051E+002
  0.15761796E+000  0.20495288E+000  0.39913608E+000  0.60102104E+000  0.91352436E+000  0.10528244E+001  0.15624792E+001  0.34685094E+001  0.50329269E+001  0.86254830E+001  0.13804044E+002
  0.15761793E+000  0.20495289E+000  0.39913613E+000  0.60102094E+000  0.91352449E+000  0.10528246E+001  0.15624794E+001  0.34685095E+001  0.50329267E+001  0.86254798E+001  0.13804037E+002
  0.15761790E+000  0.20495290E+000  0.39913618E+000  0.60102086E+000  0.91352461E+000  0.10528247E+001  0.15624796E+001  0.34685095E+001  0.50329262E+001  0.86254770E+001  0.13804031E+002
  0.15761787E+000  0.20495290E+000  0.39913622E+000  0.60102080E+000  0.91352471E+000  0.10528248E+001  0.15624798E+001  0.34685095E+001  0.50329254E+001  0.86254746E+001  0.13804027E+002
  0.15761785E+000  0.20495291E+000  0.39913625E+000  0.60102076E+000  0.91352479E+000  0.10528249E+001  0.15624800E+001  0.34685094E+001  0.50329245E+001  0.86254727E+001  0.13804023E+002
  0.15761783E+000  0.20495291E+000  0.39913628E+000  0.60102073E+000  0.91352485E+000  0.10528250E+001  0.15624801E+001  0.34685092E+001  0.50329234E+001  0.86254710E+001  0.13804019E+002
  0.15761782E+000  0.20495290E+000  0.39913631E+000  0.60102072E+000  0.91352490E+000  0.10528250E+001  0.15624803E+001  0.34685091E+001  0.50329221E+001  0.86254697E+001  0.13804017E+002
  0.15761780E+000  0.20495290E+000  0.39913633E+000  0.60102072E+000  0.91352494E+000  0.10528251E+001  0.15624804E+001  0.34685089E+001  0.50329207E+001  0.86254686E+001  0.13804015E+002
  0.15761779E+000  0.20495290E+000  0.39913635E+000  0.60102072E+000  0.91352497E+000  0.10528251E+001  0.15624805E+001  0.34685086E+001  0.50329192E+001  0.86254678E+001  0.13804013E+002
  0.15761778E+000  0.20495289E+000  0.39913636E+000  0.60102074E+000  0.91352499E+000  0.10528251E+001  0.15624806E+001  0.34685084E+001  0.50329175E+001  0.86254673E+001  0.13804012E+002
  0.15761777E+000  0.20495288E+000  0.39913637E+000  0.60102077E+000  0.91352499E+000  0.10528251E+001  0.15624807E+001  0.34685082E+001  0.50329158E+001  0.86254669E+001  0.13804012E+002
  0.15761776E+000  0.20495287E+000  0.39913637E+000  0.60102080E+000  0.91352499E+000  0.10528251E+001  0.15624808E+001  0.34685079E+001  0.50329139E+001  0.86254667E+001  0.13804012E+002
  0.15761775E+000  0.20495286E+000  0.39913637E+000  0.60102083E+000  0.91352499E+000  0.10528251E+001  0.15624808E+001  0.34685076E+001  0.50329121E+001  0.86254667E+001  0.13804012E+002
  0.15761774E+000  0.20495285E+000  0.39913637E+000  0.60102087E+000  0.91352497E+000  0.10528251E+001  0.15624809E+001  0.34685073E+001  0.50329102E+001  0.86254668E+001  0.13804012E+002
  0.15761774E+000  0.20495283E+000  0.39913637E+000  0.60102092E+000  0.91352495E+000  0.10528251E+001  0.15624810E+001  0.34685070E+001  0.50329084E+001  0.86254670E+001  0.13804013E+002
  0.15761774E+000  0.20495282E+000  0.39913636E+000  0.60102096E+000  0.91352493E+000  0.10528250E+001  0.15624810E+001  0.34685067E+001  0.50329066E+001  0.86254674E+001  0.13804014E+002
  0.15761773E+000  0.20495281E+000  0.39913635E+000  0.60102101E+000  0.91352490E+000  0.10528250E+001  0.15624811E+001  0.34685065E+001  0.50329048E+001  0.86254678E+001  0.13804015E+002
  0.15761773E+000  0.20495279E+000  0.39913634E+000  0.60102106E+000  0.91352487E+000  0.10528250E+001  0.15624811E+001  0.34685062E+001  0.50329031E+001  0.86254683E+001  0.13804017E+002
  0.15761773E+000  0.20495278E+000  0.39913632E+000  0.60102111E+000  0.91352484E+000  0.10528249E+001  0.15624812E+001  0.34685059E+001  0.50329013E+001  0.86254689E+001  0.13804018E+002
  0.15761772E+000  0.20495276E+000  0.39913631E+000  0.60102116E+000  0.91352480E+000  0.10528249E+001  0.15624812E+001  0.34685056E+001  0.50328995E+001  0.86254695E+001  0.13804020E+002
  0.15761772E+000  0.20495275E+000  0.39913629E+000  0.60102121E+000  0.91352476E+000  0.10528248E+001  0.15624812E+001  0.34685054E+001  0.50328978E+001  0.86254702E+001  0.13804022E+002
  0.15761772E+000  0.20495273E+000  0.39913627E+000  0.60102126E+000  0.91352472E+000  0.10528248E+001  0.15624813E+001  0.34685051E+001  0.50328961E+001  0.86254709E+001  0.13804023E+002
  0.15761772E+000  0.20495272E+000  0.39913625E+000  0.60102131E+000  0.91352467E+000  0.10528247E+001  0.15624813E+001  0.34685049E+001  0.50328945E+001  0.86254717E+001  0.13804025E+002
  0.15761772E+000  0.20495270E+000  0.39913623E+000  0.60102136E+000  0.91352463E+000  0.10528247E+001  0.15624813E+001  0.34685046E+001  0.50328929E+001  0.86254725E+001  0.13804027E+002
  0.15761772E+000  0.20495269E+000  0.39913620E+000  0.60102140E+000  0.91352459E+000  0.10528246E+001  0.15624813E+001  0.34685044E+001  0.50328913E+001  0.86254733E+001  0.13804029E+002
  0.15761772E+000  0.20495267E+000  0.39913618E+000  0.60102144E+000  0.91352454E+000  0.10528246E+001  0.15624814E+001  0.34685042E+001  0.50328898E+001  0.86254741E+001  0.13804031E+002
  0.15761772E+000  0.20495266E+000  0.39913615E+000  0.60102148E+000  0.91352450E+000  0.10528245E+001  0.15624814E+001  0.34685040E+001  0.50328884E+001  0.86254749E+001  0.13804033E+002
  0.15761772E+000  0.20495264E+000  0.39913613E+000  0.60102152E+000  0.91352445E+000  0.10528245E+001  0.15624814E+001  0.34685038E+001  0.50328871E+001  0.86254757E+001  0.13804035E+002
  0.15761772E+000  0.20495263E+000  0.39913610E+000  0.60102155E+000  0.91352441E+000  0.10528244E+001  0.15624814E+001  0.34685037E+001  0.50328858E+001  0.86254765E+001  0.13804037E+002
  0.15761772E+000  0.20495261E+000  0.39913607E+000  0.60102158E+000  0.91352436E+000  0.10528244E+001  0.15624814E+001  0.34685035E+001  0.50328846E+001  0.86254773E+001  0.13804039E+002
  0.15761772E+000  0.20495260E+000  0.39913605E+000  0.60102161E+000  0.91352432E+000  0.10528244E+001  0.15624814E+001  0.34685034E+001  0.50328835E+001  0.86254780E+001  0.13804041E+002
  0.15761772E+000  0.20495259E+000  0.39913602E+000  0.60102163E+000  0.91352428E+000  0.10528243E+001  0.15624814E+001  0.34685033E+001  0.50328824E+001  0.86254788E+001  0.13804043E+002
  0.15761772E+000  0.20495257E+000  0.39913599E+000  0.60102166E+000  0.91352424E+000  0.10528243E+001  0.15624813E+001  0.34685032E+001  0.50328815E+001  0.86254796E+001  0.13804045E+002
  0.15761772E+000  0.20495256E+000  0.39913597E+000  0.60102167E+000  0.91352420E+000  0.10528242E+001  0.15624813E+001  0.34685031E+001  0.50328806E+001  0.86254803E+001  0.13804046E+002
  0.15761772E+000  0.20495255E+000  0.39913594E+000  0.60102169E+000  0.91352416E+000  0.10528242E+001  0.15624813E+001  0.34685030E+001  0.50328798E+001  0.86254810E+001  0.13804048E+002
  0.15761772E+000  0.20495254E+000  0.39913591E+000  0.60102170E+000  0.91352412E+000  0.10528241E+001  0.15624813E+001  0.34685030E+001  0.50328791E+001  0.86254817E+001  0.13804050E+002
  0.15761772E+000  0.20495253E+000  0.39913589E+000  0.60102172E+000  0.91352409E+000  0.10528241E+001  0.15624812E+001  0.34685029E+001  0.50328785E+001  0.86254823E+001  0.13804051E+002
  0.15761772E+000  0.20495252E+000  0.39913586E+000  0.60102172E+000  0.91352405E+000  0.10528241E+001  0.15624812E+001  0.34685029E+001  0.50328780E+001  0.86254829E+001  0.13804053E+002
  0.15761771E+000  0.20495251E+000  0.39913584E+000  0.60102173E+000  0.91352402E+000  0.10528240E+001  0.15624812E+001  0.34685029E+001  0.50328775E+001  0.86254835E+001  0.13804054E+002
  0.15761771E+000  0.20495250E+000  0.39913581E+000  0.60102173E+000  0.91352399E+000  0.10528240E+001  0.15624811E+001  0.34685029E+001  0.50328771E+001  0.86254841E+001  0.13804056E+002
  0.15761771E+000  0.20495249E+000  0.39913579E+000  0.60102174E+000  0.91352396E+000  0.10528239E+001  0.15624811E+001  0.34685029E+001  0.50328768E+001  0.86254846E+001  0.13804057E+002
  0.15761771E+000  0.20495248E+000  0.39913577E+000  0.60102174E+000  0.91352393E+000  0.10528239E+001  0.15624810E+001  0.34685029E+001  0.50328766E+001  0.86254851E+001  0.13804058E+002
  0.15761771E+000  0.20495248E+000  0.39913575E+000  0.60102174E+000  0.91352390E+000  0.10528239E+001  0.15624810E+001  0.34685029E+001  0.50328764E+001  0.86254856E+001  0.13804060E+002
  0.15761771E+000  0.20495247E+000  0.39913573E+000  0.60102173E+000  0.91352388E+000  0.10528239E+001  0.15624809E+001  0.34685029E+001  0.50328763E+001  0.86254861E+001  0.13804061E+002
  0.15761771E+000  0.20495246E+000  0.39913571E+000  0.60102173E+000  0.91352386E+000  0.10528238E+001  0.15624809E+001  0.34685030E+001  0.50328763E+001  0.86254865E+001  0.13804062E+002
  0.15761771E+000  0.20495246E+000  0.39913569E+000  0.60102172E+000  0.91352383E+000  0.10528238E+001  0.15624808E+001  0.34685030E+001  0.50328763E+001  0.86254869E+001  0.13804063E+002
  0.15761771E+000  0.20495245E+000  0.39913567E+000  0.60102172E+000  0.91352381E+000  0.10528238E+001  0.15624808E+001  0.34685030E+001  0.50328764E+001  0.86254873E+001  0.13804063E+002
  0.15761771E+000  0.20495245E+000  0.39913566E+000  0.60102171E+000  0.91352379E+000  0.10528238E+001  0.15624807E+001  0.34685031E+001  0.50328765E+001  0.86254877E+001  0.13804064E+002
  0.15761771E+000  0.20495244E+000  0.39913564E+000  0.60102170E+000  0.91352378E+000  0.10528237E+001  0.15624806E+001  0.34685031E+001  0.50328767E+001  0.86254880E+001  0.13804065E+002
  0.15761771E+000  0.20495244E+000  0.39913563E+000  0.60102169E+000  0.91352376E+000  0.10528237E+001  0.15624806E+001  0.34685032E+001  0.50328769E+001  0.86254883E+001  0.13804066E+002
  0.15761771E+000  0.20495243E+000  0.39913561E+000  0.60102168E+000  0.91352375E+000  0.10528237E+001  0.15624805E+001  0.34685033E+001  0.50328772E+001  0.86254886E+001  0.13804066E+002
  0.15761771E+000  0.20495243E+000  0.39913560E+000  0.60102167E+000  0.91352373E+000  0.10528237E+001  0.15624805E+001  0.34685033E+001  0.50328775E+001  0.86254888E+001  0.13804067E+002
  0.15761771E+000  0.20495243E+000  0.39913559E+000  0.60102166E+000  0.91352372E+000  0.10528237E+001  0.15624804E+001  0.34685034E+001  0.50328779E+001  0.86254891E+001  0.13804067E+002
  0.15761771E+000  0.20495242E+000  0.39913558E+000  0.60102165E+000  0.91352371E+000  0.10528237E+001  0.15624804E+001  0.34685035E+001  0.50328782E+001  0.86254893E+001  0.13804068E+002
  0.15761771E+000  0.20495242E+000  0.39913557E+000  0.60102163E+000  0.91352370E+000  0.10528237E+001  0.15624803E+001  0.34685035E+001  0.50328786E+001  0.86254895E+001  0.13804068E+002
  0.15761771E+000  0.20495242E+000  0.39913556E+000  0.60102162E+000  0.91352369E+000  0.10528237E+001  0.15624803E+001  0.34685036E+001  0.50328790E+001  0.86254897E+001  0.13804068E+002
  0.15761770E+000  0.20495242E+000  0.39913555E+000  0.60102161E+000  0.91352369E+000  0.10528237E+001  0.15624802E+001  0.34685036E+001  0.50328794E+001  0.86254898E+001  0.13804069E+002
  0.15761770E+000  0.20495242E+000  0.39913555E+000  0.60102160E+000  0.91352368E+000  0.10528236E+001  0.15624802E+001  0.34685037E+001  0.50328799E+001  0.86254900E+001  0.13804069E+002
  0.15761770E+000  0.20495241E+000  0.39913554E+000  0.60102159E+000  0.91352368E+000  0.10528236E+001  0.15624801E+001  0.34685038E+001  0.50328803E+001  0.86254901E+001  0.13804069E+002
  0.15761770E+000  0.20495241E+000  0.39913554E+000  0.60102158E+000  0.91352367E+000  0.10528236E+001  0.15624801E+001  0.34685038E+001  0.50328807E+001  0.86254903E+001  0.13804069E+002
  0.15761770E+000  0.20495241E+000  0.39913553E+000  0.60102156E+000  0.91352367E+000  0.10528236E+001  0.15624800E+001  0.34685039E+001  0.50328812E+001  0.86254904E+001  0.13804069E+002
  0.15761770E+000  0.20495241E+000  0.39913553E+000  0.60102155E+000  0.91352366E+000  0.10528236E+001  0.15624800E+001  0.34685039E+001  0.50328816E+001  0.86254905E+001  0.13804070E+002
  0.15761770E+000  0.20495241E+000  0.39913552E+000  0.60102154E+000  0.91352366E+000  0.10528236E+001  0.15624799E+001  0.34685039E+001  0.50328820E+001  0.86254906E+001  0.13804070E+002
  0.15761770E+000  0.20495241E+000  0.39913552E+000  0.60102153E+000  0.91352366E+000  0.10528236E+001  0.15624799E+001  0.34685040E+001  0.50328825E+001  0.86254906E+001  0.13804070E+002
  0.15761770E+000  0.20495241E+000  0.39913552E+000  0.60102152E+000  0.91352366E+000  0.10528236E+001  0.15624798E+001  0.34685040E+001  0.50328829E+001  0.86254907E+001  0.13804070E+002
  0.15761770E+000  0.20495241E+000  0.39913551E+000  0.60102151E+000  0.91352366E+000  0.10528236E+001  0.15624798E+001  0.34685040E+001  0.50328833E+001  0.86254908E+001  0.13804070E+002
  0.15761770E+000  0.20495241E+000  0.39913551E+000  0.60102150E+000  0.91352366E+000  0.10528236E+001  0.15624798E+001  0.34685041E+001  0.50328836E+001  0.86254908E+001  0.13804070E+002
  0.15761770E+000  0.20495241E+000  0.39913551E+000  0.60102149E+000  0.91352366E+000  0.10528236E+001  0.15624797E+001  0.34685041E+001  0.50328840E+001  0.86254909E+001  0.13804070E+002
  0.15761770E+000  0.20495241E+000  0.39913551E+000  0.60102148E+000  0.91352366E+000  0.10528236E+001  0.15624797E+001  0.34685041E+001  0.50328843E+001  0.86254909E+001  0.13804070E+002
  0.15761770E+000  0.20495241E+000  0.39913551E+000  0.60102148E+000  0.91352366E+000  0.10528236E+001  0.15624797E+001  0.34685041E+001  0.50328847E+001  0.86254909E+001  0.13804070E+002
  0.15761770E+000  0.20495241E+000  0.39913551E+000  0.60102147E+000  0.91352366E+000  0.10528236E+001  0.15624797E+001  0.34685041E+001  0.50328849E+001  0.86254910E+001  0.13804069E+002
  0.15761770E+000  0.20495241E+000  0.39913551E+000  0.60102146E+000  0.91352367E+000  0.10528236E+001  0.15624796E+001  0.34685042E+001  0.50328852E+001  0.86254910E+001  0.13804069E+002
  0.15761769E+000  0.20495241E+000  0.39913551E+000  0.60102145E+000  0.91352367E+000  0.10528236E+001  0.15624796E+001  0.34685042E+001  0.50328855E+001  0.86254910E+001  0.13804069E+002
  0.15761769E+000  0.20495241E+000  0.39913551E+000  0.60102145E+000  0.91352367E+000  0.10528236E+001  0.15624796E+001  0.34685042E+001  0.50328857E+001  0.86254910E+001  0.13804069E+002
  0.15761769E+000  0.20495241E+000  0.39913551E+000  0.60102144E+000  0.91352367E+000  0.10528236E+001  0.15624796E+001  0.34685042E+001  0.50328859E+001  0.86254911E+001  0.13804069E+002
  0.15761769E+000  0.20495241E+000  0.39913551E+000  0.60102144E+000  0.91352367E+000  0.10528236E+001  0.15624796E+001  0.34685041E+001  0.50328861E+001  0.86254911E+001  0.13804069E+002
  0.15761769E+000  0.20495241E+000  0.39913551E+000  0.60102143E+000  0.91352368E+000  0.10528237E+001  0.15624795E+001  0.34685041E+001  0.50328862E+001  0.86254911E+001  0.13804069E+002
  0.15761769E+000  0.20495241E+000  0.39913551E+000  0.60102143E+000  0.91352368E+000  0.10528237E+001  0.15624795E+001  0.34685041E+001  0.50328864E+001  0.86254911E+001  0.13804069E+002
  0.15761769E+000  0.20495241E+000  0.39913551E+000  0.60102142E+000  0.91352368E+000  0.10528237E+001  0.15624795E+001  0.34685041E+001  0.50328865E+001  0.86254910E+001  0.13804069E+002
  0.15761769E+000  0.20495241E+000  0.39913551E+000  0.60102142E+000  0.91352369E+000  0.10528237E+001  0.15624795E+001  0.34685041E+001  0.50328866E+001  0.86254910E+001  0.13804068E+002
  0.15761769E+000  0.20495242E+000  0.39913551E+000  0.60102142E+000  0.91352369E+000  0.10528237E+001  0.15624795E+001  0.34685041E+001  0.50328866E+001  0.86254909E+001  0.13804068E+002
  0.15761768E+000  0.20495241E+000  0.39913552E+000  0.60102141E+000  0.91352371E+000  0.10528237E+001  0.15624796E+001  0.34685040E+001  0.50328866E+001  0.86254908E+001  0.13804068E+002
