  0.00000000E+000  0.00000000E+000  0.00000000E+000  0.00000000E+000  0.41866621E-001  0.36616586E+000  0.69239396E+001  0.46436678E+002  0.11357450E+003  0.30065250E+003  0.59030111E+003
  0.00000000E+000  0.00000000E+000  0.00000000E+000  0.00000000E+000  0.41906293E-001  0.36627564E+000  0.69256021E+001  0.46448242E+002  0.11359929E+003  0.30071406E+003  0.59041166E+003
  0.00000000E+000  0.00000000E+000  0.00000000E+000  0.00000000E+000  0.41942650E-001  0.36636763E+000  0.69269723E+001  0.46457444E+002  0.11361849E+003  0.30076084E+003  0.59049539E+003
  0.00000000E+000  0.00000000E+000  0.00000000E+000  0.00000000E+000  0.41974616E-001  0.36644564E+000  0.69281086E+001  0.46464901E+002  0.11363378E+003  0.30079755E+003  0.59056068E+003
  0.00000000E+000  0.00000000E+000  0.00000000E+000  0.00000000E+000  0.42002093E-001  0.36651238E+000  0.69290580E+001  0.46471020E+002  0.11364618E+003  0.30082701E+003  0.59061274E+003
  0.00000000E+000  0.00000000E+000  0.00000000E+000  0.00000000E+000  0.42025663E-001  0.36656985E+000  0.69298566E+001  0.46476087E+002  0.11365637E+003  0.30085107E+003  0.59065499E+003
  0.00000000E+000  0.00000000E+000  0.00000000E+000  0.00000000E+000  0.42045791E-001  0.36661960E+000  0.69305327E+001  0.46480315E+002  0.11366483E+003  0.30087098E+003  0.59068978E+003
  0.00000000E+000  0.00000000E+000  0.00000000E+000  0.00000000E+000  0.42062977E-001  0.36666286E+000  0.69311086E+001  0.46483865E+002  0.11367192E+003  0.30088763E+003  0.59071880E+003
  0.00000000E+000  0.00000000E+000  0.00000000E+000  0.00000000E+000  0.42077714E-001  0.36670063E+000  0.69316020E+001  0.46486865E+002  0.11367790E+003  0.30090170E+003  0.59074326E+003
  0.00000000E+000  0.00000000E+000  0.00000000E+000  0.00000000E+000  0.42090450E-001  0.36673373E+000  0.69320271E+001  0.46489415E+002  0.11368298E+003  0.30091368E+003  0.59076408E+003
  0.00000000E+000  0.00000000E+000  0.00000000E+000  0.00000000E+000  0.42101566E-001  0.36676286E+000  0.69323957E+001  0.46491593E+002  0.11368732E+003  0.30092396E+003  0.59078197E+003
  0.00000000E+000  0.00000000E+000  0.00000000E+000  0.00000000E+000  0.42111378E-001  0.36678861E+000  0.69327174E+001  0.46493469E+002  0.11369106E+003  0.30093287E+003  0.59079750E+003
  0.00000000E+000  0.00000000E+000  0.00000000E+000  0.00000000E+000  0.42120141E-001  0.36681148E+000  0.69329999E+001  0.46495091E+002  0.11369430E+003  0.30094064E+003  0.59081107E+003
  0.00000000E+000  0.00000000E+000  0.00000000E+000  0.00000000E+000  0.42128063E-001  0.36683191E+000  0.69332498E+001  0.46496504E+002  0.11369713E+003  0.30094749E+003  0.59082306E+003
  0.00000000E+000  0.00000000E+000  0.00000000E+000  0.00000000E+000  0.42135306E-001  0.36685027E+000  0.69334724E+001  0.46497745E+002  0.11369963E+003  0.30095356E+003  0.59083374E+003
  0.00000000E+000  0.00000000E+000  0.00000000E+000  0.00000000E+000  0.42142002E-001  0.36686688E+000  0.69336723E+001  0.46498843E+002  0.11370184E+003  0.30095901E+003  0.59084335E+003
  0.00000000E+000  0.00000000E+000  0.00000000E+000  0.00000000E+000  0.42148259E-001  0.36688202E+000  0.69338534E+001  0.46499823E+002  0.11370383E+003  0.30096394E+003  0.59085208E+003
  0.00000000E+000  0.00000000E+000  0.00000000E+000  0.00000000E+000  0.42154159E-001  0.36689593E+000  0.69340188E+001  0.46500706E+002  0.11370563E+003  0.30096846E+003  0.59086010E+003
  0.00000000E+000  0.00000000E+000  0.00000000E+000  0.00000000E+000  0.42159772E-001  0.36690878E+000  0.69341711E+001  0.46501508E+002  0.11370728E+003  0.30097262E+003  0.59086753E+003
  0.00000000E+000  0.00000000E+000  0.00000000E+000  0.00000000E+000  0.42165154E-001  0.36692077E+000  0.69343128E+001  0.46502245E+002  0.11370880E+003  0.30097651E+003  0.59087449E+003
  0.00000000E+000  0.00000000E+000  0.00000000E+000  0.00000000E+000  0.42170350E-001  0.36693203E+000  0.69344457E+001  0.46502929E+002  0.11371022E+003  0.30098017E+003  0.59088107E+003
  0.00000000E+000  0.00000000E+000  0.00000000E+000  0.00000000E+000  0.42175396E-001  0.36694269E+000  0.69345715E+001  0.46503570E+002  0.11371156E+003  0.30098366E+003  0.59088735E+003
  0.00000000E+000  0.00000000E+000  0.00000000E+000  0.00000000E+000  0.42180325E-001  0.36695286E+000  0.69346917E+001  0.46504177E+002  0.11371284E+003  0.30098701E+003  0.59089339E+003
  0.00000000E+000  0.00000000E+000  0.00000000E+000  0.00000000E+000  0.42185161E-001  0.36696262E+000  0.69348073E+001  0.46504758E+002  0.11371406E+003  0.30099026E+003  0.59089927E+003
  0.00000000E+000  0.00000000E+000  0.00000000E+000  0.00000000E+000  0.42189925E-001  0.36697205E+000  0.69349195E+001  0.46505319E+002  0.11371526E+003  0.30099344E+003  0.59090501E+003
  0.00000000E+000  0.00000000E+000  0.00000000E+000  0.00000000E+000  0.42194636E-001  0.36698122E+000  0.69350291E+001  0.46505865E+002  0.11371643E+003  0.30099656E+003  0.59091068E+003
  0.00000000E+000  0.00000000E+000  0.00000000E+000  0.00000000E+000  0.42199308E-001  0.36699019E+000  0.69351368E+001  0.46506402E+002  0.11371758E+003  0.30099965E+003  0.59091630E+003
  0.00000000E+000  0.00000000E+000  0.00000000E+000  0.00000000E+000  0.42203953E-001  0.36699901E+000  0.69352433E+001  0.46506933E+002  0.11371872E+003  0.30100274E+003  0.59092190E+003
  0.00000000E+000  0.00000000E+000  0.00000000E+000  0.00000000E+000  0.42208582E-001  0.36700772E+000  0.69353491E+001  0.46507462E+002  0.11371987E+003  0.30100583E+003  0.59092751E+003
  0.00000000E+000  0.00000000E+000  0.00000000E+000  0.00000000E+000  0.42213204E-001  0.36701636E+000  0.69354547E+001  0.46507992E+002  0.11372101E+003  0.30100893E+003  0.59093316E+003
  0.00000000E+000  0.00000000E+000  0.00000000E+000  0.00000000E+000  0.42217825E-001  0.36702495E+000  0.69355604E+001  0.46508525E+002  0.11372217E+003  0.30101207E+003  0.59093887E+003
  0.00000000E+000  0.00000000E+000  0.00000000E+000  0.00000000E+000  0.42222452E-001  0.36703354E+000  0.69356666E+001  0.46509064E+002  0.11372334E+003  0.30101525E+003  0.59094464E+003
  0.00000000E+000  0.00000000E+000  0.00000000E+000  0.00000000E+000  0.42227087E-001  0.36704213E+000  0.69357735E+001  0.46509610E+002  0.11372453E+003  0.30101847E+003  0.59095051E+003
  0.00000000E+000  0.00000000E+000  0.00000000E+000  0.00000000E+000  0.42231733E-001  0.36705075E+000  0.69358813E+001  0.46510164E+002  0.11372574E+003  0.30102175E+003  0.59095648E+003
  0.00000000E+000  0.00000000E+000  0.00000000E+000  0.00000000E+000  0.42236391E-001  0.36705943E+000  0.69359902E+001  0.46510729E+002  0.11372697E+003  0.30102509E+003  0.59096255E+003
  0.00000000E+000  0.00000000E+000  0.00000000E+000  0.00000000E+000  0.42241059E-001  0.36706817E+000  0.69361003E+001  0.46511305E+002  0.11372822E+003  0.30102850E+003  0.59096875E+003
  0.00000000E+000  0.00000000E+000  0.00000000E+000  0.00000000E+000  0.42245734E-001  0.36707699E+000  0.69362117E+001  0.46511893E+002  0.11372951E+003  0.30103198E+003  0.59097507E+003
  0.00000000E+000  0.00000000E+000  0.00000000E+000  0.00000000E+000  0.42250412E-001  0.36708589E+000  0.69363245E+001  0.46512494E+002  0.11373081E+003  0.30103553E+003  0.59098153E+003
  0.00000000E+000  0.00000000E+000  0.00000000E+000  0.00000000E+000  0.42255086E-001  0.36709490E+000  0.69364387E+001  0.46513108E+002  0.11373215E+003  0.30103916E+003  0.59098813E+003
  0.00000000E+000  0.00000000E+000  0.00000000E+000  0.00000000E+000  0.42259746E-001  0.36710401E+000  0.69365544E+001  0.46513736E+002  0.11373352E+003  0.30104286E+003  0.59099486E+003
  0.00000000E+000  0.00000000E+000  0.00000000E+000  0.00000000E+000  0.42264382E-001  0.36711324E+000  0.69366716E+001  0.46514377E+002  0.11373491E+003  0.30104665E+003  0.59100174E+003
  0.00000000E+000  0.00000000E+000  0.00000000E+000  0.00000000E+000  0.42268981E-001  0.36712258E+000  0.69367903E+001  0.46515033E+002  0.11373633E+003  0.30105051E+003  0.59100877E+003
  0.00000000E+000  0.00000000E+000  0.00000000E+000  0.00000000E+000  0.42273528E-001  0.36713206E+000  0.69369105E+001  0.46515702E+002  0.11373779E+003  0.30105446E+003  0.59101594E+003
  0.00000000E+000  0.00000000E+000  0.00000000E+000  0.00000000E+000  0.42278005E-001  0.36714166E+000  0.69370322E+001  0.46516385E+002  0.11373927E+003  0.30105848E+003  0.59102325E+003
  0.00000000E+000  0.00000000E+000  0.00000000E+000  0.00000000E+000  0.42282394E-001  0.36715140E+000  0.69371555E+001  0.46517083E+002  0.11374078E+003  0.30106258E+003  0.59103070E+003
  0.00000000E+000  0.00000000E+000  0.00000000E+000  0.00000000E+000  0.42286674E-001  0.36716127E+000  0.69372802E+001  0.46517793E+002  0.11374231E+003  0.30106675E+003  0.59103830E+003
  0.00000000E+000  0.00000000E+000  0.00000000E+000  0.00000000E+000  0.42290824E-001  0.36717128E+000  0.69374065E+001  0.46518517E+002  0.11374387E+003  0.30107100E+003  0.59104603E+003
  0.00000000E+000  0.00000000E+000  0.00000000E+000  0.00000000E+000  0.42294821E-001  0.36718144E+000  0.69375342E+001  0.46519254E+002  0.11374546E+003  0.30107532E+003  0.59105389E+003
  0.00000000E+000  0.00000000E+000  0.00000000E+000  0.00000000E+000  0.42298643E-001  0.36719173E+000  0.69376633E+001  0.46520002E+002  0.11374707E+003  0.30107971E+003  0.59106187E+003
  0.00000000E+000  0.00000000E+000  0.00000000E+000  0.00000000E+000  0.42302265E-001  0.36720217E+000  0.69377937E+001  0.46520763E+002  0.11374871E+003  0.30108416E+003  0.59106998E+003
  0.00000000E+000  0.00000000E+000  0.00000000E+000  0.00000000E+000  0.42305665E-001  0.36721275E+000  0.69379254E+001  0.46521535E+002  0.11375036E+003  0.30108867E+003  0.59107820E+003
  0.00000000E+000  0.00000000E+000  0.00000000E+000  0.00000000E+000  0.42308820E-001  0.36722346E+000  0.69380582E+001  0.46522318E+002  0.11375204E+003  0.30109324E+003  0.59108653E+003
  0.00000000E+000  0.00000000E+000  0.00000000E+000  0.00000000E+000  0.42311708E-001  0.36723432E+000  0.69381921E+001  0.46523110E+002  0.11375373E+003  0.30109786E+003  0.59109496E+003
  0.00000000E+000  0.00000000E+000  0.00000000E+000  0.00000000E+000  0.42314308E-001  0.36724531E+000  0.69383269E+001  0.46523912E+002  0.11375544E+003  0.30110252E+003  0.59110347E+003
  0.00000000E+000  0.00000000E+000  0.00000000E+000  0.00000000E+000  0.42316603E-001  0.36725643E+000  0.69384625E+001  0.46524722E+002  0.11375717E+003  0.30110723E+003  0.59111207E+003
  0.00000000E+000  0.00000000E+000  0.00000000E+000  0.00000000E+000  0.42318576E-001  0.36726768E+000  0.69385986E+001  0.46525539E+002  0.11375891E+003  0.30111197E+003  0.59112074E+003
  0.00000000E+000  0.00000000E+000  0.00000000E+000  0.00000000E+000  0.42320211E-001  0.36727906E+000  0.69387351E+001  0.46526363E+002  0.11376065E+003  0.30111675E+003  0.59112947E+003
  0.00000000E+000  0.00000000E+000  0.00000000E+000  0.00000000E+000  0.42321496E-001  0.36729057E+000  0.69388718E+001  0.46527193E+002  0.11376241E+003  0.30112154E+003  0.59113825E+003
  0.00000000E+000  0.00000000E+000  0.00000000E+000  0.00000000E+000  0.42322423E-001  0.36730219E+000  0.69390085E+001  0.46528027E+002  0.11376417E+003  0.30112635E+003  0.59114706E+003
  0.00000000E+000  0.00000000E+000  0.00000000E+000  0.00000000E+000  0.42322984E-001  0.36731393E+000  0.69391450E+001  0.46528865E+002  0.11376594E+003  0.30113118E+003  0.59115590E+003
  0.00000000E+000  0.00000000E+000  0.00000000E+000  0.00000000E+000  0.42323177E-001  0.36732579E+000  0.69392812E+001  0.46529705E+002  0.11376770E+003  0.30113600E+003  0.59116476E+003
  0.00000000E+000  0.00000000E+000  0.00000000E+000  0.00000000E+000  0.42322999E-001  0.36733777E+000  0.69394167E+001  0.46530546E+002  0.11376947E+003  0.30114082E+003  0.59117361E+003
  0.00000000E+000  0.00000000E+000  0.00000000E+000  0.00000000E+000  0.42322455E-001  0.36734985E+000  0.69395514E+001  0.46531387E+002  0.11377123E+003  0.30114563E+003  0.59118246E+003
  0.00000000E+000  0.00000000E+000  0.00000000E+000  0.00000000E+000  0.42321549E-001  0.36736205E+000  0.69396852E+001  0.46532226E+002  0.11377299E+003  0.30115042E+003  0.59119128E+003
  0.00000000E+000  0.00000000E+000  0.00000000E+000  0.00000000E+000  0.42320289E-001  0.36737435E+000  0.69398177E+001  0.46533063E+002  0.11377474E+003  0.30115518E+003  0.59120006E+003
  0.00000000E+000  0.00000000E+000  0.00000000E+000  0.00000000E+000  0.42318687E-001  0.36738675E+000  0.69399490E+001  0.46533896E+002  0.11377648E+003  0.30115991E+003  0.59120879E+003
  0.00000000E+000  0.00000000E+000  0.00000000E+000  0.00000000E+000  0.42316757E-001  0.36739925E+000  0.69400787E+001  0.46534723E+002  0.11377820E+003  0.30116460E+003  0.59121745E+003
  0.00000000E+000  0.00000000E+000  0.00000000E+000  0.00000000E+000  0.42314513E-001  0.36741185E+000  0.69402067E+001  0.46535544E+002  0.11377991E+003  0.30116923E+003  0.59122604E+003
  0.00000000E+000  0.00000000E+000  0.00000000E+000  0.00000000E+000  0.42311976E-001  0.36742453E+000  0.69403328E+001  0.46536356E+002  0.11378161E+003  0.30117382E+003  0.59123454E+003
  0.00000000E+000  0.00000000E+000  0.00000000E+000  0.00000000E+000  0.42309164E-001  0.36743728E+000  0.69404570E+001  0.46537158E+002  0.11378328E+003  0.30117833E+003  0.59124293E+003
  0.00000000E+000  0.00000000E+000  0.00000000E+000  0.00000000E+000  0.42306099E-001  0.36745011E+000  0.69405790E+001  0.46537949E+002  0.11378492E+003  0.30118278E+003  0.59125121E+003
  0.00000000E+000  0.00000000E+000  0.00000000E+000  0.00000000E+000  0.42302805E-001  0.36746297E+000  0.69406988E+001  0.46538728E+002  0.11378654E+003  0.30118715E+003  0.59125936E+003
  0.00000000E+000  0.00000000E+000  0.00000000E+000  0.00000000E+000  0.42299305E-001  0.36747587E+000  0.69408161E+001  0.46539493E+002  0.11378814E+003  0.30119143E+003  0.59126737E+003
  0.00000000E+000  0.00000000E+000  0.00000000E+000  0.00000000E+000  0.42295623E-001  0.36748878E+000  0.69409309E+001  0.46540242E+002  0.11378970E+003  0.30119563E+003  0.59127524E+003
  0.00000000E+000  0.00000000E+000  0.00000000E+000  0.00000000E+000  0.42291785E-001  0.36750167E+000  0.69410431E+001  0.46540975E+002  0.11379123E+003  0.30119973E+003  0.59128294E+003
  0.00000000E+000  0.00000000E+000  0.00000000E+000  0.00000000E+000  0.42287815E-001  0.36751452E+000  0.69411525E+001  0.46541690E+002  0.11379273E+003  0.30120373E+003  0.59129048E+003
  0.00000000E+000  0.00000000E+000  0.00000000E+000  0.00000000E+000  0.42283737E-001  0.36752728E+000  0.69412591E+001  0.46542385E+002  0.11379419E+003  0.30120762E+003  0.59129784E+003
  0.00000000E+000  0.00000000E+000  0.00000000E+000  0.00000000E+000  0.42279575E-001  0.36753993E+000  0.69413629E+001  0.46543060E+002  0.11379560E+003  0.30121141E+003  0.59130501E+003
  0.00000000E+000  0.00000000E+000  0.00000000E+000  0.00000000E+000  0.42275353E-001  0.36755242E+000  0.69414637E+001  0.46543714E+002  0.11379698E+003  0.30121507E+003  0.59131199E+003
  0.00000000E+000  0.00000000E+000  0.00000000E+000  0.00000000E+000  0.42271093E-001  0.36756470E+000  0.69415616E+001  0.46544345E+002  0.11379832E+003  0.30121863E+003  0.59131878E+003
  0.00000000E+000  0.00000000E+000  0.00000000E+000  0.00000000E+000  0.42266815E-001  0.36757674E+000  0.69416564E+001  0.46544952E+002  0.11379961E+003  0.30122206E+003  0.59132536E+003
  0.00000000E+000  0.00000000E+000  0.00000000E+000  0.00000000E+000  0.42262539E-001  0.36758847E+000  0.69417483E+001  0.46545535E+002  0.11380085E+003  0.30122536E+003  0.59133173E+003
  0.00000000E+000  0.00000000E+000  0.00000000E+000  0.00000000E+000  0.42258284E-001  0.36759985E+000  0.69418373E+001  0.46546092E+002  0.11380205E+003  0.30122854E+003  0.59133789E+003
  0.00000000E+000  0.00000000E+000  0.00000000E+000  0.00000000E+000  0.42254067E-001  0.36761082E+000  0.69419233E+001  0.46546624E+002  0.11380319E+003  0.30123159E+003  0.59134383E+003
  0.00000000E+000  0.00000000E+000  0.00000000E+000  0.00000000E+000  0.42249902E-001  0.36762133E+000  0.69420065E+001  0.46547128E+002  0.11380429E+003  0.30123452E+003  0.59134955E+003
  0.00000000E+000  0.00000000E+000  0.00000000E+000  0.00000000E+000  0.42245805E-001  0.36763133E+000  0.69420868E+001  0.46547606E+002  0.11380533E+003  0.30123731E+003  0.59135506E+003
  0.00000000E+000  0.00000000E+000  0.00000000E+000  0.00000000E+000  0.42241786E-001  0.36764075E+000  0.69421645E+001  0.46548057E+002  0.11380633E+003  0.30123998E+003  0.59136035E+003
  0.00000000E+000  0.00000000E+000  0.00000000E+000  0.00000000E+000  0.42237858E-001  0.36764957E+000  0.69422395E+001  0.46548480E+002  0.11380727E+003  0.30124252E+003  0.59136542E+003
  0.00000000E+000  0.00000000E+000  0.00000000E+000  0.00000000E+000  0.42234029E-001  0.36765772E+000  0.69423120E+001  0.46548876E+002  0.11380816E+003  0.30124492E+003  0.59137028E+003
  0.00000000E+000  0.00000000E+000  0.00000000E+000  0.00000000E+000  0.42230309E-001  0.36766516E+000  0.69423822E+001  0.46549245E+002  0.11380900E+003  0.30124720E+003  0.59137491E+003
  0.00000000E+000  0.00000000E+000  0.00000000E+000  0.00000000E+000  0.42226703E-001  0.36767185E+000  0.69424501E+001  0.46549587E+002  0.11380979E+003  0.30124936E+003  0.59137934E+003
  0.00000000E+000  0.00000000E+000  0.00000000E+000  0.00000000E+000  0.42223218E-001  0.36767777E+000  0.69425158E+001  0.46549902E+002  0.11381052E+003  0.30125139E+003  0.59138356E+003
  0.00000000E+000  0.00000000E+000  0.00000000E+000  0.00000000E+000  0.42219858E-001  0.36768288E+000  0.69425796E+001  0.46550191E+002  0.11381121E+003  0.30125330E+003  0.59138758E+003
  0.00000000E+000  0.00000000E+000  0.00000000E+000  0.00000000E+000  0.42216627E-001  0.36768716E+000  0.69426416E+001  0.46550455E+002  0.11381184E+003  0.30125509E+003  0.59139140E+003
  0.00000000E+000  0.00000000E+000  0.00000000E+000  0.00000000E+000  0.42213527E-001  0.36769060E+000  0.69427019E+001  0.46550694E+002  0.11381243E+003  0.30125677E+003  0.59139502E+003
  0.00000000E+000  0.00000000E+000  0.00000000E+000  0.00000000E+000  0.42210561E-001  0.36769319E+000  0.69427606E+001  0.46550909E+002  0.11381297E+003  0.30125833E+003  0.59139845E+003
  0.00000000E+000  0.00000000E+000  0.00000000E+000  0.00000000E+000  0.42207727E-001  0.36769493E+000  0.69428180E+001  0.46551101E+002  0.11381346E+003  0.30125979E+003  0.59140170E+003
  0.00000000E+000  0.00000000E+000  0.00000000E+000  0.00000000E+000  0.42205028E-001  0.36769584E+000  0.69428740E+001  0.46551271E+002  0.11381391E+003  0.30126113E+003  0.59140477E+003
  0.00000000E+000  0.00000000E+000  0.00000000E+000  0.00000000E+000  0.42202463E-001  0.36769591E+000  0.69429290E+001  0.46551420E+002  0.11381432E+003  0.30126238E+003  0.59140767E+003
  0.00000000E+000  0.00000000E+000  0.00000000E+000  0.00000000E+000  0.42200029E-001  0.36769518E+000  0.69429829E+001  0.46551549E+002  0.11381468E+003  0.30126353E+003  0.59141040E+003
  0.00000000E+000  0.00000000E+000  0.00000000E+000  0.00000000E+000  0.42197726E-001  0.36769367E+000  0.69430358E+001  0.46551659E+002  0.11381500E+003  0.30126458E+003  0.59141298E+003
  0.00000000E+000  0.00000000E+000  0.00000000E+000  0.00000000E+000  0.42195552E-001  0.36769142E+000  0.69430880E+001  0.46551751E+002  0.11381528E+003  0.30126555E+003  0.59141540E+003
  0.00000000E+000  0.00000000E+000  0.00000000E+000  0.00000000E+000  0.42193503E-001  0.36768846E+000  0.69431394E+001  0.46551827E+002  0.11381553E+003  0.30126642E+003  0.59141768E+003
  0.00000000E+000  0.00000000E+000  0.00000000E+000  0.00000000E+000  0.42191578E-001  0.36768484E+000  0.69431900E+001  0.46551888E+002  0.11381574E+003  0.30126722E+003  0.59141982E+003
  0.00000000E+000  0.00000000E+000  0.00000000E+000  0.00000000E+000  0.42189772E-001  0.36768060E+000  0.69432400E+001  0.46551934E+002  0.11381591E+003  0.30126793E+003  0.59142182E+003
  0.00000000E+000  0.00000000E+000  0.00000000E+000  0.00000000E+000  0.42188082E-001  0.36767580E+000  0.69432893E+001  0.46551967E+002  0.11381605E+003  0.30126857E+003  0.59142369E+003
  0.00000000E+000  0.00000000E+000  0.00000000E+000  0.00000000E+000  0.42186505E-001  0.36767049E+000  0.69433380E+001  0.46551989E+002  0.11381617E+003  0.30126914E+003  0.59142545E+003
  0.00000000E+000  0.00000000E+000  0.00000000E+000  0.00000000E+000  0.42185036E-001  0.36766473E+000  0.69433859E+001  0.46552000E+002  0.11381625E+003  0.30126965E+003  0.59142709E+003
  0.00000000E+000  0.00000000E+000  0.00000000E+000  0.00000000E+000  0.42183672E-001  0.36765857E+000  0.69434331E+001  0.46552001E+002  0.11381631E+003  0.30127009E+003  0.59142862E+003
  0.00000000E+000  0.00000000E+000  0.00000000E+000  0.00000000E+000  0.42182409E-001  0.36765207E+000  0.69434794E+001  0.46551995E+002  0.11381634E+003  0.30127047E+003  0.59143004E+003
  0.00000000E+000  0.00000000E+000  0.00000000E+000  0.00000000E+000  0.42181241E-001  0.36764529E+000  0.69435248E+001  0.46551981E+002  0.11381634E+003  0.30127079E+003  0.59143136E+003
  0.00000000E+000  0.00000000E+000  0.00000000E+000  0.00000000E+000  0.42180165E-001  0.36763829E+000  0.69435692E+001  0.46551961E+002  0.11381633E+003  0.30127106E+003  0.59143260E+003
  0.00000000E+000  0.00000000E+000  0.00000000E+000  0.00000000E+000  0.42179177E-001  0.36763111E+000  0.69436124E+001  0.46551936E+002  0.11381629E+003  0.30127128E+003  0.59143374E+003
  0.00000000E+000  0.00000000E+000  0.00000000E+000  0.00000000E+000  0.42178272E-001  0.36762381E+000  0.69436543E+001  0.46551907E+002  0.11381624E+003  0.30127145E+003  0.59143479E+003
  0.00000000E+000  0.00000000E+000  0.00000000E+000  0.00000000E+000  0.42177446E-001  0.36761645E+000  0.69436948E+001  0.46551876E+002  0.11381617E+003  0.30127158E+003  0.59143577E+003
  0.00000000E+000  0.00000000E+000  0.00000000E+000  0.00000000E+000  0.42176695E-001  0.36760906E+000  0.69437336E+001  0.46551842E+002  0.11381608E+003  0.30127167E+003  0.59143667E+003
  0.00000000E+000  0.00000000E+000  0.00000000E+000  0.00000000E+000  0.42176015E-001  0.36760170E+000  0.69437707E+001  0.46551808E+002  0.11381598E+003  0.30127172E+003  0.59143750E+003
  0.00000000E+000  0.00000000E+000  0.00000000E+000  0.00000000E+000  0.42175401E-001  0.36759441E+000  0.69438058E+001  0.46551773E+002  0.11381587E+003  0.30127174E+003  0.59143827E+003
  0.00000000E+000  0.00000000E+000  0.00000000E+000  0.00000000E+000  0.42174850E-001  0.36758722E+000  0.69438389E+001  0.46551739E+002  0.11381575E+003  0.30127172E+003  0.59143897E+003
  0.00000000E+000  0.00000000E+000  0.00000000E+000  0.00000000E+000  0.42174358E-001  0.36758016E+000  0.69438696E+001  0.46551706E+002  0.11381561E+003  0.30127167E+003  0.59143960E+003
  0.00000000E+000  0.00000000E+000  0.00000000E+000  0.00000000E+000  0.42173921E-001  0.36757328E+000  0.69438980E+001  0.46551675E+002  0.11381547E+003  0.30127160E+003  0.59144018E+003
  0.00000000E+000  0.00000000E+000  0.00000000E+000  0.00000000E+000  0.42173535E-001  0.36756659E+000  0.69439238E+001  0.46551647E+002  0.11381532E+003  0.30127149E+003  0.59144071E+003
  0.00000000E+000  0.00000000E+000  0.00000000E+000  0.00000000E+000  0.42173197E-001  0.36756012E+000  0.69439469E+001  0.46551622E+002  0.11381517E+003  0.30127136E+003  0.59144118E+003
  0.00000000E+000  0.00000000E+000  0.00000000E+000  0.00000000E+000  0.42172904E-001  0.36755389E+000  0.69439673E+001  0.46551601E+002  0.11381501E+003  0.30127121E+003  0.59144161E+003
  0.00000000E+000  0.00000000E+000  0.00000000E+000  0.00000000E+000  0.42172652E-001  0.36754791E+000  0.69439849E+001  0.46551584E+002  0.11381485E+003  0.30127104E+003  0.59144199E+003
  0.00000000E+000  0.00000000E+000  0.00000000E+000  0.00000000E+000  0.42172438E-001  0.36754221E+000  0.69439995E+001  0.46551571E+002  0.11381469E+003  0.30127085E+003  0.59144232E+003
  0.00000000E+000  0.00000000E+000  0.00000000E+000  0.00000000E+000  0.42172260E-001  0.36753678E+000  0.69440112E+001  0.46551563E+002  0.11381453E+003  0.30127064E+003  0.59144262E+003
  0.00000000E+000  0.00000000E+000  0.00000000E+000  0.00000000E+000  0.42172114E-001  0.36753163E+000  0.69440200E+001  0.46551560E+002  0.11381437E+003  0.30127041E+003  0.59144287E+003
  0.00000000E+000  0.00000000E+000  0.00000000E+000  0.00000000E+000  0.42171999E-001  0.36752678E+000  0.69440258E+001  0.46551562E+002  0.11381421E+003  0.30127017E+003  0.59144309E+003
  0.00000000E+000  0.00000000E+000  0.00000000E+000  0.00000000E+000  0.42171910E-001  0.36752222E+000  0.69440288E+001  0.46551569E+002  0.11381405E+003  0.30126992E+003  0.59144327E+003
  0.00000000E+000  0.00000000E+000  0.00000000E+000  0.00000000E+000  0.42171846E-001  0.36751794E+000  0.69440289E+001  0.46551581E+002  0.11381390E+003  0.30126965E+003  0.59144341E+003
  0.00000000E+000  0.00000000E+000  0.00000000E+000  0.00000000E+000  0.42171805E-001  0.36751396E+000  0.69440262E+001  0.46551598E+002  0.11381375E+003  0.30126938E+003  0.59144353E+003
  0.00000000E+000  0.00000000E+000  0.00000000E+000  0.00000000E+000  0.42171784E-001  0.36751026E+000  0.69440209E+001  0.46551620E+002  0.11381361E+003  0.30126909E+003  0.59144361E+003
  0.00000000E+000  0.00000000E+000  0.00000000E+000  0.00000000E+000  0.42171782E-001  0.36750683E+000  0.69440131E+001  0.46551647E+002  0.11381348E+003  0.30126880E+003  0.59144367E+003
  0.00000000E+000  0.00000000E+000  0.00000000E+000  0.00000000E+000  0.42171796E-001  0.36750368E+000  0.69440029E+001  0.46551679E+002  0.11381335E+003  0.30126850E+003  0.59144369E+003
  0.00000000E+000  0.00000000E+000  0.00000000E+000  0.00000000E+000  0.42171824E-001  0.36750079E+000  0.69439905E+001  0.46551714E+002  0.11381323E+003  0.30126819E+003  0.59144369E+003
  0.00000000E+000  0.00000000E+000  0.00000000E+000  0.00000000E+000  0.42171866E-001  0.36749815E+000  0.69439760E+001  0.46551754E+002  0.11381311E+003  0.30126789E+003  0.59144367E+003
  0.00000000E+000  0.00000000E+000  0.00000000E+000  0.00000000E+000  0.42171918E-001  0.36749576E+000  0.69439596E+001  0.46551797E+002  0.11381301E+003  0.30126757E+003  0.59144362E+003
  0.00000000E+000  0.00000000E+000  0.00000000E+000  0.00000000E+000  0.42171981E-001  0.36749359E+000  0.69439416E+001  0.46551844E+002  0.11381291E+003  0.30126726E+003  0.59144355E+003
  0.00000000E+000  0.00000000E+000  0.00000000E+000  0.00000000E+000  0.42172051E-001  0.36749165E+000  0.69439221E+001  0.46551893E+002  0.11381283E+003  0.30126695E+003  0.59144345E+003
  0.00000000E+000  0.00000000E+000  0.00000000E+000  0.00000000E+000  0.42172129E-001  0.36748991E+000  0.69439014E+001  0.46551944E+002  0.11381275E+003  0.30126663E+003  0.59144334E+003
  0.00000000E+000  0.00000000E+000  0.00000000E+000  0.00000000E+000  0.42172213E-001  0.36748838E+000  0.69438795E+001  0.46551997E+002  0.11381269E+003  0.30126632E+003  0.59144320E+003
  0.00000000E+000  0.00000000E+000  0.00000000E+000  0.00000000E+000  0.42172301E-001  0.36748702E+000  0.69438567E+001  0.46552052E+002  0.11381263E+003  0.30126601E+003  0.59144305E+003
  0.00000000E+000  0.00000000E+000  0.00000000E+000  0.00000000E+000  0.42172394E-001  0.36748584E+000  0.69438333E+001  0.46552107E+002  0.11381259E+003  0.30126571E+003  0.59144288E+003
  0.00000000E+000  0.00000000E+000  0.00000000E+000  0.00000000E+000  0.42172488E-001  0.36748482E+000  0.69438094E+001  0.46552163E+002  0.11381255E+003  0.30126541E+003  0.59144269E+003
  0.00000000E+000  0.00000000E+000  0.00000000E+000  0.00000000E+000  0.42172585E-001  0.36748394E+000  0.69437851E+001  0.46552219E+002  0.11381252E+003  0.30126512E+003  0.59144249E+003
  0.00000000E+000  0.00000000E+000  0.00000000E+000  0.00000000E+000  0.42172683E-001  0.36748321E+000  0.69437606E+001  0.46552275E+002  0.11381251E+003  0.30126483E+003  0.59144228E+003
  0.00000000E+000  0.00000000E+000  0.00000000E+000  0.00000000E+000  0.42172781E-001  0.36748260E+000  0.69437362E+001  0.46552329E+002  0.11381250E+003  0.30126456E+003  0.59144205E+003
  0.00000000E+000  0.00000000E+000  0.00000000E+000  0.00000000E+000  0.42172879E-001  0.36748210E+000  0.69437120E+001  0.46552382E+002  0.11381250E+003  0.30126429E+003  0.59144181E+003
  0.00000000E+000  0.00000000E+000  0.00000000E+000  0.00000000E+000  0.42172975E-001  0.36748171E+000  0.69436880E+001  0.46552434E+002  0.11381251E+003  0.30126403E+003  0.59144156E+003
  0.00000000E+000  0.00000000E+000  0.00000000E+000  0.00000000E+000  0.42173071E-001  0.36748142E+000  0.69436644E+001  0.46552483E+002  0.11381253E+003  0.30126379E+003  0.59144130E+003
  0.00000000E+000  0.00000000E+000  0.00000000E+000  0.00000000E+000  0.42173164E-001  0.36748121E+000  0.69436414E+001  0.46552530E+002  0.11381255E+003  0.30126355E+003  0.59144104E+003
  0.00000000E+000  0.00000000E+000  0.00000000E+000  0.00000000E+000  0.42173255E-001  0.36748107E+000  0.69436190E+001  0.46552575E+002  0.11381259E+003  0.30126333E+003  0.59144076E+003
  0.00000000E+000  0.00000000E+000  0.00000000E+000  0.00000000E+000  0.42173344E-001  0.36748101E+000  0.69435973E+001  0.46552616E+002  0.11381263E+003  0.30126312E+003  0.59144048E+003
  0.00000000E+000  0.00000000E+000  0.00000000E+000  0.00000000E+000  0.42173429E-001  0.36748100E+000  0.69435765E+001  0.46552655E+002  0.11381267E+003  0.30126293E+003  0.59144020E+003
  0.00000000E+000  0.00000000E+000  0.00000000E+000  0.00000000E+000  0.42173511E-001  0.36748105E+000  0.69435564E+001  0.46552690E+002  0.11381272E+003  0.30126275E+003  0.59143991E+003
  0.00000000E+000  0.00000000E+000  0.00000000E+000  0.00000000E+000  0.42173590E-001  0.36748114E+000  0.69435373E+001  0.46552722E+002  0.11381278E+003  0.30126259E+003  0.59143962E+003
  0.00000000E+000  0.00000000E+000  0.00000000E+000  0.00000000E+000  0.42173665E-001  0.36748127E+000  0.69435191E+001  0.46552750E+002  0.11381284E+003  0.30126244E+003  0.59143933E+003
  0.00000000E+000  0.00000000E+000  0.00000000E+000  0.00000000E+000  0.42173737E-001  0.36748143E+000  0.69435019E+001  0.46552775E+002  0.11381291E+003  0.30126230E+003  0.59143904E+003
  0.00000000E+000  0.00000000E+000  0.00000000E+000  0.00000000E+000  0.42173804E-001  0.36748162E+000  0.69434856E+001  0.46552796E+002  0.11381297E+003  0.30126219E+003  0.59143876E+003
  0.00000000E+000  0.00000000E+000  0.00000000E+000  0.00000000E+000  0.42173868E-001  0.36748183E+000  0.69434704E+001  0.46552814E+002  0.11381304E+003  0.30126208E+003  0.59143847E+003
  0.00000000E+000  0.00000000E+000  0.00000000E+000  0.00000000E+000  0.42173928E-001  0.36748206E+000  0.69434561E+001  0.46552828E+002  0.11381311E+003  0.30126200E+003  0.59143819E+003
  0.00000000E+000  0.00000000E+000  0.00000000E+000  0.00000000E+000  0.42173983E-001  0.36748230E+000  0.69434428E+001  0.46552839E+002  0.11381319E+003  0.30126193E+003  0.59143792E+003
  0.00000000E+000  0.00000000E+000  0.00000000E+000  0.00000000E+000  0.42174035E-001  0.36748255E+000  0.69434304E+001  0.46552846E+002  0.11381326E+003  0.30126187E+003  0.59143766E+003
  0.00000000E+000  0.00000000E+000  0.00000000E+000  0.00000000E+000  0.42174084E-001  0.36748280E+000  0.69434191E+001  0.46552850E+002  0.11381333E+003  0.30126183E+003  0.59143740E+003
  0.00000000E+000  0.00000000E+000  0.00000000E+000  0.00000000E+000  0.42174128E-001  0.36748306E+000  0.69434086E+001  0.46552851E+002  0.11381340E+003  0.30126181E+003  0.59143715E+003
  0.00000000E+000  0.00000000E+000  0.00000000E+000  0.00000000E+000  0.42174169E-001  0.36748332E+000  0.69433990E+001  0.46552849E+002  0.11381347E+003  0.30126180E+003  0.59143692E+003
  0.00000000E+000  0.00000000E+000  0.00000000E+000  0.00000000E+000  0.42174206E-001  0.36748358E+000  0.69433902E+001  0.46552845E+002  0.11381354E+003  0.30126181E+003  0.59143669E+003
  0.00000000E+000  0.00000000E+000  0.00000000E+000  0.00000000E+000  0.42174240E-001  0.36748383E+000  0.69433823E+001  0.46552837E+002  0.11381361E+003  0.30126183E+003  0.59143648E+003
  0.00000000E+000  0.00000000E+000  0.00000000E+000  0.00000000E+000  0.42174271E-001  0.36748407E+000  0.69433751E+001  0.46552827E+002  0.11381368E+003  0.30126186E+003  0.59143628E+003
  0.00000000E+000  0.00000000E+000  0.00000000E+000  0.00000000E+000  0.42174299E-001  0.36748431E+000  0.69433686E+001  0.46552816E+002  0.11381374E+003  0.30126190E+003  0.59143610E+003
  0.00000000E+000  0.00000000E+000  0.00000000E+000  0.00000000E+000  0.42174323E-001  0.36748454E+000  0.69433629E+001  0.46552802E+002  0.11381380E+003  0.30126196E+003  0.59143593E+003
  0.00000000E+000  0.00000000E+000  0.00000000E+000  0.00000000E+000  0.42174345E-001  0.36748476E+000  0.69433577E+001  0.46552786E+002  0.11381386E+003  0.30126203E+003  0.59143578E+003
  0.00000000E+000  0.00000000E+000  0.00000000E+000  0.00000000E+000  0.42174365E-001  0.36748497E+000  0.69433532E+001  0.46552769E+002  0.11381391E+003  0.30126210E+003  0.59143564E+003
  0.00000000E+000  0.00000000E+000  0.00000000E+000  0.00000000E+000  0.42174382E-001  0.36748516E+000  0.69433492E+001  0.46552750E+002  0.11381396E+003  0.30126219E+003  0.59143552E+003
  0.00000000E+000  0.00000000E+000  0.00000000E+000  0.00000000E+000  0.42174397E-001  0.36748535E+000  0.69433457E+001  0.46552730E+002  0.11381400E+003  0.30126228E+003  0.59143542E+003
  0.00000000E+000  0.00000000E+000  0.00000000E+000  0.00000000E+000  0.42174411E-001  0.36748552E+000  0.69433427E+001  0.46552709E+002  0.11381404E+003  0.30126238E+003  0.59143533E+003
  0.00000000E+000  0.00000000E+000  0.00000000E+000  0.00000000E+000  0.42174422E-001  0.36748569E+000  0.69433402E+001  0.46552687E+002  0.11381408E+003  0.30126249E+003  0.59143526E+003
  0.00000000E+000  0.00000000E+000  0.00000000E+000  0.00000000E+000  0.42174432E-001  0.36748584E+000  0.69433380E+001  0.46552665E+002  0.11381411E+003  0.30126260E+003  0.59143521E+003
  0.00000000E+000  0.00000000E+000  0.00000000E+000  0.00000000E+000  0.42174440E-001  0.36748598E+000  0.69433361E+001  0.46552642E+002  0.11381414E+003  0.30126272E+003  0.59143517E+003
  0.00000000E+000  0.00000000E+000  0.00000000E+000  0.00000000E+000  0.42174447E-001  0.36748611E+000  0.69433346E+001  0.46552619E+002  0.11381417E+003  0.30126284E+003  0.59143515E+003
  0.00000000E+000  0.00000000E+000  0.00000000E+000  0.00000000E+000  0.42174453E-001  0.36748623E+000  0.69433334E+001  0.46552595E+002  0.11381419E+003  0.30126296E+003  0.59143515E+003
  0.00000000E+000  0.00000000E+000  0.00000000E+000  0.00000000E+000  0.42174459E-001  0.36748634E+000  0.69433324E+001  0.46552572E+002  0.11381421E+003  0.30126308E+003  0.59143516E+003
  0.00000000E+000  0.00000000E+000  0.00000000E+000  0.00000000E+000  0.42174463E-001  0.36748644E+000  0.69433317E+001  0.46552548E+002  0.11381422E+003  0.30126320E+003  0.59143519E+003
  0.00000000E+000  0.00000000E+000  0.00000000E+000  0.00000000E+000  0.42174467E-001  0.36748653E+000  0.69433311E+001  0.46552525E+002  0.11381423E+003  0.30126333E+003  0.59143524E+003
  0.00000000E+000  0.00000000E+000  0.00000000E+000  0.00000000E+000  0.42174471E-001  0.36748661E+000  0.69433308E+001  0.46552502E+002  0.11381423E+003  0.30126345E+003  0.59143529E+003
  0.00000000E+000  0.00000000E+000  0.00000000E+000  0.00000000E+000  0.42174474E-001  0.36748669E+000  0.69433305E+001  0.46552480E+002  0.11381424E+003  0.30126357E+003  0.59143536E+003
  0.00000000E+000  0.00000000E+000  0.00000000E+000  0.00000000E+000  0.42174477E-001  0.36748676E+000  0.69433304E+001  0.46552458E+002  0.11381424E+003  0.30126369E+003  0.59143544E+003
  0.00000000E+000  0.00000000E+000  0.00000000E+000  0.00000000E+000  0.42174480E-001  0.36748682E+000  0.69433305E+001  0.46552437E+002  0.11381423E+003  0.30126381E+003  0.59143554E+003
  0.00000000E+000  0.00000000E+000  0.00000000E+000  0.00000000E+000  0.42174483E-001  0.36748688E+000  0.69433306E+001  0.46552416E+002  0.11381423E+003  0.30126392E+003  0.59143564E+003
  0.00000000E+000  0.00000000E+000  0.00000000E+000  0.00000000E+000  0.42174487E-001  0.36748694E+000  0.69433308E+001  0.46552396E+002  0.11381422E+003  0.30126403E+003  0.59143576E+003
  0.00000000E+000  0.00000000E+000  0.00000000E+000  0.00000000E+000  0.42174490E-001  0.36748699E+000  0.69433311E+001  0.46552377E+002  0.11381421E+003  0.30126413E+003  0.59143588E+003
  0.00000000E+000  0.00000000E+000  0.00000000E+000  0.00000000E+000  0.42174494E-001  0.36748704E+000  0.69433315E+001  0.46552358E+002  0.11381419E+003  0.30126423E+003  0.59143601E+003
  0.00000000E+000  0.00000000E+000  0.00000000E+000  0.00000000E+000  0.42174498E-001  0.36748708E+000  0.69433319E+001  0.46552340E+002  0.11381418E+003  0.30126433E+003  0.59143614E+003
  0.00000000E+000  0.00000000E+000  0.00000000E+000  0.00000000E+000  0.42174503E-001  0.36748713E+000  0.69433324E+001  0.46552324E+002  0.11381416E+003  0.30126441E+003  0.59143628E+003
  0.00000000E+000  0.00000000E+000  0.00000000E+000  0.00000000E+000  0.42174508E-001  0.36748717E+000  0.69433329E+001  0.46552308E+002  0.11381414E+003  0.30126450E+003  0.59143643E+003
  0.00000000E+000  0.00000000E+000  0.00000000E+000  0.00000000E+000  0.42174514E-001  0.36748721E+000  0.69433334E+001  0.46552293E+002  0.11381412E+003  0.30126457E+003  0.59143658E+003
  0.00000000E+000  0.00000000E+000  0.00000000E+000  0.00000000E+000  0.42174521E-001  0.36748726E+000  0.69433340E+001  0.46552278E+002  0.11381410E+003  0.30126464E+003  0.59143673E+003
  0.00000000E+000  0.00000000E+000  0.00000000E+000  0.00000000E+000  0.42174528E-001  0.36748730E+000  0.69433346E+001  0.46552265E+002  0.11381408E+003  0.30126470E+003  0.59143688E+003
  0.00000000E+000  0.00000000E+000  0.00000000E+000  0.00000000E+000  0.42174536E-001  0.36748734E+000  0.69433353E+001  0.46552253E+002  0.11381406E+003  0.30126476E+003  0.59143703E+003
