  0.17883148E-001
  0.18180310E-001
  0.18435681E-001
  0.18654390E-001
  0.18841261E-001
  0.19000698E-001
  0.19136588E-001
  0.19252334E-001
  0.19350890E-001
  0.19434784E-001
  0.19506195E-001
  0.19566946E-001
  0.19618640E-001
  0.19662600E-001
  0.19699972E-001
  0.19731717E-001
  0.19758659E-001
  0.19781495E-001
  0.19800829E-001
  0.19817162E-001
  0.19830933E-001
  0.19842513E-001
  0.19852216E-001
  0.19860318E-001
  0.19867054E-001
  0.19872625E-001
  0.19877205E-001
  0.19880944E-001
  0.19883971E-001
  0.19886398E-001
  0.19888321E-001
  0.19889823E-001
  0.19890975E-001
  0.19891838E-001
  0.19892464E-001
  0.19892898E-001
  0.19893176E-001
  0.19893330E-001
  0.19893387E-001
  0.19893368E-001
  0.19893290E-001
  0.19893169E-001
  0.19893015E-001
  0.19892838E-001
  0.19892644E-001
  0.19892441E-001
  0.19892231E-001
  0.19892018E-001
  0.19891804E-001
  0.19891592E-001
  0.19891381E-001
  0.19891174E-001
  0.19890971E-001
  0.19890772E-001
  0.19890577E-001
  0.19890387E-001
  0.19890201E-001
  0.19890021E-001
  0.19889845E-001
  0.19889674E-001
  0.19889508E-001
  0.19889346E-001
  0.19889189E-001
  0.19889036E-001
  0.19888887E-001
  0.19888743E-001
  0.19888602E-001
  0.19888465E-001
  0.19888331E-001
  0.19888200E-001
  0.19888072E-001
  0.19887946E-001
  0.19887822E-001
  0.19887700E-001
  0.19887579E-001
  0.19887460E-001
  0.19887341E-001
  0.19887223E-001
  0.19887106E-001
  0.19886989E-001
  0.19886874E-001
  0.19886760E-001
  0.19886646E-001
  0.19886535E-001
  0.19886425E-001
  0.19886317E-001
  0.19886212E-001
  0.19886109E-001
  0.19886010E-001
  0.19885914E-001
  0.19885821E-001
  0.19885732E-001
  0.19885647E-001
  0.19885566E-001
  0.19885490E-001
  0.19885417E-001
  0.19885348E-001
  0.19885284E-001
  0.19885223E-001
  0.19885167E-001
  0.19885114E-001
  0.19885065E-001
  0.19885019E-001
  0.19884977E-001
  0.19884938E-001
  0.19884902E-001
  0.19884869E-001
  0.19884838E-001
  0.19884810E-001
  0.19884785E-001
  0.19884762E-001
  0.19884741E-001
  0.19884721E-001
  0.19884704E-001
  0.19884689E-001
  0.19884675E-001
  0.19884662E-001
  0.19884651E-001
  0.19884641E-001
  0.19884632E-001
  0.19884624E-001
  0.19884617E-001
  0.19884611E-001
  0.19884606E-001
  0.19884602E-001
  0.19884598E-001
  0.19884595E-001
  0.19884592E-001
  0.19884590E-001
  0.19884588E-001
  0.19884586E-001
  0.19884585E-001
  0.19884585E-001
  0.19884584E-001
  0.19884584E-001
  0.19884584E-001
  0.19884584E-001
  0.19884584E-001
  0.19884584E-001
  0.19884585E-001
  0.19884585E-001
  0.19884586E-001
  0.19884587E-001
  0.19884587E-001
  0.19884588E-001
  0.19884589E-001
  0.19884590E-001
  0.19884590E-001
  0.19884591E-001
  0.19884592E-001
  0.19884593E-001
  0.19884593E-001
  0.19884594E-001
  0.19884595E-001
  0.19884595E-001
  0.19884596E-001
  0.19884597E-001
  0.19884597E-001
  0.19884598E-001
  0.19884598E-001
  0.19884599E-001
  0.19884599E-001
  0.19884599E-001
  0.19884600E-001
  0.19884600E-001
  0.19884600E-001
  0.19884601E-001
  0.19884601E-001
  0.19884601E-001
  0.19884601E-001
  0.19884601E-001
  0.19884601E-001
  0.19884601E-001
  0.19884601E-001
  0.19884601E-001
  0.19884602E-001
  0.19884602E-001
  0.19884601E-001
  0.19884601E-001
  0.19884601E-001
  0.19884601E-001
  0.19884601E-001
  0.19884601E-001
  0.19884601E-001
  0.19884601E-001
  0.19884601E-001
  0.19884601E-001
  0.19884601E-001
  0.19884601E-001
  0.19884600E-001
  0.19884600E-001
  0.19884600E-001
  0.19884600E-001
  0.19884600E-001
  0.19884600E-001
  0.19884600E-001
  0.19884600E-001
  0.19884600E-001
  0.19884598E-001
  0.19884595E-001
