  0.15876857E+001
  0.15878123E+001
  0.15879159E+001
  0.15879998E+001
  0.15880672E+001
  0.15881206E+001
  0.15881621E+001
  0.15881937E+001
  0.15882170E+001
  0.15882332E+001
  0.15882436E+001
  0.15882491E+001
  0.15882504E+001
  0.15882483E+001
  0.15882434E+001
  0.15882361E+001
  0.15882267E+001
  0.15882158E+001
  0.15882035E+001
  0.15881900E+001
  0.15881757E+001
  0.15881605E+001
  0.15881448E+001
  0.15881287E+001
  0.15881121E+001
  0.15880953E+001
  0.15880783E+001
  0.15880612E+001
  0.15880441E+001
  0.15880270E+001
  0.15880099E+001
  0.15879930E+001
  0.15879762E+001
  0.15879596E+001
  0.15879433E+001
  0.15879273E+001
  0.15879116E+001
  0.15878962E+001
  0.15878813E+001
  0.15878668E+001
  0.15878528E+001
  0.15878392E+001
  0.15878262E+001
  0.15878137E+001
  0.15878017E+001
  0.15877904E+001
  0.15877796E+001
  0.15877694E+001
  0.15877599E+001
  0.15877510E+001
  0.15877427E+001
  0.15877350E+001
  0.15877279E+001
  0.15877214E+001
  0.15877156E+001
  0.15877103E+001
  0.15877055E+001
  0.15877013E+001
  0.15876975E+001
  0.15876942E+001
  0.15876914E+001
  0.15876890E+001
  0.15876869E+001
  0.15876851E+001
  0.15876837E+001
  0.15876826E+001
  0.15876816E+001
  0.15876809E+001
  0.15876804E+001
  0.15876800E+001
  0.15876797E+001
  0.15876796E+001
  0.15876795E+001
  0.15876795E+001
  0.15876796E+001
  0.15876797E+001
  0.15876799E+001
  0.15876800E+001
  0.15876802E+001
  0.15876804E+001
  0.15876807E+001
  0.15876809E+001
  0.15876811E+001
  0.15876814E+001
  0.15876816E+001
  0.15876818E+001
  0.15876821E+001
  0.15876823E+001
  0.15876825E+001
  0.15876827E+001
  0.15876829E+001
  0.15876831E+001
  0.15876833E+001
  0.15876835E+001
  0.15876837E+001
  0.15876838E+001
  0.15876840E+001
  0.15876841E+001
  0.15876843E+001
  0.15876844E+001
  0.15876845E+001
  0.15876846E+001
  0.15876847E+001
  0.15876848E+001
  0.15876849E+001
  0.15876850E+001
  0.15876851E+001
  0.15876851E+001
  0.15876852E+001
  0.15876853E+001
  0.15876853E+001
  0.15876854E+001
  0.15876854E+001
  0.15876854E+001
  0.15876855E+001
  0.15876855E+001
  0.15876855E+001
  0.15876856E+001
  0.15876856E+001
  0.15876856E+001
  0.15876856E+001
  0.15876856E+001
  0.15876856E+001
  0.15876857E+001
  0.15876857E+001
  0.15876857E+001
  0.15876857E+001
  0.15876857E+001
  0.15876857E+001
  0.15876857E+001
  0.15876857E+001
  0.15876857E+001
  0.15876857E+001
  0.15876857E+001
  0.15876857E+001
  0.15876857E+001
  0.15876857E+001
  0.15876857E+001
  0.15876857E+001
  0.15876857E+001
  0.15876857E+001
  0.15876857E+001
  0.15876857E+001
  0.15876857E+001
  0.15876857E+001
  0.15876857E+001
  0.15876857E+001
  0.15876857E+001
  0.15876857E+001
  0.15876857E+001
  0.15876857E+001
  0.15876857E+001
  0.15876857E+001
  0.15876857E+001
  0.15876857E+001
  0.15876857E+001
  0.15876857E+001
  0.15876857E+001
  0.15876857E+001
  0.15876857E+001
  0.15876857E+001
  0.15876857E+001
  0.15876857E+001
  0.15876857E+001
  0.15876857E+001
  0.15876857E+001
  0.15876857E+001
  0.15876857E+001
  0.15876857E+001
  0.15876857E+001
  0.15876857E+001
  0.15876857E+001
  0.15876857E+001
  0.15876857E+001
  0.15876857E+001
  0.15876857E+001
  0.15876857E+001
  0.15876857E+001
  0.15876857E+001
  0.15876857E+001
  0.15876857E+001
  0.15876857E+001
  0.15876857E+001
  0.15876857E+001
  0.15876857E+001
  0.15876857E+001
  0.15876857E+001
  0.15876857E+001
  0.15876857E+001
  0.15876857E+001
  0.15876857E+001
  0.15876857E+001
  0.15876857E+001
  0.15876857E+001
  0.15876857E+001
  0.15876857E+001
  0.15876857E+001
  0.15876857E+001
  0.15876857E+001
  0.15876856E+001
