  0.30180250E+002
  0.30186378E+002
  0.30191103E+002
  0.30194829E+002
  0.30197816E+002
  0.30200240E+002
  0.30202227E+002
  0.30203871E+002
  0.30205242E+002
  0.30206394E+002
  0.30207369E+002
  0.30208201E+002
  0.30208917E+002
  0.30209538E+002
  0.30210081E+002
  0.30210561E+002
  0.30210989E+002
  0.30211376E+002
  0.30211729E+002
  0.30212055E+002
  0.30212359E+002
  0.30212647E+002
  0.30212923E+002
  0.30213188E+002
  0.30213448E+002
  0.30213703E+002
  0.30213956E+002
  0.30214208E+002
  0.30214462E+002
  0.30214717E+002
  0.30214976E+002
  0.30215239E+002
  0.30215507E+002
  0.30215780E+002
  0.30216060E+002
  0.30216345E+002
  0.30216637E+002
  0.30216936E+002
  0.30217242E+002
  0.30217555E+002
  0.30217875E+002
  0.30218202E+002
  0.30218536E+002
  0.30218876E+002
  0.30219224E+002
  0.30219578E+002
  0.30219938E+002
  0.30220304E+002
  0.30220676E+002
  0.30221054E+002
  0.30221436E+002
  0.30221824E+002
  0.30222215E+002
  0.30222611E+002
  0.30223010E+002
  0.30223412E+002
  0.30223817E+002
  0.30224223E+002
  0.30224631E+002
  0.30225040E+002
  0.30225449E+002
  0.30225859E+002
  0.30226267E+002
  0.30226674E+002
  0.30227079E+002
  0.30227481E+002
  0.30227880E+002
  0.30228276E+002
  0.30228667E+002
  0.30229053E+002
  0.30229433E+002
  0.30229808E+002
  0.30230176E+002
  0.30230537E+002
  0.30230890E+002
  0.30231235E+002
  0.30231572E+002
  0.30231900E+002
  0.30232218E+002
  0.30232527E+002
  0.30232826E+002
  0.30233115E+002
  0.30233394E+002
  0.30233661E+002
  0.30233919E+002
  0.30234165E+002
  0.30234401E+002
  0.30234625E+002
  0.30234839E+002
  0.30235043E+002
  0.30235236E+002
  0.30235418E+002
  0.30235590E+002
  0.30235753E+002
  0.30235905E+002
  0.30236048E+002
  0.30236182E+002
  0.30236308E+002
  0.30236424E+002
  0.30236533E+002
  0.30236634E+002
  0.30236727E+002
  0.30236813E+002
  0.30236893E+002
  0.30236966E+002
  0.30237033E+002
  0.30237094E+002
  0.30237150E+002
  0.30237201E+002
  0.30237247E+002
  0.30237289E+002
  0.30237327E+002
  0.30237360E+002
  0.30237390E+002
  0.30237417E+002
  0.30237441E+002
  0.30237461E+002
  0.30237479E+002
  0.30237495E+002
  0.30237508E+002
  0.30237520E+002
  0.30237529E+002
  0.30237537E+002
  0.30237543E+002
  0.30237548E+002
  0.30237551E+002
  0.30237553E+002
  0.30237555E+002
  0.30237555E+002
  0.30237554E+002
  0.30237553E+002
  0.30237551E+002
  0.30237549E+002
  0.30237546E+002
  0.30237542E+002
  0.30237538E+002
  0.30237534E+002
  0.30237530E+002
  0.30237525E+002
  0.30237520E+002
  0.30237515E+002
  0.30237510E+002
  0.30237505E+002
  0.30237500E+002
  0.30237495E+002
  0.30237490E+002
  0.30237485E+002
  0.30237480E+002
  0.30237476E+002
  0.30237471E+002
  0.30237467E+002
  0.30237462E+002
  0.30237458E+002
  0.30237454E+002
  0.30237451E+002
  0.30237447E+002
  0.30237444E+002
  0.30237440E+002
  0.30237437E+002
  0.30237434E+002
  0.30237432E+002
  0.30237429E+002
  0.30237427E+002
  0.30237425E+002
  0.30237423E+002
  0.30237421E+002
  0.30237420E+002
  0.30237419E+002
  0.30237417E+002
  0.30237416E+002
  0.30237415E+002
  0.30237415E+002
  0.30237414E+002
  0.30237414E+002
  0.30237413E+002
  0.30237413E+002
  0.30237413E+002
  0.30237413E+002
  0.30237413E+002
  0.30237413E+002
  0.30237413E+002
  0.30237413E+002
  0.30237413E+002
  0.30237414E+002
  0.30237414E+002
  0.30237414E+002
  0.30237415E+002
  0.30237415E+002
  0.30237416E+002
  0.30237416E+002
  0.30237417E+002
  0.30237417E+002
  0.30237418E+002
  0.30237418E+002
  0.30237419E+002
  0.30237419E+002
  0.30237420E+002
  0.30237420E+002
  0.30237421E+002
  0.30237421E+002
