  0.36473695E-001  0.37182532E+000  0.31359546E+001  0.11717676E+003
  0.36417761E-001  0.37160361E+000  0.31364663E+001  0.11720104E+003
  0.36370877E-001  0.37144512E+000  0.31368900E+001  0.11721972E+003
  0.36367629E-001  0.37129531E+000  0.31372462E+001  0.11723442E+003
  0.36373593E-001  0.37117517E+000  0.31375492E+001  0.11724618E+003
  0.36377777E-001  0.37108682E+000  0.31378090E+001  0.11725570E+003
  0.36380707E-001  0.37102242E+000  0.31380342E+001  0.11726349E+003
  0.36382796E-001  0.37107303E+000  0.31381342E+001  0.11726991E+003
  0.36384364E-001  0.37111699E+000  0.31382312E+001  0.11727525E+003
  0.36385650E-001  0.37114786E+000  0.31383320E+001  0.11727972E+003
  0.36386827E-001  0.37116852E+000  0.31384342E+001  0.11728350E+003
  0.36388057E-001  0.37118113E+000  0.31385363E+001  0.11728671E+003
  0.36389449E-001  0.37118730E+000  0.31386369E+001  0.11728947E+003
  0.36391029E-001  0.37118833E+000  0.31387354E+001  0.11729185E+003
  0.36392799E-001  0.37118522E+000  0.31388314E+001  0.11729393E+003
  0.36394750E-001  0.37117875E+000  0.31389247E+001  0.11729576E+003
  0.36396864E-001  0.37116957E+000  0.31390153E+001  0.11729739E+003
  0.36399120E-001  0.37118418E+000  0.31390773E+001  0.11729886E+003
  0.36401495E-001  0.37122284E+000  0.31391110E+001  0.11730019E+003
  0.36403967E-001  0.37126113E+000  0.31391415E+001  0.11730143E+003
  0.36406514E-001  0.37129893E+000  0.31391694E+001  0.11730258E+003
  0.36409117E-001  0.37133614E+000  0.31391953E+001  0.11730366E+003
  0.36411761E-001  0.37137268E+000  0.31392198E+001  0.11730470E+003
  0.36416274E-001  0.37140666E+000  0.31392434E+001  0.11730570E+003
  0.36424710E-001  0.37143597E+000  0.31392663E+001  0.11730668E+003
  0.36432874E-001  0.37146477E+000  0.31392889E+001  0.11730764E+003
  0.36440757E-001  0.37149305E+000  0.31393115E+001  0.11730859E+003
  0.36448354E-001  0.37152077E+000  0.31393343E+001  0.11730954E+003
  0.36455663E-001  0.37154793E+000  0.31393575E+001  0.11731050E+003
  0.36462685E-001  0.37157451E+000  0.31393810E+001  0.11731147E+003
  0.36469421E-001  0.37160051E+000  0.31394051E+001  0.11731244E+003
  0.36475876E-001  0.37162591E+000  0.31394298E+001  0.11731344E+003
  0.36482053E-001  0.37165072E+000  0.31394550E+001  0.11731445E+003
  0.36487959E-001  0.37167492E+000  0.31394808E+001  0.11731549E+003
  0.36493599E-001  0.37169852E+000  0.31395072E+001  0.11731655E+003
  0.36498980E-001  0.37172151E+000  0.31395341E+001  0.11731764E+003
  0.36504108E-001  0.37174391E+000  0.31395616E+001  0.11731875E+003
  0.36508990E-001  0.37176570E+000  0.31395897E+001  0.11731989E+003
  0.36513632E-001  0.37178691E+000  0.31396183E+001  0.11732106E+003
  0.36518039E-001  0.37180754E+000  0.31396475E+001  0.11732226E+003
  0.36522218E-001  0.37182759E+000  0.31396772E+001  0.11732349E+003
  0.36526173E-001  0.37184707E+000  0.31397077E+001  0.11732474E+003
  0.36529910E-001  0.37186600E+000  0.31397389E+001  0.11732602E+003
  0.36533432E-001  0.37188438E+000  0.31397709E+001  0.11732733E+003
  0.36536745E-001  0.37190222E+000  0.31398037E+001  0.11732867E+003
  0.36539852E-001  0.37191952E+000  0.31398375E+001  0.11733003E+003
  0.36542757E-001  0.37193631E+000  0.31398723E+001  0.11733142E+003
  0.36545465E-001  0.37195259E+000  0.31399082E+001  0.11733283E+003
  0.36547977E-001  0.37196836E+000  0.31399452E+001  0.11733426E+003
  0.36550296E-001  0.37198364E+000  0.31399833E+001  0.11733571E+003
  0.36552425E-001  0.37199843E+000  0.31400225E+001  0.11733719E+003
  0.36554366E-001  0.37201274E+000  0.31400629E+001  0.11733868E+003
  0.36556122E-001  0.37202659E+000  0.31401043E+001  0.11734019E+003
  0.36557697E-001  0.37203997E+000  0.31401468E+001  0.11734171E+003
  0.36559095E-001  0.37205290E+000  0.31401903E+001  0.11734325E+003
  0.36560320E-001  0.37206539E+000  0.31402347E+001  0.11734480E+003
  0.36561378E-001  0.37207744E+000  0.31402799E+001  0.11734636E+003
  0.36562275E-001  0.37208907E+000  0.31403259E+001  0.11734793E+003
  0.36563017E-001  0.37210028E+000  0.31403725E+001  0.11734950E+003
  0.36563613E-001  0.37211108E+000  0.31404198E+001  0.11735108E+003
  0.36564072E-001  0.37212147E+000  0.31404675E+001  0.11735266E+003
  0.36564403E-001  0.37213147E+000  0.31405157E+001  0.11735424E+003
  0.36564615E-001  0.37214108E+000  0.31405642E+001  0.11735581E+003
  0.36564718E-001  0.37215031E+000  0.31406130E+001  0.11735738E+003
  0.36564724E-001  0.37215915E+000  0.31406621E+001  0.11735894E+003
  0.36564642E-001  0.37216762E+000  0.31407113E+001  0.11736050E+003
  0.36564482E-001  0.37217571E+000  0.31407607E+001  0.11736203E+003
  0.36564255E-001  0.37218343E+000  0.31408100E+001  0.11736356E+003
  0.36563971E-001  0.37219077E+000  0.31408594E+001  0.11736507E+003
  0.36563638E-001  0.37219773E+000  0.31409088E+001  0.11736656E+003
  0.36563266E-001  0.37220431E+000  0.31409581E+001  0.11736802E+003
  0.36562861E-001  0.37221050E+000  0.31410072E+001  0.11736947E+003
  0.36562431E-001  0.37221630E+000  0.31410562E+001  0.11737088E+003
  0.36561982E-001  0.37222171E+000  0.31411049E+001  0.11737227E+003
  0.36561519E-001  0.37222671E+000  0.31411534E+001  0.11737363E+003
  0.36561048E-001  0.37223130E+000  0.31412016E+001  0.11737496E+003
  0.36560571E-001  0.37223547E+000  0.31412494E+001  0.11737626E+003
  0.36560092E-001  0.37223922E+000  0.31412968E+001  0.11737752E+003
  0.36559612E-001  0.37224253E+000  0.31413437E+001  0.11737874E+003
  0.36559134E-001  0.37224541E+000  0.31413902E+001  0.11737993E+003
  0.36558659E-001  0.37224783E+000  0.31414361E+001  0.11738108E+003
  0.36558187E-001  0.37224980E+000  0.31414814E+001  0.11738219E+003
  0.36557717E-001  0.37225131E+000  0.31415261E+001  0.11738325E+003
  0.36557251E-001  0.37225235E+000  0.31415701E+001  0.11738428E+003
  0.36556787E-001  0.37225291E+000  0.31416134E+001  0.11738527E+003
  0.36556325E-001  0.37225298E+000  0.31416560E+001  0.11738621E+003
  0.36555864E-001  0.37225257E+000  0.31416979E+001  0.11738711E+003
  0.36555403E-001  0.37225166E+000  0.31417390E+001  0.11738797E+003
  0.36554942E-001  0.37225025E+000  0.31417793E+001  0.11738879E+003
  0.36554480E-001  0.37224835E+000  0.31418189E+001  0.11738956E+003
  0.36554016E-001  0.37224596E+000  0.31418576E+001  0.11739030E+003
  0.36553551E-001  0.37224308E+000  0.31418955E+001  0.11739099E+003
  0.36553083E-001  0.37223971E+000  0.31419325E+001  0.11739165E+003
  0.36552615E-001  0.37223589E+000  0.31419687E+001  0.11739227E+003
  0.36552145E-001  0.37223161E+000  0.31420040E+001  0.11739285E+003
  0.36551674E-001  0.37222691E+000  0.31420383E+001  0.11739339E+003
  0.36551204E-001  0.37222181E+000  0.31420717E+001  0.11739390E+003
  0.36550735E-001  0.37221633E+000  0.31421041E+001  0.11739437E+003
  0.36550268E-001  0.37221051E+000  0.31421354E+001  0.11739482E+003
  0.36549805E-001  0.37220439E+000  0.31421656E+001  0.11739523E+003
  0.36549347E-001  0.37219801E+000  0.31421946E+001  0.11739561E+003
  0.36548896E-001  0.37219140E+000  0.31422223E+001  0.11739596E+003
  0.36548453E-001  0.37218461E+000  0.31422488E+001  0.11739629E+003
  0.36548019E-001  0.37217769E+000  0.31422738E+001  0.11739659E+003
  0.36547596E-001  0.37217068E+000  0.31422973E+001  0.11739686E+003
  0.36547186E-001  0.37216364E+000  0.31423193E+001  0.11739712E+003
  0.36546790E-001  0.37215659E+000  0.31423396E+001  0.11739735E+003
  0.36546409E-001  0.37214960E+000  0.31423583E+001  0.11739756E+003
  0.36546045E-001  0.37214270E+000  0.31423751E+001  0.11739776E+003
  0.36545697E-001  0.37213593E+000  0.31423901E+001  0.11739793E+003
  0.36545368E-001  0.37212933E+000  0.31424032E+001  0.11739809E+003
  0.36545058E-001  0.37212293E+000  0.31424143E+001  0.11739824E+003
  0.36544767E-001  0.37211678E+000  0.31424234E+001  0.11739837E+003
  0.36544496E-001  0.37211088E+000  0.31424306E+001  0.11739849E+003
  0.36544245E-001  0.37210528E+000  0.31424357E+001  0.11739860E+003
  0.36544014E-001  0.37209998E+000  0.31424388E+001  0.11739869E+003
  0.36543803E-001  0.37209501E+000  0.31424399E+001  0.11739878E+003
  0.36543612E-001  0.37209037E+000  0.31424390E+001  0.11739886E+003
  0.36543440E-001  0.37208607E+000  0.31424362E+001  0.11739893E+003
  0.36543288E-001  0.37208213E+000  0.31424315E+001  0.11739899E+003
  0.36543154E-001  0.37207852E+000  0.31424251E+001  0.11739905E+003
  0.36543038E-001  0.37207527E+000  0.31424169E+001  0.11739910E+003
  0.36542939E-001  0.37207235E+000  0.31424071E+001  0.11739914E+003
  0.36542856E-001  0.37206977E+000  0.31423959E+001  0.11739918E+003
  0.36542788E-001  0.37206751E+000  0.31423832E+001  0.11739921E+003
  0.36542735E-001  0.37206555E+000  0.31423693E+001  0.11739924E+003
  0.36542696E-001  0.37206389E+000  0.31423543E+001  0.11739927E+003
  0.36542669E-001  0.37206251E+000  0.31423383E+001  0.11739929E+003
  0.36542653E-001  0.37206138E+000  0.31423214E+001  0.11739931E+003
  0.36542648E-001  0.37206051E+000  0.31423038E+001  0.11739932E+003
  0.36542653E-001  0.37205986E+000  0.31422856E+001  0.11739934E+003
  0.36542666E-001  0.37205941E+000  0.31422670E+001  0.11739935E+003
  0.36542687E-001  0.37205916E+000  0.31422482E+001  0.11739936E+003
  0.36542715E-001  0.37205907E+000  0.31422291E+001  0.11739937E+003
  0.36542749E-001  0.37205914E+000  0.31422100E+001  0.11739937E+003
  0.36542787E-001  0.37205935E+000  0.31421910E+001  0.11739937E+003
  0.36542831E-001  0.37205967E+000  0.31421722E+001  0.11739938E+003
  0.36542877E-001  0.37206010E+000  0.31421537E+001  0.11739938E+003
  0.36542927E-001  0.37206062E+000  0.31421355E+001  0.11739938E+003
  0.36542979E-001  0.37206121E+000  0.31421179E+001  0.11739937E+003
  0.36543033E-001  0.37206186E+000  0.31421007E+001  0.11739937E+003
  0.36543087E-001  0.37206256E+000  0.31420842E+001  0.11739937E+003
  0.36543143E-001  0.37206330E+000  0.31420684E+001  0.11739936E+003
  0.36543198E-001  0.37206406E+000  0.31420533E+001  0.11739935E+003
  0.36543254E-001  0.37206484E+000  0.31420389E+001  0.11739935E+003
  0.36543308E-001  0.37206563E+000  0.31420253E+001  0.11739934E+003
  0.36543362E-001  0.37206643E+000  0.31420125E+001  0.11739933E+003
  0.36543415E-001  0.37206722E+000  0.31420005E+001  0.11739933E+003
  0.36543466E-001  0.37206799E+000  0.31419894E+001  0.11739932E+003
  0.36543516E-001  0.37206876E+000  0.31419790E+001  0.11739931E+003
  0.36543564E-001  0.37206950E+000  0.31419695E+001  0.11739930E+003
  0.36543610E-001  0.37207022E+000  0.31419607E+001  0.11739929E+003
  0.36543654E-001  0.37207091E+000  0.31419527E+001  0.11739928E+003
  0.36543696E-001  0.37207158E+000  0.31419454E+001  0.11739927E+003
  0.36543736E-001  0.37207221E+000  0.31419389E+001  0.11739926E+003
  0.36543774E-001  0.37207282E+000  0.31419330E+001  0.11739925E+003
  0.36543809E-001  0.37207339E+000  0.31419278E+001  0.11739924E+003
  0.36543842E-001  0.37207393E+000  0.31419232E+001  0.11739923E+003
  0.36543873E-001  0.37207443E+000  0.31419192E+001  0.11739923E+003
  0.36543902E-001  0.37207491E+000  0.31419157E+001  0.11739922E+003
  0.36543929E-001  0.37207534E+000  0.31419127E+001  0.11739921E+003
  0.36543954E-001  0.37207575E+000  0.31419102E+001  0.11739920E+003
  0.36543977E-001  0.37207613E+000  0.31419081E+001  0.11739919E+003
  0.36543998E-001  0.37207647E+000  0.31419064E+001  0.11739919E+003
  0.36544017E-001  0.37207679E+000  0.31419051E+001  0.11739918E+003
  0.36544034E-001  0.37207708E+000  0.31419041E+001  0.11739918E+003
  0.36544050E-001  0.37207734E+000  0.31419033E+001  0.11739917E+003
  0.36544064E-001  0.37207758E+000  0.31419029E+001  0.11739916E+003
  0.36544077E-001  0.37207779E+000  0.31419026E+001  0.11739916E+003
  0.36544088E-001  0.37207798E+000  0.31419026E+001  0.11739916E+003
  0.36544098E-001  0.37207815E+000  0.31419027E+001  0.11739915E+003
  0.36544107E-001  0.37207830E+000  0.31419030E+001  0.11739915E+003
  0.36544115E-001  0.37207843E+000  0.31419033E+001  0.11739914E+003
  0.36544121E-001  0.37207854E+000  0.31419038E+001  0.11739914E+003
  0.36544127E-001  0.37207864E+000  0.31419044E+001  0.11739914E+003
  0.36544132E-001  0.37207873E+000  0.31419051E+001  0.11739914E+003
  0.36544137E-001  0.37207880E+000  0.31419058E+001  0.11739914E+003
  0.36544140E-001  0.37207886E+000  0.31419065E+001  0.11739914E+003
  0.36544143E-001  0.37207891E+000  0.31419072E+001  0.11739913E+003
  0.36544146E-001  0.37207895E+000  0.31419080E+001  0.11739913E+003
  0.36544148E-001  0.37207898E+000  0.31419088E+001  0.11739913E+003
  0.36544149E-001  0.37207900E+000  0.31419096E+001  0.11739913E+003
  0.36544151E-001  0.37207902E+000  0.31419103E+001  0.11739913E+003
  0.36544152E-001  0.37207904E+000  0.31419110E+001  0.11739914E+003
  0.36544152E-001  0.37207904E+000  0.31419118E+001  0.11739914E+003
  0.36544153E-001  0.37207905E+000  0.31419125E+001  0.11739914E+003
  0.36544153E-001  0.37207905E+000  0.31419131E+001  0.11739914E+003
  0.36544154E-001  0.37207905E+000  0.31419138E+001  0.11739914E+003
  0.36544154E-001  0.37207905E+000  0.31419144E+001  0.11739914E+003
  0.36544154E-001  0.37207905E+000  0.31419149E+001  0.11739914E+003
  0.36544155E-001  0.37207904E+000  0.31419155E+001  0.11739914E+003
  0.36544155E-001  0.37207904E+000  0.31419160E+001  0.11739914E+003
  0.36544155E-001  0.37207903E+000  0.31419165E+001  0.11739915E+003
  0.36544156E-001  0.37207903E+000  0.31419170E+001  0.11739915E+003
  0.36544156E-001  0.37207902E+000  0.31419174E+001  0.11739915E+003
  0.36544157E-001  0.37207902E+000  0.31419178E+001  0.11739915E+003
  0.36544158E-001  0.37207902E+000  0.31419182E+001  0.11739915E+003
  0.36544159E-001  0.37207902E+000  0.31419186E+001  0.11739915E+003
  0.36544160E-001  0.37207902E+000  0.31419190E+001  0.11739916E+003
  0.36544160E-001  0.37207902E+000  0.31419193E+001  0.11739916E+003
