  0.10492633E+000
  0.10549161E+000
  0.10583281E+000
  0.10604528E+000
  0.10618109E+000
  0.10626968E+000
  0.10632796E+000
  0.10636626E+000
  0.10639109E+000
  0.10640666E+000
  0.10641591E+000
  0.10642082E+000
  0.10642273E+000
  0.10642270E+000
  0.10642134E+000
  0.10641911E+000
  0.10641632E+000
  0.10641320E+000
  0.10640991E+000
  0.10640660E+000
  0.10640335E+000
  0.10640023E+000
  0.10639728E+000
  0.10639454E+000
  0.10639204E+000
  0.10638978E+000
  0.10638777E+000
  0.10638602E+000
  0.10638452E+000
  0.10638325E+000
  0.10638222E+000
  0.10638142E+000
  0.10638082E+000
  0.10638042E+000
  0.10638021E+000
  0.10638016E+000
  0.10638026E+000
  0.10638051E+000
  0.10638088E+000
  0.10638137E+000
  0.10638196E+000
  0.10638264E+000
  0.10638340E+000
  0.10638422E+000
  0.10638511E+000
  0.10638606E+000
  0.10638705E+000
  0.10638808E+000
  0.10638914E+000
  0.10639023E+000
  0.10639135E+000
  0.10639249E+000
  0.10639365E+000
  0.10639482E+000
  0.10639601E+000
  0.10639720E+000
  0.10639841E+000
  0.10639962E+000
  0.10640083E+000
  0.10640204E+000
  0.10640326E+000
  0.10640448E+000
  0.10640569E+000
  0.10640690E+000
  0.10640810E+000
  0.10640930E+000
  0.10641049E+000
  0.10641167E+000
  0.10641284E+000
  0.10641400E+000
  0.10641514E+000
  0.10641628E+000
  0.10641739E+000
  0.10641849E+000
  0.10641958E+000
  0.10642064E+000
  0.10642169E+000
  0.10642272E+000
  0.10642372E+000
  0.10642471E+000
  0.10642567E+000
  0.10642661E+000
  0.10642752E+000
  0.10642840E+000
  0.10642926E+000
  0.10643009E+000
  0.10643089E+000
  0.10643166E+000
  0.10643240E+000
  0.10643311E+000
  0.10643379E+000
  0.10643444E+000
  0.10643506E+000
  0.10643564E+000
  0.10643620E+000
  0.10643673E+000
  0.10643723E+000
  0.10643770E+000
  0.10643814E+000
  0.10643856E+000
  0.10643895E+000
  0.10643932E+000
  0.10643966E+000
  0.10643999E+000
  0.10644029E+000
  0.10644057E+000
  0.10644083E+000
  0.10644107E+000
  0.10644130E+000
  0.10644151E+000
  0.10644171E+000
  0.10644189E+000
  0.10644205E+000
  0.10644221E+000
  0.10644235E+000
  0.10644249E+000
  0.10644261E+000
  0.10644272E+000
  0.10644282E+000
  0.10644292E+000
  0.10644301E+000
  0.10644309E+000
  0.10644317E+000
  0.10644324E+000
  0.10644330E+000
  0.10644336E+000
  0.10644341E+000
  0.10644346E+000
  0.10644351E+000
  0.10644355E+000
  0.10644359E+000
  0.10644362E+000
  0.10644365E+000
  0.10644368E+000
  0.10644371E+000
  0.10644374E+000
  0.10644376E+000
  0.10644378E+000
  0.10644380E+000
  0.10644382E+000
  0.10644383E+000
  0.10644385E+000
  0.10644386E+000
  0.10644387E+000
  0.10644389E+000
  0.10644390E+000
  0.10644390E+000
  0.10644391E+000
  0.10644392E+000
  0.10644392E+000
  0.10644393E+000
  0.10644393E+000
  0.10644394E+000
  0.10644394E+000
  0.10644394E+000
  0.10644395E+000
  0.10644395E+000
  0.10644395E+000
  0.10644395E+000
  0.10644395E+000
  0.10644395E+000
  0.10644395E+000
  0.10644395E+000
  0.10644395E+000
  0.10644395E+000
  0.10644395E+000
  0.10644394E+000
  0.10644394E+000
  0.10644394E+000
  0.10644394E+000
  0.10644394E+000
  0.10644394E+000
  0.10644393E+000
  0.10644393E+000
  0.10644393E+000
  0.10644393E+000
  0.10644393E+000
  0.10644393E+000
  0.10644393E+000
  0.10644392E+000
  0.10644392E+000
  0.10644392E+000
  0.10644392E+000
  0.10644392E+000
  0.10644392E+000
  0.10644392E+000
  0.10644392E+000
  0.10644392E+000
  0.10644392E+000
  0.10644392E+000
  0.10644392E+000
  0.10644392E+000
  0.10644392E+000
  0.10644392E+000
  0.10644392E+000
  0.10644392E+000
  0.10644392E+000
  0.10644392E+000
  0.10644392E+000
  0.10644393E+000
