  0.11217038E+001  0.57468508E+000  0.92016718E+000  0.37341871E+001
  0.11180637E+001  0.57903078E+000  0.91799669E+000  0.37361584E+001
  0.11115024E+001  0.58333103E+000  0.91677216E+000  0.37400583E+001
  0.11102781E+001  0.58166129E+000  0.91597599E+000  0.37440844E+001
  0.11088730E+001  0.58034331E+000  0.91896625E+000  0.37440869E+001
  0.11085751E+001  0.58087502E+000  0.91838003E+000  0.37446527E+001
  0.11086191E+001  0.57567259E+000  0.91832944E+000  0.37500279E+001
  0.11082797E+001  0.57570783E+000  0.91857353E+000  0.37502144E+001
  0.11077093E+001  0.57415206E+000  0.92067694E+000  0.37503301E+001
  0.11070048E+001  0.57426568E+000  0.92118139E+000  0.37504815E+001
  0.11042172E+001  0.57791514E+000  0.92027181E+000  0.37505708E+001
  0.11042340E+001  0.57739334E+000  0.92052940E+000  0.37508400E+001
  0.11040535E+001  0.57741108E+000  0.92048715E+000  0.37510504E+001
  0.11039682E+001  0.57698130E+000  0.92080994E+000  0.37512344E+001
  0.11035022E+001  0.57520099E+000  0.92293810E+000  0.37513328E+001
  0.10986296E+001  0.58001823E+000  0.92285094E+000  0.37514459E+001
  0.10986247E+001  0.57946495E+000  0.92327652E+000  0.37515413E+001
  0.10985337E+001  0.57949270E+000  0.92318540E+000  0.37516518E+001
  0.10985231E+001  0.57939844E+000  0.92315142E+000  0.37517414E+001
  0.10984773E+001  0.57931078E+000  0.92314507E+000  0.37518274E+001
  0.10984596E+001  0.57925968E+000  0.92307435E+000  0.37519095E+001
  0.10984433E+001  0.57920679E+000  0.92300513E+000  0.37519874E+001
  0.10982418E+001  0.57932131E+000  0.92295559E+000  0.37520611E+001
  0.10982118E+001  0.57928282E+000  0.92289002E+000  0.37521304E+001
  0.10981877E+001  0.57923905E+000  0.92282684E+000  0.37521953E+001
  0.10981688E+001  0.57919179E+000  0.92276528E+000  0.37522559E+001
  0.10981497E+001  0.57912213E+000  0.92254794E+000  0.37524940E+001
  0.10981306E+001  0.57907803E+000  0.92249079E+000  0.37525460E+001
  0.10981100E+001  0.57903762E+000  0.92243541E+000  0.37525938E+001
  0.10980911E+001  0.57899747E+000  0.92238211E+000  0.37526376E+001
  0.10980724E+001  0.57895918E+000  0.92233086E+000  0.37526776E+001
  0.10980540E+001  0.57852288E+000  0.92268150E+000  0.37527139E+001
  0.10980358E+001  0.57848827E+000  0.92263431E+000  0.37527468E+001
  0.10980179E+001  0.57845550E+000  0.92258910E+000  0.37527764E+001
  0.10980003E+001  0.57842455E+000  0.92254584E+000  0.37528029E+001
  0.10979831E+001  0.57839539E+000  0.92250450E+000  0.37528266E+001
  0.10979661E+001  0.57836799E+000  0.92246504E+000  0.37528476E+001
  0.10979494E+001  0.57834231E+000  0.92242745E+000  0.37528663E+001
  0.10979330E+001  0.57831831E+000  0.92239168E+000  0.37528827E+001
  0.10979168E+001  0.57829594E+000  0.92235772E+000  0.37528972E+001
  0.10979009E+001  0.57827515E+000  0.92232555E+000  0.37529099E+001
  0.10978852E+001  0.57825590E+000  0.92229512E+000  0.37529210E+001
  0.10978698E+001  0.57823807E+000  0.92226642E+000  0.37529308E+001
  0.10978545E+001  0.57822170E+000  0.92223943E+000  0.37529395E+001
  0.10978394E+001  0.57820672E+000  0.92221411E+000  0.37529471E+001
  0.10978245E+001  0.57819306E+000  0.92219041E+000  0.37529539E+001
  0.10978098E+001  0.57818065E+000  0.92216834E+000  0.37529600E+001
  0.10977953E+001  0.57856978E+000  0.92174749E+000  0.37529656E+001
  0.10977810E+001  0.57855969E+000  0.92172853E+000  0.37529709E+001
  0.10977668E+001  0.57855062E+000  0.92189418E+000  0.37527927E+001
  0.10977528E+001  0.57854251E+000  0.92187828E+000  0.37527975E+001
  0.10977391E+001  0.57853530E+000  0.92186380E+000  0.37528022E+001
  0.10977256E+001  0.57852890E+000  0.92185068E+000  0.37528070E+001
  0.10977123E+001  0.57852327E+000  0.92183885E+000  0.37528118E+001
  0.10976993E+001  0.57851833E+000  0.92182824E+000  0.37528169E+001
  0.10976866E+001  0.57851402E+000  0.92181876E+000  0.37528221E+001
  0.10976742E+001  0.57851030E+000  0.92181034E+000  0.37528276E+001
  0.10976621E+001  0.57850710E+000  0.92180287E+000  0.37528334E+001
  0.10976504E+001  0.57850437E+000  0.92179627E+000  0.37528394E+001
  0.10976391E+001  0.57852621E+000  0.92177152E+000  0.37528169E+001
  0.10976283E+001  0.57852429E+000  0.92177506E+000  0.37527754E+001
  0.10976179E+001  0.57852271E+000  0.92177840E+000  0.37527384E+001
  0.10976081E+001  0.57852144E+000  0.92174271E+000  0.37528758E+001
  0.10975987E+001  0.57852043E+000  0.92173906E+000  0.37528829E+001
  0.10975899E+001  0.57851966E+000  0.92173577E+000  0.37528900E+001
  0.10975816E+001  0.57851910E+000  0.92173278E+000  0.37528971E+001
  0.10975756E+001  0.57851712E+000  0.92173006E+000  0.37529042E+001
  0.10975740E+001  0.57851139E+000  0.92172757E+000  0.37529111E+001
  0.10975675E+001  0.57851132E+000  0.92172529E+000  0.37529178E+001
  0.10975616E+001  0.57851137E+000  0.92172322E+000  0.37529242E+001
  0.10975562E+001  0.57851154E+000  0.92172134E+000  0.37529303E+001
  0.10975514E+001  0.57851182E+000  0.92171966E+000  0.37529359E+001
  0.10975471E+001  0.57851219E+000  0.92171820E+000  0.37529410E+001
  0.10975433E+001  0.57851265E+000  0.92171696E+000  0.37529457E+001
  0.10975399E+001  0.57851319E+000  0.92171597E+000  0.37529498E+001
  0.10975369E+001  0.57851381E+000  0.92171523E+000  0.37529534E+001
  0.10975342E+001  0.57851449E+000  0.92171476E+000  0.37529565E+001
  0.10975318E+001  0.57851524E+000  0.92171457E+000  0.37529590E+001
  0.10975297E+001  0.57851604E+000  0.92171465E+000  0.37529611E+001
  0.10975277E+001  0.57851689E+000  0.92171501E+000  0.37529626E+001
  0.10975259E+001  0.57851778E+000  0.92171565E+000  0.37529638E+001
  0.10975243E+001  0.57851861E+000  0.92171656E+000  0.37529646E+001
  0.10975226E+001  0.57851955E+000  0.92171773E+000  0.37529651E+001
  0.10975209E+001  0.57852052E+000  0.92171913E+000  0.37529653E+001
  0.10975192E+001  0.57852149E+000  0.92172076E+000  0.37529654E+001
  0.10975175E+001  0.57852246E+000  0.92172258E+000  0.37529653E+001
  0.10975156E+001  0.57852342E+000  0.92172459E+000  0.37529650E+001
  0.10975137E+001  0.57852437E+000  0.92172676E+000  0.37529647E+001
  0.10975117E+001  0.57852530E+000  0.92172907E+000  0.37529644E+001
  0.10975096E+001  0.57852619E+000  0.92173149E+000  0.37529640E+001
  0.10975074E+001  0.57852705E+000  0.92173402E+000  0.37529637E+001
  0.10975050E+001  0.57852787E+000  0.92173662E+000  0.37529634E+001
  0.10975027E+001  0.57852864E+000  0.92173928E+000  0.37529631E+001
  0.10975002E+001  0.57852935E+000  0.92174198E+000  0.37529629E+001
  0.10974977E+001  0.57853001E+000  0.92174471E+000  0.37529627E+001
  0.10974952E+001  0.57853060E+000  0.92174746E+000  0.37529626E+001
  0.10974926E+001  0.57853153E+000  0.92174979E+000  0.37529625E+001
  0.10974901E+001  0.57853197E+000  0.92175253E+000  0.37529624E+001
  0.10974876E+001  0.57853232E+000  0.92175525E+000  0.37529624E+001
  0.10974851E+001  0.57853259E+000  0.92175795E+000  0.37529624E+001
  0.10974827E+001  0.57853277E+000  0.92176060E+000  0.37529624E+001
  0.10974804E+001  0.57853285E+000  0.92176321E+000  0.37529625E+001
  0.10974782E+001  0.57853284E+000  0.92176578E+000  0.37529626E+001
  0.10974761E+001  0.57853272E+000  0.92176828E+000  0.37529627E+001
  0.10974741E+001  0.57853250E+000  0.92177072E+000  0.37529628E+001
  0.10974723E+001  0.57853218E+000  0.92177309E+000  0.37529629E+001
  0.10974706E+001  0.57853175E+000  0.92177539E+000  0.37529630E+001
  0.10974690E+001  0.57853122E+000  0.92177761E+000  0.37529632E+001
  0.10974676E+001  0.57853059E+000  0.92177975E+000  0.37529633E+001
  0.10974664E+001  0.57852986E+000  0.92178181E+000  0.37529634E+001
  0.10974653E+001  0.57852904E+000  0.92178377E+000  0.37529636E+001
  0.10974644E+001  0.57852812E+000  0.92178564E+000  0.37529637E+001
  0.10974637E+001  0.57852713E+000  0.92178742E+000  0.37529638E+001
  0.10974631E+001  0.57852606E+000  0.92178910E+000  0.37529640E+001
  0.10974627E+001  0.57852492E+000  0.92179068E+000  0.37529641E+001
  0.10974624E+001  0.57852372E+000  0.92179216E+000  0.37529642E+001
  0.10974622E+001  0.57852247E+000  0.92179353E+000  0.37529644E+001
  0.10974623E+001  0.57852118E+000  0.92179480E+000  0.37529645E+001
  0.10974624E+001  0.57851986E+000  0.92179597E+000  0.37529646E+001
  0.10974627E+001  0.57851852E+000  0.92179704E+000  0.37529647E+001
  0.10974630E+001  0.57851716E+000  0.92179800E+000  0.37529647E+001
  0.10974635E+001  0.57851581E+000  0.92179886E+000  0.37529648E+001
  0.10974641E+001  0.57851447E+000  0.92179962E+000  0.37529648E+001
  0.10974648E+001  0.57851314E+000  0.92180028E+000  0.37529649E+001
  0.10974656E+001  0.57851184E+000  0.92180084E+000  0.37529649E+001
  0.10974664E+001  0.57851058E+000  0.92180132E+000  0.37529648E+001
  0.10974673E+001  0.57850936E+000  0.92180170E+000  0.37529648E+001
  0.10974683E+001  0.57850820E+000  0.92180200E+000  0.37529648E+001
  0.10974693E+001  0.57850708E+000  0.92180222E+000  0.37529647E+001
  0.10974703E+001  0.57850603E+000  0.92180236E+000  0.37529646E+001
  0.10974714E+001  0.57850505E+000  0.92180244E+000  0.37529644E+001
  0.10974724E+001  0.57850413E+000  0.92180244E+000  0.37529643E+001
  0.10974735E+001  0.57850329E+000  0.92180239E+000  0.37529641E+001
  0.10974746E+001  0.57850251E+000  0.92180227E+000  0.37529639E+001
  0.10974757E+001  0.57850181E+000  0.92180211E+000  0.37529637E+001
  0.10974767E+001  0.57850119E+000  0.92180191E+000  0.37529635E+001
  0.10974778E+001  0.57850063E+000  0.92180166E+000  0.37529632E+001
  0.10974788E+001  0.57850015E+000  0.92180138E+000  0.37529630E+001
  0.10974798E+001  0.57849974E+000  0.92180107E+000  0.37529627E+001
  0.10974808E+001  0.57849939E+000  0.92180073E+000  0.37529624E+001
  0.10974817E+001  0.57849911E+000  0.92180038E+000  0.37529621E+001
  0.10974826E+001  0.57849888E+000  0.92180001E+000  0.37529618E+001
  0.10974835E+001  0.57849872E+000  0.92179963E+000  0.37529615E+001
  0.10974843E+001  0.57849860E+000  0.92179924E+000  0.37529611E+001
  0.10974851E+001  0.57849853E+000  0.92179885E+000  0.37529608E+001
  0.10974858E+001  0.57849851E+000  0.92179846E+000  0.37529605E+001
  0.10974865E+001  0.57849853E+000  0.92179807E+000  0.37529602E+001
  0.10974871E+001  0.57849858E+000  0.92179768E+000  0.37529599E+001
  0.10974877E+001  0.57849866E+000  0.92179731E+000  0.37529596E+001
  0.10974883E+001  0.57849877E+000  0.92179694E+000  0.37529593E+001
  0.10974888E+001  0.57849891E+000  0.92179659E+000  0.37529590E+001
  0.10974893E+001  0.57849906E+000  0.92179625E+000  0.37529587E+001
  0.10974897E+001  0.57849923E+000  0.92179593E+000  0.37529584E+001
  0.10974901E+001  0.57849941E+000  0.92179562E+000  0.37529581E+001
  0.10974904E+001  0.57849960E+000  0.92179532E+000  0.37529579E+001
  0.10974907E+001  0.57849980E+000  0.92179504E+000  0.37529577E+001
  0.10974910E+001  0.57850001E+000  0.92179478E+000  0.37529574E+001
  0.10974912E+001  0.57850021E+000  0.92179454E+000  0.37529572E+001
  0.10974915E+001  0.57850042E+000  0.92179431E+000  0.37529570E+001
  0.10974916E+001  0.57850062E+000  0.92179410E+000  0.37529568E+001
  0.10974918E+001  0.57850082E+000  0.92179391E+000  0.37529567E+001
  0.10974919E+001  0.57850101E+000  0.92179373E+000  0.37529565E+001
  0.10974921E+001  0.57850120E+000  0.92179356E+000  0.37529564E+001
  0.10974921E+001  0.57850139E+000  0.92179341E+000  0.37529563E+001
  0.10974922E+001  0.57850156E+000  0.92179328E+000  0.37529561E+001
  0.10974923E+001  0.57850173E+000  0.92179315E+000  0.37529560E+001
  0.10974923E+001  0.57850188E+000  0.92179304E+000  0.37529560E+001
  0.10974923E+001  0.57850203E+000  0.92179294E+000  0.37529559E+001
  0.10974923E+001  0.57850217E+000  0.92179285E+000  0.37529558E+001
  0.10974923E+001  0.57850230E+000  0.92179277E+000  0.37529558E+001
  0.10974923E+001  0.57850242E+000  0.92179270E+000  0.37529557E+001
  0.10974923E+001  0.57850253E+000  0.92179264E+000  0.37529557E+001
  0.10974923E+001  0.57850263E+000  0.92179259E+000  0.37529557E+001
  0.10974923E+001  0.57850273E+000  0.92179254E+000  0.37529557E+001
  0.10974922E+001  0.57850281E+000  0.92179250E+000  0.37529556E+001
  0.10974922E+001  0.57850289E+000  0.92179246E+000  0.37529556E+001
  0.10974921E+001  0.57850296E+000  0.92179243E+000  0.37529557E+001
  0.10974921E+001  0.57850302E+000  0.92179241E+000  0.37529557E+001
  0.10974920E+001  0.57850308E+000  0.92179239E+000  0.37529557E+001
  0.10974920E+001  0.57850312E+000  0.92179237E+000  0.37529557E+001
  0.10974919E+001  0.57850317E+000  0.92179235E+000  0.37529557E+001
  0.10974919E+001  0.57850320E+000  0.92179234E+000  0.37529557E+001
  0.10974918E+001  0.57850324E+000  0.92179233E+000  0.37529558E+001
  0.10974918E+001  0.57850326E+000  0.92179232E+000  0.37529558E+001
  0.10974917E+001  0.57850329E+000  0.92179232E+000  0.37529558E+001
  0.10974917E+001  0.57850330E+000  0.92179231E+000  0.37529559E+001
  0.10974917E+001  0.57850332E+000  0.92179231E+000  0.37529559E+001
  0.10974916E+001  0.57850333E+000  0.92179230E+000  0.37529559E+001
  0.10974916E+001  0.57850334E+000  0.92179230E+000  0.37529560E+001
  0.10974915E+001  0.57850335E+000  0.92179230E+000  0.37529560E+001
  0.10974915E+001  0.57850335E+000  0.92179230E+000  0.37529561E+001
  0.10974914E+001  0.57850336E+000  0.92179229E+000  0.37529561E+001
  0.10974914E+001  0.57850336E+000  0.92179229E+000  0.37529561E+001
  0.10974914E+001  0.57850336E+000  0.92179229E+000  0.37529562E+001
  0.10974913E+001  0.57850336E+000  0.92179229E+000  0.37529562E+001
  0.10974913E+001  0.57850336E+000  0.92179229E+000  0.37529562E+001
  0.10974913E+001  0.57850336E+000  0.92179229E+000  0.37529563E+001
  0.10974913E+001  0.57850335E+000  0.92179229E+000  0.37529563E+001
  0.10974912E+001  0.57850335E+000  0.92179229E+000  0.37529563E+001
  0.10974912E+001  0.57850335E+000  0.92179230E+000  0.37529564E+001
