 -0.15585873E+000  0.23052757E+000  0.22780696E+001  0.39980048E+001
 -0.15496576E+000  0.23219484E+000  0.22794281E+001  0.39945924E+001
 -0.15439981E+000  0.23336468E+000  0.22803747E+001  0.39923244E+001
 -0.15406164E+000  0.23422909E+000  0.22810392E+001  0.39907933E+001
 -0.15384884E+000  0.23485367E+000  0.22815031E+001  0.39897615E+001
 -0.15371255E+000  0.23529379E+000  0.22818212E+001  0.39890805E+001
 -0.15363134E+000  0.23559600E+000  0.22820323E+001  0.39886521E+001
 -0.15359024E+000  0.23569652E+000  0.22822610E+001  0.39884082E+001
 -0.15357840E+000  0.23573684E+000  0.22824106E+001  0.39882995E+001
 -0.15358789E+000  0.23573873E+000  0.22824926E+001  0.39882900E+001
 -0.15361296E+000  0.23571100E+000  0.22825236E+001  0.39883532E+001
 -0.15364963E+000  0.23566077E+000  0.22825165E+001  0.39884691E+001
 -0.15369499E+000  0.23559357E+000  0.22824809E+001  0.39886227E+001
 -0.15374683E+000  0.23551374E+000  0.22824242E+001  0.39888028E+001
 -0.15380342E+000  0.23542472E+000  0.22823519E+001  0.39890009E+001
 -0.15386342E+000  0.23532926E+000  0.22822684E+001  0.39892106E+001
 -0.15392572E+000  0.23522951E+000  0.22821768E+001  0.39894269E+001
 -0.15398945E+000  0.23510136E+000  0.22821056E+001  0.39896461E+001
 -0.15405391E+000  0.23494638E+000  0.22820566E+001  0.39898653E+001
 -0.15411850E+000  0.23479028E+000  0.22820064E+001  0.39900824E+001
 -0.15418276E+000  0.23463430E+000  0.22819558E+001  0.39902958E+001
 -0.15424632E+000  0.23447946E+000  0.22819051E+001  0.39905044E+001
 -0.15430887E+000  0.23432655E+000  0.22818547E+001  0.39907075E+001
 -0.15437191E+000  0.23417794E+000  0.22818047E+001  0.39909044E+001
 -0.15443723E+000  0.23403609E+000  0.22817552E+001  0.39910949E+001
 -0.15450071E+000  0.23389745E+000  0.22817062E+001  0.39912788E+001
 -0.15456226E+000  0.23376233E+000  0.22816578E+001  0.39914560E+001
 -0.15462180E+000  0.23363097E+000  0.22816099E+001  0.39916264E+001
 -0.15467929E+000  0.23350358E+000  0.22815625E+001  0.39917900E+001
 -0.15473471E+000  0.23338030E+000  0.22815157E+001  0.39919470E+001
 -0.15478805E+000  0.23326124E+000  0.22814695E+001  0.39920974E+001
 -0.15483933E+000  0.23314649E+000  0.22814240E+001  0.39922412E+001
 -0.15488857E+000  0.23303610E+000  0.22813791E+001  0.39923786E+001
 -0.15493581E+000  0.23293010E+000  0.22813350E+001  0.39925097E+001
 -0.15498108E+000  0.23282853E+000  0.22812917E+001  0.39926345E+001
 -0.15502443E+000  0.23273136E+000  0.22812495E+001  0.39927532E+001
 -0.15506593E+000  0.23263860E+000  0.22812082E+001  0.39928659E+001
 -0.15510561E+000  0.23255022E+000  0.22811682E+001  0.39929727E+001
 -0.15514355E+000  0.23246618E+000  0.22811294E+001  0.39930737E+001
 -0.15517979E+000  0.23238645E+000  0.22810920E+001  0.39931691E+001
 -0.15521440E+000  0.23231097E+000  0.22810560E+001  0.39932590E+001
 -0.15524743E+000  0.23223969E+000  0.22810214E+001  0.39933436E+001
 -0.15527894E+000  0.23217255E+000  0.22809884E+001  0.39934231E+001
 -0.15530897E+000  0.23210948E+000  0.22809570E+001  0.39934976E+001
 -0.15533756E+000  0.23205041E+000  0.22809271E+001  0.39935674E+001
 -0.15536474E+000  0.23199527E+000  0.22808987E+001  0.39936327E+001
 -0.15539057E+000  0.23194396E+000  0.22808719E+001  0.39936935E+001
 -0.15541508E+000  0.23189641E+000  0.22808467E+001  0.39937502E+001
 -0.15543831E+000  0.23185251E+000  0.22808230E+001  0.39938029E+001
 -0.15546029E+000  0.23181218E+000  0.22808008E+001  0.39938517E+001
 -0.15548106E+000  0.23177530E+000  0.22807801E+001  0.39938968E+001
 -0.15550066E+000  0.23174178E+000  0.22807610E+001  0.39939383E+001
 -0.15551910E+000  0.23171149E+000  0.22807434E+001  0.39939763E+001
 -0.15553643E+000  0.23168432E+000  0.22807275E+001  0.39940109E+001
 -0.15555266E+000  0.23166014E+000  0.22807131E+001  0.39940422E+001
 -0.15556784E+000  0.23163882E+000  0.22807004E+001  0.39940701E+001
 -0.15558199E+000  0.23162025E+000  0.22806894E+001  0.39940948E+001
 -0.15559514E+000  0.23160428E+000  0.22806800E+001  0.39941163E+001
 -0.15560734E+000  0.23159080E+000  0.22806724E+001  0.39941346E+001
 -0.15561862E+000  0.23157966E+000  0.22806666E+001  0.39941498E+001
 -0.15562902E+000  0.23157073E+000  0.22806625E+001  0.39941619E+001
 -0.15563858E+000  0.23156390E+000  0.22806601E+001  0.39941709E+001
 -0.15564734E+000  0.23155903E+000  0.22806594E+001  0.39941769E+001
 -0.15565534E+000  0.23155601E+000  0.22806604E+001  0.39941800E+001
 -0.15566264E+000  0.23155470E+000  0.22806631E+001  0.39941802E+001
 -0.15566927E+000  0.23155500E+000  0.22806674E+001  0.39941776E+001
 -0.15567528E+000  0.23155678E+000  0.22806731E+001  0.39941724E+001
 -0.15568071E+000  0.23155994E+000  0.22806803E+001  0.39941646E+001
 -0.15568561E+000  0.23156438E+000  0.22806888E+001  0.39941544E+001
 -0.15569003E+000  0.23156998E+000  0.22806985E+001  0.39941420E+001
 -0.15569400E+000  0.23157664E+000  0.22807094E+001  0.39941274E+001
 -0.15569758E+000  0.23158426E+000  0.22807212E+001  0.39941110E+001
 -0.15570080E+000  0.23159274E+000  0.22807339E+001  0.39940928E+001
 -0.15570369E+000  0.23160200E+000  0.22807473E+001  0.39940730E+001
 -0.15570630E+000  0.23161192E+000  0.22807613E+001  0.39940520E+001
 -0.15570867E+000  0.23162243E+000  0.22807757E+001  0.39940299E+001
 -0.15571081E+000  0.23163343E+000  0.22807905E+001  0.39940069E+001
 -0.15571278E+000  0.23164484E+000  0.22808054E+001  0.39939832E+001
 -0.15571458E+000  0.23165657E+000  0.22808203E+001  0.39939591E+001
 -0.15571625E+000  0.23166855E+000  0.22808352E+001  0.39939348E+001
 -0.15571782E+000  0.23168071E+000  0.22808499E+001  0.39939104E+001
 -0.15571929E+000  0.23169297E+000  0.22808643E+001  0.39938861E+001
 -0.15572068E+000  0.23170528E+000  0.22808783E+001  0.39938621E+001
 -0.15572202E+000  0.23171758E+000  0.22808918E+001  0.39938385E+001
 -0.15572331E+000  0.23172983E+000  0.22809048E+001  0.39938155E+001
 -0.15572456E+000  0.23174198E+000  0.22809172E+001  0.39937932E+001
 -0.15572577E+000  0.23175399E+000  0.22809289E+001  0.39937716E+001
 -0.15572696E+000  0.23176584E+000  0.22809400E+001  0.39937508E+001
 -0.15572813E+000  0.23177749E+000  0.22809503E+001  0.39937308E+001
 -0.15572928E+000  0.23178891E+000  0.22809600E+001  0.39937117E+001
 -0.15573040E+000  0.23180009E+000  0.22809691E+001  0.39936934E+001
 -0.15573151E+000  0.23181101E+000  0.22809775E+001  0.39936760E+001
 -0.15573259E+000  0.23182164E+000  0.22809853E+001  0.39936594E+001
 -0.15573366E+000  0.23183196E+000  0.22809926E+001  0.39936435E+001
 -0.15573470E+000  0.23184195E+000  0.22809994E+001  0.39936285E+001
 -0.15573572E+000  0.23185160E+000  0.22810058E+001  0.39936141E+001
 -0.15573672E+000  0.23186088E+000  0.22810118E+001  0.39936004E+001
 -0.15573770E+000  0.23186976E+000  0.22810176E+001  0.39935873E+001
 -0.15573866E+000  0.23187823E+000  0.22810232E+001  0.39935748E+001
 -0.15573959E+000  0.23188626E+000  0.22810287E+001  0.39935627E+001
 -0.15574049E+000  0.23189382E+000  0.22810342E+001  0.39935510E+001
 -0.15574137E+000  0.23190089E+000  0.22810398E+001  0.39935397E+001
 -0.15574223E+000  0.23190745E+000  0.22810455E+001  0.39935287E+001
 -0.15574307E+000  0.23191348E+000  0.22810514E+001  0.39935180E+001
 -0.15574389E+000  0.23191895E+000  0.22810576E+001  0.39935075E+001
 -0.15574468E+000  0.23192386E+000  0.22810641E+001  0.39934972E+001
 -0.15574546E+000  0.23192818E+000  0.22810710E+001  0.39934871E+001
 -0.15574621E+000  0.23193190E+000  0.22810784E+001  0.39934770E+001
 -0.15574695E+000  0.23193503E+000  0.22810862E+001  0.39934670E+001
 -0.15574766E+000  0.23193756E+000  0.22810945E+001  0.39934572E+001
 -0.15574836E+000  0.23193948E+000  0.22811033E+001  0.39934473E+001
 -0.15574904E+000  0.23194081E+000  0.22811126E+001  0.39934376E+001
 -0.15574970E+000  0.23194157E+000  0.22811224E+001  0.39934279E+001
 -0.15575035E+000  0.23194175E+000  0.22811327E+001  0.39934182E+001
 -0.15575098E+000  0.23194139E+000  0.22811434E+001  0.39934086E+001
 -0.15575159E+000  0.23194050E+000  0.22811545E+001  0.39933991E+001
 -0.15575218E+000  0.23193912E+000  0.22811660E+001  0.39933897E+001
 -0.15575276E+000  0.23193727E+000  0.22811778E+001  0.39933804E+001
 -0.15575332E+000  0.23193498E+000  0.22811898E+001  0.39933713E+001
 -0.15575386E+000  0.23193230E+000  0.22812020E+001  0.39933624E+001
 -0.15575439E+000  0.23192925E+000  0.22812144E+001  0.39933537E+001
 -0.15575489E+000  0.23192588E+000  0.22812267E+001  0.39933453E+001
 -0.15575538E+000  0.23192222E+000  0.22812390E+001  0.39933372E+001
 -0.15575585E+000  0.23191831E+000  0.22812512E+001  0.39933295E+001
 -0.15575630E+000  0.23191419E+000  0.22812632E+001  0.39933221E+001
 -0.15575673E+000  0.23190989E+000  0.22812749E+001  0.39933151E+001
 -0.15575714E+000  0.23190547E+000  0.22812863E+001  0.39933086E+001
 -0.15575754E+000  0.23190094E+000  0.22812973E+001  0.39933026E+001
 -0.15575791E+000  0.23189635E+000  0.22813078E+001  0.39932971E+001
 -0.15575827E+000  0.23189173E+000  0.22813178E+001  0.39932921E+001
 -0.15575860E+000  0.23188710E+000  0.22813271E+001  0.39932877E+001
 -0.15575892E+000  0.23188251E+000  0.22813359E+001  0.39932838E+001
 -0.15575922E+000  0.23187796E+000  0.22813440E+001  0.39932806E+001
 -0.15575950E+000  0.23187349E+000  0.22813514E+001  0.39932780E+001
 -0.15575976E+000  0.23186912E+000  0.22813581E+001  0.39932759E+001
 -0.15576001E+000  0.23186486E+000  0.22813640E+001  0.39932744E+001
 -0.15576024E+000  0.23186074E+000  0.22813693E+001  0.39932736E+001
 -0.15576045E+000  0.23185676E+000  0.22813738E+001  0.39932733E+001
 -0.15576065E+000  0.23185294E+000  0.22813775E+001  0.39932735E+001
 -0.15576083E+000  0.23184928E+000  0.22813806E+001  0.39932743E+001
 -0.15576099E+000  0.23184580E+000  0.22813830E+001  0.39932756E+001
 -0.15576114E+000  0.23184250E+000  0.22813847E+001  0.39932773E+001
 -0.15576128E+000  0.23183938E+000  0.22813857E+001  0.39932795E+001
 -0.15576140E+000  0.23183645E+000  0.22813862E+001  0.39932821E+001
 -0.15576152E+000  0.23183370E+000  0.22813861E+001  0.39932851E+001
 -0.15576162E+000  0.23183113E+000  0.22813854E+001  0.39932883E+001
 -0.15576171E+000  0.23182874E+000  0.22813843E+001  0.39932919E+001
 -0.15576179E+000  0.23182654E+000  0.22813828E+001  0.39932958E+001
 -0.15576186E+000  0.23182450E+000  0.22813808E+001  0.39932998E+001
 -0.15576192E+000  0.23182263E+000  0.22813785E+001  0.39933041E+001
 -0.15576197E+000  0.23182093E+000  0.22813759E+001  0.39933084E+001
 -0.15576202E+000  0.23181937E+000  0.22813730E+001  0.39933129E+001
 -0.15576206E+000  0.23181797E+000  0.22813699E+001  0.39933175E+001
 -0.15576209E+000  0.23181671E+000  0.22813666E+001  0.39933221E+001
 -0.15576211E+000  0.23181557E+000  0.22813631E+001  0.39933267E+001
 -0.15576214E+000  0.23181457E+000  0.22813596E+001  0.39933312E+001
 -0.15576215E+000  0.23181368E+000  0.22813560E+001  0.39933357E+001
 -0.15576216E+000  0.23181290E+000  0.22813523E+001  0.39933402E+001
 -0.15576217E+000  0.23181222E+000  0.22813487E+001  0.39933445E+001
 -0.15576218E+000  0.23181163E+000  0.22813450E+001  0.39933488E+001
 -0.15576218E+000  0.23181113E+000  0.22813414E+001  0.39933529E+001
 -0.15576218E+000  0.23181071E+000  0.22813378E+001  0.39933569E+001
 -0.15576218E+000  0.23181036E+000  0.22813343E+001  0.39933607E+001
 -0.15576218E+000  0.23181008E+000  0.22813310E+001  0.39933644E+001
 -0.15576217E+000  0.23180986E+000  0.22813277E+001  0.39933678E+001
 -0.15576217E+000  0.23180968E+000  0.22813245E+001  0.39933712E+001
 -0.15576216E+000  0.23180956E+000  0.22813215E+001  0.39933743E+001
 -0.15576215E+000  0.23180947E+000  0.22813186E+001  0.39933772E+001
 -0.15576214E+000  0.23180942E+000  0.22813159E+001  0.39933800E+001
 -0.15576214E+000  0.23180940E+000  0.22813133E+001  0.39933826E+001
 -0.15576213E+000  0.23180941E+000  0.22813109E+001  0.39933851E+001
 -0.15576212E+000  0.23180944E+000  0.22813086E+001  0.39933873E+001
 -0.15576211E+000  0.23180949E+000  0.22813064E+001  0.39933894E+001
 -0.15576210E+000  0.23180956E+000  0.22813044E+001  0.39933913E+001
 -0.15576210E+000  0.23180964E+000  0.22813026E+001  0.39933931E+001
 -0.15576209E+000  0.23180973E+000  0.22813009E+001  0.39933947E+001
 -0.15576208E+000  0.23180982E+000  0.22812993E+001  0.39933962E+001
 -0.15576208E+000  0.23180992E+000  0.22812978E+001  0.39933975E+001
 -0.15576207E+000  0.23181003E+000  0.22812965E+001  0.39933987E+001
 -0.15576207E+000  0.23181014E+000  0.22812953E+001  0.39933998E+001
 -0.15576206E+000  0.23181024E+000  0.22812942E+001  0.39934008E+001
 -0.15576206E+000  0.23181035E+000  0.22812932E+001  0.39934017E+001
 -0.15576205E+000  0.23181045E+000  0.22812923E+001  0.39934025E+001
 -0.15576205E+000  0.23181055E+000  0.22812915E+001  0.39934032E+001
 -0.15576205E+000  0.23181065E+000  0.22812908E+001  0.39934038E+001
 -0.15576204E+000  0.23181074E+000  0.22812901E+001  0.39934044E+001
 -0.15576204E+000  0.23181083E+000  0.22812896E+001  0.39934048E+001
 -0.15576204E+000  0.23181091E+000  0.22812891E+001  0.39934052E+001
 -0.15576204E+000  0.23181099E+000  0.22812887E+001  0.39934056E+001
 -0.15576204E+000  0.23181107E+000  0.22812883E+001  0.39934059E+001
 -0.15576203E+000  0.23181114E+000  0.22812880E+001  0.39934061E+001
 -0.15576203E+000  0.23181121E+000  0.22812877E+001  0.39934064E+001
 -0.15576203E+000  0.23181127E+000  0.22812875E+001  0.39934065E+001
 -0.15576203E+000  0.23181133E+000  0.22812873E+001  0.39934067E+001
 -0.15576203E+000  0.23181139E+000  0.22812871E+001  0.39934068E+001
 -0.15576202E+000  0.23181144E+000  0.22812870E+001  0.39934068E+001
 -0.15576202E+000  0.23181150E+000  0.22812869E+001  0.39934069E+001
 -0.15576202E+000  0.23181155E+000  0.22812868E+001  0.39934069E+001
 -0.15576202E+000  0.23181160E+000  0.22812868E+001  0.39934068E+001
 -0.15576200E+000  0.23181167E+000  0.22812868E+001  0.39934068E+001
