 -0.50351565E-001
 -0.50152904E-001
 -0.50011592E-001
 -0.49911860E-001
 -0.49842345E-001
 -0.49795260E-001
 -0.49764877E-001
 -0.49747089E-001
 -0.49738711E-001
 -0.49737529E-001
 -0.49741806E-001
 -0.49750247E-001
 -0.49761868E-001
 -0.49775876E-001
 -0.49791648E-001
 -0.49808691E-001
 -0.49826612E-001
 -0.49845101E-001
 -0.49863916E-001
 -0.49882862E-001
 -0.49901782E-001
 -0.49920555E-001
 -0.49939082E-001
 -0.49957289E-001
 -0.49975116E-001
 -0.49992517E-001
 -0.50009458E-001
 -0.50025914E-001
 -0.50041867E-001
 -0.50057305E-001
 -0.50072222E-001
 -0.50086615E-001
 -0.50100488E-001
 -0.50113843E-001
 -0.50126689E-001
 -0.50139034E-001
 -0.50150889E-001
 -0.50162266E-001
 -0.50173179E-001
 -0.50183640E-001
 -0.50193664E-001
 -0.50203264E-001
 -0.50212453E-001
 -0.50221244E-001
 -0.50229653E-001
 -0.50237692E-001
 -0.50245368E-001
 -0.50252690E-001
 -0.50259665E-001
 -0.50266302E-001
 -0.50272606E-001
 -0.50278585E-001
 -0.50284246E-001
 -0.50289593E-001
 -0.50294634E-001
 -0.50299375E-001
 -0.50303823E-001
 -0.50307983E-001
 -0.50311865E-001
 -0.50315476E-001
 -0.50318824E-001
 -0.50321918E-001
 -0.50324769E-001
 -0.50327385E-001
 -0.50329779E-001
 -0.50331959E-001
 -0.50333939E-001
 -0.50335730E-001
 -0.50337343E-001
 -0.50338791E-001
 -0.50340086E-001
 -0.50341239E-001
 -0.50342264E-001
 -0.50343171E-001
 -0.50343973E-001
 -0.50344680E-001
 -0.50345302E-001
 -0.50345852E-001
 -0.50346336E-001
 -0.50346765E-001
 -0.50347147E-001
 -0.50347488E-001
 -0.50347794E-001
 -0.50348073E-001
 -0.50348327E-001
 -0.50348561E-001
 -0.50348779E-001
 -0.50348982E-001
 -0.50349173E-001
 -0.50349354E-001
 -0.50349524E-001
 -0.50349686E-001
 -0.50349840E-001
 -0.50349985E-001
 -0.50350122E-001
 -0.50350251E-001
 -0.50350372E-001
 -0.50350485E-001
 -0.50350590E-001
 -0.50350687E-001
 -0.50350777E-001
 -0.50350859E-001
 -0.50350933E-001
 -0.50351000E-001
 -0.50351060E-001
 -0.50351114E-001
 -0.50351161E-001
 -0.50351202E-001
 -0.50351237E-001
 -0.50351268E-001
 -0.50351293E-001
 -0.50351314E-001
 -0.50351330E-001
 -0.50351343E-001
 -0.50351353E-001
 -0.50351359E-001
 -0.50351362E-001
 -0.50351363E-001
 -0.50351362E-001
 -0.50351360E-001
 -0.50351355E-001
 -0.50351350E-001
 -0.50351343E-001
 -0.50351336E-001
 -0.50351328E-001
 -0.50351320E-001
 -0.50351311E-001
 -0.50351303E-001
 -0.50351295E-001
 -0.50351287E-001
 -0.50351280E-001
 -0.50351274E-001
 -0.50351268E-001
 -0.50351263E-001
 -0.50351258E-001
 -0.50351255E-001
 -0.50351252E-001
 -0.50351251E-001
 -0.50351250E-001
 -0.50351250E-001
 -0.50351252E-001
 -0.50351254E-001
 -0.50351257E-001
 -0.50351261E-001
 -0.50351265E-001
 -0.50351271E-001
 -0.50351277E-001
 -0.50351283E-001
 -0.50351291E-001
 -0.50351299E-001
 -0.50351307E-001
 -0.50351315E-001
 -0.50351324E-001
 -0.50351334E-001
 -0.50351343E-001
 -0.50351353E-001
 -0.50351362E-001
 -0.50351372E-001
 -0.50351382E-001
 -0.50351391E-001
 -0.50351401E-001
 -0.50351410E-001
 -0.50351420E-001
 -0.50351429E-001
 -0.50351437E-001
 -0.50351446E-001
 -0.50351454E-001
 -0.50351463E-001
 -0.50351470E-001
 -0.50351478E-001
 -0.50351485E-001
 -0.50351492E-001
 -0.50351498E-001
 -0.50351505E-001
 -0.50351511E-001
 -0.50351516E-001
 -0.50351522E-001
 -0.50351527E-001
 -0.50351531E-001
 -0.50351536E-001
 -0.50351540E-001
 -0.50351544E-001
 -0.50351548E-001
 -0.50351551E-001
 -0.50351554E-001
 -0.50351557E-001
 -0.50351560E-001
 -0.50351563E-001
 -0.50351565E-001
 -0.50351567E-001
 -0.50351569E-001
 -0.50351571E-001
 -0.50351572E-001
 -0.50351574E-001
 -0.50351575E-001
 -0.50351577E-001
 -0.50351578E-001
 -0.50351579E-001
 -0.50351581E-001
 -0.50351578E-001
