  0.16380372E+001
  0.16379652E+001
  0.16379274E+001
  0.16379117E+001
  0.16379096E+001
  0.16379159E+001
  0.16379270E+001
  0.16379408E+001
  0.16379557E+001
  0.16379708E+001
  0.16379854E+001
  0.16379993E+001
  0.16380123E+001
  0.16380242E+001
  0.16380350E+001
  0.16380448E+001
  0.16380534E+001
  0.16380609E+001
  0.16380674E+001
  0.16380729E+001
  0.16380774E+001
  0.16380811E+001
  0.16380839E+001
  0.16380860E+001
  0.16380872E+001
  0.16380878E+001
  0.16380878E+001
  0.16380871E+001
  0.16380860E+001
  0.16380843E+001
  0.16380821E+001
  0.16380796E+001
  0.16380767E+001
  0.16380735E+001
  0.16380700E+001
  0.16380663E+001
  0.16380625E+001
  0.16380585E+001
  0.16380545E+001
  0.16380504E+001
  0.16380464E+001
  0.16380425E+001
  0.16380386E+001
  0.16380349E+001
  0.16380314E+001
  0.16380281E+001
  0.16380250E+001
  0.16380221E+001
  0.16380196E+001
  0.16380173E+001
  0.16380153E+001
  0.16380136E+001
  0.16380122E+001
  0.16380110E+001
  0.16380102E+001
  0.16380096E+001
  0.16380093E+001
  0.16380092E+001
  0.16380094E+001
  0.16380097E+001
  0.16380102E+001
  0.16380109E+001
  0.16380117E+001
  0.16380125E+001
  0.16380135E+001
  0.16380145E+001
  0.16380156E+001
  0.16380166E+001
  0.16380177E+001
  0.16380188E+001
  0.16380198E+001
  0.16380208E+001
  0.16380218E+001
  0.16380227E+001
  0.16380236E+001
  0.16380244E+001
  0.16380252E+001
  0.16380259E+001
  0.16380266E+001
  0.16380272E+001
  0.16380278E+001
  0.16380284E+001
  0.16380289E+001
  0.16380294E+001
  0.16380299E+001
  0.16380304E+001
  0.16380308E+001
  0.16380313E+001
  0.16380317E+001
  0.16380321E+001
  0.16380324E+001
  0.16380328E+001
  0.16380331E+001
  0.16380335E+001
  0.16380338E+001
  0.16380341E+001
  0.16380344E+001
  0.16380346E+001
  0.16380349E+001
  0.16380351E+001
  0.16380353E+001
  0.16380355E+001
  0.16380357E+001
  0.16380358E+001
  0.16380360E+001
  0.16380361E+001
  0.16380362E+001
  0.16380363E+001
  0.16380364E+001
  0.16380365E+001
  0.16380366E+001
  0.16380367E+001
  0.16380367E+001
  0.16380368E+001
  0.16380368E+001
  0.16380369E+001
  0.16380369E+001
  0.16380369E+001
  0.16380369E+001
  0.16380370E+001
  0.16380370E+001
  0.16380370E+001
  0.16380370E+001
  0.16380370E+001
  0.16380370E+001
  0.16380370E+001
  0.16380370E+001
  0.16380370E+001
  0.16380370E+001
  0.16380370E+001
  0.16380370E+001
  0.16380370E+001
  0.16380370E+001
  0.16380370E+001
  0.16380370E+001
  0.16380370E+001
  0.16380370E+001
  0.16380370E+001
  0.16380370E+001
  0.16380370E+001
  0.16380370E+001
  0.16380370E+001
  0.16380370E+001
  0.16380370E+001
  0.16380370E+001
  0.16380370E+001
  0.16380370E+001
  0.16380370E+001
  0.16380370E+001
  0.16380370E+001
  0.16380370E+001
  0.16380370E+001
  0.16380370E+001
  0.16380370E+001
  0.16380370E+001
  0.16380370E+001
  0.16380371E+001
  0.16380371E+001
  0.16380371E+001
  0.16380371E+001
  0.16380371E+001
  0.16380371E+001
  0.16380371E+001
  0.16380371E+001
  0.16380371E+001
  0.16380371E+001
  0.16380371E+001
  0.16380371E+001
  0.16380372E+001
  0.16380372E+001
  0.16380372E+001
  0.16380372E+001
  0.16380372E+001
  0.16380372E+001
  0.16380372E+001
  0.16380372E+001
  0.16380372E+001
  0.16380372E+001
  0.16380372E+001
  0.16380372E+001
  0.16380372E+001
  0.16380372E+001
  0.16380372E+001
  0.16380372E+001
  0.16380372E+001
  0.16380372E+001
  0.16380372E+001
  0.16380372E+001
  0.16380372E+001
  0.16380372E+001
  0.16380372E+001
  0.16380373E+001
  0.16380373E+001
  0.16380373E+001
  0.16380373E+001
  0.16380373E+001
  0.16380373E+001
  0.16380373E+001
  0.16380373E+001
  0.16380373E+001
