  0.12564560E+001
  0.12557294E+001
  0.12550595E+001
  0.12545023E+001
  0.12540449E+001
  0.12536719E+001
  0.12533660E+001
  0.12531127E+001
  0.12529023E+001
  0.12527268E+001
  0.12525797E+001
  0.12524562E+001
  0.12523526E+001
  0.12522654E+001
  0.12521922E+001
  0.12521306E+001
  0.12520789E+001
  0.12520356E+001
  0.12519993E+001
  0.12519690E+001
  0.12519438E+001
  0.12519230E+001
  0.12519059E+001
  0.12518919E+001
  0.12518807E+001
  0.12518718E+001
  0.12518648E+001
  0.12518596E+001
  0.12518558E+001
  0.12518533E+001
  0.12518518E+001
  0.12518513E+001
  0.12518515E+001
  0.12518525E+001
  0.12518541E+001
  0.12518562E+001
  0.12518588E+001
  0.12518619E+001
  0.12518653E+001
  0.12518691E+001
  0.12518732E+001
  0.12518776E+001
  0.12518823E+001
  0.12518873E+001
  0.12518925E+001
  0.12518980E+001
  0.12519037E+001
  0.12519096E+001
  0.12519158E+001
  0.12519221E+001
  0.12519286E+001
  0.12519353E+001
  0.12519422E+001
  0.12519492E+001
  0.12519564E+001
  0.12519637E+001
  0.12519712E+001
  0.12519787E+001
  0.12519863E+001
  0.12519940E+001
  0.12520018E+001
  0.12520095E+001
  0.12520174E+001
  0.12520252E+001
  0.12520330E+001
  0.12520409E+001
  0.12520487E+001
  0.12520564E+001
  0.12520641E+001
  0.12520717E+001
  0.12520792E+001
  0.12520867E+001
  0.12520940E+001
  0.12521012E+001
  0.12521082E+001
  0.12521151E+001
  0.12521218E+001
  0.12521284E+001
  0.12521348E+001
  0.12521410E+001
  0.12521470E+001
  0.12521528E+001
  0.12521584E+001
  0.12521638E+001
  0.12521690E+001
  0.12521739E+001
  0.12521787E+001
  0.12521832E+001
  0.12521875E+001
  0.12521917E+001
  0.12521956E+001
  0.12521993E+001
  0.12522027E+001
  0.12522060E+001
  0.12522092E+001
  0.12522121E+001
  0.12522148E+001
  0.12522174E+001
  0.12522198E+001
  0.12522221E+001
  0.12522242E+001
  0.12522261E+001
  0.12522279E+001
  0.12522296E+001
  0.12522312E+001
  0.12522326E+001
  0.12522339E+001
  0.12522352E+001
  0.12522363E+001
  0.12522373E+001
  0.12522382E+001
  0.12522391E+001
  0.12522399E+001
  0.12522406E+001
  0.12522412E+001
  0.12522418E+001
  0.12522424E+001
  0.12522428E+001
  0.12522432E+001
  0.12522436E+001
  0.12522440E+001
  0.12522443E+001
  0.12522445E+001
  0.12522448E+001
  0.12522450E+001
  0.12522451E+001
  0.12522453E+001
  0.12522454E+001
  0.12522455E+001
  0.12522456E+001
  0.12522457E+001
  0.12522457E+001
  0.12522458E+001
  0.12522458E+001
  0.12522458E+001
  0.12522458E+001
  0.12522458E+001
  0.12522458E+001
  0.12522458E+001
  0.12522458E+001
  0.12522458E+001
  0.12522457E+001
  0.12522457E+001
  0.12522457E+001
  0.12522456E+001
  0.12522456E+001
  0.12522456E+001
  0.12522455E+001
  0.12522455E+001
  0.12522454E+001
  0.12522454E+001
  0.12522454E+001
  0.12522453E+001
  0.12522453E+001
  0.12522452E+001
  0.12522452E+001
  0.12522452E+001
  0.12522451E+001
  0.12522451E+001
  0.12522451E+001
  0.12522451E+001
  0.12522450E+001
  0.12522450E+001
  0.12522450E+001
  0.12522450E+001
  0.12522449E+001
  0.12522449E+001
  0.12522449E+001
  0.12522449E+001
  0.12522449E+001
  0.12522449E+001
  0.12522449E+001
  0.12522449E+001
  0.12522449E+001
  0.12522449E+001
  0.12522449E+001
  0.12522449E+001
  0.12522449E+001
  0.12522449E+001
  0.12522449E+001
  0.12522449E+001
  0.12522449E+001
  0.12522449E+001
  0.12522449E+001
  0.12522449E+001
  0.12522449E+001
  0.12522449E+001
  0.12522449E+001
  0.12522449E+001
  0.12522449E+001
  0.12522449E+001
  0.12522449E+001
  0.12522450E+001
  0.12522450E+001
  0.12522450E+001
  0.12522450E+001
  0.12522450E+001
  0.12522450E+001
  0.12522450E+001
  0.12522450E+001
