  0.19607798E+001
  0.18095274E+001
  0.17810656E+001
  0.17843929E+001
  0.17985129E+001
  0.18153471E+001
  0.18319713E+001
  0.18472930E+001
  0.18611148E+001
  0.18731971E+001
  0.18836536E+001
  0.18925457E+001
  0.19000187E+001
  0.19063304E+001
  0.19117085E+001
  0.19163565E+001
  0.19204122E+001
  0.19239922E+001
  0.19271868E+001
  0.19300584E+001
  0.19326530E+001
  0.19350045E+001
  0.19371379E+001
  0.19390726E+001
  0.19408238E+001
  0.19424045E+001
  0.19438266E+001
  0.19451011E+001
  0.19462386E+001
  0.19472497E+001
  0.19481449E+001
  0.19489349E+001
  0.19496300E+001
  0.19502404E+001
  0.19507758E+001
  0.19512456E+001
  0.19516585E+001
  0.19520226E+001
  0.19523453E+001
  0.19526330E+001
  0.19528915E+001
  0.19531259E+001
  0.19533402E+001
  0.19535378E+001
  0.19537027E+001
  0.19538287E+001
  0.19539270E+001
  0.19540056E+001
  0.19540700E+001
  0.19541242E+001
  0.19541708E+001
  0.19542117E+001
  0.19542481E+001
  0.19542807E+001
  0.19543102E+001
  0.19543370E+001
  0.19543612E+001
  0.19543831E+001
  0.19544029E+001
  0.19544207E+001
  0.19544367E+001
  0.19544509E+001
  0.19544635E+001
  0.19544746E+001
  0.19544843E+001
  0.19544927E+001
  0.19544998E+001
  0.19545057E+001
  0.19545106E+001
  0.19545144E+001
  0.19545172E+001
  0.19545192E+001
  0.19545203E+001
  0.19545206E+001
  0.19545202E+001
  0.19545191E+001
  0.19545175E+001
  0.19545153E+001
  0.19545126E+001
  0.19545095E+001
  0.19545060E+001
  0.19545023E+001
  0.19544983E+001
  0.19544941E+001
  0.19544898E+001
  0.19544853E+001
  0.19544808E+001
  0.19544762E+001
  0.19544717E+001
  0.19544671E+001
  0.19544626E+001
  0.19544581E+001
  0.19544537E+001
  0.19544494E+001
  0.19544451E+001
  0.19544410E+001
  0.19544370E+001
  0.19544331E+001
  0.19544294E+001
  0.19544258E+001
  0.19544223E+001
  0.19544190E+001
  0.19544158E+001
  0.19544129E+001
  0.19544100E+001
  0.19544074E+001
  0.19544050E+001
  0.19544027E+001
  0.19544006E+001
  0.19543986E+001
  0.19543969E+001
  0.19543953E+001
  0.19543939E+001
  0.19543926E+001
  0.19543915E+001
  0.19543906E+001
  0.19543897E+001
  0.19543891E+001
  0.19543885E+001
  0.19543881E+001
  0.19543878E+001
  0.19543875E+001
  0.19543874E+001
  0.19543874E+001
  0.19543874E+001
  0.19543875E+001
  0.19543876E+001
  0.19543879E+001
  0.19543881E+001
  0.19543884E+001
  0.19543888E+001
  0.19543891E+001
  0.19543895E+001
  0.19543899E+001
  0.19543903E+001
  0.19543908E+001
  0.19543912E+001
  0.19543916E+001
  0.19543921E+001
  0.19543925E+001
  0.19543929E+001
  0.19543934E+001
  0.19543938E+001
  0.19543942E+001
  0.19543946E+001
  0.19543950E+001
  0.19543954E+001
  0.19543958E+001
  0.19543962E+001
  0.19543966E+001
  0.19543969E+001
  0.19543973E+001
  0.19543976E+001
  0.19543979E+001
  0.19543982E+001
  0.19543985E+001
  0.19543988E+001
  0.19543991E+001
  0.19543993E+001
  0.19543996E+001
  0.19543998E+001
  0.19544001E+001
  0.19544003E+001
  0.19544005E+001
  0.19544007E+001
  0.19544009E+001
  0.19544011E+001
  0.19544013E+001
  0.19544014E+001
  0.19544016E+001
  0.19544017E+001
  0.19544019E+001
  0.19544020E+001
  0.19544021E+001
  0.19544022E+001
  0.19544024E+001
  0.19544025E+001
  0.19544026E+001
  0.19544027E+001
  0.19544028E+001
  0.19544028E+001
  0.19544029E+001
  0.19544030E+001
  0.19544031E+001
  0.19544031E+001
  0.19544032E+001
  0.19544033E+001
  0.19544033E+001
  0.19544034E+001
  0.19544034E+001
  0.19544035E+001
  0.19544035E+001
  0.19544036E+001
  0.19544036E+001
  0.19544036E+001
  0.19544037E+001
  0.19544038E+001
  0.19544039E+001
  0.19544040E+001
  0.19544038E+001
