  0.60193128E+000
  0.60016918E+000
  0.59904791E+000
  0.59834510E+000
  0.59790638E+000
  0.59766135E+000
  0.59755842E+000
  0.59754581E+000
  0.59756290E+000
  0.59760453E+000
  0.59765789E+000
  0.59771681E+000
  0.59777725E+000
  0.59783713E+000
  0.59789538E+000
  0.59795170E+000
  0.59800604E+000
  0.59805858E+000
  0.59810954E+000
  0.59815906E+000
  0.59820724E+000
  0.59825412E+000
  0.59829970E+000
  0.59834394E+000
  0.59838680E+000
  0.59842819E+000
  0.59846805E+000
  0.59850631E+000
  0.59854289E+000
  0.59857774E+000
  0.59861081E+000
  0.59864205E+000
  0.59867145E+000
  0.59869900E+000
  0.59872470E+000
  0.59874857E+000
  0.59877065E+000
  0.59879098E+000
  0.59880964E+000
  0.59882669E+000
  0.59884222E+000
  0.59885633E+000
  0.59886911E+000
  0.59888068E+000
  0.59889181E+000
  0.59890273E+000
  0.59891304E+000
  0.59892262E+000
  0.59893148E+000
  0.59893966E+000
  0.59894725E+000
  0.59895430E+000
  0.59896088E+000
  0.59896703E+000
  0.59897280E+000
  0.59897824E+000
  0.59898339E+000
  0.59898826E+000
  0.59899289E+000
  0.59899731E+000
  0.59900153E+000
  0.59900557E+000
  0.59900944E+000
  0.59901317E+000
  0.59901675E+000
  0.59902021E+000
  0.59902355E+000
  0.59902677E+000
  0.59902988E+000
  0.59903289E+000
  0.59903581E+000
  0.59903863E+000
  0.59904136E+000
  0.59904401E+000
  0.59904657E+000
  0.59904905E+000
  0.59905145E+000
  0.59905377E+000
  0.59905601E+000
  0.59905818E+000
  0.59906028E+000
  0.59906231E+000
  0.59906426E+000
  0.59906613E+000
  0.59906794E+000
  0.59906966E+000
  0.59907131E+000
  0.59907288E+000
  0.59907437E+000
  0.59907579E+000
  0.59907712E+000
  0.59907837E+000
  0.59907954E+000
  0.59908064E+000
  0.59908165E+000
  0.59908260E+000
  0.59908346E+000
  0.59908426E+000
  0.59908500E+000
  0.59908567E+000
  0.59908628E+000
  0.59908683E+000
  0.59908734E+000
  0.59908779E+000
  0.59908820E+000
  0.59908856E+000
  0.59908889E+000
  0.59908918E+000
  0.59908943E+000
  0.59908966E+000
  0.59908985E+000
  0.59909002E+000
  0.59909017E+000
  0.59909029E+000
  0.59909040E+000
  0.59909048E+000
  0.59909055E+000
  0.59909060E+000
  0.59909064E+000
  0.59909066E+000
  0.59909067E+000
  0.59909067E+000
  0.59909066E+000
  0.59909063E+000
  0.59909060E+000
  0.59909056E+000
  0.59909051E+000
  0.59909045E+000
  0.59909039E+000
  0.59909032E+000
  0.59909024E+000
  0.59909016E+000
  0.59909008E+000
  0.59908999E+000
  0.59908990E+000
  0.59908980E+000
  0.59908971E+000
  0.59908961E+000
  0.59908951E+000
  0.59908941E+000
  0.59908931E+000
  0.59908921E+000
  0.59908911E+000
  0.59908901E+000
  0.59908891E+000
  0.59908881E+000
  0.59908872E+000
  0.59908862E+000
  0.59908853E+000
  0.59908845E+000
  0.59908836E+000
  0.59908828E+000
  0.59908820E+000
  0.59908813E+000
  0.59908806E+000
  0.59908799E+000
  0.59908792E+000
  0.59908786E+000
  0.59908781E+000
  0.59908776E+000
  0.59908771E+000
  0.59908766E+000
  0.59908762E+000
  0.59908758E+000
  0.59908755E+000
  0.59908752E+000
  0.59908749E+000
  0.59908747E+000
  0.59908745E+000
  0.59908743E+000
  0.59908741E+000
  0.59908740E+000
  0.59908739E+000
  0.59908738E+000
  0.59908737E+000
  0.59908736E+000
  0.59908736E+000
  0.59908736E+000
  0.59908736E+000
  0.59908735E+000
  0.59908736E+000
  0.59908736E+000
  0.59908736E+000
  0.59908736E+000
  0.59908736E+000
  0.59908737E+000
  0.59908737E+000
  0.59908738E+000
  0.59908738E+000
  0.59908738E+000
  0.59908739E+000
  0.59908739E+000
  0.59908739E+000
  0.59908740E+000
  0.59908740E+000
  0.59908741E+000
  0.59908741E+000
  0.59908742E+000
  0.59908742E+000
  0.59908738E+000
