 -0.43964218E+000
 -0.44168731E+000
 -0.44296395E+000
 -0.44378984E+000
 -0.44434197E+000
 -0.44472161E+000
 -0.44498760E+000
 -0.44517642E+000
 -0.44531148E+000
 -0.44540822E+000
 -0.44547747E+000
 -0.44552678E+000
 -0.44556148E+000
 -0.44558564E+000
 -0.44560199E+000
 -0.44561250E+000
 -0.44561864E+000
 -0.44562155E+000
 -0.44562211E+000
 -0.44562101E+000
 -0.44561878E+000
 -0.44561585E+000
 -0.44561254E+000
 -0.44560911E+000
 -0.44560576E+000
 -0.44560263E+000
 -0.44559985E+000
 -0.44559750E+000
 -0.44559562E+000
 -0.44559428E+000
 -0.44559347E+000
 -0.44559322E+000
 -0.44559353E+000
 -0.44559437E+000
 -0.44559574E+000
 -0.44559761E+000
 -0.44559995E+000
 -0.44560273E+000
 -0.44560593E+000
 -0.44560951E+000
 -0.44561343E+000
 -0.44561768E+000
 -0.44562221E+000
 -0.44562700E+000
 -0.44563203E+000
 -0.44563725E+000
 -0.44564266E+000
 -0.44564823E+000
 -0.44565393E+000
 -0.44565976E+000
 -0.44566568E+000
 -0.44567169E+000
 -0.44567778E+000
 -0.44568392E+000
 -0.44569011E+000
 -0.44569633E+000
 -0.44570257E+000
 -0.44570883E+000
 -0.44571510E+000
 -0.44572135E+000
 -0.44572760E+000
 -0.44573381E+000
 -0.44574000E+000
 -0.44574615E+000
 -0.44575226E+000
 -0.44575831E+000
 -0.44576430E+000
 -0.44577023E+000
 -0.44577608E+000
 -0.44578186E+000
 -0.44578755E+000
 -0.44579316E+000
 -0.44579867E+000
 -0.44580409E+000
 -0.44580941E+000
 -0.44581462E+000
 -0.44581972E+000
 -0.44582471E+000
 -0.44582958E+000
 -0.44583433E+000
 -0.44583896E+000
 -0.44584346E+000
 -0.44584782E+000
 -0.44585204E+000
 -0.44585613E+000
 -0.44586007E+000
 -0.44586386E+000
 -0.44586750E+000
 -0.44587099E+000
 -0.44587433E+000
 -0.44587752E+000
 -0.44588055E+000
 -0.44588343E+000
 -0.44588617E+000
 -0.44588875E+000
 -0.44589120E+000
 -0.44589350E+000
 -0.44589566E+000
 -0.44589770E+000
 -0.44589960E+000
 -0.44590138E+000
 -0.44590304E+000
 -0.44590460E+000
 -0.44590604E+000
 -0.44590738E+000
 -0.44590862E+000
 -0.44590977E+000
 -0.44591083E+000
 -0.44591181E+000
 -0.44591272E+000
 -0.44591355E+000
 -0.44591431E+000
 -0.44591501E+000
 -0.44591565E+000
 -0.44591623E+000
 -0.44591677E+000
 -0.44591725E+000
 -0.44591769E+000
 -0.44591809E+000
 -0.44591846E+000
 -0.44591878E+000
 -0.44591908E+000
 -0.44591934E+000
 -0.44591958E+000
 -0.44591980E+000
 -0.44591999E+000
 -0.44592016E+000
 -0.44592031E+000
 -0.44592044E+000
 -0.44592056E+000
 -0.44592066E+000
 -0.44592075E+000
 -0.44592083E+000
 -0.44592090E+000
 -0.44592096E+000
 -0.44592101E+000
 -0.44592105E+000
 -0.44592108E+000
 -0.44592111E+000
 -0.44592113E+000
 -0.44592114E+000
 -0.44592116E+000
 -0.44592116E+000
 -0.44592117E+000
 -0.44592117E+000
 -0.44592116E+000
 -0.44592116E+000
 -0.44592115E+000
 -0.44592114E+000
 -0.44592113E+000
 -0.44592112E+000
 -0.44592111E+000
 -0.44592109E+000
 -0.44592108E+000
 -0.44592106E+000
 -0.44592104E+000
 -0.44592103E+000
 -0.44592101E+000
 -0.44592100E+000
 -0.44592098E+000
 -0.44592096E+000
 -0.44592095E+000
 -0.44592093E+000
 -0.44592092E+000
 -0.44592090E+000
 -0.44592089E+000
 -0.44592087E+000
 -0.44592086E+000
 -0.44592085E+000
 -0.44592084E+000
 -0.44592083E+000
 -0.44592082E+000
 -0.44592081E+000
 -0.44592080E+000
 -0.44592079E+000
 -0.44592078E+000
 -0.44592078E+000
 -0.44592077E+000
 -0.44592077E+000
 -0.44592076E+000
 -0.44592076E+000
 -0.44592076E+000
 -0.44592076E+000
 -0.44592076E+000
 -0.44592076E+000
 -0.44592076E+000
 -0.44592076E+000
 -0.44592076E+000
 -0.44592076E+000
 -0.44592076E+000
 -0.44592076E+000
 -0.44592077E+000
 -0.44592077E+000
 -0.44592077E+000
 -0.44592077E+000
 -0.44592078E+000
 -0.44592078E+000
 -0.44592078E+000
 -0.44592078E+000
 -0.44592080E+000
