  0.52917461E+000
  0.52851811E+000
  0.52809138E+000
  0.52778378E+000
  0.52755135E+000
  0.52737035E+000
  0.52722686E+000
  0.52711215E+000
  0.52701974E+000
  0.52694505E+000
  0.52688450E+000
  0.52683535E+000
  0.52679532E+000
  0.52676277E+000
  0.52673635E+000
  0.52671502E+000
  0.52669787E+000
  0.52668418E+000
  0.52667336E+000
  0.52666490E+000
  0.52665840E+000
  0.52665351E+000
  0.52664994E+000
  0.52664745E+000
  0.52664584E+000
  0.52664494E+000
  0.52664461E+000
  0.52664472E+000
  0.52664519E+000
  0.52664592E+000
  0.52664685E+000
  0.52664792E+000
  0.52664908E+000
  0.52665030E+000
  0.52665154E+000
  0.52665279E+000
  0.52665401E+000
  0.52665520E+000
  0.52665635E+000
  0.52665745E+000
  0.52665849E+000
  0.52665947E+000
  0.52666039E+000
  0.52666125E+000
  0.52666205E+000
  0.52666279E+000
  0.52666347E+000
  0.52666410E+000
  0.52666468E+000
  0.52666520E+000
  0.52666568E+000
  0.52666611E+000
  0.52666649E+000
  0.52666684E+000
  0.52666714E+000
  0.52666741E+000
  0.52666764E+000
  0.52666784E+000
  0.52666800E+000
  0.52666813E+000
  0.52666824E+000
  0.52666832E+000
  0.52666837E+000
  0.52666840E+000
  0.52666840E+000
  0.52666839E+000
  0.52666836E+000
  0.52666831E+000
  0.52666825E+000
  0.52666817E+000
  0.52666807E+000
  0.52666797E+000
  0.52666785E+000
  0.52666773E+000
  0.52666760E+000
  0.52666746E+000
  0.52666731E+000
  0.52666716E+000
  0.52666701E+000
  0.52666685E+000
  0.52666669E+000
  0.52666652E+000
  0.52666636E+000
  0.52666620E+000
  0.52666604E+000
  0.52666589E+000
  0.52666574E+000
  0.52666559E+000
  0.52666544E+000
  0.52666531E+000
  0.52666517E+000
  0.52666505E+000
  0.52666493E+000
  0.52666481E+000
  0.52666471E+000
  0.52666460E+000
  0.52666451E+000
  0.52666442E+000
  0.52666434E+000
  0.52666426E+000
  0.52666419E+000
  0.52666412E+000
  0.52666406E+000
  0.52666401E+000
  0.52666396E+000
  0.52666391E+000
  0.52666387E+000
  0.52666383E+000
  0.52666379E+000
  0.52666376E+000
  0.52666373E+000
  0.52666371E+000
  0.52666368E+000
  0.52666366E+000
  0.52666364E+000
  0.52666363E+000
  0.52666361E+000
  0.52666360E+000
  0.52666359E+000
  0.52666358E+000
  0.52666357E+000
  0.52666356E+000
  0.52666356E+000
  0.52666355E+000
  0.52666355E+000
  0.52666354E+000
  0.52666354E+000
  0.52666354E+000
  0.52666354E+000
  0.52666354E+000
  0.52666354E+000
  0.52666354E+000
  0.52666354E+000
  0.52666354E+000
  0.52666355E+000
  0.52666355E+000
  0.52666355E+000
  0.52666356E+000
  0.52666356E+000
  0.52666357E+000
  0.52666357E+000
  0.52666358E+000
  0.52666359E+000
  0.52666360E+000
  0.52666360E+000
  0.52666361E+000
  0.52666362E+000
  0.52666363E+000
  0.52666364E+000
  0.52666365E+000
  0.52666366E+000
  0.52666367E+000
  0.52666368E+000
  0.52666369E+000
  0.52666370E+000
  0.52666371E+000
  0.52666372E+000
  0.52666373E+000
  0.52666374E+000
  0.52666375E+000
  0.52666375E+000
  0.52666376E+000
  0.52666377E+000
  0.52666378E+000
  0.52666379E+000
  0.52666380E+000
  0.52666381E+000
  0.52666382E+000
  0.52666383E+000
  0.52666384E+000
  0.52666385E+000
  0.52666385E+000
  0.52666386E+000
  0.52666387E+000
  0.52666388E+000
  0.52666388E+000
  0.52666389E+000
  0.52666390E+000
  0.52666390E+000
  0.52666391E+000
  0.52666392E+000
  0.52666392E+000
  0.52666393E+000
  0.52666393E+000
  0.52666394E+000
  0.52666395E+000
  0.52666395E+000
  0.52666396E+000
  0.52666396E+000
  0.52666397E+000
  0.52666397E+000
  0.52666398E+000
  0.52666398E+000
  0.52666398E+000
  0.52666399E+000
  0.52666399E+000
  0.52666400E+000
  0.52666400E+000
  0.52666401E+000
  0.52666403E+000
