  0.62895239E+000  0.10217138E+001  0.12544777E+001  0.43112031E+001
  0.62735791E+000  0.10186259E+001  0.12502911E+001  0.42957702E+001
  0.62616127E+000  0.10165246E+001  0.12473548E+001  0.42842438E+001
  0.62524906E+000  0.10149565E+001  0.12451694E+001  0.42753988E+001
  0.62454119E+000  0.10137357E+001  0.12434928E+001  0.42684708E+001
  0.62398635E+000  0.10127694E+001  0.12421696E+001  0.42629752E+001
  0.62354560E+000  0.10119947E+001  0.12411063E+001  0.42585592E+001
  0.62319116E+000  0.10113687E+001  0.12402444E+001  0.42549766E+001
  0.62290459E+000  0.10108605E+001  0.12395396E+001  0.42520519E+001
  0.62267167E+000  0.10104451E+001  0.12389617E+001  0.42496517E+001
  0.62248124E+000  0.10101039E+001  0.12384867E+001  0.42476735E+001
  0.62232524E+000  0.10098226E+001  0.12380959E+001  0.42460395E+001
  0.62219702E+000  0.10095901E+001  0.12377734E+001  0.42446854E+001
  0.62209170E+000  0.10093977E+001  0.12375074E+001  0.42435619E+001
  0.62200520E+000  0.10092385E+001  0.12372879E+001  0.42426292E+001
  0.62193436E+000  0.10091071E+001  0.12371073E+001  0.42418558E+001
  0.62187632E+000  0.10089988E+001  0.12369587E+001  0.42412142E+001
  0.62182891E+000  0.10089097E+001  0.12368367E+001  0.42406824E+001
  0.62179038E+000  0.10088368E+001  0.12367370E+001  0.42402426E+001
  0.62175922E+000  0.10087774E+001  0.12366559E+001  0.42398794E+001
  0.62173417E+000  0.10087294E+001  0.12365902E+001  0.42395802E+001
  0.62171420E+000  0.10086908E+001  0.12365374E+001  0.42393343E+001
  0.62169844E+000  0.10086602E+001  0.12364954E+001  0.42391331E+001
  0.62168615E+000  0.10086362E+001  0.12364623E+001  0.42389688E+001
  0.62167673E+000  0.10086176E+001  0.12364367E+001  0.42388354E+001
  0.62166968E+000  0.10086036E+001  0.12364171E+001  0.42387274E+001
  0.62166457E+000  0.10085934E+001  0.12364026E+001  0.42386405E+001
  0.62166106E+000  0.10085863E+001  0.12363923E+001  0.42385709E+001
  0.62165884E+000  0.10085817E+001  0.12363852E+001  0.42385155E+001
  0.62165767E+000  0.10085792E+001  0.12363810E+001  0.42384716E+001
  0.62165734E+000  0.10085783E+001  0.12363789E+001  0.42384371E+001
  0.62165769E+000  0.10085788E+001  0.12363785E+001  0.42384099E+001
  0.62165858E+000  0.10085803E+001  0.12363795E+001  0.42383888E+001
  0.62165990E+000  0.10085827E+001  0.12363816E+001  0.42383723E+001
  0.62166155E+000  0.10085857E+001  0.12363844E+001  0.42383594E+001
  0.62166347E+000  0.10085892E+001  0.12363879E+001  0.42383493E+001
  0.62166558E+000  0.10085931E+001  0.12363919E+001  0.42383413E+001
  0.62166786E+000  0.10085972E+001  0.12363961E+001  0.42383348E+001
  0.62167026E+000  0.10086016E+001  0.12364006E+001  0.42383295E+001
  0.62167275E+000  0.10086060E+001  0.12364053E+001  0.42383250E+001
  0.62167533E+000  0.10086106E+001  0.12364100E+001  0.42383211E+001
  0.62167797E+000  0.10086152E+001  0.12364148E+001  0.42383176E+001
  0.62168067E+000  0.10086199E+001  0.12364197E+001  0.42383143E+001
  0.62168341E+000  0.10086245E+001  0.12364245E+001  0.42383111E+001
  0.62168620E+000  0.10086292E+001  0.12364293E+001  0.42383081E+001
  0.62168903E+000  0.10086339E+001  0.12364342E+001  0.42383051E+001
  0.62169190E+000  0.10086387E+001  0.12364391E+001  0.42383023E+001
  0.62169482E+000  0.10086434E+001  0.12364439E+001  0.42382995E+001
  0.62169778E+000  0.10086481E+001  0.12364488E+001  0.42382968E+001
  0.62170078E+000  0.10086528E+001  0.12364537E+001  0.42382941E+001
  0.62170382E+000  0.10086576E+001  0.12364586E+001  0.42382916E+001
  0.62170689E+000  0.10086624E+001  0.12364635E+001  0.42382891E+001
  0.62171000E+000  0.10086672E+001  0.12364685E+001  0.42382867E+001
  0.62171314E+000  0.10086720E+001  0.12364734E+001  0.42382845E+001
  0.62171631E+000  0.10086768E+001  0.12364784E+001  0.42382823E+001
  0.62171950E+000  0.10086817E+001  0.12364834E+001  0.42382802E+001
  0.62172271E+000  0.10086866E+001  0.12364884E+001  0.42382783E+001
  0.62172594E+000  0.10086914E+001  0.12364934E+001  0.42382764E+001
  0.62172917E+000  0.10086964E+001  0.12364984E+001  0.42382746E+001
  0.62173241E+000  0.10087013E+001  0.12365007E+001  0.42382506E+001
  0.62173565E+000  0.10087062E+001  0.12365012E+001  0.42382118E+001
  0.62173888E+000  0.10087112E+001  0.12365021E+001  0.42381765E+001
  0.62174209E+000  0.10087161E+001  0.12365184E+001  0.42382684E+001
  0.62174529E+000  0.10087210E+001  0.12365234E+001  0.42382671E+001
  0.62174847E+000  0.10087260E+001  0.12365283E+001  0.42382658E+001
  0.62175162E+000  0.10087309E+001  0.12365333E+001  0.42382646E+001
  0.62175473E+000  0.10087357E+001  0.12365381E+001  0.42382635E+001
  0.62175781E+000  0.10087406E+001  0.12365430E+001  0.42382625E+001
  0.62176084E+000  0.10087454E+001  0.12365478E+001  0.42382615E+001
  0.62176383E+000  0.10087502E+001  0.12365525E+001  0.42382606E+001
  0.62176675E+000  0.10087549E+001  0.12365572E+001  0.42382597E+001
  0.62176962E+000  0.10087595E+001  0.12365619E+001  0.42382588E+001
  0.62177243E+000  0.10087641E+001  0.12365664E+001  0.42382580E+001
  0.62177516E+000  0.10087686E+001  0.12365709E+001  0.42382572E+001
  0.62177782E+000  0.10087730E+001  0.12365753E+001  0.42382564E+001
  0.62178040E+000  0.10087773E+001  0.12365796E+001  0.42382556E+001
  0.62178290E+000  0.10087814E+001  0.12365838E+001  0.42382548E+001
  0.62178532E+000  0.10087855E+001  0.12365879E+001  0.42382540E+001
  0.62178765E+000  0.10087895E+001  0.12365920E+001  0.42382532E+001
  0.62178989E+000  0.10087933E+001  0.12365959E+001  0.42382524E+001
  0.62179204E+000  0.10087970E+001  0.12365997E+001  0.42382515E+001
  0.62179409E+000  0.10088005E+001  0.12366033E+001  0.42382507E+001
  0.62179606E+000  0.10088039E+001  0.12366069E+001  0.42382498E+001
  0.62179793E+000  0.10088072E+001  0.12366103E+001  0.42382489E+001
  0.62179972E+000  0.10088104E+001  0.12366136E+001  0.42382479E+001
  0.62180141E+000  0.10088134E+001  0.12366168E+001  0.42382470E+001
  0.62180302E+000  0.10088162E+001  0.12366199E+001  0.42382460E+001
  0.62180455E+000  0.10088190E+001  0.12366228E+001  0.42382451E+001
  0.62180599E+000  0.10088216E+001  0.12366257E+001  0.42382442E+001
  0.62180735E+000  0.10088240E+001  0.12366284E+001  0.42382433E+001
  0.62180864E+000  0.10088263E+001  0.12366310E+001  0.42382424E+001
  0.62180985E+000  0.10088285E+001  0.12366334E+001  0.42382415E+001
  0.62181099E+000  0.10088306E+001  0.12366358E+001  0.42382407E+001
  0.62181206E+000  0.10088326E+001  0.12366381E+001  0.42382399E+001
  0.62181307E+000  0.10088344E+001  0.12366402E+001  0.42382391E+001
  0.62181401E+000  0.10088362E+001  0.12366423E+001  0.42382384E+001
  0.62181489E+000  0.10088378E+001  0.12366442E+001  0.42382377E+001
  0.62181571E+000  0.10088393E+001  0.12366461E+001  0.42382371E+001
  0.62181648E+000  0.10088407E+001  0.12366478E+001  0.42382365E+001
  0.62181720E+000  0.10088420E+001  0.12366495E+001  0.42382360E+001
  0.62181786E+000  0.10088432E+001  0.12366510E+001  0.42382354E+001
  0.62181848E+000  0.10088444E+001  0.12366525E+001  0.42382350E+001
  0.62181905E+000  0.10088454E+001  0.12366539E+001  0.42382345E+001
  0.62181957E+000  0.10088464E+001  0.12366552E+001  0.42382341E+001
  0.62182006E+000  0.10088473E+001  0.12366564E+001  0.42382337E+001
  0.62182051E+000  0.10088481E+001  0.12366576E+001  0.42382334E+001
  0.62182092E+000  0.10088488E+001  0.12366586E+001  0.42382331E+001
  0.62182129E+000  0.10088495E+001  0.12366596E+001  0.42382328E+001
  0.62182164E+000  0.10088501E+001  0.12366606E+001  0.42382325E+001
  0.62182195E+000  0.10088507E+001  0.12366614E+001  0.42382323E+001
  0.62182224E+000  0.10088512E+001  0.12366623E+001  0.42382320E+001
  0.62182250E+000  0.10088516E+001  0.12366630E+001  0.42382318E+001
  0.62182273E+000  0.10088520E+001  0.12366637E+001  0.42382316E+001
  0.62182295E+000  0.10088524E+001  0.12366643E+001  0.42382314E+001
  0.62182314E+000  0.10088527E+001  0.12366649E+001  0.42382313E+001
  0.62182331E+000  0.10088530E+001  0.12366655E+001  0.42382311E+001
  0.62182346E+000  0.10088532E+001  0.12366660E+001  0.42382309E+001
  0.62182360E+000  0.10088534E+001  0.12366664E+001  0.42382308E+001
  0.62182372E+000  0.10088536E+001  0.12366668E+001  0.42382307E+001
  0.62182382E+000  0.10088537E+001  0.12366672E+001  0.42382305E+001
  0.62182391E+000  0.10088539E+001  0.12366676E+001  0.42382304E+001
  0.62182399E+000  0.10088539E+001  0.12366679E+001  0.42382303E+001
  0.62182406E+000  0.10088540E+001  0.12366681E+001  0.42382302E+001
  0.62182411E+000  0.10088541E+001  0.12366684E+001  0.42382301E+001
  0.62182416E+000  0.10088541E+001  0.12366686E+001  0.42382300E+001
  0.62182420E+000  0.10088541E+001  0.12366687E+001  0.42382300E+001
  0.62182423E+000  0.10088541E+001  0.12366689E+001  0.42382299E+001
  0.62182425E+000  0.10088541E+001  0.12366690E+001  0.42382298E+001
  0.62182426E+000  0.10088540E+001  0.12366691E+001  0.42382298E+001
  0.62182427E+000  0.10088540E+001  0.12366692E+001  0.42382297E+001
  0.62182427E+000  0.10088539E+001  0.12366692E+001  0.42382297E+001
  0.62182426E+000  0.10088539E+001  0.12366693E+001  0.42382297E+001
  0.62182425E+000  0.10088538E+001  0.12366693E+001  0.42382297E+001
  0.62182423E+000  0.10088537E+001  0.12366693E+001  0.42382296E+001
  0.62182421E+000  0.10088537E+001  0.12366692E+001  0.42382297E+001
  0.62182419E+000  0.10088536E+001  0.12366692E+001  0.42382297E+001
  0.62182415E+000  0.10088535E+001  0.12366691E+001  0.42382297E+001
  0.62182412E+000  0.10088534E+001  0.12366691E+001  0.42382297E+001
  0.62182408E+000  0.10088533E+001  0.12366690E+001  0.42382298E+001
  0.62182404E+000  0.10088532E+001  0.12366689E+001  0.42382298E+001
  0.62182400E+000  0.10088531E+001  0.12366688E+001  0.42382299E+001
  0.62182395E+000  0.10088530E+001  0.12366687E+001  0.42382300E+001
  0.62182390E+000  0.10088529E+001  0.12366685E+001  0.42382301E+001
  0.62182385E+000  0.10088529E+001  0.12366684E+001  0.42382301E+001
  0.62182380E+000  0.10088528E+001  0.12366683E+001  0.42382303E+001
  0.62182375E+000  0.10088527E+001  0.12366681E+001  0.42382304E+001
  0.62182369E+000  0.10088526E+001  0.12366680E+001  0.42382305E+001
  0.62182363E+000  0.10088525E+001  0.12366678E+001  0.42382306E+001
  0.62182358E+000  0.10088524E+001  0.12366676E+001  0.42382308E+001
  0.62182352E+000  0.10088523E+001  0.12366675E+001  0.42382309E+001
  0.62182346E+000  0.10088523E+001  0.12366673E+001  0.42382310E+001
  0.62182340E+000  0.10088522E+001  0.12366672E+001  0.42382312E+001
  0.62182335E+000  0.10088521E+001  0.12366670E+001  0.42382314E+001
  0.62182329E+000  0.10088521E+001  0.12366668E+001  0.42382315E+001
  0.62182323E+000  0.10088520E+001  0.12366667E+001  0.42382317E+001
  0.62182318E+000  0.10088519E+001  0.12366665E+001  0.42382319E+001
  0.62182312E+000  0.10088519E+001  0.12366664E+001  0.42382320E+001
  0.62182307E+000  0.10088518E+001  0.12366662E+001  0.42382322E+001
  0.62182301E+000  0.10088518E+001  0.12366661E+001  0.42382324E+001
  0.62182296E+000  0.10088517E+001  0.12366659E+001  0.42382326E+001
  0.62182291E+000  0.10088517E+001  0.12366658E+001  0.42382327E+001
  0.62182286E+000  0.10088516E+001  0.12366656E+001  0.42382329E+001
  0.62182282E+000  0.10088516E+001  0.12366655E+001  0.42382331E+001
  0.62182277E+000  0.10088516E+001  0.12366654E+001  0.42382333E+001
  0.62182273E+000  0.10088515E+001  0.12366653E+001  0.42382334E+001
  0.62182269E+000  0.10088515E+001  0.12366651E+001  0.42382336E+001
  0.62182265E+000  0.10088515E+001  0.12366650E+001  0.42382338E+001
  0.62182261E+000  0.10088514E+001  0.12366649E+001  0.42382340E+001
  0.62182258E+000  0.10088514E+001  0.12366648E+001  0.42382341E+001
  0.62182254E+000  0.10088514E+001  0.12366647E+001  0.42382343E+001
  0.62182251E+000  0.10088514E+001  0.12366646E+001  0.42382345E+001
  0.62182248E+000  0.10088513E+001  0.12366645E+001  0.42382346E+001
  0.62182245E+000  0.10088513E+001  0.12366644E+001  0.42382348E+001
  0.62182243E+000  0.10088513E+001  0.12366644E+001  0.42382349E+001
  0.62182240E+000  0.10088513E+001  0.12366643E+001  0.42382351E+001
  0.62182238E+000  0.10088513E+001  0.12366642E+001  0.42382352E+001
  0.62182236E+000  0.10088513E+001  0.12366642E+001  0.42382354E+001
  0.62182234E+000  0.10088513E+001  0.12366641E+001  0.42382355E+001
  0.62182232E+000  0.10088513E+001  0.12366640E+001  0.42382357E+001
  0.62182231E+000  0.10088513E+001  0.12366640E+001  0.42382358E+001
  0.62182229E+000  0.10088512E+001  0.12366639E+001  0.42382359E+001
  0.62182228E+000  0.10088512E+001  0.12366639E+001  0.42382360E+001
  0.62182227E+000  0.10088512E+001  0.12366638E+001  0.42382362E+001
  0.62182225E+000  0.10088512E+001  0.12366638E+001  0.42382363E+001
  0.62182224E+000  0.10088512E+001  0.12366638E+001  0.42382364E+001
  0.62182224E+000  0.10088512E+001  0.12366637E+001  0.42382365E+001
  0.62182223E+000  0.10088512E+001  0.12366637E+001  0.42382366E+001
  0.62182222E+000  0.10088512E+001  0.12366637E+001  0.42382367E+001
  0.62182221E+000  0.10088512E+001  0.12366636E+001  0.42382368E+001
  0.62182221E+000  0.10088512E+001  0.12366636E+001  0.42382369E+001
  0.62182220E+000  0.10088512E+001  0.12366636E+001  0.42382370E+001
  0.62182220E+000  0.10088512E+001  0.12366636E+001  0.42382371E+001
  0.62182220E+000  0.10088512E+001  0.12366636E+001  0.42382372E+001
  0.62182220E+000  0.10088512E+001  0.12366635E+001  0.42382373E+001
  0.62182219E+000  0.10088512E+001  0.12366635E+001  0.42382373E+001
  0.62182219E+000  0.10088512E+001  0.12366635E+001  0.42382374E+001
  0.62182219E+000  0.10088512E+001  0.12366635E+001  0.42382375E+001
  0.62182219E+000  0.10088512E+001  0.12366635E+001  0.42382375E+001
  0.62182220E+000  0.10088512E+001  0.12366635E+001  0.42382376E+001
  0.62182221E+000  0.10088513E+001  0.12366635E+001  0.42382376E+001
