 -0.11938504E+000  0.60235289E+000  0.54140243E+001  0.12117476E+003
 -0.11854800E+000  0.60379845E+000  0.54158944E+001  0.12119563E+003
 -0.11802894E+000  0.60480980E+000  0.54172647E+001  0.12121204E+003
 -0.11769402E+000  0.60552439E+000  0.54182854E+001  0.12122521E+003
 -0.11747524E+000  0.60602884E+000  0.54190522E+001  0.12123594E+003
 -0.11733477E+000  0.60638060E+000  0.54196302E+001  0.12124478E+003
 -0.11725063E+000  0.60661842E+000  0.54200665E+001  0.12125214E+003
 -0.11720745E+000  0.60676955E+000  0.54203953E+001  0.12125832E+003
 -0.11719404E+000  0.60685383E+000  0.54206418E+001  0.12126355E+003
 -0.11720224E+000  0.60688659E+000  0.54208246E+001  0.12126801E+003
 -0.11722613E+000  0.60687952E+000  0.54209579E+001  0.12127185E+003
 -0.11726157E+000  0.60684189E+000  0.54210528E+001  0.12127518E+003
 -0.11730554E+000  0.60678087E+000  0.54211178E+001  0.12127809E+003
 -0.11735580E+000  0.60670207E+000  0.54211596E+001  0.12128065E+003
 -0.11741062E+000  0.60660994E+000  0.54211833E+001  0.12128293E+003
 -0.11746867E+000  0.60650801E+000  0.54211930E+001  0.12128497E+003
 -0.11752886E+000  0.60639909E+000  0.54211921E+001  0.12128682E+003
 -0.11759033E+000  0.60628555E+000  0.54211829E+001  0.12128850E+003
 -0.11765241E+000  0.60616922E+000  0.54211676E+001  0.12129006E+003
 -0.11771453E+000  0.60605141E+000  0.54211479E+001  0.12129151E+003
 -0.11777625E+000  0.60593323E+000  0.54211252E+001  0.12129287E+003
 -0.11783720E+000  0.60581560E+000  0.54211005E+001  0.12129417E+003
 -0.11789710E+000  0.60569922E+000  0.54210745E+001  0.12129541E+003
 -0.11795564E+000  0.60558460E+000  0.54210481E+001  0.12129661E+003
 -0.11801252E+000  0.60547206E+000  0.54210215E+001  0.12129777E+003
 -0.11806783E+000  0.60536223E+000  0.54209951E+001  0.12129892E+003
 -0.11812150E+000  0.60525538E+000  0.54209693E+001  0.12130005E+003
 -0.11817344E+000  0.60515174E+000  0.54209442E+001  0.12130117E+003
 -0.11822363E+000  0.60505151E+000  0.54209200E+001  0.12130229E+003
 -0.11827202E+000  0.60495481E+000  0.54208968E+001  0.12130341E+003
 -0.11831863E+000  0.60486175E+000  0.54208747E+001  0.12130454E+003
 -0.11836346E+000  0.60477240E+000  0.54208537E+001  0.12130568E+003
 -0.11840652E+000  0.60468681E+000  0.54208341E+001  0.12130683E+003
 -0.11844785E+000  0.60460502E+000  0.54208158E+001  0.12130800E+003
 -0.11848748E+000  0.60452704E+000  0.54207989E+001  0.12130919E+003
 -0.11852545E+000  0.60445287E+000  0.54207836E+001  0.12131039E+003
 -0.11856182E+000  0.60438251E+000  0.54207699E+001  0.12131162E+003
 -0.11859662E+000  0.60431592E+000  0.54207579E+001  0.12131287E+003
 -0.11862992E+000  0.60425309E+000  0.54207477E+001  0.12131414E+003
 -0.11866175E+000  0.60419398E+000  0.54207394E+001  0.12131543E+003
 -0.11869218E+000  0.60413856E+000  0.54207332E+001  0.12131674E+003
 -0.11872126E+000  0.60408676E+000  0.54207291E+001  0.12131808E+003
 -0.11874903E+000  0.60403855E+000  0.54207273E+001  0.12131944E+003
 -0.11877553E+000  0.60399386E+000  0.54207279E+001  0.12132083E+003
 -0.11880081E+000  0.60395263E+000  0.54207308E+001  0.12132223E+003
 -0.11882489E+000  0.60391479E+000  0.54207363E+001  0.12132366E+003
 -0.11884781E+000  0.60388027E+000  0.54207443E+001  0.12132511E+003
 -0.11886961E+000  0.60384899E+000  0.54207549E+001  0.12132658E+003
 -0.11889033E+000  0.60382087E+000  0.54207681E+001  0.12132806E+003
 -0.11891000E+000  0.60379582E+000  0.54207840E+001  0.12132956E+003
 -0.11892864E+000  0.60377373E+000  0.54208026E+001  0.12133108E+003
 -0.11894629E+000  0.60375452E+000  0.54208239E+001  0.12133262E+003
 -0.11896298E+000  0.60373808E+000  0.54208478E+001  0.12133417E+003
 -0.11897873E+000  0.60372429E+000  0.54208743E+001  0.12133572E+003
 -0.11899356E+000  0.60371304E+000  0.54209034E+001  0.12133729E+003
 -0.11900752E+000  0.60370421E+000  0.54209351E+001  0.12133887E+003
 -0.11902061E+000  0.60369769E+000  0.54209693E+001  0.12134046E+003
 -0.11903287E+000  0.60369335E+000  0.54210059E+001  0.12134205E+003
 -0.11904433E+000  0.60369107E+000  0.54210450E+001  0.12134364E+003
 -0.11905501E+000  0.60369073E+000  0.54210863E+001  0.12134523E+003
 -0.11906495E+000  0.60369221E+000  0.54211300E+001  0.12134682E+003
 -0.11907418E+000  0.60369537E+000  0.54211758E+001  0.12134841E+003
 -0.11908272E+000  0.60370012E+000  0.54212236E+001  0.12134999E+003
 -0.11909063E+000  0.60370631E+000  0.54212735E+001  0.12135156E+003
 -0.11909791E+000  0.60371385E+000  0.54213252E+001  0.12135312E+003
 -0.11910463E+000  0.60372262E+000  0.54213787E+001  0.12135467E+003
 -0.11911079E+000  0.60373249E+000  0.54214338E+001  0.12135621E+003
 -0.11911645E+000  0.60374337E+000  0.54214903E+001  0.12135772E+003
 -0.11912164E+000  0.60375515E+000  0.54215482E+001  0.12135922E+003
 -0.11912639E+000  0.60376771E+000  0.54216073E+001  0.12136070E+003
 -0.11913074E+000  0.60378095E+000  0.54216674E+001  0.12136215E+003
 -0.11913472E+000  0.60379476E+000  0.54217284E+001  0.12136358E+003
 -0.11913836E+000  0.60380905E+000  0.54217901E+001  0.12136498E+003
 -0.11914171E+000  0.60382370E+000  0.54218522E+001  0.12136635E+003
 -0.11914478E+000  0.60383863E+000  0.54219147E+001  0.12136768E+003
 -0.11914762E+000  0.60385373E+000  0.54219773E+001  0.12136899E+003
 -0.11915024E+000  0.60386890E+000  0.54220398E+001  0.12137026E+003
 -0.11915269E+000  0.60388405E+000  0.54221022E+001  0.12137150E+003
 -0.11915497E+000  0.60389910E+000  0.54221641E+001  0.12137270E+003
 -0.11915712E+000  0.60391396E+000  0.54222254E+001  0.12137386E+003
 -0.11915916E+000  0.60392854E+000  0.54222860E+001  0.12137499E+003
 -0.11916110E+000  0.60394277E+000  0.54223457E+001  0.12137607E+003
 -0.11916297E+000  0.60395659E+000  0.54224044E+001  0.12137712E+003
 -0.11916477E+000  0.60396993E+000  0.54224619E+001  0.12137812E+003
 -0.11916652E+000  0.60398274E+000  0.54225182E+001  0.12137908E+003
 -0.11916823E+000  0.60399496E+000  0.54225732E+001  0.12138000E+003
 -0.11916991E+000  0.60400656E+000  0.54226268E+001  0.12138088E+003
 -0.11917156E+000  0.60401750E+000  0.54226790E+001  0.12138172E+003
 -0.11917319E+000  0.60402774E+000  0.54227297E+001  0.12138252E+003
 -0.11917480E+000  0.60403726E+000  0.54227789E+001  0.12138328E+003
 -0.11917638E+000  0.60404605E+000  0.54228267E+001  0.12138399E+003
 -0.11917795E+000  0.60405408E+000  0.54228730E+001  0.12138467E+003
 -0.11917951E+000  0.60406135E+000  0.54229178E+001  0.12138531E+003
 -0.11918104E+000  0.60406785E+000  0.54229613E+001  0.12138591E+003
 -0.11918256E+000  0.60407357E+000  0.54230034E+001  0.12138648E+003
 -0.11918405E+000  0.60407851E+000  0.54230441E+001  0.12138700E+003
 -0.11918552E+000  0.60408269E+000  0.54230835E+001  0.12138750E+003
 -0.11918697E+000  0.60408609E+000  0.54231217E+001  0.12138796E+003
 -0.11918839E+000  0.60408875E+000  0.54231586E+001  0.12138839E+003
 -0.11918978E+000  0.60409065E+000  0.54231943E+001  0.12138879E+003
 -0.11919114E+000  0.60409183E+000  0.54232288E+001  0.12138916E+003
 -0.11919248E+000  0.60409229E+000  0.54232621E+001  0.12138950E+003
 -0.11919378E+000  0.60409207E+000  0.54232942E+001  0.12138981E+003
 -0.11919505E+000  0.60409117E+000  0.54233252E+001  0.12139010E+003
 -0.11919629E+000  0.60408964E+000  0.54233549E+001  0.12139037E+003
 -0.11919750E+000  0.60408749E+000  0.54233834E+001  0.12139061E+003
 -0.11919867E+000  0.60408477E+000  0.54234107E+001  0.12139084E+003
 -0.11919980E+000  0.60408150E+000  0.54234366E+001  0.12139104E+003
 -0.11920090E+000  0.60407773E+000  0.54234613E+001  0.12139122E+003
 -0.11920197E+000  0.60407348E+000  0.54234846E+001  0.12139139E+003
 -0.11920299E+000  0.60406881E+000  0.54235064E+001  0.12139154E+003
 -0.11920398E+000  0.60406375E+000  0.54235269E+001  0.12139168E+003
 -0.11920494E+000  0.60405834E+000  0.54235458E+001  0.12139180E+003
 -0.11920585E+000  0.60405263E+000  0.54235632E+001  0.12139191E+003
 -0.11920673E+000  0.60404667E+000  0.54235790E+001  0.12139201E+003
 -0.11920758E+000  0.60404048E+000  0.54235933E+001  0.12139209E+003
 -0.11920838E+000  0.60403413E+000  0.54236058E+001  0.12139217E+003
 -0.11920915E+000  0.60402764E+000  0.54236168E+001  0.12139224E+003
 -0.11920988E+000  0.60402106E+000  0.54236260E+001  0.12139230E+003
 -0.11921057E+000  0.60401442E+000  0.54236336E+001  0.12139235E+003
 -0.11921123E+000  0.60400778E+000  0.54236394E+001  0.12139240E+003
 -0.11921185E+000  0.60400115E+000  0.54236436E+001  0.12139244E+003
 -0.11921244E+000  0.60399457E+000  0.54236462E+001  0.12139248E+003
 -0.11921299E+000  0.60398808E+000  0.54236471E+001  0.12139251E+003
 -0.11921351E+000  0.60398169E+000  0.54236464E+001  0.12139253E+003
 -0.11921400E+000  0.60397544E+000  0.54236443E+001  0.12139256E+003
 -0.11921445E+000  0.60396936E+000  0.54236406E+001  0.12139258E+003
 -0.11921487E+000  0.60396345E+000  0.54236355E+001  0.12139259E+003
 -0.11921526E+000  0.60395774E+000  0.54236292E+001  0.12139261E+003
 -0.11921562E+000  0.60395224E+000  0.54236215E+001  0.12139262E+003
 -0.11921595E+000  0.60394696E+000  0.54236128E+001  0.12139263E+003
 -0.11921626E+000  0.60394192E+000  0.54236029E+001  0.12139263E+003
 -0.11921653E+000  0.60393712E+000  0.54235921E+001  0.12139264E+003
 -0.11921679E+000  0.60393256E+000  0.54235805E+001  0.12139264E+003
 -0.11921702E+000  0.60392826E+000  0.54235681E+001  0.12139265E+003
 -0.11921722E+000  0.60392421E+000  0.54235551E+001  0.12139265E+003
 -0.11921741E+000  0.60392041E+000  0.54235415E+001  0.12139265E+003
 -0.11921757E+000  0.60391686E+000  0.54235274E+001  0.12139265E+003
 -0.11921772E+000  0.60391355E+000  0.54235131E+001  0.12139265E+003
 -0.11921785E+000  0.60391049E+000  0.54234985E+001  0.12139265E+003
 -0.11921796E+000  0.60390766E+000  0.54234837E+001  0.12139265E+003
 -0.11921806E+000  0.60390506E+000  0.54234689E+001  0.12139264E+003
 -0.11921814E+000  0.60390268E+000  0.54234541E+001  0.12139264E+003
 -0.11921821E+000  0.60390051E+000  0.54234395E+001  0.12139264E+003
 -0.11921826E+000  0.60389854E+000  0.54234250E+001  0.12139263E+003
 -0.11921831E+000  0.60389676E+000  0.54234108E+001  0.12139263E+003
 -0.11921835E+000  0.60389517E+000  0.54233969E+001  0.12139263E+003
 -0.11921837E+000  0.60389375E+000  0.54233833E+001  0.12139262E+003
 -0.11921839E+000  0.60389249E+000  0.54233702E+001  0.12139262E+003
 -0.11921840E+000  0.60389139E+000  0.54233575E+001  0.12139261E+003
 -0.11921841E+000  0.60389043E+000  0.54233453E+001  0.12139261E+003
 -0.11921841E+000  0.60388959E+000  0.54233337E+001  0.12139260E+003
 -0.11921840E+000  0.60388888E+000  0.54233226E+001  0.12139260E+003
 -0.11921839E+000  0.60388828E+000  0.54233120E+001  0.12139259E+003
 -0.11921838E+000  0.60388779E+000  0.54233020E+001  0.12139259E+003
 -0.11921836E+000  0.60388739E+000  0.54232926E+001  0.12139258E+003
 -0.11921834E+000  0.60388707E+000  0.54232838E+001  0.12139258E+003
 -0.11921832E+000  0.60388683E+000  0.54232755E+001  0.12139257E+003
 -0.11921830E+000  0.60388665E+000  0.54232678E+001  0.12139257E+003
 -0.11921828E+000  0.60388654E+000  0.54232607E+001  0.12139257E+003
 -0.11921825E+000  0.60388648E+000  0.54232541E+001  0.12139256E+003
 -0.11921823E+000  0.60388647E+000  0.54232480E+001  0.12139256E+003
 -0.11921820E+000  0.60388649E+000  0.54232425E+001  0.12139256E+003
 -0.11921818E+000  0.60388655E+000  0.54232374E+001  0.12139255E+003
 -0.11921816E+000  0.60388665E+000  0.54232328E+001  0.12139255E+003
 -0.11921813E+000  0.60388676E+000  0.54232286E+001  0.12139255E+003
 -0.11921811E+000  0.60388690E+000  0.54232249E+001  0.12139254E+003
 -0.11921809E+000  0.60388705E+000  0.54232215E+001  0.12139254E+003
 -0.11921807E+000  0.60388721E+000  0.54232185E+001  0.12139254E+003
 -0.11921805E+000  0.60388738E+000  0.54232159E+001  0.12139254E+003
 -0.11921803E+000  0.60388756E+000  0.54232136E+001  0.12139254E+003
 -0.11921801E+000  0.60388774E+000  0.54232115E+001  0.12139254E+003
 -0.11921800E+000  0.60388792E+000  0.54232098E+001  0.12139253E+003
 -0.11921798E+000  0.60388810E+000  0.54232083E+001  0.12139253E+003
 -0.11921797E+000  0.60388828E+000  0.54232070E+001  0.12139253E+003
 -0.11921796E+000  0.60388845E+000  0.54232059E+001  0.12139253E+003
 -0.11921795E+000  0.60388862E+000  0.54232050E+001  0.12139253E+003
 -0.11921794E+000  0.60388878E+000  0.54232043E+001  0.12139253E+003
 -0.11921793E+000  0.60388894E+000  0.54232037E+001  0.12139253E+003
 -0.11921792E+000  0.60388908E+000  0.54232033E+001  0.12139253E+003
 -0.11921791E+000  0.60388922E+000  0.54232030E+001  0.12139254E+003
 -0.11921791E+000  0.60388935E+000  0.54232027E+001  0.12139254E+003
 -0.11921790E+000  0.60388947E+000  0.54232026E+001  0.12139254E+003
 -0.11921790E+000  0.60388958E+000  0.54232025E+001  0.12139254E+003
 -0.11921789E+000  0.60388969E+000  0.54232025E+001  0.12139254E+003
 -0.11921789E+000  0.60388979E+000  0.54232026E+001  0.12139254E+003
 -0.11921789E+000  0.60388988E+000  0.54232027E+001  0.12139254E+003
 -0.11921789E+000  0.60388996E+000  0.54232028E+001  0.12139254E+003
 -0.11921788E+000  0.60389004E+000  0.54232030E+001  0.12139255E+003
 -0.11921788E+000  0.60389011E+000  0.54232032E+001  0.12139255E+003
 -0.11921788E+000  0.60389018E+000  0.54232034E+001  0.12139255E+003
 -0.11921788E+000  0.60389024E+000  0.54232037E+001  0.12139255E+003
 -0.11921787E+000  0.60389030E+000  0.54232040E+001  0.12139255E+003
 -0.11921787E+000  0.60389036E+000  0.54232042E+001  0.12139255E+003
 -0.11921787E+000  0.60389041E+000  0.54232045E+001  0.12139256E+003
 -0.11921787E+000  0.60389046E+000  0.54232048E+001  0.12139256E+003
 -0.11921787E+000  0.60389051E+000  0.54232051E+001  0.12139256E+003
 -0.11921786E+000  0.60389056E+000  0.54232054E+001  0.12139256E+003
 -0.11921786E+000  0.60389062E+000  0.54232058E+001  0.12139256E+003
 -0.11921784E+000  0.60389069E+000  0.54232061E+001  0.12139256E+003
