  0.63946711E+000
  0.63870507E+000
  0.63819645E+000
  0.63782570E+000
  0.63754421E+000
  0.63732444E+000
  0.63714989E+000
  0.63701005E+000
  0.63689714E+000
  0.63680559E+000
  0.63673114E+000
  0.63667049E+000
  0.63662090E+000
  0.63658035E+000
  0.63654724E+000
  0.63652028E+000
  0.63649840E+000
  0.63648072E+000
  0.63646651E+000
  0.63645518E+000
  0.63644624E+000
  0.63643925E+000
  0.63643389E+000
  0.63642985E+000
  0.63642690E+000
  0.63642483E+000
  0.63642347E+000
  0.63642268E+000
  0.63642234E+000
  0.63642235E+000
  0.63642262E+000
  0.63642308E+000
  0.63642369E+000
  0.63642439E+000
  0.63642515E+000
  0.63642594E+000
  0.63642673E+000
  0.63642751E+000
  0.63642827E+000
  0.63642898E+000
  0.63642966E+000
  0.63643028E+000
  0.63643086E+000
  0.63643138E+000
  0.63643186E+000
  0.63643229E+000
  0.63643267E+000
  0.63643300E+000
  0.63643330E+000
  0.63643355E+000
  0.63643377E+000
  0.63643394E+000
  0.63643409E+000
  0.63643420E+000
  0.63643428E+000
  0.63643434E+000
  0.63643436E+000
  0.63643437E+000
  0.63643435E+000
  0.63643430E+000
  0.63643424E+000
  0.63643416E+000
  0.63643406E+000
  0.63643394E+000
  0.63643381E+000
  0.63643367E+000
  0.63643351E+000
  0.63643335E+000
  0.63643317E+000
  0.63643299E+000
  0.63643279E+000
  0.63643259E+000
  0.63643239E+000
  0.63643218E+000
  0.63643196E+000
  0.63643175E+000
  0.63643152E+000
  0.63643130E+000
  0.63643108E+000
  0.63643086E+000
  0.63643063E+000
  0.63643042E+000
  0.63643020E+000
  0.63642999E+000
  0.63642978E+000
  0.63642958E+000
  0.63642939E+000
  0.63642920E+000
  0.63642903E+000
  0.63642886E+000
  0.63642870E+000
  0.63642855E+000
  0.63642841E+000
  0.63642828E+000
  0.63642817E+000
  0.63642806E+000
  0.63642796E+000
  0.63642787E+000
  0.63642778E+000
  0.63642771E+000
  0.63642765E+000
  0.63642759E+000
  0.63642754E+000
  0.63642750E+000
  0.63642746E+000
  0.63642743E+000
  0.63642740E+000
  0.63642738E+000
  0.63642737E+000
  0.63642736E+000
  0.63642735E+000
  0.63642734E+000
  0.63642734E+000
  0.63642734E+000
  0.63642734E+000
  0.63642735E+000
  0.63642735E+000
  0.63642736E+000
  0.63642737E+000
  0.63642738E+000
  0.63642739E+000
  0.63642740E+000
  0.63642741E+000
  0.63642742E+000
  0.63642743E+000
  0.63642744E+000
  0.63642745E+000
  0.63642746E+000
  0.63642747E+000
  0.63642748E+000
  0.63642750E+000
  0.63642751E+000
  0.63642752E+000
  0.63642753E+000
  0.63642754E+000
  0.63642755E+000
  0.63642756E+000
  0.63642757E+000
  0.63642757E+000
  0.63642758E+000
  0.63642759E+000
  0.63642760E+000
  0.63642761E+000
  0.63642762E+000
  0.63642763E+000
  0.63642764E+000
  0.63642765E+000
  0.63642766E+000
  0.63642766E+000
  0.63642767E+000
  0.63642768E+000
  0.63642769E+000
  0.63642770E+000
  0.63642771E+000
  0.63642772E+000
  0.63642772E+000
  0.63642773E+000
  0.63642774E+000
  0.63642775E+000
  0.63642776E+000
  0.63642777E+000
  0.63642777E+000
  0.63642778E+000
  0.63642779E+000
  0.63642780E+000
  0.63642780E+000
  0.63642781E+000
  0.63642782E+000
  0.63642783E+000
  0.63642783E+000
  0.63642784E+000
  0.63642785E+000
  0.63642785E+000
  0.63642786E+000
  0.63642787E+000
  0.63642787E+000
  0.63642788E+000
  0.63642788E+000
  0.63642789E+000
  0.63642790E+000
  0.63642790E+000
  0.63642791E+000
  0.63642791E+000
  0.63642792E+000
  0.63642792E+000
  0.63642793E+000
  0.63642793E+000
  0.63642794E+000
  0.63642794E+000
  0.63642795E+000
  0.63642795E+000
  0.63642796E+000
  0.63642796E+000
  0.63642797E+000
  0.63642797E+000
  0.63642798E+000
  0.63642798E+000
  0.63642799E+000
  0.63642799E+000
  0.63642801E+000
