  0.91739733E+000
  0.91482304E+000
  0.91291027E+000
  0.91143573E+000
  0.91027338E+000
  0.90934421E+000
  0.90859238E+000
  0.90797893E+000
  0.90747558E+000
  0.90706076E+000
  0.90671768E+000
  0.90643342E+000
  0.90619727E+000
  0.90600098E+000
  0.90583780E+000
  0.90570233E+000
  0.90558994E+000
  0.90549680E+000
  0.90541985E+000
  0.90535648E+000
  0.90530448E+000
  0.90526203E+000
  0.90522756E+000
  0.90519977E+000
  0.90517758E+000
  0.90516004E+000
  0.90514638E+000
  0.90513593E+000
  0.90512813E+000
  0.90512251E+000
  0.90511868E+000
  0.90511629E+000
  0.90511508E+000
  0.90511481E+000
  0.90511529E+000
  0.90511636E+000
  0.90511790E+000
  0.90511981E+000
  0.90512199E+000
  0.90512440E+000
  0.90512698E+000
  0.90512969E+000
  0.90513250E+000
  0.90513540E+000
  0.90513837E+000
  0.90514140E+000
  0.90514448E+000
  0.90514762E+000
  0.90515081E+000
  0.90515404E+000
  0.90515732E+000
  0.90516064E+000
  0.90516399E+000
  0.90516738E+000
  0.90517080E+000
  0.90517425E+000
  0.90517773E+000
  0.90518122E+000
  0.90518473E+000
  0.90518825E+000
  0.90519177E+000
  0.90519529E+000
  0.90519881E+000
  0.90520232E+000
  0.90520581E+000
  0.90520928E+000
  0.90521272E+000
  0.90521613E+000
  0.90521950E+000
  0.90522282E+000
  0.90522610E+000
  0.90522932E+000
  0.90523247E+000
  0.90523556E+000
  0.90523858E+000
  0.90524152E+000
  0.90524437E+000
  0.90524714E+000
  0.90524981E+000
  0.90525239E+000
  0.90525488E+000
  0.90525726E+000
  0.90525955E+000
  0.90526173E+000
  0.90526382E+000
  0.90526581E+000
  0.90526769E+000
  0.90526949E+000
  0.90527118E+000
  0.90527279E+000
  0.90527431E+000
  0.90527574E+000
  0.90527708E+000
  0.90527835E+000
  0.90527954E+000
  0.90528065E+000
  0.90528169E+000
  0.90528267E+000
  0.90528358E+000
  0.90528442E+000
  0.90528521E+000
  0.90528594E+000
  0.90528662E+000
  0.90528724E+000
  0.90528782E+000
  0.90528835E+000
  0.90528884E+000
  0.90528929E+000
  0.90528970E+000
  0.90529007E+000
  0.90529041E+000
  0.90529072E+000
  0.90529100E+000
  0.90529126E+000
  0.90529148E+000
  0.90529169E+000
  0.90529187E+000
  0.90529203E+000
  0.90529217E+000
  0.90529229E+000
  0.90529240E+000
  0.90529250E+000
  0.90529258E+000
  0.90529264E+000
  0.90529270E+000
  0.90529275E+000
  0.90529278E+000
  0.90529281E+000
  0.90529283E+000
  0.90529284E+000
  0.90529285E+000
  0.90529285E+000
  0.90529285E+000
  0.90529284E+000
  0.90529283E+000
  0.90529282E+000
  0.90529280E+000
  0.90529278E+000
  0.90529276E+000
  0.90529274E+000
  0.90529271E+000
  0.90529269E+000
  0.90529266E+000
  0.90529264E+000
  0.90529261E+000
  0.90529258E+000
  0.90529256E+000
  0.90529253E+000
  0.90529251E+000
  0.90529248E+000
  0.90529246E+000
  0.90529244E+000
  0.90529242E+000
  0.90529240E+000
  0.90529238E+000
  0.90529236E+000
  0.90529234E+000
  0.90529233E+000
  0.90529231E+000
  0.90529230E+000
  0.90529229E+000
  0.90529228E+000
  0.90529227E+000
  0.90529226E+000
  0.90529226E+000
  0.90529225E+000
  0.90529224E+000
  0.90529224E+000
  0.90529224E+000
  0.90529224E+000
  0.90529224E+000
  0.90529224E+000
  0.90529224E+000
  0.90529224E+000
  0.90529224E+000
  0.90529225E+000
  0.90529225E+000
  0.90529225E+000
  0.90529226E+000
  0.90529227E+000
  0.90529227E+000
  0.90529228E+000
  0.90529228E+000
  0.90529229E+000
  0.90529230E+000
  0.90529231E+000
  0.90529231E+000
  0.90529232E+000
  0.90529233E+000
  0.90529234E+000
  0.90529234E+000
  0.90529235E+000
  0.90529236E+000
  0.90529237E+000
  0.90529237E+000
  0.90529238E+000
  0.90529239E+000
  0.90529240E+000
  0.90529241E+000
  0.90529244E+000
