  0.31767935E+002
  0.31774190E+002
  0.31779019E+002
  0.31782829E+002
  0.31785883E+002
  0.31788360E+002
  0.31790389E+002
  0.31792065E+002
  0.31793459E+002
  0.31794627E+002
  0.31795613E+002
  0.31796450E+002
  0.31797167E+002
  0.31797786E+002
  0.31798324E+002
  0.31798797E+002
  0.31799216E+002
  0.31799592E+002
  0.31799932E+002
  0.31800245E+002
  0.31800535E+002
  0.31800808E+002
  0.31801067E+002
  0.31801317E+002
  0.31801560E+002
  0.31801798E+002
  0.31802034E+002
  0.31802269E+002
  0.31802506E+002
  0.31802744E+002
  0.31802986E+002
  0.31803232E+002
  0.31803483E+002
  0.31803740E+002
  0.31804003E+002
  0.31804272E+002
  0.31804549E+002
  0.31804832E+002
  0.31805123E+002
  0.31805422E+002
  0.31805727E+002
  0.31806041E+002
  0.31806362E+002
  0.31806690E+002
  0.31807025E+002
  0.31807368E+002
  0.31807718E+002
  0.31808074E+002
  0.31808436E+002
  0.31808805E+002
  0.31809179E+002
  0.31809559E+002
  0.31809943E+002
  0.31810332E+002
  0.31810726E+002
  0.31811122E+002
  0.31811522E+002
  0.31811924E+002
  0.31812329E+002
  0.31812734E+002
  0.31813141E+002
  0.31813548E+002
  0.31813954E+002
  0.31814359E+002
  0.31814762E+002
  0.31815164E+002
  0.31815562E+002
  0.31815956E+002
  0.31816347E+002
  0.31816733E+002
  0.31817113E+002
  0.31817487E+002
  0.31817855E+002
  0.31818216E+002
  0.31818570E+002
  0.31818915E+002
  0.31819252E+002
  0.31819580E+002
  0.31819898E+002
  0.31820208E+002
  0.31820507E+002
  0.31820796E+002
  0.31821075E+002
  0.31821343E+002
  0.31821600E+002
  0.31821847E+002
  0.31822083E+002
  0.31822308E+002
  0.31822522E+002
  0.31822726E+002
  0.31822919E+002
  0.31823101E+002
  0.31823274E+002
  0.31823436E+002
  0.31823589E+002
  0.31823732E+002
  0.31823866E+002
  0.31823992E+002
  0.31824109E+002
  0.31824217E+002
  0.31824318E+002
  0.31824412E+002
  0.31824498E+002
  0.31824578E+002
  0.31824651E+002
  0.31824718E+002
  0.31824779E+002
  0.31824835E+002
  0.31824886E+002
  0.31824933E+002
  0.31824974E+002
  0.31825012E+002
  0.31825046E+002
  0.31825076E+002
  0.31825102E+002
  0.31825126E+002
  0.31825147E+002
  0.31825165E+002
  0.31825181E+002
  0.31825194E+002
  0.31825205E+002
  0.31825215E+002
  0.31825222E+002
  0.31825229E+002
  0.31825233E+002
  0.31825237E+002
  0.31825239E+002
  0.31825240E+002
  0.31825241E+002
  0.31825240E+002
  0.31825239E+002
  0.31825237E+002
  0.31825234E+002
  0.31825231E+002
  0.31825228E+002
  0.31825224E+002
  0.31825220E+002
  0.31825215E+002
  0.31825211E+002
  0.31825206E+002
  0.31825201E+002
  0.31825196E+002
  0.31825191E+002
  0.31825186E+002
  0.31825181E+002
  0.31825176E+002
  0.31825171E+002
  0.31825166E+002
  0.31825161E+002
  0.31825157E+002
  0.31825152E+002
  0.31825148E+002
  0.31825144E+002
  0.31825140E+002
  0.31825136E+002
  0.31825133E+002
  0.31825129E+002
  0.31825126E+002
  0.31825123E+002
  0.31825120E+002
  0.31825117E+002
  0.31825115E+002
  0.31825113E+002
  0.31825111E+002
  0.31825109E+002
  0.31825107E+002
  0.31825106E+002
  0.31825104E+002
  0.31825103E+002
  0.31825102E+002
  0.31825101E+002
  0.31825100E+002
  0.31825100E+002
  0.31825099E+002
  0.31825099E+002
  0.31825099E+002
  0.31825098E+002
  0.31825098E+002
  0.31825098E+002
  0.31825098E+002
  0.31825099E+002
  0.31825099E+002
  0.31825099E+002
  0.31825099E+002
  0.31825100E+002
  0.31825100E+002
  0.31825101E+002
  0.31825101E+002
  0.31825102E+002
  0.31825102E+002
  0.31825103E+002
  0.31825103E+002
  0.31825104E+002
  0.31825104E+002
  0.31825105E+002
  0.31825105E+002
  0.31825106E+002
  0.31825106E+002
  0.31825106E+002
  0.31825107E+002
