  0.12744536E+002
  0.12753035E+002
  0.12759822E+002
  0.12765309E+002
  0.12769788E+002
  0.12773472E+002
  0.12776520E+002
  0.12779055E+002
  0.12781172E+002
  0.12782946E+002
  0.12784437E+002
  0.12785696E+002
  0.12786760E+002
  0.12787663E+002
  0.12788430E+002
  0.12789085E+002
  0.12789646E+002
  0.12790128E+002
  0.12790544E+002
  0.12790905E+002
  0.12791220E+002
  0.12791497E+002
  0.12791742E+002
  0.12791960E+002
  0.12792156E+002
  0.12792335E+002
  0.12792499E+002
  0.12792651E+002
  0.12792794E+002
  0.12792929E+002
  0.12793059E+002
  0.12793185E+002
  0.12793308E+002
  0.12793429E+002
  0.12793549E+002
  0.12793669E+002
  0.12793788E+002
  0.12793909E+002
  0.12794031E+002
  0.12794154E+002
  0.12794279E+002
  0.12794406E+002
  0.12794534E+002
  0.12794665E+002
  0.12794797E+002
  0.12794931E+002
  0.12795067E+002
  0.12795205E+002
  0.12795345E+002
  0.12795487E+002
  0.12795630E+002
  0.12795775E+002
  0.12795921E+002
  0.12796068E+002
  0.12796217E+002
  0.12796366E+002
  0.12796516E+002
  0.12796667E+002
  0.12796819E+002
  0.12796970E+002
  0.12797122E+002
  0.12797274E+002
  0.12797425E+002
  0.12797577E+002
  0.12797727E+002
  0.12797877E+002
  0.12798025E+002
  0.12798173E+002
  0.12798319E+002
  0.12798463E+002
  0.12798605E+002
  0.12798746E+002
  0.12798884E+002
  0.12799020E+002
  0.12799154E+002
  0.12799285E+002
  0.12799413E+002
  0.12799538E+002
  0.12799660E+002
  0.12799779E+002
  0.12799894E+002
  0.12800006E+002
  0.12800114E+002
  0.12800219E+002
  0.12800320E+002
  0.12800417E+002
  0.12800510E+002
  0.12800599E+002
  0.12800685E+002
  0.12800766E+002
  0.12800843E+002
  0.12800917E+002
  0.12800986E+002
  0.12801052E+002
  0.12801114E+002
  0.12801173E+002
  0.12801227E+002
  0.12801279E+002
  0.12801327E+002
  0.12801371E+002
  0.12801413E+002
  0.12801451E+002
  0.12801487E+002
  0.12801520E+002
  0.12801550E+002
  0.12801578E+002
  0.12801603E+002
  0.12801627E+002
  0.12801648E+002
  0.12801667E+002
  0.12801684E+002
  0.12801699E+002
  0.12801713E+002
  0.12801725E+002
  0.12801736E+002
  0.12801746E+002
  0.12801754E+002
  0.12801761E+002
  0.12801767E+002
  0.12801772E+002
  0.12801777E+002
  0.12801780E+002
  0.12801783E+002
  0.12801784E+002
  0.12801786E+002
  0.12801787E+002
  0.12801787E+002
  0.12801787E+002
  0.12801786E+002
  0.12801785E+002
  0.12801784E+002
  0.12801782E+002
  0.12801780E+002
  0.12801778E+002
  0.12801776E+002
  0.12801774E+002
  0.12801771E+002
  0.12801768E+002
  0.12801766E+002
  0.12801763E+002
  0.12801760E+002
  0.12801757E+002
  0.12801755E+002
  0.12801752E+002
  0.12801749E+002
  0.12801746E+002
  0.12801744E+002
  0.12801741E+002
  0.12801738E+002
  0.12801736E+002
  0.12801733E+002
  0.12801731E+002
  0.12801729E+002
  0.12801727E+002
  0.12801725E+002
  0.12801723E+002
  0.12801721E+002
  0.12801719E+002
  0.12801718E+002
  0.12801716E+002
  0.12801715E+002
  0.12801713E+002
  0.12801712E+002
  0.12801711E+002
  0.12801710E+002
  0.12801709E+002
  0.12801709E+002
  0.12801708E+002
  0.12801707E+002
  0.12801707E+002
  0.12801706E+002
  0.12801706E+002
  0.12801705E+002
  0.12801705E+002
  0.12801705E+002
  0.12801705E+002
  0.12801705E+002
  0.12801705E+002
  0.12801705E+002
  0.12801705E+002
  0.12801705E+002
  0.12801705E+002
  0.12801705E+002
  0.12801705E+002
  0.12801705E+002
  0.12801706E+002
  0.12801706E+002
  0.12801706E+002
  0.12801706E+002
  0.12801707E+002
  0.12801707E+002
  0.12801707E+002
  0.12801707E+002
  0.12801708E+002
  0.12801708E+002
  0.12801708E+002
  0.12801708E+002
  0.12801708E+002
  0.12801708E+002
  0.12801708E+002
