  0.20424208E+001
  0.20383832E+001
  0.20351932E+001
  0.20326625E+001
  0.20306313E+001
  0.20289895E+001
  0.20276499E+001
  0.20265481E+001
  0.20256378E+001
  0.20248826E+001
  0.20242538E+001
  0.20237294E+001
  0.20232912E+001
  0.20229247E+001
  0.20226182E+001
  0.20223620E+001
  0.20221478E+001
  0.20219689E+001
  0.20218199E+001
  0.20216959E+001
  0.20215931E+001
  0.20215081E+001
  0.20214381E+001
  0.20213808E+001
  0.20213342E+001
  0.20212965E+001
  0.20212663E+001
  0.20212425E+001
  0.20212239E+001
  0.20212097E+001
  0.20211991E+001
  0.20211916E+001
  0.20211866E+001
  0.20211837E+001
  0.20211825E+001
  0.20211827E+001
  0.20211841E+001
  0.20211864E+001
  0.20211896E+001
  0.20211934E+001
  0.20211977E+001
  0.20212026E+001
  0.20212079E+001
  0.20212135E+001
  0.20212195E+001
  0.20212258E+001
  0.20212323E+001
  0.20212392E+001
  0.20212463E+001
  0.20212537E+001
  0.20212613E+001
  0.20212691E+001
  0.20212771E+001
  0.20212853E+001
  0.20212936E+001
  0.20213022E+001
  0.20213109E+001
  0.20213197E+001
  0.20213286E+001
  0.20213376E+001
  0.20213467E+001
  0.20213559E+001
  0.20213651E+001
  0.20213743E+001
  0.20213835E+001
  0.20213927E+001
  0.20214019E+001
  0.20214110E+001
  0.20214201E+001
  0.20214291E+001
  0.20214379E+001
  0.20214467E+001
  0.20214553E+001
  0.20214638E+001
  0.20214721E+001
  0.20214802E+001
  0.20214881E+001
  0.20214958E+001
  0.20215032E+001
  0.20215105E+001
  0.20215174E+001
  0.20215242E+001
  0.20215306E+001
  0.20215368E+001
  0.20215427E+001
  0.20215484E+001
  0.20215537E+001
  0.20215589E+001
  0.20215637E+001
  0.20215683E+001
  0.20215726E+001
  0.20215767E+001
  0.20215805E+001
  0.20215841E+001
  0.20215875E+001
  0.20215907E+001
  0.20215936E+001
  0.20215964E+001
  0.20215989E+001
  0.20216013E+001
  0.20216035E+001
  0.20216055E+001
  0.20216074E+001
  0.20216091E+001
  0.20216107E+001
  0.20216121E+001
  0.20216134E+001
  0.20216146E+001
  0.20216157E+001
  0.20216167E+001
  0.20216176E+001
  0.20216184E+001
  0.20216191E+001
  0.20216197E+001
  0.20216203E+001
  0.20216208E+001
  0.20216212E+001
  0.20216216E+001
  0.20216219E+001
  0.20216222E+001
  0.20216225E+001
  0.20216227E+001
  0.20216228E+001
  0.20216230E+001
  0.20216231E+001
  0.20216232E+001
  0.20216232E+001
  0.20216233E+001
  0.20216233E+001
  0.20216233E+001
  0.20216233E+001
  0.20216232E+001
  0.20216232E+001
  0.20216231E+001
  0.20216231E+001
  0.20216230E+001
  0.20216229E+001
  0.20216229E+001
  0.20216228E+001
  0.20216227E+001
  0.20216226E+001
  0.20216225E+001
  0.20216224E+001
  0.20216223E+001
  0.20216222E+001
  0.20216221E+001
  0.20216220E+001
  0.20216219E+001
  0.20216219E+001
  0.20216218E+001
  0.20216217E+001
  0.20216216E+001
  0.20216215E+001
  0.20216214E+001
  0.20216214E+001
  0.20216213E+001
  0.20216212E+001
  0.20216212E+001
  0.20216211E+001
  0.20216210E+001
  0.20216210E+001
  0.20216209E+001
  0.20216209E+001
  0.20216208E+001
  0.20216208E+001
  0.20216208E+001
  0.20216207E+001
  0.20216207E+001
  0.20216207E+001
  0.20216206E+001
  0.20216206E+001
  0.20216206E+001
  0.20216206E+001
  0.20216206E+001
  0.20216205E+001
  0.20216205E+001
  0.20216205E+001
  0.20216205E+001
  0.20216205E+001
  0.20216205E+001
  0.20216205E+001
  0.20216205E+001
  0.20216205E+001
  0.20216205E+001
  0.20216205E+001
  0.20216205E+001
  0.20216205E+001
  0.20216205E+001
  0.20216205E+001
  0.20216205E+001
  0.20216205E+001
  0.20216205E+001
  0.20216205E+001
  0.20216205E+001
  0.20216205E+001
  0.20216205E+001
  0.20216206E+001
  0.20216206E+001
  0.20216206E+001
  0.20216206E+001
