  0.21462477E+000
  0.17118634E+000
  0.16282096E+000
  0.16459916E+000
  0.16968967E+000
  0.17524368E+000
  0.18051063E+000
  0.18525557E+000
  0.18949622E+000
  0.19312322E+000
  0.19619066E+000
  0.19873748E+000
  0.20082526E+000
  0.20254935E+000
  0.20399037E+000
  0.20521725E+000
  0.20627615E+000
  0.20720441E+000
  0.20802985E+000
  0.20877128E+000
  0.20944203E+000
  0.21005141E+000
  0.21060594E+000
  0.21111034E+000
  0.21156817E+000
  0.21198237E+000
  0.21235556E+000
  0.21269022E+000
  0.21298883E+000
  0.21325393E+000
  0.21348809E+000
  0.21369400E+000
  0.21387435E+000
  0.21403180E+000
  0.21416896E+000
  0.21428834E+000
  0.21439233E+000
  0.21448313E+000
  0.21456276E+000
  0.21463303E+000
  0.21469553E+000
  0.21475161E+000
  0.21480243E+000
  0.21484893E+000
  0.21488584E+000
  0.21491111E+000
  0.21492831E+000
  0.21493990E+000
  0.21494758E+000
  0.21495253E+000
  0.21495553E+000
  0.21495711E+000
  0.21495762E+000
  0.21495730E+000
  0.21495630E+000
  0.21495473E+000
  0.21495267E+000
  0.21495018E+000
  0.21494731E+000
  0.21494409E+000
  0.21494056E+000
  0.21493675E+000
  0.21493270E+000
  0.21492843E+000
  0.21492397E+000
  0.21491934E+000
  0.21491457E+000
  0.21490968E+000
  0.21490468E+000
  0.21489961E+000
  0.21489446E+000
  0.21488927E+000
  0.21488404E+000
  0.21487880E+000
  0.21487355E+000
  0.21486830E+000
  0.21486308E+000
  0.21485790E+000
  0.21485276E+000
  0.21484769E+000
  0.21484269E+000
  0.21483778E+000
  0.21483297E+000
  0.21482826E+000
  0.21482367E+000
  0.21481921E+000
  0.21481488E+000
  0.21481068E+000
  0.21480663E+000
  0.21480273E+000
  0.21479898E+000
  0.21479538E+000
  0.21479193E+000
  0.21478864E+000
  0.21478551E+000
  0.21478253E+000
  0.21477970E+000
  0.21477703E+000
  0.21477451E+000
  0.21477213E+000
  0.21476990E+000
  0.21476782E+000
  0.21476588E+000
  0.21476407E+000
  0.21476240E+000
  0.21476086E+000
  0.21475945E+000
  0.21475816E+000
  0.21475698E+000
  0.21475592E+000
  0.21475497E+000
  0.21475413E+000
  0.21475338E+000
  0.21475273E+000
  0.21475216E+000
  0.21475168E+000
  0.21475128E+000
  0.21475095E+000
  0.21475069E+000
  0.21475050E+000
  0.21475036E+000
  0.21475027E+000
  0.21475024E+000
  0.21475024E+000
  0.21475029E+000
  0.21475037E+000
  0.21475048E+000
  0.21475062E+000
  0.21475078E+000
  0.21475096E+000
  0.21475116E+000
  0.21475137E+000
  0.21475159E+000
  0.21475182E+000
  0.21475206E+000
  0.21475230E+000
  0.21475254E+000
  0.21475278E+000
  0.21475302E+000
  0.21475326E+000
  0.21475349E+000
  0.21475372E+000
  0.21475395E+000
  0.21475416E+000
  0.21475437E+000
  0.21475458E+000
  0.21475477E+000
  0.21475496E+000
  0.21475514E+000
  0.21475531E+000
  0.21475547E+000
  0.21475563E+000
  0.21475577E+000
  0.21475591E+000
  0.21475604E+000
  0.21475616E+000
  0.21475628E+000
  0.21475638E+000
  0.21475648E+000
  0.21475657E+000
  0.21475666E+000
  0.21475674E+000
  0.21475681E+000
  0.21475688E+000
  0.21475694E+000
  0.21475700E+000
  0.21475705E+000
  0.21475710E+000
  0.21475714E+000
  0.21475718E+000
  0.21475722E+000
  0.21475725E+000
  0.21475728E+000
  0.21475730E+000
  0.21475732E+000
  0.21475734E+000
  0.21475736E+000
  0.21475738E+000
  0.21475739E+000
  0.21475741E+000
  0.21475742E+000
  0.21475743E+000
  0.21475744E+000
  0.21475745E+000
  0.21475745E+000
  0.21475746E+000
  0.21475747E+000
  0.21475747E+000
  0.21475748E+000
  0.21475749E+000
  0.21475749E+000
  0.21475750E+000
  0.21475751E+000
  0.21475752E+000
  0.21475753E+000
  0.21475754E+000
  0.21475755E+000
  0.21475757E+000
  0.21475759E+000
  0.21475759E+000
