  0.46759094E-001
  0.41547563E-001
  0.40444384E-001
  0.40470018E-001
  0.40906936E-001
  0.41616849E-001
  0.42325353E-001
  0.42930689E-001
  0.43406407E-001
  0.43819030E-001
  0.44186800E-001
  0.44516033E-001
  0.44809469E-001
  0.45069706E-001
  0.45299100E-001
  0.45500157E-001
  0.45674985E-001
  0.45826113E-001
  0.45956153E-001
  0.46067329E-001
  0.46161781E-001
  0.46241524E-001
  0.46308427E-001
  0.46364190E-001
  0.46410346E-001
  0.46448265E-001
  0.46479168E-001
  0.46504128E-001
  0.46524083E-001
  0.46539848E-001
  0.46552133E-001
  0.46561551E-001
  0.46568630E-001
  0.46573818E-001
  0.46577494E-001
  0.46579982E-001
  0.46581553E-001
  0.46582433E-001
  0.46582811E-001
  0.46582840E-001
  0.46582645E-001
  0.46582325E-001
  0.46581956E-001
  0.46581592E-001
  0.46581293E-001
  0.46581105E-001
  0.46581044E-001
  0.46581117E-001
  0.46581328E-001
  0.46581679E-001
  0.46582169E-001
  0.46582793E-001
  0.46583547E-001
  0.46584421E-001
  0.46585407E-001
  0.46586496E-001
  0.46587676E-001
  0.46588936E-001
  0.46590268E-001
  0.46591658E-001
  0.46593098E-001
  0.46594577E-001
  0.46596085E-001
  0.46597612E-001
  0.46599150E-001
  0.46600689E-001
  0.46602221E-001
  0.46603738E-001
  0.46605232E-001
  0.46606697E-001
  0.46608125E-001
  0.46609511E-001
  0.46610850E-001
  0.46612138E-001
  0.46613372E-001
  0.46614549E-001
  0.46615668E-001
  0.46616728E-001
  0.46617728E-001
  0.46618671E-001
  0.46619557E-001
  0.46620387E-001
  0.46621164E-001
  0.46621890E-001
  0.46622566E-001
  0.46623196E-001
  0.46623781E-001
  0.46624323E-001
  0.46624825E-001
  0.46625288E-001
  0.46625714E-001
  0.46626105E-001
  0.46626462E-001
  0.46626787E-001
  0.46627082E-001
  0.46627349E-001
  0.46627588E-001
  0.46627801E-001
  0.46627991E-001
  0.46628158E-001
  0.46628303E-001
  0.46628429E-001
  0.46628537E-001
  0.46628627E-001
  0.46628702E-001
  0.46628762E-001
  0.46628809E-001
  0.46628844E-001
  0.46628868E-001
  0.46628881E-001
  0.46628884E-001
  0.46628879E-001
  0.46628866E-001
  0.46628846E-001
  0.46628819E-001
  0.46628786E-001
  0.46628747E-001
  0.46628704E-001
  0.46628656E-001
  0.46628603E-001
  0.46628547E-001
  0.46628488E-001
  0.46628425E-001
  0.46628360E-001
  0.46628293E-001
  0.46628224E-001
  0.46628153E-001
  0.46628081E-001
  0.46628008E-001
  0.46627934E-001
  0.46627860E-001
  0.46627786E-001
  0.46627712E-001
  0.46627638E-001
  0.46627565E-001
  0.46627493E-001
  0.46627422E-001
  0.46627352E-001
  0.46627284E-001
  0.46627218E-001
  0.46627153E-001
  0.46627091E-001
  0.46627031E-001
  0.46626973E-001
  0.46626918E-001
  0.46626865E-001
  0.46626815E-001
  0.46626767E-001
  0.46626722E-001
  0.46626680E-001
  0.46626641E-001
  0.46626604E-001
  0.46626570E-001
  0.46626539E-001
  0.46626510E-001
  0.46626484E-001
  0.46626460E-001
  0.46626439E-001
  0.46626420E-001
  0.46626403E-001
  0.46626388E-001
  0.46626375E-001
  0.46626364E-001
  0.46626355E-001
  0.46626347E-001
  0.46626341E-001
  0.46626337E-001
  0.46626333E-001
  0.46626331E-001
  0.46626330E-001
  0.46626329E-001
  0.46626330E-001
  0.46626331E-001
  0.46626332E-001
  0.46626334E-001
  0.46626337E-001
  0.46626339E-001
  0.46626342E-001
  0.46626345E-001
  0.46626348E-001
  0.46626350E-001
  0.46626353E-001
  0.46626356E-001
  0.46626358E-001
  0.46626359E-001
  0.46626361E-001
  0.46626362E-001
  0.46626363E-001
  0.46626363E-001
  0.46626363E-001
  0.46626362E-001
  0.46626361E-001
  0.46626360E-001
  0.46626358E-001
  0.46626357E-001
  0.46626356E-001
  0.46626356E-001
  0.46626361E-001
  0.46626355E-001
  0.46626327E-001
