  0.13169279E+000
  0.13155727E+000
  0.13145081E+000
  0.13136458E+000
  0.13129394E+000
  0.13123611E+000
  0.13118867E+000
  0.13114960E+000
  0.13111725E+000
  0.13109045E+000
  0.13106828E+000
  0.13104998E+000
  0.13103496E+000
  0.13102270E+000
  0.13101278E+000
  0.13100484E+000
  0.13099858E+000
  0.13099374E+000
  0.13099012E+000
  0.13098753E+000
  0.13098582E+000
  0.13098486E+000
  0.13098454E+000
  0.13098477E+000
  0.13098548E+000
  0.13098658E+000
  0.13098804E+000
  0.13098979E+000
  0.13099181E+000
  0.13099405E+000
  0.13099649E+000
  0.13099911E+000
  0.13100188E+000
  0.13100479E+000
  0.13100782E+000
  0.13101096E+000
  0.13101421E+000
  0.13101754E+000
  0.13102096E+000
  0.13102447E+000
  0.13102805E+000
  0.13103169E+000
  0.13103541E+000
  0.13103919E+000
  0.13104303E+000
  0.13104692E+000
  0.13105087E+000
  0.13105487E+000
  0.13105892E+000
  0.13106301E+000
  0.13106714E+000
  0.13107131E+000
  0.13107551E+000
  0.13107975E+000
  0.13108401E+000
  0.13108829E+000
  0.13109258E+000
  0.13109690E+000
  0.13110122E+000
  0.13110554E+000
  0.13110987E+000
  0.13111419E+000
  0.13111850E+000
  0.13112280E+000
  0.13112707E+000
  0.13113133E+000
  0.13113555E+000
  0.13113974E+000
  0.13114389E+000
  0.13114799E+000
  0.13115205E+000
  0.13115605E+000
  0.13115999E+000
  0.13116387E+000
  0.13116768E+000
  0.13117141E+000
  0.13117508E+000
  0.13117866E+000
  0.13118216E+000
  0.13118558E+000
  0.13118890E+000
  0.13119214E+000
  0.13119528E+000
  0.13119834E+000
  0.13120129E+000
  0.13120415E+000
  0.13120691E+000
  0.13120958E+000
  0.13121214E+000
  0.13121461E+000
  0.13121698E+000
  0.13121925E+000
  0.13122142E+000
  0.13122350E+000
  0.13122548E+000
  0.13122737E+000
  0.13122916E+000
  0.13123086E+000
  0.13123246E+000
  0.13123398E+000
  0.13123542E+000
  0.13123677E+000
  0.13123803E+000
  0.13123922E+000
  0.13124033E+000
  0.13124136E+000
  0.13124232E+000
  0.13124321E+000
  0.13124403E+000
  0.13124479E+000
  0.13124549E+000
  0.13124612E+000
  0.13124670E+000
  0.13124723E+000
  0.13124770E+000
  0.13124813E+000
  0.13124851E+000
  0.13124885E+000
  0.13124914E+000
  0.13124940E+000
  0.13124962E+000
  0.13124981E+000
  0.13124996E+000
  0.13125009E+000
  0.13125019E+000
  0.13125026E+000
  0.13125031E+000
  0.13125034E+000
  0.13125035E+000
  0.13125035E+000
  0.13125032E+000
  0.13125029E+000
  0.13125023E+000
  0.13125017E+000
  0.13125010E+000
  0.13125002E+000
  0.13124993E+000
  0.13124984E+000
  0.13124974E+000
  0.13124964E+000
  0.13124953E+000
  0.13124942E+000
  0.13124931E+000
  0.13124920E+000
  0.13124909E+000
  0.13124898E+000
  0.13124887E+000
  0.13124877E+000
  0.13124866E+000
  0.13124856E+000
  0.13124847E+000
  0.13124837E+000
  0.13124828E+000
  0.13124819E+000
  0.13124811E+000
  0.13124803E+000
  0.13124796E+000
  0.13124789E+000
  0.13124782E+000
  0.13124776E+000
  0.13124770E+000
  0.13124765E+000
  0.13124760E+000
  0.13124755E+000
  0.13124751E+000
  0.13124747E+000
  0.13124744E+000
  0.13124741E+000
  0.13124738E+000
  0.13124735E+000
  0.13124733E+000
  0.13124731E+000
  0.13124730E+000
  0.13124728E+000
  0.13124727E+000
  0.13124726E+000
  0.13124725E+000
  0.13124724E+000
  0.13124724E+000
  0.13124723E+000
  0.13124722E+000
  0.13124722E+000
  0.13124722E+000
  0.13124721E+000
  0.13124721E+000
  0.13124721E+000
  0.13124721E+000
  0.13124720E+000
  0.13124720E+000
  0.13124720E+000
  0.13124719E+000
  0.13124719E+000
  0.13124719E+000
  0.13124718E+000
  0.13124717E+000
  0.13124717E+000
  0.13124716E+000
  0.13124715E+000
  0.13124714E+000
  0.13124713E+000
