  0.14115454E+000
  0.13961965E+000
  0.13872657E+000
  0.13824619E+000
  0.13801966E+000
  0.13796502E+000
  0.13802206E+000
  0.13815067E+000
  0.13830371E+000
  0.13846959E+000
  0.13863660E+000
  0.13879911E+000
  0.13895699E+000
  0.13910749E+000
  0.13924931E+000
  0.13938204E+000
  0.13950573E+000
  0.13962081E+000
  0.13972784E+000
  0.13982740E+000
  0.13992005E+000
  0.14000633E+000
  0.14008674E+000
  0.14016172E+000
  0.14023170E+000
  0.14029705E+000
  0.14035809E+000
  0.14041514E+000
  0.14046846E+000
  0.14051830E+000
  0.14056488E+000
  0.14060840E+000
  0.14064904E+000
  0.14068698E+000
  0.14072237E+000
  0.14075536E+000
  0.14078608E+000
  0.14081466E+000
  0.14084123E+000
  0.14086591E+000
  0.14088881E+000
  0.14091004E+000
  0.14092970E+000
  0.14094791E+000
  0.14096517E+000
  0.14098167E+000
  0.14099716E+000
  0.14101161E+000
  0.14102502E+000
  0.14103745E+000
  0.14104895E+000
  0.14105958E+000
  0.14106940E+000
  0.14107845E+000
  0.14108677E+000
  0.14109440E+000
  0.14110140E+000
  0.14110778E+000
  0.14111360E+000
  0.14111888E+000
  0.14112365E+000
  0.14112795E+000
  0.14113181E+000
  0.14113527E+000
  0.14113834E+000
  0.14114106E+000
  0.14114346E+000
  0.14114556E+000
  0.14114739E+000
  0.14114898E+000
  0.14115034E+000
  0.14115150E+000
  0.14115248E+000
  0.14115331E+000
  0.14115399E+000
  0.14115456E+000
  0.14115502E+000
  0.14115539E+000
  0.14115569E+000
  0.14115594E+000
  0.14115613E+000
  0.14115629E+000
  0.14115642E+000
  0.14115654E+000
  0.14115663E+000
  0.14115672E+000
  0.14115680E+000
  0.14115687E+000
  0.14115694E+000
  0.14115701E+000
  0.14115707E+000
  0.14115713E+000
  0.14115718E+000
  0.14115723E+000
  0.14115728E+000
  0.14115731E+000
  0.14115734E+000
  0.14115736E+000
  0.14115736E+000
  0.14115737E+000
  0.14115736E+000
  0.14115734E+000
  0.14115731E+000
  0.14115728E+000
  0.14115723E+000
  0.14115718E+000
  0.14115712E+000
  0.14115706E+000
  0.14115699E+000
  0.14115691E+000
  0.14115683E+000
  0.14115674E+000
  0.14115665E+000
  0.14115655E+000
  0.14115645E+000
  0.14115635E+000
  0.14115625E+000
  0.14115614E+000
  0.14115603E+000
  0.14115592E+000
  0.14115581E+000
  0.14115571E+000
  0.14115560E+000
  0.14115549E+000
  0.14115538E+000
  0.14115528E+000
  0.14115517E+000
  0.14115507E+000
  0.14115497E+000
  0.14115488E+000
  0.14115479E+000
  0.14115470E+000
  0.14115462E+000
  0.14115454E+000
  0.14115447E+000
  0.14115440E+000
  0.14115433E+000
  0.14115427E+000
  0.14115422E+000
  0.14115417E+000
  0.14115412E+000
  0.14115408E+000
  0.14115405E+000
  0.14115401E+000
  0.14115399E+000
  0.14115397E+000
  0.14115395E+000
  0.14115394E+000
  0.14115393E+000
  0.14115392E+000
  0.14115392E+000
  0.14115392E+000
  0.14115393E+000
  0.14115393E+000
  0.14115394E+000
  0.14115396E+000
  0.14115397E+000
  0.14115399E+000
  0.14115400E+000
  0.14115402E+000
  0.14115404E+000
  0.14115406E+000
  0.14115409E+000
  0.14115411E+000
  0.14115413E+000
  0.14115415E+000
  0.14115417E+000
  0.14115420E+000
  0.14115422E+000
  0.14115424E+000
  0.14115426E+000
  0.14115428E+000
  0.14115431E+000
  0.14115433E+000
  0.14115434E+000
  0.14115436E+000
  0.14115438E+000
  0.14115440E+000
  0.14115441E+000
  0.14115443E+000
  0.14115444E+000
  0.14115446E+000
  0.14115447E+000
  0.14115448E+000
  0.14115449E+000
  0.14115450E+000
  0.14115451E+000
  0.14115452E+000
  0.14115453E+000
  0.14115453E+000
  0.14115454E+000
  0.14115454E+000
  0.14115455E+000
  0.14115455E+000
  0.14115456E+000
  0.14115456E+000
  0.14115457E+000
  0.14115458E+000
  0.14115458E+000
  0.14115456E+000
