  0.53333742E-005
  0.47389434E-005
  0.46131140E-005
  0.46160380E-005
  0.46658731E-005
  0.47468463E-005
  0.48276587E-005
  0.48967037E-005
  0.49509644E-005
  0.49980285E-005
  0.50399766E-005
  0.50775292E-005
  0.51109987E-005
  0.51406815E-005
  0.51668463E-005
  0.51897790E-005
  0.52097200E-005
  0.52269578E-005
  0.52417903E-005
  0.52544710E-005
  0.52652443E-005
  0.52743398E-005
  0.52819708E-005
  0.52883312E-005
  0.52935958E-005
  0.52979208E-005
  0.53014456E-005
  0.53042926E-005
  0.53065687E-005
  0.53083669E-005
  0.53097681E-005
  0.53108424E-005
  0.53116498E-005
  0.53122415E-005
  0.53126608E-005
  0.53129446E-005
  0.53131238E-005
  0.53132242E-005
  0.53132672E-005
  0.53132706E-005
  0.53132483E-005
  0.53132118E-005
  0.53131697E-005
  0.53131282E-005
  0.53130941E-005
  0.53130727E-005
  0.53130657E-005
  0.53130740E-005
  0.53130981E-005
  0.53131381E-005
  0.53131940E-005
  0.53132652E-005
  0.53133512E-005
  0.53134509E-005
  0.53135634E-005
  0.53136876E-005
  0.53138221E-005
  0.53139659E-005
  0.53141178E-005
  0.53142764E-005
  0.53144406E-005
  0.53146093E-005
  0.53147813E-005
  0.53149555E-005
  0.53151309E-005
  0.53153065E-005
  0.53154812E-005
  0.53156542E-005
  0.53158247E-005
  0.53159917E-005
  0.53161546E-005
  0.53163127E-005
  0.53164654E-005
  0.53166124E-005
  0.53167531E-005
  0.53168873E-005
  0.53170149E-005
  0.53171358E-005
  0.53172500E-005
  0.53173575E-005
  0.53174585E-005
  0.53175532E-005
  0.53176418E-005
  0.53177246E-005
  0.53178018E-005
  0.53178736E-005
  0.53179403E-005
  0.53180022E-005
  0.53180594E-005
  0.53181122E-005
  0.53181608E-005
  0.53182054E-005
  0.53182461E-005
  0.53182832E-005
  0.53183169E-005
  0.53183472E-005
  0.53183745E-005
  0.53183989E-005
  0.53184205E-005
  0.53184395E-005
  0.53184561E-005
  0.53184705E-005
  0.53184828E-005
  0.53184931E-005
  0.53185016E-005
  0.53185085E-005
  0.53185139E-005
  0.53185178E-005
  0.53185205E-005
  0.53185220E-005
  0.53185224E-005
  0.53185218E-005
  0.53185203E-005
  0.53185180E-005
  0.53185150E-005
  0.53185112E-005
  0.53185068E-005
  0.53185018E-005
  0.53184963E-005
  0.53184904E-005
  0.53184840E-005
  0.53184772E-005
  0.53184701E-005
  0.53184627E-005
  0.53184550E-005
  0.53184471E-005
  0.53184390E-005
  0.53184308E-005
  0.53184225E-005
  0.53184140E-005
  0.53184056E-005
  0.53183971E-005
  0.53183887E-005
  0.53183802E-005
  0.53183719E-005
  0.53183637E-005
  0.53183556E-005
  0.53183476E-005
  0.53183399E-005
  0.53183323E-005
  0.53183250E-005
  0.53183179E-005
  0.53183110E-005
  0.53183044E-005
  0.53182981E-005
  0.53182921E-005
  0.53182864E-005
  0.53182809E-005
  0.53182758E-005
  0.53182710E-005
  0.53182665E-005
  0.53182624E-005
  0.53182585E-005
  0.53182549E-005
  0.53182516E-005
  0.53182486E-005
  0.53182459E-005
  0.53182435E-005
  0.53182413E-005
  0.53182394E-005
  0.53182377E-005
  0.53182362E-005
  0.53182350E-005
  0.53182339E-005
  0.53182331E-005
  0.53182324E-005
  0.53182318E-005
  0.53182314E-005
  0.53182312E-005
  0.53182310E-005
  0.53182310E-005
  0.53182310E-005
  0.53182311E-005
  0.53182313E-005
  0.53182316E-005
  0.53182318E-005
  0.53182321E-005
  0.53182324E-005
  0.53182328E-005
  0.53182331E-005
  0.53182334E-005
  0.53182337E-005
  0.53182340E-005
  0.53182342E-005
  0.53182344E-005
  0.53182346E-005
  0.53182347E-005
  0.53182348E-005
  0.53182348E-005
  0.53182348E-005
  0.53182347E-005
  0.53182346E-005
  0.53182345E-005
  0.53182343E-005
  0.53182341E-005
  0.53182340E-005
  0.53182341E-005
  0.53182346E-005
  0.53182339E-005
  0.53182308E-005
