  0.26138386E+000
  0.21273390E+000
  0.20326534E+000
  0.20506918E+000
  0.21059660E+000
  0.21686053E+000
  0.22283598E+000
  0.22818626E+000
  0.23290263E+000
  0.23694225E+000
  0.24037746E+000
  0.24325351E+000
  0.24563473E+000
  0.24761906E+000
  0.24928947E+000
  0.25071741E+000
  0.25195113E+000
  0.25303052E+000
  0.25398600E+000
  0.25483861E+000
  0.25560381E+000
  0.25629293E+000
  0.25691437E+000
  0.25747453E+000
  0.25797852E+000
  0.25843063E+000
  0.25883472E+000
  0.25919435E+000
  0.25951292E+000
  0.25979377E+000
  0.26004022E+000
  0.26025555E+000
  0.26044298E+000
  0.26060561E+000
  0.26074645E+000
  0.26086832E+000
  0.26097388E+000
  0.26106556E+000
  0.26114557E+000
  0.26121587E+000
  0.26127817E+000
  0.26133394E+000
  0.26138439E+000
  0.26143052E+000
  0.26146713E+000
  0.26149222E+000
  0.26150935E+000
  0.26152101E+000
  0.26152891E+000
  0.26153421E+000
  0.26153770E+000
  0.26153990E+000
  0.26154117E+000
  0.26154172E+000
  0.26154171E+000
  0.26154123E+000
  0.26154035E+000
  0.26153912E+000
  0.26153758E+000
  0.26153575E+000
  0.26153366E+000
  0.26153133E+000
  0.26152878E+000
  0.26152604E+000
  0.26152312E+000
  0.26152003E+000
  0.26151679E+000
  0.26151341E+000
  0.26150992E+000
  0.26150630E+000
  0.26150259E+000
  0.26149878E+000
  0.26149489E+000
  0.26149094E+000
  0.26148692E+000
  0.26148285E+000
  0.26147875E+000
  0.26147462E+000
  0.26147049E+000
  0.26146636E+000
  0.26146225E+000
  0.26145817E+000
  0.26145413E+000
  0.26145015E+000
  0.26144624E+000
  0.26144240E+000
  0.26143866E+000
  0.26143501E+000
  0.26143146E+000
  0.26142802E+000
  0.26142469E+000
  0.26142148E+000
  0.26141840E+000
  0.26141543E+000
  0.26141259E+000
  0.26140988E+000
  0.26140729E+000
  0.26140483E+000
  0.26140250E+000
  0.26140029E+000
  0.26139821E+000
  0.26139625E+000
  0.26139441E+000
  0.26139270E+000
  0.26139110E+000
  0.26138962E+000
  0.26138826E+000
  0.26138700E+000
  0.26138585E+000
  0.26138480E+000
  0.26138386E+000
  0.26138301E+000
  0.26138225E+000
  0.26138157E+000
  0.26138098E+000
  0.26138047E+000
  0.26138003E+000
  0.26137966E+000
  0.26137935E+000
  0.26137910E+000
  0.26137891E+000
  0.26137876E+000
  0.26137866E+000
  0.26137860E+000
  0.26137858E+000
  0.26137859E+000
  0.26137863E+000
  0.26137870E+000
  0.26137879E+000
  0.26137890E+000
  0.26137902E+000
  0.26137916E+000
  0.26137930E+000
  0.26137946E+000
  0.26137962E+000
  0.26137979E+000
  0.26137996E+000
  0.26138013E+000
  0.26138031E+000
  0.26138048E+000
  0.26138065E+000
  0.26138081E+000
  0.26138098E+000
  0.26138114E+000
  0.26138129E+000
  0.26138144E+000
  0.26138159E+000
  0.26138173E+000
  0.26138186E+000
  0.26138199E+000
  0.26138211E+000
  0.26138223E+000
  0.26138234E+000
  0.26138245E+000
  0.26138255E+000
  0.26138265E+000
  0.26138274E+000
  0.26138282E+000
  0.26138290E+000
  0.26138298E+000
  0.26138305E+000
  0.26138312E+000
  0.26138318E+000
  0.26138324E+000
  0.26138329E+000
  0.26138334E+000
  0.26138339E+000
  0.26138343E+000
  0.26138347E+000
  0.26138351E+000
  0.26138355E+000
  0.26138358E+000
  0.26138361E+000
  0.26138363E+000
  0.26138366E+000
  0.26138368E+000
  0.26138370E+000
  0.26138372E+000
  0.26138374E+000
  0.26138375E+000
  0.26138377E+000
  0.26138378E+000
  0.26138379E+000
  0.26138380E+000
  0.26138381E+000
  0.26138382E+000
  0.26138383E+000
  0.26138384E+000
  0.26138384E+000
  0.26138385E+000
  0.26138386E+000
  0.26138386E+000
  0.26138387E+000
  0.26138388E+000
  0.26138388E+000
  0.26138389E+000
  0.26138391E+000
  0.26138393E+000
  0.26138395E+000
  0.26138391E+000
