  0.11877803E-001
  0.95259931E-002
  0.77200982E-002
  0.63082500E-002
  0.51843976E-002
  0.42814406E-002
  0.35479572E-002
  0.29468186E-002
  0.24521057E-002
  0.20416215E-002
  0.17037163E-002
  0.14191775E-002
  0.11838393E-002
  0.98611733E-003
  0.82200900E-003
  0.68447119E-003
  0.57002691E-003
  0.47366549E-003
  0.39408787E-003
  0.32725847E-003
  0.27191954E-003
  0.22627032E-003
  0.18819094E-003
  0.15680370E-003
  0.13106421E-003
  0.10981627E-003
  0.92501658E-004
  0.78380245E-004
  0.66909272E-004
  0.57585399E-004
  0.50073364E-004
  0.43993102E-004
  0.39083234E-004
  0.35103682E-004
  0.31893860E-004
  0.29245965E-004
  0.27082721E-004
  0.25242967E-004
  0.23697281E-004
  0.22346204E-004
  0.21149912E-004
  0.20072930E-004
  0.19087257E-004
  0.18174587E-004
  0.17285430E-004
  0.16448934E-004
  0.15666538E-004
  0.14893028E-004
  0.14175623E-004
  0.13462454E-004
  0.12790782E-004
  0.12150087E-004
  0.11532266E-004
  0.10939711E-004
  0.10381883E-004
  0.98487903E-005
  0.93355838E-005
  0.88572290E-005
  0.83966895E-005
  0.79617968E-005
  0.75558025E-005
  0.71671659E-005
  0.68004402E-005
  0.64606284E-005
  0.61377269E-005
  0.58357659E-005
  0.55524240E-005
  0.52886134E-005
  0.50419704E-005
  0.48117091E-005
  0.45989006E-005
  0.43977332E-005
  0.42106375E-005
  0.40336896E-005
  0.38684506E-005
  0.37070610E-005
  0.35556730E-005
  0.34062274E-005
  0.32616952E-005
  0.31199571E-005
  0.29776831E-005
  0.28381450E-005
  0.26999403E-005
  0.25597544E-005
  0.24227719E-005
  0.22859566E-005
  0.21501461E-005
  0.20161590E-005
  0.18859499E-005
  0.17584898E-005
  0.16345055E-005
  0.15151851E-005
  0.14001201E-005
  0.12904660E-005
  0.11855918E-005
  0.10875088E-005
  0.99319726E-006
  0.90667587E-006
  0.82399890E-006
  0.74788105E-006
  0.67724067E-006
  0.61106110E-006
  0.55060979E-006
  0.49458035E-006
  0.44314884E-006
  0.39587936E-006
  0.35286618E-006
  0.31340470E-006
  0.27738669E-006
  0.24483110E-006
  0.21546081E-006
  0.18853485E-006
  0.16441765E-006
  0.14251731E-006
  0.12315180E-006
  0.10532857E-006
  0.89891594E-007
  0.75891254E-007
  0.63324038E-007
  0.52339924E-007
  0.42618822E-007
  0.34214291E-007
  0.26555868E-007
  0.20084411E-007
  0.14347874E-007
  0.94418768E-008
  0.52394087E-008
  0.17419781E-008
 -0.12490644E-008
 -0.37518214E-008
 -0.58777260E-008
 -0.75101300E-008
 -0.88551564E-008
 -0.98560577E-008
 -0.10639092E-007
 -0.11143348E-007
 -0.11425810E-007
 -0.11619255E-007
 -0.11646730E-007
 -0.11510290E-007
 -0.11270549E-007
 -0.11037749E-007
 -0.10588636E-007
 -0.10165221E-007
 -0.97044833E-008
 -0.91732626E-008
 -0.85981685E-008
 -0.80715541E-008
 -0.75337773E-008
 -0.69345086E-008
 -0.64223564E-008
 -0.58710528E-008
 -0.53421094E-008
 -0.47978505E-008
 -0.42914426E-008
 -0.37859115E-008
 -0.33159961E-008
 -0.29299206E-008
 -0.25076479E-008
 -0.21235768E-008
 -0.17753717E-008
 -0.13842109E-008
 -0.10584950E-008
 -0.87782714E-009
 -0.61088024E-009
 -0.34502712E-009
 -0.12778800E-009
  0.76148421E-010
  0.22672619E-009
  0.32720360E-009
  0.45203108E-009
  0.54812244E-009
  0.66033179E-009
  0.74445761E-009
  0.75398043E-009
  0.78819884E-009
  0.83979645E-009
  0.82188012E-009
  0.77730844E-009
  0.78153928E-009
  0.73773299E-009
  0.68655948E-009
  0.63946048E-009
  0.59500871E-009
  0.54441163E-009
  0.48235815E-009
  0.37732129E-009
  0.32708192E-009
  0.23597835E-009
  0.18672996E-009
  0.98283826E-010
  0.95161656E-011
 -0.42609916E-010
 -0.10821699E-009
 -0.18960811E-009
 -0.21772961E-009
 -0.16843460E-009
  0.61766925E-009
 -0.32956549E-009
 -0.53526461E-008
