  0.81429777E+000
  0.81429844E+000
  0.81429828E+000
  0.81429769E+000
  0.81429686E+000
  0.81429593E+000
  0.81429496E+000
  0.81429400E+000
  0.81429307E+000
  0.81429219E+000
  0.81429135E+000
  0.81429057E+000
  0.81428984E+000
  0.81428916E+000
  0.81428853E+000
  0.81428795E+000
  0.81428740E+000
  0.81428689E+000
  0.81428641E+000
  0.81428597E+000
  0.81428555E+000
  0.81428515E+000
  0.81428478E+000
  0.81428442E+000
  0.81428409E+000
  0.81428376E+000
  0.81428345E+000
  0.81428316E+000
  0.81428287E+000
  0.81428259E+000
  0.81428232E+000
  0.81428205E+000
  0.81428179E+000
  0.81428153E+000
  0.81428128E+000
  0.81428102E+000
  0.81428077E+000
  0.81428052E+000
  0.81428027E+000
  0.81428002E+000
  0.81427977E+000
  0.81427952E+000
  0.81427927E+000
  0.81427902E+000
  0.81427877E+000
  0.81427851E+000
  0.81427826E+000
  0.81427800E+000
  0.81427775E+000
  0.81427749E+000
  0.81427723E+000
  0.81427698E+000
  0.81427672E+000
  0.81427646E+000
  0.81427621E+000
  0.81427595E+000
  0.81427570E+000
  0.81427545E+000
  0.81427520E+000
  0.81427495E+000
  0.81427471E+000
  0.81427447E+000
  0.81427423E+000
  0.81427400E+000
  0.81427377E+000
  0.81427354E+000
  0.81427332E+000
  0.81427311E+000
  0.81427290E+000
  0.81427269E+000
  0.81427249E+000
  0.81427230E+000
  0.81427211E+000
  0.81427193E+000
  0.81427175E+000
  0.81427159E+000
  0.81427143E+000
  0.81427127E+000
  0.81427113E+000
  0.81427099E+000
  0.81427086E+000
  0.81427073E+000
  0.81427062E+000
  0.81427051E+000
  0.81427041E+000
  0.81427032E+000
  0.81427024E+000
  0.81427016E+000
  0.81427009E+000
  0.81427003E+000
  0.81426998E+000
  0.81426994E+000
  0.81426990E+000
  0.81426987E+000
  0.81426984E+000
  0.81426982E+000
  0.81426981E+000
  0.81426981E+000
  0.81426981E+000
  0.81426981E+000
  0.81426982E+000
  0.81426983E+000
  0.81426985E+000
  0.81426987E+000
  0.81426990E+000
  0.81426993E+000
  0.81426996E+000
  0.81426999E+000
  0.81427003E+000
  0.81427007E+000
  0.81427011E+000
  0.81427016E+000
  0.81427021E+000
  0.81427026E+000
  0.81427031E+000
  0.81427036E+000
  0.81427041E+000
  0.81427047E+000
  0.81427053E+000
  0.81427059E+000
  0.81427065E+000
  0.81427071E+000
  0.81427077E+000
  0.81427084E+000
  0.81427090E+000
  0.81427097E+000
  0.81427104E+000
  0.81427110E+000
  0.81427117E+000
  0.81427124E+000
  0.81427131E+000
  0.81427138E+000
  0.81427145E+000
  0.81427152E+000
  0.81427159E+000
  0.81427166E+000
  0.81427173E+000
  0.81427180E+000
  0.81427187E+000
  0.81427194E+000
  0.81427200E+000
  0.81427207E+000
  0.81427214E+000
  0.81427220E+000
  0.81427226E+000
  0.81427232E+000
  0.81427239E+000
  0.81427244E+000
  0.81427250E+000
  0.81427256E+000
  0.81427261E+000
  0.81427266E+000
  0.81427271E+000
  0.81427276E+000
  0.81427281E+000
  0.81427285E+000
  0.81427290E+000
  0.81427294E+000
  0.81427298E+000
  0.81427301E+000
  0.81427305E+000
  0.81427309E+000
  0.81427312E+000
  0.81427315E+000
  0.81427318E+000
  0.81427321E+000
  0.81427323E+000
  0.81427326E+000
  0.81427329E+000
  0.81427331E+000
  0.81427333E+000
  0.81427335E+000
  0.81427337E+000
  0.81427339E+000
  0.81427341E+000
  0.81427343E+000
  0.81427344E+000
  0.81427346E+000
  0.81427348E+000
  0.81427349E+000
  0.81427351E+000
  0.81427352E+000
  0.81427353E+000
  0.81427355E+000
  0.81427356E+000
  0.81427357E+000
  0.81427358E+000
  0.81427360E+000
  0.81427361E+000
  0.81427362E+000
  0.81427363E+000
  0.81427364E+000
  0.81427365E+000
  0.81427366E+000
  0.81427367E+000
  0.81427367E+000
  0.81427368E+000
  0.81427369E+000
  0.81427370E+000
  0.81427370E+000
