  0.35587162E+000
  0.35595422E+000
  0.35609427E+000
  0.35623461E+000
  0.35636028E+000
  0.35646925E+000
  0.35656359E+000
  0.35664429E+000
  0.35671346E+000
  0.35677243E+000
  0.35682386E+000
  0.35686799E+000
  0.35690558E+000
  0.35693803E+000
  0.35696636E+000
  0.35699024E+000
  0.35701178E+000
  0.35703127E+000
  0.35704673E+000
  0.35706162E+000
  0.35707289E+000
  0.35708347E+000
  0.35709172E+000
  0.35710046E+000
  0.35710775E+000
  0.35711474E+000
  0.35712096E+000
  0.35712659E+000
  0.35713146E+000
  0.35713586E+000
  0.35713993E+000
  0.35714367E+000
  0.35714716E+000
  0.35715026E+000
  0.35715326E+000
  0.35715622E+000
  0.35715887E+000
  0.35716141E+000
  0.35716384E+000
  0.35716612E+000
  0.35716821E+000
  0.35716999E+000
  0.35717203E+000
  0.35717500E+000
  0.35717682E+000
  0.35717869E+000
  0.35718046E+000
  0.35718220E+000
  0.35718387E+000
  0.35718549E+000
  0.35718713E+000
  0.35718869E+000
  0.35719023E+000
  0.35719171E+000
  0.35719314E+000
  0.35719450E+000
  0.35719597E+000
  0.35719728E+000
  0.35719860E+000
  0.35719987E+000
  0.35720102E+000
  0.35720281E+000
  0.35720397E+000
  0.35720502E+000
  0.35720618E+000
  0.35720751E+000
  0.35720865E+000
  0.35720968E+000
  0.35721073E+000
  0.35721167E+000
  0.35721256E+000
  0.35721296E+000
  0.35721381E+000
  0.35721460E+000
  0.35721549E+000
  0.35721601E+000
  0.35721655E+000
  0.35721730E+000
  0.35721696E+000
  0.35721763E+000
  0.35721827E+000
  0.35721909E+000
  0.35721980E+000
  0.35722061E+000
  0.35722116E+000
  0.35722172E+000
  0.35722213E+000
  0.35722266E+000
  0.35722271E+000
  0.35722318E+000
  0.35722358E+000
  0.35722403E+000
  0.35722449E+000
  0.35722487E+000
  0.35722525E+000
  0.35722566E+000
  0.35722599E+000
  0.35722633E+000
  0.35722662E+000
  0.35722690E+000
  0.35722718E+000
  0.35722742E+000
  0.35722760E+000
  0.35722773E+000
  0.35722791E+000
  0.35722812E+000
  0.35722833E+000
  0.35722843E+000
  0.35722857E+000
  0.35722872E+000
  0.35722888E+000
  0.35722902E+000
  0.35722913E+000
  0.35722924E+000
  0.35722935E+000
  0.35722944E+000
  0.35722953E+000
  0.35722961E+000
  0.35722968E+000
  0.35722975E+000
  0.35722982E+000
  0.35722988E+000
  0.35722993E+000
  0.35722998E+000
  0.35723003E+000
  0.35723007E+000
  0.35723011E+000
  0.35723016E+000
  0.35723019E+000
  0.35723022E+000
  0.35723026E+000
  0.35723028E+000
  0.35723031E+000
  0.35723034E+000
  0.35723036E+000
  0.35723038E+000
  0.35723040E+000
  0.35723043E+000
  0.35723045E+000
  0.35723047E+000
  0.35723049E+000
  0.35723051E+000
  0.35723052E+000
  0.35723054E+000
  0.35723056E+000
  0.35723058E+000
  0.35723060E+000
  0.35723062E+000
  0.35723064E+000
  0.35723066E+000
  0.35723067E+000
  0.35723069E+000
  0.35723071E+000
  0.35723073E+000
  0.35723073E+000
  0.35723075E+000
  0.35723077E+000
  0.35723079E+000
  0.35723081E+000
  0.35723083E+000
  0.35723084E+000
  0.35723086E+000
  0.35723088E+000
  0.35723090E+000
  0.35723091E+000
  0.35723093E+000
  0.35723095E+000
  0.35723096E+000
  0.35723098E+000
  0.35723100E+000
  0.35723101E+000
  0.35723103E+000
  0.35723104E+000
  0.35723105E+000
  0.35723107E+000
  0.35723108E+000
  0.35723110E+000
  0.35723111E+000
  0.35723112E+000
  0.35723113E+000
  0.35723115E+000
  0.35723116E+000
  0.35723117E+000
  0.35723118E+000
  0.35723119E+000
  0.35723120E+000
  0.35723122E+000
  0.35723123E+000
  0.35723124E+000
  0.35723125E+000
  0.35723126E+000
  0.35723127E+000
  0.35723128E+000
  0.35723129E+000
  0.35723130E+000
  0.35723131E+000
  0.35723131E+000
  0.35723132E+000
  0.35723133E+000
  0.35723134E+000
