  0.86193873E+000
  0.86161375E+000
  0.86138065E+000
  0.86120796E+000
  0.86107878E+000
  0.86098291E+000
  0.86091350E+000
  0.86086536E+000
  0.86083422E+000
  0.86081679E+000
  0.86081042E+000
  0.86081295E+000
  0.86082267E+000
  0.86083821E+000
  0.86085840E+000
  0.86088227E+000
  0.86090900E+000
  0.86093794E+000
  0.86096854E+000
  0.86100032E+000
  0.86103291E+000
  0.86106599E+000
  0.86109930E+000
  0.86113264E+000
  0.86116580E+000
  0.86119866E+000
  0.86123109E+000
  0.86126298E+000
  0.86129426E+000
  0.86132487E+000
  0.86135474E+000
  0.86138385E+000
  0.86141215E+000
  0.86143962E+000
  0.86146625E+000
  0.86149203E+000
  0.86151694E+000
  0.86154098E+000
  0.86156417E+000
  0.86158649E+000
  0.86160795E+000
  0.86162857E+000
  0.86164835E+000
  0.86166730E+000
  0.86168543E+000
  0.86170274E+000
  0.86171925E+000
  0.86173497E+000
  0.86174991E+000
  0.86176407E+000
  0.86177748E+000
  0.86179015E+000
  0.86180208E+000
  0.86181329E+000
  0.86182381E+000
  0.86183364E+000
  0.86184280E+000
  0.86185132E+000
  0.86185921E+000
  0.86186650E+000
  0.86187321E+000
  0.86187937E+000
  0.86188500E+000
  0.86189013E+000
  0.86189479E+000
  0.86189901E+000
  0.86190281E+000
  0.86190623E+000
  0.86190930E+000
  0.86191204E+000
  0.86191449E+000
  0.86191667E+000
  0.86191862E+000
  0.86192036E+000
  0.86192192E+000
  0.86192331E+000
  0.86192457E+000
  0.86192571E+000
  0.86192674E+000
  0.86192770E+000
  0.86192858E+000
  0.86192939E+000
  0.86193016E+000
  0.86193088E+000
  0.86193156E+000
  0.86193220E+000
  0.86193281E+000
  0.86193339E+000
  0.86193393E+000
  0.86193444E+000
  0.86193493E+000
  0.86193538E+000
  0.86193581E+000
  0.86193620E+000
  0.86193657E+000
  0.86193690E+000
  0.86193721E+000
  0.86193749E+000
  0.86193774E+000
  0.86193797E+000
  0.86193818E+000
  0.86193836E+000
  0.86193853E+000
  0.86193867E+000
  0.86193880E+000
  0.86193891E+000
  0.86193900E+000
  0.86193908E+000
  0.86193915E+000
  0.86193921E+000
  0.86193926E+000
  0.86193929E+000
  0.86193932E+000
  0.86193935E+000
  0.86193936E+000
  0.86193937E+000
  0.86193938E+000
  0.86193938E+000
  0.86193937E+000
  0.86193936E+000
  0.86193935E+000
  0.86193933E+000
  0.86193932E+000
  0.86193930E+000
  0.86193927E+000
  0.86193925E+000
  0.86193923E+000
  0.86193920E+000
  0.86193917E+000
  0.86193915E+000
  0.86193912E+000
  0.86193909E+000
  0.86193906E+000
  0.86193904E+000
  0.86193901E+000
  0.86193898E+000
  0.86193896E+000
  0.86193893E+000
  0.86193891E+000
  0.86193889E+000
  0.86193887E+000
  0.86193885E+000
  0.86193883E+000
  0.86193881E+000
  0.86193879E+000
  0.86193877E+000
  0.86193876E+000
  0.86193875E+000
  0.86193873E+000
  0.86193872E+000
  0.86193871E+000
  0.86193870E+000
  0.86193869E+000
  0.86193869E+000
  0.86193868E+000
  0.86193868E+000
  0.86193867E+000
  0.86193867E+000
  0.86193867E+000
  0.86193867E+000
  0.86193866E+000
  0.86193866E+000
  0.86193866E+000
  0.86193867E+000
  0.86193867E+000
  0.86193867E+000
  0.86193867E+000
  0.86193867E+000
  0.86193868E+000
  0.86193868E+000
  0.86193868E+000
  0.86193869E+000
  0.86193869E+000
  0.86193869E+000
  0.86193870E+000
  0.86193870E+000
  0.86193870E+000
  0.86193871E+000
  0.86193871E+000
  0.86193871E+000
  0.86193872E+000
  0.86193872E+000
  0.86193872E+000
  0.86193873E+000
  0.86193873E+000
  0.86193873E+000
  0.86193873E+000
  0.86193874E+000
  0.86193874E+000
  0.86193874E+000
  0.86193874E+000
  0.86193874E+000
  0.86193874E+000
  0.86193875E+000
  0.86193875E+000
  0.86193875E+000
  0.86193875E+000
  0.86193875E+000
  0.86193875E+000
  0.86193874E+000
