  0.23934100E+000
  0.23776612E+000
  0.23654077E+000
  0.23556181E+000
  0.23476689E+000
  0.23411555E+000
  0.23357763E+000
  0.23313093E+000
  0.23275882E+000
  0.23244750E+000
  0.23218781E+000
  0.23196896E+000
  0.23178590E+000
  0.23163175E+000
  0.23150265E+000
  0.23139417E+000
  0.23130334E+000
  0.23122701E+000
  0.23116345E+000
  0.23111027E+000
  0.23106611E+000
  0.23102961E+000
  0.23099940E+000
  0.23097462E+000
  0.23095443E+000
  0.23093805E+000
  0.23092492E+000
  0.23091451E+000
  0.23090636E+000
  0.23090009E+000
  0.23089540E+000
  0.23089199E+000
  0.23088964E+000
  0.23088815E+000
  0.23088736E+000
  0.23088713E+000
  0.23088735E+000
  0.23088791E+000
  0.23088876E+000
  0.23088982E+000
  0.23089104E+000
  0.23089240E+000
  0.23089385E+000
  0.23089537E+000
  0.23089694E+000
  0.23089856E+000
  0.23090022E+000
  0.23090190E+000
  0.23090361E+000
  0.23090533E+000
  0.23090706E+000
  0.23090882E+000
  0.23091057E+000
  0.23091234E+000
  0.23091412E+000
  0.23091590E+000
  0.23091768E+000
  0.23091946E+000
  0.23092124E+000
  0.23092302E+000
  0.23092480E+000
  0.23092656E+000
  0.23092832E+000
  0.23093007E+000
  0.23093180E+000
  0.23093351E+000
  0.23093521E+000
  0.23093689E+000
  0.23093855E+000
  0.23094018E+000
  0.23094179E+000
  0.23094337E+000
  0.23094492E+000
  0.23094643E+000
  0.23094792E+000
  0.23094937E+000
  0.23095078E+000
  0.23095215E+000
  0.23095349E+000
  0.23095478E+000
  0.23095603E+000
  0.23095723E+000
  0.23095839E+000
  0.23095950E+000
  0.23096057E+000
  0.23096159E+000
  0.23096257E+000
  0.23096350E+000
  0.23096439E+000
  0.23096523E+000
  0.23096602E+000
  0.23096678E+000
  0.23096749E+000
  0.23096816E+000
  0.23096879E+000
  0.23096939E+000
  0.23096994E+000
  0.23097046E+000
  0.23097095E+000
  0.23097140E+000
  0.23097182E+000
  0.23097221E+000
  0.23097257E+000
  0.23097291E+000
  0.23097322E+000
  0.23097350E+000
  0.23097377E+000
  0.23097401E+000
  0.23097423E+000
  0.23097443E+000
  0.23097461E+000
  0.23097478E+000
  0.23097493E+000
  0.23097506E+000
  0.23097518E+000
  0.23097529E+000
  0.23097539E+000
  0.23097548E+000
  0.23097555E+000
  0.23097562E+000
  0.23097568E+000
  0.23097573E+000
  0.23097577E+000
  0.23097581E+000
  0.23097584E+000
  0.23097587E+000
  0.23097589E+000
  0.23097591E+000
  0.23097592E+000
  0.23097593E+000
  0.23097593E+000
  0.23097594E+000
  0.23097594E+000
  0.23097593E+000
  0.23097593E+000
  0.23097592E+000
  0.23097592E+000
  0.23097591E+000
  0.23097590E+000
  0.23097589E+000
  0.23097588E+000
  0.23097586E+000
  0.23097585E+000
  0.23097584E+000
  0.23097583E+000
  0.23097581E+000
  0.23097580E+000
  0.23097579E+000
  0.23097578E+000
  0.23097577E+000
  0.23097576E+000
  0.23097574E+000
  0.23097573E+000
  0.23097572E+000
  0.23097572E+000
  0.23097571E+000
  0.23097570E+000
  0.23097569E+000
  0.23097568E+000
  0.23097568E+000
  0.23097567E+000
  0.23097567E+000
  0.23097566E+000
  0.23097566E+000
  0.23097566E+000
  0.23097565E+000
  0.23097565E+000
  0.23097565E+000
  0.23097565E+000
  0.23097565E+000
  0.23097565E+000
  0.23097565E+000
  0.23097565E+000
  0.23097565E+000
  0.23097565E+000
  0.23097565E+000
  0.23097565E+000
  0.23097565E+000
  0.23097566E+000
  0.23097566E+000
  0.23097566E+000
  0.23097566E+000
  0.23097567E+000
  0.23097567E+000
  0.23097567E+000
  0.23097568E+000
  0.23097568E+000
  0.23097568E+000
  0.23097569E+000
  0.23097569E+000
  0.23097569E+000
  0.23097570E+000
  0.23097570E+000
  0.23097570E+000
  0.23097571E+000
  0.23097571E+000
  0.23097571E+000
  0.23097572E+000
  0.23097573E+000
  0.23097574E+000
