  0.29800887E+000
  0.29889850E+000
  0.29976631E+000
  0.30054219E+000
  0.30121752E+000
  0.30179614E+000
  0.30229098E+000
  0.30271463E+000
  0.30307704E+000
  0.30338714E+000
  0.30365274E+000
  0.30388015E+000
  0.30407479E+000
  0.30424138E+000
  0.30438409E+000
  0.30450618E+000
  0.30461078E+000
  0.30470047E+000
  0.30477724E+000
  0.30484292E+000
  0.30489908E+000
  0.30494700E+000
  0.30498784E+000
  0.30502256E+000
  0.30505201E+000
  0.30507690E+000
  0.30509786E+000
  0.30511544E+000
  0.30513009E+000
  0.30514223E+000
  0.30515222E+000
  0.30516035E+000
  0.30516690E+000
  0.30517209E+000
  0.30517614E+000
  0.30517920E+000
  0.30518143E+000
  0.30518296E+000
  0.30518390E+000
  0.30518433E+000
  0.30518435E+000
  0.30518402E+000
  0.30518339E+000
  0.30518251E+000
  0.30518144E+000
  0.30518019E+000
  0.30517881E+000
  0.30517730E+000
  0.30517570E+000
  0.30517402E+000
  0.30517228E+000
  0.30517049E+000
  0.30516867E+000
  0.30516684E+000
  0.30516499E+000
  0.30516314E+000
  0.30516130E+000
  0.30515948E+000
  0.30515769E+000
  0.30515592E+000
  0.30515419E+000
  0.30515250E+000
  0.30515085E+000
  0.30514926E+000
  0.30514771E+000
  0.30514622E+000
  0.30514478E+000
  0.30514340E+000
  0.30514207E+000
  0.30514080E+000
  0.30513958E+000
  0.30513842E+000
  0.30513732E+000
  0.30513627E+000
  0.30513528E+000
  0.30513434E+000
  0.30513345E+000
  0.30513262E+000
  0.30513184E+000
  0.30513111E+000
  0.30513044E+000
  0.30512982E+000
  0.30512925E+000
  0.30512873E+000
  0.30512826E+000
  0.30512784E+000
  0.30512747E+000
  0.30512714E+000
  0.30512685E+000
  0.30512660E+000
  0.30512638E+000
  0.30512621E+000
  0.30512606E+000
  0.30512594E+000
  0.30512585E+000
  0.30512578E+000
  0.30512573E+000
  0.30512569E+000
  0.30512568E+000
  0.30512567E+000
  0.30512568E+000
  0.30512570E+000
  0.30512572E+000
  0.30512575E+000
  0.30512578E+000
  0.30512581E+000
  0.30512585E+000
  0.30512589E+000
  0.30512592E+000
  0.30512596E+000
  0.30512599E+000
  0.30512602E+000
  0.30512605E+000
  0.30512607E+000
  0.30512609E+000
  0.30512611E+000
  0.30512612E+000
  0.30512613E+000
  0.30512613E+000
  0.30512613E+000
  0.30512613E+000
  0.30512613E+000
  0.30512612E+000
  0.30512610E+000
  0.30512609E+000
  0.30512607E+000
  0.30512605E+000
  0.30512602E+000
  0.30512599E+000
  0.30512597E+000
  0.30512593E+000
  0.30512590E+000
  0.30512587E+000
  0.30512583E+000
  0.30512580E+000
  0.30512576E+000
  0.30512572E+000
  0.30512568E+000
  0.30512565E+000
  0.30512561E+000
  0.30512557E+000
  0.30512553E+000
  0.30512549E+000
  0.30512546E+000
  0.30512542E+000
  0.30512538E+000
  0.30512535E+000
  0.30512532E+000
  0.30512528E+000
  0.30512525E+000
  0.30512522E+000
  0.30512519E+000
  0.30512517E+000
  0.30512514E+000
  0.30512512E+000
  0.30512509E+000
  0.30512507E+000
  0.30512505E+000
  0.30512503E+000
  0.30512501E+000
  0.30512500E+000
  0.30512498E+000
  0.30512497E+000
  0.30512495E+000
  0.30512494E+000
  0.30512493E+000
  0.30512492E+000
  0.30512492E+000
  0.30512491E+000
  0.30512490E+000
  0.30512490E+000
  0.30512490E+000
  0.30512489E+000
  0.30512489E+000
  0.30512489E+000
  0.30512489E+000
  0.30512489E+000
  0.30512489E+000
  0.30512489E+000
  0.30512489E+000
  0.30512490E+000
  0.30512490E+000
  0.30512490E+000
  0.30512491E+000
  0.30512491E+000
  0.30512491E+000
  0.30512492E+000
  0.30512492E+000
  0.30512492E+000
  0.30512493E+000
  0.30512493E+000
  0.30512494E+000
  0.30512494E+000
  0.30512495E+000
  0.30512495E+000
  0.30512496E+000
  0.30512496E+000
  0.30512497E+000
  0.30512499E+000
  0.30512491E+000
