  0.91593856E+001
  0.91658703E+001
  0.91700373E+001
  0.91729875E+001
  0.91751743E+001
  0.91768495E+001
  0.91781596E+001
  0.91791950E+001
  0.91800219E+001
  0.91806864E+001
  0.91812233E+001
  0.91816590E+001
  0.91820152E+001
  0.91823076E+001
  0.91825485E+001
  0.91827472E+001
  0.91829120E+001
  0.91830493E+001
  0.91831644E+001
  0.91832615E+001
  0.91833443E+001
  0.91834158E+001
  0.91834785E+001
  0.91835343E+001
  0.91835851E+001
  0.91836322E+001
  0.91836768E+001
  0.91837200E+001
  0.91837624E+001
  0.91838049E+001
  0.91838479E+001
  0.91838919E+001
  0.91839373E+001
  0.91839843E+001
  0.91840333E+001
  0.91840842E+001
  0.91841374E+001
  0.91841928E+001
  0.91842506E+001
  0.91843107E+001
  0.91843731E+001
  0.91844378E+001
  0.91845048E+001
  0.91845741E+001
  0.91846455E+001
  0.91847190E+001
  0.91847944E+001
  0.91848718E+001
  0.91849510E+001
  0.91850319E+001
  0.91851144E+001
  0.91851983E+001
  0.91852837E+001
  0.91853703E+001
  0.91854580E+001
  0.91855467E+001
  0.91856362E+001
  0.91857265E+001
  0.91858173E+001
  0.91859085E+001
  0.91860000E+001
  0.91860917E+001
  0.91861833E+001
  0.91862748E+001
  0.91863659E+001
  0.91864565E+001
  0.91865464E+001
  0.91866356E+001
  0.91867239E+001
  0.91868110E+001
  0.91868969E+001
  0.91869815E+001
  0.91870646E+001
  0.91871460E+001
  0.91872256E+001
  0.91873034E+001
  0.91873792E+001
  0.91874530E+001
  0.91875245E+001
  0.91875938E+001
  0.91876608E+001
  0.91877254E+001
  0.91877876E+001
  0.91878473E+001
  0.91879045E+001
  0.91879591E+001
  0.91880113E+001
  0.91880610E+001
  0.91881081E+001
  0.91881528E+001
  0.91881951E+001
  0.91882350E+001
  0.91882726E+001
  0.91883079E+001
  0.91883410E+001
  0.91883720E+001
  0.91884010E+001
  0.91884280E+001
  0.91884531E+001
  0.91884763E+001
  0.91884979E+001
  0.91885178E+001
  0.91885362E+001
  0.91885530E+001
  0.91885685E+001
  0.91885827E+001
  0.91885956E+001
  0.91886074E+001
  0.91886181E+001
  0.91886277E+001
  0.91886365E+001
  0.91886443E+001
  0.91886513E+001
  0.91886576E+001
  0.91886632E+001
  0.91886681E+001
  0.91886725E+001
  0.91886763E+001
  0.91886796E+001
  0.91886824E+001
  0.91886848E+001
  0.91886869E+001
  0.91886886E+001
  0.91886899E+001
  0.91886910E+001
  0.91886919E+001
  0.91886925E+001
  0.91886929E+001
  0.91886931E+001
  0.91886931E+001
  0.91886930E+001
  0.91886928E+001
  0.91886924E+001
  0.91886920E+001
  0.91886915E+001
  0.91886908E+001
  0.91886902E+001
  0.91886894E+001
  0.91886887E+001
  0.91886879E+001
  0.91886870E+001
  0.91886862E+001
  0.91886853E+001
  0.91886844E+001
  0.91886835E+001
  0.91886827E+001
  0.91886818E+001
  0.91886809E+001
  0.91886801E+001
  0.91886793E+001
  0.91886785E+001
  0.91886777E+001
  0.91886769E+001
  0.91886762E+001
  0.91886755E+001
  0.91886748E+001
  0.91886742E+001
  0.91886736E+001
  0.91886730E+001
  0.91886724E+001
  0.91886719E+001
  0.91886714E+001
  0.91886710E+001
  0.91886706E+001
  0.91886702E+001
  0.91886698E+001
  0.91886695E+001
  0.91886692E+001
  0.91886689E+001
  0.91886687E+001
  0.91886685E+001
  0.91886683E+001
  0.91886681E+001
  0.91886680E+001
  0.91886678E+001
  0.91886677E+001
  0.91886677E+001
  0.91886676E+001
  0.91886675E+001
  0.91886675E+001
  0.91886675E+001
  0.91886674E+001
  0.91886674E+001
  0.91886674E+001
  0.91886674E+001
  0.91886675E+001
  0.91886675E+001
  0.91886675E+001
  0.91886675E+001
  0.91886676E+001
  0.91886676E+001
  0.91886677E+001
  0.91886677E+001
  0.91886678E+001
  0.91886678E+001
  0.91886679E+001
  0.91886679E+001
  0.91886680E+001
  0.91886681E+001
  0.91886683E+001
