  0.91069002E+000
  0.90857339E+000
  0.90694809E+000
  0.90567743E+000
  0.90466596E+000
  0.90385330E+000
  0.90319316E+000
  0.90265214E+000
  0.90220690E+000
  0.90183746E+000
  0.90153334E+000
  0.90127726E+000
  0.90106546E+000
  0.90088751E+000
  0.90073981E+000
  0.90061602E+000
  0.90051302E+000
  0.90042630E+000
  0.90035468E+000
  0.90029453E+000
  0.90024473E+000
  0.90020364E+000
  0.90016937E+000
  0.90014112E+000
  0.90011796E+000
  0.90009883E+000
  0.90008325E+000
  0.90007054E+000
  0.90006022E+000
  0.90005183E+000
  0.90004507E+000
  0.90003959E+000
  0.90003517E+000
  0.90003159E+000
  0.90002870E+000
  0.90002632E+000
  0.90002437E+000
  0.90002272E+000
  0.90002133E+000
  0.90002011E+000
  0.90001903E+000
  0.90001807E+000
  0.90001718E+000
  0.90001636E+000
  0.90001556E+000
  0.90001480E+000
  0.90001410E+000
  0.90001340E+000
  0.90001276E+000
  0.90001212E+000
  0.90001151E+000
  0.90001094E+000
  0.90001038E+000
  0.90000985E+000
  0.90000934E+000
  0.90000886E+000
  0.90000840E+000
  0.90000797E+000
  0.90000756E+000
  0.90000717E+000
  0.90000680E+000
  0.90000645E+000
  0.90000612E+000
  0.90000581E+000
  0.90000552E+000
  0.90000525E+000
  0.90000500E+000
  0.90000476E+000
  0.90000454E+000
  0.90000433E+000
  0.90000414E+000
  0.90000396E+000
  0.90000379E+000
  0.90000363E+000
  0.90000348E+000
  0.90000334E+000
  0.90000320E+000
  0.90000307E+000
  0.90000294E+000
  0.90000281E+000
  0.90000268E+000
  0.90000255E+000
  0.90000243E+000
  0.90000230E+000
  0.90000218E+000
  0.90000206E+000
  0.90000194E+000
  0.90000181E+000
  0.90000170E+000
  0.90000158E+000
  0.90000147E+000
  0.90000136E+000
  0.90000126E+000
  0.90000116E+000
  0.90000107E+000
  0.90000098E+000
  0.90000089E+000
  0.90000082E+000
  0.90000074E+000
  0.90000067E+000
  0.90000061E+000
  0.90000055E+000
  0.90000050E+000
  0.90000045E+000
  0.90000040E+000
  0.90000036E+000
  0.90000032E+000
  0.90000028E+000
  0.90000025E+000
  0.90000022E+000
  0.90000019E+000
  0.90000017E+000
  0.90000015E+000
  0.90000013E+000
  0.90000011E+000
  0.90000009E+000
  0.90000008E+000
  0.90000007E+000
  0.90000006E+000
  0.90000005E+000
  0.90000004E+000
  0.90000003E+000
  0.90000002E+000
  0.90000002E+000
  0.90000001E+000
  0.90000001E+000
  0.90000000E+000
  0.90000000E+000
  0.90000000E+000
  0.90000000E+000
  0.89999999E+000
  0.89999999E+000
  0.89999999E+000
  0.89999999E+000
  0.89999999E+000
  0.89999999E+000
  0.89999999E+000
  0.89999999E+000
  0.89999999E+000
  0.89999999E+000
  0.89999999E+000
  0.89999999E+000
  0.89999999E+000
  0.89999999E+000
  0.89999999E+000
  0.89999999E+000
  0.89999999E+000
  0.89999999E+000
  0.89999999E+000
  0.89999999E+000
  0.89999999E+000
  0.89999999E+000
  0.90000000E+000
  0.90000000E+000
  0.90000000E+000
  0.90000000E+000
  0.90000000E+000
  0.90000000E+000
  0.90000000E+000
  0.90000000E+000
  0.90000000E+000
  0.90000000E+000
  0.90000000E+000
  0.90000000E+000
  0.90000000E+000
  0.90000000E+000
  0.90000000E+000
  0.90000000E+000
  0.90000000E+000
  0.90000000E+000
  0.90000000E+000
  0.90000000E+000
  0.90000000E+000
  0.90000000E+000
  0.90000000E+000
  0.90000000E+000
  0.90000000E+000
  0.90000000E+000
  0.90000000E+000
  0.90000000E+000
  0.90000000E+000
  0.90000000E+000
  0.90000000E+000
  0.90000000E+000
  0.90000000E+000
  0.90000000E+000
  0.90000000E+000
  0.90000000E+000
  0.90000000E+000
  0.90000000E+000
  0.90000000E+000
  0.90000000E+000
  0.90000000E+000
  0.90000000E+000
  0.90000000E+000
  0.90000000E+000
  0.90000000E+000
  0.90000000E+000
  0.90000000E+000
  0.90000000E+000
