  0.12714477E+001
  0.12689348E+001
  0.12669485E+001
  0.12653739E+001
  0.12641092E+001
  0.12630872E+001
  0.12622534E+001
  0.12615674E+001
  0.12610011E+001
  0.12605297E+001
  0.12601409E+001
  0.12598124E+001
  0.12595404E+001
  0.12593114E+001
  0.12591212E+001
  0.12589616E+001
  0.12588287E+001
  0.12587168E+001
  0.12586244E+001
  0.12585469E+001
  0.12584829E+001
  0.12584302E+001
  0.12583866E+001
  0.12583508E+001
  0.12583219E+001
  0.12582983E+001
  0.12582796E+001
  0.12582647E+001
  0.12582531E+001
  0.12582443E+001
  0.12582377E+001
  0.12582330E+001
  0.12582299E+001
  0.12582281E+001
  0.12582274E+001
  0.12582275E+001
  0.12582283E+001
  0.12582298E+001
  0.12582317E+001
  0.12582341E+001
  0.12582368E+001
  0.12582398E+001
  0.12582431E+001
  0.12582466E+001
  0.12582503E+001
  0.12582542E+001
  0.12582583E+001
  0.12582625E+001
  0.12582670E+001
  0.12582715E+001
  0.12582763E+001
  0.12582811E+001
  0.12582861E+001
  0.12582912E+001
  0.12582964E+001
  0.12583017E+001
  0.12583071E+001
  0.12583126E+001
  0.12583182E+001
  0.12583238E+001
  0.12583294E+001
  0.12583351E+001
  0.12583409E+001
  0.12583466E+001
  0.12583523E+001
  0.12583581E+001
  0.12583638E+001
  0.12583695E+001
  0.12583751E+001
  0.12583807E+001
  0.12583862E+001
  0.12583917E+001
  0.12583970E+001
  0.12584023E+001
  0.12584075E+001
  0.12584125E+001
  0.12584175E+001
  0.12584222E+001
  0.12584269E+001
  0.12584314E+001
  0.12584357E+001
  0.12584399E+001
  0.12584439E+001
  0.12584478E+001
  0.12584515E+001
  0.12584550E+001
  0.12584583E+001
  0.12584615E+001
  0.12584645E+001
  0.12584674E+001
  0.12584701E+001
  0.12584726E+001
  0.12584750E+001
  0.12584773E+001
  0.12584794E+001
  0.12584813E+001
  0.12584832E+001
  0.12584849E+001
  0.12584865E+001
  0.12584879E+001
  0.12584893E+001
  0.12584906E+001
  0.12584917E+001
  0.12584928E+001
  0.12584938E+001
  0.12584947E+001
  0.12584955E+001
  0.12584962E+001
  0.12584969E+001
  0.12584975E+001
  0.12584981E+001
  0.12584986E+001
  0.12584990E+001
  0.12584994E+001
  0.12584998E+001
  0.12585001E+001
  0.12585003E+001
  0.12585006E+001
  0.12585008E+001
  0.12585010E+001
  0.12585011E+001
  0.12585012E+001
  0.12585013E+001
  0.12585014E+001
  0.12585015E+001
  0.12585015E+001
  0.12585016E+001
  0.12585016E+001
  0.12585016E+001
  0.12585016E+001
  0.12585016E+001
  0.12585016E+001
  0.12585016E+001
  0.12585015E+001
  0.12585015E+001
  0.12585014E+001
  0.12585014E+001
  0.12585014E+001
  0.12585013E+001
  0.12585012E+001
  0.12585012E+001
  0.12585011E+001
  0.12585011E+001
  0.12585010E+001
  0.12585010E+001
  0.12585009E+001
  0.12585008E+001
  0.12585008E+001
  0.12585007E+001
  0.12585007E+001
  0.12585006E+001
  0.12585006E+001
  0.12585005E+001
  0.12585005E+001
  0.12585004E+001
  0.12585004E+001
  0.12585003E+001
  0.12585003E+001
  0.12585003E+001
  0.12585002E+001
  0.12585002E+001
  0.12585002E+001
  0.12585001E+001
  0.12585001E+001
  0.12585001E+001
  0.12585000E+001
  0.12585000E+001
  0.12585000E+001
  0.12585000E+001
  0.12585000E+001
  0.12585000E+001
  0.12584999E+001
  0.12584999E+001
  0.12584999E+001
  0.12584999E+001
  0.12584999E+001
  0.12584999E+001
  0.12584999E+001
  0.12584999E+001
  0.12584999E+001
  0.12584999E+001
  0.12584999E+001
  0.12584999E+001
  0.12584999E+001
  0.12584999E+001
  0.12584999E+001
  0.12584999E+001
  0.12584999E+001
  0.12584999E+001
  0.12584999E+001
  0.12584999E+001
  0.12584999E+001
  0.12584999E+001
  0.12584999E+001
  0.12584999E+001
  0.12584999E+001
  0.12584999E+001
  0.12584999E+001
  0.12584999E+001
  0.12584999E+001
