 -0.82464573E+000 -0.64360558E+000 -0.27734049E+000 -0.66228200E-004  0.80834365E-001  0.17392957E+001  0.12038810E+002  0.59173096E+002  0.13400195E+003  0.34790433E+003  0.65682769E+003
 -0.82232954E+000 -0.64014518E+000 -0.27651244E+000 -0.62638539E-004  0.84498548E-001  0.17413401E+001  0.12041495E+002  0.59173014E+002  0.13400098E+003  0.34790200E+003  0.65681790E+003
 -0.82050573E+000 -0.63789424E+000 -0.27589388E+000 -0.61344579E-004  0.84919853E-001  0.17428529E+001  0.12043519E+002  0.59172997E+002  0.13400074E+003  0.34790122E+003  0.65681270E+003
 -0.81926432E+000 -0.63735844E+000 -0.27543354E+000 -0.60962659E-004  0.85096211E-001  0.17439664E+001  0.12045079E+002  0.59172997E+002  0.13400072E+003  0.34790107E+003  0.65681123E+003
 -0.81843922E+000 -0.63696743E+000 -0.27509401E+000 -0.60996095E-004  0.85178445E-001  0.17447858E+001  0.12046312E+002  0.59173004E+002  0.13400079E+003  0.34790120E+003  0.65681192E+003
 -0.81791015E+000 -0.63668998E+000 -0.27484821E+000 -0.61300736E-004  0.85228094E-001  0.17453869E+001  0.12047308E+002  0.59173014E+002  0.13400090E+003  0.34790144E+003  0.65681357E+003
 -0.81758989E+000 -0.63649996E+000 -0.27467556E+000 -0.61661251E-004  0.85255712E-001  0.17458266E+001  0.12048129E+002  0.59173024E+002  0.13400101E+003  0.34790173E+003  0.65681548E+003
 -0.81741781E+000 -0.63637729E+000 -0.27456050E+000 -0.61995366E-004  0.85268123E-001  0.17459175E+001  0.12048817E+002  0.59173033E+002  0.13400113E+003  0.34790203E+003  0.65681732E+003
 -0.81735142E+000 -0.63630653E+000 -0.27449108E+000 -0.62278259E-004  0.85269808E-001  0.17459594E+001  0.12049402E+002  0.59173042E+002  0.13400124E+003  0.34790233E+003  0.65681898E+003
 -0.81736027E+000 -0.63627572E+000 -0.27445784E+000 -0.62543131E-004  0.85263854E-001  0.17459823E+001  0.12049903E+002  0.59173050E+002  0.13400134E+003  0.34790260E+003  0.65682042E+003
 -0.81742267E+000 -0.63627558E+000 -0.27445299E+000 -0.62795287E-004  0.85252455E-001  0.17459905E+001  0.12050337E+002  0.59173057E+002  0.13400143E+003  0.34790285E+003  0.65682164E+003
 -0.81752309E+000 -0.63629887E+000 -0.27447052E+000 -0.63034556E-004  0.85237186E-001  0.17459876E+001  0.12050714E+002  0.59173064E+002  0.13400151E+003  0.34790308E+003  0.65682267E+003
 -0.81765029E+000 -0.63633991E+000 -0.27450568E+000 -0.63259769E-004  0.85219236E-001  0.17459758E+001  0.12051044E+002  0.59173070E+002  0.13400158E+003  0.34790328E+003  0.65682354E+003
 -0.81779735E+000 -0.63639408E+000 -0.27455462E+000 -0.63470412E-004  0.85199521E-001  0.17459572E+001  0.12051333E+002  0.59173075E+002  0.13400164E+003  0.34790346E+003  0.65682427E+003
 -0.81795806E+000 -0.63645792E+000 -0.27461421E+000 -0.63666369E-004  0.85178737E-001  0.17459333E+001  0.12051587E+002  0.59173079E+002  0.13400169E+003  0.34790361E+003  0.65682488E+003
 -0.81812786E+000 -0.63652872E+000 -0.27468191E+000 -0.63847991E-004  0.85157408E-001  0.17459052E+001  0.12051813E+002  0.59173083E+002  0.13400174E+003  0.34790375E+003  0.65682539E+003
 -0.81830393E+000 -0.63660426E+000 -0.27475564E+000 -0.64015656E-004  0.85135934E-001  0.17458739E+001  0.12052015E+002  0.59173087E+002  0.13400178E+003  0.34790386E+003  0.65682582E+003
 -0.81848404E+000 -0.63668287E+000 -0.27483372E+000 -0.64170177E-004  0.85114607E-001  0.17457802E+001  0.12052197E+002  0.59173089E+002  0.13400181E+003  0.34790396E+003  0.65682618E+003
 -0.81866618E+000 -0.63676329E+000 -0.27491479E+000 -0.64312548E-004  0.85093636E-001  0.17456258E+001  0.12052363E+002  0.59173092E+002  0.13400184E+003  0.34790405E+003  0.65682649E+003
 -0.81884887E+000 -0.63684457E+000 -0.27499773E+000 -0.64443632E-004  0.85073178E-001  0.17454682E+001  0.12052517E+002  0.59173094E+002  0.13400187E+003  0.34790412E+003  0.65682674E+003
 -0.81903098E+000 -0.63692599E+000 -0.27508164E+000 -0.64564323E-004  0.85053345E-001  0.17453088E+001  0.12052662E+002  0.59173096E+002  0.13400189E+003  0.34790419E+003  0.65682696E+003
 -0.81921171E+000 -0.63700699E+000 -0.27516577E+000 -0.64675492E-004  0.85034214E-001  0.17451487E+001  0.12052800E+002  0.59173098E+002  0.13400191E+003  0.34790424E+003  0.65682714E+003
 -0.81939045E+000 -0.63708718E+000 -0.27524955E+000 -0.64777976E-004  0.85015838E-001  0.17449889E+001  0.12052934E+002  0.59173099E+002  0.13400193E+003  0.34790429E+003  0.65682729E+003
 -0.81956679E+000 -0.63716628E+000 -0.27533249E+000 -0.64872552E-004  0.84990371E-001  0.17448303E+001  0.12053067E+002  0.59173101E+002  0.13400194E+003  0.34790433E+003  0.65682741E+003
 -0.81974043E+000 -0.63724407E+000 -0.27541422E+000 -0.64959929E-004  0.84948995E-001  0.17446737E+001  0.12053199E+002  0.59173102E+002  0.13400195E+003  0.34790436E+003  0.65682752E+003
 -0.81991118E+000 -0.63732044E+000 -0.27549444E+000 -0.65040752E-004  0.84909602E-001  0.17445198E+001  0.12053332E+002  0.59173102E+002  0.13400196E+003  0.34790439E+003  0.65682761E+003
 -0.82007890E+000 -0.63739530E+000 -0.27557291E+000 -0.65115605E-004  0.84872198E-001  0.17443692E+001  0.12053467E+002  0.59173103E+002  0.13400197E+003  0.34790441E+003  0.65682768E+003
 -0.82024351E+000 -0.63746863E+000 -0.27564946E+000 -0.65185007E-004  0.84836776E-001  0.17442224E+001  0.12053604E+002  0.59173104E+002  0.13400198E+003  0.34790443E+003  0.65682774E+003
 -0.82040499E+000 -0.63754040E+000 -0.27572394E+000 -0.65249417E-004  0.84803325E-001  0.17440800E+001  0.12053743E+002  0.59173105E+002  0.13400198E+003  0.34790445E+003  0.65682779E+003
 -0.82056331E+000 -0.63761064E+000 -0.27579627E+000 -0.65309247E-004  0.84771824E-001  0.17439424E+001  0.12053885E+002  0.59173105E+002  0.13400199E+003  0.34790446E+003  0.65682783E+003
 -0.82071848E+000 -0.63767938E+000 -0.27586638E+000 -0.65364858E-004  0.84742250E-001  0.17438099E+001  0.12054029E+002  0.59173105E+002  0.13400199E+003  0.34790447E+003  0.65682787E+003
 -0.82087052E+000 -0.63774664E+000 -0.27593422E+000 -0.65416578E-004  0.84714579E-001  0.17436829E+001  0.12054173E+002  0.59173106E+002  0.13400199E+003  0.34790448E+003  0.65682789E+003
 -0.82101946E+000 -0.63781249E+000 -0.27599977E+000 -0.65464698E-004  0.84688783E-001  0.17435615E+001  0.12054319E+002  0.59173106E+002  0.13400200E+003  0.34790449E+003  0.65682792E+003
 -0.82116533E+000 -0.63787695E+000 -0.27606305E+000 -0.65509478E-004  0.84664832E-001  0.17434459E+001  0.12054465E+002  0.59173106E+002  0.13400200E+003  0.34790450E+003  0.65682794E+003
 -0.82130815E+000 -0.63794008E+000 -0.27612404E+000 -0.65551153E-004  0.84642696E-001  0.17433362E+001  0.12054610E+002  0.59173107E+002  0.13400200E+003  0.34790450E+003  0.65682795E+003
 -0.82144794E+000 -0.63800191E+000 -0.27618279E+000 -0.65589938E-004  0.84622341E-001  0.17432324E+001  0.12054753E+002  0.59173107E+002  0.13400200E+003  0.34790451E+003  0.65682797E+003
 -0.82158474E+000 -0.63817117E+000 -0.27623930E+000 -0.65626030E-004  0.84603733E-001  0.17431345E+001  0.12054895E+002  0.59173107E+002  0.13400200E+003  0.34790451E+003  0.65682798E+003
 -0.82171856E+000 -0.63838276E+000 -0.27629363E+000 -0.65659611E-004  0.84586835E-001  0.17430425E+001  0.12055034E+002  0.59173107E+002  0.13400201E+003  0.34790452E+003  0.65682799E+003
 -0.82184940E+000 -0.63859004E+000 -0.27634580E+000 -0.65690852E-004  0.84571609E-001  0.17429562E+001  0.12055171E+002  0.59173108E+002  0.13400201E+003  0.34790452E+003  0.65682800E+003
 -0.82197727E+000 -0.63879302E+000 -0.27639586E+000 -0.65719912E-004  0.84558011E-001  0.17428756E+001  0.12055304E+002  0.59173108E+002  0.13400201E+003  0.34790453E+003  0.65682800E+003
 -0.82210215E+000 -0.63899173E+000 -0.27644385E+000 -0.65746938E-004  0.84545998E-001  0.17428004E+001  0.12055435E+002  0.59173108E+002  0.13400201E+003  0.34790453E+003  0.65682801E+003
 -0.82222402E+000 -0.63918613E+000 -0.27648980E+000 -0.65772068E-004  0.84535522E-001  0.17427305E+001  0.12055564E+002  0.59173108E+002  0.13400201E+003  0.34790453E+003  0.65682802E+003
 -0.82234286E+000 -0.63937620E+000 -0.27653376E+000 -0.65795433E-004  0.84526533E-001  0.17426658E+001  0.12055691E+002  0.59173108E+002  0.13400201E+003  0.34790454E+003  0.65682802E+003
 -0.82245861E+000 -0.63956183E+000 -0.27657576E+000 -0.65817149E-004  0.84518978E-001  0.17426060E+001  0.12055817E+002  0.59173109E+002  0.13400201E+003  0.34790454E+003  0.65682803E+003
 -0.82257123E+000 -0.63974295E+000 -0.27661584E+000 -0.65837338E-004  0.84512799E-001  0.17425510E+001  0.12055943E+002  0.59173109E+002  0.13400201E+003  0.34790454E+003  0.65682804E+003
 -0.82268066E+000 -0.63991944E+000 -0.27665404E+000 -0.65856112E-004  0.84507935E-001  0.17425006E+001  0.12056069E+002  0.59173109E+002  0.13400201E+003  0.34790455E+003  0.65682804E+003
 -0.82277376E+000 -0.64009114E+000 -0.27669039E+000 -0.65873564E-004  0.84504324E-001  0.17424547E+001  0.12056197E+002  0.59173109E+002  0.13400202E+003  0.34790455E+003  0.65682805E+003
 -0.82286258E+000 -0.64025792E+000 -0.27672493E+000 -0.65889777E-004  0.84501899E-001  0.17424131E+001  0.12056326E+002  0.59173109E+002  0.13400202E+003  0.34790455E+003  0.65682806E+003
 -0.82294847E+000 -0.64041961E+000 -0.27675769E+000 -0.65904830E-004  0.84500592E-001  0.17423756E+001  0.12056458E+002  0.59173110E+002  0.13400202E+003  0.34790456E+003  0.65682806E+003
 -0.82303134E+000 -0.64057604E+000 -0.27678871E+000 -0.65918796E-004  0.84500329E-001  0.17423423E+001  0.12056593E+002  0.59173110E+002  0.13400202E+003  0.34790456E+003  0.65682807E+003
 -0.82311113E+000 -0.64072706E+000 -0.27681801E+000 -0.65931742E-004  0.84501033E-001  0.17423128E+001  0.12056732E+002  0.59173110E+002  0.13400202E+003  0.34790456E+003  0.65682808E+003
 -0.82318775E+000 -0.64087251E+000 -0.27684565E+000 -0.65943730E-004  0.84502625E-001  0.17422872E+001  0.12056874E+002  0.59173110E+002  0.13400202E+003  0.34790457E+003  0.65682808E+003
 -0.82326113E+000 -0.64101224E+000 -0.27687165E+000 -0.65954816E-004  0.84505019E-001  0.17422653E+001  0.12057021E+002  0.59173110E+002  0.13400202E+003  0.34790457E+003  0.65682809E+003
 -0.82333122E+000 -0.64114612E+000 -0.27689607E+000 -0.65965052E-004  0.84508128E-001  0.17422470E+001  0.12057170E+002  0.59173111E+002  0.13400202E+003  0.34790457E+003  0.65682810E+003
 -0.82339797E+000 -0.64127405E+000 -0.27691894E+000 -0.65974488E-004  0.84511860E-001  0.17422321E+001  0.12057324E+002  0.59173111E+002  0.13400202E+003  0.34790458E+003  0.65682811E+003
 -0.82346132E+000 -0.64139592E+000 -0.27694031E+000 -0.65983168E-004  0.84516122E-001  0.17422206E+001  0.12057480E+002  0.59173111E+002  0.13400203E+003  0.34790458E+003  0.65682811E+003
 -0.82352125E+000 -0.64151167E+000 -0.27696023E+000 -0.65991134E-004  0.84520815E-001  0.17422123E+001  0.12057639E+002  0.59173111E+002  0.13400203E+003  0.34790458E+003  0.65682812E+003
 -0.82357774E+000 -0.64162126E+000 -0.27697876E+000 -0.65998429E-004  0.84525840E-001  0.17422071E+001  0.12057800E+002  0.59173112E+002  0.13400203E+003  0.34790459E+003  0.65682813E+003
 -0.82363081E+000 -0.64172468E+000 -0.27699594E+000 -0.66005091E-004  0.84531096E-001  0.17422050E+001  0.12057962E+002  0.59173112E+002  0.13400203E+003  0.34790459E+003  0.65682814E+003
 -0.82368045E+000 -0.64182192E+000 -0.27701182E+000 -0.66011157E-004  0.84536482E-001  0.17422056E+001  0.12058127E+002  0.59173112E+002  0.13400203E+003  0.34790460E+003  0.65682815E+003
 -0.82372673E+000 -0.64191305E+000 -0.27702647E+000 -0.66016665E-004  0.84541897E-001  0.17422090E+001  0.12058292E+002  0.59173112E+002  0.13400203E+003  0.34790460E+003  0.65682816E+003
 -0.82376968E+000 -0.64199813E+000 -0.27703993E+000 -0.66021648E-004  0.84547242E-001  0.17422150E+001  0.12058457E+002  0.59173112E+002  0.13400203E+003  0.34790461E+003  0.65682816E+003
 -0.82380939E+000 -0.64207727E+000 -0.27705227E+000 -0.66026143E-004  0.84552422E-001  0.17422234E+001  0.12058623E+002  0.59173113E+002  0.13400203E+003  0.34790461E+003  0.65682817E+003
 -0.82384595E+000 -0.64215060E+000 -0.27706354E+000 -0.66030181E-004  0.84557345E-001  0.17422341E+001  0.12058789E+002  0.59173113E+002  0.13400204E+003  0.34790461E+003  0.65682818E+003
 -0.82387947E+000 -0.64221828E+000 -0.27707379E+000 -0.66033794E-004  0.84561927E-001  0.17422470E+001  0.12058955E+002  0.59173113E+002  0.13400204E+003  0.34790462E+003  0.65682819E+003
 -0.82391008E+000 -0.64228050E+000 -0.27708309E+000 -0.66037013E-004  0.84566089E-001  0.17422619E+001  0.12059119E+002  0.59173113E+002  0.13400204E+003  0.34790462E+003  0.65682820E+003
 -0.82393791E+000 -0.64233748E+000 -0.27709148E+000 -0.66039868E-004  0.84569761E-001  0.17422786E+001  0.12059283E+002  0.59173114E+002  0.13400204E+003  0.34790463E+003  0.65682821E+003
 -0.82396312E+000 -0.64238944E+000 -0.27709904E+000 -0.66042386E-004  0.84572884E-001  0.17422971E+001  0.12059446E+002  0.59173114E+002  0.13400204E+003  0.34790463E+003  0.65682822E+003
 -0.82398587E+000 -0.64243665E+000 -0.27710581E+000 -0.66044595E-004  0.84575408E-001  0.17423172E+001  0.12059607E+002  0.59173114E+002  0.13400204E+003  0.34790463E+003  0.65682822E+003
 -0.82400633E+000 -0.64247939E+000 -0.27711185E+000 -0.66046520E-004  0.84577291E-001  0.17423388E+001  0.12059766E+002  0.59173114E+002  0.13400204E+003  0.34790464E+003  0.65682823E+003
 -0.82402468E+000 -0.64251793E+000 -0.27711722E+000 -0.66048185E-004  0.84578507E-001  0.17423616E+001  0.12059923E+002  0.59173114E+002  0.13400205E+003  0.34790464E+003  0.65682824E+003
 -0.82404110E+000 -0.64255259E+000 -0.27712198E+000 -0.66049616E-004  0.84579037E-001  0.17423856E+001  0.12060079E+002  0.59173115E+002  0.13400205E+003  0.34790464E+003  0.65682825E+003
 -0.82405577E+000 -0.64258366E+000 -0.27712617E+000 -0.66050834E-004  0.84578873E-001  0.17424107E+001  0.12060232E+002  0.59173115E+002  0.13400205E+003  0.34790465E+003  0.65682826E+003
 -0.82406887E+000 -0.64261146E+000 -0.27712986E+000 -0.66051862E-004  0.84578020E-001  0.17424366E+001  0.12060382E+002  0.59173115E+002  0.13400205E+003  0.34790465E+003  0.65682826E+003
 -0.82408059E+000 -0.64263630E+000 -0.27713309E+000 -0.66052721E-004  0.84576489E-001  0.17424634E+001  0.12060529E+002  0.59173115E+002  0.13400205E+003  0.34790466E+003  0.65682827E+003
 -0.82409108E+000 -0.64265848E+000 -0.27713592E+000 -0.66053432E-004  0.84574304E-001  0.17424907E+001  0.12060674E+002  0.59173115E+002  0.13400205E+003  0.34790466E+003  0.65682828E+003
 -0.82410051E+000 -0.64267832E+000 -0.27713840E+000 -0.66054015E-004  0.84571494E-001  0.17425185E+001  0.12060815E+002  0.59173116E+002  0.13400205E+003  0.34790466E+003  0.65682829E+003
 -0.82410906E+000 -0.64269609E+000 -0.27714058E+000 -0.66054488E-004  0.84568095E-001  0.17425467E+001  0.12060953E+002  0.59173116E+002  0.13400205E+003  0.34790467E+003  0.65682829E+003
 -0.82411684E+000 -0.64271207E+000 -0.27714249E+000 -0.66054871E-004  0.84564150E-001  0.17425752E+001  0.12061087E+002  0.59173116E+002  0.13400205E+003  0.34790467E+003  0.65682830E+003
 -0.82412402E+000 -0.64272653E+000 -0.27714419E+000 -0.66055179E-004  0.84559707E-001  0.17426038E+001  0.12061217E+002  0.59173116E+002  0.13400206E+003  0.34790467E+003  0.65682831E+003
 -0.82413069E+000 -0.64273971E+000 -0.27714571E+000 -0.66055429E-004  0.84554816E-001  0.17426324E+001  0.12061344E+002  0.59173116E+002  0.13400206E+003  0.34790467E+003  0.65682831E+003
 -0.82413698E+000 -0.64275181E+000 -0.27714708E+000 -0.66055636E-004  0.84549531E-001  0.17426610E+001  0.12061467E+002  0.59173116E+002  0.13400206E+003  0.34790468E+003  0.65682832E+003
 -0.82414298E+000 -0.64276306E+000 -0.27714834E+000 -0.66055812E-004  0.84543906E-001  0.17426894E+001  0.12061586E+002  0.59173117E+002  0.13400206E+003  0.34790468E+003  0.65682832E+003
 -0.82414877E+000 -0.64277361E+000 -0.27714951E+000 -0.66055969E-004  0.84537996E-001  0.17427175E+001  0.12061701E+002  0.59173117E+002  0.13400206E+003  0.34790468E+003  0.65682833E+003
 -0.82415443E+000 -0.64278363E+000 -0.27715062E+000 -0.66056117E-004  0.84531855E-001  0.17427454E+001  0.12061811E+002  0.59173117E+002  0.13400206E+003  0.34790469E+003  0.65682834E+003
 -0.82415999E+000 -0.64279324E+000 -0.27715170E+000 -0.66056265E-004  0.84525536E-001  0.17427728E+001  0.12061918E+002  0.59173117E+002  0.13400206E+003  0.34790469E+003  0.65682834E+003
 -0.82416552E+000 -0.64280255E+000 -0.27715274E+000 -0.66056420E-004  0.84519089E-001  0.17427997E+001  0.12062021E+002  0.59173117E+002  0.13400206E+003  0.34790469E+003  0.65682835E+003
 -0.82417104E+000 -0.64281166E+000 -0.27715378E+000 -0.66056587E-004  0.84512562E-001  0.17428261E+001  0.12062120E+002  0.59173117E+002  0.13400206E+003  0.34790469E+003  0.65682835E+003
 -0.82417657E+000 -0.64282063E+000 -0.27715481E+000 -0.66056773E-004  0.84506001E-001  0.17428520E+001  0.12062214E+002  0.59173117E+002  0.13400206E+003  0.34790469E+003  0.65682835E+003
 -0.82418214E+000 -0.64282950E+000 -0.27715586E+000 -0.66056978E-004  0.84499444E-001  0.17428772E+001  0.12062305E+002  0.59173117E+002  0.13400206E+003  0.34790470E+003  0.65682836E+003
 -0.82418773E+000 -0.64283833E+000 -0.27715691E+000 -0.66057206E-004  0.84492931E-001  0.17429017E+001  0.12062392E+002  0.59173117E+002  0.13400206E+003  0.34790470E+003  0.65682836E+003
 -0.82419336E+000 -0.64284713E+000 -0.27715799E+000 -0.66057459E-004  0.84486493E-001  0.17429255E+001  0.12062476E+002  0.59173118E+002  0.13400206E+003  0.34790470E+003  0.65682837E+003
 -0.82419902E+000 -0.64285591E+000 -0.27715908E+000 -0.66057737E-004  0.84480161E-001  0.17429485E+001  0.12062556E+002  0.59173118E+002  0.13400206E+003  0.34790470E+003  0.65682837E+003
 -0.82420469E+000 -0.64286468E+000 -0.27716019E+000 -0.66058040E-004  0.84473958E-001  0.17429707E+001  0.12062633E+002  0.59173118E+002  0.13400207E+003  0.34790470E+003  0.65682837E+003
 -0.82421037E+000 -0.64287342E+000 -0.27716132E+000 -0.66058369E-004  0.84467908E-001  0.17429920E+001  0.12062706E+002  0.59173118E+002  0.13400207E+003  0.34790470E+003  0.65682838E+003
 -0.82421603E+000 -0.64288214E+000 -0.27716247E+000 -0.66058721E-004  0.84462027E-001  0.17430124E+001  0.12062777E+002  0.59173118E+002  0.13400207E+003  0.34790470E+003  0.65682838E+003
 -0.82422167E+000 -0.64289082E+000 -0.27716363E+000 -0.66059097E-004  0.84456331E-001  0.17430319E+001  0.12062844E+002  0.59173118E+002  0.13400207E+003  0.34790471E+003  0.65682838E+003
 -0.82422725E+000 -0.64289943E+000 -0.27716481E+000 -0.66059496E-004  0.84450831E-001  0.17430502E+001  0.12062909E+002  0.59173118E+002  0.13400207E+003  0.34790471E+003  0.65682838E+003
 -0.82423278E+000 -0.64290797E+000 -0.27716599E+000 -0.66059915E-004  0.84445535E-001  0.17430675E+001  0.12062972E+002  0.59173118E+002  0.13400207E+003  0.34790471E+003  0.65682839E+003
 -0.82423823E+000 -0.64291640E+000 -0.27716719E+000 -0.66060354E-004  0.84440450E-001  0.17430837E+001  0.12063033E+002  0.59173118E+002  0.13400207E+003  0.34790471E+003  0.65682839E+003
 -0.82424358E+000 -0.64292472E+000 -0.27716839E+000 -0.66060812E-004  0.84435579E-001  0.17430987E+001  0.12063091E+002  0.59173118E+002  0.13400207E+003  0.34790471E+003  0.65682839E+003
 -0.82424882E+000 -0.64293290E+000 -0.27716959E+000 -0.66061286E-004  0.84430925E-001  0.17431124E+001  0.12063148E+002  0.59173118E+002  0.13400207E+003  0.34790471E+003  0.65682839E+003
 -0.82425394E+000 -0.64294093E+000 -0.27717079E+000 -0.66061775E-004  0.84426488E-001  0.17431248E+001  0.12063203E+002  0.59173118E+002  0.13400207E+003  0.34790471E+003  0.65682840E+003
 -0.82425892E+000 -0.64294878E+000 -0.27717199E+000 -0.66062278E-004  0.84422267E-001  0.17431359E+001  0.12063256E+002  0.59173118E+002  0.13400207E+003  0.34790471E+003  0.65682840E+003
 -0.82426375E+000 -0.64295644E+000 -0.27717318E+000 -0.66062792E-004  0.84418259E-001  0.17431456E+001  0.12063309E+002  0.59173118E+002  0.13400207E+003  0.34790471E+003  0.65682840E+003
 -0.82426844E+000 -0.64296390E+000 -0.27717436E+000 -0.66063317E-004  0.84414460E-001  0.17431539E+001  0.12063360E+002  0.59173118E+002  0.13400207E+003  0.34790471E+003  0.65682840E+003
 -0.82427296E+000 -0.64297115E+000 -0.27717553E+000 -0.66063849E-004  0.84410868E-001  0.17431608E+001  0.12063410E+002  0.59173118E+002  0.13400207E+003  0.34790471E+003  0.65682840E+003
 -0.82427731E+000 -0.64297818E+000 -0.27717669E+000 -0.66064388E-004  0.84407475E-001  0.17431662E+001  0.12063460E+002  0.59173118E+002  0.13400207E+003  0.34790471E+003  0.65682840E+003
 -0.82428149E+000 -0.64298496E+000 -0.27717783E+000 -0.66064932E-004  0.84404278E-001  0.17431703E+001  0.12063508E+002  0.59173118E+002  0.13400207E+003  0.34790471E+003  0.65682840E+003
 -0.82428549E+000 -0.64299151E+000 -0.27717895E+000 -0.66065478E-004  0.84401271E-001  0.17431729E+001  0.12063556E+002  0.59173118E+002  0.13400207E+003  0.34790471E+003  0.65682841E+003
 -0.82428931E+000 -0.64299781E+000 -0.27718005E+000 -0.66066025E-004  0.84398446E-001  0.17431740E+001  0.12063603E+002  0.59173118E+002  0.13400207E+003  0.34790471E+003  0.65682841E+003
 -0.82429296E+000 -0.64300386E+000 -0.27718113E+000 -0.66066571E-004  0.84395798E-001  0.17431739E+001  0.12063649E+002  0.59173118E+002  0.13400207E+003  0.34790471E+003  0.65682841E+003
 -0.82429642E+000 -0.64300965E+000 -0.27718219E+000 -0.66067115E-004  0.84393319E-001  0.17431723E+001  0.12063695E+002  0.59173118E+002  0.13400207E+003  0.34790471E+003  0.65682841E+003
 -0.82429971E+000 -0.64301519E+000 -0.27718322E+000 -0.66067653E-004  0.84391004E-001  0.17431695E+001  0.12063740E+002  0.59173118E+002  0.13400207E+003  0.34790471E+003  0.65682841E+003
 -0.82430282E+000 -0.64302047E+000 -0.27718422E+000 -0.66068185E-004  0.84388846E-001  0.17431655E+001  0.12063784E+002  0.59173118E+002  0.13400207E+003  0.34790472E+003  0.65682841E+003
 -0.82430575E+000 -0.64302549E+000 -0.27718519E+000 -0.66068709E-004  0.84386837E-001  0.17431603E+001  0.12063827E+002  0.59173118E+002  0.13400207E+003  0.34790472E+003  0.65682841E+003
 -0.82430851E+000 -0.64303026E+000 -0.27718613E+000 -0.66069223E-004  0.84384972E-001  0.17431540E+001  0.12063869E+002  0.59173118E+002  0.13400207E+003  0.34790472E+003  0.65682841E+003
 -0.82431110E+000 -0.64303477E+000 -0.27718704E+000 -0.66069726E-004  0.84383244E-001  0.17431467E+001  0.12063910E+002  0.59173118E+002  0.13400207E+003  0.34790472E+003  0.65682841E+003
 -0.82431353E+000 -0.64303903E+000 -0.27718792E+000 -0.66070217E-004  0.84381646E-001  0.17431385E+001  0.12063950E+002  0.59173118E+002  0.13400207E+003  0.34790472E+003  0.65682841E+003
 -0.82431580E+000 -0.64304304E+000 -0.27718876E+000 -0.66070694E-004  0.84380172E-001  0.17431295E+001  0.12063988E+002  0.59173118E+002  0.13400207E+003  0.34790472E+003  0.65682841E+003
 -0.82431791E+000 -0.64304681E+000 -0.27718957E+000 -0.66071156E-004  0.84378815E-001  0.17431197E+001  0.12064025E+002  0.59173118E+002  0.13400207E+003  0.34790472E+003  0.65682841E+003
 -0.82431988E+000 -0.64305035E+000 -0.27719034E+000 -0.66071601E-004  0.84377571E-001  0.17431092E+001  0.12064061E+002  0.59173118E+002  0.13400207E+003  0.34790472E+003  0.65682841E+003
 -0.82432170E+000 -0.64305366E+000 -0.27719108E+000 -0.66072030E-004  0.84376432E-001  0.17430983E+001  0.12064094E+002  0.59173118E+002  0.13400207E+003  0.34790471E+003  0.65682841E+003
 -0.82432338E+000 -0.64305674E+000 -0.27719178E+000 -0.66072442E-004  0.84375393E-001  0.17430868E+001  0.12064125E+002  0.59173118E+002  0.13400207E+003  0.34790471E+003  0.65682841E+003
 -0.82432493E+000 -0.64305961E+000 -0.27719245E+000 -0.66072835E-004  0.84374449E-001  0.17430750E+001  0.12064154E+002  0.59173118E+002  0.13400207E+003  0.34790471E+003  0.65682842E+003
 -0.82432635E+000 -0.64306227E+000 -0.27719308E+000 -0.66073210E-004  0.84373594E-001  0.17430629E+001  0.12064181E+002  0.59173118E+002  0.13400207E+003  0.34790471E+003  0.65682842E+003
 -0.82432765E+000 -0.64306472E+000 -0.27719367E+000 -0.66073565E-004  0.84372823E-001  0.17430507E+001  0.12064206E+002  0.59173118E+002  0.13400207E+003  0.34790471E+003  0.65682842E+003
 -0.82432884E+000 -0.64306699E+000 -0.27719423E+000 -0.66073902E-004  0.84372131E-001  0.17430383E+001  0.12064228E+002  0.59173118E+002  0.13400207E+003  0.34790471E+003  0.65682842E+003
 -0.82432992E+000 -0.64306907E+000 -0.27719476E+000 -0.66074219E-004  0.84371513E-001  0.17430259E+001  0.12064247E+002  0.59173118E+002  0.13400207E+003  0.34790471E+003  0.65682842E+003
 -0.82433090E+000 -0.64307098E+000 -0.27719525E+000 -0.66074517E-004  0.84370964E-001  0.17430136E+001  0.12064264E+002  0.59173118E+002  0.13400207E+003  0.34790471E+003  0.65682842E+003
 -0.82433178E+000 -0.64307271E+000 -0.27719571E+000 -0.66074796E-004  0.84370480E-001  0.17430014E+001  0.12064278E+002  0.59173118E+002  0.13400207E+003  0.34790471E+003  0.65682842E+003
 -0.82433257E+000 -0.64307429E+000 -0.27719613E+000 -0.66075056E-004  0.84370056E-001  0.17429893E+001  0.12064289E+002  0.59173118E+002  0.13400207E+003  0.34790471E+003  0.65682842E+003
 -0.82433327E+000 -0.64307572E+000 -0.27719653E+000 -0.66075298E-004  0.84369689E-001  0.17429775E+001  0.12064297E+002  0.59173118E+002  0.13400207E+003  0.34790471E+003  0.65682842E+003
 -0.82433389E+000 -0.64307701E+000 -0.27719690E+000 -0.66075521E-004  0.84369373E-001  0.17429661E+001  0.12064303E+002  0.59173118E+002  0.13400207E+003  0.34790471E+003  0.65682842E+003
 -0.82433445E+000 -0.64307817E+000 -0.27719723E+000 -0.66075727E-004  0.84369106E-001  0.17429549E+001  0.12064306E+002  0.59173118E+002  0.13400207E+003  0.34790471E+003  0.65682842E+003
 -0.82433493E+000 -0.64307920E+000 -0.27719754E+000 -0.66075916E-004  0.84368884E-001  0.17429441E+001  0.12064306E+002  0.59173118E+002  0.13400207E+003  0.34790471E+003  0.65682842E+003
 -0.82433535E+000 -0.64308011E+000 -0.27719782E+000 -0.66076089E-004  0.84368702E-001  0.17429338E+001  0.12064303E+002  0.59173118E+002  0.13400207E+003  0.34790471E+003  0.65682842E+003
 -0.82433571E+000 -0.64308092E+000 -0.27719808E+000 -0.66076246E-004  0.84368558E-001  0.17429238E+001  0.12064298E+002  0.59173118E+002  0.13400207E+003  0.34790471E+003  0.65682842E+003
 -0.82433601E+000 -0.64308162E+000 -0.27719831E+000 -0.66076388E-004  0.84368448E-001  0.17429144E+001  0.12064291E+002  0.59173118E+002  0.13400207E+003  0.34790471E+003  0.65682842E+003
 -0.82433627E+000 -0.64308223E+000 -0.27719852E+000 -0.66076516E-004  0.84368369E-001  0.17429054E+001  0.12064282E+002  0.59173118E+002  0.13400207E+003  0.34790471E+003  0.65682842E+003
 -0.82433648E+000 -0.64308276E+000 -0.27719871E+000 -0.66076631E-004  0.84368318E-001  0.17428968E+001  0.12064270E+002  0.59173118E+002  0.13400207E+003  0.34790471E+003  0.65682842E+003
 -0.82433665E+000 -0.64308320E+000 -0.27719887E+000 -0.66076732E-004  0.84368293E-001  0.17428888E+001  0.12064256E+002  0.59173118E+002  0.13400207E+003  0.34790471E+003  0.65682842E+003
 -0.82433678E+000 -0.64308358E+000 -0.27719902E+000 -0.66076822E-004  0.84368291E-001  0.17428813E+001  0.12064241E+002  0.59173118E+002  0.13400207E+003  0.34790471E+003  0.65682842E+003
 -0.82433688E+000 -0.64308388E+000 -0.27719915E+000 -0.66076901E-004  0.84368308E-001  0.17428743E+001  0.12064224E+002  0.59173118E+002  0.13400207E+003  0.34790471E+003  0.65682842E+003
 -0.82433695E+000 -0.64308413E+000 -0.27719926E+000 -0.66076969E-004  0.84368343E-001  0.17428677E+001  0.12064206E+002  0.59173118E+002  0.13400207E+003  0.34790471E+003  0.65682842E+003
 -0.82433699E+000 -0.64308433E+000 -0.27719936E+000 -0.66077028E-004  0.84368394E-001  0.17428616E+001  0.12064186E+002  0.59173118E+002  0.13400207E+003  0.34790471E+003  0.65682842E+003
 -0.82433701E+000 -0.64308447E+000 -0.27719944E+000 -0.66077078E-004  0.84368459E-001  0.17428561E+001  0.12064166E+002  0.59173118E+002  0.13400207E+003  0.34790471E+003  0.65682841E+003
 -0.82433701E+000 -0.64308457E+000 -0.27719952E+000 -0.66077119E-004  0.84368535E-001  0.17428509E+001  0.12064144E+002  0.59173118E+002  0.13400207E+003  0.34790471E+003  0.65682841E+003
 -0.82433699E+000 -0.64308464E+000 -0.27719957E+000 -0.66077154E-004  0.84368620E-001  0.17428462E+001  0.12064122E+002  0.59173118E+002  0.13400207E+003  0.34790471E+003  0.65682841E+003
 -0.82433695E+000 -0.64308466E+000 -0.27719962E+000 -0.66077181E-004  0.84368713E-001  0.17428419E+001  0.12064099E+002  0.59173118E+002  0.13400207E+003  0.34790471E+003  0.65682841E+003
 -0.82433690E+000 -0.64308466E+000 -0.27719966E+000 -0.66077203E-004  0.84368813E-001  0.17428380E+001  0.12064076E+002  0.59173118E+002  0.13400207E+003  0.34790471E+003  0.65682841E+003
 -0.82433684E+000 -0.64308464E+000 -0.27719969E+000 -0.66077219E-004  0.84368918E-001  0.17428346E+001  0.12064053E+002  0.59173118E+002  0.13400207E+003  0.34790471E+003  0.65682841E+003
 -0.82433677E+000 -0.64308459E+000 -0.27719971E+000 -0.66077230E-004  0.84369026E-001  0.17428314E+001  0.12064030E+002  0.59173118E+002  0.13400207E+003  0.34790471E+003  0.65682841E+003
 -0.82433670E+000 -0.64308452E+000 -0.27719973E+000 -0.66077238E-004  0.84369136E-001  0.17428286E+001  0.12064007E+002  0.59173118E+002  0.13400207E+003  0.34790471E+003  0.65682841E+003
 -0.82433661E+000 -0.64308444E+000 -0.27719973E+000 -0.66077241E-004  0.84369248E-001  0.17428262E+001  0.12063984E+002  0.59173118E+002  0.13400207E+003  0.34790471E+003  0.65682841E+003
 -0.82433652E+000 -0.64308434E+000 -0.27719974E+000 -0.66077241E-004  0.84369360E-001  0.17428240E+001  0.12063961E+002  0.59173118E+002  0.13400207E+003  0.34790471E+003  0.65682841E+003
 -0.82433643E+000 -0.64308423E+000 -0.27719973E+000 -0.66077238E-004  0.84369472E-001  0.17428221E+001  0.12063939E+002  0.59173118E+002  0.13400207E+003  0.34790471E+003  0.65682841E+003
 -0.82433634E+000 -0.64308412E+000 -0.27719973E+000 -0.66077233E-004  0.84369582E-001  0.17428205E+001  0.12063918E+002  0.59173118E+002  0.13400207E+003  0.34790471E+003  0.65682841E+003
 -0.82433625E+000 -0.64308400E+000 -0.27719972E+000 -0.66077226E-004  0.84369689E-001  0.17428192E+001  0.12063897E+002  0.59173118E+002  0.13400207E+003  0.34790471E+003  0.65682841E+003
 -0.82433616E+000 -0.64308388E+000 -0.27719971E+000 -0.66077218E-004  0.84369794E-001  0.17428180E+001  0.12063877E+002  0.59173118E+002  0.13400207E+003  0.34790471E+003  0.65682841E+003
 -0.82433607E+000 -0.64308375E+000 -0.27719969E+000 -0.66077208E-004  0.84369896E-001  0.17428170E+001  0.12063858E+002  0.59173118E+002  0.13400207E+003  0.34790471E+003  0.65682841E+003
 -0.82433598E+000 -0.64308363E+000 -0.27719968E+000 -0.66077197E-004  0.84369994E-001  0.17428163E+001  0.12063839E+002  0.59173118E+002  0.13400207E+003  0.34790471E+003  0.65682841E+003
 -0.82433589E+000 -0.64308350E+000 -0.27719966E+000 -0.66077185E-004  0.84370088E-001  0.17428156E+001  0.12063821E+002  0.59173118E+002  0.13400207E+003  0.34790471E+003  0.65682841E+003
 -0.82433581E+000 -0.64308338E+000 -0.27719964E+000 -0.66077173E-004  0.84370178E-001  0.17428152E+001  0.12063804E+002  0.59173118E+002  0.13400207E+003  0.34790471E+003  0.65682841E+003
 -0.82433573E+000 -0.64308326E+000 -0.27719962E+000 -0.66077161E-004  0.84370263E-001  0.17428148E+001  0.12063789E+002  0.59173118E+002  0.13400207E+003  0.34790471E+003  0.65682841E+003
 -0.82433565E+000 -0.64308315E+000 -0.27719960E+000 -0.66077149E-004  0.84370343E-001  0.17428146E+001  0.12063774E+002  0.59173118E+002  0.13400207E+003  0.34790471E+003  0.65682841E+003
 -0.82433558E+000 -0.64308304E+000 -0.27719958E+000 -0.66077137E-004  0.84370418E-001  0.17428145E+001  0.12063760E+002  0.59173118E+002  0.13400207E+003  0.34790471E+003  0.65682841E+003
 -0.82433551E+000 -0.64308293E+000 -0.27719956E+000 -0.66077125E-004  0.84370489E-001  0.17428145E+001  0.12063746E+002  0.59173118E+002  0.13400207E+003  0.34790471E+003  0.65682841E+003
 -0.82433544E+000 -0.64308284E+000 -0.27719954E+000 -0.66077113E-004  0.84370554E-001  0.17428145E+001  0.12063734E+002  0.59173118E+002  0.13400207E+003  0.34790471E+003  0.65682841E+003
 -0.82433539E+000 -0.64308274E+000 -0.27719952E+000 -0.66077102E-004  0.84370615E-001  0.17428146E+001  0.12063723E+002  0.59173118E+002  0.13400207E+003  0.34790471E+003  0.65682841E+003
 -0.82433533E+000 -0.64308266E+000 -0.27719951E+000 -0.66077091E-004  0.84370671E-001  0.17428148E+001  0.12063712E+002  0.59173118E+002  0.13400207E+003  0.34790471E+003  0.65682841E+003
 -0.82433528E+000 -0.64308258E+000 -0.27719949E+000 -0.66077081E-004  0.84370722E-001  0.17428150E+001  0.12063702E+002  0.59173118E+002  0.13400207E+003  0.34790471E+003  0.65682841E+003
 -0.82433524E+000 -0.64308251E+000 -0.27719947E+000 -0.66077072E-004  0.84370769E-001  0.17428153E+001  0.12063693E+002  0.59173118E+002  0.13400207E+003  0.34790471E+003  0.65682841E+003
 -0.82433520E+000 -0.64308244E+000 -0.27719946E+000 -0.66077063E-004  0.84370811E-001  0.17428155E+001  0.12063685E+002  0.59173118E+002  0.13400207E+003  0.34790471E+003  0.65682841E+003
 -0.82433516E+000 -0.64308238E+000 -0.27719944E+000 -0.66077054E-004  0.84370849E-001  0.17428158E+001  0.12063678E+002  0.59173118E+002  0.13400207E+003  0.34790471E+003  0.65682841E+003
 -0.82433513E+000 -0.64308233E+000 -0.27719943E+000 -0.66077047E-004  0.84370884E-001  0.17428161E+001  0.12063671E+002  0.59173118E+002  0.13400207E+003  0.34790471E+003  0.65682841E+003
 -0.82433510E+000 -0.64308229E+000 -0.27719942E+000 -0.66077040E-004  0.84370914E-001  0.17428165E+001  0.12063665E+002  0.59173118E+002  0.13400207E+003  0.34790471E+003  0.65682841E+003
 -0.82433508E+000 -0.64308225E+000 -0.27719941E+000 -0.66077034E-004  0.84370942E-001  0.17428168E+001  0.12063659E+002  0.59173118E+002  0.13400207E+003  0.34790471E+003  0.65682841E+003
 -0.82433505E+000 -0.64308221E+000 -0.27719940E+000 -0.66077028E-004  0.84370966E-001  0.17428171E+001  0.12063654E+002  0.59173118E+002  0.13400207E+003  0.34790471E+003  0.65682841E+003
 -0.82433504E+000 -0.64308218E+000 -0.27719939E+000 -0.66077022E-004  0.84370987E-001  0.17428174E+001  0.12063650E+002  0.59173118E+002  0.13400207E+003  0.34790471E+003  0.65682841E+003
 -0.82433502E+000 -0.64308216E+000 -0.27719938E+000 -0.66077018E-004  0.84371006E-001  0.17428177E+001  0.12063646E+002  0.59173118E+002  0.13400207E+003  0.34790471E+003  0.65682841E+003
 -0.82433501E+000 -0.64308214E+000 -0.27719938E+000 -0.66077013E-004  0.84371022E-001  0.17428181E+001  0.12063643E+002  0.59173118E+002  0.13400207E+003  0.34790471E+003  0.65682841E+003
 -0.82433500E+000 -0.64308212E+000 -0.27719937E+000 -0.66077010E-004  0.84371037E-001  0.17428184E+001  0.12063640E+002  0.59173118E+002  0.13400207E+003  0.34790471E+003  0.65682841E+003
 -0.82433499E+000 -0.64308211E+000 -0.27719937E+000 -0.66077006E-004  0.84371049E-001  0.17428186E+001  0.12063637E+002  0.59173118E+002  0.13400207E+003  0.34790471E+003  0.65682841E+003
 -0.82433499E+000 -0.64308210E+000 -0.27719936E+000 -0.66077003E-004  0.84371060E-001  0.17428189E+001  0.12063635E+002  0.59173118E+002  0.13400207E+003  0.34790471E+003  0.65682841E+003
 -0.82433499E+000 -0.64308210E+000 -0.27719936E+000 -0.66077000E-004  0.84371070E-001  0.17428192E+001  0.12063633E+002  0.59173118E+002  0.13400207E+003  0.34790471E+003  0.65682841E+003
 -0.82433498E+000 -0.64308209E+000 -0.27719936E+000 -0.66076997E-004  0.84371079E-001  0.17428194E+001  0.12063631E+002  0.59173118E+002  0.13400207E+003  0.34790471E+003  0.65682841E+003
 -0.82433498E+000 -0.64308209E+000 -0.27719935E+000 -0.66076994E-004  0.84371087E-001  0.17428196E+001  0.12063630E+002  0.59173118E+002  0.13400207E+003  0.34790471E+003  0.65682841E+003
 -0.82433498E+000 -0.64308209E+000 -0.27719935E+000 -0.66076992E-004  0.84371094E-001  0.17428199E+001  0.12063629E+002  0.59173118E+002  0.13400207E+003  0.34790471E+003  0.65682841E+003
 -0.82433498E+000 -0.64308209E+000 -0.27719935E+000 -0.66076989E-004  0.84371102E-001  0.17428201E+001  0.12063628E+002  0.59173118E+002  0.13400207E+003  0.34790471E+003  0.65682841E+003
 -0.82433498E+000 -0.64308209E+000 -0.27719935E+000 -0.66076986E-004  0.84371109E-001  0.17428203E+001  0.12063627E+002  0.59173118E+002  0.13400207E+003  0.34790471E+003  0.65682841E+003
 -0.82433498E+000 -0.64308210E+000 -0.27719935E+000 -0.66076984E-004  0.84371116E-001  0.17428204E+001  0.12063626E+002  0.59173118E+002  0.13400207E+003  0.34790471E+003  0.65682841E+003
 -0.82433498E+000 -0.64308210E+000 -0.27719934E+000 -0.66076981E-004  0.84371123E-001  0.17428206E+001  0.12063626E+002  0.59173118E+002  0.13400207E+003  0.34790471E+003  0.65682841E+003
 -0.82433498E+000 -0.64308210E+000 -0.27719934E+000 -0.66076978E-004  0.84371131E-001  0.17428208E+001  0.12063626E+002  0.59173118E+002  0.13400207E+003  0.34790471E+003  0.65682841E+003
 -0.82433499E+000 -0.64308210E+000 -0.27719934E+000 -0.66076976E-004  0.84371139E-001  0.17428209E+001  0.12063626E+002  0.59173118E+002  0.13400207E+003  0.34790471E+003  0.65682841E+003
 -0.82433499E+000 -0.64308210E+000 -0.27719934E+000 -0.66076974E-004  0.84371148E-001  0.17428211E+001  0.12063626E+002  0.59173118E+002  0.13400207E+003  0.34790471E+003  0.65682841E+003
 -0.82433499E+000 -0.64308210E+000 -0.27719934E+000 -0.66076973E-004  0.84371157E-001  0.17428212E+001  0.12063626E+002  0.59173118E+002  0.13400207E+003  0.34790471E+003  0.65682841E+003
 -0.82433499E+000 -0.64308211E+000 -0.27719934E+000 -0.66076975E-004  0.84371166E-001  0.17428214E+001  0.12063626E+002  0.59173118E+002  0.13400207E+003  0.34790471E+003  0.65682841E+003
 -0.82433499E+000 -0.64308210E+000 -0.27719933E+000 -0.66076969E-004  0.84371179E-001  0.17428215E+001  0.12063626E+002  0.59173118E+002  0.13400207E+003  0.34790471E+003  0.65682841E+003
 -0.82433495E+000 -0.64308202E+000 -0.27719931E+000 -0.66076945E-004  0.84371198E-001  0.17428217E+001  0.12063627E+002  0.59173118E+002  0.13400207E+003  0.34790471E+003  0.65682841E+003
