  0.00000000E+000  0.00000000E+000  0.00000000E+000  0.00000000E+000  0.41866640E-001  0.36616595E+000  0.69239408E+001  0.46436686E+002  0.11357451E+003  0.30065254E+003  0.59030119E+003
  0.00000000E+000  0.00000000E+000  0.00000000E+000  0.00000000E+000  0.41906313E-001  0.36627573E+000  0.69256034E+001  0.46448250E+002  0.11359931E+003  0.30071410E+003  0.59041174E+003
  0.00000000E+000  0.00000000E+000  0.00000000E+000  0.00000000E+000  0.41942671E-001  0.36636772E+000  0.69269736E+001  0.46457452E+002  0.11361851E+003  0.30076088E+003  0.59049547E+003
  0.00000000E+000  0.00000000E+000  0.00000000E+000  0.00000000E+000  0.41974638E-001  0.36644573E+000  0.69281100E+001  0.46464909E+002  0.11363379E+003  0.30079759E+003  0.59056076E+003
  0.00000000E+000  0.00000000E+000  0.00000000E+000  0.00000000E+000  0.42002115E-001  0.36651247E+000  0.69290593E+001  0.46471028E+002  0.11364619E+003  0.30082705E+003  0.59061282E+003
  0.00000000E+000  0.00000000E+000  0.00000000E+000  0.00000000E+000  0.42025686E-001  0.36656995E+000  0.69298579E+001  0.46476095E+002  0.11365638E+003  0.30085111E+003  0.59065506E+003
  0.00000000E+000  0.00000000E+000  0.00000000E+000  0.00000000E+000  0.42045814E-001  0.36661970E+000  0.69305341E+001  0.46480323E+002  0.11366485E+003  0.30087102E+003  0.59068986E+003
  0.00000000E+000  0.00000000E+000  0.00000000E+000  0.00000000E+000  0.42062999E-001  0.36666296E+000  0.69311100E+001  0.46483873E+002  0.11367194E+003  0.30088768E+003  0.59071888E+003
  0.00000000E+000  0.00000000E+000  0.00000000E+000  0.00000000E+000  0.42077737E-001  0.36670072E+000  0.69316033E+001  0.46486873E+002  0.11367792E+003  0.30090174E+003  0.59074333E+003
  0.00000000E+000  0.00000000E+000  0.00000000E+000  0.00000000E+000  0.42090473E-001  0.36673383E+000  0.69320285E+001  0.46489422E+002  0.11368299E+003  0.30091372E+003  0.59076416E+003
  0.00000000E+000  0.00000000E+000  0.00000000E+000  0.00000000E+000  0.42101588E-001  0.36676296E+000  0.69323971E+001  0.46491602E+002  0.11368733E+003  0.30092400E+003  0.59078205E+003
  0.00000000E+000  0.00000000E+000  0.00000000E+000  0.00000000E+000  0.42111399E-001  0.36678871E+000  0.69327187E+001  0.46493476E+002  0.11369107E+003  0.30093291E+003  0.59079757E+003
  0.00000000E+000  0.00000000E+000  0.00000000E+000  0.00000000E+000  0.42120162E-001  0.36681158E+000  0.69330012E+001  0.46495098E+002  0.11369431E+003  0.30094068E+003  0.59081114E+003
  0.00000000E+000  0.00000000E+000  0.00000000E+000  0.00000000E+000  0.42128083E-001  0.36683200E+000  0.69332511E+001  0.46496512E+002  0.11369715E+003  0.30094752E+003  0.59082313E+003
  0.00000000E+000  0.00000000E+000  0.00000000E+000  0.00000000E+000  0.42135326E-001  0.36685036E+000  0.69334737E+001  0.46497752E+002  0.11369964E+003  0.30095360E+003  0.59083381E+003
  0.00000000E+000  0.00000000E+000  0.00000000E+000  0.00000000E+000  0.42142022E-001  0.36686698E+000  0.69336736E+001  0.46498850E+002  0.11370186E+003  0.30095905E+003  0.59084342E+003
  0.00000000E+000  0.00000000E+000  0.00000000E+000  0.00000000E+000  0.42148277E-001  0.36688211E+000  0.69338546E+001  0.46499830E+002  0.11370385E+003  0.30096398E+003  0.59085215E+003
  0.00000000E+000  0.00000000E+000  0.00000000E+000  0.00000000E+000  0.42154177E-001  0.36689601E+000  0.69340200E+001  0.46500712E+002  0.11370564E+003  0.30096849E+003  0.59086016E+003
  0.00000000E+000  0.00000000E+000  0.00000000E+000  0.00000000E+000  0.42159790E-001  0.36690887E+000  0.69341723E+001  0.46501514E+002  0.11370729E+003  0.30097265E+003  0.59086759E+003
  0.00000000E+000  0.00000000E+000  0.00000000E+000  0.00000000E+000  0.42165171E-001  0.36692086E+000  0.69343140E+001  0.46502251E+002  0.11370881E+003  0.30097654E+003  0.59087455E+003
  0.00000000E+000  0.00000000E+000  0.00000000E+000  0.00000000E+000  0.42170365E-001  0.36693212E+000  0.69344469E+001  0.46502934E+002  0.11371023E+003  0.30098021E+003  0.59088113E+003
  0.00000000E+000  0.00000000E+000  0.00000000E+000  0.00000000E+000  0.42175411E-001  0.36694278E+000  0.69345727E+001  0.46503575E+002  0.11371157E+003  0.30098369E+003  0.59088740E+003
  0.00000000E+000  0.00000000E+000  0.00000000E+000  0.00000000E+000  0.42180339E-001  0.36695294E+000  0.69346928E+001  0.46504182E+002  0.11371285E+003  0.30098704E+003  0.59089345E+003
  0.00000000E+000  0.00000000E+000  0.00000000E+000  0.00000000E+000  0.42185174E-001  0.36696270E+000  0.69348084E+001  0.46504763E+002  0.11371407E+003  0.30099029E+003  0.59089932E+003
  0.00000000E+000  0.00000000E+000  0.00000000E+000  0.00000000E+000  0.42189938E-001  0.36697213E+000  0.69349205E+001  0.46505324E+002  0.11371527E+003  0.30099346E+003  0.59090506E+003
  0.00000000E+000  0.00000000E+000  0.00000000E+000  0.00000000E+000  0.42194648E-001  0.36698130E+000  0.69350300E+001  0.46505870E+002  0.11371644E+003  0.30099658E+003  0.59091073E+003
  0.00000000E+000  0.00000000E+000  0.00000000E+000  0.00000000E+000  0.42199319E-001  0.36699026E+000  0.69351377E+001  0.46506407E+002  0.11371759E+003  0.30099968E+003  0.59091634E+003
  0.00000000E+000  0.00000000E+000  0.00000000E+000  0.00000000E+000  0.42203963E-001  0.36699908E+000  0.69352442E+001  0.46506938E+002  0.11371873E+003  0.30100276E+003  0.59092194E+003
  0.00000000E+000  0.00000000E+000  0.00000000E+000  0.00000000E+000  0.42208591E-001  0.36700779E+000  0.69353500E+001  0.46507467E+002  0.11371987E+003  0.30100585E+003  0.59092756E+003
  0.00000000E+000  0.00000000E+000  0.00000000E+000  0.00000000E+000  0.42213212E-001  0.36701642E+000  0.69354555E+001  0.46507996E+002  0.11372102E+003  0.30100895E+003  0.59093320E+003
  0.00000000E+000  0.00000000E+000  0.00000000E+000  0.00000000E+000  0.42217833E-001  0.36702501E+000  0.69355612E+001  0.46508529E+002  0.11372218E+003  0.30101209E+003  0.59093891E+003
  0.00000000E+000  0.00000000E+000  0.00000000E+000  0.00000000E+000  0.42222458E-001  0.36703359E+000  0.69356674E+001  0.46509067E+002  0.11372335E+003  0.30101527E+003  0.59094468E+003
  0.00000000E+000  0.00000000E+000  0.00000000E+000  0.00000000E+000  0.42227093E-001  0.36704218E+000  0.69357742E+001  0.46509613E+002  0.11372454E+003  0.30101849E+003  0.59095055E+003
  0.00000000E+000  0.00000000E+000  0.00000000E+000  0.00000000E+000  0.42231738E-001  0.36705081E+000  0.69358820E+001  0.46510168E+002  0.11372575E+003  0.30102177E+003  0.59095651E+003
  0.00000000E+000  0.00000000E+000  0.00000000E+000  0.00000000E+000  0.42236394E-001  0.36705948E+000  0.69359909E+001  0.46510732E+002  0.11372698E+003  0.30102511E+003  0.59096259E+003
  0.00000000E+000  0.00000000E+000  0.00000000E+000  0.00000000E+000  0.42241061E-001  0.36706821E+000  0.69361009E+001  0.46511308E+002  0.11372823E+003  0.30102852E+003  0.59096878E+003
  0.00000000E+000  0.00000000E+000  0.00000000E+000  0.00000000E+000  0.42245736E-001  0.36707703E+000  0.69362123E+001  0.46511896E+002  0.11372951E+003  0.30103199E+003  0.59097510E+003
  0.00000000E+000  0.00000000E+000  0.00000000E+000  0.00000000E+000  0.42250413E-001  0.36708593E+000  0.69363250E+001  0.46512496E+002  0.11373082E+003  0.30103555E+003  0.59098156E+003
  0.00000000E+000  0.00000000E+000  0.00000000E+000  0.00000000E+000  0.42255085E-001  0.36709493E+000  0.69364392E+001  0.46513110E+002  0.11373216E+003  0.30103917E+003  0.59098815E+003
  0.00000000E+000  0.00000000E+000  0.00000000E+000  0.00000000E+000  0.42259745E-001  0.36710404E+000  0.69365549E+001  0.46513738E+002  0.11373352E+003  0.30104288E+003  0.59099489E+003
  0.00000000E+000  0.00000000E+000  0.00000000E+000  0.00000000E+000  0.42264380E-001  0.36711327E+000  0.69366720E+001  0.46514379E+002  0.11373491E+003  0.30104666E+003  0.59100177E+003
  0.00000000E+000  0.00000000E+000  0.00000000E+000  0.00000000E+000  0.42268978E-001  0.36712261E+000  0.69367907E+001  0.46515035E+002  0.11373634E+003  0.30105053E+003  0.59100879E+003
  0.00000000E+000  0.00000000E+000  0.00000000E+000  0.00000000E+000  0.42273524E-001  0.36713208E+000  0.69369109E+001  0.46515704E+002  0.11373779E+003  0.30105447E+003  0.59101596E+003
  0.00000000E+000  0.00000000E+000  0.00000000E+000  0.00000000E+000  0.42278000E-001  0.36714168E+000  0.69370326E+001  0.46516387E+002  0.11373927E+003  0.30105849E+003  0.59102327E+003
  0.00000000E+000  0.00000000E+000  0.00000000E+000  0.00000000E+000  0.42282387E-001  0.36715142E+000  0.69371558E+001  0.46517084E+002  0.11374078E+003  0.30106259E+003  0.59103073E+003
  0.00000000E+000  0.00000000E+000  0.00000000E+000  0.00000000E+000  0.42286667E-001  0.36716129E+000  0.69372806E+001  0.46517795E+002  0.11374231E+003  0.30106676E+003  0.59103832E+003
  0.00000000E+000  0.00000000E+000  0.00000000E+000  0.00000000E+000  0.42290816E-001  0.36717130E+000  0.69374068E+001  0.46518518E+002  0.11374388E+003  0.30107101E+003  0.59104605E+003
  0.00000000E+000  0.00000000E+000  0.00000000E+000  0.00000000E+000  0.42294812E-001  0.36718145E+000  0.69375345E+001  0.46519255E+002  0.11374546E+003  0.30107533E+003  0.59105391E+003
  0.00000000E+000  0.00000000E+000  0.00000000E+000  0.00000000E+000  0.42298633E-001  0.36719174E+000  0.69376635E+001  0.46520004E+002  0.11374708E+003  0.30107972E+003  0.59106190E+003
  0.00000000E+000  0.00000000E+000  0.00000000E+000  0.00000000E+000  0.42302254E-001  0.36720218E+000  0.69377939E+001  0.46520764E+002  0.11374871E+003  0.30108417E+003  0.59107000E+003
  0.00000000E+000  0.00000000E+000  0.00000000E+000  0.00000000E+000  0.42305653E-001  0.36721275E+000  0.69379256E+001  0.46521536E+002  0.11375037E+003  0.30108868E+003  0.59107822E+003
  0.00000000E+000  0.00000000E+000  0.00000000E+000  0.00000000E+000  0.42308807E-001  0.36722347E+000  0.69380584E+001  0.46522319E+002  0.11375204E+003  0.30109325E+003  0.59108655E+003
  0.00000000E+000  0.00000000E+000  0.00000000E+000  0.00000000E+000  0.42311694E-001  0.36723432E+000  0.69381923E+001  0.46523111E+002  0.11375374E+003  0.30109787E+003  0.59109498E+003
  0.00000000E+000  0.00000000E+000  0.00000000E+000  0.00000000E+000  0.42314295E-001  0.36724531E+000  0.69383271E+001  0.46523913E+002  0.11375545E+003  0.30110253E+003  0.59110350E+003
  0.00000000E+000  0.00000000E+000  0.00000000E+000  0.00000000E+000  0.42316589E-001  0.36725643E+000  0.69384626E+001  0.46524723E+002  0.11375717E+003  0.30110724E+003  0.59111209E+003
  0.00000000E+000  0.00000000E+000  0.00000000E+000  0.00000000E+000  0.42318561E-001  0.36726768E+000  0.69385987E+001  0.46525540E+002  0.11375891E+003  0.30111198E+003  0.59112076E+003
  0.00000000E+000  0.00000000E+000  0.00000000E+000  0.00000000E+000  0.42320196E-001  0.36727906E+000  0.69387352E+001  0.46526364E+002  0.11376066E+003  0.30111676E+003  0.59112949E+003
  0.00000000E+000  0.00000000E+000  0.00000000E+000  0.00000000E+000  0.42321481E-001  0.36729056E+000  0.69388719E+001  0.46527194E+002  0.11376241E+003  0.30112155E+003  0.59113827E+003
  0.00000000E+000  0.00000000E+000  0.00000000E+000  0.00000000E+000  0.42322408E-001  0.36730219E+000  0.69390086E+001  0.46528028E+002  0.11376417E+003  0.30112637E+003  0.59114709E+003
  0.00000000E+000  0.00000000E+000  0.00000000E+000  0.00000000E+000  0.42322969E-001  0.36731393E+000  0.69391451E+001  0.46528866E+002  0.11376594E+003  0.30113119E+003  0.59115593E+003
  0.00000000E+000  0.00000000E+000  0.00000000E+000  0.00000000E+000  0.42323161E-001  0.36732579E+000  0.69392812E+001  0.46529706E+002  0.11376771E+003  0.30113601E+003  0.59116478E+003
  0.00000000E+000  0.00000000E+000  0.00000000E+000  0.00000000E+000  0.42322984E-001  0.36733776E+000  0.69394168E+001  0.46530547E+002  0.11376947E+003  0.30114083E+003  0.59117364E+003
  0.00000000E+000  0.00000000E+000  0.00000000E+000  0.00000000E+000  0.42322440E-001  0.36734985E+000  0.69395515E+001  0.46531388E+002  0.11377124E+003  0.30114564E+003  0.59118248E+003
  0.00000000E+000  0.00000000E+000  0.00000000E+000  0.00000000E+000  0.42321534E-001  0.36736204E+000  0.69396853E+001  0.46532227E+002  0.11377300E+003  0.30115043E+003  0.59119130E+003
  0.00000000E+000  0.00000000E+000  0.00000000E+000  0.00000000E+000  0.42320275E-001  0.36737435E+000  0.69398178E+001  0.46533064E+002  0.11377474E+003  0.30115520E+003  0.59120008E+003
  0.00000000E+000  0.00000000E+000  0.00000000E+000  0.00000000E+000  0.42318673E-001  0.36738675E+000  0.69399491E+001  0.46533897E+002  0.11377648E+003  0.30115992E+003  0.59120881E+003
  0.00000000E+000  0.00000000E+000  0.00000000E+000  0.00000000E+000  0.42316743E-001  0.36739925E+000  0.69400788E+001  0.46534724E+002  0.11377821E+003  0.30116461E+003  0.59121748E+003
  0.00000000E+000  0.00000000E+000  0.00000000E+000  0.00000000E+000  0.42314501E-001  0.36741185E+000  0.69402068E+001  0.46535545E+002  0.11377992E+003  0.30116925E+003  0.59122607E+003
  0.00000000E+000  0.00000000E+000  0.00000000E+000  0.00000000E+000  0.42311964E-001  0.36742453E+000  0.69403329E+001  0.46536357E+002  0.11378161E+003  0.30117383E+003  0.59123456E+003
  0.00000000E+000  0.00000000E+000  0.00000000E+000  0.00000000E+000  0.42309153E-001  0.36743729E+000  0.69404571E+001  0.46537159E+002  0.11378328E+003  0.30117835E+003  0.59124296E+003
  0.00000000E+000  0.00000000E+000  0.00000000E+000  0.00000000E+000  0.42306089E-001  0.36745011E+000  0.69405792E+001  0.46537950E+002  0.11378493E+003  0.30118279E+003  0.59125123E+003
  0.00000000E+000  0.00000000E+000  0.00000000E+000  0.00000000E+000  0.42302795E-001  0.36746298E+000  0.69406989E+001  0.46538729E+002  0.11378655E+003  0.30118716E+003  0.59125939E+003
  0.00000000E+000  0.00000000E+000  0.00000000E+000  0.00000000E+000  0.42299296E-001  0.36747588E+000  0.69408162E+001  0.46539494E+002  0.11378814E+003  0.30119145E+003  0.59126740E+003
  0.00000000E+000  0.00000000E+000  0.00000000E+000  0.00000000E+000  0.42295615E-001  0.36748879E+000  0.69409311E+001  0.46540243E+002  0.11378970E+003  0.30119564E+003  0.59127526E+003
  0.00000000E+000  0.00000000E+000  0.00000000E+000  0.00000000E+000  0.42291777E-001  0.36750168E+000  0.69410432E+001  0.46540976E+002  0.11379124E+003  0.30119974E+003  0.59128297E+003
  0.00000000E+000  0.00000000E+000  0.00000000E+000  0.00000000E+000  0.42287808E-001  0.36751452E+000  0.69411527E+001  0.46541691E+002  0.11379273E+003  0.30120374E+003  0.59129051E+003
  0.00000000E+000  0.00000000E+000  0.00000000E+000  0.00000000E+000  0.42283730E-001  0.36752729E+000  0.69412593E+001  0.46542386E+002  0.11379419E+003  0.30120764E+003  0.59129787E+003
  0.00000000E+000  0.00000000E+000  0.00000000E+000  0.00000000E+000  0.42279569E-001  0.36753994E+000  0.69413631E+001  0.46543062E+002  0.11379561E+003  0.30121142E+003  0.59130504E+003
  0.00000000E+000  0.00000000E+000  0.00000000E+000  0.00000000E+000  0.42275348E-001  0.36755243E+000  0.69414639E+001  0.46543715E+002  0.11379699E+003  0.30121509E+003  0.59131202E+003
  0.00000000E+000  0.00000000E+000  0.00000000E+000  0.00000000E+000  0.42271088E-001  0.36756471E+000  0.69415618E+001  0.46544346E+002  0.11379832E+003  0.30121864E+003  0.59131881E+003
  0.00000000E+000  0.00000000E+000  0.00000000E+000  0.00000000E+000  0.42266811E-001  0.36757674E+000  0.69416566E+001  0.46544953E+002  0.11379961E+003  0.30122207E+003  0.59132539E+003
  0.00000000E+000  0.00000000E+000  0.00000000E+000  0.00000000E+000  0.42262536E-001  0.36758848E+000  0.69417486E+001  0.46545536E+002  0.11380085E+003  0.30122537E+003  0.59133176E+003
  0.00000000E+000  0.00000000E+000  0.00000000E+000  0.00000000E+000  0.42258281E-001  0.36759985E+000  0.69418375E+001  0.46546093E+002  0.11380205E+003  0.30122856E+003  0.59133791E+003
  0.00000000E+000  0.00000000E+000  0.00000000E+000  0.00000000E+000  0.42254064E-001  0.36761083E+000  0.69419235E+001  0.46546625E+002  0.11380320E+003  0.30123161E+003  0.59134386E+003
  0.00000000E+000  0.00000000E+000  0.00000000E+000  0.00000000E+000  0.42249900E-001  0.36762134E+000  0.69420067E+001  0.46547129E+002  0.11380429E+003  0.30123453E+003  0.59134958E+003
  0.00000000E+000  0.00000000E+000  0.00000000E+000  0.00000000E+000  0.42245802E-001  0.36763133E+000  0.69420870E+001  0.46547607E+002  0.11380534E+003  0.30123733E+003  0.59135509E+003
  0.00000000E+000  0.00000000E+000  0.00000000E+000  0.00000000E+000  0.42241784E-001  0.36764076E+000  0.69421647E+001  0.46548058E+002  0.11380633E+003  0.30123999E+003  0.59136038E+003
  0.00000000E+000  0.00000000E+000  0.00000000E+000  0.00000000E+000  0.42237856E-001  0.36764957E+000  0.69422397E+001  0.46548481E+002  0.11380727E+003  0.30124253E+003  0.59136545E+003
  0.00000000E+000  0.00000000E+000  0.00000000E+000  0.00000000E+000  0.42234028E-001  0.36765772E+000  0.69423122E+001  0.46548877E+002  0.11380816E+003  0.30124494E+003  0.59137030E+003
  0.00000000E+000  0.00000000E+000  0.00000000E+000  0.00000000E+000  0.42230308E-001  0.36766516E+000  0.69423824E+001  0.46549246E+002  0.11380900E+003  0.30124722E+003  0.59137494E+003
  0.00000000E+000  0.00000000E+000  0.00000000E+000  0.00000000E+000  0.42226702E-001  0.36767185E+000  0.69424503E+001  0.46549588E+002  0.11380979E+003  0.30124937E+003  0.59137937E+003
  0.00000000E+000  0.00000000E+000  0.00000000E+000  0.00000000E+000  0.42223217E-001  0.36767777E+000  0.69425160E+001  0.46549903E+002  0.11381053E+003  0.30125140E+003  0.59138359E+003
  0.00000000E+000  0.00000000E+000  0.00000000E+000  0.00000000E+000  0.42219858E-001  0.36768288E+000  0.69425798E+001  0.46550192E+002  0.11381121E+003  0.30125331E+003  0.59138760E+003
  0.00000000E+000  0.00000000E+000  0.00000000E+000  0.00000000E+000  0.42216627E-001  0.36768716E+000  0.69426418E+001  0.46550456E+002  0.11381185E+003  0.30125510E+003  0.59139142E+003
  0.00000000E+000  0.00000000E+000  0.00000000E+000  0.00000000E+000  0.42213527E-001  0.36769060E+000  0.69427021E+001  0.46550695E+002  0.11381243E+003  0.30125678E+003  0.59139504E+003
  0.00000000E+000  0.00000000E+000  0.00000000E+000  0.00000000E+000  0.42210560E-001  0.36769319E+000  0.69427608E+001  0.46550910E+002  0.11381297E+003  0.30125834E+003  0.59139847E+003
  0.00000000E+000  0.00000000E+000  0.00000000E+000  0.00000000E+000  0.42207727E-001  0.36769493E+000  0.69428181E+001  0.46551102E+002  0.11381347E+003  0.30125980E+003  0.59140172E+003
  0.00000000E+000  0.00000000E+000  0.00000000E+000  0.00000000E+000  0.42205028E-001  0.36769583E+000  0.69428742E+001  0.46551272E+002  0.11381391E+003  0.30126115E+003  0.59140479E+003
  0.00000000E+000  0.00000000E+000  0.00000000E+000  0.00000000E+000  0.42202462E-001  0.36769591E+000  0.69429291E+001  0.46551421E+002  0.11381432E+003  0.30126239E+003  0.59140769E+003
  0.00000000E+000  0.00000000E+000  0.00000000E+000  0.00000000E+000  0.42200029E-001  0.36769518E+000  0.69429830E+001  0.46551550E+002  0.11381468E+003  0.30126354E+003  0.59141043E+003
  0.00000000E+000  0.00000000E+000  0.00000000E+000  0.00000000E+000  0.42197726E-001  0.36769367E+000  0.69430360E+001  0.46551660E+002  0.11381500E+003  0.30126459E+003  0.59141300E+003
  0.00000000E+000  0.00000000E+000  0.00000000E+000  0.00000000E+000  0.42195552E-001  0.36769141E+000  0.69430881E+001  0.46551752E+002  0.11381528E+003  0.30126556E+003  0.59141543E+003
  0.00000000E+000  0.00000000E+000  0.00000000E+000  0.00000000E+000  0.42193503E-001  0.36768845E+000  0.69431395E+001  0.46551828E+002  0.11381553E+003  0.30126643E+003  0.59141770E+003
  0.00000000E+000  0.00000000E+000  0.00000000E+000  0.00000000E+000  0.42191578E-001  0.36768483E+000  0.69431902E+001  0.46551888E+002  0.11381574E+003  0.30126723E+003  0.59141984E+003
  0.00000000E+000  0.00000000E+000  0.00000000E+000  0.00000000E+000  0.42189772E-001  0.36768060E+000  0.69432401E+001  0.46551935E+002  0.11381591E+003  0.30126794E+003  0.59142184E+003
  0.00000000E+000  0.00000000E+000  0.00000000E+000  0.00000000E+000  0.42188082E-001  0.36767580E+000  0.69432894E+001  0.46551968E+002  0.11381606E+003  0.30126858E+003  0.59142372E+003
  0.00000000E+000  0.00000000E+000  0.00000000E+000  0.00000000E+000  0.42186505E-001  0.36767049E+000  0.69433381E+001  0.46551989E+002  0.11381617E+003  0.30126915E+003  0.59142547E+003
  0.00000000E+000  0.00000000E+000  0.00000000E+000  0.00000000E+000  0.42185036E-001  0.36766473E+000  0.69433860E+001  0.46552000E+002  0.11381625E+003  0.30126966E+003  0.59142711E+003
  0.00000000E+000  0.00000000E+000  0.00000000E+000  0.00000000E+000  0.42183672E-001  0.36765857E+000  0.69434332E+001  0.46552002E+002  0.11381631E+003  0.30127010E+003  0.59142864E+003
  0.00000000E+000  0.00000000E+000  0.00000000E+000  0.00000000E+000  0.42182409E-001  0.36765207E+000  0.69434795E+001  0.46551995E+002  0.11381634E+003  0.30127048E+003  0.59143006E+003
  0.00000000E+000  0.00000000E+000  0.00000000E+000  0.00000000E+000  0.42181241E-001  0.36764529E+000  0.69435249E+001  0.46551981E+002  0.11381635E+003  0.30127080E+003  0.59143139E+003
  0.00000000E+000  0.00000000E+000  0.00000000E+000  0.00000000E+000  0.42180165E-001  0.36763828E+000  0.69435693E+001  0.46551962E+002  0.11381633E+003  0.30127107E+003  0.59143262E+003
  0.00000000E+000  0.00000000E+000  0.00000000E+000  0.00000000E+000  0.42179177E-001  0.36763111E+000  0.69436125E+001  0.46551937E+002  0.11381630E+003  0.30127129E+003  0.59143376E+003
  0.00000000E+000  0.00000000E+000  0.00000000E+000  0.00000000E+000  0.42178272E-001  0.36762381E+000  0.69436544E+001  0.46551908E+002  0.11381624E+003  0.30127146E+003  0.59143482E+003
  0.00000000E+000  0.00000000E+000  0.00000000E+000  0.00000000E+000  0.42177447E-001  0.36761644E+000  0.69436949E+001  0.46551877E+002  0.11381617E+003  0.30127159E+003  0.59143579E+003
  0.00000000E+000  0.00000000E+000  0.00000000E+000  0.00000000E+000  0.42176696E-001  0.36760906E+000  0.69437337E+001  0.46551843E+002  0.11381608E+003  0.30127168E+003  0.59143669E+003
  0.00000000E+000  0.00000000E+000  0.00000000E+000  0.00000000E+000  0.42176015E-001  0.36760170E+000  0.69437708E+001  0.46551808E+002  0.11381598E+003  0.30127173E+003  0.59143752E+003
  0.00000000E+000  0.00000000E+000  0.00000000E+000  0.00000000E+000  0.42175402E-001  0.36759440E+000  0.69438059E+001  0.46551774E+002  0.11381587E+003  0.30127175E+003  0.59143829E+003
  0.00000000E+000  0.00000000E+000  0.00000000E+000  0.00000000E+000  0.42174850E-001  0.36758721E+000  0.69438389E+001  0.46551740E+002  0.11381575E+003  0.30127173E+003  0.59143899E+003
  0.00000000E+000  0.00000000E+000  0.00000000E+000  0.00000000E+000  0.42174358E-001  0.36758016E+000  0.69438697E+001  0.46551707E+002  0.11381561E+003  0.30127168E+003  0.59143962E+003
  0.00000000E+000  0.00000000E+000  0.00000000E+000  0.00000000E+000  0.42173921E-001  0.36757328E+000  0.69438980E+001  0.46551676E+002  0.11381547E+003  0.30127160E+003  0.59144020E+003
  0.00000000E+000  0.00000000E+000  0.00000000E+000  0.00000000E+000  0.42173535E-001  0.36756659E+000  0.69439238E+001  0.46551648E+002  0.11381532E+003  0.30127150E+003  0.59144073E+003
  0.00000000E+000  0.00000000E+000  0.00000000E+000  0.00000000E+000  0.42173197E-001  0.36756012E+000  0.69439470E+001  0.46551623E+002  0.11381517E+003  0.30127137E+003  0.59144120E+003
  0.00000000E+000  0.00000000E+000  0.00000000E+000  0.00000000E+000  0.42172904E-001  0.36755389E+000  0.69439674E+001  0.46551602E+002  0.11381501E+003  0.30127122E+003  0.59144163E+003
  0.00000000E+000  0.00000000E+000  0.00000000E+000  0.00000000E+000  0.42172652E-001  0.36754791E+000  0.69439849E+001  0.46551584E+002  0.11381485E+003  0.30127104E+003  0.59144201E+003
  0.00000000E+000  0.00000000E+000  0.00000000E+000  0.00000000E+000  0.42172439E-001  0.36754221E+000  0.69439996E+001  0.46551572E+002  0.11381469E+003  0.30127085E+003  0.59144234E+003
  0.00000000E+000  0.00000000E+000  0.00000000E+000  0.00000000E+000  0.42172260E-001  0.36753678E+000  0.69440113E+001  0.46551564E+002  0.11381453E+003  0.30127064E+003  0.59144263E+003
  0.00000000E+000  0.00000000E+000  0.00000000E+000  0.00000000E+000  0.42172115E-001  0.36753163E+000  0.69440200E+001  0.46551560E+002  0.11381437E+003  0.30127042E+003  0.59144289E+003
  0.00000000E+000  0.00000000E+000  0.00000000E+000  0.00000000E+000  0.42171999E-001  0.36752678E+000  0.69440259E+001  0.46551562E+002  0.11381421E+003  0.30127018E+003  0.59144310E+003
  0.00000000E+000  0.00000000E+000  0.00000000E+000  0.00000000E+000  0.42171910E-001  0.36752222E+000  0.69440288E+001  0.46551569E+002  0.11381405E+003  0.30126992E+003  0.59144328E+003
  0.00000000E+000  0.00000000E+000  0.00000000E+000  0.00000000E+000  0.42171847E-001  0.36751794E+000  0.69440289E+001  0.46551582E+002  0.11381390E+003  0.30126966E+003  0.59144343E+003
  0.00000000E+000  0.00000000E+000  0.00000000E+000  0.00000000E+000  0.42171805E-001  0.36751396E+000  0.69440262E+001  0.46551599E+002  0.11381375E+003  0.30126938E+003  0.59144354E+003
  0.00000000E+000  0.00000000E+000  0.00000000E+000  0.00000000E+000  0.42171785E-001  0.36751026E+000  0.69440209E+001  0.46551621E+002  0.11381361E+003  0.30126910E+003  0.59144363E+003
  0.00000000E+000  0.00000000E+000  0.00000000E+000  0.00000000E+000  0.42171782E-001  0.36750683E+000  0.69440131E+001  0.46551648E+002  0.11381348E+003  0.30126880E+003  0.59144368E+003
  0.00000000E+000  0.00000000E+000  0.00000000E+000  0.00000000E+000  0.42171796E-001  0.36750368E+000  0.69440029E+001  0.46551679E+002  0.11381335E+003  0.30126850E+003  0.59144371E+003
  0.00000000E+000  0.00000000E+000  0.00000000E+000  0.00000000E+000  0.42171825E-001  0.36750079E+000  0.69439905E+001  0.46551715E+002  0.11381323E+003  0.30126820E+003  0.59144371E+003
  0.00000000E+000  0.00000000E+000  0.00000000E+000  0.00000000E+000  0.42171866E-001  0.36749815E+000  0.69439760E+001  0.46551755E+002  0.11381311E+003  0.30126789E+003  0.59144368E+003
  0.00000000E+000  0.00000000E+000  0.00000000E+000  0.00000000E+000  0.42171919E-001  0.36749576E+000  0.69439597E+001  0.46551798E+002  0.11381301E+003  0.30126758E+003  0.59144363E+003
  0.00000000E+000  0.00000000E+000  0.00000000E+000  0.00000000E+000  0.42171981E-001  0.36749359E+000  0.69439416E+001  0.46551844E+002  0.11381292E+003  0.30126727E+003  0.59144356E+003
  0.00000000E+000  0.00000000E+000  0.00000000E+000  0.00000000E+000  0.42172052E-001  0.36749165E+000  0.69439222E+001  0.46551893E+002  0.11381283E+003  0.30126695E+003  0.59144347E+003
  0.00000000E+000  0.00000000E+000  0.00000000E+000  0.00000000E+000  0.42172130E-001  0.36748992E+000  0.69439014E+001  0.46551945E+002  0.11381275E+003  0.30126664E+003  0.59144335E+003
  0.00000000E+000  0.00000000E+000  0.00000000E+000  0.00000000E+000  0.42172213E-001  0.36748838E+000  0.69438795E+001  0.46551998E+002  0.11381269E+003  0.30126633E+003  0.59144322E+003
  0.00000000E+000  0.00000000E+000  0.00000000E+000  0.00000000E+000  0.42172302E-001  0.36748702E+000  0.69438568E+001  0.46552052E+002  0.11381263E+003  0.30126602E+003  0.59144306E+003
  0.00000000E+000  0.00000000E+000  0.00000000E+000  0.00000000E+000  0.42172394E-001  0.36748584E+000  0.69438333E+001  0.46552108E+002  0.11381259E+003  0.30126572E+003  0.59144289E+003
  0.00000000E+000  0.00000000E+000  0.00000000E+000  0.00000000E+000  0.42172489E-001  0.36748482E+000  0.69438094E+001  0.46552164E+002  0.11381255E+003  0.30126542E+003  0.59144271E+003
  0.00000000E+000  0.00000000E+000  0.00000000E+000  0.00000000E+000  0.42172585E-001  0.36748394E+000  0.69437851E+001  0.46552220E+002  0.11381252E+003  0.30126512E+003  0.59144251E+003
  0.00000000E+000  0.00000000E+000  0.00000000E+000  0.00000000E+000  0.42172683E-001  0.36748321E+000  0.69437607E+001  0.46552275E+002  0.11381251E+003  0.30126484E+003  0.59144229E+003
  0.00000000E+000  0.00000000E+000  0.00000000E+000  0.00000000E+000  0.42172781E-001  0.36748260E+000  0.69437362E+001  0.46552329E+002  0.11381250E+003  0.30126456E+003  0.59144206E+003
  0.00000000E+000  0.00000000E+000  0.00000000E+000  0.00000000E+000  0.42172879E-001  0.36748210E+000  0.69437120E+001  0.46552383E+002  0.11381250E+003  0.30126429E+003  0.59144182E+003
  0.00000000E+000  0.00000000E+000  0.00000000E+000  0.00000000E+000  0.42172976E-001  0.36748171E+000  0.69436880E+001  0.46552434E+002  0.11381251E+003  0.30126404E+003  0.59144157E+003
  0.00000000E+000  0.00000000E+000  0.00000000E+000  0.00000000E+000  0.42173071E-001  0.36748142E+000  0.69436644E+001  0.46552483E+002  0.11381253E+003  0.30126379E+003  0.59144131E+003
  0.00000000E+000  0.00000000E+000  0.00000000E+000  0.00000000E+000  0.42173165E-001  0.36748121E+000  0.69436414E+001  0.46552531E+002  0.11381255E+003  0.30126356E+003  0.59144105E+003
  0.00000000E+000  0.00000000E+000  0.00000000E+000  0.00000000E+000  0.42173256E-001  0.36748107E+000  0.69436190E+001  0.46552575E+002  0.11381259E+003  0.30126334E+003  0.59144077E+003
  0.00000000E+000  0.00000000E+000  0.00000000E+000  0.00000000E+000  0.42173344E-001  0.36748101E+000  0.69435973E+001  0.46552617E+002  0.11381263E+003  0.30126313E+003  0.59144049E+003
  0.00000000E+000  0.00000000E+000  0.00000000E+000  0.00000000E+000  0.42173430E-001  0.36748100E+000  0.69435765E+001  0.46552655E+002  0.11381267E+003  0.30126293E+003  0.59144021E+003
  0.00000000E+000  0.00000000E+000  0.00000000E+000  0.00000000E+000  0.42173512E-001  0.36748105E+000  0.69435564E+001  0.46552690E+002  0.11381273E+003  0.30126275E+003  0.59143992E+003
  0.00000000E+000  0.00000000E+000  0.00000000E+000  0.00000000E+000  0.42173591E-001  0.36748114E+000  0.69435373E+001  0.46552722E+002  0.11381278E+003  0.30126259E+003  0.59143963E+003
  0.00000000E+000  0.00000000E+000  0.00000000E+000  0.00000000E+000  0.42173666E-001  0.36748127E+000  0.69435191E+001  0.46552750E+002  0.11381284E+003  0.30126244E+003  0.59143934E+003
  0.00000000E+000  0.00000000E+000  0.00000000E+000  0.00000000E+000  0.42173737E-001  0.36748143E+000  0.69435019E+001  0.46552775E+002  0.11381291E+003  0.30126231E+003  0.59143905E+003
  0.00000000E+000  0.00000000E+000  0.00000000E+000  0.00000000E+000  0.42173805E-001  0.36748162E+000  0.69434856E+001  0.46552796E+002  0.11381297E+003  0.30126219E+003  0.59143876E+003
  0.00000000E+000  0.00000000E+000  0.00000000E+000  0.00000000E+000  0.42173868E-001  0.36748183E+000  0.69434704E+001  0.46552814E+002  0.11381304E+003  0.30126209E+003  0.59143848E+003
  0.00000000E+000  0.00000000E+000  0.00000000E+000  0.00000000E+000  0.42173928E-001  0.36748206E+000  0.69434561E+001  0.46552828E+002  0.11381311E+003  0.30126200E+003  0.59143820E+003
  0.00000000E+000  0.00000000E+000  0.00000000E+000  0.00000000E+000  0.42173984E-001  0.36748230E+000  0.69434428E+001  0.46552839E+002  0.11381319E+003  0.30126193E+003  0.59143793E+003
  0.00000000E+000  0.00000000E+000  0.00000000E+000  0.00000000E+000  0.42174036E-001  0.36748255E+000  0.69434305E+001  0.46552846E+002  0.11381326E+003  0.30126188E+003  0.59143767E+003
  0.00000000E+000  0.00000000E+000  0.00000000E+000  0.00000000E+000  0.42174084E-001  0.36748281E+000  0.69434191E+001  0.46552850E+002  0.11381333E+003  0.30126184E+003  0.59143741E+003
  0.00000000E+000  0.00000000E+000  0.00000000E+000  0.00000000E+000  0.42174128E-001  0.36748306E+000  0.69434086E+001  0.46552851E+002  0.11381340E+003  0.30126181E+003  0.59143716E+003
  0.00000000E+000  0.00000000E+000  0.00000000E+000  0.00000000E+000  0.42174169E-001  0.36748332E+000  0.69433990E+001  0.46552849E+002  0.11381347E+003  0.30126181E+003  0.59143693E+003
  0.00000000E+000  0.00000000E+000  0.00000000E+000  0.00000000E+000  0.42174207E-001  0.36748358E+000  0.69433902E+001  0.46552845E+002  0.11381354E+003  0.30126181E+003  0.59143670E+003
  0.00000000E+000  0.00000000E+000  0.00000000E+000  0.00000000E+000  0.42174240E-001  0.36748383E+000  0.69433823E+001  0.46552837E+002  0.11381361E+003  0.30126183E+003  0.59143649E+003
  0.00000000E+000  0.00000000E+000  0.00000000E+000  0.00000000E+000  0.42174271E-001  0.36748407E+000  0.69433751E+001  0.46552828E+002  0.11381368E+003  0.30126186E+003  0.59143629E+003
  0.00000000E+000  0.00000000E+000  0.00000000E+000  0.00000000E+000  0.42174299E-001  0.36748431E+000  0.69433687E+001  0.46552816E+002  0.11381374E+003  0.30126191E+003  0.59143611E+003
  0.00000000E+000  0.00000000E+000  0.00000000E+000  0.00000000E+000  0.42174324E-001  0.36748454E+000  0.69433629E+001  0.46552802E+002  0.11381380E+003  0.30126196E+003  0.59143594E+003
  0.00000000E+000  0.00000000E+000  0.00000000E+000  0.00000000E+000  0.42174346E-001  0.36748476E+000  0.69433578E+001  0.46552786E+002  0.11381386E+003  0.30126203E+003  0.59143579E+003
  0.00000000E+000  0.00000000E+000  0.00000000E+000  0.00000000E+000  0.42174365E-001  0.36748497E+000  0.69433532E+001  0.46552769E+002  0.11381391E+003  0.30126210E+003  0.59143565E+003
  0.00000000E+000  0.00000000E+000  0.00000000E+000  0.00000000E+000  0.42174383E-001  0.36748516E+000  0.69433492E+001  0.46552750E+002  0.11381396E+003  0.30126219E+003  0.59143553E+003
  0.00000000E+000  0.00000000E+000  0.00000000E+000  0.00000000E+000  0.42174398E-001  0.36748535E+000  0.69433458E+001  0.46552730E+002  0.11381400E+003  0.30126228E+003  0.59143542E+003
  0.00000000E+000  0.00000000E+000  0.00000000E+000  0.00000000E+000  0.42174411E-001  0.36748553E+000  0.69433428E+001  0.46552709E+002  0.11381404E+003  0.30126238E+003  0.59143534E+003
  0.00000000E+000  0.00000000E+000  0.00000000E+000  0.00000000E+000  0.42174422E-001  0.36748569E+000  0.69433402E+001  0.46552687E+002  0.11381408E+003  0.30126249E+003  0.59143527E+003
  0.00000000E+000  0.00000000E+000  0.00000000E+000  0.00000000E+000  0.42174432E-001  0.36748584E+000  0.69433380E+001  0.46552665E+002  0.11381411E+003  0.30126260E+003  0.59143522E+003
  0.00000000E+000  0.00000000E+000  0.00000000E+000  0.00000000E+000  0.42174440E-001  0.36748598E+000  0.69433362E+001  0.46552642E+002  0.11381414E+003  0.30126272E+003  0.59143518E+003
  0.00000000E+000  0.00000000E+000  0.00000000E+000  0.00000000E+000  0.42174448E-001  0.36748611E+000  0.69433346E+001  0.46552619E+002  0.11381417E+003  0.30126284E+003  0.59143516E+003
  0.00000000E+000  0.00000000E+000  0.00000000E+000  0.00000000E+000  0.42174454E-001  0.36748623E+000  0.69433334E+001  0.46552595E+002  0.11381419E+003  0.30126296E+003  0.59143516E+003
  0.00000000E+000  0.00000000E+000  0.00000000E+000  0.00000000E+000  0.42174459E-001  0.36748634E+000  0.69433324E+001  0.46552572E+002  0.11381421E+003  0.30126308E+003  0.59143517E+003
  0.00000000E+000  0.00000000E+000  0.00000000E+000  0.00000000E+000  0.42174464E-001  0.36748644E+000  0.69433317E+001  0.46552548E+002  0.11381422E+003  0.30126321E+003  0.59143520E+003
  0.00000000E+000  0.00000000E+000  0.00000000E+000  0.00000000E+000  0.42174468E-001  0.36748653E+000  0.69433311E+001  0.46552525E+002  0.11381423E+003  0.30126333E+003  0.59143524E+003
  0.00000000E+000  0.00000000E+000  0.00000000E+000  0.00000000E+000  0.42174471E-001  0.36748661E+000  0.69433308E+001  0.46552502E+002  0.11381423E+003  0.30126345E+003  0.59143530E+003
  0.00000000E+000  0.00000000E+000  0.00000000E+000  0.00000000E+000  0.42174474E-001  0.36748669E+000  0.69433305E+001  0.46552480E+002  0.11381424E+003  0.30126358E+003  0.59143537E+003
  0.00000000E+000  0.00000000E+000  0.00000000E+000  0.00000000E+000  0.42174478E-001  0.36748676E+000  0.69433305E+001  0.46552458E+002  0.11381424E+003  0.30126369E+003  0.59143545E+003
  0.00000000E+000  0.00000000E+000  0.00000000E+000  0.00000000E+000  0.42174481E-001  0.36748682E+000  0.69433305E+001  0.46552437E+002  0.11381423E+003  0.30126381E+003  0.59143554E+003
  0.00000000E+000  0.00000000E+000  0.00000000E+000  0.00000000E+000  0.42174484E-001  0.36748688E+000  0.69433306E+001  0.46552416E+002  0.11381423E+003  0.30126392E+003  0.59143565E+003
  0.00000000E+000  0.00000000E+000  0.00000000E+000  0.00000000E+000  0.42174487E-001  0.36748694E+000  0.69433308E+001  0.46552396E+002  0.11381422E+003  0.30126403E+003  0.59143576E+003
  0.00000000E+000  0.00000000E+000  0.00000000E+000  0.00000000E+000  0.42174491E-001  0.36748699E+000  0.69433311E+001  0.46552377E+002  0.11381421E+003  0.30126414E+003  0.59143588E+003
  0.00000000E+000  0.00000000E+000  0.00000000E+000  0.00000000E+000  0.42174494E-001  0.36748704E+000  0.69433315E+001  0.46552358E+002  0.11381419E+003  0.30126423E+003  0.59143601E+003
  0.00000000E+000  0.00000000E+000  0.00000000E+000  0.00000000E+000  0.42174499E-001  0.36748708E+000  0.69433319E+001  0.46552340E+002  0.11381418E+003  0.30126433E+003  0.59143615E+003
  0.00000000E+000  0.00000000E+000  0.00000000E+000  0.00000000E+000  0.42174503E-001  0.36748713E+000  0.69433324E+001  0.46552324E+002  0.11381416E+003  0.30126442E+003  0.59143629E+003
  0.00000000E+000  0.00000000E+000  0.00000000E+000  0.00000000E+000  0.42174508E-001  0.36748717E+000  0.69433329E+001  0.46552308E+002  0.11381414E+003  0.30126450E+003  0.59143643E+003
  0.00000000E+000  0.00000000E+000  0.00000000E+000  0.00000000E+000  0.42174514E-001  0.36748721E+000  0.69433334E+001  0.46552293E+002  0.11381412E+003  0.30126457E+003  0.59143658E+003
  0.00000000E+000  0.00000000E+000  0.00000000E+000  0.00000000E+000  0.42174521E-001  0.36748726E+000  0.69433340E+001  0.46552279E+002  0.11381410E+003  0.30126464E+003  0.59143673E+003
  0.00000000E+000  0.00000000E+000  0.00000000E+000  0.00000000E+000  0.42174529E-001  0.36748730E+000  0.69433347E+001  0.46552265E+002  0.11381408E+003  0.30126471E+003  0.59143688E+003
  0.00000000E+000  0.00000000E+000  0.00000000E+000  0.00000000E+000  0.42174536E-001  0.36748734E+000  0.69433353E+001  0.46552253E+002  0.11381406E+003  0.30126476E+003  0.59143703E+003
