 -0.93136838E+000 -0.83200798E+000 -0.54954850E+000 -0.18462065E+000 -0.52196989E-002  0.96542082E-003  0.91442160E+000  0.45470511E+001  0.88191833E+001  0.15860427E+002  0.21714189E+002
 -0.93062079E+000 -0.83099190E+000 -0.54792902E+000 -0.18261755E+000 -0.43033956E-002  0.10279264E-002  0.91216077E+000  0.45475609E+001  0.88181130E+001  0.15853253E+002  0.21707907E+002
 -0.93012348E+000 -0.83027429E+000 -0.54673037E+000 -0.18114794E+000 -0.40479149E-002  0.10392217E-002  0.91089476E+000  0.45479064E+001  0.88171052E+001  0.15847156E+002  0.21702327E+002
 -0.92980209E+000 -0.82977920E+000 -0.54584453E+000 -0.18007877E+000 -0.40700319E-002  0.10398227E-002  0.91035128E+000  0.45481496E+001  0.88162149E+001  0.15842086E+002  0.21697473E+002
 -0.92959912E+000 -0.82944802E+000 -0.54519396E+000 -0.17931317E+000 -0.41883429E-002  0.10371968E-002  0.91032023E+000  0.45483209E+001  0.88154737E+001  0.15837955E+002  0.21693328E+002
 -0.92947679E+000 -0.82923532E+000 -0.54472425E+000 -0.17877985E+000 -0.43234623E-002  0.10335044E-002  0.91063279E+000  0.45484320E+001  0.88148900E+001  0.15834651E+002  0.21689843E+002
 -0.92940790E+000 -0.82910777E+000 -0.54439444E+000 -0.17842467E+000 -0.44496607E-002  0.10292715E-002  0.91115914E+000  0.45484899E+001  0.88144596E+001  0.15832067E+002  0.21686958E+002
 -0.92937461E+000 -0.82904170E+000 -0.54417430E+000 -0.17820735E+000 -0.45600873E-002  0.10247577E-002  0.91180319E+000  0.45485016E+001  0.88141677E+001  0.15830098E+002  0.21684608E+002
 -0.92936544E+000 -0.82901989E+000 -0.54404085E+000 -0.17809749E+000 -0.46547459E-002  0.10201279E-002  0.91249612E+000  0.45484761E+001  0.88139938E+001  0.15828653E+002  0.21682724E+002
 -0.92937257E+000 -0.82903010E+000 -0.54397603E+000 -0.17807138E+000 -0.47341395E-002  0.10156375E-002  0.91318963E+000  0.45484237E+001  0.88139153E+001  0.15827649E+002  0.21681248E+002
 -0.92939110E+000 -0.82906306E+000 -0.54396538E+000 -0.17811071E+000 -0.48005205E-002  0.10113956E-002  0.91385006E+000  0.45483541E+001  0.88139099E+001  0.15827018E+002  0.21680123E+002
 -0.92941782E+000 -0.82911212E+000 -0.54399768E+000 -0.17820108E+000 -0.48554886E-002  0.10074891E-002  0.91445537E+000  0.45482753E+001  0.88139573E+001  0.15826701E+002  0.21679301E+002
 -0.92945053E+000 -0.82917245E+000 -0.54406387E+000 -0.17833092E+000 -0.49008747E-002  0.10039552E-002  0.91499272E+000  0.45481937E+001  0.88140408E+001  0.15826650E+002  0.21678739E+002
 -0.92948789E+000 -0.82924043E+000 -0.54415638E+000 -0.17849110E+000 -0.49387135E-002  0.10007684E-002  0.91544182E+000  0.45481135E+001  0.88141470E+001  0.15826823E+002  0.21678400E+002
 -0.92952869E+000 -0.82931358E+000 -0.54426909E+000 -0.17867426E+000 -0.49706416E-002  0.99788446E-003  0.91580981E+000  0.45480374E+001  0.88142662E+001  0.15827184E+002  0.21678251E+002
 -0.92957206E+000 -0.82939009E+000 -0.54439701E+000 -0.17887446E+000 -0.49980081E-002  0.99526911E-003  0.91610833E+000  0.45479668E+001  0.88143918E+001  0.15827704E+002  0.21678267E+002
 -0.92961742E+000 -0.82946846E+000 -0.54453606E+000 -0.17908683E+000 -0.50217229E-002  0.99289589E-003  0.91634558E+000  0.45479022E+001  0.88145199E+001  0.15828357E+002  0.21678422E+002
 -0.92966432E+000 -0.82954766E+000 -0.54468298E+000 -0.17930747E+000 -0.50425236E-002  0.99073067E-003  0.91653006E+000  0.45478435E+001  0.88146482E+001  0.15829121E+002  0.21678699E+002
 -0.92971232E+000 -0.82962696E+000 -0.54483515E+000 -0.17953322E+000 -0.50609711E-002  0.98874225E-003  0.91666978E+000  0.45477902E+001  0.88147758E+001  0.15829975E+002  0.21679079E+002
 -0.92976107E+000 -0.82970582E+000 -0.54499043E+000 -0.17976148E+000 -0.50774577E-002  0.98690801E-003  0.91677147E+000  0.45477418E+001  0.88149029E+001  0.15830902E+002  0.21679548E+002
 -0.92981028E+000 -0.82978388E+000 -0.54514716E+000 -0.17999013E+000 -0.50922760E-002  0.98520977E-003  0.91684083E+000  0.45476975E+001  0.88150298E+001  0.15831885E+002  0.21680093E+002
 -0.92985971E+000 -0.82986085E+000 -0.54530398E+000 -0.18021744E+000 -0.51056442E-002  0.98363345E-003  0.91688268E+000  0.45476566E+001  0.88151573E+001  0.15832909E+002  0.21680704E+002
 -0.92990915E+000 -0.82993657E+000 -0.54545985E+000 -0.18044198E+000 -0.51177285E-002  0.98216805E-003  0.91690115E+000  0.45476188E+001  0.88152860E+001  0.15833961E+002  0.21681372E+002
 -0.92995844E+000 -0.83001091E+000 -0.54561397E+000 -0.18066261E+000 -0.51286584E-002  0.98080500E-003  0.91689980E+000  0.45475835E+001  0.88154165E+001  0.15835027E+002  0.21682088E+002
 -0.93000743E+000 -0.83008380E+000 -0.54576570E+000 -0.18087838E+000 -0.51385388E-002  0.97953743E-003  0.91688171E+000  0.45475503E+001  0.88155490E+001  0.15836097E+002  0.21682845E+002
 -0.93005602E+000 -0.83015520E+000 -0.54591460E+000 -0.18108853E+000 -0.51474584E-002  0.97835956E-003  0.91684954E+000  0.45475191E+001  0.88156837E+001  0.15837160E+002  0.21683638E+002
 -0.93010409E+000 -0.83022508E+000 -0.54606032E+000 -0.18129244E+000 -0.51554954E-002  0.97726625E-003  0.91680562E+000  0.45474898E+001  0.88158203E+001  0.15838208E+002  0.21684460E+002
 -0.93015159E+000 -0.83029345E+000 -0.54620265E+000 -0.18148962E+000 -0.51627207E-002  0.97625279E-003  0.91675198E+000  0.45474623E+001  0.88159586E+001  0.15839234E+002  0.21685307E+002
 -0.93019843E+000 -0.83036033E+000 -0.54634143E+000 -0.18167970E+000 -0.51692006E-002  0.97531473E-003  0.91669039E+000  0.45474366E+001  0.88160979E+001  0.15840230E+002  0.21686173E+002
 -0.93024457E+000 -0.83042572E+000 -0.54647660E+000 -0.18186237E+000 -0.51749976E-002  0.97444767E-003  0.91662239E+000  0.45474128E+001  0.88162374E+001  0.15841192E+002  0.21687055E+002
 -0.93028996E+000 -0.83048967E+000 -0.54660813E+000 -0.18203744E+000 -0.51801720E-002  0.97364722E-003  0.91654935E+000  0.45473908E+001  0.88163762E+001  0.15842118E+002  0.21687948E+002
 -0.93033456E+000 -0.83055218E+000 -0.54673603E+000 -0.18220479E+000 -0.51847820E-002  0.97290896E-003  0.91647233E+000  0.45473708E+001  0.88165135E+001  0.15843004E+002  0.21688849E+002
 -0.93037835E+000 -0.83061329E+000 -0.54686037E+000 -0.18236435E+000 -0.51888834E-002  0.97222846E-003  0.91639241E+000  0.45473526E+001  0.88166482E+001  0.15843851E+002  0.21689754E+002
 -0.93042129E+000 -0.83067303E+000 -0.54698122E+000 -0.18251613E+000 -0.51925292E-002  0.97160141E-003  0.91631052E+000  0.45473364E+001  0.88167794E+001  0.15844658E+002  0.21690659E+002
 -0.93046337E+000 -0.83073142E+000 -0.54709865E+000 -0.18266019E+000 -0.51957696E-002  0.97102353E-003  0.91622747E+000  0.45473220E+001  0.88169061E+001  0.15845428E+002  0.21691562E+002
 -0.93050457E+000 -0.83078847E+000 -0.54721278E+000 -0.18279663E+000 -0.51986518E-002  0.97049072E-003  0.91614391E+000  0.45473093E+001  0.88170275E+001  0.15846161E+002  0.21692458E+002
 -0.93054486E+000 -0.83084422E+000 -0.54732370E+000 -0.18292561E+000 -0.52012197E-002  0.96999902E-003  0.91606043E+000  0.45472981E+001  0.88171429E+001  0.15846861E+002  0.21693347E+002
 -0.93058425E+000 -0.83089867E+000 -0.54743151E+000 -0.18304731E+000 -0.52035134E-002  0.96954474E-003  0.91597752E+000  0.45472883E+001  0.88172517E+001  0.15847531E+002  0.21694225E+002
 -0.93062270E+000 -0.83095183E+000 -0.54753630E+000 -0.18316197E+000 -0.52055696E-002  0.96912440E-003  0.91589560E+000  0.45472798E+001  0.88173536E+001  0.15848173E+002  0.21695089E+002
 -0.93066021E+000 -0.83100372E+000 -0.54763815E+000 -0.18326983E+000 -0.52074207E-002  0.96873487E-003  0.91581500E+000  0.45472722E+001  0.88174484E+001  0.15848790E+002  0.21695939E+002
 -0.93069677E+000 -0.83105432E+000 -0.54773714E+000 -0.18337117E+000 -0.52090956E-002  0.96837329E-003  0.91573603E+000  0.45472653E+001  0.88175360E+001  0.15849386E+002  0.21696773E+002
 -0.93073236E+000 -0.83110365E+000 -0.54783332E+000 -0.18346626E+000 -0.52106192E-002  0.96803715E-003  0.91565894E+000  0.45472590E+001  0.88176165E+001  0.15849962E+002  0.21697589E+002
 -0.93076696E+000 -0.83115168E+000 -0.54792673E+000 -0.18355539E+000 -0.52120128E-002  0.96772424E-003  0.91558392E+000  0.45472531E+001  0.88176904E+001  0.15850521E+002  0.21698388E+002
 -0.93080058E+000 -0.83119842E+000 -0.54801741E+000 -0.18363886E+000 -0.52132943E-002  0.96743269E-003  0.91551116E+000  0.45472473E+001  0.88177581E+001  0.15851065E+002  0.21699168E+002
 -0.93083318E+000 -0.83124384E+000 -0.54810537E+000 -0.18371697E+000 -0.52144073E-002  0.96716912E-003  0.91544079E+000  0.45472417E+001  0.88178202E+001  0.15851594E+002  0.21699929E+002
 -0.93086477E+000 -0.83128793E+000 -0.54819061E+000 -0.18378999E+000 -0.52153294E-002  0.96693593E-003  0.91537293E+000  0.45472359E+001  0.88178774E+001  0.15852111E+002  0.21700671E+002
 -0.93089533E+000 -0.83133068E+000 -0.54827312E+000 -0.18385821E+000 -0.52161037E-002  0.96672788E-003  0.91530767E+000  0.45472300E+001  0.88179305E+001  0.15852614E+002  0.21701393E+002
 -0.93092483E+000 -0.83137205E+000 -0.54835287E+000 -0.18392187E+000 -0.52167638E-002  0.96654103E-003  0.91524508E+000  0.45472240E+001  0.88179802E+001  0.15853105E+002  0.21702097E+002
 -0.93095328E+000 -0.83141202E+000 -0.54842985E+000 -0.18398122E+000 -0.52173350E-002  0.96637246E-003  0.91518523E+000  0.45472177E+001  0.88180273E+001  0.15853583E+002  0.21702780E+002
 -0.93098065E+000 -0.83145057E+000 -0.54850399E+000 -0.18403651E+000 -0.52178356E-002  0.96621997E-003  0.91512816E+000  0.45472113E+001  0.88180725E+001  0.15854049E+002  0.21703443E+002
 -0.93100694E+000 -0.83148767E+000 -0.54857528E+000 -0.18408794E+000 -0.52182787E-002  0.96608189E-003  0.91507390E+000  0.45472047E+001  0.88181165E+001  0.15854500E+002  0.21704086E+002
 -0.93103213E+000 -0.83152331E+000 -0.54864366E+000 -0.18413571E+000 -0.52186738E-002  0.96595693E-003  0.91502245E+000  0.45471980E+001  0.88181600E+001  0.15854938E+002  0.21704707E+002
 -0.93105622E+000 -0.83155745E+000 -0.54870909E+000 -0.18418004E+000 -0.52190275E-002  0.96584408E-003  0.91497383E+000  0.45471912E+001  0.88182033E+001  0.15855360E+002  0.21705305E+002
 -0.93107920E+000 -0.83159009E+000 -0.54877154E+000 -0.18422109E+000 -0.52193447E-002  0.96574246E-003  0.91492802E+000  0.45471845E+001  0.88182468E+001  0.15855767E+002  0.21705880E+002
 -0.93110106E+000 -0.83162120E+000 -0.54883097E+000 -0.18425904E+000 -0.52196291E-002  0.96565134E-003  0.91488499E+000  0.45471778E+001  0.88182907E+001  0.15856157E+002  0.21706429E+002
 -0.93112182E+000 -0.83165079E+000 -0.54888738E+000 -0.18429406E+000 -0.52198835E-002  0.96557004E-003  0.91484472E+000  0.45471713E+001  0.88183352E+001  0.15856529E+002  0.21706953E+002
 -0.93114146E+000 -0.83167884E+000 -0.54894074E+000 -0.18432629E+000 -0.52201101E-002  0.96549792E-003  0.91480716E+000  0.45471650E+001  0.88183803E+001  0.15856883E+002  0.21707450E+002
 -0.93116000E+000 -0.83170535E+000 -0.54899106E+000 -0.18435590E+000 -0.52203110E-002  0.96543438E-003  0.91477225E+000  0.45471590E+001  0.88184258E+001  0.15857217E+002  0.21707918E+002
 -0.93117744E+000 -0.83173033E+000 -0.54903835E+000 -0.18438303E+000 -0.52204879E-002  0.96537883E-003  0.91473993E+000  0.45471534E+001  0.88184717E+001  0.15857532E+002  0.21708358E+002
 -0.93119381E+000 -0.83175380E+000 -0.54908263E+000 -0.18440783E+000 -0.52206423E-002  0.96533071E-003  0.91471012E+000  0.45471482E+001  0.88185176E+001  0.15857826E+002  0.21708769E+002
 -0.93120911E+000 -0.83177577E+000 -0.54912396E+000 -0.18443042E+000 -0.52207758E-002  0.96528945E-003  0.91468274E+000  0.45471434E+001  0.88185632E+001  0.15858100E+002  0.21709151E+002
 -0.93122337E+000 -0.83179627E+000 -0.54916238E+000 -0.18445094E+000 -0.52208898E-002  0.96525452E-003  0.91465769E+000  0.45471392E+001  0.88186083E+001  0.15858353E+002  0.21709504E+002
 -0.93123661E+000 -0.83181533E+000 -0.54919796E+000 -0.18446952E+000 -0.52209857E-002  0.96522540E-003  0.91463488E+000  0.45471354E+001  0.88186524E+001  0.15858584E+002  0.21709830E+002
 -0.93124887E+000 -0.83183298E+000 -0.54923079E+000 -0.18448629E+000 -0.52210647E-002  0.96520159E-003  0.91461419E+000  0.45471322E+001  0.88186951E+001  0.15858795E+002  0.21710129E+002
 -0.93126017E+000 -0.83184928E+000 -0.54926095E+000 -0.18450138E+000 -0.52211282E-002  0.96518260E-003  0.91459550E+000  0.45471294E+001  0.88187362E+001  0.15858986E+002  0.21710402E+002
 -0.93127055E+000 -0.83186426E+000 -0.54928856E+000 -0.18451489E+000 -0.52211773E-002  0.96516797E-003  0.91457870E+000  0.45471269E+001  0.88187752E+001  0.15859157E+002  0.21710652E+002
 -0.93128005E+000 -0.83187799E+000 -0.54931373E+000 -0.18452695E+000 -0.52212132E-002  0.96515728E-003  0.91456364E+000  0.45471248E+001  0.88188119E+001  0.15859310E+002  0.21710880E+002
 -0.93128872E+000 -0.83189052E+000 -0.54933658E+000 -0.18453767E+000 -0.52212371E-002  0.96515010E-003  0.91455021E+000  0.45471229E+001  0.88188461E+001  0.15859445E+002  0.21711088E+002
 -0.93129659E+000 -0.83190192E+000 -0.54935724E+000 -0.18454716E+000 -0.52212499E-002  0.96514605E-003  0.91453825E+000  0.45471212E+001  0.88188775E+001  0.15859564E+002  0.21711279E+002
 -0.93130371E+000 -0.83191224E+000 -0.54937586E+000 -0.18455552E+000 -0.52212527E-002  0.96514477E-003  0.91452763E+000  0.45471194E+001  0.88189061E+001  0.15859669E+002  0.21711454E+002
 -0.93131014E+000 -0.83192157E+000 -0.54939256E+000 -0.18456286E+000 -0.52212463E-002  0.96514589E-003  0.91451821E+000  0.45471175E+001  0.88189318E+001  0.15859760E+002  0.21711615E+002
 -0.93131591E+000 -0.83192996E+000 -0.54940750E+000 -0.18456928E+000 -0.52212319E-002  0.96514910E-003  0.91450984E+000  0.45471155E+001  0.88189548E+001  0.15859839E+002  0.21711766E+002
 -0.93132108E+000 -0.83193748E+000 -0.54942082E+000 -0.18457486E+000 -0.52212101E-002  0.96515409E-003  0.91450239E+000  0.45471132E+001  0.88189750E+001  0.15859908E+002  0.21711906E+002
 -0.93132570E+000 -0.83194421E+000 -0.54943267E+000 -0.18457970E+000 -0.52211819E-002  0.96516056E-003  0.91449571E+000  0.45471107E+001  0.88189927E+001  0.15859968E+002  0.21712038E+002
 -0.93132982E+000 -0.83195022E+000 -0.54944317E+000 -0.18458389E+000 -0.52211481E-002  0.96516823E-003  0.91448970E+000  0.45471077E+001  0.88190081E+001  0.15860021E+002  0.21712164E+002
 -0.93133348E+000 -0.83195558E+000 -0.54945247E+000 -0.18458751E+000 -0.52211095E-002  0.96517686E-003  0.91448423E+000  0.45471044E+001  0.88190214E+001  0.15860067E+002  0.21712284E+002
 -0.93133673E+000 -0.83196034E+000 -0.54946071E+000 -0.18459063E+000 -0.52210669E-002  0.96518621E-003  0.91447919E+000  0.45471008E+001  0.88190329E+001  0.15860109E+002  0.21712399E+002
 -0.93133961E+000 -0.83196457E+000 -0.54946800E+000 -0.18459333E+000 -0.52210210E-002  0.96519607E-003  0.91447450E+000  0.45470969E+001  0.88190428E+001  0.15860146E+002  0.21712511E+002
 -0.93134218E+000 -0.83196834E+000 -0.54947447E+000 -0.18459567E+000 -0.52209724E-002  0.96520624E-003  0.91447007E+000  0.45470928E+001  0.88190515E+001  0.15860180E+002  0.21712618E+002
 -0.93134445E+000 -0.83197170E+000 -0.54948022E+000 -0.18459771E+000 -0.52209219E-002  0.96521656E-003  0.91446586E+000  0.45470885E+001  0.88190593E+001  0.15860212E+002  0.21712723E+002
 -0.93134648E+000 -0.83197470E+000 -0.54948535E+000 -0.18459950E+000 -0.52208701E-002  0.96522688E-003  0.91446181E+000  0.45470841E+001  0.88190663E+001  0.15860241E+002  0.21712825E+002
 -0.93134829E+000 -0.83197738E+000 -0.54948995E+000 -0.18460109E+000 -0.52208174E-002  0.96523708E-003  0.91445790E+000  0.45470796E+001  0.88190727E+001  0.15860268E+002  0.21712923E+002
 -0.93134991E+000 -0.83197980E+000 -0.54949411E+000 -0.18460252E+000 -0.52207645E-002  0.96524706E-003  0.91445409E+000  0.45470753E+001  0.88190788E+001  0.15860294E+002  0.21713019E+002
 -0.93135138E+000 -0.83198199E+000 -0.54949790E+000 -0.18460382E+000 -0.52207116E-002  0.96525676E-003  0.91445039E+000  0.45470711E+001  0.88190846E+001  0.15860319E+002  0.21713111E+002
 -0.93135271E+000 -0.83198397E+000 -0.54950136E+000 -0.18460502E+000 -0.52206592E-002  0.96526611E-003  0.91444679E+000  0.45470671E+001  0.88190902E+001  0.15860342E+002  0.21713200E+002
 -0.93135392E+000 -0.83198579E+000 -0.54950456E+000 -0.18460615E+000 -0.52206075E-002  0.96527508E-003  0.91444330E+000  0.45470634E+001  0.88190958E+001  0.15860364E+002  0.21713285E+002
 -0.93135503E+000 -0.83198746E+000 -0.54950754E+000 -0.18460721E+000 -0.52205568E-002  0.96528365E-003  0.91443993E+000  0.45470600E+001  0.88191014E+001  0.15860385E+002  0.21713366E+002
 -0.93135605E+000 -0.83198900E+000 -0.54951032E+000 -0.18460823E+000 -0.52205074E-002  0.96529183E-003  0.91443670E+000  0.45470569E+001  0.88191070E+001  0.15860404E+002  0.21713444E+002
 -0.93135700E+000 -0.83199043E+000 -0.54951294E+000 -0.18460921E+000 -0.52204592E-002  0.96529961E-003  0.91443363E+000  0.45470542E+001  0.88191125E+001  0.15860421E+002  0.21713517E+002
 -0.93135788E+000 -0.83199177E+000 -0.54951541E+000 -0.18461014E+000 -0.52204125E-002  0.96530702E-003  0.91443072E+000  0.45470518E+001  0.88191180E+001  0.15860437E+002  0.21713586E+002
 -0.93135871E+000 -0.83199302E+000 -0.54951776E+000 -0.18461105E+000 -0.52203673E-002  0.96531405E-003  0.91442800E+000  0.45470498E+001  0.88191234E+001  0.15860452E+002  0.21713650E+002
 -0.93135948E+000 -0.83199419E+000 -0.54951998E+000 -0.18461192E+000 -0.52203236E-002  0.96532075E-003  0.91442547E+000  0.45470481E+001  0.88191287E+001  0.15860465E+002  0.21713711E+002
 -0.93136021E+000 -0.83199529E+000 -0.54952210E+000 -0.18461275E+000 -0.52202815E-002  0.96532713E-003  0.91442313E+000  0.45470467E+001  0.88191338E+001  0.15860476E+002  0.21713767E+002
 -0.93136089E+000 -0.83199633E+000 -0.54952410E+000 -0.18461355E+000 -0.52202409E-002  0.96533321E-003  0.91442100E+000  0.45470455E+001  0.88191388E+001  0.15860486E+002  0.21713819E+002
 -0.93136152E+000 -0.83199729E+000 -0.54952600E+000 -0.18461430E+000 -0.52202019E-002  0.96533901E-003  0.91441906E+000  0.45470447E+001  0.88191436E+001  0.15860494E+002  0.21713866E+002
 -0.93136212E+000 -0.83199820E+000 -0.54952780E+000 -0.18461502E+000 -0.52201644E-002  0.96534454E-003  0.91441733E+000  0.45470440E+001  0.88191482E+001  0.15860501E+002  0.21713910E+002
 -0.93136268E+000 -0.83199905E+000 -0.54952949E+000 -0.18461569E+000 -0.52201285E-002  0.96534982E-003  0.91441579E+000  0.45470436E+001  0.88191525E+001  0.15860507E+002  0.21713951E+002
 -0.93136320E+000 -0.83199984E+000 -0.54953108E+000 -0.18461631E+000 -0.52200941E-002  0.96535486E-003  0.91441443E+000  0.45470433E+001  0.88191566E+001  0.15860511E+002  0.21713987E+002
 -0.93136368E+000 -0.83200057E+000 -0.54953257E+000 -0.18461688E+000 -0.52200612E-002  0.96535967E-003  0.91441324E+000  0.45470431E+001  0.88191604E+001  0.15860514E+002  0.21714021E+002
 -0.93136413E+000 -0.83200125E+000 -0.54953396E+000 -0.18461741E+000 -0.52200297E-002  0.96536424E-003  0.91441222E+000  0.45470431E+001  0.88191639E+001  0.15860517E+002  0.21714051E+002
 -0.93136454E+000 -0.83200188E+000 -0.54953525E+000 -0.18461788E+000 -0.52199998E-002  0.96536859E-003  0.91441134E+000  0.45470431E+001  0.88191671E+001  0.15860518E+002  0.21714078E+002
 -0.93136492E+000 -0.83200245E+000 -0.54953645E+000 -0.18461830E+000 -0.52199713E-002  0.96537271E-003  0.91441060E+000  0.45470432E+001  0.88191701E+001  0.15860519E+002  0.21714103E+002
 -0.93136526E+000 -0.83200298E+000 -0.54953754E+000 -0.18461868E+000 -0.52199442E-002  0.96537661E-003  0.91440998E+000  0.45470434E+001  0.88191728E+001  0.15860519E+002  0.21714125E+002
 -0.93136557E+000 -0.83200345E+000 -0.54953855E+000 -0.18461900E+000 -0.52199186E-002  0.96538028E-003  0.91440947E+000  0.45470435E+001  0.88191752E+001  0.15860519E+002  0.21714145E+002
 -0.93136586E+000 -0.83200388E+000 -0.54953947E+000 -0.18461928E+000 -0.52198943E-002  0.96538372E-003  0.91440906E+000  0.45470438E+001  0.88191775E+001  0.15860518E+002  0.21714163E+002
 -0.93136611E+000 -0.83200427E+000 -0.54954030E+000 -0.18461952E+000 -0.52198715E-002  0.96538693E-003  0.91440873E+000  0.45470440E+001  0.88191795E+001  0.15860517E+002  0.21714179E+002
 -0.93136634E+000 -0.83200461E+000 -0.54954105E+000 -0.18461971E+000 -0.52198500E-002  0.96538993E-003  0.91440848E+000  0.45470442E+001  0.88191813E+001  0.15860515E+002  0.21714193E+002
 -0.93136654E+000 -0.83200491E+000 -0.54954173E+000 -0.18461987E+000 -0.52198299E-002  0.96539270E-003  0.91440829E+000  0.45470444E+001  0.88191829E+001  0.15860514E+002  0.21714206E+002
 -0.93136672E+000 -0.83200518E+000 -0.54954233E+000 -0.18461998E+000 -0.52198110E-002  0.96539525E-003  0.91440816E+000  0.45470446E+001  0.88191843E+001  0.15860512E+002  0.21714217E+002
 -0.93136687E+000 -0.83200541E+000 -0.54954287E+000 -0.18462006E+000 -0.52197935E-002  0.96539759E-003  0.91440809E+000  0.45470449E+001  0.88191856E+001  0.15860510E+002  0.21714227E+002
 -0.93136700E+000 -0.83200561E+000 -0.54954334E+000 -0.18462011E+000 -0.52197771E-002  0.96539973E-003  0.91440805E+000  0.45470450E+001  0.88191867E+001  0.15860508E+002  0.21714236E+002
 -0.93136712E+000 -0.83200579E+000 -0.54954375E+000 -0.18462012E+000 -0.52197620E-002  0.96540167E-003  0.91440805E+000  0.45470452E+001  0.88191877E+001  0.15860506E+002  0.21714243E+002
 -0.93136721E+000 -0.83200593E+000 -0.54954411E+000 -0.18462011E+000 -0.52197480E-002  0.96540341E-003  0.91440809E+000  0.45470454E+001  0.88191885E+001  0.15860504E+002  0.21714250E+002
 -0.93136729E+000 -0.83200605E+000 -0.54954441E+000 -0.18462008E+000 -0.52197352E-002  0.96540498E-003  0.91440815E+000  0.45470456E+001  0.88191893E+001  0.15860502E+002  0.21714256E+002
 -0.93136736E+000 -0.83200615E+000 -0.54954467E+000 -0.18462002E+000 -0.52197234E-002  0.96540638E-003  0.91440824E+000  0.45470457E+001  0.88191899E+001  0.15860500E+002  0.21714261E+002
 -0.93136741E+000 -0.83200623E+000 -0.54954489E+000 -0.18461994E+000 -0.52197126E-002  0.96540763E-003  0.91440834E+000  0.45470458E+001  0.88191904E+001  0.15860498E+002  0.21714265E+002
 -0.93136745E+000 -0.83200629E+000 -0.54954507E+000 -0.18461985E+000 -0.52197027E-002  0.96540873E-003  0.91440847E+000  0.45470459E+001  0.88191909E+001  0.15860496E+002  0.21714268E+002
 -0.93136748E+000 -0.83200633E+000 -0.54954522E+000 -0.18461974E+000 -0.52196938E-002  0.96540970E-003  0.91440862E+000  0.45470460E+001  0.88191912E+001  0.15860494E+002  0.21714271E+002
 -0.93136750E+000 -0.83200636E+000 -0.54954534E+000 -0.18461962E+000 -0.52196857E-002  0.96541055E-003  0.91440878E+000  0.45470461E+001  0.88191915E+001  0.15860493E+002  0.21714273E+002
 -0.93136752E+000 -0.83200639E+000 -0.54954543E+000 -0.18461948E+000 -0.52196785E-002  0.96541129E-003  0.91440895E+000  0.45470462E+001  0.88191917E+001  0.15860491E+002  0.21714275E+002
 -0.93136752E+000 -0.83200640E+000 -0.54954550E+000 -0.18461934E+000 -0.52196720E-002  0.96541194E-003  0.91440914E+000  0.45470462E+001  0.88191919E+001  0.15860489E+002  0.21714276E+002
 -0.93136752E+000 -0.83200640E+000 -0.54954555E+000 -0.18461920E+000 -0.52196662E-002  0.96541251E-003  0.91440934E+000  0.45470463E+001  0.88191920E+001  0.15860488E+002  0.21714277E+002
 -0.93136752E+000 -0.83200639E+000 -0.54954558E+000 -0.18461905E+000 -0.52196610E-002  0.96541301E-003  0.91440955E+000  0.45470463E+001  0.88191920E+001  0.15860486E+002  0.21714278E+002
 -0.93136751E+000 -0.83200639E+000 -0.54954559E+000 -0.18461890E+000 -0.52196565E-002  0.96541345E-003  0.91440977E+000  0.45470463E+001  0.88191920E+001  0.15860484E+002  0.21714278E+002
 -0.93136751E+000 -0.83200637E+000 -0.54954560E+000 -0.18461875E+000 -0.52196525E-002  0.96541385E-003  0.91441001E+000  0.45470463E+001  0.88191919E+001  0.15860483E+002  0.21714278E+002
 -0.93136749E+000 -0.83200636E+000 -0.54954559E+000 -0.18461860E+000 -0.52196491E-002  0.96541421E-003  0.91441025E+000  0.45470463E+001  0.88191918E+001  0.15860481E+002  0.21714277E+002
 -0.93136748E+000 -0.83200634E+000 -0.54954558E+000 -0.18461845E+000 -0.52196461E-002  0.96541453E-003  0.91441050E+000  0.45470463E+001  0.88191917E+001  0.15860480E+002  0.21714276E+002
 -0.93136747E+000 -0.83200633E+000 -0.54954556E+000 -0.18461831E+000 -0.52196436E-002  0.96541484E-003  0.91441077E+000  0.45470463E+001  0.88191915E+001  0.15860478E+002  0.21714275E+002
 -0.93136746E+000 -0.83200631E+000 -0.54954554E+000 -0.18461818E+000 -0.52196416E-002  0.96541514E-003  0.91441104E+000  0.45470463E+001  0.88191912E+001  0.15860477E+002  0.21714274E+002
 -0.93136745E+000 -0.83200629E+000 -0.54954552E+000 -0.18461806E+000 -0.52196398E-002  0.96541543E-003  0.91441132E+000  0.45470463E+001  0.88191910E+001  0.15860475E+002  0.21714272E+002
 -0.93136744E+000 -0.83200628E+000 -0.54954550E+000 -0.18461794E+000 -0.52196385E-002  0.96541572E-003  0.91441160E+000  0.45470463E+001  0.88191907E+001  0.15860474E+002  0.21714271E+002
 -0.93136743E+000 -0.83200627E+000 -0.54954548E+000 -0.18461783E+000 -0.52196374E-002  0.96541602E-003  0.91441190E+000  0.45470463E+001  0.88191904E+001  0.15860472E+002  0.21714269E+002
 -0.93136743E+000 -0.83200627E+000 -0.54954546E+000 -0.18461773E+000 -0.52196367E-002  0.96541632E-003  0.91441220E+000  0.45470463E+001  0.88191901E+001  0.15860471E+002  0.21714267E+002
 -0.93136742E+000 -0.83200626E+000 -0.54954545E+000 -0.18461764E+000 -0.52196362E-002  0.96541664E-003  0.91441250E+000  0.45470463E+001  0.88191898E+001  0.15860469E+002  0.21714265E+002
 -0.93136742E+000 -0.83200626E+000 -0.54954544E+000 -0.18461757E+000 -0.52196360E-002  0.96541696E-003  0.91441281E+000  0.45470464E+001  0.88191895E+001  0.15860468E+002  0.21714263E+002
 -0.93136742E+000 -0.83200627E+000 -0.54954544E+000 -0.18461750E+000 -0.52196360E-002  0.96541731E-003  0.91441313E+000  0.45470464E+001  0.88191891E+001  0.15860466E+002  0.21714260E+002
 -0.93136742E+000 -0.83200627E+000 -0.54954544E+000 -0.18461745E+000 -0.52196362E-002  0.96541766E-003  0.91441345E+000  0.45470464E+001  0.88191888E+001  0.15860465E+002  0.21714258E+002
 -0.93136743E+000 -0.83200629E+000 -0.54954545E+000 -0.18461741E+000 -0.52196366E-002  0.96541804E-003  0.91441377E+000  0.45470464E+001  0.88191884E+001  0.15860463E+002  0.21714256E+002
 -0.93136744E+000 -0.83200630E+000 -0.54954546E+000 -0.18461738E+000 -0.52196372E-002  0.96541842E-003  0.91441409E+000  0.45470465E+001  0.88191881E+001  0.15860462E+002  0.21714253E+002
 -0.93136745E+000 -0.83200632E+000 -0.54954548E+000 -0.18461737E+000 -0.52196379E-002  0.96541882E-003  0.91441441E+000  0.45470465E+001  0.88191878E+001  0.15860460E+002  0.21714251E+002
 -0.93136746E+000 -0.83200635E+000 -0.54954551E+000 -0.18461736E+000 -0.52196388E-002  0.96541923E-003  0.91441473E+000  0.45470466E+001  0.88191874E+001  0.15860459E+002  0.21714248E+002
 -0.93136748E+000 -0.83200637E+000 -0.54954555E+000 -0.18461737E+000 -0.52196398E-002  0.96541965E-003  0.91441505E+000  0.45470466E+001  0.88191871E+001  0.15860457E+002  0.21714245E+002
 -0.93136750E+000 -0.83200641E+000 -0.54954559E+000 -0.18461739E+000 -0.52196409E-002  0.96542008E-003  0.91441537E+000  0.45470467E+001  0.88191868E+001  0.15860456E+002  0.21714243E+002
 -0.93136751E+000 -0.83200644E+000 -0.54954563E+000 -0.18461741E+000 -0.52196422E-002  0.96542051E-003  0.91441569E+000  0.45470468E+001  0.88191865E+001  0.15860454E+002  0.21714240E+002
 -0.93136754E+000 -0.83200648E+000 -0.54954569E+000 -0.18461745E+000 -0.52196435E-002  0.96542095E-003  0.91441600E+000  0.45470469E+001  0.88191861E+001  0.15860453E+002  0.21714238E+002
 -0.93136756E+000 -0.83200652E+000 -0.54954575E+000 -0.18461750E+000 -0.52196449E-002  0.96542138E-003  0.91441631E+000  0.45470470E+001  0.88191859E+001  0.15860451E+002  0.21714235E+002
 -0.93136758E+000 -0.83200656E+000 -0.54954581E+000 -0.18461755E+000 -0.52196464E-002  0.96542181E-003  0.91441660E+000  0.45470471E+001  0.88191856E+001  0.15860450E+002  0.21714233E+002
 -0.93136761E+000 -0.83200661E+000 -0.54954588E+000 -0.18461762E+000 -0.52196479E-002  0.96542224E-003  0.91441690E+000  0.45470472E+001  0.88191853E+001  0.15860449E+002  0.21714230E+002
 -0.93136764E+000 -0.83200665E+000 -0.54954595E+000 -0.18461769E+000 -0.52196495E-002  0.96542265E-003  0.91441718E+000  0.45470473E+001  0.88191851E+001  0.15860447E+002  0.21714228E+002
 -0.93136767E+000 -0.83200670E+000 -0.54954603E+000 -0.18461776E+000 -0.52196512E-002  0.96542305E-003  0.91441746E+000  0.45470474E+001  0.88191849E+001  0.15860446E+002  0.21714225E+002
 -0.93136769E+000 -0.83200675E+000 -0.54954611E+000 -0.18461785E+000 -0.52196529E-002  0.96542344E-003  0.91441773E+000  0.45470476E+001  0.88191846E+001  0.15860445E+002  0.21714223E+002
 -0.93136772E+000 -0.83200680E+000 -0.54954620E+000 -0.18461793E+000 -0.52196546E-002  0.96542381E-003  0.91441799E+000  0.45470477E+001  0.88191844E+001  0.15860443E+002  0.21714221E+002
 -0.93136775E+000 -0.83200686E+000 -0.54954628E+000 -0.18461802E+000 -0.52196564E-002  0.96542416E-003  0.91441824E+000  0.45470478E+001  0.88191843E+001  0.15860442E+002  0.21714219E+002
 -0.93136778E+000 -0.83200691E+000 -0.54954637E+000 -0.18461812E+000 -0.52196581E-002  0.96542449E-003  0.91441848E+000  0.45470480E+001  0.88191841E+001  0.15860441E+002  0.21714216E+002
 -0.93136781E+000 -0.83200696E+000 -0.54954646E+000 -0.18461822E+000 -0.52196599E-002  0.96542480E-003  0.91441871E+000  0.45470481E+001  0.88191840E+001  0.15860440E+002  0.21714214E+002
 -0.93136784E+000 -0.83200701E+000 -0.54954655E+000 -0.18461832E+000 -0.52196617E-002  0.96542508E-003  0.91441893E+000  0.45470482E+001  0.88191838E+001  0.15860439E+002  0.21714212E+002
 -0.93136787E+000 -0.83200706E+000 -0.54954664E+000 -0.18461842E+000 -0.52196635E-002  0.96542534E-003  0.91441914E+000  0.45470484E+001  0.88191837E+001  0.15860438E+002  0.21714211E+002
 -0.93136790E+000 -0.83200712E+000 -0.54954673E+000 -0.18461852E+000 -0.52196652E-002  0.96542557E-003  0.91441934E+000  0.45470485E+001  0.88191836E+001  0.15860437E+002  0.21714209E+002
 -0.93136793E+000 -0.83200717E+000 -0.54954682E+000 -0.18461862E+000 -0.52196670E-002  0.96542577E-003  0.91441952E+000  0.45470486E+001  0.88191835E+001  0.15860436E+002  0.21714207E+002
 -0.93136796E+000 -0.83200722E+000 -0.54954691E+000 -0.18461873E+000 -0.52196687E-002  0.96542595E-003  0.91441970E+000  0.45470488E+001  0.88191834E+001  0.15860436E+002  0.21714206E+002
 -0.93136799E+000 -0.83200726E+000 -0.54954700E+000 -0.18461883E+000 -0.52196704E-002  0.96542610E-003  0.91441986E+000  0.45470489E+001  0.88191834E+001  0.15860435E+002  0.21714204E+002
 -0.93136801E+000 -0.83200731E+000 -0.54954709E+000 -0.18461893E+000 -0.52196720E-002  0.96542622E-003  0.91442002E+000  0.45470490E+001  0.88191833E+001  0.15860434E+002  0.21714203E+002
 -0.93136804E+000 -0.83200736E+000 -0.54954717E+000 -0.18461903E+000 -0.52196737E-002  0.96542631E-003  0.91442016E+000  0.45470492E+001  0.88191833E+001  0.15860433E+002  0.21714201E+002
 -0.93136806E+000 -0.83200740E+000 -0.54954726E+000 -0.18461913E+000 -0.52196752E-002  0.96542638E-003  0.91442029E+000  0.45470493E+001  0.88191832E+001  0.15860433E+002  0.21714200E+002
 -0.93136809E+000 -0.83200744E+000 -0.54954734E+000 -0.18461922E+000 -0.52196768E-002  0.96542643E-003  0.91442042E+000  0.45470494E+001  0.88191832E+001  0.15860432E+002  0.21714199E+002
 -0.93136811E+000 -0.83200749E+000 -0.54954742E+000 -0.18461932E+000 -0.52196783E-002  0.96542645E-003  0.91442053E+000  0.45470495E+001  0.88191832E+001  0.15860432E+002  0.21714198E+002
 -0.93136813E+000 -0.83200752E+000 -0.54954750E+000 -0.18461941E+000 -0.52196797E-002  0.96542644E-003  0.91442063E+000  0.45470496E+001  0.88191832E+001  0.15860431E+002  0.21714197E+002
 -0.93136815E+000 -0.83200756E+000 -0.54954757E+000 -0.18461950E+000 -0.52196811E-002  0.96542641E-003  0.91442073E+000  0.45470497E+001  0.88191832E+001  0.15860431E+002  0.21714196E+002
 -0.93136817E+000 -0.83200760E+000 -0.54954764E+000 -0.18461958E+000 -0.52196825E-002  0.96542636E-003  0.91442081E+000  0.45470499E+001  0.88191832E+001  0.15860430E+002  0.21714195E+002
 -0.93136819E+000 -0.83200763E+000 -0.54954771E+000 -0.18461966E+000 -0.52196838E-002  0.96542630E-003  0.91442089E+000  0.45470499E+001  0.88191832E+001  0.15860430E+002  0.21714195E+002
 -0.93136821E+000 -0.83200767E+000 -0.54954778E+000 -0.18461974E+000 -0.52196850E-002  0.96542621E-003  0.91442096E+000  0.45470500E+001  0.88191832E+001  0.15860430E+002  0.21714194E+002
 -0.93136823E+000 -0.83200770E+000 -0.54954784E+000 -0.18461982E+000 -0.52196862E-002  0.96542611E-003  0.91442102E+000  0.45470501E+001  0.88191832E+001  0.15860429E+002  0.21714193E+002
 -0.93136824E+000 -0.83200773E+000 -0.54954790E+000 -0.18461989E+000 -0.52196873E-002  0.96542599E-003  0.91442108E+000  0.45470502E+001  0.88191832E+001  0.15860429E+002  0.21714193E+002
 -0.93136826E+000 -0.83200775E+000 -0.54954796E+000 -0.18461996E+000 -0.52196884E-002  0.96542586E-003  0.91442113E+000  0.45470503E+001  0.88191832E+001  0.15860429E+002  0.21714192E+002
 -0.93136827E+000 -0.83200778E+000 -0.54954801E+000 -0.18462002E+000 -0.52196894E-002  0.96542571E-003  0.91442118E+000  0.45470504E+001  0.88191833E+001  0.15860429E+002  0.21714192E+002
 -0.93136829E+000 -0.83200781E+000 -0.54954807E+000 -0.18462009E+000 -0.52196903E-002  0.96542556E-003  0.91442122E+000  0.45470504E+001  0.88191833E+001  0.15860428E+002  0.21714192E+002
 -0.93136830E+000 -0.83200783E+000 -0.54954812E+000 -0.18462014E+000 -0.52196912E-002  0.96542539E-003  0.91442125E+000  0.45470505E+001  0.88191833E+001  0.15860428E+002  0.21714191E+002
 -0.93136831E+000 -0.83200785E+000 -0.54954816E+000 -0.18462020E+000 -0.52196921E-002  0.96542522E-003  0.91442128E+000  0.45470506E+001  0.88191833E+001  0.15860428E+002  0.21714191E+002
 -0.93136832E+000 -0.83200787E+000 -0.54954821E+000 -0.18462025E+000 -0.52196929E-002  0.96542505E-003  0.91442131E+000  0.45470506E+001  0.88191833E+001  0.15860428E+002  0.21714191E+002
 -0.93136833E+000 -0.83200789E+000 -0.54954825E+000 -0.18462030E+000 -0.52196936E-002  0.96542486E-003  0.91442133E+000  0.45470507E+001  0.88191834E+001  0.15860428E+002  0.21714191E+002
 -0.93136834E+000 -0.83200791E+000 -0.54954829E+000 -0.18462035E+000 -0.52196943E-002  0.96542468E-003  0.91442134E+000  0.45470507E+001  0.88191834E+001  0.15860428E+002  0.21714190E+002
 -0.93136835E+000 -0.83200792E+000 -0.54954833E+000 -0.18462039E+000 -0.52196950E-002  0.96542449E-003  0.91442136E+000  0.45470508E+001  0.88191834E+001  0.15860428E+002  0.21714190E+002
 -0.93136836E+000 -0.83200794E+000 -0.54954836E+000 -0.18462043E+000 -0.52196956E-002  0.96542430E-003  0.91442137E+000  0.45470508E+001  0.88191834E+001  0.15860428E+002  0.21714190E+002
 -0.93136837E+000 -0.83200795E+000 -0.54954839E+000 -0.18462047E+000 -0.52196961E-002  0.96542411E-003  0.91442139E+000  0.45470509E+001  0.88191835E+001  0.15860428E+002  0.21714190E+002
 -0.93136838E+000 -0.83200797E+000 -0.54954842E+000 -0.18462050E+000 -0.52196966E-002  0.96542393E-003  0.91442140E+000  0.45470509E+001  0.88191835E+001  0.15860428E+002  0.21714190E+002
 -0.93136838E+000 -0.83200798E+000 -0.54954845E+000 -0.18462054E+000 -0.52196971E-002  0.96542374E-003  0.91442140E+000  0.45470509E+001  0.88191835E+001  0.15860427E+002  0.21714190E+002
 -0.93136839E+000 -0.83200799E+000 -0.54954848E+000 -0.18462057E+000 -0.52196975E-002  0.96542356E-003  0.91442141E+000  0.45470510E+001  0.88191835E+001  0.15860427E+002  0.21714190E+002
 -0.93136839E+000 -0.83200800E+000 -0.54954850E+000 -0.18462059E+000 -0.52196979E-002  0.96542338E-003  0.91442142E+000  0.45470510E+001  0.88191835E+001  0.15860427E+002  0.21714190E+002
 -0.93136840E+000 -0.83200801E+000 -0.54954852E+000 -0.18462062E+000 -0.52196982E-002  0.96542320E-003  0.91442142E+000  0.45470510E+001  0.88191835E+001  0.15860427E+002  0.21714190E+002
 -0.93136840E+000 -0.83200802E+000 -0.54954854E+000 -0.18462064E+000 -0.52196986E-002  0.96542303E-003  0.91442143E+000  0.45470511E+001  0.88191835E+001  0.15860427E+002  0.21714190E+002
 -0.93136841E+000 -0.83200803E+000 -0.54954856E+000 -0.18462066E+000 -0.52196989E-002  0.96542287E-003  0.91442143E+000  0.45470511E+001  0.88191835E+001  0.15860427E+002  0.21714190E+002
 -0.93136841E+000 -0.83200803E+000 -0.54954858E+000 -0.18462068E+000 -0.52196991E-002  0.96542271E-003  0.91442144E+000  0.45470511E+001  0.88191835E+001  0.15860427E+002  0.21714190E+002
 -0.93136842E+000 -0.83200804E+000 -0.54954859E+000 -0.18462070E+000 -0.52196994E-002  0.96542255E-003  0.91442144E+000  0.45470511E+001  0.88191836E+001  0.15860427E+002  0.21714190E+002
 -0.93136842E+000 -0.83200805E+000 -0.54954861E+000 -0.18462072E+000 -0.52196996E-002  0.96542240E-003  0.91442145E+000  0.45470511E+001  0.88191836E+001  0.15860427E+002  0.21714190E+002
 -0.93136842E+000 -0.83200805E+000 -0.54954862E+000 -0.18462073E+000 -0.52196999E-002  0.96542225E-003  0.91442145E+000  0.45470512E+001  0.88191836E+001  0.15860427E+002  0.21714190E+002
 -0.93136843E+000 -0.83200806E+000 -0.54954864E+000 -0.18462075E+000 -0.52197001E-002  0.96542210E-003  0.91442146E+000  0.45470512E+001  0.88191836E+001  0.15860427E+002  0.21714190E+002
 -0.93136843E+000 -0.83200806E+000 -0.54954865E+000 -0.18462076E+000 -0.52197006E-002  0.96542192E-003  0.91442147E+000  0.45470512E+001  0.88191836E+001  0.15860427E+002  0.21714190E+002
 -0.93136843E+000 -0.83200807E+000 -0.54954866E+000 -0.18462078E+000 -0.52197012E-002  0.96542169E-003  0.91442147E+000  0.45470512E+001  0.88191836E+001  0.15860427E+002  0.21714190E+002
 -0.93136844E+000 -0.83200808E+000 -0.54954867E+000 -0.18462079E+000 -0.52197015E-002  0.96542147E-003  0.91442147E+000  0.45470512E+001  0.88191836E+001  0.15860427E+002  0.21714190E+002
 -0.93136843E+000 -0.83200806E+000 -0.54954865E+000 -0.18462077E+000 -0.52197005E-002  0.96542148E-003  0.91442148E+000  0.45470513E+001  0.88191836E+001  0.15860426E+002  0.21714190E+002
