  0.15948819E+000  0.20781855E+000  0.40295051E+000  0.60928915E+000  0.92367739E+000  0.10644083E+001  0.15869125E+001  0.34846660E+001  0.50762563E+001  0.88248767E+001  0.14132610E+002
  0.15910964E+000  0.20722669E+000  0.40185268E+000  0.60758326E+000  0.92172261E+000  0.10622165E+001  0.15820725E+001  0.34808671E+001  0.50643582E+001  0.87841098E+001  0.14065896E+002
  0.15911063E+000  0.20668970E+000  0.40139085E+000  0.60544641E+000  0.92016718E+000  0.10604190E+001  0.15781721E+001  0.34773034E+001  0.50573186E+001  0.87507075E+001  0.14016353E+002
  0.15869549E+000  0.20633674E+000  0.40077895E+000  0.60455248E+000  0.91885131E+000  0.10590283E+001  0.15749435E+001  0.34740095E+001  0.50498201E+001  0.87311038E+001  0.13978519E+002
  0.15852540E+000  0.20635661E+000  0.40049839E+000  0.60360181E+000  0.91783434E+000  0.10578634E+001  0.15723347E+001  0.34733229E+001  0.50461235E+001  0.87128839E+001  0.13948802E+002
  0.15856354E+000  0.20610372E+000  0.40017023E+000  0.60307818E+000  0.91710780E+000  0.10569506E+001  0.15704146E+001  0.34731746E+001  0.50432503E+001  0.86983731E+001  0.13925122E+002
  0.15850052E+000  0.20587780E+000  0.39998838E+000  0.60268634E+000  0.91648074E+000  0.10562060E+001  0.15690503E+001  0.34719932E+001  0.50411147E+001  0.86867380E+001  0.13905871E+002
  0.15853571E+000  0.20585723E+000  0.39979719E+000  0.60238570E+000  0.91594402E+000  0.10555925E+001  0.15677040E+001  0.34709549E+001  0.50395332E+001  0.86769983E+001  0.13890290E+002
  0.15836382E+000  0.20572392E+000  0.39965711E+000  0.60213718E+000  0.91543297E+000  0.10550851E+001  0.15666554E+001  0.34697435E+001  0.50380232E+001  0.86688723E+001  0.13877524E+002
  0.15824200E+000  0.20554473E+000  0.39950320E+000  0.60190033E+000  0.91512350E+000  0.10546636E+001  0.15656692E+001  0.34685947E+001  0.50369564E+001  0.86625959E+001  0.13867011E+002
  0.15811094E+000  0.20543995E+000  0.39940650E+000  0.60175281E+000  0.91484599E+000  0.10543123E+001  0.15649622E+001  0.34676361E+001  0.50359949E+001  0.86575851E+001  0.13858318E+002
  0.15801444E+000  0.20534536E+000  0.39938597E+000  0.60162260E+000  0.91457759E+000  0.10540194E+001  0.15643047E+001  0.34668888E+001  0.50347935E+001  0.86529151E+001  0.13851112E+002
  0.15800462E+000  0.20529651E+000  0.39931878E+000  0.60150129E+000  0.91433907E+000  0.10537744E+001  0.15639290E+001  0.34665699E+001  0.50339836E+001  0.86492115E+001  0.13845118E+002
  0.15794141E+000  0.20523325E+000  0.39926805E+000  0.60141008E+000  0.91413866E+000  0.10535738E+001  0.15635281E+001  0.34659657E+001  0.50333196E+001  0.86461876E+001  0.13840126E+002
  0.15790619E+000  0.20518926E+000  0.39923279E+000  0.60135108E+000  0.91402642E+000  0.10533979E+001  0.15631287E+001  0.34656742E+001  0.50328842E+001  0.86436675E+001  0.13836022E+002
  0.15780146E+000  0.20513767E+000  0.39920050E+000  0.60125934E+000  0.91391750E+000  0.10532544E+001  0.15628071E+001  0.34654517E+001  0.50325422E+001  0.86415680E+001  0.13832495E+002
  0.15775456E+000  0.20509933E+000  0.39917303E+000  0.60121349E+000  0.91381807E+000  0.10531344E+001  0.15625619E+001  0.34654333E+001  0.50322602E+001  0.86398170E+001  0.13829601E+002
  0.15772105E+000  0.20506583E+000  0.39915072E+000  0.60118752E+000  0.91373858E+000  0.10530341E+001  0.15623800E+001  0.34653612E+001  0.50320281E+001  0.86383560E+001  0.13827209E+002
  0.15770032E+000  0.20503698E+000  0.39912830E+000  0.60116270E+000  0.91366249E+000  0.10529505E+001  0.15622331E+001  0.34652288E+001  0.50318380E+001  0.86368605E+001  0.13825169E+002
  0.15769052E+000  0.20500785E+000  0.39911736E+000  0.60109778E+000  0.91359520E+000  0.10528810E+001  0.15621155E+001  0.34649926E+001  0.50316831E+001  0.86359018E+001  0.13823488E+002
  0.15767192E+000  0.20498523E+000  0.39910617E+000  0.60108965E+000  0.91353949E+000  0.10528232E+001  0.15620226E+001  0.34651076E+001  0.50315575E+001  0.86351042E+001  0.13822087E+002
  0.15762251E+000  0.20497361E+000  0.39909803E+000  0.60105677E+000  0.91349352E+000  0.10527755E+001  0.15619502E+001  0.34650482E+001  0.50314563E+001  0.86344406E+001  0.13820918E+002
  0.15760568E+000  0.20495845E+000  0.39908881E+000  0.60107341E+000  0.91345577E+000  0.10527361E+001  0.15618950E+001  0.34649342E+001  0.50313756E+001  0.86338883E+001  0.13819942E+002
  0.15759366E+000  0.20494479E+000  0.39908141E+000  0.60106041E+000  0.91342754E+000  0.10527039E+001  0.15618525E+001  0.34648428E+001  0.50313120E+001  0.86329666E+001  0.13819128E+002
  0.15758376E+000  0.20492463E+000  0.39907860E+000  0.60104729E+000  0.91339972E+000  0.10526776E+001  0.15618350E+001  0.34647693E+001  0.50312625E+001  0.86325927E+001  0.13818447E+002
  0.15757563E+000  0.20492403E+000  0.39907232E+000  0.60102371E+000  0.91337941E+000  0.10526618E+001  0.15619378E+001  0.34648321E+001  0.50312248E+001  0.86322805E+001  0.13817876E+002
  0.15757514E+000  0.20491155E+000  0.39906760E+000  0.60104010E+000  0.91336315E+000  0.10526393E+001  0.15617903E+001  0.34647653E+001  0.50311970E+001  0.86320188E+001  0.13817395E+002
  0.15756371E+000  0.20490574E+000  0.39906963E+000  0.60100406E+000  0.91338912E+000  0.10526258E+001  0.15617844E+001  0.34647081E+001  0.50311774E+001  0.86317983E+001  0.13816987E+002
  0.15755940E+000  0.20491872E+000  0.39906237E+000  0.60099672E+000  0.91334021E+000  0.10526158E+001  0.15617839E+001  0.34646640E+001  0.50311656E+001  0.86316110E+001  0.13816640E+002
  0.15755596E+000  0.20489476E+000  0.39906058E+000  0.60099071E+000  0.91333251E+000  0.10526129E+001  0.15617878E+001  0.34646306E+001  0.50313056E+001  0.86314505E+001  0.13816340E+002
  0.15755325E+000  0.20489213E+000  0.39906514E+000  0.60098579E+000  0.91332674E+000  0.10526098E+001  0.15617954E+001  0.34646062E+001  0.50313513E+001  0.86313111E+001  0.13816077E+002
  0.15755115E+000  0.20489019E+000  0.39905818E+000  0.60098256E+000  0.91332258E+000  0.10526065E+001  0.15618058E+001  0.34645893E+001  0.50313321E+001  0.86311883E+001  0.13815845E+002
  0.15754955E+000  0.20488881E+000  0.39905742E+000  0.60098602E+000  0.91331975E+000  0.10526029E+001  0.15618185E+001  0.34645788E+001  0.50313202E+001  0.86310782E+001  0.13815634E+002
  0.15754837E+000  0.20488789E+000  0.39905871E+000  0.60098836E+000  0.91331801E+000  0.10525990E+001  0.15618329E+001  0.34645738E+001  0.50313142E+001  0.86309777E+001  0.13815441E+002
  0.15754752E+000  0.20488735E+000  0.39906045E+000  0.60098978E+000  0.91331717E+000  0.10525948E+001  0.15618486E+001  0.34645736E+001  0.50313129E+001  0.86308842E+001  0.13815259E+002
  0.15754695E+000  0.20488710E+000  0.39906170E+000  0.60099047E+000  0.91331706E+000  0.10525914E+001  0.15618652E+001  0.34645778E+001  0.50313156E+001  0.86307955E+001  0.13815086E+002
  0.15754661E+000  0.20488804E+000  0.39906258E+000  0.60099057E+000  0.91331754E+000  0.10525921E+001  0.15618826E+001  0.34645860E+001  0.50313213E+001  0.86307101E+001  0.13814918E+002
  0.15754644E+000  0.20488955E+000  0.39906318E+000  0.60099022E+000  0.91331853E+000  0.10525933E+001  0.15619004E+001  0.34645980E+001  0.50313296E+001  0.86306264E+001  0.13814753E+002
  0.15754643E+000  0.20489035E+000  0.39906357E+000  0.60098953E+000  0.91331991E+000  0.10525949E+001  0.15619185E+001  0.34646137E+001  0.50313399E+001  0.86305435E+001  0.13814588E+002
  0.15754654E+000  0.20489063E+000  0.39906383E+000  0.60098861E+000  0.91332164E+000  0.10525969E+001  0.15619366E+001  0.34646330E+001  0.50313520E+001  0.86304605E+001  0.13814422E+002
  0.15754674E+000  0.20489055E+000  0.39906401E+000  0.60098752E+000  0.91332364E+000  0.10525992E+001  0.15619547E+001  0.34646559E+001  0.50313654E+001  0.86303769E+001  0.13814255E+002
  0.15754703E+000  0.20489020E+000  0.39906415E+000  0.60098633E+000  0.91332589E+000  0.10526018E+001  0.15619726E+001  0.34646825E+001  0.50313800E+001  0.86302923E+001  0.13814085E+002
  0.15754738E+000  0.20488996E+000  0.39906430E+000  0.60098511E+000  0.91336968E+000  0.10526046E+001  0.15619903E+001  0.34647128E+001  0.50313956E+001  0.86302063E+001  0.13813911E+002
  0.15754780E+000  0.20489070E+000  0.39906447E+000  0.60098390E+000  0.91336690E+000  0.10526076E+001  0.15620076E+001  0.34647470E+001  0.50314122E+001  0.86301187E+001  0.13813734E+002
  0.15754826E+000  0.20489149E+000  0.39906468E+000  0.60098273E+000  0.91336415E+000  0.10526107E+001  0.15620247E+001  0.34647850E+001  0.50314295E+001  0.86300294E+001  0.13813553E+002
  0.15754876E+000  0.20489231E+000  0.39906497E+000  0.60098164E+000  0.91336143E+000  0.10526141E+001  0.15620413E+001  0.34648270E+001  0.50314476E+001  0.86299385E+001  0.13813369E+002
  0.15754931E+000  0.20489317E+000  0.39906534E+000  0.60098066E+000  0.91335874E+000  0.10526176E+001  0.15620576E+001  0.34652433E+001  0.50314664E+001  0.86298460E+001  0.13813181E+002
  0.15754989E+000  0.20489406E+000  0.39906580E+000  0.60097980E+000  0.91335606E+000  0.10526257E+001  0.15620734E+001  0.34665060E+001  0.50314859E+001  0.86297519E+001  0.13812989E+002
  0.15755051E+000  0.20489498E+000  0.39906635E+000  0.60097908E+000  0.91335339E+000  0.10526250E+001  0.15620889E+001  0.34665128E+001  0.50315061E+001  0.86296564E+001  0.13812793E+002
  0.15755115E+000  0.20489593E+000  0.39906701E+000  0.60097852E+000  0.91335075E+000  0.10526289E+001  0.15621708E+001  0.34665218E+001  0.50315269E+001  0.86295596E+001  0.13812595E+002
  0.15755183E+000  0.20489690E+000  0.39906776E+000  0.60097811E+000  0.91335333E+000  0.10526329E+001  0.15621715E+001  0.34665329E+001  0.50315483E+001  0.86294614E+001  0.13812393E+002
  0.15755253E+000  0.20489790E+000  0.39906861E+000  0.60097787E+000  0.91335699E+000  0.10526371E+001  0.15621738E+001  0.34665460E+001  0.50315703E+001  0.86293622E+001  0.13812189E+002
  0.15755326E+000  0.20489892E+000  0.39906956E+000  0.60097779E+000  0.91336076E+000  0.10526413E+001  0.15621773E+001  0.34665612E+001  0.50315929E+001  0.86292619E+001  0.13811982E+002
  0.15755401E+000  0.20489996E+000  0.39907759E+000  0.60097787E+000  0.91336461E+000  0.10526457E+001  0.15621821E+001  0.34665783E+001  0.50316160E+001  0.86291607E+001  0.13811773E+002
  0.15755478E+000  0.20490102E+000  0.39907865E+000  0.60104029E+000  0.91336856E+000  0.10526501E+001  0.15621880E+001  0.34665972E+001  0.50316396E+001  0.86290588E+001  0.13811562E+002
  0.15755558E+000  0.20490210E+000  0.39907978E+000  0.60103934E+000  0.91337258E+000  0.10526547E+001  0.15621949E+001  0.34666178E+001  0.50316637E+001  0.86289562E+001  0.13811350E+002
  0.15755639E+000  0.20490320E+000  0.39908098E+000  0.60103851E+000  0.91337667E+000  0.10526593E+001  0.15622027E+001  0.34666400E+001  0.50317076E+001  0.86288532E+001  0.13811136E+002
  0.15755722E+000  0.20490431E+000  0.39908224E+000  0.60103780E+000  0.91338083E+000  0.10526640E+001  0.15622112E+001  0.34666788E+001  0.50317196E+001  0.86287499E+001  0.13810921E+002
  0.15755806E+000  0.20490544E+000  0.39908563E+000  0.60104903E+000  0.91338504E+000  0.10526687E+001  0.15622204E+001  0.34667236E+001  0.50319005E+001  0.86286463E+001  0.13810705E+002
  0.15755892E+000  0.20490658E+000  0.39908697E+000  0.60104577E+000  0.91338930E+000  0.10526829E+001  0.15622426E+001  0.34667687E+001  0.50318477E+001  0.86285427E+001  0.13810489E+002
  0.15755978E+000  0.20490773E+000  0.39908836E+000  0.60104261E+000  0.91339360E+000  0.10526857E+001  0.15622427E+001  0.34668139E+001  0.50318260E+001  0.86284392E+001  0.13810273E+002
  0.15756066E+000  0.20490889E+000  0.39909052E+000  0.60103956E+000  0.91339793E+000  0.10526885E+001  0.15622429E+001  0.34668591E+001  0.50318621E+001  0.86283359E+001  0.13810057E+002
  0.15756154E+000  0.20491005E+000  0.39909193E+000  0.60103661E+000  0.91340229E+000  0.10526914E+001  0.15623111E+001  0.34669042E+001  0.50318983E+001  0.86282330E+001  0.13809841E+002
  0.15756242E+000  0.20491122E+000  0.39909339E+000  0.60103376E+000  0.91340665E+000  0.10526944E+001  0.15622968E+001  0.34669493E+001  0.50319345E+001  0.86281306E+001  0.13809627E+002
  0.15756331E+000  0.20491239E+000  0.39909489E+000  0.60103102E+000  0.91341102E+000  0.10526978E+001  0.15622830E+001  0.34669942E+001  0.50320990E+001  0.86280289E+001  0.13809414E+002
  0.15756420E+000  0.20491356E+000  0.39909641E+000  0.60102838E+000  0.91341539E+000  0.10527027E+001  0.15622822E+001  0.34670389E+001  0.50320977E+001  0.86279281E+001  0.13809202E+002
  0.15756508E+000  0.20491473E+000  0.39909796E+000  0.60102585E+000  0.91346336E+000  0.10527076E+001  0.15622917E+001  0.34670833E+001  0.50321022E+001  0.86278282E+001  0.13808992E+002
  0.15756596E+000  0.20491589E+000  0.39909952E+000  0.60102342E+000  0.91346713E+000  0.10527124E+001  0.15623011E+001  0.34671274E+001  0.50321125E+001  0.86277295E+001  0.13808784E+002
  0.15756684E+000  0.20491705E+000  0.39910110E+000  0.60102108E+000  0.91346530E+000  0.10527172E+001  0.15623101E+001  0.34671710E+001  0.50321282E+001  0.86276321E+001  0.13808579E+002
  0.15756770E+000  0.20491820E+000  0.39910268E+000  0.60101885E+000  0.91346353E+000  0.10527220E+001  0.15623189E+001  0.34672142E+001  0.50321493E+001  0.86275361E+001  0.13808377E+002
  0.15756856E+000  0.20491934E+000  0.39910425E+000  0.60101671E+000  0.91346353E+000  0.10527267E+001  0.15623274E+001  0.34672569E+001  0.50321839E+001  0.86274416E+001  0.13808177E+002
  0.15756940E+000  0.20492047E+000  0.39910581E+000  0.60101466E+000  0.91346363E+000  0.10527313E+001  0.15623356E+001  0.34672991E+001  0.50322182E+001  0.86273488E+001  0.13807982E+002
  0.15757023E+000  0.20492158E+000  0.39910735E+000  0.60101269E+000  0.91346373E+000  0.10527359E+001  0.15623436E+001  0.34673405E+001  0.50322521E+001  0.86272578E+001  0.13807790E+002
  0.15757105E+000  0.20492267E+000  0.39910887E+000  0.60101081E+000  0.91346383E+000  0.10527404E+001  0.15623513E+001  0.34673813E+001  0.50322853E+001  0.86271687E+001  0.13807601E+002
  0.15757184E+000  0.20492375E+000  0.39911039E+000  0.60100902E+000  0.91346391E+000  0.10527448E+001  0.15623587E+001  0.34674214E+001  0.50324779E+001  0.86270817E+001  0.13807417E+002
  0.15757262E+000  0.20492480E+000  0.39911188E+000  0.60108813E+000  0.91346397E+000  0.10527491E+001  0.15623658E+001  0.34674606E+001  0.50324272E+001  0.86269967E+001  0.13807238E+002
  0.15757337E+000  0.20492583E+000  0.39911334E+000  0.60108423E+000  0.91346401E+000  0.10527533E+001  0.15623727E+001  0.34674990E+001  0.50323870E+001  0.86269140E+001  0.13807063E+002
  0.15757411E+000  0.20492684E+000  0.39911474E+000  0.60109426E+000  0.91346436E+000  0.10527574E+001  0.15623793E+001  0.34675364E+001  0.50324171E+001  0.86268335E+001  0.13806893E+002
  0.15757482E+000  0.20492781E+000  0.39911610E+000  0.60108987E+000  0.91346791E+000  0.10527613E+001  0.15623856E+001  0.34675729E+001  0.50324481E+001  0.86267554E+001  0.13806728E+002
  0.15757550E+000  0.20492876E+000  0.39911740E+000  0.60108563E+000  0.91347134E+000  0.10527652E+001  0.15623916E+001  0.34676083E+001  0.50324780E+001  0.86266797E+001  0.13806568E+002
  0.15757616E+000  0.20492968E+000  0.39911865E+000  0.60108155E+000  0.91347466E+000  0.10527689E+001  0.15623974E+001  0.34676427E+001  0.50325070E+001  0.86266066E+001  0.13806413E+002
  0.15757680E+000  0.20493057E+000  0.39911985E+000  0.60107762E+000  0.91352230E+000  0.10527725E+001  0.15624028E+001  0.34676758E+001  0.50325348E+001  0.86265359E+001  0.13806264E+002
  0.15757741E+000  0.20493143E+000  0.39912098E+000  0.60107386E+000  0.91352077E+000  0.10527759E+001  0.15624081E+001  0.34677079E+001  0.50325616E+001  0.86264679E+001  0.13806120E+002
  0.15757799E+000  0.20493226E+000  0.39912206E+000  0.60107024E+000  0.91351929E+000  0.10527792E+001  0.15624130E+001  0.34677386E+001  0.50325872E+001  0.86264026E+001  0.13805982E+002
  0.15757854E+000  0.20493305E+000  0.39912308E+000  0.60106679E+000  0.91351786E+000  0.10527823E+001  0.15624178E+001  0.34677682E+001  0.50326117E+001  0.86263399E+001  0.13805849E+002
  0.15757907E+000  0.20493382E+000  0.39912405E+000  0.60106348E+000  0.91351650E+000  0.10527853E+001  0.15624222E+001  0.34677964E+001  0.50326351E+001  0.86262798E+001  0.13805723E+002
  0.15757958E+000  0.20493454E+000  0.39912496E+000  0.60106034E+000  0.91351518E+000  0.10527882E+001  0.15624265E+001  0.34684394E+001  0.50326574E+001  0.86262225E+001  0.13805602E+002
  0.15758005E+000  0.20493524E+000  0.39912582E+000  0.60105734E+000  0.91351393E+000  0.10527909E+001  0.15624305E+001  0.34684439E+001  0.50326786E+001  0.86261679E+001  0.13805486E+002
  0.15758051E+000  0.20494991E+000  0.39912662E+000  0.60105450E+000  0.91351273E+000  0.10527935E+001  0.15624342E+001  0.34684483E+001  0.50326986E+001  0.86261160E+001  0.13805377E+002
  0.15758093E+000  0.20495013E+000  0.39912738E+000  0.60105181E+000  0.91351159E+000  0.10527959E+001  0.15624378E+001  0.34684526E+001  0.50327176E+001  0.86260667E+001  0.13805273E+002
  0.15758134E+000  0.20495034E+000  0.39912809E+000  0.60104927E+000  0.91351050E+000  0.10527982E+001  0.15624412E+001  0.34684569E+001  0.50327355E+001  0.86260200E+001  0.13805174E+002
  0.15758172E+000  0.20495054E+000  0.39912875E+000  0.60104687E+000  0.91350947E+000  0.10528004E+001  0.15624443E+001  0.34684610E+001  0.50327523E+001  0.86259760E+001  0.13805081E+002
  0.15758208E+000  0.20495072E+000  0.39912938E+000  0.60104461E+000  0.91350850E+000  0.10528024E+001  0.15624473E+001  0.34684649E+001  0.50327682E+001  0.86259344E+001  0.13804994E+002
  0.15758241E+000  0.20495090E+000  0.39912996E+000  0.60104250E+000  0.91350759E+000  0.10528043E+001  0.15624501E+001  0.34684687E+001  0.50327830E+001  0.86258954E+001  0.13804912E+002
  0.15758272E+000  0.20495106E+000  0.39913050E+000  0.60104051E+000  0.91350797E+000  0.10528061E+001  0.15624527E+001  0.34684724E+001  0.50327969E+001  0.86258588E+001  0.13804834E+002
  0.15758302E+000  0.20495122E+000  0.39913101E+000  0.60103866E+000  0.91350947E+000  0.10528078E+001  0.15624551E+001  0.34684759E+001  0.50328099E+001  0.86258245E+001  0.13804762E+002
  0.15758329E+000  0.20495137E+000  0.39913148E+000  0.60103693E+000  0.91351087E+000  0.10528202E+001  0.15624574E+001  0.34684792E+001  0.50328220E+001  0.86257924E+001  0.13804694E+002
  0.15758355E+000  0.20495150E+000  0.39913192E+000  0.60103533E+000  0.91351218E+000  0.10528178E+001  0.15624595E+001  0.34684823E+001  0.50328332E+001  0.86257625E+001  0.13804631E+002
  0.15758379E+000  0.20495163E+000  0.39913232E+000  0.60103383E+000  0.91351339E+000  0.10528156E+001  0.15624615E+001  0.34684852E+001  0.50328436E+001  0.86257347E+001  0.13804573E+002
  0.15758400E+000  0.20495176E+000  0.39913270E+000  0.60103245E+000  0.91351452E+000  0.10528136E+001  0.15624633E+001  0.34684879E+001  0.50328532E+001  0.86257090E+001  0.13804519E+002
  0.15758421E+000  0.20495187E+000  0.39913305E+000  0.60103118E+000  0.91351557E+000  0.10528146E+001  0.15624650E+001  0.34684904E+001  0.50328620E+001  0.86256851E+001  0.13804468E+002
  0.15758440E+000  0.20495198E+000  0.39913337E+000  0.60103000E+000  0.91351653E+000  0.10528157E+001  0.15624666E+001  0.34684928E+001  0.50328701E+001  0.86256630E+001  0.13804422E+002
  0.15758457E+000  0.20495208E+000  0.39913367E+000  0.60102892E+000  0.91351742E+000  0.10528167E+001  0.15624680E+001  0.34684949E+001  0.50328778E+001  0.86256427E+001  0.13804379E+002
  0.15758473E+000  0.20495217E+000  0.39913395E+000  0.60102793E+000  0.91351824E+000  0.10528176E+001  0.15624693E+001  0.34684969E+001  0.50328849E+001  0.86256240E+001  0.13804339E+002
  0.15758487E+000  0.20495226E+000  0.39913420E+000  0.60102702E+000  0.91351899E+000  0.10528184E+001  0.15624705E+001  0.34684987E+001  0.50328913E+001  0.86256068E+001  0.13804303E+002
  0.15758501E+000  0.20495234E+000  0.39913443E+000  0.60102619E+000  0.91351967E+000  0.10528192E+001  0.15624716E+001  0.34685003E+001  0.50328971E+001  0.86255911E+001  0.13804270E+002
  0.15758513E+000  0.20495241E+000  0.39913464E+000  0.60102543E+000  0.91352030E+000  0.10528199E+001  0.15624726E+001  0.34685018E+001  0.50329023E+001  0.86255767E+001  0.13804240E+002
  0.15761862E+000  0.20495248E+000  0.39913484E+000  0.60102475E+000  0.91352087E+000  0.10528205E+001  0.15624735E+001  0.34685031E+001  0.50329069E+001  0.86255637E+001  0.13804213E+002
  0.15761853E+000  0.20495254E+000  0.39913501E+000  0.60102413E+000  0.91352139E+000  0.10528211E+001  0.15624744E+001  0.34685043E+001  0.50329109E+001  0.86255518E+001  0.13804188E+002
  0.15761844E+000  0.20495259E+000  0.39913517E+000  0.60102357E+000  0.91352185E+000  0.10528216E+001  0.15624751E+001  0.34685053E+001  0.50329144E+001  0.86255410E+001  0.13804165E+002
  0.15761837E+000  0.20495264E+000  0.39913532E+000  0.60102307E+000  0.91352228E+000  0.10528221E+001  0.15624758E+001  0.34685062E+001  0.50329175E+001  0.86255313E+001  0.13804145E+002
  0.15761830E+000  0.20495269E+000  0.39913545E+000  0.60102263E+000  0.91352266E+000  0.10528225E+001  0.15624764E+001  0.34685069E+001  0.50329200E+001  0.86255226E+001  0.13804126E+002
  0.15761823E+000  0.20495273E+000  0.39913557E+000  0.60102223E+000  0.91352300E+000  0.10528229E+001  0.15624769E+001  0.34685076E+001  0.50329221E+001  0.86255147E+001  0.13804110E+002
  0.15761817E+000  0.20495276E+000  0.39913568E+000  0.60102189E+000  0.91352330E+000  0.10528232E+001  0.15624774E+001  0.34685081E+001  0.50329238E+001  0.86255077E+001  0.13804095E+002
  0.15761812E+000  0.20495279E+000  0.39913578E+000  0.60102167E+000  0.91352357E+000  0.10528235E+001  0.15624779E+001  0.34685085E+001  0.50329251E+001  0.86255015E+001  0.13804082E+002
  0.15761807E+000  0.20495282E+000  0.39913587E+000  0.60102147E+000  0.91352381E+000  0.10528238E+001  0.15624782E+001  0.34685089E+001  0.50329261E+001  0.86254959E+001  0.13804070E+002
  0.15761803E+000  0.20495284E+000  0.39913594E+000  0.60102130E+000  0.91352402E+000  0.10528240E+001  0.15624786E+001  0.34685091E+001  0.50329267E+001  0.86254911E+001  0.13804060E+002
  0.15761799E+000  0.20495286E+000  0.39913601E+000  0.60102116E+000  0.91352420E+000  0.10528242E+001  0.15624789E+001  0.34685093E+001  0.50329270E+001  0.86254868E+001  0.13804051E+002
  0.15761796E+000  0.20495288E+000  0.39913608E+000  0.60102104E+000  0.91352436E+000  0.10528244E+001  0.15624792E+001  0.34685094E+001  0.50329270E+001  0.86254830E+001  0.13804044E+002
  0.15761793E+000  0.20495289E+000  0.39913613E+000  0.60102094E+000  0.91352449E+000  0.10528246E+001  0.15624794E+001  0.34685095E+001  0.50329267E+001  0.86254798E+001  0.13804037E+002
  0.15761790E+000  0.20495290E+000  0.39913618E+000  0.60102086E+000  0.91352461E+000  0.10528247E+001  0.15624796E+001  0.34685095E+001  0.50329262E+001  0.86254770E+001  0.13804031E+002
  0.15761787E+000  0.20495290E+000  0.39913622E+000  0.60102080E+000  0.91352471E+000  0.10528248E+001  0.15624798E+001  0.34685095E+001  0.50329255E+001  0.86254747E+001  0.13804027E+002
  0.15761785E+000  0.20495291E+000  0.39913625E+000  0.60102076E+000  0.91352479E+000  0.10528249E+001  0.15624800E+001  0.34685094E+001  0.50329245E+001  0.86254727E+001  0.13804023E+002
  0.15761783E+000  0.20495291E+000  0.39913628E+000  0.60102073E+000  0.91352485E+000  0.10528250E+001  0.15624801E+001  0.34685092E+001  0.50329234E+001  0.86254710E+001  0.13804019E+002
  0.15761782E+000  0.20495290E+000  0.39913631E+000  0.60102072E+000  0.91352490E+000  0.10528250E+001  0.15624803E+001  0.34685091E+001  0.50329221E+001  0.86254697E+001  0.13804017E+002
  0.15761780E+000  0.20495290E+000  0.39913633E+000  0.60102072E+000  0.91352494E+000  0.10528251E+001  0.15624804E+001  0.34685089E+001  0.50329207E+001  0.86254686E+001  0.13804015E+002
  0.15761779E+000  0.20495290E+000  0.39913635E+000  0.60102072E+000  0.91352497E+000  0.10528251E+001  0.15624805E+001  0.34685086E+001  0.50329192E+001  0.86254678E+001  0.13804013E+002
  0.15761778E+000  0.20495289E+000  0.39913636E+000  0.60102074E+000  0.91352499E+000  0.10528251E+001  0.15624806E+001  0.34685084E+001  0.50329175E+001  0.86254673E+001  0.13804012E+002
  0.15761777E+000  0.20495288E+000  0.39913637E+000  0.60102077E+000  0.91352499E+000  0.10528251E+001  0.15624807E+001  0.34685082E+001  0.50329158E+001  0.86254669E+001  0.13804012E+002
  0.15761776E+000  0.20495287E+000  0.39913637E+000  0.60102080E+000  0.91352499E+000  0.10528251E+001  0.15624808E+001  0.34685079E+001  0.50329140E+001  0.86254667E+001  0.13804012E+002
  0.15761775E+000  0.20495286E+000  0.39913637E+000  0.60102083E+000  0.91352499E+000  0.10528251E+001  0.15624808E+001  0.34685076E+001  0.50329121E+001  0.86254667E+001  0.13804012E+002
  0.15761775E+000  0.20495285E+000  0.39913637E+000  0.60102087E+000  0.91352497E+000  0.10528251E+001  0.15624809E+001  0.34685073E+001  0.50329102E+001  0.86254668E+001  0.13804012E+002
  0.15761774E+000  0.20495283E+000  0.39913637E+000  0.60102092E+000  0.91352495E+000  0.10528251E+001  0.15624810E+001  0.34685070E+001  0.50329084E+001  0.86254670E+001  0.13804013E+002
  0.15761774E+000  0.20495282E+000  0.39913636E+000  0.60102096E+000  0.91352493E+000  0.10528250E+001  0.15624810E+001  0.34685067E+001  0.50329066E+001  0.86254674E+001  0.13804014E+002
  0.15761773E+000  0.20495281E+000  0.39913635E+000  0.60102101E+000  0.91352490E+000  0.10528250E+001  0.15624811E+001  0.34685065E+001  0.50329049E+001  0.86254678E+001  0.13804015E+002
  0.15761773E+000  0.20495279E+000  0.39913634E+000  0.60102106E+000  0.91352487E+000  0.10528250E+001  0.15624811E+001  0.34685062E+001  0.50329031E+001  0.86254683E+001  0.13804017E+002
  0.15761773E+000  0.20495278E+000  0.39913632E+000  0.60102111E+000  0.91352483E+000  0.10528249E+001  0.15624812E+001  0.34685059E+001  0.50329013E+001  0.86254689E+001  0.13804018E+002
  0.15761772E+000  0.20495276E+000  0.39913631E+000  0.60102116E+000  0.91352480E+000  0.10528249E+001  0.15624812E+001  0.34685056E+001  0.50328995E+001  0.86254695E+001  0.13804020E+002
  0.15761772E+000  0.20495275E+000  0.39913629E+000  0.60102121E+000  0.91352476E+000  0.10528248E+001  0.15624812E+001  0.34685054E+001  0.50328978E+001  0.86254702E+001  0.13804022E+002
  0.15761772E+000  0.20495273E+000  0.39913627E+000  0.60102126E+000  0.91352472E+000  0.10528248E+001  0.15624813E+001  0.34685051E+001  0.50328961E+001  0.86254709E+001  0.13804023E+002
  0.15761772E+000  0.20495272E+000  0.39913625E+000  0.60102131E+000  0.91352467E+000  0.10528247E+001  0.15624813E+001  0.34685049E+001  0.50328945E+001  0.86254717E+001  0.13804025E+002
  0.15761772E+000  0.20495270E+000  0.39913623E+000  0.60102136E+000  0.91352463E+000  0.10528247E+001  0.15624813E+001  0.34685046E+001  0.50328929E+001  0.86254725E+001  0.13804027E+002
  0.15761772E+000  0.20495269E+000  0.39913620E+000  0.60102140E+000  0.91352459E+000  0.10528246E+001  0.15624813E+001  0.34685044E+001  0.50328913E+001  0.86254733E+001  0.13804029E+002
  0.15761772E+000  0.20495267E+000  0.39913618E+000  0.60102144E+000  0.91352454E+000  0.10528246E+001  0.15624814E+001  0.34685042E+001  0.50328899E+001  0.86254741E+001  0.13804031E+002
  0.15761772E+000  0.20495266E+000  0.39913615E+000  0.60102148E+000  0.91352450E+000  0.10528245E+001  0.15624814E+001  0.34685040E+001  0.50328884E+001  0.86254749E+001  0.13804033E+002
  0.15761772E+000  0.20495264E+000  0.39913613E+000  0.60102152E+000  0.91352445E+000  0.10528245E+001  0.15624814E+001  0.34685038E+001  0.50328871E+001  0.86254757E+001  0.13804035E+002
  0.15761772E+000  0.20495263E+000  0.39913610E+000  0.60102155E+000  0.91352441E+000  0.10528244E+001  0.15624814E+001  0.34685037E+001  0.50328858E+001  0.86254765E+001  0.13804037E+002
  0.15761772E+000  0.20495261E+000  0.39913607E+000  0.60102158E+000  0.91352436E+000  0.10528244E+001  0.15624814E+001  0.34685035E+001  0.50328846E+001  0.86254773E+001  0.13804039E+002
  0.15761772E+000  0.20495260E+000  0.39913605E+000  0.60102161E+000  0.91352432E+000  0.10528244E+001  0.15624814E+001  0.34685034E+001  0.50328835E+001  0.86254781E+001  0.13804041E+002
  0.15761772E+000  0.20495259E+000  0.39913602E+000  0.60102163E+000  0.91352428E+000  0.10528243E+001  0.15624814E+001  0.34685033E+001  0.50328825E+001  0.86254788E+001  0.13804043E+002
  0.15761772E+000  0.20495257E+000  0.39913599E+000  0.60102166E+000  0.91352424E+000  0.10528243E+001  0.15624813E+001  0.34685032E+001  0.50328815E+001  0.86254796E+001  0.13804045E+002
  0.15761772E+000  0.20495256E+000  0.39913597E+000  0.60102168E+000  0.91352420E+000  0.10528242E+001  0.15624813E+001  0.34685031E+001  0.50328806E+001  0.86254803E+001  0.13804046E+002
  0.15761772E+000  0.20495255E+000  0.39913594E+000  0.60102169E+000  0.91352416E+000  0.10528242E+001  0.15624813E+001  0.34685030E+001  0.50328798E+001  0.86254810E+001  0.13804048E+002
  0.15761772E+000  0.20495254E+000  0.39913591E+000  0.60102170E+000  0.91352412E+000  0.10528241E+001  0.15624813E+001  0.34685030E+001  0.50328791E+001  0.86254817E+001  0.13804050E+002
  0.15761772E+000  0.20495253E+000  0.39913589E+000  0.60102172E+000  0.91352409E+000  0.10528241E+001  0.15624812E+001  0.34685029E+001  0.50328785E+001  0.86254823E+001  0.13804051E+002
  0.15761772E+000  0.20495252E+000  0.39913586E+000  0.60102172E+000  0.91352405E+000  0.10528241E+001  0.15624812E+001  0.34685029E+001  0.50328780E+001  0.86254829E+001  0.13804053E+002
  0.15761771E+000  0.20495251E+000  0.39913584E+000  0.60102173E+000  0.91352402E+000  0.10528240E+001  0.15624812E+001  0.34685029E+001  0.50328775E+001  0.86254835E+001  0.13804054E+002
  0.15761771E+000  0.20495250E+000  0.39913581E+000  0.60102174E+000  0.91352399E+000  0.10528240E+001  0.15624811E+001  0.34685029E+001  0.50328771E+001  0.86254841E+001  0.13804056E+002
  0.15761771E+000  0.20495249E+000  0.39913579E+000  0.60102174E+000  0.91352396E+000  0.10528239E+001  0.15624811E+001  0.34685029E+001  0.50328768E+001  0.86254846E+001  0.13804057E+002
  0.15761771E+000  0.20495248E+000  0.39913577E+000  0.60102174E+000  0.91352393E+000  0.10528239E+001  0.15624810E+001  0.34685029E+001  0.50328766E+001  0.86254852E+001  0.13804058E+002
  0.15761771E+000  0.20495248E+000  0.39913575E+000  0.60102174E+000  0.91352390E+000  0.10528239E+001  0.15624810E+001  0.34685029E+001  0.50328764E+001  0.86254856E+001  0.13804060E+002
  0.15761771E+000  0.20495247E+000  0.39913573E+000  0.60102173E+000  0.91352388E+000  0.10528239E+001  0.15624809E+001  0.34685029E+001  0.50328763E+001  0.86254861E+001  0.13804061E+002
  0.15761771E+000  0.20495246E+000  0.39913571E+000  0.60102173E+000  0.91352386E+000  0.10528238E+001  0.15624809E+001  0.34685030E+001  0.50328763E+001  0.86254865E+001  0.13804062E+002
  0.15761771E+000  0.20495246E+000  0.39913569E+000  0.60102172E+000  0.91352383E+000  0.10528238E+001  0.15624808E+001  0.34685030E+001  0.50328763E+001  0.86254869E+001  0.13804063E+002
  0.15761771E+000  0.20495245E+000  0.39913567E+000  0.60102172E+000  0.91352381E+000  0.10528238E+001  0.15624808E+001  0.34685030E+001  0.50328764E+001  0.86254873E+001  0.13804063E+002
  0.15761771E+000  0.20495245E+000  0.39913566E+000  0.60102171E+000  0.91352379E+000  0.10528238E+001  0.15624807E+001  0.34685031E+001  0.50328765E+001  0.86254877E+001  0.13804064E+002
  0.15761771E+000  0.20495244E+000  0.39913564E+000  0.60102170E+000  0.91352378E+000  0.10528237E+001  0.15624806E+001  0.34685031E+001  0.50328767E+001  0.86254880E+001  0.13804065E+002
  0.15761771E+000  0.20495244E+000  0.39913563E+000  0.60102169E+000  0.91352376E+000  0.10528237E+001  0.15624806E+001  0.34685032E+001  0.50328770E+001  0.86254883E+001  0.13804066E+002
  0.15761771E+000  0.20495243E+000  0.39913562E+000  0.60102168E+000  0.91352375E+000  0.10528237E+001  0.15624805E+001  0.34685033E+001  0.50328772E+001  0.86254886E+001  0.13804066E+002
  0.15761771E+000  0.20495243E+000  0.39913560E+000  0.60102167E+000  0.91352373E+000  0.10528237E+001  0.15624805E+001  0.34685033E+001  0.50328775E+001  0.86254888E+001  0.13804067E+002
  0.15761771E+000  0.20495243E+000  0.39913559E+000  0.60102166E+000  0.91352372E+000  0.10528237E+001  0.15624804E+001  0.34685034E+001  0.50328779E+001  0.86254891E+001  0.13804067E+002
  0.15761771E+000  0.20495242E+000  0.39913558E+000  0.60102165E+000  0.91352371E+000  0.10528237E+001  0.15624804E+001  0.34685035E+001  0.50328782E+001  0.86254893E+001  0.13804068E+002
  0.15761771E+000  0.20495242E+000  0.39913557E+000  0.60102163E+000  0.91352370E+000  0.10528237E+001  0.15624803E+001  0.34685035E+001  0.50328786E+001  0.86254895E+001  0.13804068E+002
  0.15761771E+000  0.20495242E+000  0.39913556E+000  0.60102162E+000  0.91352369E+000  0.10528237E+001  0.15624803E+001  0.34685036E+001  0.50328790E+001  0.86254897E+001  0.13804068E+002
  0.15761770E+000  0.20495242E+000  0.39913555E+000  0.60102161E+000  0.91352369E+000  0.10528237E+001  0.15624802E+001  0.34685036E+001  0.50328794E+001  0.86254899E+001  0.13804069E+002
  0.15761770E+000  0.20495242E+000  0.39913555E+000  0.60102160E+000  0.91352368E+000  0.10528236E+001  0.15624802E+001  0.34685037E+001  0.50328799E+001  0.86254900E+001  0.13804069E+002
  0.15761770E+000  0.20495241E+000  0.39913554E+000  0.60102159E+000  0.91352368E+000  0.10528236E+001  0.15624801E+001  0.34685038E+001  0.50328803E+001  0.86254901E+001  0.13804069E+002
  0.15761770E+000  0.20495241E+000  0.39913554E+000  0.60102158E+000  0.91352367E+000  0.10528236E+001  0.15624801E+001  0.34685038E+001  0.50328808E+001  0.86254903E+001  0.13804069E+002
  0.15761770E+000  0.20495241E+000  0.39913553E+000  0.60102156E+000  0.91352367E+000  0.10528236E+001  0.15624800E+001  0.34685039E+001  0.50328812E+001  0.86254904E+001  0.13804069E+002
  0.15761770E+000  0.20495241E+000  0.39913553E+000  0.60102155E+000  0.91352366E+000  0.10528236E+001  0.15624800E+001  0.34685039E+001  0.50328816E+001  0.86254905E+001  0.13804070E+002
  0.15761770E+000  0.20495241E+000  0.39913552E+000  0.60102154E+000  0.91352366E+000  0.10528236E+001  0.15624799E+001  0.34685039E+001  0.50328821E+001  0.86254906E+001  0.13804070E+002
  0.15761770E+000  0.20495241E+000  0.39913552E+000  0.60102153E+000  0.91352366E+000  0.10528236E+001  0.15624799E+001  0.34685040E+001  0.50328825E+001  0.86254906E+001  0.13804070E+002
  0.15761770E+000  0.20495241E+000  0.39913552E+000  0.60102152E+000  0.91352366E+000  0.10528236E+001  0.15624798E+001  0.34685040E+001  0.50328829E+001  0.86254907E+001  0.13804070E+002
  0.15761770E+000  0.20495241E+000  0.39913551E+000  0.60102151E+000  0.91352366E+000  0.10528236E+001  0.15624798E+001  0.34685041E+001  0.50328833E+001  0.86254908E+001  0.13804070E+002
  0.15761770E+000  0.20495241E+000  0.39913551E+000  0.60102150E+000  0.91352366E+000  0.10528236E+001  0.15624798E+001  0.34685041E+001  0.50328836E+001  0.86254908E+001  0.13804070E+002
  0.15761770E+000  0.20495241E+000  0.39913551E+000  0.60102149E+000  0.91352366E+000  0.10528236E+001  0.15624797E+001  0.34685041E+001  0.50328840E+001  0.86254909E+001  0.13804070E+002
  0.15761770E+000  0.20495241E+000  0.39913551E+000  0.60102148E+000  0.91352366E+000  0.10528236E+001  0.15624797E+001  0.34685041E+001  0.50328843E+001  0.86254909E+001  0.13804070E+002
  0.15761770E+000  0.20495241E+000  0.39913551E+000  0.60102148E+000  0.91352366E+000  0.10528236E+001  0.15624797E+001  0.34685041E+001  0.50328847E+001  0.86254909E+001  0.13804070E+002
  0.15761770E+000  0.20495241E+000  0.39913551E+000  0.60102147E+000  0.91352366E+000  0.10528236E+001  0.15624797E+001  0.34685041E+001  0.50328849E+001  0.86254910E+001  0.13804069E+002
  0.15761770E+000  0.20495241E+000  0.39913551E+000  0.60102146E+000  0.91352367E+000  0.10528236E+001  0.15624796E+001  0.34685042E+001  0.50328852E+001  0.86254910E+001  0.13804069E+002
  0.15761770E+000  0.20495241E+000  0.39913551E+000  0.60102146E+000  0.91352367E+000  0.10528236E+001  0.15624796E+001  0.34685042E+001  0.50328855E+001  0.86254910E+001  0.13804069E+002
  0.15761769E+000  0.20495241E+000  0.39913551E+000  0.60102145E+000  0.91352367E+000  0.10528236E+001  0.15624796E+001  0.34685042E+001  0.50328857E+001  0.86254910E+001  0.13804069E+002
  0.15761769E+000  0.20495241E+000  0.39913551E+000  0.60102144E+000  0.91352367E+000  0.10528236E+001  0.15624796E+001  0.34685042E+001  0.50328859E+001  0.86254911E+001  0.13804069E+002
  0.15761769E+000  0.20495241E+000  0.39913551E+000  0.60102144E+000  0.91352367E+000  0.10528236E+001  0.15624796E+001  0.34685041E+001  0.50328861E+001  0.86254911E+001  0.13804069E+002
  0.15761769E+000  0.20495241E+000  0.39913551E+000  0.60102143E+000  0.91352368E+000  0.10528237E+001  0.15624795E+001  0.34685041E+001  0.50328862E+001  0.86254911E+001  0.13804069E+002
  0.15761769E+000  0.20495241E+000  0.39913551E+000  0.60102143E+000  0.91352368E+000  0.10528237E+001  0.15624795E+001  0.34685041E+001  0.50328864E+001  0.86254911E+001  0.13804069E+002
  0.15761769E+000  0.20495241E+000  0.39913551E+000  0.60102142E+000  0.91352368E+000  0.10528237E+001  0.15624795E+001  0.34685041E+001  0.50328865E+001  0.86254910E+001  0.13804069E+002
  0.15761769E+000  0.20495241E+000  0.39913551E+000  0.60102142E+000  0.91352369E+000  0.10528237E+001  0.15624795E+001  0.34685041E+001  0.50328866E+001  0.86254910E+001  0.13804068E+002
  0.15761769E+000  0.20495242E+000  0.39913551E+000  0.60102142E+000  0.91352369E+000  0.10528237E+001  0.15624795E+001  0.34685041E+001  0.50328866E+001  0.86254909E+001  0.13804068E+002
  0.15761768E+000  0.20495241E+000  0.39913552E+000  0.60102141E+000  0.91352371E+000  0.10528237E+001  0.15624796E+001  0.34685040E+001  0.50328867E+001  0.86254908E+001  0.13804068E+002
