  0.19941913E-002
  0.16476558E-002
  0.13695957E-002
  0.11441973E-002
  0.95994984E-003
  0.80842037E-003
  0.68313305E-003
  0.57912294E-003
  0.49252027E-003
  0.42021956E-003
  0.35977283E-003
  0.30907134E-003
  0.26658123E-003
  0.23088312E-003
  0.20090328E-003
  0.17567916E-003
  0.15445673E-003
  0.13657908E-003
  0.12153830E-003
  0.10885536E-003
  0.98172683E-004
  0.89162804E-004
  0.81547625E-004
  0.75112347E-004
  0.69662985E-004
  0.65033423E-004
  0.61091679E-004
  0.57718480E-004
  0.54815719E-004
  0.52300044E-004
  0.50102666E-004
  0.48163327E-004
  0.46433502E-004
  0.44872172E-004
  0.43445841E-004
  0.42125486E-004
  0.40889932E-004
  0.39719686E-004
  0.38602293E-004
  0.37525408E-004
  0.36481393E-004
  0.35464182E-004
  0.34469289E-004
  0.33493579E-004
  0.32534790E-004
  0.31594173E-004
  0.30670667E-004
  0.29762840E-004
  0.28872977E-004
  0.27999192E-004
  0.27144215E-004
  0.26307285E-004
  0.25488489E-004
  0.24688665E-004
  0.23908345E-004
  0.23146861E-004
  0.22404516E-004
  0.21682116E-004
  0.20978428E-004
  0.20294233E-004
  0.19629138E-004
  0.18982045E-004
  0.18353330E-004
  0.17742541E-004
  0.17148163E-004
  0.16570063E-004
  0.16007221E-004
  0.15458771E-004
  0.14923415E-004
  0.14400026E-004
  0.13887365E-004
  0.13383676E-004
  0.12888159E-004
  0.12399245E-004
  0.11916003E-004
  0.11436901E-004
  0.10962160E-004
  0.10490320E-004
  0.10021895E-004
  0.95565686E-005
  0.90945614E-005
  0.86371109E-005
  0.81845537E-005
  0.77376914E-005
  0.72985331E-005
  0.68675222E-005
  0.64462202E-005
  0.60360641E-005
  0.56383399E-005
  0.52536900E-005
  0.48832172E-005
  0.45278247E-005
  0.41879678E-005
  0.38642890E-005
  0.35569227E-005
  0.32662559E-005
  0.29916645E-005
  0.27338949E-005
  0.24916247E-005
  0.22653794E-005
  0.20541873E-005
  0.18574596E-005
  0.16750455E-005
  0.15059293E-005
  0.13496735E-005
  0.12055906E-005
  0.10731029E-005
  0.95140799E-006
  0.84000017E-006
  0.73831119E-006
  0.64560458E-006
  0.56116917E-006
  0.48470030E-006
  0.41550168E-006
  0.35319453E-006
  0.29701683E-006
  0.24689226E-006
  0.20193746E-006
  0.16193257E-006
  0.12659291E-006
  0.95401150E-007
  0.68023437E-007
  0.43973666E-007
  0.23242174E-007
  0.53216878E-008
 -0.99276684E-008
 -0.22802351E-007
 -0.33536203E-007
 -0.42436842E-007
 -0.49655678E-007
 -0.55369530E-007
 -0.59664281E-007
 -0.62814107E-007
 -0.64893502E-007
 -0.66084353E-007
 -0.66443741E-007
 -0.66141277E-007
 -0.65316727E-007
 -0.63947943E-007
 -0.62131579E-007
 -0.59996131E-007
 -0.57613353E-007
 -0.54888058E-007
 -0.52092743E-007
 -0.49156739E-007
 -0.46101561E-007
 -0.43022129E-007
 -0.39998946E-007
 -0.36956586E-007
 -0.33912906E-007
 -0.31002040E-007
 -0.28088467E-007
 -0.25261823E-007
 -0.22509769E-007
 -0.19903938E-007
 -0.17419930E-007
 -0.15113985E-007
 -0.12980711E-007
 -0.10883896E-007
 -0.89414185E-008
 -0.71270307E-008
 -0.54064117E-008
 -0.39570221E-008
 -0.27316187E-008
 -0.14085154E-008
 -0.20604796E-009
  0.80740365E-009
  0.16795091E-008
  0.23678365E-008
  0.29434117E-008
  0.35139075E-008
  0.39850322E-008
  0.43982909E-008
  0.46495872E-008
  0.47354639E-008
  0.48428528E-008
  0.48828276E-008
  0.47268990E-008
  0.45316558E-008
  0.43883440E-008
  0.41085089E-008
  0.38094908E-008
  0.35115471E-008
  0.31947256E-008
  0.28273939E-008
  0.23948240E-008
  0.18973815E-008
  0.15196216E-008
  0.10584862E-008
  0.67698904E-009
  0.19701161E-009
 -0.23618247E-009
 -0.56483278E-009
 -0.91804051E-009
 -0.12289247E-008
 -0.13244669E-008
 -0.13275671E-008
 -0.17282676E-008
 -0.91762150E-008
 -0.19269526E-007
