  0.37850965E-003
  0.25817241E-003
  0.17828421E-003
  0.12437881E-003
  0.87518708E-004
  0.62053693E-004
  0.44301181E-004
  0.31832815E-004
  0.23020991E-004
  0.16756426E-004
  0.12281384E-004
  0.90631010E-005
  0.67420652E-005
  0.50570510E-005
  0.38288648E-005
  0.29276741E-005
  0.22630013E-005
  0.17694187E-005
  0.14011401E-005
  0.11239562E-005
  0.91416993E-006
  0.75406704E-006
  0.63075827E-006
  0.53513275E-006
  0.46030129E-006
  0.40115383E-006
  0.35399893E-006
  0.31598616E-006
  0.28500290E-006
  0.25944431E-006
  0.23810192E-006
  0.22002677E-006
  0.20450641E-006
  0.19098524E-006
  0.17903737E-006
  0.16832122E-006
  0.15859283E-006
  0.14964569E-006
  0.14134507E-006
  0.13356947E-006
  0.12624119E-006
  0.11929990E-006
  0.11270075E-006
  0.10641117E-006
  0.10040657E-006
  0.94685197E-007
  0.89231169E-007
  0.84027397E-007
  0.79078304E-007
  0.74364773E-007
  0.69892874E-007
  0.65649657E-007
  0.61626952E-007
  0.57820229E-007
  0.54223272E-007
  0.50824486E-007
  0.47616998E-007
  0.44596042E-007
  0.41748508E-007
  0.39069915E-007
  0.36551210E-007
  0.34181203E-007
  0.31954586E-007
  0.29863252E-007
  0.27896049E-007
  0.26047008E-007
  0.24307674E-007
  0.22670619E-007
  0.21127681E-007
  0.19671789E-007
  0.18296116E-007
  0.16993070E-007
  0.15758127E-007
  0.14585289E-007
  0.13470616E-007
  0.12409224E-007
  0.11400445E-007
  0.10440195E-007
  0.95286709E-008
  0.86643911E-008
  0.78469161E-008
  0.70774016E-008
  0.63551843E-008
  0.56801813E-008
  0.50537266E-008
  0.44744726E-008
  0.39423309E-008
  0.34566190E-008
  0.30161110E-008
  0.26186328E-008
  0.22623443E-008
  0.19450315E-008
  0.16640060E-008
  0.14167335E-008
  0.12003240E-008
  0.10121636E-008
  0.84913485E-009
  0.70911242E-009
  0.58900264E-009
  0.48689397E-009
  0.40034372E-009
  0.32733474E-009
  0.26619934E-009
  0.21516088E-009
  0.17282712E-009
  0.13789690E-009
  0.10925411E-009
  0.85879379E-010
  0.66944406E-010
  0.51717159E-010
  0.39544780E-010
  0.29877465E-010
  0.22289631E-010
  0.16379552E-010
  0.11835443E-010
  0.83698720E-011
  0.57832473E-011
  0.38689281E-011
  0.24878569E-011
  0.15204628E-011
  0.86350397E-012
  0.43900990E-012
  0.18346049E-012
  0.51251992E-013
  0.26869283E-014
  0.93508661E-014
  0.49330623E-013
  0.10670509E-012
  0.17086121E-012
  0.23393500E-012
  0.29087008E-012
  0.33774288E-012
  0.37434476E-012
  0.39953957E-012
  0.41433789E-012
  0.41885674E-012
  0.41505199E-012
  0.40476801E-012
  0.38798102E-012
  0.36625376E-012
  0.34151029E-012
  0.31492243E-012
  0.28583343E-012
  0.25746115E-012
  0.22925740E-012
  0.20164549E-012
  0.17560667E-012
  0.15179390E-012
  0.12958087E-012
  0.10911568E-012
  0.91188002E-013
  0.74853690E-013
  0.60546149E-013
  0.48072776E-013
  0.37586782E-013
  0.28790548E-013
  0.21672804E-013
  0.15986525E-013
  0.11238954E-013
  0.75852504E-014
  0.48191931E-014
  0.27731623E-014
  0.14855731E-014
  0.70794125E-015
  0.18822627E-015
  0.40280392E-017
  0.61849823E-016
  0.26762199E-015
  0.53193731E-015
  0.82197585E-015
  0.11714876E-014
  0.15066789E-014
  0.18353756E-014
  0.20510953E-014
  0.21275614E-014
  0.22251515E-014
  0.22620377E-014
  0.21198723E-014
  0.19483676E-014
  0.18270834E-014
  0.16014947E-014
  0.13768636E-014
  0.11699144E-014
  0.96833178E-015
  0.75845479E-015
  0.54413202E-015
  0.34155955E-015
  0.21909273E-015
  0.10629858E-015
  0.43483087E-016
  0.36824828E-017
  0.52923969E-017
  0.30268918E-016
  0.79961476E-016
  0.14328728E-015
  0.16643297E-015
  0.16721302E-015
  0.28338647E-015
  0.79888505E-014
  0.35228912E-013
