  0.16963103E+000
  0.17363377E+000
  0.17670361E+000
  0.17909715E+000
  0.18099721E+000
  0.18251976E+000
  0.18375368E+000
  0.18476304E+000
  0.18559238E+000
  0.18627971E+000
  0.18684488E+000
  0.18732060E+000
  0.18771379E+000
  0.18804409E+000
  0.18831819E+000
  0.18854797E+000
  0.18873922E+000
  0.18890039E+000
  0.18903357E+000
  0.18914557E+000
  0.18923845E+000
  0.18931519E+000
  0.18937937E+000
  0.18943242E+000
  0.18947608E+000
  0.18951228E+000
  0.18954193E+000
  0.18956628E+000
  0.18958623E+000
  0.18960261E+000
  0.18961597E+000
  0.18962696E+000
  0.18963600E+000
  0.18964349E+000
  0.18964971E+000
  0.18965499E+000
  0.18965947E+000
  0.18966342E+000
  0.18966688E+000
  0.18967002E+000
  0.18967290E+000
  0.18967560E+000
  0.18967814E+000
  0.18968056E+000
  0.18968296E+000
  0.18968526E+000
  0.18968749E+000
  0.18968970E+000
  0.18969182E+000
  0.18969394E+000
  0.18969600E+000
  0.18969800E+000
  0.18969997E+000
  0.18970190E+000
  0.18970378E+000
  0.18970561E+000
  0.18970741E+000
  0.18970915E+000
  0.18971085E+000
  0.18971251E+000
  0.18971412E+000
  0.18971569E+000
  0.18971723E+000
  0.18971870E+000
  0.18972014E+000
  0.18972154E+000
  0.18972290E+000
  0.18972421E+000
  0.18972547E+000
  0.18972670E+000
  0.18972788E+000
  0.18972903E+000
  0.18973013E+000
  0.18973120E+000
  0.18973223E+000
  0.18973323E+000
  0.18973420E+000
  0.18973514E+000
  0.18973605E+000
  0.18973693E+000
  0.18973779E+000
  0.18973862E+000
  0.18973942E+000
  0.18974021E+000
  0.18974096E+000
  0.18974169E+000
  0.18974240E+000
  0.18974308E+000
  0.18974373E+000
  0.18974435E+000
  0.18974494E+000
  0.18974551E+000
  0.18974605E+000
  0.18974655E+000
  0.18974704E+000
  0.18974749E+000
  0.18974791E+000
  0.18974831E+000
  0.18974868E+000
  0.18974902E+000
  0.18974934E+000
  0.18974964E+000
  0.18974992E+000
  0.18975017E+000
  0.18975041E+000
  0.18975062E+000
  0.18975082E+000
  0.18975100E+000
  0.18975117E+000
  0.18975132E+000
  0.18975145E+000
  0.18975158E+000
  0.18975169E+000
  0.18975179E+000
  0.18975188E+000
  0.18975196E+000
  0.18975204E+000
  0.18975210E+000
  0.18975216E+000
  0.18975221E+000
  0.18975225E+000
  0.18975229E+000
  0.18975232E+000
  0.18975235E+000
  0.18975238E+000
  0.18975240E+000
  0.18975241E+000
  0.18975243E+000
  0.18975244E+000
  0.18975245E+000
  0.18975245E+000
  0.18975246E+000
  0.18975246E+000
  0.18975246E+000
  0.18975246E+000
  0.18975245E+000
  0.18975245E+000
  0.18975245E+000
  0.18975244E+000
  0.18975244E+000
  0.18975243E+000
  0.18975242E+000
  0.18975242E+000
  0.18975241E+000
  0.18975240E+000
  0.18975239E+000
  0.18975239E+000
  0.18975238E+000
  0.18975237E+000
  0.18975237E+000
  0.18975236E+000
  0.18975235E+000
  0.18975235E+000
  0.18975234E+000
  0.18975234E+000
  0.18975233E+000
  0.18975233E+000
  0.18975232E+000
  0.18975232E+000
  0.18975231E+000
  0.18975231E+000
  0.18975231E+000
  0.18975230E+000
  0.18975230E+000
  0.18975230E+000
  0.18975230E+000
  0.18975230E+000
  0.18975230E+000
  0.18975229E+000
  0.18975229E+000
  0.18975229E+000
  0.18975229E+000
  0.18975229E+000
  0.18975229E+000
  0.18975229E+000
  0.18975230E+000
  0.18975230E+000
  0.18975230E+000
  0.18975230E+000
  0.18975230E+000
  0.18975230E+000
  0.18975230E+000
  0.18975230E+000
  0.18975231E+000
  0.18975231E+000
  0.18975231E+000
  0.18975231E+000
  0.18975231E+000
  0.18975232E+000
  0.18975232E+000
  0.18975232E+000
  0.18975232E+000
  0.18975232E+000
  0.18975233E+000
  0.18975233E+000
  0.18975233E+000
  0.18975233E+000
  0.18975233E+000
  0.18975234E+000
  0.18975235E+000
