  0.32810904E-001
  0.32711485E-001
  0.32638131E-001
  0.32581922E-001
  0.32537777E-001
  0.32502614E-001
  0.32474240E-001
  0.32451126E-001
  0.32432198E-001
  0.32416571E-001
  0.32403745E-001
  0.32393003E-001
  0.32384134E-001
  0.32376707E-001
  0.32370550E-001
  0.32365401E-001
  0.32361119E-001
  0.32357519E-001
  0.32354540E-001
  0.32352036E-001
  0.32349955E-001
  0.32348226E-001
  0.32346774E-001
  0.32345562E-001
  0.32344551E-001
  0.32343698E-001
  0.32342981E-001
  0.32342372E-001
  0.32341852E-001
  0.32341401E-001
  0.32341006E-001
  0.32340655E-001
  0.32340336E-001
  0.32340042E-001
  0.32339766E-001
  0.32339501E-001
  0.32339243E-001
  0.32338989E-001
  0.32338735E-001
  0.32338480E-001
  0.32338222E-001
  0.32337959E-001
  0.32337691E-001
  0.32337418E-001
  0.32337138E-001
  0.32336852E-001
  0.32336561E-001
  0.32336264E-001
  0.32335962E-001
  0.32335654E-001
  0.32335342E-001
  0.32335025E-001
  0.32334705E-001
  0.32334381E-001
  0.32334054E-001
  0.32333725E-001
  0.32333393E-001
  0.32333060E-001
  0.32332725E-001
  0.32332390E-001
  0.32332055E-001
  0.32331720E-001
  0.32331385E-001
  0.32331052E-001
  0.32330721E-001
  0.32330393E-001
  0.32330067E-001
  0.32329744E-001
  0.32329426E-001
  0.32329112E-001
  0.32328803E-001
  0.32328499E-001
  0.32328200E-001
  0.32327908E-001
  0.32327622E-001
  0.32327343E-001
  0.32327072E-001
  0.32326807E-001
  0.32326551E-001
  0.32326303E-001
  0.32326062E-001
  0.32325830E-001
  0.32325607E-001
  0.32325393E-001
  0.32325187E-001
  0.32324990E-001
  0.32324802E-001
  0.32324623E-001
  0.32324453E-001
  0.32324292E-001
  0.32324139E-001
  0.32323995E-001
  0.32323859E-001
  0.32323731E-001
  0.32323611E-001
  0.32323499E-001
  0.32323394E-001
  0.32323296E-001
  0.32323205E-001
  0.32323121E-001
  0.32323043E-001
  0.32322971E-001
  0.32322904E-001
  0.32322843E-001
  0.32322787E-001
  0.32322736E-001
  0.32322689E-001
  0.32322646E-001
  0.32322607E-001
  0.32322572E-001
  0.32322541E-001
  0.32322512E-001
  0.32322487E-001
  0.32322464E-001
  0.32322444E-001
  0.32322426E-001
  0.32322410E-001
  0.32322396E-001
  0.32322384E-001
  0.32322374E-001
  0.32322365E-001
  0.32322357E-001
  0.32322351E-001
  0.32322346E-001
  0.32322342E-001
  0.32322339E-001
  0.32322337E-001
  0.32322335E-001
  0.32322334E-001
  0.32322334E-001
  0.32322335E-001
  0.32322335E-001
  0.32322337E-001
  0.32322338E-001
  0.32322340E-001
  0.32322342E-001
  0.32322344E-001
  0.32322347E-001
  0.32322350E-001
  0.32322353E-001
  0.32322355E-001
  0.32322359E-001
  0.32322362E-001
  0.32322365E-001
  0.32322368E-001
  0.32322371E-001
  0.32322374E-001
  0.32322377E-001
  0.32322380E-001
  0.32322383E-001
  0.32322386E-001
  0.32322389E-001
  0.32322391E-001
  0.32322394E-001
  0.32322396E-001
  0.32322399E-001
  0.32322401E-001
  0.32322403E-001
  0.32322405E-001
  0.32322407E-001
  0.32322409E-001
  0.32322411E-001
  0.32322412E-001
  0.32322414E-001
  0.32322415E-001
  0.32322416E-001
  0.32322417E-001
  0.32322419E-001
  0.32322419E-001
  0.32322420E-001
  0.32322421E-001
  0.32322422E-001
  0.32322422E-001
  0.32322423E-001
  0.32322423E-001
  0.32322424E-001
  0.32322424E-001
  0.32322424E-001
  0.32322424E-001
  0.32322425E-001
  0.32322425E-001
  0.32322425E-001
  0.32322425E-001
  0.32322425E-001
  0.32322425E-001
  0.32322425E-001
  0.32322425E-001
  0.32322425E-001
  0.32322424E-001
  0.32322424E-001
  0.32322424E-001
  0.32322424E-001
  0.32322424E-001
  0.32322424E-001
  0.32322423E-001
  0.32322423E-001
  0.32322423E-001
  0.32322423E-001
  0.32322422E-001
  0.32322422E-001
