  0.49927391E-002
  0.49433654E-002
  0.49206759E-002
  0.49139870E-002
  0.49166100E-002
  0.49245180E-002
  0.49351202E-002
  0.49468565E-002
  0.49588094E-002
  0.49704033E-002
  0.49813669E-002
  0.49914168E-002
  0.50006212E-002
  0.50088824E-002
  0.50162753E-002
  0.50227953E-002
  0.50285149E-002
  0.50334733E-002
  0.50377665E-002
  0.50414165E-002
  0.50445054E-002
  0.50470749E-002
  0.50491627E-002
  0.50508300E-002
  0.50521167E-002
  0.50530577E-002
  0.50536961E-002
  0.50540619E-002
  0.50541863E-002
  0.50540975E-002
  0.50538232E-002
  0.50533857E-002
  0.50528079E-002
  0.50521096E-002
  0.50513095E-002
  0.50504226E-002
  0.50494654E-002
  0.50484495E-002
  0.50473890E-002
  0.50462929E-002
  0.50451713E-002
  0.50440326E-002
  0.50428839E-002
  0.50417310E-002
  0.50405787E-002
  0.50394344E-002
  0.50383011E-002
  0.50371802E-002
  0.50360769E-002
  0.50349903E-002
  0.50339251E-002
  0.50328811E-002
  0.50318589E-002
  0.50308598E-002
  0.50298848E-002
  0.50289332E-002
  0.50280054E-002
  0.50271025E-002
  0.50262229E-002
  0.50253677E-002
  0.50245363E-002
  0.50237274E-002
  0.50229415E-002
  0.50221781E-002
  0.50214351E-002
  0.50207125E-002
  0.50200089E-002
  0.50193234E-002
  0.50186542E-002
  0.50179999E-002
  0.50173591E-002
  0.50167295E-002
  0.50161101E-002
  0.50154989E-002
  0.50148949E-002
  0.50142960E-002
  0.50137026E-002
  0.50131128E-002
  0.50125273E-002
  0.50119456E-002
  0.50113681E-002
  0.50107963E-002
  0.50102306E-002
  0.50096720E-002
  0.50091231E-002
  0.50085843E-002
  0.50080577E-002
  0.50075450E-002
  0.50070478E-002
  0.50065670E-002
  0.50061039E-002
  0.50056597E-002
  0.50052348E-002
  0.50048302E-002
  0.50044460E-002
  0.50040827E-002
  0.50037395E-002
  0.50034173E-002
  0.50031144E-002
  0.50028316E-002
  0.50025676E-002
  0.50023217E-002
  0.50020937E-002
  0.50018823E-002
  0.50016870E-002
  0.50015069E-002
  0.50013413E-002
  0.50011891E-002
  0.50010499E-002
  0.50009228E-002
  0.50008069E-002
  0.50007013E-002
  0.50006058E-002
  0.50005193E-002
  0.50004414E-002
  0.50003712E-002
  0.50003085E-002
  0.50002523E-002
  0.50002023E-002
  0.50001581E-002
  0.50001191E-002
  0.50000849E-002
  0.50000549E-002
  0.50000289E-002
  0.50000065E-002
  0.49999875E-002
  0.49999714E-002
  0.49999580E-002
  0.49999468E-002
  0.49999378E-002
  0.49999307E-002
  0.49999253E-002
  0.49999214E-002
  0.49999188E-002
  0.49999173E-002
  0.49999168E-002
  0.49999172E-002
  0.49999182E-002
  0.49999200E-002
  0.49999222E-002
  0.49999249E-002
  0.49999279E-002
  0.49999313E-002
  0.49999348E-002
  0.49999384E-002
  0.49999423E-002
  0.49999461E-002
  0.49999499E-002
  0.49999537E-002
  0.49999575E-002
  0.49999611E-002
  0.49999648E-002
  0.49999683E-002
  0.49999718E-002
  0.49999750E-002
  0.49999781E-002
  0.49999810E-002
  0.49999837E-002
  0.49999863E-002
  0.49999887E-002
  0.49999910E-002
  0.49999931E-002
  0.49999949E-002
  0.49999965E-002
  0.49999981E-002
  0.49999996E-002
  0.50000009E-002
  0.50000020E-002
  0.50000028E-002
  0.50000036E-002
  0.50000043E-002
  0.50000049E-002
  0.50000054E-002
  0.50000057E-002
  0.50000058E-002
  0.50000059E-002
  0.50000060E-002
  0.50000058E-002
  0.50000056E-002
  0.50000054E-002
  0.50000050E-002
  0.50000047E-002
  0.50000043E-002
  0.50000039E-002
  0.50000034E-002
  0.50000029E-002
  0.50000023E-002
  0.50000018E-002
  0.50000012E-002
  0.50000007E-002
  0.50000001E-002
  0.49999996E-002
  0.49999992E-002
  0.49999987E-002
  0.49999984E-002
  0.49999982E-002
  0.49999982E-002
  0.49999977E-002
  0.49999884E-002
  0.49999758E-002
