  0.24410175E+000
  0.24299867E+000
  0.24217877E+000
  0.24154705E+000
  0.24104882E+000
  0.24065061E+000
  0.24032845E+000
  0.24006552E+000
  0.23984989E+000
  0.23967176E+000
  0.23952545E+000
  0.23940305E+000
  0.23930207E+000
  0.23921771E+000
  0.23914795E+000
  0.23908986E+000
  0.23904182E+000
  0.23900173E+000
  0.23896888E+000
  0.23894162E+000
  0.23891933E+000
  0.23890122E+000
  0.23888641E+000
  0.23887449E+000
  0.23886500E+000
  0.23885746E+000
  0.23885161E+000
  0.23884713E+000
  0.23884379E+000
  0.23884137E+000
  0.23883973E+000
  0.23883871E+000
  0.23883819E+000
  0.23883807E+000
  0.23883827E+000
  0.23883873E+000
  0.23883939E+000
  0.23884020E+000
  0.23884114E+000
  0.23884217E+000
  0.23884327E+000
  0.23884443E+000
  0.23884563E+000
  0.23884688E+000
  0.23884814E+000
  0.23884944E+000
  0.23885077E+000
  0.23885211E+000
  0.23885348E+000
  0.23885486E+000
  0.23885626E+000
  0.23885768E+000
  0.23885912E+000
  0.23886057E+000
  0.23886203E+000
  0.23886351E+000
  0.23886500E+000
  0.23886650E+000
  0.23886800E+000
  0.23886951E+000
  0.23887102E+000
  0.23887253E+000
  0.23887403E+000
  0.23887554E+000
  0.23887703E+000
  0.23887852E+000
  0.23887999E+000
  0.23888145E+000
  0.23888290E+000
  0.23888432E+000
  0.23888573E+000
  0.23888711E+000
  0.23888846E+000
  0.23888978E+000
  0.23889108E+000
  0.23889234E+000
  0.23889356E+000
  0.23889475E+000
  0.23889589E+000
  0.23889700E+000
  0.23889806E+000
  0.23889909E+000
  0.23890007E+000
  0.23890100E+000
  0.23890190E+000
  0.23890275E+000
  0.23890356E+000
  0.23890432E+000
  0.23890505E+000
  0.23890574E+000
  0.23890639E+000
  0.23890700E+000
  0.23890758E+000
  0.23890812E+000
  0.23890863E+000
  0.23890911E+000
  0.23890956E+000
  0.23890997E+000
  0.23891036E+000
  0.23891073E+000
  0.23891106E+000
  0.23891138E+000
  0.23891167E+000
  0.23891194E+000
  0.23891218E+000
  0.23891241E+000
  0.23891262E+000
  0.23891281E+000
  0.23891299E+000
  0.23891315E+000
  0.23891329E+000
  0.23891343E+000
  0.23891355E+000
  0.23891365E+000
  0.23891375E+000
  0.23891384E+000
  0.23891392E+000
  0.23891399E+000
  0.23891405E+000
  0.23891410E+000
  0.23891415E+000
  0.23891419E+000
  0.23891422E+000
  0.23891425E+000
  0.23891427E+000
  0.23891429E+000
  0.23891431E+000
  0.23891432E+000
  0.23891433E+000
  0.23891434E+000
  0.23891434E+000
  0.23891434E+000
  0.23891434E+000
  0.23891434E+000
  0.23891433E+000
  0.23891432E+000
  0.23891432E+000
  0.23891431E+000
  0.23891430E+000
  0.23891429E+000
  0.23891428E+000
  0.23891427E+000
  0.23891426E+000
  0.23891425E+000
  0.23891424E+000
  0.23891422E+000
  0.23891421E+000
  0.23891420E+000
  0.23891419E+000
  0.23891418E+000
  0.23891417E+000
  0.23891416E+000
  0.23891415E+000
  0.23891414E+000
  0.23891414E+000
  0.23891413E+000
  0.23891412E+000
  0.23891411E+000
  0.23891411E+000
  0.23891410E+000
  0.23891410E+000
  0.23891409E+000
  0.23891409E+000
  0.23891409E+000
  0.23891408E+000
  0.23891408E+000
  0.23891408E+000
  0.23891408E+000
  0.23891408E+000
  0.23891408E+000
  0.23891408E+000
  0.23891408E+000
  0.23891408E+000
  0.23891408E+000
  0.23891408E+000
  0.23891408E+000
  0.23891408E+000
  0.23891408E+000
  0.23891409E+000
  0.23891409E+000
  0.23891409E+000
  0.23891409E+000
  0.23891410E+000
  0.23891410E+000
  0.23891410E+000
  0.23891410E+000
  0.23891411E+000
  0.23891411E+000
  0.23891411E+000
  0.23891412E+000
  0.23891412E+000
  0.23891412E+000
  0.23891413E+000
  0.23891413E+000
  0.23891413E+000
  0.23891414E+000
  0.23891414E+000
  0.23891415E+000
  0.23891415E+000
  0.23891416E+000
