  0.00000000E+000
 -0.12659341E-003
 -0.23017465E-003
 -0.31416704E-003
 -0.38155655E-003
 -0.43492002E-003
 -0.47646249E-003
 -0.50806185E-003
 -0.53131044E-003
 -0.54755407E-003
 -0.55792823E-003
 -0.56338863E-003
 -0.56474078E-003
 -0.56266021E-003
 -0.55771567E-003
 -0.55038451E-003
 -0.54106867E-003
 -0.53010616E-003
 -0.51778206E-003
 -0.50433655E-003
 -0.48997340E-003
 -0.47486529E-003
 -0.45915964E-003
 -0.44298302E-003
 -0.42644442E-003
 -0.40963864E-003
 -0.39264884E-003
 -0.37554857E-003
 -0.35840362E-003
 -0.34127347E-003
 -0.32421244E-003
 -0.30727065E-003
 -0.29049479E-003
 -0.27392870E-003
 -0.25761379E-003
 -0.24158941E-003
 -0.22589304E-003
 -0.21056039E-003
 -0.19562549E-003
 -0.18112057E-003
 -0.16707611E-003
 -0.15352057E-003
 -0.14048028E-003
 -0.12797922E-003
 -0.11603883E-003
 -0.10467772E-003
 -0.93911363E-004
 -0.83751949E-004
 -0.74208236E-004
 -0.65285195E-004
 -0.56984072E-004
 -0.49302076E-004
 -0.42232529E-004
 -0.35764846E-004
 -0.29884599E-004
 -0.24573700E-004
 -0.19810722E-004
 -0.15571141E-004
 -0.11827675E-004
 -0.85508437E-005
 -0.57092921E-005
 -0.32703689E-005
 -0.12006923E-005
  0.53346605E-006
  0.19656129E-005
  0.31284746E-005
  0.40537041E-005
  0.47714220E-005
  0.53099221E-005
  0.56953825E-005
  0.59517125E-005
  0.61004357E-005
  0.61605940E-005
  0.61488927E-005
  0.60796769E-005
  0.59651414E-005
  0.58154047E-005
  0.56389369E-005
  0.54424900E-005
  0.52316008E-005
  0.50106263E-005
  0.47830079E-005
  0.45515859E-005
  0.43185527E-005
  0.40856597E-005
  0.38545198E-005
  0.36263464E-005
  0.34022588E-005
  0.31832771E-005
  0.29703152E-005
  0.27640761E-005
  0.25652127E-005
  0.23742988E-005
  0.21917542E-005
  0.20179430E-005
  0.18530739E-005
  0.16973234E-005
  0.15505968E-005
  0.14129986E-005
  0.12841990E-005
  0.11641385E-005
  0.10524838E-005
  0.94887604E-006
  0.85307638E-006
  0.76464440E-006
  0.68323107E-006
  0.60845111E-006
  0.53994338E-006
  0.47728413E-006
  0.42013111E-006
  0.36815245E-006
  0.32096155E-006
  0.27816632E-006
  0.23953020E-006
  0.20470996E-006
  0.17346338E-006
  0.14541766E-006
  0.12046061E-006
  0.98186630E-007
  0.78432026E-007
  0.61041996E-007
  0.45757023E-007
  0.32394122E-007
  0.20704501E-007
  0.10671057E-007
  0.20347612E-008
 -0.52756957E-008
 -0.11416268E-007
 -0.16505100E-007
 -0.20702745E-007
 -0.24077479E-007
 -0.26722676E-007
 -0.28674392E-007
 -0.30090945E-007
 -0.30983687E-007
 -0.31464208E-007
 -0.31538613E-007
 -0.31316006E-007
 -0.30853095E-007
 -0.30114650E-007
 -0.29181760E-007
 -0.28110968E-007
 -0.26928419E-007
 -0.25551818E-007
 -0.24227635E-007
 -0.22767116E-007
 -0.21296394E-007
 -0.19813636E-007
 -0.18385051E-007
 -0.16903640E-007
 -0.15460411E-007
 -0.14102258E-007
 -0.12674510E-007
 -0.11382500E-007
 -0.10040750E-007
 -0.88791121E-008
 -0.76631128E-008
 -0.66706010E-008
 -0.56202198E-008
 -0.46670532E-008
 -0.37640941E-008
 -0.29363394E-008
 -0.21192870E-008
 -0.15775594E-008
 -0.93627173E-009
 -0.31541525E-009
  0.19736368E-009
  0.64222650E-009
  0.10187597E-008
  0.12777497E-008
  0.15765236E-008
  0.18081952E-008
  0.20224220E-008
  0.21920393E-008
  0.22287490E-008
  0.22770841E-008
  0.23334605E-008
  0.22850203E-008
  0.21624887E-008
  0.21252650E-008
  0.19962664E-008
  0.18539298E-008
  0.17108405E-008
  0.15709442E-008
  0.13960567E-008
  0.12204801E-008
  0.94579654E-009
  0.79476745E-009
  0.54693273E-009
  0.39435618E-009
  0.14130812E-009
 -0.26580969E-010
 -0.33091928E-009
 -0.10331879E-009
 -0.13216880E-008
  0.14276704E-008
 -0.63365469E-008
  0.15529114E-007
 -0.48021909E-007
  0.12417822E-006
