  0.15876857E+001
  0.15904714E+001
  0.15925376E+001
  0.15941056E+001
  0.15953044E+001
  0.15962179E+001
  0.15969074E+001
  0.15974187E+001
  0.15977866E+001
  0.15980386E+001
  0.15981961E+001
  0.15982774E+001
  0.15982951E+001
  0.15982616E+001
  0.15981858E+001
  0.15980756E+001
  0.15979370E+001
  0.15977754E+001
  0.15975946E+001
  0.15973985E+001
  0.15971898E+001
  0.15969709E+001
  0.15967441E+001
  0.15965109E+001
  0.15962726E+001
  0.15960305E+001
  0.15957856E+001
  0.15955387E+001
  0.15952905E+001
  0.15950416E+001
  0.15947925E+001
  0.15945438E+001
  0.15942957E+001
  0.15940486E+001
  0.15938029E+001
  0.15935588E+001
  0.15933166E+001
  0.15930765E+001
  0.15928388E+001
  0.15926037E+001
  0.15923715E+001
  0.15921424E+001
  0.15919166E+001
  0.15916944E+001
  0.15914760E+001
  0.15912616E+001
  0.15910514E+001
  0.15908458E+001
  0.15906449E+001
  0.15904489E+001
  0.15902581E+001
  0.15900728E+001
  0.15898930E+001
  0.15897190E+001
  0.15895509E+001
  0.15893890E+001
  0.15892334E+001
  0.15890841E+001
  0.15889413E+001
  0.15888052E+001
  0.15886756E+001
  0.15885528E+001
  0.15884368E+001
  0.15883274E+001
  0.15882248E+001
  0.15881290E+001
  0.15880398E+001
  0.15879571E+001
  0.15878810E+001
  0.15878114E+001
  0.15877480E+001
  0.15876907E+001
  0.15876394E+001
  0.15875940E+001
  0.15875541E+001
  0.15875195E+001
  0.15874902E+001
  0.15874656E+001
  0.15874456E+001
  0.15874300E+001
  0.15874182E+001
  0.15874102E+001
  0.15874054E+001
  0.15874036E+001
  0.15874045E+001
  0.15874077E+001
  0.15874130E+001
  0.15874199E+001
  0.15874283E+001
  0.15874378E+001
  0.15874482E+001
  0.15874592E+001
  0.15874707E+001
  0.15874824E+001
  0.15874943E+001
  0.15875061E+001
  0.15875177E+001
  0.15875290E+001
  0.15875400E+001
  0.15875505E+001
  0.15875606E+001
  0.15875702E+001
  0.15875793E+001
  0.15875878E+001
  0.15875958E+001
  0.15876032E+001
  0.15876102E+001
  0.15876166E+001
  0.15876226E+001
  0.15876280E+001
  0.15876331E+001
  0.15876377E+001
  0.15876420E+001
  0.15876458E+001
  0.15876494E+001
  0.15876526E+001
  0.15876555E+001
  0.15876582E+001
  0.15876607E+001
  0.15876629E+001
  0.15876649E+001
  0.15876667E+001
  0.15876684E+001
  0.15876698E+001
  0.15876712E+001
  0.15876724E+001
  0.15876736E+001
  0.15876746E+001
  0.15876755E+001
  0.15876763E+001
  0.15876771E+001
  0.15876778E+001
  0.15876784E+001
  0.15876790E+001
  0.15876795E+001
  0.15876800E+001
  0.15876805E+001
  0.15876809E+001
  0.15876812E+001
  0.15876816E+001
  0.15876819E+001
  0.15876822E+001
  0.15876824E+001
  0.15876827E+001
  0.15876829E+001
  0.15876831E+001
  0.15876833E+001
  0.15876835E+001
  0.15876837E+001
  0.15876838E+001
  0.15876840E+001
  0.15876841E+001
  0.15876843E+001
  0.15876844E+001
  0.15876845E+001
  0.15876846E+001
  0.15876847E+001
  0.15876848E+001
  0.15876849E+001
  0.15876849E+001
  0.15876850E+001
  0.15876851E+001
  0.15876852E+001
  0.15876852E+001
  0.15876853E+001
  0.15876853E+001
  0.15876854E+001
  0.15876854E+001
  0.15876855E+001
  0.15876855E+001
  0.15876856E+001
  0.15876856E+001
  0.15876857E+001
  0.15876857E+001
  0.15876857E+001
  0.15876858E+001
  0.15876858E+001
  0.15876859E+001
  0.15876859E+001
  0.15876859E+001
  0.15876859E+001
  0.15876860E+001
  0.15876860E+001
  0.15876860E+001
  0.15876861E+001
  0.15876861E+001
  0.15876861E+001
  0.15876861E+001
  0.15876861E+001
  0.15876862E+001
  0.15876862E+001
  0.15876862E+001
  0.15876862E+001
  0.15876862E+001
  0.15876863E+001
  0.15876863E+001
  0.15876863E+001
  0.15876863E+001
  0.15876864E+001
  0.15876865E+001
