 -0.50351565E-001
 -0.50056211E-001
 -0.49840973E-001
 -0.49684490E-001
 -0.49571834E-001
 -0.49492840E-001
 -0.49439775E-001
 -0.49406961E-001
 -0.49389920E-001
 -0.49385017E-001
 -0.49389502E-001
 -0.49401128E-001
 -0.49418363E-001
 -0.49439799E-001
 -0.49464457E-001
 -0.49491459E-001
 -0.49520145E-001
 -0.49549953E-001
 -0.49580487E-001
 -0.49611360E-001
 -0.49642320E-001
 -0.49673138E-001
 -0.49703620E-001
 -0.49733639E-001
 -0.49763077E-001
 -0.49791840E-001
 -0.49819866E-001
 -0.49847128E-001
 -0.49873589E-001
 -0.49899203E-001
 -0.49923943E-001
 -0.49947793E-001
 -0.49970751E-001
 -0.49992820E-001
 -0.50014012E-001
 -0.50034337E-001
 -0.50053816E-001
 -0.50072467E-001
 -0.50090316E-001
 -0.50107384E-001
 -0.50123696E-001
 -0.50139276E-001
 -0.50154149E-001
 -0.50168338E-001
 -0.50181863E-001
 -0.50194749E-001
 -0.50207014E-001
 -0.50218674E-001
 -0.50229749E-001
 -0.50240251E-001
 -0.50250197E-001
 -0.50259599E-001
 -0.50268468E-001
 -0.50276819E-001
 -0.50284664E-001
 -0.50292012E-001
 -0.50298878E-001
 -0.50305274E-001
 -0.50311213E-001
 -0.50316710E-001
 -0.50321779E-001
 -0.50326434E-001
 -0.50330692E-001
 -0.50334570E-001
 -0.50338083E-001
 -0.50341251E-001
 -0.50344091E-001
 -0.50346620E-001
 -0.50348858E-001
 -0.50350822E-001
 -0.50352530E-001
 -0.50354001E-001
 -0.50355251E-001
 -0.50356299E-001
 -0.50357162E-001
 -0.50357854E-001
 -0.50358394E-001
 -0.50358794E-001
 -0.50359072E-001
 -0.50359239E-001
 -0.50359309E-001
 -0.50359296E-001
 -0.50359210E-001
 -0.50359061E-001
 -0.50358862E-001
 -0.50358619E-001
 -0.50358343E-001
 -0.50358040E-001
 -0.50357717E-001
 -0.50357381E-001
 -0.50357037E-001
 -0.50356689E-001
 -0.50356341E-001
 -0.50355998E-001
 -0.50355660E-001
 -0.50355333E-001
 -0.50355015E-001
 -0.50354711E-001
 -0.50354419E-001
 -0.50354142E-001
 -0.50353880E-001
 -0.50353633E-001
 -0.50353401E-001
 -0.50353184E-001
 -0.50352981E-001
 -0.50352793E-001
 -0.50352619E-001
 -0.50352459E-001
 -0.50352311E-001
 -0.50352176E-001
 -0.50352052E-001
 -0.50351939E-001
 -0.50351837E-001
 -0.50351745E-001
 -0.50351661E-001
 -0.50351586E-001
 -0.50351520E-001
 -0.50351460E-001
 -0.50351407E-001
 -0.50351361E-001
 -0.50351321E-001
 -0.50351285E-001
 -0.50351255E-001
 -0.50351229E-001
 -0.50351208E-001
 -0.50351190E-001
 -0.50351176E-001
 -0.50351165E-001
 -0.50351156E-001
 -0.50351150E-001
 -0.50351147E-001
 -0.50351146E-001
 -0.50351146E-001
 -0.50351148E-001
 -0.50351152E-001
 -0.50351157E-001
 -0.50351163E-001
 -0.50351170E-001
 -0.50351178E-001
 -0.50351187E-001
 -0.50351196E-001
 -0.50351206E-001
 -0.50351217E-001
 -0.50351228E-001
 -0.50351239E-001
 -0.50351250E-001
 -0.50351261E-001
 -0.50351273E-001
 -0.50351285E-001
 -0.50351296E-001
 -0.50351308E-001
 -0.50351319E-001
 -0.50351330E-001
 -0.50351341E-001
 -0.50351352E-001
 -0.50351363E-001
 -0.50351373E-001
 -0.50351384E-001
 -0.50351393E-001
 -0.50351403E-001
 -0.50351412E-001
 -0.50351421E-001
 -0.50351430E-001
 -0.50351438E-001
 -0.50351446E-001
 -0.50351454E-001
 -0.50351461E-001
 -0.50351468E-001
 -0.50351475E-001
 -0.50351481E-001
 -0.50351487E-001
 -0.50351493E-001
 -0.50351499E-001
 -0.50351504E-001
 -0.50351508E-001
 -0.50351513E-001
 -0.50351517E-001
 -0.50351521E-001
 -0.50351525E-001
 -0.50351528E-001
 -0.50351532E-001
 -0.50351535E-001
 -0.50351537E-001
 -0.50351540E-001
 -0.50351542E-001
 -0.50351544E-001
 -0.50351546E-001
 -0.50351548E-001
 -0.50351550E-001
 -0.50351551E-001
 -0.50351553E-001
 -0.50351554E-001
 -0.50351555E-001
 -0.50351556E-001
 -0.50351557E-001
 -0.50351557E-001
 -0.50351558E-001
 -0.50351557E-001
 -0.50351554E-001
 -0.50351548E-001
