  0.12550357E+001
  0.12549629E+001
  0.12546753E+001
  0.12543758E+001
  0.12541091E+001
  0.12538797E+001
  0.12536830E+001
  0.12535145E+001
  0.12533708E+001
  0.12532466E+001
  0.12531403E+001
  0.12530479E+001
  0.12529676E+001
  0.12528974E+001
  0.12528361E+001
  0.12527824E+001
  0.12527352E+001
  0.12526934E+001
  0.12526563E+001
  0.12526231E+001
  0.12525933E+001
  0.12525665E+001
  0.12525422E+001
  0.12525201E+001
  0.12524999E+001
  0.12524814E+001
  0.12524642E+001
  0.12524483E+001
  0.12524334E+001
  0.12524196E+001
  0.12524065E+001
  0.12523943E+001
  0.12523827E+001
  0.12523717E+001
  0.12523613E+001
  0.12523515E+001
  0.12523420E+001
  0.12523331E+001
  0.12523245E+001
  0.12523164E+001
  0.12523086E+001
  0.12523012E+001
  0.12522941E+001
  0.12522874E+001
  0.12522810E+001
  0.12522750E+001
  0.12522693E+001
  0.12522639E+001
  0.12522588E+001
  0.12522541E+001
  0.12522497E+001
  0.12522456E+001
  0.12522418E+001
  0.12522384E+001
  0.12522352E+001
  0.12522324E+001
  0.12522298E+001
  0.12522276E+001
  0.12522256E+001
  0.12522239E+001
  0.12522225E+001
  0.12522214E+001
  0.12522205E+001
  0.12522198E+001
  0.12522194E+001
  0.12522192E+001
  0.12522193E+001
  0.12522195E+001
  0.12522199E+001
  0.12522205E+001
  0.12522212E+001
  0.12522221E+001
  0.12522232E+001
  0.12522244E+001
  0.12522257E+001
  0.12522271E+001
  0.12522286E+001
  0.12522301E+001
  0.12522318E+001
  0.12522335E+001
  0.12522352E+001
  0.12522370E+001
  0.12522387E+001
  0.12522405E+001
  0.12522423E+001
  0.12522441E+001
  0.12522459E+001
  0.12522476E+001
  0.12522493E+001
  0.12522509E+001
  0.12522525E+001
  0.12522541E+001
  0.12522556E+001
  0.12522570E+001
  0.12522584E+001
  0.12522597E+001
  0.12522609E+001
  0.12522621E+001
  0.12522631E+001
  0.12522642E+001
  0.12522651E+001
  0.12522660E+001
  0.12522668E+001
  0.12522676E+001
  0.12522683E+001
  0.12522689E+001
  0.12522695E+001
  0.12522701E+001
  0.12522706E+001
  0.12522710E+001
  0.12522714E+001
  0.12522717E+001
  0.12522721E+001
  0.12522723E+001
  0.12522726E+001
  0.12522728E+001
  0.12522730E+001
  0.12522731E+001
  0.12522733E+001
  0.12522734E+001
  0.12522734E+001
  0.12522735E+001
  0.12522735E+001
  0.12522736E+001
  0.12522736E+001
  0.12522736E+001
  0.12522735E+001
  0.12522735E+001
  0.12522734E+001
  0.12522733E+001
  0.12522733E+001
  0.12522732E+001
  0.12522730E+001
  0.12522729E+001
  0.12522728E+001
  0.12522726E+001
  0.12522725E+001
  0.12522723E+001
  0.12522721E+001
  0.12522720E+001
  0.12522718E+001
  0.12522715E+001
  0.12522713E+001
  0.12522711E+001
  0.12522709E+001
  0.12522706E+001
  0.12522704E+001
  0.12522701E+001
  0.12522699E+001
  0.12522696E+001
  0.12522693E+001
  0.12522690E+001
  0.12522687E+001
  0.12522684E+001
  0.12522681E+001
  0.12522678E+001
  0.12522675E+001
  0.12522671E+001
  0.12522668E+001
  0.12522665E+001
  0.12522661E+001
  0.12522658E+001
  0.12522654E+001
  0.12522651E+001
  0.12522647E+001
  0.12522644E+001
  0.12522640E+001
  0.12522636E+001
  0.12522633E+001
  0.12522629E+001
  0.12522625E+001
  0.12522622E+001
  0.12522618E+001
  0.12522614E+001
  0.12522611E+001
  0.12522607E+001
  0.12522603E+001
  0.12522600E+001
  0.12522596E+001
  0.12522592E+001
  0.12522589E+001
  0.12522585E+001
  0.12522582E+001
  0.12522578E+001
  0.12522575E+001
  0.12522571E+001
  0.12522568E+001
  0.12522565E+001
  0.12522561E+001
  0.12522558E+001
  0.12522555E+001
  0.12522552E+001
  0.12522549E+001
  0.12522545E+001
  0.12522542E+001
  0.12522540E+001
  0.12522537E+001
  0.12522534E+001
  0.12522531E+001
  0.12522528E+001
