  0.70551750E+000  0.85700687E+000  0.10395798E+001  0.24180388E+001
  0.70533782E+000  0.85642249E+000  0.10398119E+001  0.24182795E+001
  0.70474951E+000  0.85602687E+000  0.10396972E+001  0.24182281E+001
  0.70422065E+000  0.85564764E+000  0.10395313E+001  0.24181039E+001
  0.70380056E+000  0.85529235E+000  0.10393694E+001  0.24179743E+001
  0.70347344E+000  0.85496344E+000  0.10392259E+001  0.24178564E+001
  0.70319865E+000  0.85468046E+000  0.10390998E+001  0.24177536E+001
  0.70296863E+000  0.85443617E+000  0.10389815E+001  0.24176721E+001
  0.70277779E+000  0.85422714E+000  0.10388620E+001  0.24176164E+001
  0.70261479E+000  0.85404763E+000  0.10387585E+001  0.24175659E+001
  0.70247860E+000  0.85389429E+000  0.10386684E+001  0.24175201E+001
  0.70236214E+000  0.85376075E+000  0.10385901E+001  0.24174788E+001
  0.70226408E+000  0.85364515E+000  0.10385211E+001  0.24174403E+001
  0.70218033E+000  0.85354421E+000  0.10384607E+001  0.24174046E+001
  0.70210935E+000  0.85345674E+000  0.10384079E+001  0.24173709E+001
  0.70204850E+000  0.85338057E+000  0.10383620E+001  0.24173390E+001
  0.70199634E+000  0.85331448E+000  0.10383219E+001  0.24173084E+001
  0.70195095E+000  0.85325684E+000  0.10382870E+001  0.24172791E+001
  0.70191168E+000  0.85320694E+000  0.10382560E+001  0.24172507E+001
  0.70187706E+000  0.85316342E+000  0.10382287E+001  0.24172233E+001
  0.70184654E+000  0.85312569E+000  0.10382045E+001  0.24171967E+001
  0.70181947E+000  0.85309301E+000  0.10381830E+001  0.24171709E+001
  0.70179510E+000  0.85306454E+000  0.10381637E+001  0.24171459E+001
  0.70177312E+000  0.85303978E+000  0.10381462E+001  0.24171217E+001
  0.70175318E+000  0.85301823E+000  0.10381304E+001  0.24170982E+001
  0.70173491E+000  0.85299935E+000  0.10381160E+001  0.24170754E+001
  0.70171813E+000  0.85298277E+000  0.10381029E+001  0.24170533E+001
  0.70170254E+000  0.85296811E+000  0.10380910E+001  0.24170318E+001
  0.70168799E+000  0.85295504E+000  0.10380802E+001  0.24170109E+001
  0.70167439E+000  0.85294327E+000  0.10380621E+001  0.24169988E+001
  0.70166167E+000  0.85293258E+000  0.10380449E+001  0.24169873E+001
  0.70164972E+000  0.85292276E+000  0.10380286E+001  0.24169763E+001
  0.70163848E+000  0.85291363E+000  0.10380132E+001  0.24169657E+001
  0.70162787E+000  0.85290505E+000  0.10379988E+001  0.24169555E+001
  0.70161784E+000  0.85289693E+000  0.10379853E+001  0.24169456E+001
  0.70160833E+000  0.85288916E+000  0.10379727E+001  0.24169359E+001
  0.70159931E+000  0.85288171E+000  0.10379611E+001  0.24169263E+001
  0.70159073E+000  0.85287450E+000  0.10379503E+001  0.24169170E+001
  0.70158257E+000  0.85286754E+000  0.10379405E+001  0.24169078E+001
  0.70157481E+000  0.85286081E+000  0.10379314E+001  0.24168988E+001
  0.70156408E+000  0.85285765E+000  0.10379230E+001  0.24168899E+001
  0.70155018E+000  0.85285826E+000  0.10379154E+001  0.24168811E+001
  0.70153704E+000  0.85285871E+000  0.10379084E+001  0.24168726E+001
  0.70152465E+000  0.85285903E+000  0.10379019E+001  0.24168643E+001
  0.70151298E+000  0.85285923E+000  0.10378959E+001  0.24168562E+001
  0.70150201E+000  0.85285937E+000  0.10378904E+001  0.24168484E+001
  0.70149175E+000  0.85285946E+000  0.10378851E+001  0.24168410E+001
  0.70148217E+000  0.85285951E+000  0.10378802E+001  0.24168339E+001
  0.70147327E+000  0.85286273E+000  0.10378724E+001  0.24168272E+001
  0.70146503E+000  0.85287021E+000  0.10378606E+001  0.24168209E+001
  0.70145743E+000  0.85287743E+000  0.10378492E+001  0.24168150E+001
  0.70145047E+000  0.85288440E+000  0.10378383E+001  0.24168095E+001
  0.70144412E+000  0.85289114E+000  0.10378279E+001  0.24168045E+001
  0.70143838E+000  0.85289765E+000  0.10378179E+001  0.24167999E+001
  0.70143321E+000  0.85290394E+000  0.10378084E+001  0.24167957E+001
  0.70142860E+000  0.85291003E+000  0.10377994E+001  0.24167918E+001
  0.70142453E+000  0.85291592E+000  0.10377908E+001  0.24167884E+001
  0.70142097E+000  0.85292163E+000  0.10377828E+001  0.24167853E+001
  0.70141789E+000  0.85292716E+000  0.10377753E+001  0.24167825E+001
  0.70141527E+000  0.85293253E+000  0.10377682E+001  0.24167800E+001
  0.70141307E+000  0.85293776E+000  0.10377617E+001  0.24167779E+001
  0.70141126E+000  0.85294285E+000  0.10377557E+001  0.24167760E+001
  0.70140981E+000  0.85294783E+000  0.10377501E+001  0.24167745E+001
  0.70140868E+000  0.85295269E+000  0.10377451E+001  0.24167732E+001
  0.70140785E+000  0.85295747E+000  0.10377406E+001  0.24167721E+001
  0.70140727E+000  0.85296216E+000  0.10377365E+001  0.24167713E+001
  0.70140693E+000  0.85296678E+000  0.10377329E+001  0.24167707E+001
  0.70140678E+000  0.85297134E+000  0.10377297E+001  0.24167704E+001
  0.70140681E+000  0.85297584E+000  0.10377269E+001  0.24167703E+001
  0.70140698E+000  0.85298029E+000  0.10377246E+001  0.24167704E+001
  0.70140727E+000  0.85298468E+000  0.10377226E+001  0.24167707E+001
  0.70140767E+000  0.85298903E+000  0.10377210E+001  0.24167712E+001
  0.70140814E+000  0.85299332E+000  0.10377197E+001  0.24167719E+001
  0.70140868E+000  0.85299755E+000  0.10377188E+001  0.24167728E+001
  0.70140928E+000  0.85300171E+000  0.10377181E+001  0.24167739E+001
  0.70140991E+000  0.85300580E+000  0.10377177E+001  0.24167752E+001
  0.70141057E+000  0.85300981E+000  0.10377176E+001  0.24167766E+001
  0.70141125E+000  0.85301373E+000  0.10377177E+001  0.24167782E+001
  0.70141194E+000  0.85301754E+000  0.10377180E+001  0.24167799E+001
  0.70141264E+000  0.85302125E+000  0.10377185E+001  0.24167818E+001
  0.70141335E+000  0.85302484E+000  0.10377191E+001  0.24167838E+001
  0.70141406E+000  0.85302830E+000  0.10377199E+001  0.24167859E+001
  0.70141476E+000  0.85303162E+000  0.10377208E+001  0.24167881E+001
  0.70141546E+000  0.85303481E+000  0.10377218E+001  0.24167904E+001
  0.70141615E+000  0.85303784E+000  0.10377229E+001  0.24167927E+001
  0.70141683E+000  0.85304073E+000  0.10377240E+001  0.24167952E+001
  0.70141751E+000  0.85304347E+000  0.10377252E+001  0.24167976E+001
  0.70141817E+000  0.85304605E+000  0.10377264E+001  0.24168001E+001
  0.70141883E+000  0.85304847E+000  0.10377275E+001  0.24168026E+001
  0.70141947E+000  0.85305075E+000  0.10377287E+001  0.24168051E+001
  0.70142009E+000  0.85305287E+000  0.10377299E+001  0.24168076E+001
  0.70142071E+000  0.85305485E+000  0.10377311E+001  0.24168101E+001
  0.70142131E+000  0.85305668E+000  0.10377322E+001  0.24168125E+001
  0.70142189E+000  0.85305838E+000  0.10377332E+001  0.24168149E+001
  0.70142245E+000  0.85305994E+000  0.10377342E+001  0.24168172E+001
  0.70142299E+000  0.85306138E+000  0.10377352E+001  0.24168194E+001
  0.70142352E+000  0.85306269E+000  0.10377361E+001  0.24168216E+001
  0.70142402E+000  0.85306388E+000  0.10377369E+001  0.24168237E+001
  0.70142450E+000  0.85306497E+000  0.10377377E+001  0.24168257E+001
  0.70142496E+000  0.85306595E+000  0.10377384E+001  0.24168277E+001
  0.70142539E+000  0.85306683E+000  0.10377390E+001  0.24168295E+001
  0.70142580E+000  0.85306762E+000  0.10377396E+001  0.24168313E+001
  0.70142619E+000  0.85306832E+000  0.10377402E+001  0.24168330E+001
  0.70142655E+000  0.85306894E+000  0.10377407E+001  0.24168345E+001
  0.70142688E+000  0.85306949E+000  0.10377411E+001  0.24168360E+001
  0.70142720E+000  0.85306996E+000  0.10377415E+001  0.24168374E+001
  0.70142749E+000  0.85307037E+000  0.10377418E+001  0.24168387E+001
  0.70142775E+000  0.85307072E+000  0.10377421E+001  0.24168400E+001
  0.70142799E+000  0.85307101E+000  0.10377424E+001  0.24168411E+001
  0.70142822E+000  0.85307125E+000  0.10377426E+001  0.24168422E+001
  0.70142842E+000  0.85307144E+000  0.10377428E+001  0.24168432E+001
  0.70142860E+000  0.85307158E+000  0.10377429E+001  0.24168442E+001
  0.70142876E+000  0.85307169E+000  0.10377431E+001  0.24168450E+001
  0.70142890E+000  0.85307176E+000  0.10377432E+001  0.24168458E+001
  0.70142903E+000  0.85307179E+000  0.10377432E+001  0.24168466E+001
  0.70142914E+000  0.85307180E+000  0.10377433E+001  0.24168473E+001
  0.70142924E+000  0.85307177E+000  0.10377433E+001  0.24168479E+001
  0.70142932E+000  0.85307173E+000  0.10377433E+001  0.24168485E+001
  0.70142939E+000  0.85307166E+000  0.10377432E+001  0.24168491E+001
  0.70142945E+000  0.85307157E+000  0.10377432E+001  0.24168496E+001
  0.70142950E+000  0.85307147E+000  0.10377431E+001  0.24168501E+001
  0.70142954E+000  0.85307136E+000  0.10377429E+001  0.24168505E+001
  0.70142957E+000  0.85307123E+000  0.10377428E+001  0.24168509E+001
  0.70142959E+000  0.85307110E+000  0.10377426E+001  0.24168513E+001
  0.70142960E+000  0.85307095E+000  0.10377424E+001  0.24168516E+001
  0.70142961E+000  0.85307080E+000  0.10377422E+001  0.24168519E+001
  0.70142961E+000  0.85307065E+000  0.10377420E+001  0.24168522E+001
  0.70142961E+000  0.85307049E+000  0.10377417E+001  0.24168524E+001
  0.70142960E+000  0.85307034E+000  0.10377414E+001  0.24168526E+001
  0.70142959E+000  0.85307018E+000  0.10377411E+001  0.24168528E+001
  0.70142957E+000  0.85307002E+000  0.10377408E+001  0.24168529E+001
  0.70142955E+000  0.85306987E+000  0.10377405E+001  0.24168531E+001
  0.70142953E+000  0.85306972E+000  0.10377401E+001  0.24168531E+001
  0.70142950E+000  0.85306957E+000  0.10377397E+001  0.24168532E+001
  0.70142948E+000  0.85306943E+000  0.10377393E+001  0.24168532E+001
  0.70142945E+000  0.85306929E+000  0.10377389E+001  0.24168532E+001
  0.70142941E+000  0.85306915E+000  0.10377385E+001  0.24168532E+001
  0.70142938E+000  0.85306902E+000  0.10377381E+001  0.24168531E+001
  0.70142935E+000  0.85306890E+000  0.10377377E+001  0.24168529E+001
  0.70142931E+000  0.85306878E+000  0.10377372E+001  0.24168528E+001
  0.70142928E+000  0.85306867E+000  0.10377368E+001  0.24168526E+001
  0.70142924E+000  0.85306856E+000  0.10377364E+001  0.24168523E+001
  0.70142920E+000  0.85306846E+000  0.10377359E+001  0.24168520E+001
  0.70142917E+000  0.85306836E+000  0.10377355E+001  0.24168517E+001
  0.70142913E+000  0.85306827E+000  0.10377351E+001  0.24168513E+001
  0.70142909E+000  0.85306819E+000  0.10377347E+001  0.24168509E+001
  0.70142905E+000  0.85306811E+000  0.10377342E+001  0.24168504E+001
  0.70142902E+000  0.85306803E+000  0.10377338E+001  0.24168499E+001
  0.70142898E+000  0.85306796E+000  0.10377334E+001  0.24168493E+001
  0.70142894E+000  0.85306790E+000  0.10377330E+001  0.24168487E+001
  0.70142891E+000  0.85306784E+000  0.10377327E+001  0.24168481E+001
  0.70142887E+000  0.85306779E+000  0.10377323E+001  0.24168474E+001
  0.70142884E+000  0.85306773E+000  0.10377320E+001  0.24168466E+001
  0.70142880E+000  0.85306769E+000  0.10377316E+001  0.24168458E+001
  0.70142877E+000  0.85306764E+000  0.10377313E+001  0.24168450E+001
  0.70142874E+000  0.85306760E+000  0.10377310E+001  0.24168441E+001
  0.70142871E+000  0.85306757E+000  0.10377307E+001  0.24168432E+001
  0.70142868E+000  0.85306754E+000  0.10377304E+001  0.24168422E+001
  0.70142865E+000  0.85306750E+000  0.10377301E+001  0.24168412E+001
  0.70142862E+000  0.85306748E+000  0.10377299E+001  0.24168402E+001
  0.70142859E+000  0.85306745E+000  0.10377296E+001  0.24168391E+001
  0.70142857E+000  0.85306743E+000  0.10377294E+001  0.24168380E+001
  0.70142854E+000  0.85306741E+000  0.10377292E+001  0.24168369E+001
  0.70142852E+000  0.85306739E+000  0.10377290E+001  0.24168357E+001
  0.70142850E+000  0.85306738E+000  0.10377288E+001  0.24168345E+001
  0.70142848E+000  0.85306736E+000  0.10377286E+001  0.24168333E+001
  0.70142846E+000  0.85306735E+000  0.10377285E+001  0.24168320E+001
  0.70142844E+000  0.85306734E+000  0.10377283E+001  0.24168308E+001
  0.70142842E+000  0.85306733E+000  0.10377282E+001  0.24168295E+001
  0.70142840E+000  0.85306732E+000  0.10377280E+001  0.24168282E+001
  0.70142839E+000  0.85306731E+000  0.10377279E+001  0.24168269E+001
  0.70142837E+000  0.85306730E+000  0.10377278E+001  0.24168255E+001
  0.70142836E+000  0.85306730E+000  0.10377277E+001  0.24168242E+001
  0.70142835E+000  0.85306729E+000  0.10377276E+001  0.24168228E+001
  0.70142834E+000  0.85306729E+000  0.10377275E+001  0.24168215E+001
  0.70142833E+000  0.85306729E+000  0.10377274E+001  0.24168201E+001
  0.70142832E+000  0.85306728E+000  0.10377273E+001  0.24168187E+001
  0.70142831E+000  0.85306728E+000  0.10377272E+001  0.24168174E+001
  0.70142830E+000  0.85306728E+000  0.10377272E+001  0.24168160E+001
  0.70142830E+000  0.85306728E+000  0.10377271E+001  0.24168146E+001
  0.70142829E+000  0.85306728E+000  0.10377270E+001  0.24168133E+001
  0.70142829E+000  0.85306728E+000  0.10377270E+001  0.24168119E+001
  0.70142828E+000  0.85306728E+000  0.10377269E+001  0.24168105E+001
  0.70142828E+000  0.85306728E+000  0.10377269E+001  0.24168092E+001
  0.70142827E+000  0.85306727E+000  0.10377268E+001  0.24168078E+001
  0.70142827E+000  0.85306727E+000  0.10377268E+001  0.24168065E+001
  0.70142827E+000  0.85306727E+000  0.10377267E+001  0.24168052E+001
  0.70142827E+000  0.85306728E+000  0.10377267E+001  0.24168039E+001
  0.70142827E+000  0.85306728E+000  0.10377267E+001  0.24168026E+001
  0.70142826E+000  0.85306728E+000  0.10377267E+001  0.24168013E+001
  0.70142826E+000  0.85306728E+000  0.10377266E+001  0.24168001E+001
  0.70142826E+000  0.85306728E+000  0.10377266E+001  0.24167988E+001
  0.70142826E+000  0.85306728E+000  0.10377266E+001  0.24167976E+001
  0.70142826E+000  0.85306728E+000  0.10377266E+001  0.24167964E+001
  0.70142827E+000  0.85306728E+000  0.10377265E+001  0.24167952E+001
  0.70142827E+000  0.85306728E+000  0.10377265E+001  0.24167941E+001
  0.70142827E+000  0.85306728E+000  0.10377265E+001  0.24167929E+001
  0.70142827E+000  0.85306728E+000  0.10377265E+001  0.24167918E+001
  0.70142827E+000  0.85306727E+000  0.10377265E+001  0.24167907E+001
  0.70142827E+000  0.85306725E+000  0.10377264E+001  0.24167896E+001
