 -0.44507696E+000
 -0.44484632E+000
 -0.44489601E+000
 -0.44501491E+000
 -0.44514045E+000
 -0.44525392E+000
 -0.44535181E+000
 -0.44543507E+000
 -0.44550576E+000
 -0.44556578E+000
 -0.44561715E+000
 -0.44566049E+000
 -0.44569787E+000
 -0.44572971E+000
 -0.44575720E+000
 -0.44578084E+000
 -0.44580139E+000
 -0.44581918E+000
 -0.44583483E+000
 -0.44584847E+000
 -0.44586051E+000
 -0.44587115E+000
 -0.44588056E+000
 -0.44588897E+000
 -0.44589650E+000
 -0.44590327E+000
 -0.44590939E+000
 -0.44591494E+000
 -0.44592001E+000
 -0.44592464E+000
 -0.44592891E+000
 -0.44593285E+000
 -0.44593650E+000
 -0.44593991E+000
 -0.44594308E+000
 -0.44594605E+000
 -0.44594884E+000
 -0.44595145E+000
 -0.44595391E+000
 -0.44595621E+000
 -0.44595837E+000
 -0.44596040E+000
 -0.44596229E+000
 -0.44596406E+000
 -0.44596570E+000
 -0.44596722E+000
 -0.44596863E+000
 -0.44596991E+000
 -0.44597108E+000
 -0.44597213E+000
 -0.44597308E+000
 -0.44597392E+000
 -0.44597466E+000
 -0.44597530E+000
 -0.44597585E+000
 -0.44597631E+000
 -0.44597669E+000
 -0.44597699E+000
 -0.44597723E+000
 -0.44597740E+000
 -0.44597751E+000
 -0.44597757E+000
 -0.44597760E+000
 -0.44597758E+000
 -0.44597754E+000
 -0.44597747E+000
 -0.44597738E+000
 -0.44597728E+000
 -0.44597716E+000
 -0.44597704E+000
 -0.44597692E+000
 -0.44597679E+000
 -0.44597666E+000
 -0.44597652E+000
 -0.44597639E+000
 -0.44597624E+000
 -0.44597610E+000
 -0.44597594E+000
 -0.44597577E+000
 -0.44597559E+000
 -0.44597540E+000
 -0.44597519E+000
 -0.44597496E+000
 -0.44597470E+000
 -0.44597443E+000
 -0.44597414E+000
 -0.44597382E+000
 -0.44597348E+000
 -0.44597313E+000
 -0.44597275E+000
 -0.44597236E+000
 -0.44597196E+000
 -0.44597155E+000
 -0.44597112E+000
 -0.44597069E+000
 -0.44597026E+000
 -0.44596983E+000
 -0.44596941E+000
 -0.44596898E+000
 -0.44596857E+000
 -0.44596816E+000
 -0.44596776E+000
 -0.44596737E+000
 -0.44596700E+000
 -0.44596664E+000
 -0.44596629E+000
 -0.44596596E+000
 -0.44596564E+000
 -0.44596533E+000
 -0.44596504E+000
 -0.44596475E+000
 -0.44596448E+000
 -0.44596422E+000
 -0.44596397E+000
 -0.44596373E+000
 -0.44596350E+000
 -0.44596328E+000
 -0.44596306E+000
 -0.44596285E+000
 -0.44596264E+000
 -0.44596243E+000
 -0.44596223E+000
 -0.44596203E+000
 -0.44596183E+000
 -0.44596163E+000
 -0.44596143E+000
 -0.44596122E+000
 -0.44596101E+000
 -0.44596080E+000
 -0.44596059E+000
 -0.44596037E+000
 -0.44596015E+000
 -0.44595992E+000
 -0.44595968E+000
 -0.44595943E+000
 -0.44595918E+000
 -0.44595892E+000
 -0.44595865E+000
 -0.44595838E+000
 -0.44595809E+000
 -0.44595779E+000
 -0.44595749E+000
 -0.44595717E+000
 -0.44595685E+000
 -0.44595652E+000
 -0.44595617E+000
 -0.44595582E+000
 -0.44595545E+000
 -0.44595508E+000
 -0.44595470E+000
 -0.44595431E+000
 -0.44595390E+000
 -0.44595349E+000
 -0.44595307E+000
 -0.44595264E+000
 -0.44595221E+000
 -0.44595176E+000
 -0.44595131E+000
 -0.44595085E+000
 -0.44595038E+000
 -0.44594991E+000
 -0.44594943E+000
 -0.44594895E+000
 -0.44594846E+000
 -0.44594796E+000
 -0.44594746E+000
 -0.44594696E+000
 -0.44594645E+000
 -0.44594594E+000
 -0.44594543E+000
 -0.44594492E+000
 -0.44594441E+000
 -0.44594389E+000
 -0.44594338E+000
 -0.44594286E+000
 -0.44594235E+000
 -0.44594184E+000
 -0.44594133E+000
 -0.44594082E+000
 -0.44594032E+000
 -0.44593981E+000
 -0.44593932E+000
 -0.44593882E+000
 -0.44593833E+000
 -0.44593785E+000
 -0.44593737E+000
 -0.44593690E+000
 -0.44593643E+000
 -0.44593597E+000
 -0.44593551E+000
 -0.44593507E+000
 -0.44593462E+000
 -0.44593419E+000
 -0.44593377E+000
 -0.44593335E+000
 -0.44593294E+000
 -0.44593253E+000
 -0.44593214E+000
 -0.44593175E+000
 -0.44593138E+000
