  0.52996744E+000
  0.52904710E+000
  0.52846265E+000
  0.52804173E+000
  0.52771869E+000
  0.52746570E+000
  0.52726499E+000
  0.52710379E+000
  0.52697346E+000
  0.52686769E+000
  0.52678290E+000
  0.52671279E+000
  0.52665696E+000
  0.52661149E+000
  0.52657543E+000
  0.52654653E+000
  0.52652395E+000
  0.52650609E+000
  0.52649289E+000
  0.52648299E+000
  0.52647615E+000
  0.52647187E+000
  0.52646949E+000
  0.52646882E+000
  0.52646958E+000
  0.52647141E+000
  0.52647420E+000
  0.52647772E+000
  0.52648184E+000
  0.52648641E+000
  0.52649132E+000
  0.52649648E+000
  0.52650181E+000
  0.52650724E+000
  0.52651273E+000
  0.52651823E+000
  0.52652373E+000
  0.52652916E+000
  0.52653453E+000
  0.52653982E+000
  0.52654501E+000
  0.52655009E+000
  0.52655506E+000
  0.52655991E+000
  0.52656463E+000
  0.52656922E+000
  0.52657370E+000
  0.52657804E+000
  0.52658227E+000
  0.52658635E+000
  0.52659031E+000
  0.52659414E+000
  0.52659784E+000
  0.52660141E+000
  0.52660486E+000
  0.52660817E+000
  0.52661135E+000
  0.52661441E+000
  0.52661733E+000
  0.52662013E+000
  0.52662281E+000
  0.52662536E+000
  0.52662778E+000
  0.52663009E+000
  0.52663228E+000
  0.52663435E+000
  0.52663631E+000
  0.52663816E+000
  0.52663991E+000
  0.52664155E+000
  0.52664308E+000
  0.52664452E+000
  0.52664587E+000
  0.52664712E+000
  0.52664829E+000
  0.52664937E+000
  0.52665037E+000
  0.52665129E+000
  0.52665214E+000
  0.52665291E+000
  0.52665362E+000
  0.52665427E+000
  0.52665485E+000
  0.52665538E+000
  0.52665586E+000
  0.52665629E+000
  0.52665668E+000
  0.52665703E+000
  0.52665735E+000
  0.52665763E+000
  0.52665789E+000
  0.52665812E+000
  0.52665833E+000
  0.52665852E+000
  0.52665869E+000
  0.52665885E+000
  0.52665899E+000
  0.52665913E+000
  0.52665925E+000
  0.52665937E+000
  0.52665948E+000
  0.52665958E+000
  0.52665969E+000
  0.52665978E+000
  0.52665987E+000
  0.52665996E+000
  0.52666005E+000
  0.52666013E+000
  0.52666022E+000
  0.52666029E+000
  0.52666037E+000
  0.52666045E+000
  0.52666052E+000
  0.52666060E+000
  0.52666067E+000
  0.52666074E+000
  0.52666081E+000
  0.52666088E+000
  0.52666094E+000
  0.52666101E+000
  0.52666108E+000
  0.52666114E+000
  0.52666120E+000
  0.52666127E+000
  0.52666133E+000
  0.52666139E+000
  0.52666145E+000
  0.52666151E+000
  0.52666156E+000
  0.52666162E+000
  0.52666168E+000
  0.52666173E+000
  0.52666179E+000
  0.52666184E+000
  0.52666190E+000
  0.52666195E+000
  0.52666201E+000
  0.52666206E+000
  0.52666211E+000
  0.52666216E+000
  0.52666221E+000
  0.52666226E+000
  0.52666231E+000
  0.52666236E+000
  0.52666241E+000
  0.52666245E+000
  0.52666250E+000
  0.52666254E+000
  0.52666259E+000
  0.52666263E+000
  0.52666268E+000
  0.52666272E+000
  0.52666276E+000
  0.52666280E+000
  0.52666284E+000
  0.52666288E+000
  0.52666292E+000
  0.52666296E+000
  0.52666300E+000
  0.52666303E+000
  0.52666307E+000
  0.52666310E+000
  0.52666314E+000
  0.52666317E+000
  0.52666320E+000
  0.52666323E+000
  0.52666326E+000
  0.52666329E+000
  0.52666332E+000
  0.52666335E+000
  0.52666338E+000
  0.52666340E+000
  0.52666343E+000
  0.52666345E+000
  0.52666348E+000
  0.52666350E+000
  0.52666352E+000
  0.52666355E+000
  0.52666357E+000
  0.52666359E+000
  0.52666361E+000
  0.52666363E+000
  0.52666365E+000
  0.52666366E+000
  0.52666368E+000
  0.52666370E+000
  0.52666371E+000
  0.52666373E+000
  0.52666374E+000
  0.52666376E+000
  0.52666377E+000
  0.52666378E+000
  0.52666380E+000
  0.52666381E+000
  0.52666382E+000
  0.52666383E+000
  0.52666384E+000
  0.52666385E+000
  0.52666386E+000
  0.52666388E+000
