 -0.11921776E+000  0.60389155E+000  0.54232138E+001  0.12139254E+003
 -0.11808861E+000  0.60628208E+000  0.54273954E+001  0.12139757E+003
 -0.11736516E+000  0.60801063E+000  0.54306576E+001  0.12140162E+003
 -0.11687688E+000  0.60927394E+000  0.54332226E+001  0.12140490E+003
 -0.11654876E+000  0.61019693E+000  0.54352401E+001  0.12140756E+003
 -0.11633728E+000  0.61086448E+000  0.54368185E+001  0.12140973E+003
 -0.11620946E+000  0.61133565E+000  0.54380411E+001  0.12141151E+003
 -0.11614254E+000  0.61165402E+000  0.54389748E+001  0.12141295E+003
 -0.11612149E+000  0.61185375E+000  0.54396726E+001  0.12141413E+003
 -0.11613460E+000  0.61195924E+000  0.54401745E+001  0.12141509E+003
 -0.11617257E+000  0.61198836E+000  0.54405151E+001  0.12141586E+003
 -0.11622801E+000  0.61195686E+000  0.54407241E+001  0.12141648E+003
 -0.11629652E+000  0.61187610E+000  0.54408229E+001  0.12141697E+003
 -0.11637418E+000  0.61175694E+000  0.54408319E+001  0.12141735E+003
 -0.11645860E+000  0.61160717E+000  0.54407665E+001  0.12141764E+003
 -0.11654763E+000  0.61143376E+000  0.54406400E+001  0.12141784E+003
 -0.11663984E+000  0.61124194E+000  0.54404627E+001  0.12141798E+003
 -0.11673397E+000  0.61103623E+000  0.54402437E+001  0.12141807E+003
 -0.11682922E+000  0.61081995E+000  0.54399896E+001  0.12141810E+003
 -0.11692467E+000  0.61059645E+000  0.54397068E+001  0.12141809E+003
 -0.11701980E+000  0.61036790E+000  0.54394000E+001  0.12141805E+003
 -0.11711405E+000  0.61013631E+000  0.54390735E+001  0.12141797E+003
 -0.11720696E+000  0.60990335E+000  0.54387308E+001  0.12141787E+003
 -0.11729826E+000  0.60967022E+000  0.54383747E+001  0.12141774E+003
 -0.11738765E+000  0.60943802E+000  0.54380074E+001  0.12141759E+003
 -0.11747492E+000  0.60920766E+000  0.54376311E+001  0.12141742E+003
 -0.11755991E+000  0.60897984E+000  0.54372473E+001  0.12141724E+003
 -0.11764244E+000  0.60875518E+000  0.54368575E+001  0.12141704E+003
 -0.11772235E+000  0.60853419E+000  0.54364628E+001  0.12141683E+003
 -0.11779959E+000  0.60831727E+000  0.54360654E+001  0.12141661E+003
 -0.11787412E+000  0.60810475E+000  0.54356653E+001  0.12141638E+003
 -0.11794597E+000  0.60789692E+000  0.54352631E+001  0.12141614E+003
 -0.11801515E+000  0.60769400E+000  0.54348597E+001  0.12141589E+003
 -0.11808171E+000  0.60749618E+000  0.54344558E+001  0.12141563E+003
 -0.11814570E+000  0.60730361E+000  0.54340522E+001  0.12141537E+003
 -0.11820718E+000  0.60711642E+000  0.54336494E+001  0.12141510E+003
 -0.11826622E+000  0.60693470E+000  0.54332482E+001  0.12141482E+003
 -0.11832287E+000  0.60675854E+000  0.54328493E+001  0.12141454E+003
 -0.11837721E+000  0.60658800E+000  0.54324532E+001  0.12141426E+003
 -0.11842930E+000  0.60642314E+000  0.54320607E+001  0.12141396E+003
 -0.11847908E+000  0.60626388E+000  0.54316723E+001  0.12141367E+003
 -0.11852662E+000  0.60611026E+000  0.54312887E+001  0.12141337E+003
 -0.11857212E+000  0.60596244E+000  0.54309106E+001  0.12141306E+003
 -0.11861564E+000  0.60582045E+000  0.54305385E+001  0.12141275E+003
 -0.11865723E+000  0.60568433E+000  0.54301729E+001  0.12141244E+003
 -0.11869695E+000  0.60555405E+000  0.54298146E+001  0.12141213E+003
 -0.11873486E+000  0.60542962E+000  0.54294639E+001  0.12141181E+003
 -0.11877098E+000  0.60531106E+000  0.54291214E+001  0.12141150E+003
 -0.11880537E+000  0.60519848E+000  0.54287874E+001  0.12141118E+003
 -0.11883805E+000  0.60509191E+000  0.54284623E+001  0.12141086E+003
 -0.11886908E+000  0.60499110E+000  0.54281468E+001  0.12141054E+003
 -0.11889848E+000  0.60489601E+000  0.54278412E+001  0.12141022E+003
 -0.11892629E+000  0.60480659E+000  0.54275458E+001  0.12140991E+003
 -0.11895254E+000  0.60472274E+000  0.54272611E+001  0.12140959E+003
 -0.11897727E+000  0.60464439E+000  0.54269872E+001  0.12140928E+003
 -0.11900050E+000  0.60457143E+000  0.54267245E+001  0.12140898E+003
 -0.11902228E+000  0.60450374E+000  0.54264731E+001  0.12140867E+003
 -0.11904265E+000  0.60444117E+000  0.54262333E+001  0.12140838E+003
 -0.11906164E+000  0.60438359E+000  0.54260051E+001  0.12140808E+003
 -0.11907929E+000  0.60433082E+000  0.54257887E+001  0.12140780E+003
 -0.11909566E+000  0.60428269E+000  0.54255842E+001  0.12140752E+003
 -0.11911077E+000  0.60423901E+000  0.54253914E+001  0.12140725E+003
 -0.11912469E+000  0.60419958E+000  0.54252105E+001  0.12140698E+003
 -0.11913746E+000  0.60416417E+000  0.54250412E+001  0.12140673E+003
 -0.11914913E+000  0.60413259E+000  0.54248836E+001  0.12140648E+003
 -0.11915976E+000  0.60410459E+000  0.54247373E+001  0.12140624E+003
 -0.11916939E+000  0.60407995E+000  0.54246022E+001  0.12140601E+003
 -0.11917808E+000  0.60405844E+000  0.54244780E+001  0.12140580E+003
 -0.11918587E+000  0.60403982E+000  0.54243644E+001  0.12140559E+003
 -0.11919284E+000  0.60402386E+000  0.54242610E+001  0.12140539E+003
 -0.11919902E+000  0.60401032E+000  0.54241675E+001  0.12140520E+003
 -0.11920447E+000  0.60399900E+000  0.54240833E+001  0.12140503E+003
 -0.11920924E+000  0.60398966E+000  0.54240081E+001  0.12140486E+003
 -0.11921338E+000  0.60398209E+000  0.54239414E+001  0.12140471E+003
 -0.11921693E+000  0.60397609E+000  0.54238826E+001  0.12140456E+003
 -0.11921996E+000  0.60397147E+000  0.54238313E+001  0.12140443E+003
 -0.11922250E+000  0.60396805E+000  0.54237869E+001  0.12140431E+003
 -0.11922459E+000  0.60396565E+000  0.54237488E+001  0.12140419E+003
 -0.11922629E+000  0.60396411E+000  0.54237166E+001  0.12140409E+003
 -0.11922763E+000  0.60396329E+000  0.54236897E+001  0.12140399E+003
 -0.11922865E+000  0.60396304E+000  0.54236676E+001  0.12140390E+003
 -0.11922938E+000  0.60396325E+000  0.54236498E+001  0.12140382E+003
 -0.11922987E+000  0.60396380E+000  0.54236357E+001  0.12140375E+003
 -0.11923014E+000  0.60396459E+000  0.54236249E+001  0.12140369E+003
 -0.11923023E+000  0.60396552E+000  0.54236169E+001  0.12140363E+003
 -0.11923016E+000  0.60396653E+000  0.54236114E+001  0.12140357E+003
 -0.11922996E+000  0.60396754E+000  0.54236079E+001  0.12140352E+003
 -0.11922965E+000  0.60396850E+000  0.54236061E+001  0.12140348E+003
 -0.11922926E+000  0.60396935E+000  0.54236057E+001  0.12140344E+003
 -0.11922880E+000  0.60397007E+000  0.54236064E+001  0.12140340E+003
 -0.11922828E+000  0.60397060E+000  0.54236079E+001  0.12140337E+003
 -0.11922773E+000  0.60397094E+000  0.54236100E+001  0.12140334E+003
 -0.11922715E+000  0.60397106E+000  0.54236125E+001  0.12140331E+003
 -0.11922656E+000  0.60397095E+000  0.54236153E+001  0.12140328E+003
 -0.11922597E+000  0.60397061E+000  0.54236182E+001  0.12140325E+003
 -0.11922538E+000  0.60397003E+000  0.54236210E+001  0.12140322E+003
 -0.11922480E+000  0.60396922E+000  0.54236237E+001  0.12140320E+003
 -0.11922423E+000  0.60396817E+000  0.54236262E+001  0.12140317E+003
 -0.11922368E+000  0.60396691E+000  0.54236284E+001  0.12140315E+003
 -0.11922316E+000  0.60396544E+000  0.54236302E+001  0.12140313E+003
 -0.11922266E+000  0.60396378E+000  0.54236317E+001  0.12140310E+003
 -0.11922219E+000  0.60396194E+000  0.54236327E+001  0.12140308E+003
 -0.11922175E+000  0.60395994E+000  0.54236332E+001  0.12140305E+003
 -0.11922133E+000  0.60395780E+000  0.54236332E+001  0.12140303E+003
 -0.11922094E+000  0.60395553E+000  0.54236327E+001  0.12140300E+003
 -0.11922058E+000  0.60395316E+000  0.54236316E+001  0.12140298E+003
 -0.11922024E+000  0.60395071E+000  0.54236299E+001  0.12140295E+003
 -0.11921993E+000  0.60394820E+000  0.54236277E+001  0.12140292E+003
 -0.11921965E+000  0.60394564E+000  0.54236249E+001  0.12140290E+003
 -0.11921939E+000  0.60394306E+000  0.54236215E+001  0.12140287E+003
 -0.11921915E+000  0.60394046E+000  0.54236175E+001  0.12140284E+003
 -0.11921894E+000  0.60393788E+000  0.54236130E+001  0.12140281E+003
 -0.11921874E+000  0.60393532E+000  0.54236078E+001  0.12140278E+003
 -0.11921856E+000  0.60393280E+000  0.54236021E+001  0.12140275E+003
 -0.11921840E+000  0.60393034E+000  0.54235959E+001  0.12140272E+003
 -0.11921825E+000  0.60392793E+000  0.54235891E+001  0.12140269E+003
 -0.11921812E+000  0.60392561E+000  0.54235818E+001  0.12140265E+003
 -0.11921800E+000  0.60392336E+000  0.54235740E+001  0.12140262E+003
 -0.11921790E+000  0.60392121E+000  0.54235658E+001  0.12140258E+003
 -0.11921780E+000  0.60391915E+000  0.54235571E+001  0.12140255E+003
 -0.11921771E+000  0.60391720E+000  0.54235481E+001  0.12140251E+003
 -0.11921764E+000  0.60391534E+000  0.54235387E+001  0.12140246E+003
 -0.11921757E+000  0.60391360E+000  0.54235290E+001  0.12140242E+003
 -0.11921751E+000  0.60391196E+000  0.54235191E+001  0.12140238E+003
 -0.11921745E+000  0.60391043E+000  0.54235090E+001  0.12140233E+003
 -0.11921740E+000  0.60390900E+000  0.54234986E+001  0.12140228E+003
 -0.11921736E+000  0.60390768E+000  0.54234882E+001  0.12140223E+003
 -0.11921732E+000  0.60390646E+000  0.54234776E+001  0.12140218E+003
 -0.11921729E+000  0.60390533E+000  0.54234671E+001  0.12140213E+003
 -0.11921726E+000  0.60390430E+000  0.54234565E+001  0.12140207E+003
 -0.11921724E+000  0.60390335E+000  0.54234460E+001  0.12140201E+003
 -0.11921721E+000  0.60390248E+000  0.54234356E+001  0.12140195E+003
 -0.11921720E+000  0.60390170E+000  0.54234253E+001  0.12140188E+003
 -0.11921718E+000  0.60390098E+000  0.54234151E+001  0.12140182E+003
 -0.11921717E+000  0.60390034E+000  0.54234052E+001  0.12140175E+003
 -0.11921716E+000  0.60389975E+000  0.54233955E+001  0.12140167E+003
 -0.11921715E+000  0.60389923E+000  0.54233860E+001  0.12140160E+003
 -0.11921715E+000  0.60389875E+000  0.54233768E+001  0.12140152E+003
 -0.11921714E+000  0.60389832E+000  0.54233679E+001  0.12140144E+003
 -0.11921714E+000  0.60389794E+000  0.54233593E+001  0.12140136E+003
 -0.11921714E+000  0.60389759E+000  0.54233510E+001  0.12140127E+003
 -0.11921715E+000  0.60389728E+000  0.54233430E+001  0.12140118E+003
 -0.11921715E+000  0.60389699E+000  0.54233354E+001  0.12140109E+003
 -0.11921716E+000  0.60389673E+000  0.54233281E+001  0.12140100E+003
 -0.11921717E+000  0.60389650E+000  0.54233212E+001  0.12140090E+003
 -0.11921718E+000  0.60389628E+000  0.54233146E+001  0.12140080E+003
 -0.11921719E+000  0.60389608E+000  0.54233083E+001  0.12140070E+003
 -0.11921720E+000  0.60389590E+000  0.54233024E+001  0.12140060E+003
 -0.11921721E+000  0.60389573E+000  0.54232968E+001  0.12140049E+003
 -0.11921723E+000  0.60389556E+000  0.54232915E+001  0.12140039E+003
 -0.11921724E+000  0.60389541E+000  0.54232865E+001  0.12140028E+003
 -0.11921726E+000  0.60389526E+000  0.54232818E+001  0.12140017E+003
 -0.11921728E+000  0.60389513E+000  0.54232774E+001  0.12140005E+003
 -0.11921729E+000  0.60389499E+000  0.54232733E+001  0.12139994E+003
 -0.11921731E+000  0.60389486E+000  0.54232694E+001  0.12139982E+003
 -0.11921733E+000  0.60389473E+000  0.54232658E+001  0.12139970E+003
 -0.11921735E+000  0.60389461E+000  0.54232624E+001  0.12139958E+003
 -0.11921737E+000  0.60389448E+000  0.54232592E+001  0.12139946E+003
 -0.11921739E+000  0.60389436E+000  0.54232562E+001  0.12139934E+003
 -0.11921740E+000  0.60389424E+000  0.54232534E+001  0.12139921E+003
 -0.11921742E+000  0.60389413E+000  0.54232508E+001  0.12139909E+003
 -0.11921744E+000  0.60389401E+000  0.54232484E+001  0.12139896E+003
 -0.11921746E+000  0.60389390E+000  0.54232462E+001  0.12139884E+003
 -0.11921748E+000  0.60389378E+000  0.54232441E+001  0.12139871E+003
 -0.11921750E+000  0.60389367E+000  0.54232421E+001  0.12139858E+003
 -0.11921751E+000  0.60389356E+000  0.54232403E+001  0.12139846E+003
 -0.11921753E+000  0.60389346E+000  0.54232385E+001  0.12139833E+003
 -0.11921755E+000  0.60389335E+000  0.54232369E+001  0.12139820E+003
 -0.11921756E+000  0.60389325E+000  0.54232354E+001  0.12139807E+003
 -0.11921758E+000  0.60389315E+000  0.54232340E+001  0.12139795E+003
 -0.11921759E+000  0.60389305E+000  0.54232327E+001  0.12139782E+003
 -0.11921761E+000  0.60389296E+000  0.54232315E+001  0.12139769E+003
 -0.11921762E+000  0.60389287E+000  0.54232303E+001  0.12139757E+003
 -0.11921763E+000  0.60389278E+000  0.54232292E+001  0.12139744E+003
 -0.11921765E+000  0.60389269E+000  0.54232282E+001  0.12139732E+003
 -0.11921766E+000  0.60389261E+000  0.54232273E+001  0.12139720E+003
 -0.11921767E+000  0.60389253E+000  0.54232264E+001  0.12139707E+003
 -0.11921768E+000  0.60389246E+000  0.54232255E+001  0.12139695E+003
 -0.11921769E+000  0.60389239E+000  0.54232248E+001  0.12139683E+003
 -0.11921770E+000  0.60389232E+000  0.54232240E+001  0.12139671E+003
 -0.11921770E+000  0.60389226E+000  0.54232233E+001  0.12139659E+003
 -0.11921771E+000  0.60389220E+000  0.54232227E+001  0.12139648E+003
 -0.11921772E+000  0.60389214E+000  0.54232221E+001  0.12139636E+003
 -0.11921772E+000  0.60389209E+000  0.54232215E+001  0.12139625E+003
 -0.11921773E+000  0.60389204E+000  0.54232210E+001  0.12139614E+003
 -0.11921773E+000  0.60389200E+000  0.54232205E+001  0.12139603E+003
 -0.11921774E+000  0.60389196E+000  0.54232200E+001  0.12139592E+003
 -0.11921774E+000  0.60389192E+000  0.54232196E+001  0.12139582E+003
 -0.11921774E+000  0.60389189E+000  0.54232192E+001  0.12139571E+003
 -0.11921775E+000  0.60389186E+000  0.54232188E+001  0.12139561E+003
 -0.11921775E+000  0.60389183E+000  0.54232185E+001  0.12139551E+003
 -0.11921775E+000  0.60389181E+000  0.54232181E+001  0.12139541E+003
 -0.11921775E+000  0.60389179E+000  0.54232178E+001  0.12139531E+003
 -0.11921775E+000  0.60389177E+000  0.54232176E+001  0.12139522E+003
 -0.11921776E+000  0.60389175E+000  0.54232173E+001  0.12139513E+003
 -0.11921776E+000  0.60389174E+000  0.54232171E+001  0.12139504E+003
 -0.11921775E+000  0.60389174E+000  0.54232169E+001  0.12139495E+003
 -0.11921775E+000  0.60389174E+000  0.54232168E+001  0.12139486E+003
 -0.11921774E+000  0.60389177E+000  0.54232167E+001  0.12139478E+003
 -0.11921772E+000  0.60389182E+000  0.54232167E+001  0.12139470E+003
