  0.63154079E+000  0.10237054E+001  0.12549122E+001  0.42713281E+001
  0.62952507E+000  0.10200630E+001  0.12494905E+001  0.42561279E+001
  0.62799187E+000  0.10176595E+001  0.12475329E+001  0.42594331E+001
  0.62679133E+000  0.10158676E+001  0.12452863E+001  0.42553595E+001
  0.62583312E+000  0.10144653E+001  0.12435334E+001  0.42521136E+001
  0.62506132E+000  0.10133494E+001  0.12421516E+001  0.42495036E+001
  0.62443285E+000  0.10124497E+001  0.12410501E+001  0.42473835E+001
  0.62391750E+000  0.10117162E+001  0.12401596E+001  0.42456473E+001
  0.62349422E+000  0.10111162E+001  0.12394315E+001  0.42442204E+001
  0.62314359E+000  0.10106228E+001  0.12388323E+001  0.42430385E+001
  0.62285645E+000  0.10102220E+001  0.12383425E+001  0.42420685E+001
  0.62261520E+000  0.10098866E+001  0.12379307E+001  0.42412526E+001
  0.62241708E+000  0.10096126E+001  0.12375951E+001  0.42405823E+001
  0.62225168E+000  0.10093841E+001  0.12373161E+001  0.42400216E+001
  0.62211546E+000  0.10091969E+001  0.12370888E+001  0.42395593E+001
  0.62200226E+000  0.10090418E+001  0.12369012E+001  0.42391740E+001
  0.62190932E+000  0.10089147E+001  0.12366305E+001  0.42378873E+001
  0.62183214E+000  0.10088093E+001  0.12364759E+001  0.42373878E+001
  0.62176982E+000  0.10087245E+001  0.12365216E+001  0.42383743E+001
  0.62171860E+000  0.10086550E+001  0.12364394E+001  0.42381953E+001
  0.62167751E+000  0.10085997E+001  0.12363743E+001  0.42380501E+001
  0.62164494E+000  0.10085562E+001  0.12363235E+001  0.42379334E+001
  0.62161897E+000  0.10085219E+001  0.12362836E+001  0.42378387E+001
  0.62159889E+000  0.10084958E+001  0.12362536E+001  0.42377638E+001
  0.62158378E+000  0.10084766E+001  0.12362318E+001  0.42377055E+001
  0.62157259E+000  0.10084628E+001  0.12362164E+001  0.42376604E+001
  0.62156487E+000  0.10084538E+001  0.12362066E+001  0.42376271E+001
  0.62155994E+000  0.10084487E+001  0.12362014E+001  0.42376032E+001
  0.62155735E+000  0.10084469E+001  0.12362000E+001  0.42375873E+001
  0.62155663E+000  0.10084476E+001  0.12362015E+001  0.42375778E+001
  0.62155751E+000  0.10084504E+001  0.12362055E+001  0.42375738E+001
  0.62155963E+000  0.10084548E+001  0.12362113E+001  0.42375741E+001
  0.62156278E+000  0.10084605E+001  0.12362187E+001  0.42375781E+001
  0.62156674E+000  0.10084672E+001  0.12362272E+001  0.42375849E+001
  0.62157137E+000  0.10084747E+001  0.12362365E+001  0.42375941E+001
  0.62157648E+000  0.10084828E+001  0.12362465E+001  0.42376051E+001
  0.62158200E+000  0.10084913E+001  0.12362570E+001  0.42376177E+001
  0.62158777E+000  0.10085001E+001  0.12362676E+001  0.42376313E+001
  0.62159378E+000  0.10085091E+001  0.12362785E+001  0.42376460E+001
  0.62159994E+000  0.10085182E+001  0.12362895E+001  0.42376613E+001
  0.62160619E+000  0.10085274E+001  0.12362832E+001  0.42375349E+001
  0.62161250E+000  0.10085365E+001  0.12362666E+001  0.42373248E+001
  0.62161885E+000  0.10085457E+001  0.12362513E+001  0.42371258E+001
  0.62162521E+000  0.10085548E+001  0.12362372E+001  0.42369383E+001
  0.62163153E+000  0.10085638E+001  0.12362243E+001  0.42367621E+001
  0.62163783E+000  0.10085727E+001  0.12362128E+001  0.42365975E+001
  0.62164410E+000  0.10085816E+001  0.12362025E+001  0.42364444E+001
  0.62165031E+000  0.10085903E+001  0.12361934E+001  0.42363027E+001
  0.62165648E+000  0.10085990E+001  0.12361857E+001  0.42361723E+001
  0.62166256E+000  0.10086075E+001  0.12361791E+001  0.42360529E+001
  0.62166858E+000  0.10086160E+001  0.12361737E+001  0.42359441E+001
  0.62167453E+000  0.10086243E+001  0.12361695E+001  0.42358457E+001
  0.62168038E+000  0.10086325E+001  0.12361663E+001  0.42357572E+001
  0.62168615E+000  0.10086406E+001  0.12361642E+001  0.42356780E+001
  0.62169183E+000  0.10086486E+001  0.12364443E+001  0.42379150E+001
  0.62169740E+000  0.10086564E+001  0.12364537E+001  0.42379320E+001
  0.62170287E+000  0.10086642E+001  0.12364629E+001  0.42379488E+001
  0.62170823E+000  0.10086718E+001  0.12364720E+001  0.42379655E+001
  0.62171348E+000  0.10086793E+001  0.12364810E+001  0.42379821E+001
  0.62171861E+000  0.10086866E+001  0.12364898E+001  0.42379985E+001
  0.62172362E+000  0.10086938E+001  0.12364984E+001  0.42380147E+001
  0.62172851E+000  0.10087008E+001  0.12365069E+001  0.42380308E+001
  0.62173327E+000  0.10087077E+001  0.12365152E+001  0.42380466E+001
  0.62173791E+000  0.10087145E+001  0.12365233E+001  0.42380622E+001
  0.62174242E+000  0.10087211E+001  0.12365313E+001  0.42380776E+001
  0.62174680E+000  0.10087275E+001  0.12365391E+001  0.42380927E+001
  0.62175104E+000  0.10087338E+001  0.12365467E+001  0.42381076E+001
  0.62175516E+000  0.10087399E+001  0.12365541E+001  0.42381221E+001
  0.62175915E+000  0.10087459E+001  0.12365613E+001  0.42381364E+001
  0.62176300E+000  0.10087517E+001  0.12365683E+001  0.42381503E+001
  0.62176673E+000  0.10087573E+001  0.12365751E+001  0.42381639E+001
  0.62177032E+000  0.10087627E+001  0.12365817E+001  0.42381772E+001
  0.62177378E+000  0.10087680E+001  0.12365881E+001  0.42381901E+001
  0.62177710E+000  0.10087731E+001  0.12365942E+001  0.42382026E+001
  0.62178029E+000  0.10087780E+001  0.12366001E+001  0.42382147E+001
  0.62178335E+000  0.10087827E+001  0.12366058E+001  0.42382264E+001
  0.62178627E+000  0.10087873E+001  0.12366113E+001  0.42382376E+001
  0.62178906E+000  0.10087916E+001  0.12366165E+001  0.42382484E+001
  0.62179172E+000  0.10087958E+001  0.12366214E+001  0.42382588E+001
  0.62179425E+000  0.10087998E+001  0.12366262E+001  0.42382687E+001
  0.62179664E+000  0.10088036E+001  0.12366306E+001  0.42382782E+001
  0.62179891E+000  0.10088073E+001  0.12366349E+001  0.42382871E+001
  0.62180105E+000  0.10088107E+001  0.12366389E+001  0.42382957E+001
  0.62180307E+000  0.10088140E+001  0.12366426E+001  0.42383037E+001
  0.62180497E+000  0.10088171E+001  0.12366461E+001  0.42383114E+001
  0.62180676E+000  0.10088200E+001  0.12366494E+001  0.42383186E+001
  0.62180843E+000  0.10088228E+001  0.12366525E+001  0.42383253E+001
  0.62180999E+000  0.10088254E+001  0.12366553E+001  0.42383317E+001
  0.62181145E+000  0.10088278E+001  0.12366580E+001  0.42383377E+001
  0.62181282E+000  0.10088301E+001  0.12366604E+001  0.42383433E+001
  0.62181408E+000  0.10088322E+001  0.12366627E+001  0.42383485E+001
  0.62181525E+000  0.10088343E+001  0.12366647E+001  0.42383534E+001
  0.62181634E+000  0.10088361E+001  0.12366666E+001  0.42383580E+001
  0.62181735E+000  0.10088379E+001  0.12366683E+001  0.42383623E+001
  0.62181828E+000  0.10088395E+001  0.12366699E+001  0.42383663E+001
  0.62181913E+000  0.10088410E+001  0.12366713E+001  0.42383701E+001
  0.62181991E+000  0.10088424E+001  0.12366726E+001  0.42383735E+001
  0.62182063E+000  0.10088437E+001  0.12366737E+001  0.42383768E+001
  0.62182129E+000  0.10088449E+001  0.12366747E+001  0.42383798E+001
  0.62182188E+000  0.10088460E+001  0.12366756E+001  0.42383827E+001
  0.62182243E+000  0.10088470E+001  0.12366764E+001  0.42383853E+001
  0.62182292E+000  0.10088479E+001  0.12366771E+001  0.42383877E+001
  0.62182336E+000  0.10088487E+001  0.12366777E+001  0.42383900E+001
  0.62182376E+000  0.10088495E+001  0.12366782E+001  0.42383921E+001
  0.62182411E+000  0.10088502E+001  0.12366786E+001  0.42383941E+001
  0.62182443E+000  0.10088508E+001  0.12366789E+001  0.42383959E+001
  0.62182470E+000  0.10088513E+001  0.12366792E+001  0.42383975E+001
  0.62182495E+000  0.10088518E+001  0.12366794E+001  0.42383990E+001
  0.62182516E+000  0.10088523E+001  0.12366796E+001  0.42384004E+001
  0.62182534E+000  0.10088526E+001  0.12366797E+001  0.42384017E+001
  0.62182549E+000  0.10088530E+001  0.12366797E+001  0.42384029E+001
  0.62182562E+000  0.10088533E+001  0.12366797E+001  0.42384039E+001
  0.62182573E+000  0.10088535E+001  0.12366797E+001  0.42384048E+001
  0.62182582E+000  0.10088538E+001  0.12366796E+001  0.42384056E+001
  0.62182588E+000  0.10088539E+001  0.12366795E+001  0.42384064E+001
  0.62182593E+000  0.10088541E+001  0.12366793E+001  0.42384070E+001
  0.62182596E+000  0.10088542E+001  0.12366792E+001  0.42384075E+001
  0.62182598E+000  0.10088543E+001  0.12366789E+001  0.42384079E+001
  0.62182598E+000  0.10088544E+001  0.12366787E+001  0.42384083E+001
  0.62182597E+000  0.10088545E+001  0.12366785E+001  0.42384085E+001
  0.62182595E+000  0.10088545E+001  0.12366782E+001  0.42384087E+001
  0.62182592E+000  0.10088545E+001  0.12366779E+001  0.42384088E+001
  0.62182588E+000  0.10088545E+001  0.12366777E+001  0.42384088E+001
  0.62182584E+000  0.10088545E+001  0.12366774E+001  0.42384087E+001
  0.62182578E+000  0.10088545E+001  0.12366770E+001  0.42384086E+001
  0.62182572E+000  0.10088544E+001  0.12366767E+001  0.42384084E+001
  0.62182566E+000  0.10088544E+001  0.12366764E+001  0.42384081E+001
  0.62182559E+000  0.10088543E+001  0.12366761E+001  0.42384077E+001
  0.62182551E+000  0.10088543E+001  0.12366757E+001  0.42384072E+001
  0.62182543E+000  0.10088542E+001  0.12366754E+001  0.42384067E+001
  0.62182535E+000  0.10088541E+001  0.12366750E+001  0.42384061E+001
  0.62182527E+000  0.10088540E+001  0.12366747E+001  0.42384055E+001
  0.62182518E+000  0.10088539E+001  0.12366743E+001  0.42384047E+001
  0.62182509E+000  0.10088539E+001  0.12366740E+001  0.42384039E+001
  0.62182500E+000  0.10088538E+001  0.12366736E+001  0.42384031E+001
  0.62182491E+000  0.10088537E+001  0.12366733E+001  0.42384021E+001
  0.62182482E+000  0.10088536E+001  0.12366729E+001  0.42384011E+001
  0.62182473E+000  0.10088535E+001  0.12366726E+001  0.42384001E+001
  0.62182464E+000  0.10088534E+001  0.12366723E+001  0.42383989E+001
  0.62182454E+000  0.10088533E+001  0.12366719E+001  0.42383978E+001
  0.62182445E+000  0.10088532E+001  0.12366716E+001  0.42383965E+001
  0.62182436E+000  0.10088531E+001  0.12366713E+001  0.42383952E+001
  0.62182427E+000  0.10088530E+001  0.12366710E+001  0.42383938E+001
  0.62182418E+000  0.10088530E+001  0.12366707E+001  0.42383924E+001
  0.62182410E+000  0.10088529E+001  0.12366704E+001  0.42383909E+001
  0.62182401E+000  0.10088528E+001  0.12366701E+001  0.42383894E+001
  0.62182393E+000  0.10088527E+001  0.12366698E+001  0.42383878E+001
  0.62182384E+000  0.10088526E+001  0.12366695E+001  0.42383861E+001
  0.62182376E+000  0.10088526E+001  0.12366692E+001  0.42383844E+001
  0.62182368E+000  0.10088525E+001  0.12366690E+001  0.42383826E+001
  0.62182361E+000  0.10088524E+001  0.12366687E+001  0.42383808E+001
  0.62182353E+000  0.10088523E+001  0.12366685E+001  0.42383790E+001
  0.62182346E+000  0.10088523E+001  0.12366682E+001  0.42383771E+001
  0.62182339E+000  0.10088522E+001  0.12366680E+001  0.42383752E+001
  0.62182332E+000  0.10088521E+001  0.12366678E+001  0.42383732E+001
  0.62182326E+000  0.10088521E+001  0.12366675E+001  0.42383712E+001
  0.62182320E+000  0.10088520E+001  0.12366673E+001  0.42383692E+001
  0.62182314E+000  0.10088520E+001  0.12366671E+001  0.42383671E+001
  0.62182308E+000  0.10088519E+001  0.12366669E+001  0.42383650E+001
  0.62182303E+000  0.10088519E+001  0.12366668E+001  0.42383628E+001
  0.62182297E+000  0.10088518E+001  0.12366666E+001  0.42383607E+001
  0.62182292E+000  0.10088518E+001  0.12366664E+001  0.42383585E+001
  0.62182288E+000  0.10088517E+001  0.12366662E+001  0.42383563E+001
  0.62182283E+000  0.10088517E+001  0.12366661E+001  0.42383540E+001
  0.62182279E+000  0.10088517E+001  0.12366659E+001  0.42383518E+001
  0.62182275E+000  0.10088516E+001  0.12366658E+001  0.42383496E+001
  0.62182271E+000  0.10088516E+001  0.12366657E+001  0.42383473E+001
  0.62182268E+000  0.10088516E+001  0.12366655E+001  0.42383450E+001
  0.62182265E+000  0.10088515E+001  0.12366654E+001  0.42383427E+001
  0.62182261E+000  0.10088515E+001  0.12366653E+001  0.42383404E+001
  0.62182259E+000  0.10088515E+001  0.12366652E+001  0.42383382E+001
  0.62182256E+000  0.10088515E+001  0.12366651E+001  0.42383359E+001
  0.62182253E+000  0.10088514E+001  0.12366650E+001  0.42383336E+001
  0.62182251E+000  0.10088514E+001  0.12366649E+001  0.42383313E+001
  0.62182249E+000  0.10088514E+001  0.12366648E+001  0.42383290E+001
  0.62182247E+000  0.10088514E+001  0.12366648E+001  0.42383268E+001
  0.62182245E+000  0.10088514E+001  0.12366647E+001  0.42383245E+001
  0.62182243E+000  0.10088514E+001  0.12366646E+001  0.42383223E+001
  0.62182242E+000  0.10088514E+001  0.12366646E+001  0.42383201E+001
  0.62182240E+000  0.10088513E+001  0.12366645E+001  0.42383179E+001
  0.62182239E+000  0.10088513E+001  0.12366644E+001  0.42383157E+001
  0.62182238E+000  0.10088513E+001  0.12366644E+001  0.42383136E+001
  0.62182237E+000  0.10088513E+001  0.12366643E+001  0.42383114E+001
  0.62182236E+000  0.10088513E+001  0.12366643E+001  0.42383093E+001
  0.62182235E+000  0.10088513E+001  0.12366642E+001  0.42383073E+001
  0.62182234E+000  0.10088513E+001  0.12366642E+001  0.42383052E+001
  0.62182233E+000  0.10088513E+001  0.12366642E+001  0.42383032E+001
  0.62182233E+000  0.10088513E+001  0.12366641E+001  0.42383012E+001
  0.62182232E+000  0.10088513E+001  0.12366641E+001  0.42382992E+001
  0.62182231E+000  0.10088513E+001  0.12366641E+001  0.42382973E+001
  0.62182231E+000  0.10088513E+001  0.12366640E+001  0.42382954E+001
  0.62182230E+000  0.10088513E+001  0.12366640E+001  0.42382935E+001
  0.62182230E+000  0.10088513E+001  0.12366640E+001  0.42382917E+001
  0.62182230E+000  0.10088513E+001  0.12366640E+001  0.42382899E+001
  0.62182229E+000  0.10088513E+001  0.12366639E+001  0.42382882E+001
  0.62182229E+000  0.10088513E+001  0.12366639E+001  0.42382865E+001
  0.62182229E+000  0.10088513E+001  0.12366639E+001  0.42382848E+001
  0.62182229E+000  0.10088513E+001  0.12366639E+001  0.42382832E+001
  0.62182230E+000  0.10088513E+001  0.12366639E+001  0.42382816E+001
  0.62182230E+000  0.10088513E+001  0.12366639E+001  0.42382800E+001
