  0.91857699E+000
  0.91562388E+000
  0.91347271E+000
  0.91182506E+000
  0.91052311E+000
  0.90948313E+000
  0.90864330E+000
  0.90795836E+000
  0.90739706E+000
  0.90693381E+000
  0.90655514E+000
  0.90623740E+000
  0.90597751E+000
  0.90576092E+000
  0.90558342E+000
  0.90543638E+000
  0.90531603E+000
  0.90521622E+000
  0.90513604E+000
  0.90507035E+000
  0.90501796E+000
  0.90497676E+000
  0.90494418E+000
  0.90491931E+000
  0.90490095E+000
  0.90488770E+000
  0.90487898E+000
  0.90487392E+000
  0.90487190E+000
  0.90487231E+000
  0.90487477E+000
  0.90487883E+000
  0.90488418E+000
  0.90489055E+000
  0.90489776E+000
  0.90490556E+000
  0.90491386E+000
  0.90492246E+000
  0.90493135E+000
  0.90494039E+000
  0.90494953E+000
  0.90495875E+000
  0.90496799E+000
  0.90497724E+000
  0.90498642E+000
  0.90499558E+000
  0.90500471E+000
  0.90501374E+000
  0.90502273E+000
  0.90503162E+000
  0.90504044E+000
  0.90504917E+000
  0.90505779E+000
  0.90506631E+000
  0.90507473E+000
  0.90508302E+000
  0.90509118E+000
  0.90509923E+000
  0.90510712E+000
  0.90511488E+000
  0.90512249E+000
  0.90512994E+000
  0.90513723E+000
  0.90514436E+000
  0.90515132E+000
  0.90515810E+000
  0.90516470E+000
  0.90517113E+000
  0.90517736E+000
  0.90518341E+000
  0.90518927E+000
  0.90519493E+000
  0.90520040E+000
  0.90520566E+000
  0.90521073E+000
  0.90521559E+000
  0.90522025E+000
  0.90522469E+000
  0.90522894E+000
  0.90523298E+000
  0.90523682E+000
  0.90524046E+000
  0.90524390E+000
  0.90524715E+000
  0.90525022E+000
  0.90525311E+000
  0.90525582E+000
  0.90525836E+000
  0.90526075E+000
  0.90526298E+000
  0.90526507E+000
  0.90526702E+000
  0.90526885E+000
  0.90527055E+000
  0.90527213E+000
  0.90527361E+000
  0.90527498E+000
  0.90527625E+000
  0.90527744E+000
  0.90527854E+000
  0.90527956E+000
  0.90528050E+000
  0.90528138E+000
  0.90528219E+000
  0.90528293E+000
  0.90528362E+000
  0.90528426E+000
  0.90528484E+000
  0.90528538E+000
  0.90528587E+000
  0.90528633E+000
  0.90528674E+000
  0.90528712E+000
  0.90528747E+000
  0.90528778E+000
  0.90528807E+000
  0.90528834E+000
  0.90528857E+000
  0.90528879E+000
  0.90528899E+000
  0.90528917E+000
  0.90528933E+000
  0.90528948E+000
  0.90528961E+000
  0.90528973E+000
  0.90528984E+000
  0.90528994E+000
  0.90529003E+000
  0.90529011E+000
  0.90529018E+000
  0.90529025E+000
  0.90529031E+000
  0.90529037E+000
  0.90529042E+000
  0.90529046E+000
  0.90529051E+000
  0.90529055E+000
  0.90529058E+000
  0.90529062E+000
  0.90529065E+000
  0.90529068E+000
  0.90529071E+000
  0.90529074E+000
  0.90529076E+000
  0.90529079E+000
  0.90529081E+000
  0.90529084E+000
  0.90529086E+000
  0.90529089E+000
  0.90529091E+000
  0.90529094E+000
  0.90529096E+000
  0.90529099E+000
  0.90529101E+000
  0.90529104E+000
  0.90529106E+000
  0.90529109E+000
  0.90529112E+000
  0.90529114E+000
  0.90529117E+000
  0.90529120E+000
  0.90529123E+000
  0.90529126E+000
  0.90529128E+000
  0.90529131E+000
  0.90529134E+000
  0.90529137E+000
  0.90529140E+000
  0.90529143E+000
  0.90529146E+000
  0.90529149E+000
  0.90529152E+000
  0.90529155E+000
  0.90529158E+000
  0.90529161E+000
  0.90529164E+000
  0.90529167E+000
  0.90529170E+000
  0.90529173E+000
  0.90529175E+000
  0.90529178E+000
  0.90529181E+000
  0.90529184E+000
  0.90529186E+000
  0.90529189E+000
  0.90529191E+000
  0.90529194E+000
  0.90529196E+000
  0.90529198E+000
  0.90529201E+000
  0.90529203E+000
  0.90529205E+000
  0.90529207E+000
  0.90529209E+000
  0.90529211E+000
  0.90529213E+000
  0.90529215E+000
  0.90529217E+000
  0.90529219E+000
  0.90529221E+000
