  0.14115454E+000
  0.13889074E+000
  0.13761150E+000
  0.13686139E+000
  0.13641621E+000
  0.13619981E+000
  0.13615050E+000
  0.13623831E+000
  0.13642208E+000
  0.13665576E+000
  0.13690860E+000
  0.13716671E+000
  0.13742157E+000
  0.13766619E+000
  0.13790083E+000
  0.13812415E+000
  0.13833521E+000
  0.13853330E+000
  0.13871916E+000
  0.13889267E+000
  0.13905485E+000
  0.13920680E+000
  0.13934882E+000
  0.13948155E+000
  0.13960543E+000
  0.13972086E+000
  0.13982848E+000
  0.13993185E+000
  0.14003157E+000
  0.14012589E+000
  0.14021411E+000
  0.14029598E+000
  0.14037166E+000
  0.14044144E+000
  0.14050571E+000
  0.14056482E+000
  0.14061923E+000
  0.14066924E+000
  0.14071530E+000
  0.14075766E+000
  0.14079666E+000
  0.14083257E+000
  0.14086563E+000
  0.14089608E+000
  0.14092408E+000
  0.14094992E+000
  0.14097374E+000
  0.14099563E+000
  0.14101583E+000
  0.14103437E+000
  0.14105145E+000
  0.14106714E+000
  0.14108151E+000
  0.14109468E+000
  0.14110672E+000
  0.14111769E+000
  0.14112767E+000
  0.14113672E+000
  0.14114488E+000
  0.14115223E+000
  0.14115882E+000
  0.14116467E+000
  0.14116985E+000
  0.14117441E+000
  0.14117837E+000
  0.14118179E+000
  0.14118470E+000
  0.14118714E+000
  0.14118914E+000
  0.14119074E+000
  0.14119197E+000
  0.14119284E+000
  0.14119341E+000
  0.14119368E+000
  0.14119370E+000
  0.14119346E+000
  0.14119303E+000
  0.14119239E+000
  0.14119159E+000
  0.14119064E+000
  0.14118956E+000
  0.14118838E+000
  0.14118711E+000
  0.14118577E+000
  0.14118438E+000
  0.14118295E+000
  0.14118150E+000
  0.14118003E+000
  0.14117858E+000
  0.14117713E+000
  0.14117570E+000
  0.14117431E+000
  0.14117294E+000
  0.14117162E+000
  0.14117035E+000
  0.14116913E+000
  0.14116795E+000
  0.14116683E+000
  0.14116576E+000
  0.14116476E+000
  0.14116380E+000
  0.14116290E+000
  0.14116206E+000
  0.14116127E+000
  0.14116053E+000
  0.14115984E+000
  0.14115921E+000
  0.14115861E+000
  0.14115806E+000
  0.14115756E+000
  0.14115710E+000
  0.14115667E+000
  0.14115628E+000
  0.14115592E+000
  0.14115560E+000
  0.14115530E+000
  0.14115504E+000
  0.14115479E+000
  0.14115458E+000
  0.14115438E+000
  0.14115421E+000
  0.14115406E+000
  0.14115392E+000
  0.14115380E+000
  0.14115370E+000
  0.14115361E+000
  0.14115353E+000
  0.14115346E+000
  0.14115341E+000
  0.14115336E+000
  0.14115333E+000
  0.14115330E+000
  0.14115328E+000
  0.14115327E+000
  0.14115327E+000
  0.14115327E+000
  0.14115327E+000
  0.14115328E+000
  0.14115329E+000
  0.14115331E+000
  0.14115333E+000
  0.14115336E+000
  0.14115338E+000
  0.14115341E+000
  0.14115344E+000
  0.14115347E+000
  0.14115351E+000
  0.14115354E+000
  0.14115358E+000
  0.14115361E+000
  0.14115365E+000
  0.14115369E+000
  0.14115372E+000
  0.14115376E+000
  0.14115380E+000
  0.14115383E+000
  0.14115387E+000
  0.14115390E+000
  0.14115394E+000
  0.14115397E+000
  0.14115400E+000
  0.14115403E+000
  0.14115406E+000
  0.14115409E+000
  0.14115412E+000
  0.14115415E+000
  0.14115418E+000
  0.14115420E+000
  0.14115422E+000
  0.14115425E+000
  0.14115427E+000
  0.14115429E+000
  0.14115431E+000
  0.14115433E+000
  0.14115434E+000
  0.14115436E+000
  0.14115438E+000
  0.14115439E+000
  0.14115440E+000
  0.14115441E+000
  0.14115443E+000
  0.14115444E+000
  0.14115445E+000
  0.14115445E+000
  0.14115446E+000
  0.14115447E+000
  0.14115448E+000
  0.14115448E+000
  0.14115449E+000
  0.14115449E+000
  0.14115450E+000
  0.14115450E+000
  0.14115450E+000
  0.14115451E+000
  0.14115451E+000
  0.14115451E+000
  0.14115452E+000
  0.14115452E+000
  0.14115451E+000
  0.14115448E+000
