  0.21475755E+000
  0.14708527E+000
  0.13440955E+000
  0.13651062E+000
  0.14323457E+000
  0.15164320E+000
  0.16050444E+000
  0.16853124E+000
  0.17543667E+000
  0.18142363E+000
  0.18655212E+000
  0.19079930E+000
  0.19435190E+000
  0.19725263E+000
  0.19963236E+000
  0.20158404E+000
  0.20322111E+000
  0.20461649E+000
  0.20584229E+000
  0.20692390E+000
  0.20790270E+000
  0.20879190E+000
  0.20960233E+000
  0.21034991E+000
  0.21103841E+000
  0.21166965E+000
  0.21224882E+000
  0.21273680E+000
  0.21312411E+000
  0.21343093E+000
  0.21367383E+000
  0.21386547E+000
  0.21401663E+000
  0.21413575E+000
  0.21422980E+000
  0.21430397E+000
  0.21436304E+000
  0.21441012E+000
  0.21444840E+000
  0.21447968E+000
  0.21450583E+000
  0.21452809E+000
  0.21454742E+000
  0.21456452E+000
  0.21457979E+000
  0.21459395E+000
  0.21460710E+000
  0.21461920E+000
  0.21463079E+000
  0.21464149E+000
  0.21465177E+000
  0.21466143E+000
  0.21467050E+000
  0.21467905E+000
  0.21468712E+000
  0.21469463E+000
  0.21470163E+000
  0.21470822E+000
  0.21471425E+000
  0.21471988E+000
  0.21472508E+000
  0.21472981E+000
  0.21473417E+000
  0.21473816E+000
  0.21474173E+000
  0.21474498E+000
  0.21474789E+000
  0.21475048E+000
  0.21475276E+000
  0.21475476E+000
  0.21475650E+000
  0.21475796E+000
  0.21475920E+000
  0.21476021E+000
  0.21476102E+000
  0.21476161E+000
  0.21476207E+000
  0.21476233E+000
  0.21476247E+000
  0.21476248E+000
  0.21476236E+000
  0.21476218E+000
  0.21476191E+000
  0.21476157E+000
  0.21476120E+000
  0.21476078E+000
  0.21476034E+000
  0.21475988E+000
  0.21475943E+000
  0.21475897E+000
  0.21475852E+000
  0.21475809E+000
  0.21475768E+000
  0.21475729E+000
  0.21475692E+000
  0.21475659E+000
  0.21475627E+000
  0.21475600E+000
  0.21475573E+000
  0.21475551E+000
  0.21475531E+000
  0.21475514E+000
  0.21475499E+000
  0.21475487E+000
  0.21475477E+000
  0.21475469E+000
  0.21475463E+000
  0.21475459E+000
  0.21475457E+000
  0.21475456E+000
  0.21475457E+000
  0.21475459E+000
  0.21475463E+000
  0.21475467E+000
  0.21475473E+000
  0.21475479E+000
  0.21475486E+000
  0.21475493E+000
  0.21475501E+000
  0.21475509E+000
  0.21475518E+000
  0.21475526E+000
  0.21475535E+000
  0.21475543E+000
  0.21475552E+000
  0.21475560E+000
  0.21475568E+000
  0.21475576E+000
  0.21475583E+000
  0.21475590E+000
  0.21475597E+000
  0.21475604E+000
  0.21475610E+000
  0.21475616E+000
  0.21475621E+000
  0.21475627E+000
  0.21475632E+000
  0.21475636E+000
  0.21475641E+000
  0.21475645E+000
  0.21475649E+000
  0.21475652E+000
  0.21475656E+000
  0.21475659E+000
  0.21475662E+000
  0.21475666E+000
  0.21475668E+000
  0.21475671E+000
  0.21475674E+000
  0.21475677E+000
  0.21475679E+000
  0.21475682E+000
  0.21475684E+000
  0.21475687E+000
  0.21475689E+000
  0.21475692E+000
  0.21475694E+000
  0.21475696E+000
  0.21475699E+000
  0.21475701E+000
  0.21475703E+000
  0.21475706E+000
  0.21475708E+000
  0.21475710E+000
  0.21475712E+000
  0.21475714E+000
  0.21475716E+000
  0.21475718E+000
  0.21475720E+000
  0.21475722E+000
  0.21475724E+000
  0.21475726E+000
  0.21475728E+000
  0.21475730E+000
  0.21475731E+000
  0.21475733E+000
  0.21475734E+000
  0.21475736E+000
  0.21475737E+000
  0.21475739E+000
  0.21475740E+000
  0.21475741E+000
  0.21475742E+000
  0.21475744E+000
  0.21475745E+000
  0.21475746E+000
  0.21475747E+000
  0.21475748E+000
  0.21475748E+000
  0.21475749E+000
  0.21475750E+000
  0.21475751E+000
  0.21475751E+000
  0.21475752E+000
  0.21475753E+000
  0.21475753E+000
  0.21475754E+000
  0.21475756E+000
  0.21475756E+000
  0.21475753E+000
