  0.45781174E+000
  0.45830910E+000
  0.45864596E+000
  0.45889700E+000
  0.45909404E+000
  0.45925345E+000
  0.45938149E+000
  0.45948701E+000
  0.45957150E+000
  0.45964147E+000
  0.45969871E+000
  0.45974603E+000
  0.45978433E+000
  0.45981603E+000
  0.45984302E+000
  0.45986482E+000
  0.45988303E+000
  0.45989707E+000
  0.45990701E+000
  0.45991684E+000
  0.45992414E+000
  0.45992965E+000
  0.45993398E+000
  0.45993733E+000
  0.45993986E+000
  0.45994120E+000
  0.45994181E+000
  0.45994174E+000
  0.45994141E+000
  0.45994081E+000
  0.45993981E+000
  0.45993875E+000
  0.45993744E+000
  0.45993596E+000
  0.45993439E+000
  0.45993277E+000
  0.45993121E+000
  0.45992958E+000
  0.45992799E+000
  0.45992632E+000
  0.45992473E+000
  0.45992303E+000
  0.45992142E+000
  0.45991980E+000
  0.45991844E+000
  0.45991682E+000
  0.45991547E+000
  0.45991398E+000
  0.45991254E+000
  0.45991104E+000
  0.45990976E+000
  0.45990850E+000
  0.45990723E+000
  0.45990606E+000
  0.45990482E+000
  0.45990351E+000
  0.45990227E+000
  0.45990114E+000
  0.45990021E+000
  0.45989910E+000
  0.45989796E+000
  0.45989679E+000
  0.45989586E+000
  0.45989498E+000
  0.45989407E+000
  0.45989313E+000
  0.45989223E+000
  0.45989136E+000
  0.45989066E+000
  0.45988991E+000
  0.45988909E+000
  0.45988804E+000
  0.45988726E+000
  0.45988679E+000
  0.45988614E+000
  0.45988559E+000
  0.45988508E+000
  0.45988458E+000
  0.45988412E+000
  0.45988373E+000
  0.45988331E+000
  0.45988297E+000
  0.45988261E+000
  0.45988231E+000
  0.45988211E+000
  0.45988176E+000
  0.45988147E+000
  0.45988116E+000
  0.45988067E+000
  0.45988048E+000
  0.45988022E+000
  0.45988006E+000
  0.45987967E+000
  0.45987957E+000
  0.45987939E+000
  0.45987935E+000
  0.45987929E+000
  0.45987929E+000
  0.45987912E+000
  0.45987905E+000
  0.45987900E+000
  0.45987896E+000
  0.45987895E+000
  0.45987895E+000
  0.45987900E+000
  0.45987902E+000
  0.45987904E+000
  0.45987907E+000
  0.45987910E+000
  0.45987905E+000
  0.45987909E+000
  0.45987914E+000
  0.45987910E+000
  0.45987911E+000
  0.45987920E+000
  0.45987925E+000
  0.45987930E+000
  0.45987936E+000
  0.45987942E+000
  0.45987949E+000
  0.45987955E+000
  0.45987961E+000
  0.45987968E+000
  0.45987971E+000
  0.45987976E+000
  0.45987981E+000
  0.45987986E+000
  0.45987990E+000
  0.45987995E+000
  0.45987998E+000
  0.45988002E+000
  0.45988005E+000
  0.45988008E+000
  0.45988010E+000
  0.45988012E+000
  0.45988013E+000
  0.45988014E+000
  0.45988014E+000
  0.45988014E+000
  0.45988013E+000
  0.45988012E+000
  0.45988010E+000
  0.45988008E+000
  0.45988005E+000
  0.45988002E+000
  0.45987998E+000
  0.45987994E+000
  0.45987989E+000
  0.45987984E+000
  0.45987977E+000
  0.45987970E+000
  0.45987963E+000
  0.45987956E+000
  0.45987948E+000
  0.45987940E+000
  0.45987931E+000
  0.45987922E+000
  0.45987913E+000
  0.45987903E+000
  0.45987893E+000
  0.45987882E+000
  0.45987870E+000
  0.45987859E+000
  0.45987848E+000
  0.45987836E+000
  0.45987824E+000
  0.45987811E+000
  0.45987799E+000
  0.45987786E+000
  0.45987773E+000
  0.45987760E+000
  0.45987746E+000
  0.45987733E+000
  0.45987720E+000
  0.45987706E+000
  0.45987692E+000
  0.45987679E+000
  0.45987665E+000
  0.45987652E+000
  0.45987638E+000
  0.45987624E+000
  0.45987611E+000
  0.45987597E+000
  0.45987584E+000
  0.45987571E+000
  0.45987557E+000
  0.45987544E+000
  0.45987531E+000
  0.45987519E+000
  0.45987506E+000
  0.45987494E+000
  0.45987481E+000
  0.45987469E+000
  0.45987457E+000
  0.45987446E+000
  0.45987434E+000
  0.45987423E+000
  0.45987412E+000
  0.45987401E+000
  0.45987390E+000
