  0.00000000E+000  0.00000000E+000  0.00000000E+000  0.00000000E+000  0.42174581E-001  0.36748790E+000  0.69433515E+001  0.46552187E+002  0.11381362E+003  0.30126422E+003  0.59143845E+003
  0.00000000E+000  0.00000000E+000  0.00000000E+000  0.00000000E+000  0.42188151E-001  0.36749965E+000  0.69436769E+001  0.46554140E+002  0.11381596E+003  0.30126610E+003  0.59143946E+003
  0.00000000E+000  0.00000000E+000  0.00000000E+000  0.00000000E+000  0.42202123E-001  0.36751111E+000  0.69439778E+001  0.46556014E+002  0.11381818E+003  0.30126785E+003  0.59144039E+003
  0.00000000E+000  0.00000000E+000  0.00000000E+000  0.00000000E+000  0.42215693E-001  0.36752216E+000  0.69442415E+001  0.46557676E+002  0.11382015E+003  0.30126941E+003  0.59144122E+003
  0.00000000E+000  0.00000000E+000  0.00000000E+000  0.00000000E+000  0.42228542E-001  0.36753274E+000  0.69444698E+001  0.46559108E+002  0.11382186E+003  0.30127078E+003  0.59144195E+003
  0.00000000E+000  0.00000000E+000  0.00000000E+000  0.00000000E+000  0.42240382E-001  0.36754288E+000  0.69446680E+001  0.46560329E+002  0.11382332E+003  0.30127197E+003  0.59144258E+003
  0.00000000E+000  0.00000000E+000  0.00000000E+000  0.00000000E+000  0.42250914E-001  0.36755259E+000  0.69448411E+001  0.46561368E+002  0.11382457E+003  0.30127300E+003  0.59144313E+003
  0.00000000E+000  0.00000000E+000  0.00000000E+000  0.00000000E+000  0.42260179E-001  0.36756188E+000  0.69449931E+001  0.46562253E+002  0.11382564E+003  0.30127389E+003  0.59144361E+003
  0.00000000E+000  0.00000000E+000  0.00000000E+000  0.00000000E+000  0.42268157E-001  0.36757076E+000  0.69451273E+001  0.46563010E+002  0.11382656E+003  0.30127466E+003  0.59144402E+003
  0.00000000E+000  0.00000000E+000  0.00000000E+000  0.00000000E+000  0.42274965E-001  0.36757923E+000  0.69452462E+001  0.46563659E+002  0.11382736E+003  0.30127534E+003  0.59144437E+003
  0.00000000E+000  0.00000000E+000  0.00000000E+000  0.00000000E+000  0.42280783E-001  0.36758731E+000  0.69453520E+001  0.46564218E+002  0.11382805E+003  0.30127593E+003  0.59144468E+003
  0.00000000E+000  0.00000000E+000  0.00000000E+000  0.00000000E+000  0.42285798E-001  0.36759500E+000  0.69454467E+001  0.46564702E+002  0.11382866E+003  0.30127644E+003  0.59144495E+003
  0.00000000E+000  0.00000000E+000  0.00000000E+000  0.00000000E+000  0.42290175E-001  0.36760231E+000  0.69455317E+001  0.46565122E+002  0.11382919E+003  0.30127690E+003  0.59144519E+003
  0.00000000E+000  0.00000000E+000  0.00000000E+000  0.00000000E+000  0.42294051E-001  0.36760923E+000  0.69456085E+001  0.46565489E+002  0.11382966E+003  0.30127730E+003  0.59144540E+003
  0.00000000E+000  0.00000000E+000  0.00000000E+000  0.00000000E+000  0.42297530E-001  0.36761581E+000  0.69456782E+001  0.46565809E+002  0.11383007E+003  0.30127766E+003  0.59144558E+003
  0.00000000E+000  0.00000000E+000  0.00000000E+000  0.00000000E+000  0.42300694E-001  0.36762205E+000  0.69457417E+001  0.46566092E+002  0.11383045E+003  0.30127798E+003  0.59144574E+003
  0.00000000E+000  0.00000000E+000  0.00000000E+000  0.00000000E+000  0.42303602E-001  0.36762799E+000  0.69457999E+001  0.46566341E+002  0.11383078E+003  0.30127827E+003  0.59144588E+003
  0.00000000E+000  0.00000000E+000  0.00000000E+000  0.00000000E+000  0.42306296E-001  0.36763363E+000  0.69458535E+001  0.46566562E+002  0.11383108E+003  0.30127853E+003  0.59144601E+003
  0.00000000E+000  0.00000000E+000  0.00000000E+000  0.00000000E+000  0.42308809E-001  0.36763901E+000  0.69459031E+001  0.46566759E+002  0.11383135E+003  0.30127877E+003  0.59144613E+003
  0.00000000E+000  0.00000000E+000  0.00000000E+000  0.00000000E+000  0.42311166E-001  0.36764414E+000  0.69459490E+001  0.46566935E+002  0.11383160E+003  0.30127898E+003  0.59144623E+003
  0.00000000E+000  0.00000000E+000  0.00000000E+000  0.00000000E+000  0.42313384E-001  0.36764903E+000  0.69459919E+001  0.46567094E+002  0.11383183E+003  0.30127918E+003  0.59144633E+003
  0.00000000E+000  0.00000000E+000  0.00000000E+000  0.00000000E+000  0.42315476E-001  0.36765369E+000  0.69460319E+001  0.46567237E+002  0.11383203E+003  0.30127936E+003  0.59144641E+003
  0.00000000E+000  0.00000000E+000  0.00000000E+000  0.00000000E+000  0.42317452E-001  0.36765814E+000  0.69460695E+001  0.46567367E+002  0.11383223E+003  0.30127953E+003  0.59144649E+003
  0.00000000E+000  0.00000000E+000  0.00000000E+000  0.00000000E+000  0.42319319E-001  0.36766237E+000  0.69461048E+001  0.46567485E+002  0.11383240E+003  0.30127969E+003  0.59144657E+003
  0.00000000E+000  0.00000000E+000  0.00000000E+000  0.00000000E+000  0.42321083E-001  0.36766640E+000  0.69461380E+001  0.46567593E+002  0.11383257E+003  0.30127983E+003  0.59144664E+003
  0.00000000E+000  0.00000000E+000  0.00000000E+000  0.00000000E+000  0.42322747E-001  0.36767023E+000  0.69461693E+001  0.46567693E+002  0.11383272E+003  0.30127997E+003  0.59144670E+003
  0.00000000E+000  0.00000000E+000  0.00000000E+000  0.00000000E+000  0.42324313E-001  0.36767385E+000  0.69461988E+001  0.46567784E+002  0.11383287E+003  0.30128010E+003  0.59144677E+003
  0.00000000E+000  0.00000000E+000  0.00000000E+000  0.00000000E+000  0.42325783E-001  0.36767728E+000  0.69462265E+001  0.46567869E+002  0.11383300E+003  0.30128023E+003  0.59144683E+003
  0.00000000E+000  0.00000000E+000  0.00000000E+000  0.00000000E+000  0.42327156E-001  0.36768050E+000  0.69462526E+001  0.46567947E+002  0.11383313E+003  0.30128035E+003  0.59144689E+003
  0.00000000E+000  0.00000000E+000  0.00000000E+000  0.00000000E+000  0.42328432E-001  0.36768353E+000  0.69462770E+001  0.46568020E+002  0.11383325E+003  0.30128046E+003  0.59144694E+003
  0.00000000E+000  0.00000000E+000  0.00000000E+000  0.00000000E+000  0.42329610E-001  0.36768636E+000  0.69462997E+001  0.46568088E+002  0.11383336E+003  0.30128057E+003  0.59144700E+003
  0.00000000E+000  0.00000000E+000  0.00000000E+000  0.00000000E+000  0.42330685E-001  0.36768898E+000  0.69463207E+001  0.46568151E+002  0.11383347E+003  0.30128068E+003  0.59144705E+003
  0.00000000E+000  0.00000000E+000  0.00000000E+000  0.00000000E+000  0.42331657E-001  0.36769140E+000  0.69463401E+001  0.46568210E+002  0.11383357E+003  0.30128079E+003  0.59144711E+003
  0.00000000E+000  0.00000000E+000  0.00000000E+000  0.00000000E+000  0.42332519E-001  0.36769362E+000  0.69463576E+001  0.46568264E+002  0.11383367E+003  0.30128089E+003  0.59144717E+003
  0.00000000E+000  0.00000000E+000  0.00000000E+000  0.00000000E+000  0.42333268E-001  0.36769562E+000  0.69463733E+001  0.46568315E+002  0.11383376E+003  0.30128099E+003  0.59144722E+003
  0.00000000E+000  0.00000000E+000  0.00000000E+000  0.00000000E+000  0.42333897E-001  0.36769742E+000  0.69463872E+001  0.46568362E+002  0.11383385E+003  0.30128110E+003  0.59144728E+003
  0.00000000E+000  0.00000000E+000  0.00000000E+000  0.00000000E+000  0.42334400E-001  0.36769901E+000  0.69463990E+001  0.46568406E+002  0.11383393E+003  0.30128120E+003  0.59144733E+003
  0.00000000E+000  0.00000000E+000  0.00000000E+000  0.00000000E+000  0.42334768E-001  0.36770038E+000  0.69464088E+001  0.46568446E+002  0.11383401E+003  0.30128130E+003  0.59144739E+003
  0.00000000E+000  0.00000000E+000  0.00000000E+000  0.00000000E+000  0.42334993E-001  0.36770154E+000  0.69464165E+001  0.46568483E+002  0.11383408E+003  0.30128140E+003  0.59144745E+003
  0.00000000E+000  0.00000000E+000  0.00000000E+000  0.00000000E+000  0.42335066E-001  0.36770249E+000  0.69464221E+001  0.46568517E+002  0.11383415E+003  0.30128150E+003  0.59144752E+003
  0.00000000E+000  0.00000000E+000  0.00000000E+000  0.00000000E+000  0.42334976E-001  0.36770322E+000  0.69464253E+001  0.46568547E+002  0.11383422E+003  0.30128161E+003  0.59144758E+003
  0.00000000E+000  0.00000000E+000  0.00000000E+000  0.00000000E+000  0.42334711E-001  0.36770374E+000  0.69464263E+001  0.46568574E+002  0.11383429E+003  0.30128171E+003  0.59144765E+003
  0.00000000E+000  0.00000000E+000  0.00000000E+000  0.00000000E+000  0.42334259E-001  0.36770405E+000  0.69464250E+001  0.46568598E+002  0.11383435E+003  0.30128182E+003  0.59144771E+003
  0.00000000E+000  0.00000000E+000  0.00000000E+000  0.00000000E+000  0.42333609E-001  0.36770415E+000  0.69464213E+001  0.46568619E+002  0.11383441E+003  0.30128193E+003  0.59144779E+003
  0.00000000E+000  0.00000000E+000  0.00000000E+000  0.00000000E+000  0.42332748E-001  0.36770404E+000  0.69464153E+001  0.46568636E+002  0.11383447E+003  0.30128204E+003  0.59144786E+003
  0.00000000E+000  0.00000000E+000  0.00000000E+000  0.00000000E+000  0.42331663E-001  0.36770372E+000  0.69464070E+001  0.46568651E+002  0.11383452E+003  0.30128215E+003  0.59144794E+003
  0.00000000E+000  0.00000000E+000  0.00000000E+000  0.00000000E+000  0.42330343E-001  0.36770321E+000  0.69463963E+001  0.46568662E+002  0.11383458E+003  0.30128227E+003  0.59144802E+003
  0.00000000E+000  0.00000000E+000  0.00000000E+000  0.00000000E+000  0.42328775E-001  0.36770250E+000  0.69463834E+001  0.46568671E+002  0.11383463E+003  0.30128239E+003  0.59144810E+003
  0.00000000E+000  0.00000000E+000  0.00000000E+000  0.00000000E+000  0.42326951E-001  0.36770160E+000  0.69463682E+001  0.46568677E+002  0.11383468E+003  0.30128251E+003  0.59144819E+003
  0.00000000E+000  0.00000000E+000  0.00000000E+000  0.00000000E+000  0.42324860E-001  0.36770051E+000  0.69463508E+001  0.46568680E+002  0.11383473E+003  0.30128263E+003  0.59144828E+003
  0.00000000E+000  0.00000000E+000  0.00000000E+000  0.00000000E+000  0.42322496E-001  0.36769925E+000  0.69463312E+001  0.46568680E+002  0.11383478E+003  0.30128276E+003  0.59144838E+003
  0.00000000E+000  0.00000000E+000  0.00000000E+000  0.00000000E+000  0.42319854E-001  0.36769781E+000  0.69463095E+001  0.46568677E+002  0.11383483E+003  0.30128290E+003  0.59144848E+003
  0.00000000E+000  0.00000000E+000  0.00000000E+000  0.00000000E+000  0.42316931E-001  0.36769622E+000  0.69462858E+001  0.46568672E+002  0.11383488E+003  0.30128303E+003  0.59144859E+003
  0.00000000E+000  0.00000000E+000  0.00000000E+000  0.00000000E+000  0.42313727E-001  0.36769447E+000  0.69462601E+001  0.46568665E+002  0.11383493E+003  0.30128318E+003  0.59144871E+003
  0.00000000E+000  0.00000000E+000  0.00000000E+000  0.00000000E+000  0.42310245E-001  0.36769257E+000  0.69462324E+001  0.46568655E+002  0.11383498E+003  0.30128332E+003  0.59144882E+003
  0.00000000E+000  0.00000000E+000  0.00000000E+000  0.00000000E+000  0.42306491E-001  0.36769055E+000  0.69462028E+001  0.46568642E+002  0.11383503E+003  0.30128348E+003  0.59144895E+003
  0.00000000E+000  0.00000000E+000  0.00000000E+000  0.00000000E+000  0.42302474E-001  0.36768841E+000  0.69461714E+001  0.46568627E+002  0.11383509E+003  0.30128364E+003  0.59144908E+003
  0.00000000E+000  0.00000000E+000  0.00000000E+000  0.00000000E+000  0.42298205E-001  0.36768616E+000  0.69461382E+001  0.46568609E+002  0.11383514E+003  0.30128380E+003  0.59144922E+003
  0.00000000E+000  0.00000000E+000  0.00000000E+000  0.00000000E+000  0.42293700E-001  0.36768382E+000  0.69461033E+001  0.46568588E+002  0.11383520E+003  0.30128397E+003  0.59144937E+003
  0.00000000E+000  0.00000000E+000  0.00000000E+000  0.00000000E+000  0.42288976E-001  0.36768141E+000  0.69460667E+001  0.46568564E+002  0.11383526E+003  0.30128415E+003  0.59144952E+003
  0.00000000E+000  0.00000000E+000  0.00000000E+000  0.00000000E+000  0.42284056E-001  0.36767894E+000  0.69460286E+001  0.46568538E+002  0.11383532E+003  0.30128433E+003  0.59144968E+003
  0.00000000E+000  0.00000000E+000  0.00000000E+000  0.00000000E+000  0.42278962E-001  0.36767643E+000  0.69459891E+001  0.46568508E+002  0.11383539E+003  0.30128453E+003  0.59144985E+003
  0.00000000E+000  0.00000000E+000  0.00000000E+000  0.00000000E+000  0.42273721E-001  0.36767389E+000  0.69459481E+001  0.46568474E+002  0.11383545E+003  0.30128473E+003  0.59145003E+003
  0.00000000E+000  0.00000000E+000  0.00000000E+000  0.00000000E+000  0.42268360E-001  0.36767134E+000  0.69459059E+001  0.46568437E+002  0.11383552E+003  0.30128493E+003  0.59145022E+003
  0.00000000E+000  0.00000000E+000  0.00000000E+000  0.00000000E+000  0.42262909E-001  0.36766881E+000  0.69458624E+001  0.46568395E+002  0.11383559E+003  0.30128515E+003  0.59145042E+003
  0.00000000E+000  0.00000000E+000  0.00000000E+000  0.00000000E+000  0.42257399E-001  0.36766630E+000  0.69458179E+001  0.46568349E+002  0.11383567E+003  0.30128538E+003  0.59145063E+003
  0.00000000E+000  0.00000000E+000  0.00000000E+000  0.00000000E+000  0.42251861E-001  0.36766383E+000  0.69457724E+001  0.46568297E+002  0.11383574E+003  0.30128561E+003  0.59145085E+003
  0.00000000E+000  0.00000000E+000  0.00000000E+000  0.00000000E+000  0.42246329E-001  0.36766140E+000  0.69457260E+001  0.46568240E+002  0.11383582E+003  0.30128586E+003  0.59145108E+003
  0.00000000E+000  0.00000000E+000  0.00000000E+000  0.00000000E+000  0.42240833E-001  0.36765904E+000  0.69456788E+001  0.46568177E+002  0.11383590E+003  0.30128611E+003  0.59145132E+003
  0.00000000E+000  0.00000000E+000  0.00000000E+000  0.00000000E+000  0.42235405E-001  0.36765675E+000  0.69456309E+001  0.46568108E+002  0.11383598E+003  0.30128638E+003  0.59145157E+003
  0.00000000E+000  0.00000000E+000  0.00000000E+000  0.00000000E+000  0.42230076E-001  0.36765454E+000  0.69455824E+001  0.46568031E+002  0.11383605E+003  0.30128665E+003  0.59145184E+003
  0.00000000E+000  0.00000000E+000  0.00000000E+000  0.00000000E+000  0.42224875E-001  0.36765240E+000  0.69455335E+001  0.46567948E+002  0.11383613E+003  0.30128694E+003  0.59145212E+003
  0.00000000E+000  0.00000000E+000  0.00000000E+000  0.00000000E+000  0.42219829E-001  0.36765033E+000  0.69454841E+001  0.46567856E+002  0.11383621E+003  0.30128724E+003  0.59145242E+003
  0.00000000E+000  0.00000000E+000  0.00000000E+000  0.00000000E+000  0.42214961E-001  0.36764833E+000  0.69454345E+001  0.46567757E+002  0.11383629E+003  0.30128755E+003  0.59145273E+003
  0.00000000E+000  0.00000000E+000  0.00000000E+000  0.00000000E+000  0.42210296E-001  0.36764639E+000  0.69453848E+001  0.46567649E+002  0.11383636E+003  0.30128788E+003  0.59145305E+003
  0.00000000E+000  0.00000000E+000  0.00000000E+000  0.00000000E+000  0.42205852E-001  0.36764451E+000  0.69453349E+001  0.46567532E+002  0.11383643E+003  0.30128821E+003  0.59145339E+003
  0.00000000E+000  0.00000000E+000  0.00000000E+000  0.00000000E+000  0.42201646E-001  0.36764266E+000  0.69452851E+001  0.46567406E+002  0.11383649E+003  0.30128856E+003  0.59145374E+003
  0.00000000E+000  0.00000000E+000  0.00000000E+000  0.00000000E+000  0.42197691E-001  0.36764083E+000  0.69452355E+001  0.46567272E+002  0.11383656E+003  0.30128892E+003  0.59145412E+003
  0.00000000E+000  0.00000000E+000  0.00000000E+000  0.00000000E+000  0.42193996E-001  0.36763900E+000  0.69451861E+001  0.46567128E+002  0.11383661E+003  0.30128930E+003  0.59145451E+003
  0.00000000E+000  0.00000000E+000  0.00000000E+000  0.00000000E+000  0.42190569E-001  0.36763715E+000  0.69451372E+001  0.46566975E+002  0.11383666E+003  0.30128968E+003  0.59145491E+003
  0.00000000E+000  0.00000000E+000  0.00000000E+000  0.00000000E+000  0.42187414E-001  0.36763526E+000  0.69450887E+001  0.46566813E+002  0.11383670E+003  0.30129008E+003  0.59145534E+003
  0.00000000E+000  0.00000000E+000  0.00000000E+000  0.00000000E+000  0.42184530E-001  0.36763330E+000  0.69450409E+001  0.46566643E+002  0.11383674E+003  0.30129050E+003  0.59145579E+003
  0.00000000E+000  0.00000000E+000  0.00000000E+000  0.00000000E+000  0.42181916E-001  0.36763126E+000  0.69449939E+001  0.46566464E+002  0.11383676E+003  0.30129092E+003  0.59145625E+003
  0.00000000E+000  0.00000000E+000  0.00000000E+000  0.00000000E+000  0.42179566E-001  0.36762911E+000  0.69449477E+001  0.46566276E+002  0.11383678E+003  0.30129136E+003  0.59145674E+003
  0.00000000E+000  0.00000000E+000  0.00000000E+000  0.00000000E+000  0.42177473E-001  0.36762683E+000  0.69449025E+001  0.46566081E+002  0.11383679E+003  0.30129181E+003  0.59145724E+003
  0.00000000E+000  0.00000000E+000  0.00000000E+000  0.00000000E+000  0.42175627E-001  0.36762440E+000  0.69448585E+001  0.46565878E+002  0.11383678E+003  0.30129227E+003  0.59145777E+003
  0.00000000E+000  0.00000000E+000  0.00000000E+000  0.00000000E+000  0.42174018E-001  0.36762181E+000  0.69448156E+001  0.46565668E+002  0.11383677E+003  0.30129274E+003  0.59145832E+003
  0.00000000E+000  0.00000000E+000  0.00000000E+000  0.00000000E+000  0.42172632E-001  0.36761904E+000  0.69447740E+001  0.46565452E+002  0.11383675E+003  0.30129323E+003  0.59145889E+003
  0.00000000E+000  0.00000000E+000  0.00000000E+000  0.00000000E+000  0.42171456E-001  0.36761609E+000  0.69447337E+001  0.46565229E+002  0.11383672E+003  0.30129372E+003  0.59145949E+003
  0.00000000E+000  0.00000000E+000  0.00000000E+000  0.00000000E+000  0.42170475E-001  0.36761294E+000  0.69446949E+001  0.46565002E+002  0.11383668E+003  0.30129422E+003  0.59146011E+003
  0.00000000E+000  0.00000000E+000  0.00000000E+000  0.00000000E+000  0.42169673E-001  0.36760960E+000  0.69446576E+001  0.46564770E+002  0.11383662E+003  0.30129473E+003  0.59146075E+003
  0.00000000E+000  0.00000000E+000  0.00000000E+000  0.00000000E+000  0.42169035E-001  0.36760606E+000  0.69446218E+001  0.46564535E+002  0.11383656E+003  0.30129525E+003  0.59146142E+003
  0.00000000E+000  0.00000000E+000  0.00000000E+000  0.00000000E+000  0.42168546E-001  0.36760233E+000  0.69445876E+001  0.46564296E+002  0.11383649E+003  0.30129577E+003  0.59146211E+003
  0.00000000E+000  0.00000000E+000  0.00000000E+000  0.00000000E+000  0.42168190E-001  0.36759842E+000  0.69445549E+001  0.46564054E+002  0.11383641E+003  0.30129630E+003  0.59146282E+003
  0.00000000E+000  0.00000000E+000  0.00000000E+000  0.00000000E+000  0.42167952E-001  0.36759435E+000  0.69445238E+001  0.46563810E+002  0.11383631E+003  0.30129684E+003  0.59146357E+003
  0.00000000E+000  0.00000000E+000  0.00000000E+000  0.00000000E+000  0.42167818E-001  0.36759012E+000  0.69444943E+001  0.46563565E+002  0.11383621E+003  0.30129738E+003  0.59146433E+003
  0.00000000E+000  0.00000000E+000  0.00000000E+000  0.00000000E+000  0.42167775E-001  0.36758577E+000  0.69444663E+001  0.46563319E+002  0.11383610E+003  0.30129792E+003  0.59146513E+003
  0.00000000E+000  0.00000000E+000  0.00000000E+000  0.00000000E+000  0.42167809E-001  0.36758130E+000  0.69444399E+001  0.46563072E+002  0.11383598E+003  0.30129846E+003  0.59146594E+003
  0.00000000E+000  0.00000000E+000  0.00000000E+000  0.00000000E+000  0.42167910E-001  0.36757676E+000  0.69444148E+001  0.46562826E+002  0.11383584E+003  0.30129900E+003  0.59146679E+003
  0.00000000E+000  0.00000000E+000  0.00000000E+000  0.00000000E+000  0.42168065E-001  0.36757215E+000  0.69443912E+001  0.46562580E+002  0.11383570E+003  0.30129954E+003  0.59146766E+003
  0.00000000E+000  0.00000000E+000  0.00000000E+000  0.00000000E+000  0.42168265E-001  0.36756751E+000  0.69443690E+001  0.46562335E+002  0.11383555E+003  0.30130008E+003  0.59146855E+003
  0.00000000E+000  0.00000000E+000  0.00000000E+000  0.00000000E+000  0.42168500E-001  0.36756286E+000  0.69443480E+001  0.46562092E+002  0.11383539E+003  0.30130062E+003  0.59146947E+003
  0.00000000E+000  0.00000000E+000  0.00000000E+000  0.00000000E+000  0.42168764E-001  0.36755823E+000  0.69443282E+001  0.46561851E+002  0.11383522E+003  0.30130115E+003  0.59147041E+003
  0.00000000E+000  0.00000000E+000  0.00000000E+000  0.00000000E+000  0.42169048E-001  0.36755366E+000  0.69443095E+001  0.46561611E+002  0.11383505E+003  0.30130167E+003  0.59147137E+003
  0.00000000E+000  0.00000000E+000  0.00000000E+000  0.00000000E+000  0.42169347E-001  0.36754915E+000  0.69442918E+001  0.46561374E+002  0.11383486E+003  0.30130218E+003  0.59147236E+003
  0.00000000E+000  0.00000000E+000  0.00000000E+000  0.00000000E+000  0.42169655E-001  0.36754474E+000  0.69442749E+001  0.46561140E+002  0.11383466E+003  0.30130269E+003  0.59147337E+003
  0.00000000E+000  0.00000000E+000  0.00000000E+000  0.00000000E+000  0.42169967E-001  0.36754046E+000  0.69442589E+001  0.46560908E+002  0.11383446E+003  0.30130318E+003  0.59147440E+003
  0.00000000E+000  0.00000000E+000  0.00000000E+000  0.00000000E+000  0.42170279E-001  0.36753631E+000  0.69442435E+001  0.46560680E+002  0.11383425E+003  0.30130366E+003  0.59147545E+003
  0.00000000E+000  0.00000000E+000  0.00000000E+000  0.00000000E+000  0.42170588E-001  0.36753231E+000  0.69442287E+001  0.46560456E+002  0.11383402E+003  0.30130413E+003  0.59147652E+003
  0.00000000E+000  0.00000000E+000  0.00000000E+000  0.00000000E+000  0.42170891E-001  0.36752849E+000  0.69442143E+001  0.46560235E+002  0.11383380E+003  0.30130458E+003  0.59147761E+003
  0.00000000E+000  0.00000000E+000  0.00000000E+000  0.00000000E+000  0.42171186E-001  0.36752485E+000  0.69442002E+001  0.46560017E+002  0.11383356E+003  0.30130502E+003  0.59147871E+003
  0.00000000E+000  0.00000000E+000  0.00000000E+000  0.00000000E+000  0.42171472E-001  0.36752141E+000  0.69441864E+001  0.46559804E+002  0.11383331E+003  0.30130543E+003  0.59147982E+003
  0.00000000E+000  0.00000000E+000  0.00000000E+000  0.00000000E+000  0.42171746E-001  0.36751817E+000  0.69441726E+001  0.46559595E+002  0.11383306E+003  0.30130583E+003  0.59148095E+003
  0.00000000E+000  0.00000000E+000  0.00000000E+000  0.00000000E+000  0.42172008E-001  0.36751513E+000  0.69441588E+001  0.46559391E+002  0.11383280E+003  0.30130620E+003  0.59148209E+003
  0.00000000E+000  0.00000000E+000  0.00000000E+000  0.00000000E+000  0.42172257E-001  0.36751230E+000  0.69441450E+001  0.46559190E+002  0.11383253E+003  0.30130656E+003  0.59148323E+003
  0.00000000E+000  0.00000000E+000  0.00000000E+000  0.00000000E+000  0.42172492E-001  0.36750968E+000  0.69441309E+001  0.46558994E+002  0.11383226E+003  0.30130689E+003  0.59148439E+003
  0.00000000E+000  0.00000000E+000  0.00000000E+000  0.00000000E+000  0.42172714E-001  0.36750726E+000  0.69441166E+001  0.46558803E+002  0.11383198E+003  0.30130719E+003  0.59148554E+003
  0.00000000E+000  0.00000000E+000  0.00000000E+000  0.00000000E+000  0.42172922E-001  0.36750505E+000  0.69441019E+001  0.46558617E+002  0.11383169E+003  0.30130746E+003  0.59148670E+003
  0.00000000E+000  0.00000000E+000  0.00000000E+000  0.00000000E+000  0.42173117E-001  0.36750303E+000  0.69440868E+001  0.46558435E+002  0.11383140E+003  0.30130771E+003  0.59148785E+003
  0.00000000E+000  0.00000000E+000  0.00000000E+000  0.00000000E+000  0.42173298E-001  0.36750120E+000  0.69440713E+001  0.46558257E+002  0.11383110E+003  0.30130793E+003  0.59148900E+003
  0.00000000E+000  0.00000000E+000  0.00000000E+000  0.00000000E+000  0.42173466E-001  0.36749955E+000  0.69440553E+001  0.46558085E+002  0.11383080E+003  0.30130812E+003  0.59149014E+003
  0.00000000E+000  0.00000000E+000  0.00000000E+000  0.00000000E+000  0.42173622E-001  0.36749807E+000  0.69440388E+001  0.46557917E+002  0.11383049E+003  0.30130828E+003  0.59149127E+003
  0.00000000E+000  0.00000000E+000  0.00000000E+000  0.00000000E+000  0.42173765E-001  0.36749675E+000  0.69440217E+001  0.46557754E+002  0.11383018E+003  0.30130841E+003  0.59149239E+003
  0.00000000E+000  0.00000000E+000  0.00000000E+000  0.00000000E+000  0.42173897E-001  0.36749559E+000  0.69440042E+001  0.46557596E+002  0.11382987E+003  0.30130851E+003  0.59149350E+003
  0.00000000E+000  0.00000000E+000  0.00000000E+000  0.00000000E+000  0.42174018E-001  0.36749456E+000  0.69439862E+001  0.46557442E+002  0.11382955E+003  0.30130857E+003  0.59149459E+003
  0.00000000E+000  0.00000000E+000  0.00000000E+000  0.00000000E+000  0.42174128E-001  0.36749367E+000  0.69439677E+001  0.46557293E+002  0.11382923E+003  0.30130860E+003  0.59149565E+003
  0.00000000E+000  0.00000000E+000  0.00000000E+000  0.00000000E+000  0.42174228E-001  0.36749290E+000  0.69439488E+001  0.46557148E+002  0.11382891E+003  0.30130860E+003  0.59149669E+003
  0.00000000E+000  0.00000000E+000  0.00000000E+000  0.00000000E+000  0.42174318E-001  0.36749223E+000  0.69439294E+001  0.46557008E+002  0.11382859E+003  0.30130856E+003  0.59149770E+003
  0.00000000E+000  0.00000000E+000  0.00000000E+000  0.00000000E+000  0.42174400E-001  0.36749166E+000  0.69439098E+001  0.46556872E+002  0.11382827E+003  0.30130849E+003  0.59149868E+003
  0.00000000E+000  0.00000000E+000  0.00000000E+000  0.00000000E+000  0.42174473E-001  0.36749118E+000  0.69438899E+001  0.46556739E+002  0.11382794E+003  0.30130838E+003  0.59149963E+003
  0.00000000E+000  0.00000000E+000  0.00000000E+000  0.00000000E+000  0.42174539E-001  0.36749078E+000  0.69438698E+001  0.46556611E+002  0.11382762E+003  0.30130824E+003  0.59150054E+003
  0.00000000E+000  0.00000000E+000  0.00000000E+000  0.00000000E+000  0.42174597E-001  0.36749046E+000  0.69438496E+001  0.46556487E+002  0.11382730E+003  0.30130807E+003  0.59150141E+003
  0.00000000E+000  0.00000000E+000  0.00000000E+000  0.00000000E+000  0.42174649E-001  0.36749019E+000  0.69438293E+001  0.46556366E+002  0.11382698E+003  0.30130786E+003  0.59150224E+003
  0.00000000E+000  0.00000000E+000  0.00000000E+000  0.00000000E+000  0.42174694E-001  0.36748997E+000  0.69438090E+001  0.46556248E+002  0.11382666E+003  0.30130762E+003  0.59150302E+003
  0.00000000E+000  0.00000000E+000  0.00000000E+000  0.00000000E+000  0.42174734E-001  0.36748980E+000  0.69437889E+001  0.46556134E+002  0.11382634E+003  0.30130735E+003  0.59150376E+003
  0.00000000E+000  0.00000000E+000  0.00000000E+000  0.00000000E+000  0.42174768E-001  0.36748967E+000  0.69437689E+001  0.46556023E+002  0.11382602E+003  0.30130704E+003  0.59150444E+003
  0.00000000E+000  0.00000000E+000  0.00000000E+000  0.00000000E+000  0.42174797E-001  0.36748958E+000  0.69437491E+001  0.46555915E+002  0.11382571E+003  0.30130671E+003  0.59150508E+003
  0.00000000E+000  0.00000000E+000  0.00000000E+000  0.00000000E+000  0.42174821E-001  0.36748951E+000  0.69437296E+001  0.46555809E+002  0.11382540E+003  0.30130634E+003  0.59150566E+003
  0.00000000E+000  0.00000000E+000  0.00000000E+000  0.00000000E+000  0.42174841E-001  0.36748946E+000  0.69437105E+001  0.46555706E+002  0.11382509E+003  0.30130594E+003  0.59150618E+003
  0.00000000E+000  0.00000000E+000  0.00000000E+000  0.00000000E+000  0.42174858E-001  0.36748943E+000  0.69436918E+001  0.46555605E+002  0.11382479E+003  0.30130552E+003  0.59150665E+003
  0.00000000E+000  0.00000000E+000  0.00000000E+000  0.00000000E+000  0.42174871E-001  0.36748942E+000  0.69436736E+001  0.46555507E+002  0.11382449E+003  0.30130506E+003  0.59150706E+003
  0.00000000E+000  0.00000000E+000  0.00000000E+000  0.00000000E+000  0.42174881E-001  0.36748942E+000  0.69436559E+001  0.46555410E+002  0.11382419E+003  0.30130458E+003  0.59150740E+003
  0.00000000E+000  0.00000000E+000  0.00000000E+000  0.00000000E+000  0.42174887E-001  0.36748942E+000  0.69436388E+001  0.46555316E+002  0.11382390E+003  0.30130408E+003  0.59150769E+003
  0.00000000E+000  0.00000000E+000  0.00000000E+000  0.00000000E+000  0.42174892E-001  0.36748943E+000  0.69436223E+001  0.46555223E+002  0.11382361E+003  0.30130355E+003  0.59150791E+003
  0.00000000E+000  0.00000000E+000  0.00000000E+000  0.00000000E+000  0.42174893E-001  0.36748944E+000  0.69436064E+001  0.46555132E+002  0.11382333E+003  0.30130300E+003  0.59150807E+003
  0.00000000E+000  0.00000000E+000  0.00000000E+000  0.00000000E+000  0.42174893E-001  0.36748946E+000  0.69435911E+001  0.46555042E+002  0.11382305E+003  0.30130243E+003  0.59150816E+003
  0.00000000E+000  0.00000000E+000  0.00000000E+000  0.00000000E+000  0.42174891E-001  0.36748947E+000  0.69435765E+001  0.46554954E+002  0.11382278E+003  0.30130184E+003  0.59150819E+003
  0.00000000E+000  0.00000000E+000  0.00000000E+000  0.00000000E+000  0.42174887E-001  0.36748948E+000  0.69435626E+001  0.46554868E+002  0.11382251E+003  0.30130123E+003  0.59150816E+003
  0.00000000E+000  0.00000000E+000  0.00000000E+000  0.00000000E+000  0.42174882E-001  0.36748949E+000  0.69435493E+001  0.46554782E+002  0.11382225E+003  0.30130061E+003  0.59150806E+003
  0.00000000E+000  0.00000000E+000  0.00000000E+000  0.00000000E+000  0.42174875E-001  0.36748950E+000  0.69435367E+001  0.46554698E+002  0.11382199E+003  0.30129997E+003  0.59150791E+003
  0.00000000E+000  0.00000000E+000  0.00000000E+000  0.00000000E+000  0.42174867E-001  0.36748950E+000  0.69435248E+001  0.46554615E+002  0.11382174E+003  0.30129932E+003  0.59150768E+003
  0.00000000E+000  0.00000000E+000  0.00000000E+000  0.00000000E+000  0.42174859E-001  0.36748950E+000  0.69435135E+001  0.46554534E+002  0.11382149E+003  0.30129865E+003  0.59150740E+003
  0.00000000E+000  0.00000000E+000  0.00000000E+000  0.00000000E+000  0.42174849E-001  0.36748949E+000  0.69435028E+001  0.46554453E+002  0.11382125E+003  0.30129798E+003  0.59150706E+003
  0.00000000E+000  0.00000000E+000  0.00000000E+000  0.00000000E+000  0.42174839E-001  0.36748948E+000  0.69434928E+001  0.46554374E+002  0.11382101E+003  0.30129729E+003  0.59150665E+003
  0.00000000E+000  0.00000000E+000  0.00000000E+000  0.00000000E+000  0.42174828E-001  0.36748946E+000  0.69434834E+001  0.46554296E+002  0.11382078E+003  0.30129660E+003  0.59150619E+003
  0.00000000E+000  0.00000000E+000  0.00000000E+000  0.00000000E+000  0.42174817E-001  0.36748944E+000  0.69434746E+001  0.46554219E+002  0.11382055E+003  0.30129590E+003  0.59150568E+003
  0.00000000E+000  0.00000000E+000  0.00000000E+000  0.00000000E+000  0.42174806E-001  0.36748941E+000  0.69434663E+001  0.46554144E+002  0.11382032E+003  0.30129520E+003  0.59150511E+003
  0.00000000E+000  0.00000000E+000  0.00000000E+000  0.00000000E+000  0.42174794E-001  0.36748938E+000  0.69434585E+001  0.46554069E+002  0.11382011E+003  0.30129449E+003  0.59150448E+003
  0.00000000E+000  0.00000000E+000  0.00000000E+000  0.00000000E+000  0.42174783E-001  0.36748935E+000  0.69434513E+001  0.46553997E+002  0.11381989E+003  0.30129378E+003  0.59150381E+003
  0.00000000E+000  0.00000000E+000  0.00000000E+000  0.00000000E+000  0.42174771E-001  0.36748931E+000  0.69434446E+001  0.46553925E+002  0.11381969E+003  0.30129307E+003  0.59150309E+003
  0.00000000E+000  0.00000000E+000  0.00000000E+000  0.00000000E+000  0.42174760E-001  0.36748927E+000  0.69434383E+001  0.46553855E+002  0.11381948E+003  0.30129237E+003  0.59150232E+003
  0.00000000E+000  0.00000000E+000  0.00000000E+000  0.00000000E+000  0.42174748E-001  0.36748923E+000  0.69434324E+001  0.46553786E+002  0.11381928E+003  0.30129166E+003  0.59150151E+003
  0.00000000E+000  0.00000000E+000  0.00000000E+000  0.00000000E+000  0.42174737E-001  0.36748918E+000  0.69434270E+001  0.46553719E+002  0.11381909E+003  0.30129095E+003  0.59150066E+003
  0.00000000E+000  0.00000000E+000  0.00000000E+000  0.00000000E+000  0.42174726E-001  0.36748913E+000  0.69434219E+001  0.46553653E+002  0.11381890E+003  0.30129025E+003  0.59149977E+003
  0.00000000E+000  0.00000000E+000  0.00000000E+000  0.00000000E+000  0.42174715E-001  0.36748908E+000  0.69434171E+001  0.46553589E+002  0.11381871E+003  0.30128955E+003  0.59149885E+003
  0.00000000E+000  0.00000000E+000  0.00000000E+000  0.00000000E+000  0.42174705E-001  0.36748903E+000  0.69434128E+001  0.46553526E+002  0.11381853E+003  0.30128886E+003  0.59149789E+003
  0.00000000E+000  0.00000000E+000  0.00000000E+000  0.00000000E+000  0.42174695E-001  0.36748898E+000  0.69434087E+001  0.46553465E+002  0.11381835E+003  0.30128818E+003  0.59149690E+003
  0.00000000E+000  0.00000000E+000  0.00000000E+000  0.00000000E+000  0.42174685E-001  0.36748893E+000  0.69434049E+001  0.46553406E+002  0.11381818E+003  0.30128750E+003  0.59149588E+003
  0.00000000E+000  0.00000000E+000  0.00000000E+000  0.00000000E+000  0.42174676E-001  0.36748888E+000  0.69434013E+001  0.46553349E+002  0.11381801E+003  0.30128683E+003  0.59149484E+003
  0.00000000E+000  0.00000000E+000  0.00000000E+000  0.00000000E+000  0.42174667E-001  0.36748882E+000  0.69433980E+001  0.46553293E+002  0.11381785E+003  0.30128616E+003  0.59149378E+003
  0.00000000E+000  0.00000000E+000  0.00000000E+000  0.00000000E+000  0.42174659E-001  0.36748877E+000  0.69433950E+001  0.46553239E+002  0.11381769E+003  0.30128551E+003  0.59149270E+003
  0.00000000E+000  0.00000000E+000  0.00000000E+000  0.00000000E+000  0.42174651E-001  0.36748872E+000  0.69433921E+001  0.46553187E+002  0.11381753E+003  0.30128486E+003  0.59149160E+003
  0.00000000E+000  0.00000000E+000  0.00000000E+000  0.00000000E+000  0.42174644E-001  0.36748867E+000  0.69433895E+001  0.46553137E+002  0.11381738E+003  0.30128423E+003  0.59149049E+003
  0.00000000E+000  0.00000000E+000  0.00000000E+000  0.00000000E+000  0.42174637E-001  0.36748862E+000  0.69433870E+001  0.46553088E+002  0.11381723E+003  0.30128360E+003  0.59148936E+003
  0.00000000E+000  0.00000000E+000  0.00000000E+000  0.00000000E+000  0.42174631E-001  0.36748857E+000  0.69433847E+001  0.46553041E+002  0.11381708E+003  0.30128299E+003  0.59148822E+003
  0.00000000E+000  0.00000000E+000  0.00000000E+000  0.00000000E+000  0.42174625E-001  0.36748852E+000  0.69433825E+001  0.46552996E+002  0.11381694E+003  0.30128239E+003  0.59148708E+003
  0.00000000E+000  0.00000000E+000  0.00000000E+000  0.00000000E+000  0.42174620E-001  0.36748848E+000  0.69433805E+001  0.46552953E+002  0.11381681E+003  0.30128179E+003  0.59148593E+003
  0.00000000E+000  0.00000000E+000  0.00000000E+000  0.00000000E+000  0.42174615E-001  0.36748844E+000  0.69433786E+001  0.46552911E+002  0.11381667E+003  0.30128121E+003  0.59148478E+003
  0.00000000E+000  0.00000000E+000  0.00000000E+000  0.00000000E+000  0.42174611E-001  0.36748839E+000  0.69433768E+001  0.46552871E+002  0.11381654E+003  0.30128064E+003  0.59148363E+003
  0.00000000E+000  0.00000000E+000  0.00000000E+000  0.00000000E+000  0.42174607E-001  0.36748836E+000  0.69433752E+001  0.46552833E+002  0.11381642E+003  0.30128009E+003  0.59148247E+003
  0.00000000E+000  0.00000000E+000  0.00000000E+000  0.00000000E+000  0.42174604E-001  0.36748832E+000  0.69433736E+001  0.46552797E+002  0.11381630E+003  0.30127954E+003  0.59148133E+003
  0.00000000E+000  0.00000000E+000  0.00000000E+000  0.00000000E+000  0.42174601E-001  0.36748828E+000  0.69433722E+001  0.46552762E+002  0.11381618E+003  0.30127901E+003  0.59148018E+003
  0.00000000E+000  0.00000000E+000  0.00000000E+000  0.00000000E+000  0.42174598E-001  0.36748825E+000  0.69433708E+001  0.46552729E+002  0.11381607E+003  0.30127849E+003  0.59147904E+003
  0.00000000E+000  0.00000000E+000  0.00000000E+000  0.00000000E+000  0.42174596E-001  0.36748822E+000  0.69433696E+001  0.46552697E+002  0.11381595E+003  0.30127798E+003  0.59147791E+003
  0.00000000E+000  0.00000000E+000  0.00000000E+000  0.00000000E+000  0.42174594E-001  0.36748819E+000  0.69433684E+001  0.46552667E+002  0.11381585E+003  0.30127748E+003  0.59147679E+003
  0.00000000E+000  0.00000000E+000  0.00000000E+000  0.00000000E+000  0.42174593E-001  0.36748817E+000  0.69433673E+001  0.46552639E+002  0.11381574E+003  0.30127699E+003  0.59147568E+003
  0.00000000E+000  0.00000000E+000  0.00000000E+000  0.00000000E+000  0.42174592E-001  0.36748814E+000  0.69433662E+001  0.46552612E+002  0.11381564E+003  0.30127652E+003  0.59147458E+003
  0.00000000E+000  0.00000000E+000  0.00000000E+000  0.00000000E+000  0.42174591E-001  0.36748812E+000  0.69433653E+001  0.46552586E+002  0.11381555E+003  0.30127606E+003  0.59147350E+003
  0.00000000E+000  0.00000000E+000  0.00000000E+000  0.00000000E+000  0.42174590E-001  0.36748810E+000  0.69433643E+001  0.46552562E+002  0.11381545E+003  0.30127561E+003  0.59147242E+003
  0.00000000E+000  0.00000000E+000  0.00000000E+000  0.00000000E+000  0.42174590E-001  0.36748809E+000  0.69433635E+001  0.46552539E+002  0.11381537E+003  0.30127517E+003  0.59147137E+003
  0.00000000E+000  0.00000000E+000  0.00000000E+000  0.00000000E+000  0.42174590E-001  0.36748807E+000  0.69433627E+001  0.46552517E+002  0.11381528E+003  0.30127475E+003  0.59147033E+003
  0.00000000E+000  0.00000000E+000  0.00000000E+000  0.00000000E+000  0.42174590E-001  0.36748806E+000  0.69433620E+001  0.46552496E+002  0.11381520E+003  0.30127433E+003  0.59146930E+003
  0.00000000E+000  0.00000000E+000  0.00000000E+000  0.00000000E+000  0.42174590E-001  0.36748805E+000  0.69433613E+001  0.46552477E+002  0.11381512E+003  0.30127393E+003  0.59146830E+003
  0.00000000E+000  0.00000000E+000  0.00000000E+000  0.00000000E+000  0.42174590E-001  0.36748804E+000  0.69433606E+001  0.46552459E+002  0.11381504E+003  0.30127354E+003  0.59146731E+003
  0.00000000E+000  0.00000000E+000  0.00000000E+000  0.00000000E+000  0.42174591E-001  0.36748803E+000  0.69433600E+001  0.46552441E+002  0.11381497E+003  0.30127316E+003  0.59146634E+003
  0.00000000E+000  0.00000000E+000  0.00000000E+000  0.00000000E+000  0.42174591E-001  0.36748802E+000  0.69433595E+001  0.46552425E+002  0.11381490E+003  0.30127279E+003  0.59146539E+003
  0.00000000E+000  0.00000000E+000  0.00000000E+000  0.00000000E+000  0.42174592E-001  0.36748802E+000  0.69433590E+001  0.46552410E+002  0.11381483E+003  0.30127244E+003  0.59146445E+003
  0.00000000E+000  0.00000000E+000  0.00000000E+000  0.00000000E+000  0.42174593E-001  0.36748801E+000  0.69433585E+001  0.46552396E+002  0.11381477E+003  0.30127209E+003  0.59146354E+003
  0.00000000E+000  0.00000000E+000  0.00000000E+000  0.00000000E+000  0.42174594E-001  0.36748801E+000  0.69433581E+001  0.46552383E+002  0.11381470E+003  0.30127175E+003  0.59146265E+003
  0.00000000E+000  0.00000000E+000  0.00000000E+000  0.00000000E+000  0.42174595E-001  0.36748801E+000  0.69433577E+001  0.46552370E+002  0.11381465E+003  0.30127143E+003  0.59146178E+003
