 -0.93136838E+000 -0.83200798E+000 -0.54954850E+000 -0.18462065E+000 -0.52196989E-002  0.96542082E-003  0.91442160E+000  0.45470511E+001  0.88191833E+001  0.15860427E+002  0.21714189E+002
 -0.93047969E+000 -0.83070022E+000 -0.54719034E+000 -0.18139127E+000 -0.36426082E-002  0.11131250E-002  0.91818311E+000  0.45530391E+001  0.88259110E+001  0.15873449E+002  0.21725885E+002
 -0.92988438E+000 -0.82975565E+000 -0.54538450E+000 -0.17895098E+000 -0.31599379E-002  0.12171909E-002  0.92103331E+000  0.45578696E+001  0.88314064E+001  0.15884074E+002  0.21735385E+002
 -0.92949682E+000 -0.82908803E+000 -0.54401187E+000 -0.17712544E+000 -0.31979919E-002  0.13158887E-002  0.92318404E+000  0.45617571E+001  0.88359101E+001  0.15892741E+002  0.21743106E+002
 -0.92925083E+000 -0.82862940E+000 -0.54297834E+000 -0.17578247E+000 -0.34030388E-002  0.12073987E-002  0.92480419E+000  0.45648765E+001  0.88396102E+001  0.15899768E+002  0.21749422E+002
 -0.92910181E+000 -0.82832695E+000 -0.54221343E+000 -0.17482150E+000 -0.36511517E-002  0.11321284E-002  0.92601707E+000  0.45673514E+001  0.88426473E+001  0.15905451E+002  0.21754604E+002
 -0.92901833E+000 -0.82814011E+000 -0.54166235E+000 -0.17416256E+000 -0.38962839E-002  0.11212047E-002  0.92691272E+000  0.45692837E+001  0.88451347E+001  0.15910041E+002  0.21758861E+002
 -0.92897955E+000 -0.82803834E+000 -0.54128266E+000 -0.17374210E+000 -0.41091778E-002  0.11095420E-002  0.92755754E+000  0.45707637E+001  0.88471567E+001  0.15913734E+002  0.21762356E+002
 -0.92897133E+000 -0.82799934E+000 -0.54104216E+000 -0.17351099E+000 -0.42846940E-002  0.10974520E-002  0.92800141E+000  0.45718668E+001  0.88491111E+001  0.15916681E+002  0.21765216E+002
 -0.92898414E+000 -0.82800668E+000 -0.54091350E+000 -0.17343030E+000 -0.44306334E-002  0.10855122E-002  0.92828339E+000  0.45726600E+001  0.88506836E+001  0.15919010E+002  0.21767545E+002
 -0.92901186E+000 -0.82804804E+000 -0.54087490E+000 -0.17346953E+000 -0.45499743E-002  0.10740602E-002  0.92843356E+000  0.45731987E+001  0.88518912E+001  0.15920828E+002  0.21769426E+002
 -0.92904987E+000 -0.82811338E+000 -0.54090730E+000 -0.17360226E+000 -0.46465244E-002  0.10633830E-002  0.92847762E+000  0.45735312E+001  0.88527848E+001  0.15922215E+002  0.21770932E+002
 -0.92909571E+000 -0.82819622E+000 -0.54099706E+000 -0.17380983E+000 -0.47263443E-002  0.10535621E-002  0.92843365E+000  0.45736934E+001  0.88534046E+001  0.15923232E+002  0.21772115E+002
 -0.92914703E+000 -0.82829089E+000 -0.54113189E+000 -0.17407467E+000 -0.47914332E-002  0.10447140E-002  0.92831877E+000  0.45737180E+001  0.88537908E+001  0.15923935E+002  0.21773024E+002
 -0.92920237E+000 -0.82839384E+000 -0.54130216E+000 -0.17438387E+000 -0.48452480E-002  0.10367802E-002  0.92814565E+000  0.45736286E+001  0.88539757E+001  0.15924365E+002  0.21773698E+002
 -0.92926050E+000 -0.82850191E+000 -0.54149931E+000 -0.17472583E+000 -0.48899541E-002  0.10297417E-002  0.92792582E+000  0.45734453E+001  0.88539899E+001  0.15924562E+002  0.21774170E+002
 -0.92932068E+000 -0.82861290E+000 -0.54171677E+000 -0.17509182E+000 -0.49278993E-002  0.10234905E-002  0.92766818E+000  0.45731837E+001  0.88538588E+001  0.15924555E+002  0.21774467E+002
 -0.92938216E+000 -0.82872510E+000 -0.54194890E+000 -0.17547432E+000 -0.49605244E-002  0.10179582E-002  0.92738057E+000  0.45728569E+001  0.88536054E+001  0.15924370E+002  0.21774612E+002
 -0.92944450E+000 -0.82883747E+000 -0.54219151E+000 -0.17586775E+000 -0.49892808E-002  0.10130223E-002  0.92706896E+000  0.45724748E+001  0.88532485E+001  0.15924028E+002  0.21774623E+002
 -0.92950715E+000 -0.82894899E+000 -0.54244071E+000 -0.17626679E+000 -0.50146630E-002  0.10086333E-002  0.92673909E+000  0.45720466E+001  0.88528059E+001  0.15923547E+002  0.21774516E+002
 -0.92956985E+000 -0.82905914E+000 -0.54269376E+000 -0.17666774E+000 -0.50375170E-002  0.10046887E-002  0.92639514E+000  0.45715793E+001  0.88522915E+001  0.15922941E+002  0.21774305E+002
 -0.92963230E+000 -0.82916743E+000 -0.54294823E+000 -0.17706716E+000 -0.50581626E-002  0.10011377E-002  0.92604098E+000  0.45710792E+001  0.88517179E+001  0.15922224E+002  0.21774000E+002
 -0.92969423E+000 -0.82927352E+000 -0.54320216E+000 -0.17746223E+000 -0.50768407E-002  0.99793595E-003  0.92567988E+000  0.45705520E+001  0.88510956E+001  0.15921407E+002  0.21773610E+002
 -0.92975554E+000 -0.82937730E+000 -0.54345417E+000 -0.17785091E+000 -0.50939060E-002  0.99502352E-003  0.92531427E+000  0.45700021E+001  0.88504328E+001  0.15920497E+002  0.21773142E+002
 -0.92981607E+000 -0.82947865E+000 -0.54370309E+000 -0.17823136E+000 -0.51094821E-002  0.99236905E-003  0.92494636E+000  0.45694338E+001  0.88497367E+001  0.15919504E+002  0.21772602E+002
 -0.92987572E+000 -0.82957749E+000 -0.54394798E+000 -0.17860207E+000 -0.51236536E-002  0.98994828E-003  0.92457800E+000  0.45688509E+001  0.88490127E+001  0.15918434E+002  0.21771993E+002
 -0.92993443E+000 -0.82967387E+000 -0.54418821E+000 -0.17896192E+000 -0.51365742E-002  0.98773006E-003  0.92421059E+000  0.45682565E+001  0.88482652E+001  0.15917294E+002  0.21771319E+002
 -0.92999213E+000 -0.82976780E+000 -0.54442328E+000 -0.17930993E+000 -0.51478269E-002  0.98574628E-003  0.92384538E+000  0.45676538E+001  0.88474973E+001  0.15916089E+002  0.21770582E+002
 -0.93004877E+000 -0.82985934E+000 -0.54465283E+000 -0.17964537E+000 -0.51573364E-002  0.98399665E-003  0.92348334E+000  0.45670453E+001  0.88468250E+001  0.15914826E+002  0.21769783E+002
 -0.93010432E+000 -0.82994854E+000 -0.54487665E+000 -0.17996768E+000 -0.51653718E-002  0.98244733E-003  0.92312527E+000  0.45664334E+001  0.88461712E+001  0.15913509E+002  0.21768923E+002
 -0.93015878E+000 -0.83003550E+000 -0.54509460E+000 -0.18027647E+000 -0.51721793E-002  0.98106743E-003  0.92277177E+000  0.45658202E+001  0.88455049E+001  0.15912146E+002  0.21768002E+002
 -0.93021212E+000 -0.83012027E+000 -0.54530663E+000 -0.18057146E+000 -0.51779521E-002  0.97983314E-003  0.92242336E+000  0.45652073E+001  0.88448266E+001  0.15910741E+002  0.21767020E+002
 -0.93026434E+000 -0.83020296E+000 -0.54551275E+000 -0.18085254E+000 -0.51828701E-002  0.97872196E-003  0.92208043E+000  0.45645964E+001  0.88441367E+001  0.15909301E+002  0.21765975E+002
 -0.93031542E+000 -0.83028364E+000 -0.54571303E+000 -0.18111969E+000 -0.51870782E-002  0.97771583E-003  0.92174327E+000  0.45639887E+001  0.88434351E+001  0.15907831E+002  0.21764867E+002
 -0.93036536E+000 -0.83036240E+000 -0.54590755E+000 -0.18137301E+000 -0.51907014E-002  0.97679901E-003  0.92141212E+000  0.45633851E+001  0.88427220E+001  0.15906338E+002  0.21763696E+002
 -0.93041416E+000 -0.83043929E+000 -0.54609641E+000 -0.18161267E+000 -0.51938328E-002  0.97595996E-003  0.92108717E+000  0.45627865E+001  0.88419977E+001  0.15904827E+002  0.21762460E+002
 -0.93046181E+000 -0.83051439E+000 -0.54627976E+000 -0.18183895E+000 -0.51965663E-002  0.97518656E-003  0.92076856E+000  0.45621936E+001  0.88412623E+001  0.15903305E+002  0.21761161E+002
 -0.93050833E+000 -0.83058776E+000 -0.54645770E+000 -0.18205217E+000 -0.51989598E-002  0.97447166E-003  0.92045643E+000  0.45616067E+001  0.88405165E+001  0.15901776E+002  0.21759799E+002
 -0.93055370E+000 -0.83065943E+000 -0.54663038E+000 -0.18225275E+000 -0.52010816E-002  0.97380624E-003  0.92015088E+000  0.45610263E+001  0.88397608E+001  0.15900245E+002  0.21758376E+002
 -0.93059793E+000 -0.83072945E+000 -0.54679789E+000 -0.18244113E+000 -0.52029676E-002  0.97318586E-003  0.91985202E+000  0.45604526E+001  0.88389962E+001  0.15898716E+002  0.21756893E+002
 -0.93064102E+000 -0.83079784E+000 -0.54696036E+000 -0.18261780E+000 -0.52046599E-002  0.97260491E-003  0.91955997E+000  0.45598858E+001  0.88382241E+001  0.15897193E+002  0.21755354E+002
 -0.93068296E+000 -0.83086461E+000 -0.54711784E+000 -0.18278329E+000 -0.52061881E-002  0.97205951E-003  0.91927482E+000  0.45593261E+001  0.88374459E+001  0.15895678E+002  0.21753764E+002
 -0.93072376E+000 -0.83092977E+000 -0.54727042E+000 -0.18293811E+000 -0.52075756E-002  0.97154655E-003  0.91899671E+000  0.45587736E+001  0.88366634E+001  0.15894175E+002  0.21752128E+002
 -0.93076339E+000 -0.83099331E+000 -0.54741813E+000 -0.18308280E+000 -0.52088410E-002  0.97106353E-003  0.91872578E+000  0.45582284E+001  0.88358785E+001  0.15892683E+002  0.21750453E+002
 -0.93080186E+000 -0.83105521E+000 -0.54756099E+000 -0.18321789E+000 -0.52099964E-002  0.97060884E-003  0.91846216E+000  0.45576908E+001  0.88350934E+001  0.15891205E+002  0.21748744E+002
 -0.93083916E+000 -0.83111546E+000 -0.54769901E+000 -0.18334394E+000 -0.52110650E-002  0.97017907E-003  0.91820597E+000  0.45571610E+001  0.88343103E+001  0.15889741E+002  0.21747012E+002
 -0.93087527E+000 -0.83117401E+000 -0.54783218E+000 -0.18346144E+000 -0.52120519E-002  0.96977353E-003  0.91795738E+000  0.45566391E+001  0.88335313E+001  0.15888291E+002  0.21745262E+002
 -0.93091017E+000 -0.83123082E+000 -0.54796045E+000 -0.18357087E+000 -0.52129588E-002  0.96939202E-003  0.91771657E+000  0.45561256E+001  0.88327589E+001  0.15886856E+002  0.21743504E+002
 -0.93094386E+000 -0.83128585E+000 -0.54808379E+000 -0.18367270E+000 -0.52138038E-002  0.96903169E-003  0.91748366E+000  0.45556208E+001  0.88319951E+001  0.15885436E+002  0.21741746E+002
 -0.93097630E+000 -0.83133905E+000 -0.54820215E+000 -0.18376736E+000 -0.52145797E-002  0.96869363E-003  0.91725884E+000  0.45551250E+001  0.88312420E+001  0.15884030E+002  0.21739997E+002
 -0.93100749E+000 -0.83139036E+000 -0.54831549E+000 -0.18385528E+000 -0.52153033E-002  0.96837513E-003  0.91704222E+000  0.45546387E+001  0.88305014E+001  0.15882640E+002  0.21738263E+002
 -0.93103741E+000 -0.83143974E+000 -0.54842373E+000 -0.18393683E+000 -0.52159715E-002  0.96807652E-003  0.91683395E+000  0.45541623E+001  0.88297749E+001  0.15881265E+002  0.21736553E+002
 -0.93106603E+000 -0.83148713E+000 -0.54852684E+000 -0.18401237E+000 -0.52165875E-002  0.96779713E-003  0.91663415E+000  0.45536962E+001  0.88290641E+001  0.15879909E+002  0.21734873E+002
 -0.93109335E+000 -0.83153249E+000 -0.54862477E+000 -0.18408224E+000 -0.52171565E-002  0.96753594E-003  0.91644291E+000  0.45532408E+001  0.88283700E+001  0.15878570E+002  0.21733229E+002
 -0.93111936E+000 -0.83157577E+000 -0.54871751E+000 -0.18414676E+000 -0.52176820E-002  0.96729213E-003  0.91626030E+000  0.45527966E+001  0.88276937E+001  0.15877253E+002  0.21731627E+002
 -0.93114403E+000 -0.83161694E+000 -0.54880503E+000 -0.18420623E+000 -0.52181631E-002  0.96706559E-003  0.91608637E+000  0.45523641E+001  0.88270361E+001  0.15875957E+002  0.21730072E+002
 -0.93116737E+000 -0.83165596E+000 -0.54888734E+000 -0.18426092E+000 -0.52186031E-002  0.96685547E-003  0.91592113E+000  0.45519437E+001  0.88263978E+001  0.15874688E+002  0.21728567E+002
 -0.93118937E+000 -0.83169284E+000 -0.54896448E+000 -0.18431112E+000 -0.52190073E-002  0.96666063E-003  0.91576457E+000  0.45515357E+001  0.88257796E+001  0.15873445E+002  0.21727118E+002
 -0.93121004E+000 -0.83172754E+000 -0.54903648E+000 -0.18435707E+000 -0.52193724E-002  0.96648120E-003  0.91561663E+000  0.45511407E+001  0.88251818E+001  0.15872234E+002  0.21725726E+002
 -0.93122938E+000 -0.83176008E+000 -0.54910342E+000 -0.18439902E+000 -0.52197046E-002  0.96631587E-003  0.91547724E+000  0.45507589E+001  0.88246051E+001  0.15871057E+002  0.21724396E+002
 -0.93124742E+000 -0.83179046E+000 -0.54916539E+000 -0.18443720E+000 -0.52200046E-002  0.96616411E-003  0.91534626E+000  0.45503908E+001  0.88240497E+001  0.15869917E+002  0.21723129E+002
 -0.93126415E+000 -0.83181871E+000 -0.54922249E+000 -0.18447183E+000 -0.52202718E-002  0.96602567E-003  0.91522356E+000  0.45500367E+001  0.88235164E+001  0.15868818E+002  0.21721929E+002
 -0.93127962E+000 -0.83184487E+000 -0.54927487E+000 -0.18450312E+000 -0.52205107E-002  0.96589938E-003  0.91510896E+000  0.45496971E+001  0.88230055E+001  0.15867763E+002  0.21720795E+002
 -0.93129384E+000 -0.83186898E+000 -0.54932268E+000 -0.18453130E+000 -0.52207231E-002  0.96578461E-003  0.91500223E+000  0.45493723E+001  0.88225176E+001  0.15866755E+002  0.21719731E+002
 -0.93130685E+000 -0.83189109E+000 -0.54936608E+000 -0.18455653E+000 -0.52209076E-002  0.96568114E-003  0.91490317E+000  0.45490625E+001  0.88220532E+001  0.15865796E+002  0.21718738E+002
 -0.93131870E+000 -0.83191127E+000 -0.54940525E+000 -0.18457903E+000 -0.52210684E-002  0.96558794E-003  0.91481151E+000  0.45487682E+001  0.88216128E+001  0.15864890E+002  0.21717815E+002
 -0.93132942E+000 -0.83192958E+000 -0.54944040E+000 -0.18459898E+000 -0.52212059E-002  0.96550453E-003  0.91472700E+000  0.45484897E+001  0.88211970E+001  0.15864039E+002  0.21716963E+002
 -0.93133906E+000 -0.83194611E+000 -0.54947174E+000 -0.18461654E+000 -0.52213221E-002  0.96543024E-003  0.91464937E+000  0.45482271E+001  0.88208062E+001  0.15863245E+002  0.21716183E+002
 -0.93134767E+000 -0.83196093E+000 -0.54949948E+000 -0.18463189E+000 -0.52214177E-002  0.96536457E-003  0.91457834E+000  0.45479809E+001  0.88204410E+001  0.15862509E+002  0.21715472E+002
 -0.93135530E+000 -0.83197415E+000 -0.54952384E+000 -0.18464519E+000 -0.52214944E-002  0.96530691E-003  0.91451363E+000  0.45477511E+001  0.88201016E+001  0.15861833E+002  0.21714831E+002
 -0.93136202E+000 -0.83198583E+000 -0.54954504E+000 -0.18465659E+000 -0.52215537E-002  0.96525667E-003  0.91445498E+000  0.45475380E+001  0.88197883E+001  0.15861216E+002  0.21714258E+002
 -0.93136787E+000 -0.83199609E+000 -0.54956330E+000 -0.18466624E+000 -0.52215956E-002  0.96521356E-003  0.91440212E+000  0.45473416E+001  0.88195013E+001  0.15860659E+002  0.21713751E+002
 -0.93137291E+000 -0.83200502E+000 -0.54957886E+000 -0.18467428E+000 -0.52216229E-002  0.96517682E-003  0.91435478E+000  0.45471620E+001  0.88192406E+001  0.15860161E+002  0.21713308E+002
 -0.93137720E+000 -0.83201270E+000 -0.54959192E+000 -0.18468085E+000 -0.52216356E-002  0.96514616E-003  0.91431271E+000  0.45469991E+001  0.88190059E+001  0.15859721E+002  0.21712925E+002
 -0.93138080E+000 -0.83201924E+000 -0.54960271E+000 -0.18468607E+000 -0.52216358E-002  0.96512102E-003  0.91427566E+000  0.45468528E+001  0.88187970E+001  0.15859338E+002  0.21712600E+002
 -0.93138377E+000 -0.83202472E+000 -0.54961142E+000 -0.18469006E+000 -0.52216229E-002  0.96510122E-003  0.91424339E+000  0.45467228E+001  0.88186134E+001  0.15859010E+002  0.21712329E+002
 -0.93138617E+000 -0.83202923E+000 -0.54961827E+000 -0.18469295E+000 -0.52216006E-002  0.96508593E-003  0.91421565E+000  0.45466088E+001  0.88184543E+001  0.15858733E+002  0.21712109E+002
 -0.93138806E+000 -0.83203287E+000 -0.54962344E+000 -0.18469484E+000 -0.52215673E-002  0.96507521E-003  0.91419221E+000  0.45465104E+001  0.88183189E+001  0.15858506E+002  0.21711936E+002
 -0.93138949E+000 -0.83203572E+000 -0.54962712E+000 -0.18469585E+000 -0.52215263E-002  0.96506834E-003  0.91417283E+000  0.45464269E+001  0.88182061E+001  0.15858325E+002  0.21711806E+002
 -0.93139050E+000 -0.83203786E+000 -0.54962948E+000 -0.18469606E+000 -0.52214775E-002  0.96506513E-003  0.91415726E+000  0.45463578E+001  0.88181147E+001  0.15858186E+002  0.21711715E+002
 -0.93139115E+000 -0.83203937E+000 -0.54963068E+000 -0.18469559E+000 -0.52214218E-002  0.96506526E-003  0.91414527E+000  0.45463023E+001  0.88180435E+001  0.15858087E+002  0.21711659E+002
 -0.93139147E+000 -0.83204033E+000 -0.54963088E+000 -0.18469451E+000 -0.52213614E-002  0.96506819E-003  0.91413660E+000  0.45462595E+001  0.88179910E+001  0.15858023E+002  0.21711635E+002
 -0.93139152E+000 -0.83204080E+000 -0.54963023E+000 -0.18469293E+000 -0.52212963E-002  0.96507374E-003  0.91413099E+000  0.45462287E+001  0.88179556E+001  0.15857991E+002  0.21711638E+002
 -0.93139132E+000 -0.83204086E+000 -0.54962884E+000 -0.18469090E+000 -0.52212271E-002  0.96508169E-003  0.91412821E+000  0.45462087E+001  0.88179358E+001  0.15857987E+002  0.21711664E+002
 -0.93139092E+000 -0.83204056E+000 -0.54962685E+000 -0.18468851E+000 -0.52211563E-002  0.96509141E-003  0.91412797E+000  0.45461986E+001  0.88179300E+001  0.15858006E+002  0.21711710E+002
 -0.93139036E+000 -0.83203996E+000 -0.54962436E+000 -0.18468583E+000 -0.52210830E-002  0.96510293E-003  0.91413001E+000  0.45461974E+001  0.88179365E+001  0.15858047E+002  0.21711774E+002
 -0.93138965E+000 -0.83203912E+000 -0.54962147E+000 -0.18468291E+000 -0.52210087E-002  0.96511583E-003  0.91413409E+000  0.45462040E+001  0.88179537E+001  0.15858105E+002  0.21711851E+002
 -0.93138884E+000 -0.83203807E+000 -0.54961828E+000 -0.18467983E+000 -0.52209341E-002  0.96512984E-003  0.91413992E+000  0.45462174E+001  0.88179800E+001  0.15858177E+002  0.21711938E+002
 -0.93138794E+000 -0.83203686E+000 -0.54961486E+000 -0.18467662E+000 -0.52208601E-002  0.96514467E-003  0.91414726E+000  0.45462366E+001  0.88180140E+001  0.15858261E+002  0.21712035E+002
 -0.93138698E+000 -0.83203552E+000 -0.54961128E+000 -0.18467334E+000 -0.52207865E-002  0.96516020E-003  0.91415587E+000  0.45462607E+001  0.88180543E+001  0.15858353E+002  0.21712137E+002
 -0.93138597E+000 -0.83203410E+000 -0.54960760E+000 -0.18467002E+000 -0.52207142E-002  0.96517617E-003  0.91416550E+000  0.45462887E+001  0.88180995E+001  0.15858452E+002  0.21712243E+002
 -0.93138495E+000 -0.83203262E+000 -0.54960388E+000 -0.18466670E+000 -0.52206437E-002  0.96519234E-003  0.91417594E+000  0.45463197E+001  0.88181484E+001  0.15858555E+002  0.21712351E+002
 -0.93138391E+000 -0.83203110E+000 -0.54960016E+000 -0.18466341E+000 -0.52205750E-002  0.96520860E-003  0.91418697E+000  0.45463531E+001  0.88181999E+001  0.15858660E+002  0.21712460E+002
 -0.93138287E+000 -0.83202958E+000 -0.54959649E+000 -0.18466017E+000 -0.52205086E-002  0.96522474E-003  0.91419841E+000  0.45463880E+001  0.88182530E+001  0.15858766E+002  0.21712568E+002
 -0.93138184E+000 -0.83202805E+000 -0.54959288E+000 -0.18465702E+000 -0.52204446E-002  0.96524068E-003  0.91421007E+000  0.45464239E+001  0.88183069E+001  0.15858871E+002  0.21712674E+002
 -0.93138084E+000 -0.83202655E+000 -0.54958938E+000 -0.18465397E+000 -0.52203836E-002  0.96525619E-003  0.91422181E+000  0.45464602E+001  0.88183608E+001  0.15858975E+002  0.21712778E+002
 -0.93137986E+000 -0.83202508E+000 -0.54958599E+000 -0.18465102E+000 -0.52203247E-002  0.96527136E-003  0.91423350E+000  0.45464964E+001  0.88184141E+001  0.15859076E+002  0.21712878E+002
 -0.93137892E+000 -0.83202366E+000 -0.54958274E+000 -0.18464820E+000 -0.52202695E-002  0.96528585E-003  0.91424501E+000  0.45465322E+001  0.88184663E+001  0.15859173E+002  0.21712975E+002
 -0.93137802E+000 -0.83202228E+000 -0.54957963E+000 -0.18464550E+000 -0.52202163E-002  0.96529987E-003  0.91425626E+000  0.45465671E+001  0.88185170E+001  0.15859267E+002  0.21713066E+002
 -0.93137715E+000 -0.83202097E+000 -0.54957668E+000 -0.18464295E+000 -0.52201666E-002  0.96531313E-003  0.91426715E+000  0.45466009E+001  0.88185658E+001  0.15859357E+002  0.21713154E+002
 -0.93137633E+000 -0.83201972E+000 -0.54957388E+000 -0.18464053E+000 -0.52201197E-002  0.96532572E-003  0.91427763E+000  0.45466334E+001  0.88186125E+001  0.15859442E+002  0.21713236E+002
 -0.93137556E+000 -0.83201853E+000 -0.54957125E+000 -0.18463826E+000 -0.52200754E-002  0.96533762E-003  0.91428766E+000  0.45466645E+001  0.88186569E+001  0.15859522E+002  0.21713314E+002
 -0.93137483E+000 -0.83201741E+000 -0.54956878E+000 -0.18463613E+000 -0.52200343E-002  0.96534873E-003  0.91429719E+000  0.45466939E+001  0.88186988E+001  0.15859597E+002  0.21713387E+002
 -0.93137414E+000 -0.83201636E+000 -0.54956647E+000 -0.18463414E+000 -0.52199957E-002  0.96535913E-003  0.91430620E+000  0.45467218E+001  0.88187383E+001  0.15859668E+002  0.21713455E+002
 -0.93137350E+000 -0.83201537E+000 -0.54956433E+000 -0.18463228E+000 -0.52199599E-002  0.96536878E-003  0.91431469E+000  0.45467480E+001  0.88187753E+001  0.15859734E+002  0.21713518E+002
 -0.93137290E+000 -0.83201446E+000 -0.54956233E+000 -0.18463056E+000 -0.52199266E-002  0.96537770E-003  0.91432265E+000  0.45467724E+001  0.88188098E+001  0.15859795E+002  0.21713577E+002
 -0.93137235E+000 -0.83201360E+000 -0.54956049E+000 -0.18462897E+000 -0.52198959E-002  0.96538590E-003  0.91433009E+000  0.45467953E+001  0.88188418E+001  0.15859851E+002  0.21713631E+002
 -0.93137184E+000 -0.83201281E+000 -0.54955878E+000 -0.18462751E+000 -0.52198676E-002  0.96539343E-003  0.91433702E+000  0.45468164E+001  0.88188715E+001  0.15859904E+002  0.21713681E+002
 -0.93137136E+000 -0.83201209E+000 -0.54955722E+000 -0.18462616E+000 -0.52198415E-002  0.96540030E-003  0.91434344E+000  0.45468361E+001  0.88188990E+001  0.15859952E+002  0.21713728E+002
 -0.93137093E+000 -0.83201142E+000 -0.54955578E+000 -0.18462493E+000 -0.52198177E-002  0.96540652E-003  0.91434940E+000  0.45468542E+001  0.88189242E+001  0.15859996E+002  0.21713770E+002
 -0.93137053E+000 -0.83201081E+000 -0.54955447E+000 -0.18462380E+000 -0.52197959E-002  0.96541215E-003  0.91435490E+000  0.45468709E+001  0.88189475E+001  0.15860037E+002  0.21713809E+002
 -0.93137016E+000 -0.83201025E+000 -0.54955328E+000 -0.18462278E+000 -0.52197759E-002  0.96541724E-003  0.91435997E+000  0.45468862E+001  0.88189688E+001  0.15860074E+002  0.21713845E+002
 -0.93136983E+000 -0.83200974E+000 -0.54955220E+000 -0.18462186E+000 -0.52197579E-002  0.96542178E-003  0.91436463E+000  0.45469002E+001  0.88189882E+001  0.15860108E+002  0.21713877E+002
 -0.93136953E+000 -0.83200928E+000 -0.54955122E+000 -0.18462102E+000 -0.52197415E-002  0.96542584E-003  0.91436892E+000  0.45469130E+001  0.88190060E+001  0.15860139E+002  0.21713907E+002
 -0.93136925E+000 -0.83200886E+000 -0.54955033E+000 -0.18462027E+000 -0.52197269E-002  0.96542943E-003  0.91437286E+000  0.45469248E+001  0.88190222E+001  0.15860168E+002  0.21713934E+002
 -0.93136900E+000 -0.83200849E+000 -0.54954954E+000 -0.18461959E+000 -0.52197135E-002  0.96543263E-003  0.91437647E+000  0.45469355E+001  0.88190370E+001  0.15860193E+002  0.21713959E+002
 -0.93136878E+000 -0.83200815E+000 -0.54954883E+000 -0.18461900E+000 -0.52197018E-002  0.96543539E-003  0.91437978E+000  0.45469452E+001  0.88190504E+001  0.15860217E+002  0.21713981E+002
 -0.93136858E+000 -0.83200785E+000 -0.54954819E+000 -0.18461846E+000 -0.52196911E-002  0.96543784E-003  0.91438282E+000  0.45469541E+001  0.88190626E+001  0.15860238E+002  0.21714002E+002
 -0.93136841E+000 -0.83200759E+000 -0.54954763E+000 -0.18461800E+000 -0.52196817E-002  0.96543996E-003  0.91438560E+000  0.45469621E+001  0.88190736E+001  0.15860257E+002  0.21714020E+002
 -0.93136825E+000 -0.83200735E+000 -0.54954714E+000 -0.18461759E+000 -0.52196735E-002  0.96544177E-003  0.91438815E+000  0.45469694E+001  0.88190836E+001  0.15860274E+002  0.21714037E+002
 -0.93136811E+000 -0.83200715E+000 -0.54954670E+000 -0.18461723E+000 -0.52196662E-002  0.96544332E-003  0.91439049E+000  0.45469761E+001  0.88190926E+001  0.15860290E+002  0.21714052E+002
 -0.93136799E+000 -0.83200697E+000 -0.54954632E+000 -0.18461693E+000 -0.52196598E-002  0.96544462E-003  0.91439263E+000  0.45469821E+001  0.88191008E+001  0.15860304E+002  0.21714065E+002
 -0.93136788E+000 -0.83200681E+000 -0.54954600E+000 -0.18461666E+000 -0.52196542E-002  0.96544573E-003  0.91439460E+000  0.45469876E+001  0.88191082E+001  0.15860317E+002  0.21714077E+002
 -0.93136779E+000 -0.83200668E+000 -0.54954572E+000 -0.18461645E+000 -0.52196495E-002  0.96544662E-003  0.91439641E+000  0.45469925E+001  0.88191149E+001  0.15860329E+002  0.21714088E+002
 -0.93136772E+000 -0.83200657E+000 -0.54954548E+000 -0.18461627E+000 -0.52196454E-002  0.96544735E-003  0.91439808E+000  0.45469970E+001  0.88191209E+001  0.15860339E+002  0.21714098E+002
 -0.93136765E+000 -0.83200648E+000 -0.54954528E+000 -0.18461612E+000 -0.52196419E-002  0.96544793E-003  0.91439962E+000  0.45470011E+001  0.88191264E+001  0.15860348E+002  0.21714107E+002
 -0.93136760E+000 -0.83200640E+000 -0.54954512E+000 -0.18461601E+000 -0.52196391E-002  0.96544836E-003  0.91440104E+000  0.45470048E+001  0.88191313E+001  0.15860357E+002  0.21714115E+002
 -0.93136755E+000 -0.83200635E+000 -0.54954499E+000 -0.18461593E+000 -0.52196367E-002  0.96544867E-003  0.91440235E+000  0.45470082E+001  0.88191358E+001  0.15860364E+002  0.21714122E+002
 -0.93136752E+000 -0.83200630E+000 -0.54954489E+000 -0.18461587E+000 -0.52196349E-002  0.96544889E-003  0.91440357E+000  0.45470113E+001  0.88191398E+001  0.15860371E+002  0.21714129E+002
 -0.93136749E+000 -0.83200627E+000 -0.54954481E+000 -0.18461584E+000 -0.52196334E-002  0.96544900E-003  0.91440471E+000  0.45470141E+001  0.88191434E+001  0.15860377E+002  0.21714134E+002
 -0.93136747E+000 -0.83200625E+000 -0.54954476E+000 -0.18461583E+000 -0.52196323E-002  0.96544903E-003  0.91440576E+000  0.45470166E+001  0.88191467E+001  0.15860383E+002  0.21714140E+002
 -0.93136746E+000 -0.83200624E+000 -0.54954473E+000 -0.18461584E+000 -0.52196316E-002  0.96544898E-003  0.91440675E+000  0.45470190E+001  0.88191497E+001  0.15860388E+002  0.21714144E+002
 -0.93136745E+000 -0.83200623E+000 -0.54954472E+000 -0.18461587E+000 -0.52196312E-002  0.96544888E-003  0.91440767E+000  0.45470211E+001  0.88191524E+001  0.15860392E+002  0.21714148E+002
 -0.93136745E+000 -0.83200624E+000 -0.54954473E+000 -0.18461591E+000 -0.52196311E-002  0.96544870E-003  0.91440853E+000  0.45470231E+001  0.88191549E+001  0.15860396E+002  0.21714152E+002
 -0.93136745E+000 -0.83200625E+000 -0.54954475E+000 -0.18461597E+000 -0.52196312E-002  0.96544849E-003  0.91440934E+000  0.45470249E+001  0.88191571E+001  0.15860400E+002  0.21714155E+002
 -0.93136746E+000 -0.83200627E+000 -0.54954479E+000 -0.18461604E+000 -0.52196316E-002  0.96544822E-003  0.91441010E+000  0.45470265E+001  0.88191592E+001  0.15860403E+002  0.21714158E+002
 -0.93136747E+000 -0.83200630E+000 -0.54954484E+000 -0.18461612E+000 -0.52196322E-002  0.96544791E-003  0.91441082E+000  0.45470280E+001  0.88191610E+001  0.15860406E+002  0.21714160E+002
 -0.93136749E+000 -0.83200633E+000 -0.54954489E+000 -0.18461621E+000 -0.52196329E-002  0.96544758E-003  0.91441149E+000  0.45470294E+001  0.88191627E+001  0.15860409E+002  0.21714163E+002
 -0.93136750E+000 -0.83200636E+000 -0.54954496E+000 -0.18461630E+000 -0.52196338E-002  0.96544720E-003  0.91441214E+000  0.45470307E+001  0.88191643E+001  0.15860411E+002  0.21714165E+002
 -0.93136752E+000 -0.83200640E+000 -0.54954504E+000 -0.18461641E+000 -0.52196349E-002  0.96544680E-003  0.91441274E+000  0.45470319E+001  0.88191657E+001  0.15860413E+002  0.21714166E+002
 -0.93136754E+000 -0.83200644E+000 -0.54954512E+000 -0.18461652E+000 -0.52196361E-002  0.96544637E-003  0.91441332E+000  0.45470331E+001  0.88191670E+001  0.15860415E+002  0.21714168E+002
 -0.93136757E+000 -0.83200648E+000 -0.54954521E+000 -0.18461664E+000 -0.52196373E-002  0.96544592E-003  0.91441386E+000  0.45470341E+001  0.88191682E+001  0.15860417E+002  0.21714169E+002
 -0.93136759E+000 -0.83200653E+000 -0.54954530E+000 -0.18461676E+000 -0.52196388E-002  0.96544544E-003  0.91441438E+000  0.45470351E+001  0.88191693E+001  0.15860418E+002  0.21714171E+002
 -0.93136762E+000 -0.83200658E+000 -0.54954540E+000 -0.18461688E+000 -0.52196402E-002  0.96544495E-003  0.91441487E+000  0.45470360E+001  0.88191704E+001  0.15860420E+002  0.21714172E+002
 -0.93136764E+000 -0.83200663E+000 -0.54954550E+000 -0.18461701E+000 -0.52196418E-002  0.96544444E-003  0.91441534E+000  0.45470368E+001  0.88191713E+001  0.15860421E+002  0.21714173E+002
 -0.93136767E+000 -0.83200667E+000 -0.54954560E+000 -0.18461714E+000 -0.52196434E-002  0.96544391E-003  0.91441579E+000  0.45470376E+001  0.88191722E+001  0.15860422E+002  0.21714174E+002
 -0.93136770E+000 -0.83200672E+000 -0.54954570E+000 -0.18461726E+000 -0.52196451E-002  0.96544337E-003  0.91441622E+000  0.45470384E+001  0.88191730E+001  0.15860423E+002  0.21714174E+002
 -0.93136772E+000 -0.83200677E+000 -0.54954581E+000 -0.18461739E+000 -0.52196468E-002  0.96544282E-003  0.91441662E+000  0.45470391E+001  0.88191738E+001  0.15860424E+002  0.21714175E+002
 -0.93136775E+000 -0.83200682E+000 -0.54954592E+000 -0.18461752E+000 -0.52196486E-002  0.96544226E-003  0.91441701E+000  0.45470397E+001  0.88191745E+001  0.15860425E+002  0.21714175E+002
 -0.93136778E+000 -0.83200687E+000 -0.54954602E+000 -0.18461765E+000 -0.52196504E-002  0.96544168E-003  0.91441737E+000  0.45470403E+001  0.88191752E+001  0.15860426E+002  0.21714176E+002
 -0.93136781E+000 -0.83200692E+000 -0.54954613E+000 -0.18461778E+000 -0.52196521E-002  0.96544110E-003  0.91441772E+000  0.45470409E+001  0.88191758E+001  0.15860427E+002  0.21714176E+002
 -0.93136783E+000 -0.83200697E+000 -0.54954623E+000 -0.18461791E+000 -0.52196540E-002  0.96544051E-003  0.91441806E+000  0.45470415E+001  0.88191764E+001  0.15860427E+002  0.21714177E+002
 -0.93136786E+000 -0.83200702E+000 -0.54954634E+000 -0.18461803E+000 -0.52196558E-002  0.96543991E-003  0.91441837E+000  0.45470420E+001  0.88191769E+001  0.15860428E+002  0.21714177E+002
 -0.93136789E+000 -0.83200707E+000 -0.54954644E+000 -0.18461816E+000 -0.52196576E-002  0.96543931E-003  0.91441868E+000  0.45470425E+001  0.88191775E+001  0.15860429E+002  0.21714177E+002
 -0.93136791E+000 -0.83200711E+000 -0.54954654E+000 -0.18461828E+000 -0.52196594E-002  0.96543871E-003  0.91441896E+000  0.45470430E+001  0.88191779E+001  0.15860429E+002  0.21714178E+002
 -0.93136794E+000 -0.83200716E+000 -0.54954664E+000 -0.18461839E+000 -0.52196612E-002  0.96543810E-003  0.91441924E+000  0.45470434E+001  0.88191784E+001  0.15860430E+002  0.21714178E+002
 -0.93136796E+000 -0.83200720E+000 -0.54954674E+000 -0.18461851E+000 -0.52196630E-002  0.96543750E-003  0.91441950E+000  0.45470438E+001  0.88191788E+001  0.15860430E+002  0.21714178E+002
 -0.93136799E+000 -0.83200725E+000 -0.54954683E+000 -0.18461862E+000 -0.52196647E-002  0.96543690E-003  0.91441974E+000  0.45470442E+001  0.88191793E+001  0.15860431E+002  0.21714178E+002
 -0.93136801E+000 -0.83200729E+000 -0.54954692E+000 -0.18461873E+000 -0.52196665E-002  0.96543629E-003  0.91441998E+000  0.45470446E+001  0.88191796E+001  0.15860431E+002  0.21714178E+002
 -0.93136803E+000 -0.83200733E+000 -0.54954701E+000 -0.18461884E+000 -0.52196682E-002  0.96543569E-003  0.91442020E+000  0.45470450E+001  0.88191800E+001  0.15860431E+002  0.21714179E+002
 -0.93136805E+000 -0.83200737E+000 -0.54954710E+000 -0.18461894E+000 -0.52196698E-002  0.96543510E-003  0.91442041E+000  0.45470453E+001  0.88191804E+001  0.15860432E+002  0.21714179E+002
 -0.93136807E+000 -0.83200740E+000 -0.54954718E+000 -0.18461904E+000 -0.52196715E-002  0.96543451E-003  0.91442062E+000  0.45470456E+001  0.88191807E+001  0.15860432E+002  0.21714179E+002
 -0.93136809E+000 -0.83200744E+000 -0.54954726E+000 -0.18461913E+000 -0.52196731E-002  0.96543393E-003  0.91442081E+000  0.45470460E+001  0.88191810E+001  0.15860432E+002  0.21714179E+002
 -0.93136811E+000 -0.83200748E+000 -0.54954734E+000 -0.18461922E+000 -0.52196746E-002  0.96543336E-003  0.91442099E+000  0.45470463E+001  0.88191813E+001  0.15860433E+002  0.21714179E+002
 -0.93136813E+000 -0.83200751E+000 -0.54954742E+000 -0.18461931E+000 -0.52196761E-002  0.96543279E-003  0.91442116E+000  0.45470465E+001  0.88191816E+001  0.15860433E+002  0.21714179E+002
 -0.93136815E+000 -0.83200754E+000 -0.54954749E+000 -0.18461940E+000 -0.52196775E-002  0.96543224E-003  0.91442132E+000  0.45470468E+001  0.88191819E+001  0.15860433E+002  0.21714180E+002
 -0.93136817E+000 -0.83200757E+000 -0.54954756E+000 -0.18461948E+000 -0.52196789E-002  0.96543170E-003  0.91442147E+000  0.45470471E+001  0.88191821E+001  0.15860434E+002  0.21714180E+002
 -0.93136818E+000 -0.83200760E+000 -0.54954762E+000 -0.18461955E+000 -0.52196803E-002  0.96543117E-003  0.91442162E+000  0.45470473E+001  0.88191824E+001  0.15860434E+002  0.21714180E+002
 -0.93136820E+000 -0.83200763E+000 -0.54954769E+000 -0.18461963E+000 -0.52196815E-002  0.96543066E-003  0.91442176E+000  0.45470476E+001  0.88191826E+001  0.15860434E+002  0.21714180E+002
 -0.93136821E+000 -0.83200765E+000 -0.54954775E+000 -0.18461970E+000 -0.52196828E-002  0.96543016E-003  0.91442189E+000  0.45470478E+001  0.88191829E+001  0.15860434E+002  0.21714180E+002
 -0.93136823E+000 -0.83200768E+000 -0.54954780E+000 -0.18461976E+000 -0.52196840E-002  0.96542967E-003  0.91442201E+000  0.45470481E+001  0.88191831E+001  0.15860435E+002  0.21714180E+002
 -0.93136824E+000 -0.83200770E+000 -0.54954786E+000 -0.18461983E+000 -0.52196851E-002  0.96542920E-003  0.91442212E+000  0.45470483E+001  0.88191833E+001  0.15860435E+002  0.21714180E+002
 -0.93136825E+000 -0.83200773E+000 -0.54954791E+000 -0.18461989E+000 -0.52196861E-002  0.96542875E-003  0.91442223E+000  0.45470485E+001  0.88191835E+001  0.15860435E+002  0.21714181E+002
 -0.93136826E+000 -0.83200775E+000 -0.54954795E+000 -0.18461994E+000 -0.52196871E-002  0.96542831E-003  0.91442233E+000  0.45470487E+001  0.88191837E+001  0.15860435E+002  0.21714181E+002
 -0.93136827E+000 -0.83200777E+000 -0.54954800E+000 -0.18462000E+000 -0.52196881E-002  0.96542789E-003  0.91442243E+000  0.45470489E+001  0.88191839E+001  0.15860435E+002  0.21714181E+002
 -0.93136828E+000 -0.83200779E+000 -0.54954804E+000 -0.18462005E+000 -0.52196890E-002  0.96542748E-003  0.91442252E+000  0.45470491E+001  0.88191841E+001  0.15860436E+002  0.21714181E+002
 -0.93136829E+000 -0.83200780E+000 -0.54954808E+000 -0.18462009E+000 -0.52196898E-002  0.96542709E-003  0.91442260E+000  0.45470493E+001  0.88191842E+001  0.15860436E+002  0.21714181E+002
 -0.93136830E+000 -0.83200782E+000 -0.54954812E+000 -0.18462014E+000 -0.52196906E-002  0.96542672E-003  0.91442268E+000  0.45470494E+001  0.88191844E+001  0.15860436E+002  0.21714182E+002
 -0.93136831E+000 -0.83200783E+000 -0.54954815E+000 -0.18462018E+000 -0.52196914E-002  0.96542636E-003  0.91442275E+000  0.45470496E+001  0.88191846E+001  0.15860436E+002  0.21714182E+002
 -0.93136832E+000 -0.83200785E+000 -0.54954818E+000 -0.18462022E+000 -0.52196921E-002  0.96542602E-003  0.91442282E+000  0.45470498E+001  0.88191847E+001  0.15860436E+002  0.21714182E+002
 -0.93136832E+000 -0.83200786E+000 -0.54954821E+000 -0.18462025E+000 -0.52196927E-002  0.96542570E-003  0.91442288E+000  0.45470499E+001  0.88191849E+001  0.15860436E+002  0.21714182E+002
 -0.93136833E+000 -0.83200787E+000 -0.54954824E+000 -0.18462028E+000 -0.52196933E-002  0.96542540E-003  0.91442294E+000  0.45470501E+001  0.88191850E+001  0.15860436E+002  0.21714182E+002
 -0.93136834E+000 -0.83200789E+000 -0.54954827E+000 -0.18462032E+000 -0.52196938E-002  0.96542510E-003  0.91442299E+000  0.45470503E+001  0.88191852E+001  0.15860436E+002  0.21714183E+002
 -0.93136834E+000 -0.83200790E+000 -0.54954829E+000 -0.18462034E+000 -0.52196944E-002  0.96542483E-003  0.91442304E+000  0.45470504E+001  0.88191853E+001  0.15860437E+002  0.21714183E+002
 -0.93136835E+000 -0.83200791E+000 -0.54954831E+000 -0.18462037E+000 -0.52196948E-002  0.96542457E-003  0.91442308E+000  0.45470505E+001  0.88191854E+001  0.15860437E+002  0.21714183E+002
 -0.93136835E+000 -0.83200791E+000 -0.54954833E+000 -0.18462039E+000 -0.52196952E-002  0.96542433E-003  0.91442312E+000  0.45470507E+001  0.88191855E+001  0.15860437E+002  0.21714183E+002
 -0.93136835E+000 -0.83200792E+000 -0.54954835E+000 -0.18462042E+000 -0.52196956E-002  0.96542410E-003  0.91442316E+000  0.45470508E+001  0.88191857E+001  0.15860437E+002  0.21714184E+002
 -0.93136836E+000 -0.83200793E+000 -0.54954837E+000 -0.18462044E+000 -0.52196960E-002  0.96542388E-003  0.91442319E+000  0.45470509E+001  0.88191858E+001  0.15860437E+002  0.21714184E+002
 -0.93136836E+000 -0.83200794E+000 -0.54954838E+000 -0.18462046E+000 -0.52196963E-002  0.96542368E-003  0.91442321E+000  0.45470511E+001  0.88191859E+001  0.15860437E+002  0.21714184E+002
 -0.93136836E+000 -0.83200794E+000 -0.54954839E+000 -0.18462047E+000 -0.52196966E-002  0.96542348E-003  0.91442324E+000  0.45470512E+001  0.88191860E+001  0.15860437E+002  0.21714184E+002
 -0.93136837E+000 -0.83200795E+000 -0.54954841E+000 -0.18462049E+000 -0.52196968E-002  0.96542331E-003  0.91442326E+000  0.45470513E+001  0.88191861E+001  0.15860437E+002  0.21714184E+002
 -0.93136837E+000 -0.83200795E+000 -0.54954842E+000 -0.18462050E+000 -0.52196971E-002  0.96542314E-003  0.91442328E+000  0.45470514E+001  0.88191861E+001  0.15860437E+002  0.21714185E+002
 -0.93136837E+000 -0.83200796E+000 -0.54954843E+000 -0.18462052E+000 -0.52196973E-002  0.96542298E-003  0.91442329E+000  0.45470515E+001  0.88191862E+001  0.15860437E+002  0.21714185E+002
 -0.93136837E+000 -0.83200796E+000 -0.54954844E+000 -0.18462053E+000 -0.52196975E-002  0.96542283E-003  0.91442330E+000  0.45470516E+001  0.88191863E+001  0.15860437E+002  0.21714185E+002
 -0.93136837E+000 -0.83200796E+000 -0.54954844E+000 -0.18462054E+000 -0.52196977E-002  0.96542268E-003  0.91442331E+000  0.45470517E+001  0.88191864E+001  0.15860437E+002  0.21714186E+002
 -0.93136838E+000 -0.83200797E+000 -0.54954845E+000 -0.18462055E+000 -0.52196980E-002  0.96542253E-003  0.91442332E+000  0.45470518E+001  0.88191865E+001  0.15860437E+002  0.21714186E+002
 -0.93136837E+000 -0.83200797E+000 -0.54954845E+000 -0.18462056E+000 -0.52196983E-002  0.96542238E-003  0.91442333E+000  0.45470519E+001  0.88191866E+001  0.15860437E+002  0.21714186E+002
 -0.93136837E+000 -0.83200796E+000 -0.54954844E+000 -0.18462055E+000 -0.52196988E-002  0.96542222E-003  0.91442335E+000  0.45470521E+001  0.88191868E+001  0.15860438E+002  0.21714187E+002
 -0.93136836E+000 -0.83200795E+000 -0.54954840E+000 -0.18462053E+000 -0.52196984E-002  0.96542225E-003  0.91442342E+000  0.45470523E+001  0.88191870E+001  0.15860438E+002  0.21714187E+002
 -0.93136834E+000 -0.83200792E+000 -0.54954834E+000 -0.18462046E+000 -0.52196964E-002  0.96542258E-003  0.91442352E+000  0.45470526E+001  0.88191873E+001  0.15860438E+002  0.21714188E+002
