 -0.82433473E+000 -0.64308161E+000 -0.27719921E+000 -0.66076871E-004  0.84371337E-001  0.17428241E+001  0.12063646E+002  0.59173118E+002  0.13400207E+003  0.34790471E+003  0.65682841E+003
 -0.82153803E+000 -0.63883134E+000 -0.27604322E+000 -0.61224073E-004  0.85149421E-001  0.17459805E+001  0.12069583E+002  0.59173275E+002  0.13400250E+003  0.34790488E+003  0.65682852E+003
 -0.81939277E+000 -0.63734737E+000 -0.27515906E+000 -0.59756407E-004  0.85578873E-001  0.17466136E+001  0.12074428E+002  0.59173310E+002  0.13400264E+003  0.34790493E+003  0.65682857E+003
 -0.81791855E+000 -0.63667395E+000 -0.27448663E+000 -0.59365623E-004  0.85843948E-001  0.17470992E+001  0.12078336E+002  0.59173295E+002  0.13400263E+003  0.34790494E+003  0.65682857E+003
 -0.81692958E+000 -0.63617837E+000 -0.27398051E+000 -0.59368471E-004  0.85940524E-001  0.17474696E+001  0.12081495E+002  0.59173269E+002  0.13400257E+003  0.34790492E+003  0.65682857E+003
 -0.81629084E+000 -0.63582362E+000 -0.27360664E+000 -0.59526787E-004  0.85941429E-001  0.17477499E+001  0.12084046E+002  0.59173244E+002  0.13400249E+003  0.34790490E+003  0.65682855E+003
 -0.81590282E+000 -0.63557914E+000 -0.27349456E+000 -0.59781786E-004  0.85919867E-001  0.17479592E+001  0.12086100E+002  0.59173223E+002  0.13400243E+003  0.34790488E+003  0.65682853E+003
 -0.81569554E+000 -0.63542073E+000 -0.27342501E+000 -0.60181722E-004  0.85896117E-001  0.17481124E+001  0.12087768E+002  0.59173207E+002  0.13400237E+003  0.34790485E+003  0.65682852E+003
 -0.81561887E+000 -0.63532938E+000 -0.27338116E+000 -0.60602850E-004  0.85871749E-001  0.17482200E+001  0.12089143E+002  0.59173193E+002  0.13400232E+003  0.34790483E+003  0.65682850E+003
 -0.81563620E+000 -0.63529007E+000 -0.27335802E+000 -0.61004715E-004  0.85846378E-001  0.17482910E+001  0.12090213E+002  0.59173181E+002  0.13400228E+003  0.34790482E+003  0.65682849E+003
 -0.81572159E+000 -0.63529122E+000 -0.27335165E+000 -0.61337536E-004  0.85819203E-001  0.17483316E+001  0.12091025E+002  0.59173171E+002  0.13400224E+003  0.34790480E+003  0.65682848E+003
 -0.81585459E+000 -0.63532312E+000 -0.27335850E+000 -0.61642231E-004  0.85790068E-001  0.17483476E+001  0.12091619E+002  0.59173163E+002  0.13400222E+003  0.34790479E+003  0.65682847E+003
 -0.81602292E+000 -0.63537889E+000 -0.27337610E+000 -0.61936138E-004  0.85758743E-001  0.17483434E+001  0.12092027E+002  0.59173157E+002  0.13400219E+003  0.34790478E+003  0.65682846E+003
 -0.81621616E+000 -0.63545228E+000 -0.27340216E+000 -0.62215488E-004  0.85725636E-001  0.17483228E+001  0.12092276E+002  0.59173151E+002  0.13400218E+003  0.34790477E+003  0.65682846E+003
 -0.81642685E+000 -0.63553890E+000 -0.27343496E+000 -0.62482482E-004  0.85691108E-001  0.17482886E+001  0.12092389E+002  0.59173146E+002  0.13400216E+003  0.34790476E+003  0.65682845E+003
 -0.81664898E+000 -0.63563492E+000 -0.27347297E+000 -0.62733752E-004  0.85655716E-001  0.17482434E+001  0.12092386E+002  0.59173143E+002  0.13400215E+003  0.34790476E+003  0.65682845E+003
 -0.81687895E+000 -0.63573748E+000 -0.27351500E+000 -0.62970206E-004  0.85619868E-001  0.17481890E+001  0.12092285E+002  0.59173140E+002  0.13400214E+003  0.34790475E+003  0.65682844E+003
 -0.81711306E+000 -0.63584432E+000 -0.27356002E+000 -0.63190767E-004  0.85583973E-001  0.17481269E+001  0.12092101E+002  0.59173137E+002  0.13400213E+003  0.34790475E+003  0.65682844E+003
 -0.81734907E+000 -0.63595387E+000 -0.27363620E+000 -0.63397890E-004  0.85548284E-001  0.17480586E+001  0.12091846E+002  0.59173135E+002  0.13400212E+003  0.34790474E+003  0.65682844E+003
 -0.81758465E+000 -0.63606469E+000 -0.27376443E+000 -0.63590013E-004  0.85513099E-001  0.17479858E+001  0.12091533E+002  0.59173133E+002  0.13400211E+003  0.34790474E+003  0.65682843E+003
 -0.81781866E+000 -0.63617586E+000 -0.27389519E+000 -0.63769439E-004  0.85478564E-001  0.17479093E+001  0.12091171E+002  0.59173131E+002  0.13400211E+003  0.34790474E+003  0.65682843E+003
 -0.81804997E+000 -0.63628658E+000 -0.27402723E+000 -0.63936334E-004  0.85444832E-001  0.17478299E+001  0.12090768E+002  0.59173130E+002  0.13400210E+003  0.34790474E+003  0.65682843E+003
 -0.81827775E+000 -0.63639624E+000 -0.27415953E+000 -0.64090908E-004  0.85412021E-001  0.17477483E+001  0.12090334E+002  0.59173129E+002  0.13400210E+003  0.34790473E+003  0.65682843E+003
 -0.81850170E+000 -0.63650450E+000 -0.27429131E+000 -0.64234878E-004  0.85380177E-001  0.17476649E+001  0.12089872E+002  0.59173128E+002  0.13400210E+003  0.34790473E+003  0.65682843E+003
 -0.81872147E+000 -0.63661107E+000 -0.27442192E+000 -0.64368853E-004  0.85349350E-001  0.17475803E+001  0.12089389E+002  0.59173127E+002  0.13400210E+003  0.34790473E+003  0.65682843E+003
 -0.81893687E+000 -0.63671572E+000 -0.27455079E+000 -0.64493319E-004  0.85319578E-001  0.17474949E+001  0.12088889E+002  0.59173127E+002  0.13400209E+003  0.34790473E+003  0.65682843E+003
 -0.81914790E+000 -0.63681839E+000 -0.27467749E+000 -0.64609375E-004  0.85290866E-001  0.17474092E+001  0.12088374E+002  0.59173126E+002  0.13400209E+003  0.34790473E+003  0.65682842E+003
 -0.81935451E+000 -0.63691898E+000 -0.27480167E+000 -0.64717453E-004  0.85263226E-001  0.17473234E+001  0.12087847E+002  0.59173126E+002  0.13400209E+003  0.34790473E+003  0.65682842E+003
 -0.81955678E+000 -0.63701749E+000 -0.27492304E+000 -0.64818187E-004  0.85236658E-001  0.17472380E+001  0.12087311E+002  0.59173125E+002  0.13400209E+003  0.34790473E+003  0.65682842E+003
 -0.81975479E+000 -0.63711393E+000 -0.27504138E+000 -0.64912100E-004  0.85211157E-001  0.17471531E+001  0.12086796E+002  0.59173125E+002  0.13400209E+003  0.34790473E+003  0.65682842E+003
 -0.81994876E+000 -0.63720834E+000 -0.27515650E+000 -0.64999775E-004  0.85186710E-001  0.17470691E+001  0.12086275E+002  0.59173125E+002  0.13400209E+003  0.34790473E+003  0.65682842E+003
 -0.82013878E+000 -0.63730075E+000 -0.27526827E+000 -0.65081556E-004  0.85163308E-001  0.17469862E+001  0.12085746E+002  0.59173125E+002  0.13400209E+003  0.34790473E+003  0.65682842E+003
 -0.82032497E+000 -0.63739124E+000 -0.27537659E+000 -0.65157901E-004  0.85140934E-001  0.17469045E+001  0.12085209E+002  0.59173124E+002  0.13400208E+003  0.34790473E+003  0.65682842E+003
 -0.82050743E+000 -0.63747987E+000 -0.27548141E+000 -0.65229170E-004  0.85119574E-001  0.17468242E+001  0.12084665E+002  0.59173124E+002  0.13400208E+003  0.34790472E+003  0.65682842E+003
 -0.82068627E+000 -0.63756669E+000 -0.27558266E+000 -0.65295726E-004  0.85099208E-001  0.17467455E+001  0.12084113E+002  0.59173124E+002  0.13400208E+003  0.34790472E+003  0.65682842E+003
 -0.82086159E+000 -0.63765176E+000 -0.27568033E+000 -0.65357796E-004  0.85079821E-001  0.17466683E+001  0.12083554E+002  0.59173124E+002  0.13400208E+003  0.34790472E+003  0.65682842E+003
 -0.82103348E+000 -0.63773514E+000 -0.27577443E+000 -0.65415756E-004  0.85061390E-001  0.17465930E+001  0.12082987E+002  0.59173124E+002  0.13400208E+003  0.34790472E+003  0.65682842E+003
 -0.82120201E+000 -0.63781686E+000 -0.27586494E+000 -0.65469770E-004  0.85043896E-001  0.17465194E+001  0.12082413E+002  0.59173124E+002  0.13400208E+003  0.34790472E+003  0.65682842E+003
 -0.82136725E+000 -0.63789694E+000 -0.27595189E+000 -0.65520198E-004  0.85027315E-001  0.17464476E+001  0.12081832E+002  0.59173124E+002  0.13400208E+003  0.34790472E+003  0.65682842E+003
 -0.82152922E+000 -0.63797541E+000 -0.27603532E+000 -0.65567181E-004  0.85011627E-001  0.17463777E+001  0.12081246E+002  0.59173124E+002  0.13400208E+003  0.34790472E+003  0.65682842E+003
 -0.82168797E+000 -0.63813470E+000 -0.27611525E+000 -0.65610979E-004  0.84986722E-001  0.17463097E+001  0.12080655E+002  0.59173123E+002  0.13400208E+003  0.34790472E+003  0.65682842E+003
 -0.82184347E+000 -0.63840293E+000 -0.27619173E+000 -0.65651798E-004  0.84952052E-001  0.17462436E+001  0.12080061E+002  0.59173123E+002  0.13400208E+003  0.34790472E+003  0.65682842E+003
 -0.82199569E+000 -0.63866524E+000 -0.27626480E+000 -0.65689821E-004  0.84919375E-001  0.17461795E+001  0.12079466E+002  0.59173123E+002  0.13400208E+003  0.34790472E+003  0.65682842E+003
 -0.82214458E+000 -0.63892150E+000 -0.27633449E+000 -0.65725219E-004  0.84888631E-001  0.17461173E+001  0.12078871E+002  0.59173123E+002  0.13400208E+003  0.34790472E+003  0.65682842E+003
 -0.82229005E+000 -0.63917153E+000 -0.27640087E+000 -0.65758121E-004  0.84859760E-001  0.17460571E+001  0.12078279E+002  0.59173123E+002  0.13400208E+003  0.34790472E+003  0.65682842E+003
 -0.82243202E+000 -0.63941518E+000 -0.27646399E+000 -0.65788798E-004  0.84832686E-001  0.17459988E+001  0.12077692E+002  0.59173123E+002  0.13400208E+003  0.34790472E+003  0.65682842E+003
 -0.82257035E+000 -0.63965220E+000 -0.27652390E+000 -0.65817351E-004  0.84807344E-001  0.17459426E+001  0.12077112E+002  0.59173123E+002  0.13400208E+003  0.34790472E+003  0.65682842E+003
 -0.82270299E+000 -0.63988233E+000 -0.27658065E+000 -0.65843841E-004  0.84783668E-001  0.17458884E+001  0.12076540E+002  0.59173123E+002  0.13400208E+003  0.34790472E+003  0.65682842E+003
 -0.82281582E+000 -0.64010535E+000 -0.27663431E+000 -0.65868509E-004  0.84761576E-001  0.17457654E+001  0.12075979E+002  0.59173123E+002  0.13400208E+003  0.34790472E+003  0.65682842E+003
 -0.82292511E+000 -0.64032095E+000 -0.27668494E+000 -0.65891339E-004  0.84741000E-001  0.17455488E+001  0.12075429E+002  0.59173123E+002  0.13400208E+003  0.34790472E+003  0.65682842E+003
 -0.82303070E+000 -0.64052893E+000 -0.27673261E+000 -0.65912559E-004  0.84721850E-001  0.17453412E+001  0.12074892E+002  0.59173123E+002  0.13400208E+003  0.34790472E+003  0.65682842E+003
 -0.82313243E+000 -0.64072902E+000 -0.27677738E+000 -0.65932198E-004  0.84704045E-001  0.17451427E+001  0.12074368E+002  0.59173123E+002  0.13400208E+003  0.34790472E+003  0.65682842E+003
 -0.82323015E+000 -0.64092097E+000 -0.27681934E+000 -0.65950338E-004  0.84687499E-001  0.17449534E+001  0.12073859E+002  0.59173123E+002  0.13400208E+003  0.34790472E+003  0.65682842E+003
 -0.82332371E+000 -0.64110461E+000 -0.27685856E+000 -0.65967083E-004  0.84672120E-001  0.17447733E+001  0.12073364E+002  0.59173122E+002  0.13400208E+003  0.34790472E+003  0.65682842E+003
 -0.82341299E+000 -0.64127975E+000 -0.27689514E+000 -0.65982523E-004  0.84657812E-001  0.17446025E+001  0.12072884E+002  0.59173122E+002  0.13400208E+003  0.34790472E+003  0.65682842E+003
 -0.82349785E+000 -0.64144623E+000 -0.27692914E+000 -0.65996691E-004  0.84644481E-001  0.17444412E+001  0.12072419E+002  0.59173122E+002  0.13400208E+003  0.34790472E+003  0.65682842E+003
 -0.82357821E+000 -0.64160397E+000 -0.27696067E+000 -0.66009665E-004  0.84632029E-001  0.17442892E+001  0.12071969E+002  0.59173122E+002  0.13400208E+003  0.34790472E+003  0.65682842E+003
 -0.82365401E+000 -0.64175289E+000 -0.27698982E+000 -0.66021545E-004  0.84620352E-001  0.17441465E+001  0.12071533E+002  0.59173122E+002  0.13400208E+003  0.34790472E+003  0.65682842E+003
 -0.82372519E+000 -0.64189296E+000 -0.27701669E+000 -0.66032336E-004  0.84609357E-001  0.17440132E+001  0.12071112E+002  0.59173122E+002  0.13400208E+003  0.34790472E+003  0.65682842E+003
 -0.82379176E+000 -0.64202421E+000 -0.27704136E+000 -0.66042140E-004  0.84598942E-001  0.17438891E+001  0.12070705E+002  0.59173122E+002  0.13400208E+003  0.34790472E+003  0.65682842E+003
 -0.82385372E+000 -0.64214671E+000 -0.27706395E+000 -0.66051008E-004  0.84589012E-001  0.17437741E+001  0.12070313E+002  0.59173122E+002  0.13400208E+003  0.34790472E+003  0.65682842E+003
 -0.82391111E+000 -0.64226053E+000 -0.27708455E+000 -0.66058962E-004  0.84579482E-001  0.17436681E+001  0.12069936E+002  0.59173122E+002  0.13400208E+003  0.34790472E+003  0.65682842E+003
 -0.82396403E+000 -0.64236585E+000 -0.27710325E+000 -0.66066090E-004  0.84570265E-001  0.17435707E+001  0.12069573E+002  0.59173122E+002  0.13400208E+003  0.34790472E+003  0.65682842E+003
 -0.82401257E+000 -0.64246285E+000 -0.27712016E+000 -0.66072445E-004  0.84561283E-001  0.17434818E+001  0.12069225E+002  0.59173122E+002  0.13400208E+003  0.34790472E+003  0.65682842E+003
 -0.82405687E+000 -0.64255174E+000 -0.27713538E+000 -0.66078045E-004  0.84552474E-001  0.17434011E+001  0.12068891E+002  0.59173122E+002  0.13400208E+003  0.34790472E+003  0.65682842E+003
 -0.82409708E+000 -0.64263280E+000 -0.27714900E+000 -0.66082964E-004  0.84543778E-001  0.17433283E+001  0.12068573E+002  0.59173122E+002  0.13400208E+003  0.34790473E+003  0.65682842E+003
 -0.82413338E+000 -0.64270632E+000 -0.27716112E+000 -0.66087241E-004  0.84535150E-001  0.17432630E+001  0.12068269E+002  0.59173122E+002  0.13400208E+003  0.34790473E+003  0.65682842E+003
 -0.82416597E+000 -0.64277260E+000 -0.27717184E+000 -0.66090924E-004  0.84526555E-001  0.17432049E+001  0.12067980E+002  0.59173121E+002  0.13400208E+003  0.34790473E+003  0.65682842E+003
 -0.82419504E+000 -0.64283201E+000 -0.27718124E+000 -0.66094052E-004  0.84517971E-001  0.17431537E+001  0.12067706E+002  0.59173121E+002  0.13400208E+003  0.34790473E+003  0.65682842E+003
 -0.82422082E+000 -0.64288491E+000 -0.27718943E+000 -0.66096668E-004  0.84509387E-001  0.17431088E+001  0.12067447E+002  0.59173121E+002  0.13400208E+003  0.34790473E+003  0.65682842E+003
 -0.82424353E+000 -0.64293168E+000 -0.27719649E+000 -0.66098817E-004  0.84500801E-001  0.17430700E+001  0.12067204E+002  0.59173121E+002  0.13400208E+003  0.34790473E+003  0.65682842E+003
 -0.82426339E+000 -0.64297270E+000 -0.27720251E+000 -0.66100521E-004  0.84492226E-001  0.17430368E+001  0.12066975E+002  0.59173121E+002  0.13400208E+003  0.34790473E+003  0.65682842E+003
 -0.82428064E+000 -0.64300838E+000 -0.27720757E+000 -0.66101835E-004  0.84483679E-001  0.17430087E+001  0.12066760E+002  0.59173121E+002  0.13400208E+003  0.34790473E+003  0.65682842E+003
 -0.82429550E+000 -0.64303912E+000 -0.27721176E+000 -0.66102782E-004  0.84475186E-001  0.17429854E+001  0.12066561E+002  0.59173121E+002  0.13400208E+003  0.34790473E+003  0.65682842E+003
 -0.82430819E+000 -0.64306534E+000 -0.27721516E+000 -0.66103406E-004  0.84466781E-001  0.17429664E+001  0.12066375E+002  0.59173121E+002  0.13400208E+003  0.34790473E+003  0.65682842E+003
 -0.82431895E+000 -0.64308739E+000 -0.27721784E+000 -0.66103720E-004  0.84458503E-001  0.17429514E+001  0.12066204E+002  0.59173121E+002  0.13400208E+003  0.34790473E+003  0.65682842E+003
 -0.82432803E+000 -0.64310567E+000 -0.27721988E+000 -0.66103787E-004  0.84450388E-001  0.17429399E+001  0.12066046E+002  0.59173121E+002  0.13400208E+003  0.34790473E+003  0.65682842E+003
 -0.82433560E+000 -0.64312056E+000 -0.27722136E+000 -0.66103605E-004  0.84442484E-001  0.17429315E+001  0.12065902E+002  0.59173121E+002  0.13400208E+003  0.34790473E+003  0.65682842E+003
 -0.82434184E+000 -0.64313244E+000 -0.27722233E+000 -0.66103228E-004  0.84434829E-001  0.17429260E+001  0.12065770E+002  0.59173121E+002  0.13400208E+003  0.34790473E+003  0.65682842E+003
 -0.82434690E+000 -0.64314165E+000 -0.27722286E+000 -0.66102670E-004  0.84427466E-001  0.17429228E+001  0.12065651E+002  0.59173121E+002  0.13400208E+003  0.34790473E+003  0.65682842E+003
 -0.82435094E+000 -0.64314852E+000 -0.27722302E+000 -0.66101956E-004  0.84420432E-001  0.17429217E+001  0.12065543E+002  0.59173121E+002  0.13400208E+003  0.34790473E+003  0.65682842E+003
 -0.82435410E+000 -0.64315338E+000 -0.27722286E+000 -0.66101127E-004  0.84413760E-001  0.17429224E+001  0.12065446E+002  0.59173121E+002  0.13400208E+003  0.34790473E+003  0.65682843E+003
 -0.82435650E+000 -0.64315651E+000 -0.27722243E+000 -0.66100193E-004  0.84407480E-001  0.17429246E+001  0.12065359E+002  0.59173121E+002  0.13400208E+003  0.34790473E+003  0.65682843E+003
 -0.82435825E+000 -0.64315817E+000 -0.27722178E+000 -0.66099171E-004  0.84401617E-001  0.17429280E+001  0.12065282E+002  0.59173121E+002  0.13400208E+003  0.34790473E+003  0.65682843E+003
 -0.82435946E+000 -0.64315861E+000 -0.27722096E+000 -0.66098102E-004  0.84396185E-001  0.17429323E+001  0.12065213E+002  0.59173121E+002  0.13400208E+003  0.34790473E+003  0.65682843E+003
 -0.82436022E+000 -0.64315804E+000 -0.27722000E+000 -0.66096983E-004  0.84391199E-001  0.17429373E+001  0.12065153E+002  0.59173121E+002  0.13400208E+003  0.34790473E+003  0.65682843E+003
 -0.82436060E+000 -0.64315666E+000 -0.27721893E+000 -0.66095840E-004  0.84386664E-001  0.17429429E+001  0.12065100E+002  0.59173121E+002  0.13400208E+003  0.34790473E+003  0.65682843E+003
 -0.82436068E+000 -0.64315464E+000 -0.27721780E+000 -0.66094688E-004  0.84382578E-001  0.17429489E+001  0.12065053E+002  0.59173121E+002  0.13400208E+003  0.34790473E+003  0.65682843E+003
 -0.82436051E+000 -0.64315213E+000 -0.27721663E+000 -0.66093543E-004  0.84378935E-001  0.17429550E+001  0.12065012E+002  0.59173121E+002  0.13400208E+003  0.34790473E+003  0.65682843E+003
 -0.82436015E+000 -0.64314926E+000 -0.27721543E+000 -0.66092407E-004  0.84375724E-001  0.17429611E+001  0.12064976E+002  0.59173120E+002  0.13400208E+003  0.34790473E+003  0.65682843E+003
 -0.82435963E+000 -0.64314614E+000 -0.27721424E+000 -0.66091293E-004  0.84372929E-001  0.17429672E+001  0.12064945E+002  0.59173120E+002  0.13400208E+003  0.34790473E+003  0.65682843E+003
 -0.82435900E+000 -0.64314286E+000 -0.27721306E+000 -0.66090212E-004  0.84370529E-001  0.17429730E+001  0.12064917E+002  0.59173120E+002  0.13400208E+003  0.34790473E+003  0.65682843E+003
 -0.82435828E+000 -0.64313949E+000 -0.27721191E+000 -0.66089165E-004  0.84368502E-001  0.17429786E+001  0.12064893E+002  0.59173120E+002  0.13400208E+003  0.34790473E+003  0.65682843E+003
 -0.82435749E+000 -0.64313611E+000 -0.27721080E+000 -0.66088162E-004  0.84366821E-001  0.17429838E+001  0.12064872E+002  0.59173120E+002  0.13400208E+003  0.34790473E+003  0.65682843E+003
 -0.82435666E+000 -0.64313275E+000 -0.27720974E+000 -0.66087201E-004  0.84365460E-001  0.17429885E+001  0.12064852E+002  0.59173120E+002  0.13400208E+003  0.34790473E+003  0.65682843E+003
 -0.82435580E+000 -0.64312946E+000 -0.27720873E+000 -0.66086294E-004  0.84364389E-001  0.17429926E+001  0.12064835E+002  0.59173120E+002  0.13400208E+003  0.34790473E+003  0.65682843E+003
 -0.82435492E+000 -0.64312625E+000 -0.27720778E+000 -0.66085427E-004  0.84363580E-001  0.17429963E+001  0.12064820E+002  0.59173120E+002  0.13400208E+003  0.34790473E+003  0.65682843E+003
 -0.82435403E+000 -0.64312317E+000 -0.27720689E+000 -0.66084622E-004  0.84363003E-001  0.17429993E+001  0.12064805E+002  0.59173120E+002  0.13400208E+003  0.34790473E+003  0.65682843E+003
 -0.82435314E+000 -0.64312021E+000 -0.27720606E+000 -0.66083856E-004  0.84362632E-001  0.17430017E+001  0.12064792E+002  0.59173120E+002  0.13400208E+003  0.34790473E+003  0.65682843E+003
 -0.82435225E+000 -0.64311739E+000 -0.27720529E+000 -0.66083149E-004  0.84362438E-001  0.17430034E+001  0.12064779E+002  0.59173120E+002  0.13400208E+003  0.34790473E+003  0.65682843E+003
 -0.82435137E+000 -0.64311471E+000 -0.27720458E+000 -0.66082488E-004  0.84362396E-001  0.17430045E+001  0.12064767E+002  0.59173120E+002  0.13400208E+003  0.34790474E+003  0.65682844E+003
 -0.82435049E+000 -0.64311217E+000 -0.27720393E+000 -0.66081873E-004  0.84362482E-001  0.17430049E+001  0.12064756E+002  0.59173120E+002  0.13400208E+003  0.34790474E+003  0.65682844E+003
 -0.82434963E+000 -0.64310978E+000 -0.27720333E+000 -0.66081308E-004  0.84362674E-001  0.17430047E+001  0.12064745E+002  0.59173120E+002  0.13400208E+003  0.34790474E+003  0.65682844E+003
 -0.82434879E+000 -0.64310753E+000 -0.27720279E+000 -0.66080785E-004  0.84362951E-001  0.17430038E+001  0.12064734E+002  0.59173120E+002  0.13400208E+003  0.34790474E+003  0.65682844E+003
 -0.82434796E+000 -0.64310541E+000 -0.27720229E+000 -0.66080306E-004  0.84363296E-001  0.17430023E+001  0.12064723E+002  0.59173120E+002  0.13400208E+003  0.34790474E+003  0.65682844E+003
 -0.82434715E+000 -0.64310342E+000 -0.27720185E+000 -0.66079867E-004  0.84363693E-001  0.17430002E+001  0.12064713E+002  0.59173120E+002  0.13400208E+003  0.34790474E+003  0.65682844E+003
 -0.82434635E+000 -0.64310155E+000 -0.27720144E+000 -0.66079467E-004  0.84364127E-001  0.17429975E+001  0.12064703E+002  0.59173120E+002  0.13400208E+003  0.34790474E+003  0.65682844E+003
 -0.82434558E+000 -0.64309980E+000 -0.27720108E+000 -0.66079102E-004  0.84364586E-001  0.17429943E+001  0.12064692E+002  0.59173120E+002  0.13400208E+003  0.34790474E+003  0.65682844E+003
 -0.82434483E+000 -0.64309816E+000 -0.27720075E+000 -0.66078771E-004  0.84365059E-001  0.17429905E+001  0.12064682E+002  0.59173120E+002  0.13400208E+003  0.34790474E+003  0.65682844E+003
 -0.82434410E+000 -0.64309663E+000 -0.27720046E+000 -0.66078472E-004  0.84365538E-001  0.17429864E+001  0.12064671E+002  0.59173120E+002  0.13400208E+003  0.34790474E+003  0.65682844E+003
 -0.82434339E+000 -0.64309519E+000 -0.27720020E+000 -0.66078201E-004  0.84366016E-001  0.17429818E+001  0.12064660E+002  0.59173120E+002  0.13400208E+003  0.34790474E+003  0.65682844E+003
 -0.82434271E+000 -0.64309385E+000 -0.27719997E+000 -0.66077956E-004  0.84366486E-001  0.17429768E+001  0.12064650E+002  0.59173120E+002  0.13400208E+003  0.34790474E+003  0.65682844E+003
 -0.82434206E+000 -0.64309259E+000 -0.27719976E+000 -0.66077737E-004  0.84366944E-001  0.17429716E+001  0.12064638E+002  0.59173120E+002  0.13400208E+003  0.34790474E+003  0.65682844E+003
 -0.82434142E+000 -0.64309142E+000 -0.27719958E+000 -0.66077540E-004  0.84367386E-001  0.17429660E+001  0.12064627E+002  0.59173120E+002  0.13400208E+003  0.34790474E+003  0.65682845E+003
 -0.82434082E+000 -0.64309033E+000 -0.27719942E+000 -0.66077365E-004  0.84367809E-001  0.17429603E+001  0.12064615E+002  0.59173120E+002  0.13400208E+003  0.34790474E+003  0.65682845E+003
 -0.82434024E+000 -0.64308931E+000 -0.27719928E+000 -0.66077206E-004  0.84368211E-001  0.17429544E+001  0.12064603E+002  0.59173120E+002  0.13400208E+003  0.34790474E+003  0.65682845E+003
 -0.82433969E+000 -0.64308836E+000 -0.27719915E+000 -0.66077068E-004  0.84368591E-001  0.17429484E+001  0.12064591E+002  0.59173119E+002  0.13400208E+003  0.34790474E+003  0.65682845E+003
 -0.82433917E+000 -0.64308747E+000 -0.27719904E+000 -0.66076942E-004  0.84368948E-001  0.17429424E+001  0.12064578E+002  0.59173119E+002  0.13400208E+003  0.34790474E+003  0.65682845E+003
 -0.82433867E+000 -0.64308665E+000 -0.27719895E+000 -0.66076831E-004  0.84369282E-001  0.17429363E+001  0.12064564E+002  0.59173119E+002  0.13400208E+003  0.34790474E+003  0.65682845E+003
 -0.82433820E+000 -0.64308589E+000 -0.27719886E+000 -0.66076733E-004  0.84369593E-001  0.17429303E+001  0.12064550E+002  0.59173119E+002  0.13400208E+003  0.34790474E+003  0.65682845E+003
 -0.82433776E+000 -0.64308518E+000 -0.27719879E+000 -0.66076646E-004  0.84369881E-001  0.17429243E+001  0.12064535E+002  0.59173119E+002  0.13400208E+003  0.34790474E+003  0.65682845E+003
 -0.82433734E+000 -0.64308452E+000 -0.27719872E+000 -0.66076570E-004  0.84370147E-001  0.17429185E+001  0.12064520E+002  0.59173119E+002  0.13400208E+003  0.34790474E+003  0.65682845E+003
 -0.82433695E+000 -0.64308391E+000 -0.27719866E+000 -0.66076501E-004  0.84370392E-001  0.17429127E+001  0.12064504E+002  0.59173119E+002  0.13400208E+003  0.34790474E+003  0.65682845E+003
 -0.82433659E+000 -0.64308335E+000 -0.27719862E+000 -0.66076442E-004  0.84370616E-001  0.17429072E+001  0.12064488E+002  0.59173119E+002  0.13400208E+003  0.34790474E+003  0.65682845E+003
 -0.82433625E+000 -0.64308283E+000 -0.27719857E+000 -0.66076390E-004  0.84370821E-001  0.17429018E+001  0.12064470E+002  0.59173119E+002  0.13400208E+003  0.34790474E+003  0.65682846E+003
 -0.82433593E+000 -0.64308235E+000 -0.27719854E+000 -0.66076344E-004  0.84371006E-001  0.17428966E+001  0.12064453E+002  0.59173119E+002  0.13400208E+003  0.34790474E+003  0.65682846E+003
 -0.82433564E+000 -0.64308192E+000 -0.27719850E+000 -0.66076305E-004  0.84371175E-001  0.17428917E+001  0.12064434E+002  0.59173119E+002  0.13400208E+003  0.34790474E+003  0.65682846E+003
 -0.82433537E+000 -0.64308152E+000 -0.27719848E+000 -0.66076271E-004  0.84371327E-001  0.17428869E+001  0.12064415E+002  0.59173119E+002  0.13400208E+003  0.34790474E+003  0.65682846E+003
 -0.82433512E+000 -0.64308115E+000 -0.27719845E+000 -0.66076242E-004  0.84371463E-001  0.17428825E+001  0.12064395E+002  0.59173119E+002  0.13400208E+003  0.34790474E+003  0.65682846E+003
 -0.82433489E+000 -0.64308082E+000 -0.27719843E+000 -0.66076217E-004  0.84371585E-001  0.17428782E+001  0.12064375E+002  0.59173119E+002  0.13400208E+003  0.34790474E+003  0.65682846E+003
 -0.82433469E+000 -0.64308053E+000 -0.27719842E+000 -0.66076195E-004  0.84371693E-001  0.17428743E+001  0.12064354E+002  0.59173119E+002  0.13400208E+003  0.34790474E+003  0.65682846E+003
 -0.82433450E+000 -0.64308026E+000 -0.27719840E+000 -0.66076178E-004  0.84371789E-001  0.17428706E+001  0.12064333E+002  0.59173119E+002  0.13400207E+003  0.34790474E+003  0.65682846E+003
 -0.82433433E+000 -0.64308002E+000 -0.27719839E+000 -0.66076164E-004  0.84371873E-001  0.17428671E+001  0.12064311E+002  0.59173119E+002  0.13400207E+003  0.34790474E+003  0.65682846E+003
 -0.82433418E+000 -0.64307980E+000 -0.27719839E+000 -0.66076154E-004  0.84371946E-001  0.17428638E+001  0.12064289E+002  0.59173119E+002  0.13400207E+003  0.34790474E+003  0.65682846E+003
 -0.82433404E+000 -0.64307962E+000 -0.27719838E+000 -0.66076145E-004  0.84372010E-001  0.17428608E+001  0.12064267E+002  0.59173119E+002  0.13400207E+003  0.34790474E+003  0.65682846E+003
 -0.82433393E+000 -0.64307945E+000 -0.27719838E+000 -0.66076140E-004  0.84372063E-001  0.17428581E+001  0.12064245E+002  0.59173119E+002  0.13400207E+003  0.34790474E+003  0.65682846E+003
 -0.82433382E+000 -0.64307931E+000 -0.27719838E+000 -0.66076138E-004  0.84372109E-001  0.17428555E+001  0.12064222E+002  0.59173119E+002  0.13400207E+003  0.34790474E+003  0.65682846E+003
 -0.82433373E+000 -0.64307919E+000 -0.27719838E+000 -0.66076137E-004  0.84372146E-001  0.17428532E+001  0.12064200E+002  0.59173119E+002  0.13400207E+003  0.34790474E+003  0.65682846E+003
 -0.82433365E+000 -0.64307909E+000 -0.27719838E+000 -0.66076138E-004  0.84372176E-001  0.17428510E+001  0.12064177E+002  0.59173119E+002  0.13400207E+003  0.34790474E+003  0.65682847E+003
 -0.82433358E+000 -0.64307901E+000 -0.27719839E+000 -0.66076142E-004  0.84372199E-001  0.17428490E+001  0.12064155E+002  0.59173119E+002  0.13400207E+003  0.34790474E+003  0.65682847E+003
 -0.82433353E+000 -0.64307895E+000 -0.27719839E+000 -0.66076148E-004  0.84372216E-001  0.17428472E+001  0.12064133E+002  0.59173119E+002  0.13400207E+003  0.34790474E+003  0.65682847E+003
 -0.82433349E+000 -0.64307890E+000 -0.27719840E+000 -0.66076155E-004  0.84372227E-001  0.17428456E+001  0.12064111E+002  0.59173119E+002  0.13400207E+003  0.34790474E+003  0.65682847E+003
 -0.82433345E+000 -0.64307887E+000 -0.27719841E+000 -0.66076165E-004  0.84372233E-001  0.17428441E+001  0.12064089E+002  0.59173119E+002  0.13400207E+003  0.34790474E+003  0.65682847E+003
 -0.82433343E+000 -0.64307885E+000 -0.27719842E+000 -0.66076175E-004  0.84372234E-001  0.17428427E+001  0.12064068E+002  0.59173119E+002  0.13400207E+003  0.34790474E+003  0.65682847E+003
 -0.82433341E+000 -0.64307885E+000 -0.27719844E+000 -0.66076187E-004  0.84372231E-001  0.17428415E+001  0.12064047E+002  0.59173119E+002  0.13400207E+003  0.34790474E+003  0.65682847E+003
 -0.82433340E+000 -0.64307886E+000 -0.27719845E+000 -0.66076201E-004  0.84372224E-001  0.17428404E+001  0.12064027E+002  0.59173119E+002  0.13400207E+003  0.34790474E+003  0.65682847E+003
 -0.82433340E+000 -0.64307888E+000 -0.27719847E+000 -0.66076216E-004  0.84372213E-001  0.17428393E+001  0.12064007E+002  0.59173119E+002  0.13400207E+003  0.34790474E+003  0.65682847E+003
 -0.82433341E+000 -0.64307891E+000 -0.27719848E+000 -0.66076231E-004  0.84372200E-001  0.17428384E+001  0.12063988E+002  0.59173119E+002  0.13400207E+003  0.34790474E+003  0.65682847E+003
 -0.82433342E+000 -0.64307895E+000 -0.27719850E+000 -0.66076248E-004  0.84372183E-001  0.17428375E+001  0.12063969E+002  0.59173119E+002  0.13400207E+003  0.34790474E+003  0.65682847E+003
 -0.82433343E+000 -0.64307900E+000 -0.27719852E+000 -0.66076266E-004  0.84372164E-001  0.17428368E+001  0.12063952E+002  0.59173119E+002  0.13400207E+003  0.34790474E+003  0.65682847E+003
 -0.82433346E+000 -0.64307905E+000 -0.27719854E+000 -0.66076285E-004  0.84372142E-001  0.17428360E+001  0.12063934E+002  0.59173119E+002  0.13400207E+003  0.34790473E+003  0.65682847E+003
 -0.82433348E+000 -0.64307912E+000 -0.27719856E+000 -0.66076305E-004  0.84372119E-001  0.17428354E+001  0.12063918E+002  0.59173119E+002  0.13400207E+003  0.34790473E+003  0.65682847E+003
 -0.82433351E+000 -0.64307919E+000 -0.27719858E+000 -0.66076325E-004  0.84372094E-001  0.17428348E+001  0.12063902E+002  0.59173119E+002  0.13400207E+003  0.34790473E+003  0.65682847E+003
 -0.82433355E+000 -0.64307926E+000 -0.27719860E+000 -0.66076346E-004  0.84372067E-001  0.17428342E+001  0.12063887E+002  0.59173119E+002  0.13400207E+003  0.34790473E+003  0.65682847E+003
 -0.82433358E+000 -0.64307934E+000 -0.27719863E+000 -0.66076367E-004  0.84372040E-001  0.17428337E+001  0.12063872E+002  0.59173119E+002  0.13400207E+003  0.34790473E+003  0.65682847E+003
 -0.82433362E+000 -0.64307943E+000 -0.27719865E+000 -0.66076388E-004  0.84372011E-001  0.17428332E+001  0.12063858E+002  0.59173119E+002  0.13400207E+003  0.34790473E+003  0.65682846E+003
 -0.82433366E+000 -0.64307951E+000 -0.27719867E+000 -0.66076410E-004  0.84371982E-001  0.17428328E+001  0.12063845E+002  0.59173119E+002  0.13400207E+003  0.34790473E+003  0.65682846E+003
 -0.82433371E+000 -0.64307960E+000 -0.27719870E+000 -0.66076431E-004  0.84371952E-001  0.17428323E+001  0.12063833E+002  0.59173119E+002  0.13400207E+003  0.34790473E+003  0.65682846E+003
 -0.82433375E+000 -0.64307969E+000 -0.27719872E+000 -0.66076453E-004  0.84371922E-001  0.17428319E+001  0.12063821E+002  0.59173118E+002  0.13400207E+003  0.34790473E+003  0.65682846E+003
 -0.82433379E+000 -0.64307978E+000 -0.27719874E+000 -0.66076475E-004  0.84371892E-001  0.17428316E+001  0.12063810E+002  0.59173118E+002  0.13400207E+003  0.34790473E+003  0.65682846E+003
 -0.82433384E+000 -0.64307988E+000 -0.27719877E+000 -0.66076497E-004  0.84371862E-001  0.17428312E+001  0.12063799E+002  0.59173118E+002  0.13400207E+003  0.34790473E+003  0.65682846E+003
 -0.82433389E+000 -0.64307997E+000 -0.27719879E+000 -0.66076518E-004  0.84371832E-001  0.17428308E+001  0.12063790E+002  0.59173118E+002  0.13400207E+003  0.34790473E+003  0.65682846E+003
 -0.82433393E+000 -0.64308006E+000 -0.27719881E+000 -0.66076539E-004  0.84371803E-001  0.17428305E+001  0.12063780E+002  0.59173118E+002  0.13400207E+003  0.34790473E+003  0.65682846E+003
 -0.82433398E+000 -0.64308015E+000 -0.27719884E+000 -0.66076560E-004  0.84371774E-001  0.17428302E+001  0.12063771E+002  0.59173118E+002  0.13400207E+003  0.34790473E+003  0.65682846E+003
 -0.82433403E+000 -0.64308025E+000 -0.27719886E+000 -0.66076580E-004  0.84371745E-001  0.17428299E+001  0.12063763E+002  0.59173118E+002  0.13400207E+003  0.34790473E+003  0.65682846E+003
 -0.82433407E+000 -0.64308033E+000 -0.27719888E+000 -0.66076600E-004  0.84371717E-001  0.17428296E+001  0.12063755E+002  0.59173118E+002  0.13400207E+003  0.34790473E+003  0.65682846E+003
 -0.82433412E+000 -0.64308042E+000 -0.27719890E+000 -0.66076620E-004  0.84371690E-001  0.17428293E+001  0.12063748E+002  0.59173118E+002  0.13400207E+003  0.34790473E+003  0.65682846E+003
 -0.82433416E+000 -0.64308051E+000 -0.27719892E+000 -0.66076638E-004  0.84371664E-001  0.17428290E+001  0.12063741E+002  0.59173118E+002  0.13400207E+003  0.34790473E+003  0.65682846E+003
 -0.82433420E+000 -0.64308059E+000 -0.27719894E+000 -0.66076656E-004  0.84371639E-001  0.17428288E+001  0.12063735E+002  0.59173118E+002  0.13400207E+003  0.34790473E+003  0.65682846E+003
 -0.82433424E+000 -0.64308067E+000 -0.27719896E+000 -0.66076673E-004  0.84371615E-001  0.17428285E+001  0.12063729E+002  0.59173118E+002  0.13400207E+003  0.34790473E+003  0.65682846E+003
 -0.82433428E+000 -0.64308075E+000 -0.27719898E+000 -0.66076690E-004  0.84371592E-001  0.17428282E+001  0.12063723E+002  0.59173118E+002  0.13400207E+003  0.34790472E+003  0.65682845E+003
 -0.82433432E+000 -0.64308082E+000 -0.27719900E+000 -0.66076706E-004  0.84371570E-001  0.17428280E+001  0.12063718E+002  0.59173118E+002  0.13400207E+003  0.34790472E+003  0.65682845E+003
 -0.82433436E+000 -0.64308089E+000 -0.27719902E+000 -0.66076721E-004  0.84371549E-001  0.17428278E+001  0.12063713E+002  0.59173118E+002  0.13400207E+003  0.34790472E+003  0.65682845E+003
 -0.82433439E+000 -0.64308096E+000 -0.27719904E+000 -0.66076736E-004  0.84371529E-001  0.17428275E+001  0.12063709E+002  0.59173118E+002  0.13400207E+003  0.34790472E+003  0.65682845E+003
 -0.82433442E+000 -0.64308102E+000 -0.27719905E+000 -0.66076749E-004  0.84371511E-001  0.17428273E+001  0.12063705E+002  0.59173118E+002  0.13400207E+003  0.34790472E+003  0.65682845E+003
 -0.82433446E+000 -0.64308108E+000 -0.27719907E+000 -0.66076762E-004  0.84371493E-001  0.17428271E+001  0.12063701E+002  0.59173118E+002  0.13400207E+003  0.34790472E+003  0.65682845E+003
 -0.82433449E+000 -0.64308114E+000 -0.27719908E+000 -0.66076774E-004  0.84371477E-001  0.17428269E+001  0.12063697E+002  0.59173118E+002  0.13400207E+003  0.34790472E+003  0.65682845E+003
 -0.82433451E+000 -0.64308119E+000 -0.27719909E+000 -0.66076785E-004  0.84371462E-001  0.17428267E+001  0.12063693E+002  0.59173118E+002  0.13400207E+003  0.34790472E+003  0.65682845E+003
 -0.82433454E+000 -0.64308124E+000 -0.27719911E+000 -0.66076795E-004  0.84371449E-001  0.17428265E+001  0.12063690E+002  0.59173118E+002  0.13400207E+003  0.34790472E+003  0.65682845E+003
 -0.82433456E+000 -0.64308129E+000 -0.27719912E+000 -0.66076805E-004  0.84371436E-001  0.17428264E+001  0.12063687E+002  0.59173118E+002  0.13400207E+003  0.34790472E+003  0.65682845E+003
 -0.82433458E+000 -0.64308133E+000 -0.27719913E+000 -0.66076813E-004  0.84371424E-001  0.17428262E+001  0.12063684E+002  0.59173118E+002  0.13400207E+003  0.34790472E+003  0.65682845E+003
 -0.82433460E+000 -0.64308137E+000 -0.27719914E+000 -0.66076821E-004  0.84371414E-001  0.17428261E+001  0.12063682E+002  0.59173118E+002  0.13400207E+003  0.34790472E+003  0.65682844E+003
 -0.82433462E+000 -0.64308141E+000 -0.27719915E+000 -0.66076829E-004  0.84371405E-001  0.17428259E+001  0.12063679E+002  0.59173118E+002  0.13400207E+003  0.34790472E+003  0.65682844E+003
 -0.82433464E+000 -0.64308144E+000 -0.27719915E+000 -0.66076835E-004  0.84371396E-001  0.17428258E+001  0.12063677E+002  0.59173118E+002  0.13400207E+003  0.34790472E+003  0.65682844E+003
 -0.82433466E+000 -0.64308147E+000 -0.27719916E+000 -0.66076841E-004  0.84371389E-001  0.17428256E+001  0.12063675E+002  0.59173118E+002  0.13400207E+003  0.34790472E+003  0.65682844E+003
 -0.82433467E+000 -0.64308149E+000 -0.27719917E+000 -0.66076846E-004  0.84371382E-001  0.17428255E+001  0.12063673E+002  0.59173118E+002  0.13400207E+003  0.34790472E+003  0.65682844E+003
 -0.82433468E+000 -0.64308152E+000 -0.27719917E+000 -0.66076851E-004  0.84371377E-001  0.17428254E+001  0.12063671E+002  0.59173118E+002  0.13400207E+003  0.34790472E+003  0.65682844E+003
 -0.82433469E+000 -0.64308154E+000 -0.27719918E+000 -0.66076855E-004  0.84371372E-001  0.17428253E+001  0.12063669E+002  0.59173118E+002  0.13400207E+003  0.34790472E+003  0.65682844E+003
 -0.82433470E+000 -0.64308156E+000 -0.27719918E+000 -0.66076858E-004  0.84371368E-001  0.17428252E+001  0.12063668E+002  0.59173118E+002  0.13400207E+003  0.34790472E+003  0.65682844E+003
 -0.82433471E+000 -0.64308157E+000 -0.27719919E+000 -0.66076861E-004  0.84371365E-001  0.17428251E+001  0.12063666E+002  0.59173118E+002  0.13400207E+003  0.34790472E+003  0.65682844E+003
 -0.82433472E+000 -0.64308158E+000 -0.27719919E+000 -0.66076863E-004  0.84371362E-001  0.17428250E+001  0.12063665E+002  0.59173118E+002  0.13400207E+003  0.34790472E+003  0.65682844E+003
 -0.82433472E+000 -0.64308159E+000 -0.27719919E+000 -0.66076866E-004  0.84371360E-001  0.17428250E+001  0.12063664E+002  0.59173118E+002  0.13400207E+003  0.34790472E+003  0.65682844E+003
 -0.82433473E+000 -0.64308160E+000 -0.27719920E+000 -0.66076867E-004  0.84371359E-001  0.17428249E+001  0.12063663E+002  0.59173118E+002  0.13400207E+003  0.34790472E+003  0.65682843E+003
 -0.82433473E+000 -0.64308161E+000 -0.27719920E+000 -0.66076869E-004  0.84371358E-001  0.17428248E+001  0.12063662E+002  0.59173118E+002  0.13400207E+003  0.34790472E+003  0.65682843E+003
 -0.82433473E+000 -0.64308161E+000 -0.27719920E+000 -0.66076870E-004  0.84371357E-001  0.17428248E+001  0.12063661E+002  0.59173118E+002  0.13400207E+003  0.34790472E+003  0.65682843E+003
 -0.82433473E+000 -0.64308161E+000 -0.27719920E+000 -0.66076872E-004  0.84371357E-001  0.17428248E+001  0.12063660E+002  0.59173118E+002  0.13400207E+003  0.34790472E+003  0.65682843E+003
 -0.82433473E+000 -0.64308160E+000 -0.27719920E+000 -0.66076874E-004  0.84371358E-001  0.17428247E+001  0.12063659E+002  0.59173118E+002  0.13400207E+003  0.34790472E+003  0.65682843E+003
 -0.82433472E+000 -0.64308157E+000 -0.27719919E+000 -0.66076877E-004  0.84371360E-001  0.17428247E+001  0.12063658E+002  0.59173118E+002  0.13400207E+003  0.34790472E+003  0.65682843E+003
 -0.82433468E+000 -0.64308150E+000 -0.27719918E+000 -0.66076867E-004  0.84371369E-001  0.17428248E+001  0.12063658E+002  0.59173118E+002  0.13400207E+003  0.34790471E+003  0.65682843E+003
 -0.82433462E+000 -0.64308137E+000 -0.27719915E+000 -0.66076835E-004  0.84371385E-001  0.17428248E+001  0.12063657E+002  0.59173118E+002  0.13400207E+003  0.34790471E+003  0.65682843E+003
