  0.16111861E+000  0.20866498E+000  0.40682035E+000  0.61095976E+000  0.92417480E+000  0.10643985E+001  0.15896754E+001  0.35149279E+001  0.50761278E+001  0.86607724E+001  0.13812749E+002
  0.16044285E+000  0.20793654E+000  0.40534898E+000  0.60882323E+000  0.92219898E+000  0.10619712E+001  0.15835376E+001  0.35057630E+001  0.50716887E+001  0.86552082E+001  0.13811019E+002
  0.15990992E+000  0.20734991E+000  0.40416202E+000  0.60717145E+000  0.92060203E+000  0.10602737E+001  0.15791754E+001  0.34976467E+001  0.50656570E+001  0.86457450E+001  0.13809725E+002
  0.15948502E+000  0.20690484E+000  0.40324179E+000  0.60587005E+000  0.91915736E+000  0.10589055E+001  0.15755504E+001  0.34903092E+001  0.50603643E+001  0.86419902E+001  0.13808642E+002
  0.15914464E+000  0.20653898E+000  0.40247566E+000  0.60484664E+000  0.91820619E+000  0.10577943E+001  0.15726118E+001  0.34848467E+001  0.50551960E+001  0.86389769E+001  0.13807799E+002
  0.15887012E+000  0.20625022E+000  0.40189153E+000  0.60405560E+000  0.91722336E+000  0.10568851E+001  0.15703108E+001  0.34808673E+001  0.50511914E+001  0.86365267E+001  0.13807119E+002
  0.15864655E+000  0.20604874E+000  0.40139866E+000  0.60337177E+000  0.91649506E+000  0.10561561E+001  0.15683830E+001  0.34784906E+001  0.50479231E+001  0.86345551E+001  0.13806565E+002
  0.15846283E+000  0.20585081E+000  0.40099370E+000  0.60280706E+000  0.91595285E+000  0.10555435E+001  0.15667927E+001  0.34767225E+001  0.50452147E+001  0.86329247E+001  0.13806109E+002
  0.15826453E+000  0.20569670E+000  0.40066520E+000  0.60237796E+000  0.91549835E+000  0.10549664E+001  0.15654798E+001  0.34749737E+001  0.50429923E+001  0.86315884E+001  0.13805733E+002
  0.15818286E+000  0.20556062E+000  0.40038678E+000  0.60200138E+000  0.91515668E+000  0.10545890E+001  0.15650568E+001  0.34735175E+001  0.50411411E+001  0.86304056E+001  0.13805420E+002
  0.15806210E+000  0.20542699E+000  0.40015953E+000  0.60169976E+000  0.91483300E+000  0.10542747E+001  0.15648467E+001  0.34725514E+001  0.50396135E+001  0.86294198E+001  0.13805162E+002
  0.15798497E+000  0.20531735E+000  0.39996215E+000  0.60146500E+000  0.91458915E+000  0.10539943E+001  0.15646875E+001  0.34717370E+001  0.50383219E+001  0.86286337E+001  0.13804944E+002
  0.15786397E+000  0.20523926E+000  0.39980201E+000  0.60127550E+000  0.91438280E+000  0.10537138E+001  0.15639383E+001  0.34711665E+001  0.50372518E+001  0.86281006E+001  0.13804770E+002
  0.15784393E+000  0.20518899E+000  0.39967115E+000  0.60117206E+000  0.91419427E+000  0.10535290E+001  0.15633853E+001  0.34707323E+001  0.50363505E+001  0.86274823E+001  0.13804612E+002
  0.15777137E+000  0.20515729E+000  0.39955131E+000  0.60109134E+000  0.91404756E+000  0.10533753E+001  0.15629608E+001  0.34700766E+001  0.50356015E+001  0.86270066E+001  0.13804486E+002
  0.15775997E+000  0.20509523E+000  0.39945518E+000  0.60106150E+000  0.91392720E+000  0.10532176E+001  0.15626109E+001  0.34696387E+001  0.50349726E+001  0.86266354E+001  0.13804380E+002
  0.15772025E+000  0.20506483E+000  0.39938533E+000  0.60104297E+000  0.91376774E+000  0.10531076E+001  0.15622767E+001  0.34693104E+001  0.50344367E+001  0.86263791E+001  0.13804292E+002
  0.15765739E+000  0.20504238E+000  0.39932372E+000  0.60102711E+000  0.91365084E+000  0.10530081E+001  0.15621083E+001  0.34690337E+001  0.50339846E+001  0.86260425E+001  0.13804218E+002
  0.15764492E+000  0.20501742E+000  0.39926478E+000  0.60101373E+000  0.91366889E+000  0.10529290E+001  0.15619916E+001  0.34688053E+001  0.50336110E+001  0.86258280E+001  0.13804157E+002
  0.15763441E+000  0.20497422E+000  0.39922345E+000  0.60100212E+000  0.91359607E+000  0.10528626E+001  0.15618395E+001  0.34686135E+001  0.50332973E+001  0.86256479E+001  0.13804105E+002
  0.15762568E+000  0.20496057E+000  0.39915801E+000  0.60099214E+000  0.91353617E+000  0.10528198E+001  0.15617237E+001  0.34684548E+001  0.50330379E+001  0.86254990E+001  0.13804063E+002
  0.15761846E+000  0.20494921E+000  0.39912842E+000  0.60089392E+000  0.91348721E+000  0.10527656E+001  0.15615649E+001  0.34683243E+001  0.50328246E+001  0.86253767E+001  0.13804028E+002
  0.15757190E+000  0.20493964E+000  0.39910522E+000  0.60089158E+000  0.91344665E+000  0.10527252E+001  0.15614977E+001  0.34682158E+001  0.50326473E+001  0.86252751E+001  0.13803999E+002
  0.15756286E+000  0.20493167E+000  0.39908621E+000  0.60089104E+000  0.91341363E+000  0.10526946E+001  0.15616026E+001  0.34681269E+001  0.50325021E+001  0.86251919E+001  0.13803975E+002
  0.15755553E+000  0.20492510E+000  0.39907076E+000  0.60089204E+000  0.91340053E+000  0.10526698E+001  0.15615886E+001  0.34680546E+001  0.50323840E+001  0.86251244E+001  0.13803956E+002
  0.15754956E+000  0.20491965E+000  0.39905816E+000  0.60089427E+000  0.91339078E+000  0.10526496E+001  0.15615723E+001  0.34679957E+001  0.50322877E+001  0.86250694E+001  0.13803940E+002
  0.15754480E+000  0.20491520E+000  0.39904807E+000  0.60089759E+000  0.91338290E+000  0.10526335E+001  0.15615551E+001  0.34674323E+001  0.50322106E+001  0.86250256E+001  0.13803928E+002
  0.15754102E+000  0.20491159E+000  0.39904005E+000  0.60090179E+000  0.91337659E+000  0.10526207E+001  0.15615379E+001  0.34674018E+001  0.50321492E+001  0.86249908E+001  0.13803918E+002
  0.15753807E+000  0.20488202E+000  0.39903376E+000  0.60090675E+000  0.91337162E+000  0.10526108E+001  0.15615215E+001  0.34673805E+001  0.50321009E+001  0.86249636E+001  0.13803910E+002
  0.15753579E+000  0.20488005E+000  0.39902890E+000  0.60091231E+000  0.91336776E+000  0.10526058E+001  0.15615063E+001  0.34673669E+001  0.50320634E+001  0.86249428E+001  0.13803904E+002
  0.15753410E+000  0.20487872E+000  0.39902526E+000  0.60091840E+000  0.91336488E+000  0.10525976E+001  0.15614929E+001  0.34673600E+001  0.50320352E+001  0.86249272E+001  0.13803900E+002
  0.15753287E+000  0.20487789E+000  0.39902260E+000  0.60092489E+000  0.91336280E+000  0.10525936E+001  0.15617083E+001  0.34673584E+001  0.50320144E+001  0.86249161E+001  0.13803897E+002
  0.15753203E+000  0.20487748E+000  0.39902078E+000  0.60093173E+000  0.91336139E+000  0.10525910E+001  0.15617144E+001  0.34673613E+001  0.50319999E+001  0.86249085E+001  0.13803895E+002
  0.15753150E+000  0.20487739E+000  0.39901963E+000  0.60095072E+000  0.91336056E+000  0.10525894E+001  0.15617197E+001  0.34673681E+001  0.50319905E+001  0.86249039E+001  0.13803894E+002
  0.15753125E+000  0.20487759E+000  0.39901907E+000  0.60095846E+000  0.91336022E+000  0.10525888E+001  0.15617249E+001  0.34673781E+001  0.50319855E+001  0.86249019E+001  0.13803893E+002
  0.15753120E+000  0.20487798E+000  0.39901894E+000  0.60095845E+000  0.91336027E+000  0.10525889E+001  0.15617302E+001  0.34673907E+001  0.50319838E+001  0.86249017E+001  0.13803893E+002
  0.15753134E+000  0.20487856E+000  0.39901920E+000  0.60095854E+000  0.91336068E+000  0.10525897E+001  0.15617361E+001  0.34674055E+001  0.50319852E+001  0.86249034E+001  0.13803894E+002
  0.15753161E+000  0.20487926E+000  0.39901975E+000  0.60095870E+000  0.91336135E+000  0.10525909E+001  0.15617425E+001  0.34674221E+001  0.50319888E+001  0.86249063E+001  0.13803895E+002
  0.15753201E+000  0.20488008E+000  0.39902057E+000  0.60095896E+000  0.91336228E+000  0.10525926E+001  0.15617496E+001  0.34674403E+001  0.50319946E+001  0.86249104E+001  0.13803896E+002
  0.15753249E+000  0.20488097E+000  0.39902160E+000  0.60095930E+000  0.91336341E+000  0.10525947E+001  0.15617576E+001  0.34674598E+001  0.50320020E+001  0.86249155E+001  0.13803897E+002
  0.15753306E+000  0.20488193E+000  0.39902281E+000  0.60095972E+000  0.91336472E+000  0.10525970E+001  0.15618160E+001  0.34674803E+001  0.50320108E+001  0.86249214E+001  0.13803899E+002
  0.15753370E+000  0.20488295E+000  0.39902417E+000  0.60096022E+000  0.91336619E+000  0.10525996E+001  0.15618191E+001  0.34675016E+001  0.50320209E+001  0.86249279E+001  0.13803901E+002
  0.15753440E+000  0.20488400E+000  0.39902567E+000  0.60096080E+000  0.91336780E+000  0.10526024E+001  0.15618226E+001  0.34675238E+001  0.50320321E+001  0.86249351E+001  0.13803903E+002
  0.15753514E+000  0.20488509E+000  0.39902728E+000  0.60096146E+000  0.91336954E+000  0.10526055E+001  0.15618264E+001  0.34675465E+001  0.50320443E+001  0.86249428E+001  0.13803905E+002
  0.15753593E+000  0.20488620E+000  0.39902897E+000  0.60096218E+000  0.91337138E+000  0.10526087E+001  0.15618304E+001  0.34675695E+001  0.50320573E+001  0.86249509E+001  0.13803908E+002
  0.15753675E+000  0.20488734E+000  0.39903075E+000  0.60096299E+000  0.91337333E+000  0.10526121E+001  0.15618347E+001  0.34675930E+001  0.50320711E+001  0.86249595E+001  0.13803910E+002
  0.15753762E+000  0.20488850E+000  0.39903263E+000  0.60096387E+000  0.91337539E+000  0.10526156E+001  0.15618393E+001  0.34676168E+001  0.50320858E+001  0.86249685E+001  0.13803913E+002
  0.15753851E+000  0.20488968E+000  0.39903456E+000  0.60096482E+000  0.91337753E+000  0.10526193E+001  0.15618441E+001  0.34676406E+001  0.50321011E+001  0.86249778E+001  0.13803916E+002
  0.15753944E+000  0.20489088E+000  0.39903659E+000  0.60096585E+000  0.91337978E+000  0.10526231E+001  0.15618491E+001  0.34676646E+001  0.50321173E+001  0.86249876E+001  0.13803919E+002
  0.15754039E+000  0.20489210E+000  0.39903866E+000  0.60096694E+000  0.91338209E+000  0.10526270E+001  0.15618542E+001  0.34676885E+001  0.50321340E+001  0.86249976E+001  0.13803922E+002
  0.15754138E+000  0.20489333E+000  0.39904080E+000  0.60096811E+000  0.91338450E+000  0.10526311E+001  0.15618596E+001  0.34677123E+001  0.50321515E+001  0.86250080E+001  0.13803925E+002
  0.15754239E+000  0.20489458E+000  0.39904300E+000  0.60096934E+000  0.91338698E+000  0.10526353E+001  0.15618651E+001  0.34677360E+001  0.50321695E+001  0.86250188E+001  0.13803928E+002
  0.15754342E+000  0.20489585E+000  0.39904524E+000  0.60097064E+000  0.91338953E+000  0.10526396E+001  0.15618708E+001  0.34677595E+001  0.50321882E+001  0.86250298E+001  0.13803931E+002
  0.15754447E+000  0.20491123E+000  0.39904754E+000  0.60097199E+000  0.91339215E+000  0.10526440E+001  0.15618766E+001  0.34679785E+001  0.50322074E+001  0.86250410E+001  0.13803934E+002
  0.15754554E+000  0.20491221E+000  0.39904988E+000  0.60097340E+000  0.91339483E+000  0.10526485E+001  0.15621266E+001  0.34679922E+001  0.50322272E+001  0.86250525E+001  0.13803938E+002
  0.15754663E+000  0.20491322E+000  0.39905225E+000  0.60097487E+000  0.91339757E+000  0.10526530E+001  0.15621446E+001  0.34680063E+001  0.50322475E+001  0.86250643E+001  0.13803941E+002
  0.15754773E+000  0.20491425E+000  0.39905466E+000  0.60097637E+000  0.91340036E+000  0.10526577E+001  0.15621618E+001  0.34680206E+001  0.50322682E+001  0.86250762E+001  0.13803945E+002
  0.15754885E+000  0.20491530E+000  0.39905710E+000  0.60097793E+000  0.91340319E+000  0.10526624E+001  0.15621782E+001  0.34680352E+001  0.50322894E+001  0.86250884E+001  0.13803948E+002
  0.15754997E+000  0.20491637E+000  0.39905956E+000  0.60097951E+000  0.91340606E+000  0.10526672E+001  0.15621938E+001  0.34680500E+001  0.50323110E+001  0.86251006E+001  0.13803952E+002
  0.15755110E+000  0.20491746E+000  0.39906204E+000  0.60098113E+000  0.91340896E+000  0.10526720E+001  0.15622088E+001  0.34680649E+001  0.50323329E+001  0.86251131E+001  0.13803956E+002
  0.15755224E+000  0.20491856E+000  0.39906453E+000  0.60098277E+000  0.91341189E+000  0.10526769E+001  0.15622232E+001  0.34680800E+001  0.50323551E+001  0.86251256E+001  0.13803959E+002
  0.15755339E+000  0.20491966E+000  0.39906703E+000  0.60098443E+000  0.91341483E+000  0.10526818E+001  0.15622369E+001  0.34680952E+001  0.50323776E+001  0.86251383E+001  0.13803963E+002
  0.15755453E+000  0.20492078E+000  0.39906953E+000  0.60098609E+000  0.91341779E+000  0.10526868E+001  0.15622501E+001  0.34681105E+001  0.50324004E+001  0.86251510E+001  0.13803967E+002
  0.15755568E+000  0.20492190E+000  0.39907204E+000  0.60098777E+000  0.91342075E+000  0.10526917E+001  0.15622628E+001  0.34681259E+001  0.50324233E+001  0.86251637E+001  0.13803971E+002
  0.15755682E+000  0.20492303E+000  0.39907453E+000  0.60098944E+000  0.91342371E+000  0.10526966E+001  0.15622749E+001  0.34681413E+001  0.50324463E+001  0.86251765E+001  0.13803974E+002
  0.15755796E+000  0.20492416E+000  0.39907702E+000  0.60099111E+000  0.91342667E+000  0.10527020E+001  0.15622866E+001  0.34681566E+001  0.50324694E+001  0.86251892E+001  0.13803978E+002
  0.15755909E+000  0.20492528E+000  0.39907948E+000  0.60099276E+000  0.91342961E+000  0.10527075E+001  0.15622978E+001  0.34681719E+001  0.50324926E+001  0.86252020E+001  0.13803982E+002
  0.15756022E+000  0.20492641E+000  0.39908193E+000  0.60099440E+000  0.91343254E+000  0.10527129E+001  0.15623085E+001  0.34681871E+001  0.50325157E+001  0.86252146E+001  0.13803985E+002
  0.15756133E+000  0.20492752E+000  0.39908436E+000  0.60099601E+000  0.91343543E+000  0.10527184E+001  0.15623189E+001  0.34682023E+001  0.50325388E+001  0.86252272E+001  0.13803989E+002
  0.15756243E+000  0.20492863E+000  0.39908675E+000  0.60099760E+000  0.91343830E+000  0.10527238E+001  0.15623288E+001  0.34682173E+001  0.50325618E+001  0.86252397E+001  0.13803993E+002
  0.15756352E+000  0.20492973E+000  0.39908911E+000  0.60099915E+000  0.91344113E+000  0.10527291E+001  0.15623383E+001  0.34682321E+001  0.50325846E+001  0.86252520E+001  0.13803996E+002
  0.15756459E+000  0.20493081E+000  0.39909143E+000  0.60100067E+000  0.91344392E+000  0.10527344E+001  0.15623474E+001  0.34682467E+001  0.50326071E+001  0.86252642E+001  0.13804000E+002
  0.15756564E+000  0.20493188E+000  0.39909371E+000  0.60100214E+000  0.91344666E+000  0.10527396E+001  0.15623562E+001  0.34682611E+001  0.50326294E+001  0.86252762E+001  0.13804003E+002
  0.15756668E+000  0.20493293E+000  0.39909594E+000  0.60100358E+000  0.91344934E+000  0.10527447E+001  0.15623646E+001  0.34682753E+001  0.50326514E+001  0.86252881E+001  0.13804007E+002
  0.15756769E+000  0.20493396E+000  0.39909813E+000  0.60100496E+000  0.91345197E+000  0.10527497E+001  0.15623726E+001  0.34682891E+001  0.50326730E+001  0.86252996E+001  0.13804010E+002
  0.15756868E+000  0.20493497E+000  0.39910025E+000  0.60100629E+000  0.91345452E+000  0.10527546E+001  0.15623803E+001  0.34683027E+001  0.50326941E+001  0.86253110E+001  0.13804014E+002
  0.15756964E+000  0.20493596E+000  0.39910232E+000  0.60100757E+000  0.91345840E+000  0.10527612E+001  0.15623876E+001  0.34683159E+001  0.50327148E+001  0.86253220E+001  0.13804017E+002
  0.15757057E+000  0.20493692E+000  0.39910433E+000  0.60100879E+000  0.91346218E+000  0.10527641E+001  0.15623946E+001  0.34683288E+001  0.50327350E+001  0.86253328E+001  0.13804020E+002
  0.15757148E+000  0.20493785E+000  0.39910627E+000  0.60100996E+000  0.91346586E+000  0.10527686E+001  0.15624012E+001  0.34683413E+001  0.50327546E+001  0.86253433E+001  0.13804023E+002
  0.15757236E+000  0.20493875E+000  0.39910815E+000  0.60101107E+000  0.91346942E+000  0.10527730E+001  0.15624075E+001  0.34683534E+001  0.50327736E+001  0.86253534E+001  0.13804026E+002
  0.15757321E+000  0.20493962E+000  0.39910996E+000  0.60101211E+000  0.91347285E+000  0.10527773E+001  0.15624135E+001  0.34683650E+001  0.50327920E+001  0.86253632E+001  0.13804029E+002
  0.15757402E+000  0.20494046E+000  0.39911169E+000  0.60101310E+000  0.91347615E+000  0.10527814E+001  0.15624192E+001  0.34683763E+001  0.50328098E+001  0.86253727E+001  0.13804031E+002
  0.15757480E+000  0.20494127E+000  0.39911336E+000  0.60101403E+000  0.91347933E+000  0.10527853E+001  0.15624246E+001  0.34683871E+001  0.50328269E+001  0.86253818E+001  0.13804034E+002
  0.15757555E+000  0.20494205E+000  0.39911494E+000  0.60101490E+000  0.91348238E+000  0.10527788E+001  0.15624296E+001  0.34683974E+001  0.50328433E+001  0.86253905E+001  0.13804037E+002
  0.15757627E+000  0.20494279E+000  0.39911646E+000  0.60101571E+000  0.91348530E+000  0.10527820E+001  0.15624344E+001  0.34684073E+001  0.50328590E+001  0.86253989E+001  0.13804039E+002
  0.15757696E+000  0.20494350E+000  0.39911791E+000  0.60101646E+000  0.91348808E+000  0.10527850E+001  0.15624389E+001  0.34684167E+001  0.50328740E+001  0.86254070E+001  0.13804041E+002
  0.15757761E+000  0.20494417E+000  0.39911928E+000  0.60101716E+000  0.91349073E+000  0.10527879E+001  0.15624432E+001  0.34684257E+001  0.50328884E+001  0.86254146E+001  0.13804044E+002
  0.15757823E+000  0.20494482E+000  0.39912058E+000  0.60101781E+000  0.91349325E+000  0.10527907E+001  0.15624472E+001  0.34684342E+001  0.50329020E+001  0.86254219E+001  0.13804046E+002
  0.15757881E+000  0.20494542E+000  0.39912181E+000  0.60101841E+000  0.91349564E+000  0.10527933E+001  0.15624509E+001  0.34684422E+001  0.50329150E+001  0.86254288E+001  0.13804048E+002
  0.15757937E+000  0.20494600E+000  0.39912297E+000  0.60101896E+000  0.91349790E+000  0.10527957E+001  0.15624544E+001  0.34684498E+001  0.50329273E+001  0.86254354E+001  0.13804049E+002
  0.15757989E+000  0.20494655E+000  0.39912406E+000  0.60101946E+000  0.91350004E+000  0.10527980E+001  0.15624577E+001  0.34684570E+001  0.50329390E+001  0.86254416E+001  0.13804051E+002
  0.15758039E+000  0.20494706E+000  0.39912509E+000  0.60101992E+000  0.91350205E+000  0.10528002E+001  0.15624608E+001  0.34684637E+001  0.50329500E+001  0.86254475E+001  0.13804053E+002
  0.15758085E+000  0.20494754E+000  0.39912606E+000  0.60102033E+000  0.91350395E+000  0.10528023E+001  0.15624636E+001  0.34684700E+001  0.50329604E+001  0.86254531E+001  0.13804054E+002
  0.15758129E+000  0.20494800E+000  0.39912696E+000  0.60102071E+000  0.91350573E+000  0.10528042E+001  0.15624663E+001  0.34684759E+001  0.50329702E+001  0.86254584E+001  0.13804056E+002
  0.15761514E+000  0.20494842E+000  0.39912781E+000  0.60102106E+000  0.91350739E+000  0.10528060E+001  0.15624687E+001  0.34684814E+001  0.50329794E+001  0.86254633E+001  0.13804057E+002
  0.15761538E+000  0.20494882E+000  0.39912860E+000  0.60102137E+000  0.91350896E+000  0.10528077E+001  0.15624710E+001  0.34684865E+001  0.50329881E+001  0.86254680E+001  0.13804059E+002
  0.15761560E+000  0.20494919E+000  0.39912934E+000  0.60102165E+000  0.91351041E+000  0.10528093E+001  0.15624731E+001  0.34684913E+001  0.50329961E+001  0.86254724E+001  0.13804060E+002
  0.15761581E+000  0.20494953E+000  0.39913002E+000  0.60102190E+000  0.91351177E+000  0.10528107E+001  0.15624750E+001  0.34684957E+001  0.50330037E+001  0.86254765E+001  0.13804061E+002
  0.15761600E+000  0.20494986E+000  0.39913066E+000  0.60102212E+000  0.91351303E+000  0.10528121E+001  0.15624768E+001  0.34684997E+001  0.50330107E+001  0.86254803E+001  0.13804062E+002
  0.15761618E+000  0.20495015E+000  0.39913125E+000  0.60102232E+000  0.91351420E+000  0.10528134E+001  0.15624784E+001  0.34685035E+001  0.50330173E+001  0.86254839E+001  0.13804063E+002
  0.15761635E+000  0.20495043E+000  0.39913179E+000  0.60102249E+000  0.91351529E+000  0.10528146E+001  0.15624799E+001  0.34685069E+001  0.50330234E+001  0.86254872E+001  0.13804064E+002
  0.15761650E+000  0.20495068E+000  0.39913229E+000  0.60102265E+000  0.91351629E+000  0.10528156E+001  0.15624812E+001  0.34685101E+001  0.50330289E+001  0.86254903E+001  0.13804065E+002
  0.15761664E+000  0.20495092E+000  0.39913276E+000  0.60102278E+000  0.91351722E+000  0.10528166E+001  0.15624825E+001  0.34685129E+001  0.50330341E+001  0.86254932E+001  0.13804066E+002
  0.15761677E+000  0.20495113E+000  0.39913318E+000  0.60102295E+000  0.91351807E+000  0.10528176E+001  0.15624835E+001  0.34685156E+001  0.50330388E+001  0.86254959E+001  0.13804066E+002
  0.15761689E+000  0.20495133E+000  0.39913357E+000  0.60102311E+000  0.91351884E+000  0.10528184E+001  0.15624845E+001  0.34685179E+001  0.50330431E+001  0.86254984E+001  0.13804067E+002
  0.15761700E+000  0.20495151E+000  0.39913392E+000  0.60102325E+000  0.91351956E+000  0.10528192E+001  0.15624854E+001  0.34685200E+001  0.50330470E+001  0.86255008E+001  0.13804068E+002
  0.15761711E+000  0.20495167E+000  0.39913425E+000  0.60102338E+000  0.91352021E+000  0.10528199E+001  0.15624862E+001  0.34685220E+001  0.50330505E+001  0.86255029E+001  0.13804068E+002
  0.15761720E+000  0.20495182E+000  0.39913454E+000  0.60102349E+000  0.91352080E+000  0.10528205E+001  0.15624868E+001  0.34685237E+001  0.50330536E+001  0.86255049E+001  0.13804069E+002
  0.15761728E+000  0.20495196E+000  0.39913481E+000  0.60102358E+000  0.91352134E+000  0.10528211E+001  0.15624874E+001  0.34685252E+001  0.50330563E+001  0.86255067E+001  0.13804069E+002
  0.15761736E+000  0.20495208E+000  0.39913505E+000  0.60102366E+000  0.91352183E+000  0.10528216E+001  0.15624879E+001  0.34685265E+001  0.50330587E+001  0.86255084E+001  0.13804069E+002
  0.15761742E+000  0.20495219E+000  0.39913527E+000  0.60102372E+000  0.91352227E+000  0.10528221E+001  0.15624884E+001  0.34685277E+001  0.50330608E+001  0.86255099E+001  0.13804070E+002
  0.15761749E+000  0.20495228E+000  0.39913546E+000  0.60102377E+000  0.91352266E+000  0.10528225E+001  0.15624887E+001  0.34685287E+001  0.50330625E+001  0.86255113E+001  0.13804070E+002
  0.15761754E+000  0.20495237E+000  0.39913563E+000  0.60102382E+000  0.91352301E+000  0.10528229E+001  0.15624890E+001  0.34685295E+001  0.50330640E+001  0.86255126E+001  0.13804070E+002
  0.15761759E+000  0.20495245E+000  0.39913579E+000  0.60102385E+000  0.91352333E+000  0.10528232E+001  0.15624893E+001  0.34685303E+001  0.50330651E+001  0.86255138E+001  0.13804071E+002
  0.15761763E+000  0.20495252E+000  0.39913592E+000  0.60102387E+000  0.91352361E+000  0.10528235E+001  0.15624894E+001  0.34685308E+001  0.50330660E+001  0.86255148E+001  0.13804071E+002
  0.15761767E+000  0.20495257E+000  0.39913604E+000  0.60102388E+000  0.91352386E+000  0.10528238E+001  0.15624896E+001  0.34685313E+001  0.50330666E+001  0.86255158E+001  0.13804071E+002
  0.15761771E+000  0.20495263E+000  0.39913615E+000  0.60102389E+000  0.91352408E+000  0.10528240E+001  0.15624897E+001  0.34685317E+001  0.50330669E+001  0.86255167E+001  0.13804071E+002
  0.15761774E+000  0.20495267E+000  0.39913624E+000  0.60102389E+000  0.91352427E+000  0.10528242E+001  0.15624897E+001  0.34685320E+001  0.50330670E+001  0.86255175E+001  0.13804072E+002
  0.15761777E+000  0.20495271E+000  0.39913631E+000  0.60102388E+000  0.91352443E+000  0.10528244E+001  0.15624898E+001  0.34685321E+001  0.50330669E+001  0.86255181E+001  0.13804072E+002
  0.15761779E+000  0.20495274E+000  0.39913638E+000  0.60102387E+000  0.91352457E+000  0.10528246E+001  0.15624897E+001  0.34685322E+001  0.50330665E+001  0.86255188E+001  0.13804072E+002
  0.15761781E+000  0.20495277E+000  0.39913643E+000  0.60102385E+000  0.91352469E+000  0.10528247E+001  0.15624897E+001  0.34685322E+001  0.50330660E+001  0.86255193E+001  0.13804072E+002
  0.15761783E+000  0.20495279E+000  0.39913648E+000  0.60102383E+000  0.91352479E+000  0.10528248E+001  0.15624896E+001  0.34685322E+001  0.50330652E+001  0.86255198E+001  0.13804072E+002
  0.15761784E+000  0.20495281E+000  0.39913652E+000  0.60102381E+000  0.91352487E+000  0.10528249E+001  0.15624896E+001  0.34685320E+001  0.50330642E+001  0.86255202E+001  0.13804072E+002
  0.15761785E+000  0.20495282E+000  0.39913654E+000  0.60102378E+000  0.91352494E+000  0.10528250E+001  0.15624894E+001  0.34685318E+001  0.50330631E+001  0.86255205E+001  0.13804072E+002
  0.15761786E+000  0.20495283E+000  0.39913656E+000  0.60102375E+000  0.91352499E+000  0.10528250E+001  0.15624893E+001  0.34685316E+001  0.50330618E+001  0.86255208E+001  0.13804072E+002
  0.15761787E+000  0.20495283E+000  0.39913658E+000  0.60102371E+000  0.91352503E+000  0.10528251E+001  0.15624892E+001  0.34685313E+001  0.50330603E+001  0.86255210E+001  0.13804072E+002
  0.15761787E+000  0.20495284E+000  0.39913658E+000  0.60102367E+000  0.91352506E+000  0.10528251E+001  0.15624890E+001  0.34685310E+001  0.50330587E+001  0.86255212E+001  0.13804073E+002
  0.15761788E+000  0.20495284E+000  0.39913659E+000  0.60102363E+000  0.91352508E+000  0.10528251E+001  0.15624889E+001  0.34685306E+001  0.50330570E+001  0.86255213E+001  0.13804073E+002
  0.15761788E+000  0.20495284E+000  0.39913658E+000  0.60102359E+000  0.91352509E+000  0.10528251E+001  0.15624887E+001  0.34685302E+001  0.50330551E+001  0.86255214E+001  0.13804073E+002
  0.15761788E+000  0.20495283E+000  0.39913657E+000  0.60102354E+000  0.91352509E+000  0.10528251E+001  0.15624885E+001  0.34685297E+001  0.50330531E+001  0.86255214E+001  0.13804073E+002
  0.15761788E+000  0.20495283E+000  0.39913656E+000  0.60102349E+000  0.91352508E+000  0.10528251E+001  0.15624883E+001  0.34685292E+001  0.50330509E+001  0.86255214E+001  0.13804073E+002
  0.15761788E+000  0.20495282E+000  0.39913655E+000  0.60102344E+000  0.91352506E+000  0.10528251E+001  0.15624881E+001  0.34685288E+001  0.50330487E+001  0.86255214E+001  0.13804073E+002
  0.15761788E+000  0.20495281E+000  0.39913653E+000  0.60102339E+000  0.91352504E+000  0.10528251E+001  0.15624879E+001  0.34685282E+001  0.50330464E+001  0.86255213E+001  0.13804073E+002
  0.15761788E+000  0.20495280E+000  0.39913651E+000  0.60102334E+000  0.91352502E+000  0.10528251E+001  0.15624877E+001  0.34685277E+001  0.50330439E+001  0.86255212E+001  0.13804073E+002
  0.15761787E+000  0.20495279E+000  0.39913648E+000  0.60102329E+000  0.91352499E+000  0.10528250E+001  0.15624874E+001  0.34685272E+001  0.50330414E+001  0.86255211E+001  0.13804073E+002
  0.15761787E+000  0.20495278E+000  0.39913646E+000  0.60102324E+000  0.91352495E+000  0.10528250E+001  0.15624872E+001  0.34685266E+001  0.50330388E+001  0.86255209E+001  0.13804073E+002
  0.15761786E+000  0.20495277E+000  0.39913643E+000  0.60102318E+000  0.91352492E+000  0.10528249E+001  0.15624870E+001  0.34685260E+001  0.50330362E+001  0.86255207E+001  0.13804073E+002
  0.15761786E+000  0.20495276E+000  0.39913640E+000  0.60102313E+000  0.91352488E+000  0.10528249E+001  0.15624868E+001  0.34685254E+001  0.50330334E+001  0.86255204E+001  0.13804073E+002
  0.15761785E+000  0.20495274E+000  0.39913637E+000  0.60102307E+000  0.91352483E+000  0.10528249E+001  0.15624865E+001  0.34685249E+001  0.50330307E+001  0.86255202E+001  0.13804073E+002
  0.15761785E+000  0.20495273E+000  0.39913634E+000  0.60102302E+000  0.91352479E+000  0.10528248E+001  0.15624863E+001  0.34685243E+001  0.50330278E+001  0.86255199E+001  0.13804073E+002
  0.15761784E+000  0.20495272E+000  0.39913630E+000  0.60102296E+000  0.91352474E+000  0.10528248E+001  0.15624861E+001  0.34685237E+001  0.50330249E+001  0.86255196E+001  0.13804073E+002
  0.15761784E+000  0.20495270E+000  0.39913627E+000  0.60102291E+000  0.91352470E+000  0.10528247E+001  0.15624859E+001  0.34685231E+001  0.50330220E+001  0.86255192E+001  0.13804072E+002
  0.15761783E+000  0.20495269E+000  0.39913624E+000  0.60102285E+000  0.91352465E+000  0.10528247E+001  0.15624856E+001  0.34685225E+001  0.50330191E+001  0.86255189E+001  0.13804072E+002
  0.15761782E+000  0.20495268E+000  0.39913620E+000  0.60102280E+000  0.91352460E+000  0.10528246E+001  0.15624854E+001  0.34685219E+001  0.50330161E+001  0.86255185E+001  0.13804072E+002
  0.15761782E+000  0.20495266E+000  0.39913617E+000  0.60102274E+000  0.91352456E+000  0.10528246E+001  0.15624852E+001  0.34685213E+001  0.50330131E+001  0.86255181E+001  0.13804072E+002
  0.15761781E+000  0.20495265E+000  0.39913614E+000  0.60102269E+000  0.91352451E+000  0.10528245E+001  0.15624850E+001  0.34685208E+001  0.50330101E+001  0.86255177E+001  0.13804072E+002
  0.15761781E+000  0.20495264E+000  0.39913610E+000  0.60102263E+000  0.91352446E+000  0.10528245E+001  0.15624847E+001  0.34685202E+001  0.50330071E+001  0.86255173E+001  0.13804072E+002
  0.15761780E+000  0.20495262E+000  0.39913607E+000  0.60102258E+000  0.91352441E+000  0.10528244E+001  0.15624845E+001  0.34685197E+001  0.50330041E+001  0.86255169E+001  0.13804072E+002
  0.15761779E+000  0.20495261E+000  0.39913604E+000  0.60102253E+000  0.91352437E+000  0.10528244E+001  0.15624843E+001  0.34685191E+001  0.50330011E+001  0.86255164E+001  0.13804072E+002
  0.15761779E+000  0.20495260E+000  0.39913601E+000  0.60102248E+000  0.91352432E+000  0.10528243E+001  0.15624841E+001  0.34685186E+001  0.50329981E+001  0.86255160E+001  0.13804072E+002
  0.15761778E+000  0.20495259E+000  0.39913598E+000  0.60102243E+000  0.91352428E+000  0.10528243E+001  0.15624839E+001  0.34685180E+001  0.50329951E+001  0.86255155E+001  0.13804072E+002
  0.15761777E+000  0.20495257E+000  0.39913595E+000  0.60102238E+000  0.91352424E+000  0.10528242E+001  0.15624837E+001  0.34685175E+001  0.50329921E+001  0.86255150E+001  0.13804072E+002
  0.15761777E+000  0.20495256E+000  0.39913592E+000  0.60102234E+000  0.91352420E+000  0.10528242E+001  0.15624835E+001  0.34685170E+001  0.50329891E+001  0.86255145E+001  0.13804072E+002
  0.15761776E+000  0.20495255E+000  0.39913589E+000  0.60102229E+000  0.91352416E+000  0.10528241E+001  0.15624833E+001  0.34685165E+001  0.50329862E+001  0.86255141E+001  0.13804072E+002
  0.15761776E+000  0.20495254E+000  0.39913587E+000  0.60102225E+000  0.91352412E+000  0.10528241E+001  0.15624831E+001  0.34685160E+001  0.50329833E+001  0.86255136E+001  0.13804072E+002
  0.15761775E+000  0.20495253E+000  0.39913584E+000  0.60102220E+000  0.91352408E+000  0.10528241E+001  0.15624830E+001  0.34685156E+001  0.50329804E+001  0.86255131E+001  0.13804072E+002
  0.15761775E+000  0.20495252E+000  0.39913582E+000  0.60102216E+000  0.91352405E+000  0.10528240E+001  0.15624828E+001  0.34685151E+001  0.50329776E+001  0.86255126E+001  0.13804072E+002
  0.15761774E+000  0.20495251E+000  0.39913579E+000  0.60102212E+000  0.91352401E+000  0.10528240E+001  0.15624826E+001  0.34685147E+001  0.50329748E+001  0.86255121E+001  0.13804072E+002
  0.15761774E+000  0.20495251E+000  0.39913577E+000  0.60102208E+000  0.91352398E+000  0.10528240E+001  0.15624824E+001  0.34685142E+001  0.50329720E+001  0.86255116E+001  0.13804072E+002
  0.15761774E+000  0.20495250E+000  0.39913575E+000  0.60102205E+000  0.91352395E+000  0.10528239E+001  0.15624823E+001  0.34685138E+001  0.50329693E+001  0.86255111E+001  0.13804072E+002
  0.15761773E+000  0.20495249E+000  0.39913573E+000  0.60102201E+000  0.91352392E+000  0.10528239E+001  0.15624821E+001  0.34685134E+001  0.50329666E+001  0.86255106E+001  0.13804072E+002
  0.15761773E+000  0.20495248E+000  0.39913571E+000  0.60102198E+000  0.91352390E+000  0.10528239E+001  0.15624820E+001  0.34685130E+001  0.50329639E+001  0.86255102E+001  0.13804072E+002
  0.15761772E+000  0.20495248E+000  0.39913569E+000  0.60102195E+000  0.91352387E+000  0.10528238E+001  0.15624818E+001  0.34685126E+001  0.50329613E+001  0.86255097E+001  0.13804072E+002
  0.15761772E+000  0.20495247E+000  0.39913568E+000  0.60102192E+000  0.91352385E+000  0.10528238E+001  0.15624817E+001  0.34685123E+001  0.50329588E+001  0.86255092E+001  0.13804072E+002
  0.15761772E+000  0.20495246E+000  0.39913566E+000  0.60102189E+000  0.91352383E+000  0.10528238E+001  0.15624816E+001  0.34685119E+001  0.50329563E+001  0.86255087E+001  0.13804072E+002
  0.15761771E+000  0.20495246E+000  0.39913565E+000  0.60102186E+000  0.91352381E+000  0.10528238E+001  0.15624814E+001  0.34685116E+001  0.50329539E+001  0.86255082E+001  0.13804072E+002
  0.15761771E+000  0.20495245E+000  0.39913564E+000  0.60102184E+000  0.91352379E+000  0.10528238E+001  0.15624813E+001  0.34685112E+001  0.50329515E+001  0.86255078E+001  0.13804072E+002
  0.15761771E+000  0.20495245E+000  0.39913562E+000  0.60102181E+000  0.91352377E+000  0.10528237E+001  0.15624812E+001  0.34685109E+001  0.50329491E+001  0.86255073E+001  0.13804072E+002
  0.15761771E+000  0.20495244E+000  0.39913561E+000  0.60102179E+000  0.91352376E+000  0.10528237E+001  0.15624811E+001  0.34685106E+001  0.50329468E+001  0.86255069E+001  0.13804072E+002
  0.15761771E+000  0.20495244E+000  0.39913560E+000  0.60102177E+000  0.91352374E+000  0.10528237E+001  0.15624810E+001  0.34685103E+001  0.50329446E+001  0.86255064E+001  0.13804072E+002
  0.15761770E+000  0.20495244E+000  0.39913559E+000  0.60102175E+000  0.91352373E+000  0.10528237E+001  0.15624809E+001  0.34685100E+001  0.50329424E+001  0.86255060E+001  0.13804072E+002
  0.15761770E+000  0.20495243E+000  0.39913558E+000  0.60102173E+000  0.91352372E+000  0.10528237E+001  0.15624808E+001  0.34685097E+001  0.50329403E+001  0.86255056E+001  0.13804071E+002
  0.15761770E+000  0.20495243E+000  0.39913558E+000  0.60102171E+000  0.91352371E+000  0.10528237E+001  0.15624807E+001  0.34685095E+001  0.50329382E+001  0.86255051E+001  0.13804071E+002
  0.15761770E+000  0.20495243E+000  0.39913557E+000  0.60102170E+000  0.91352370E+000  0.10528237E+001  0.15624806E+001  0.34685092E+001  0.50329362E+001  0.86255047E+001  0.13804071E+002
  0.15761770E+000  0.20495243E+000  0.39913556E+000  0.60102168E+000  0.91352369E+000  0.10528237E+001  0.15624806E+001  0.34685090E+001  0.50329342E+001  0.86255043E+001  0.13804071E+002
  0.15761770E+000  0.20495242E+000  0.39913556E+000  0.60102167E+000  0.91352369E+000  0.10528237E+001  0.15624805E+001  0.34685087E+001  0.50329322E+001  0.86255039E+001  0.13804071E+002
  0.15761770E+000  0.20495242E+000  0.39913555E+000  0.60102166E+000  0.91352368E+000  0.10528236E+001  0.15624804E+001  0.34685085E+001  0.50329304E+001  0.86255035E+001  0.13804071E+002
  0.15761770E+000  0.20495242E+000  0.39913555E+000  0.60102164E+000  0.91352368E+000  0.10528236E+001  0.15624804E+001  0.34685083E+001  0.50329285E+001  0.86255032E+001  0.13804071E+002
  0.15761770E+000  0.20495242E+000  0.39913554E+000  0.60102163E+000  0.91352367E+000  0.10528236E+001  0.15624803E+001  0.34685081E+001  0.50329268E+001  0.86255028E+001  0.13804071E+002
  0.15761770E+000  0.20495242E+000  0.39913554E+000  0.60102162E+000  0.91352367E+000  0.10528236E+001  0.15624803E+001  0.34685079E+001  0.50329250E+001  0.86255024E+001  0.13804071E+002
  0.15761770E+000  0.20495242E+000  0.39913554E+000  0.60102161E+000  0.91352367E+000  0.10528236E+001  0.15624802E+001  0.34685077E+001  0.50329233E+001  0.86255021E+001  0.13804071E+002
  0.15761769E+000  0.20495242E+000  0.39913553E+000  0.60102160E+000  0.91352367E+000  0.10528236E+001  0.15624802E+001  0.34685075E+001  0.50329217E+001  0.86255017E+001  0.13804071E+002
  0.15761769E+000  0.20495242E+000  0.39913553E+000  0.60102160E+000  0.91352367E+000  0.10528236E+001  0.15624801E+001  0.34685073E+001  0.50329201E+001  0.86255014E+001  0.13804071E+002
  0.15761769E+000  0.20495242E+000  0.39913553E+000  0.60102159E+000  0.91352366E+000  0.10528236E+001  0.15624801E+001  0.34685071E+001  0.50329186E+001  0.86255011E+001  0.13804071E+002
  0.15761769E+000  0.20495242E+000  0.39913553E+000  0.60102158E+000  0.91352366E+000  0.10528236E+001  0.15624800E+001  0.34685070E+001  0.50329171E+001  0.86255008E+001  0.13804071E+002
  0.15761769E+000  0.20495242E+000  0.39913553E+000  0.60102158E+000  0.91352367E+000  0.10528236E+001  0.15624800E+001  0.34685068E+001  0.50329156E+001  0.86255004E+001  0.13804071E+002
  0.15761769E+000  0.20495242E+000  0.39913553E+000  0.60102157E+000  0.91352367E+000  0.10528236E+001  0.15624800E+001  0.34685067E+001  0.50329142E+001  0.86255001E+001  0.13804071E+002
  0.15761770E+000  0.20495242E+000  0.39913553E+000  0.60102156E+000  0.91352367E+000  0.10528236E+001  0.15624799E+001  0.34685065E+001  0.50329129E+001  0.86254998E+001  0.13804071E+002
  0.15761770E+000  0.20495242E+000  0.39913553E+000  0.60102156E+000  0.91352367E+000  0.10528236E+001  0.15624799E+001  0.34685064E+001  0.50329115E+001  0.86254996E+001  0.13804071E+002
  0.15761770E+000  0.20495242E+000  0.39913553E+000  0.60102156E+000  0.91352367E+000  0.10528236E+001  0.15624799E+001  0.34685062E+001  0.50329102E+001  0.86254993E+001  0.13804071E+002
  0.15761770E+000  0.20495242E+000  0.39913553E+000  0.60102155E+000  0.91352367E+000  0.10528236E+001  0.15624799E+001  0.34685061E+001  0.50329090E+001  0.86254990E+001  0.13804071E+002
  0.15761770E+000  0.20495242E+000  0.39913553E+000  0.60102155E+000  0.91352367E+000  0.10528236E+001  0.15624798E+001  0.34685060E+001  0.50329078E+001  0.86254987E+001  0.13804071E+002
  0.15761770E+000  0.20495242E+000  0.39913553E+000  0.60102155E+000  0.91352368E+000  0.10528236E+001  0.15624798E+001  0.34685059E+001  0.50329066E+001  0.86254985E+001  0.13804071E+002
  0.15761770E+000  0.20495242E+000  0.39913553E+000  0.60102154E+000  0.91352368E+000  0.10528237E+001  0.15624798E+001  0.34685058E+001  0.50329055E+001  0.86254982E+001  0.13804071E+002
  0.15761770E+000  0.20495242E+000  0.39913553E+000  0.60102154E+000  0.91352368E+000  0.10528237E+001  0.15624798E+001  0.34685056E+001  0.50329044E+001  0.86254980E+001  0.13804071E+002
  0.15761770E+000  0.20495242E+000  0.39913553E+000  0.60102154E+000  0.91352368E+000  0.10528237E+001  0.15624798E+001  0.34685055E+001  0.50329035E+001  0.86254978E+001  0.13804071E+002
  0.15761770E+000  0.20495242E+000  0.39913553E+000  0.60102154E+000  0.91352369E+000  0.10528237E+001  0.15624798E+001  0.34685054E+001  0.50329026E+001  0.86254975E+001  0.13804071E+002
  0.15761770E+000  0.20495242E+000  0.39913554E+000  0.60102154E+000  0.91352369E+000  0.10528237E+001  0.15624798E+001  0.34685054E+001  0.50329017E+001  0.86254973E+001  0.13804071E+002
  0.15761770E+000  0.20495243E+000  0.39913554E+000  0.60102154E+000  0.91352370E+000  0.10528237E+001  0.15624798E+001  0.34685053E+001  0.50329009E+001  0.86254971E+001  0.13804071E+002
  0.15761770E+000  0.20495243E+000  0.39913555E+000  0.60102154E+000  0.91352371E+000  0.10528237E+001  0.15624798E+001  0.34685052E+001  0.50329001E+001  0.86254969E+001  0.13804071E+002
